-1417 2
-1414 1
-1413 6
-1412 4
-1411 9
-1410 12
-1409 15
-1408 29
-1407 74
-1406 76
-1405 95
-1404 138
-1403 139
-1402 209
-1401 258
-1400 251
-1399 277
-1398 290
-1397 279
-1396 288
-1395 325
-1394 299
-1393 385
-1392 326
-1391 358
-1390 326
-1389 358
-1388 357
-1387 334
-1386 330
-1385 357
-1384 374
-1383 424
-1382 458
-1381 480
-1380 484
-1379 511
-1378 507
-1377 502
-1376 489
-1375 549
-1374 511
-1373 564
-1372 549
-1371 537
-1370 517
-1369 515
-1368 533
-1367 473
-1366 478
-1365 469
-1364 505
-1363 445
-1362 511
-1361 504
-1360 569
-1359 564
-1358 492
-1357 521
-1356 581
-1355 631
-1354 667
-1353 673
-1352 693
-1351 729
-1350 785
-1349 870
-1348 853
-1347 880
-1346 959
-1345 903
-1344 930
-1343 930
-1342 929
-1341 1023
-1340 1023
-1339 1053
-1338 1047
-1337 1020
-1336 1109
-1335 1091
-1334 1117
-1333 986
-1332 1032
-1331 991
-1330 1008
-1329 1103
-1328 1049
-1327 1078
-1326 1090
-1325 1121
-1324 1106
-1323 1135
-1322 1052
-1321 1176
-1320 1109
-1319 1107
-1318 1077
-1317 1086
-1316 1083
-1315 1182
-1314 1304
-1313 1208
-1312 1267
-1311 1317
-1310 1388
-1309 1320
-1308 1483
-1307 1533
-1306 1533
-1305 1689
-1304 1613
-1303 1668
-1302 1758
-1301 1794
-1300 1777
-1299 1785
-1298 1868
-1297 1807
-1296 1855
-1295 1851
-1294 1881
-1293 1929
-1292 1935
-1291 1876
-1290 1919
-1289 1972
-1288 2059
-1287 2048
-1286 2071
-1285 2195
-1284 2151
-1283 2176
-1282 2119
-1281 2120
-1280 2154
-1279 2231
-1278 2210
-1277 2197
-1276 2159
-1275 2312
-1274 2263
-1273 2297
-1272 2350
-1271 2446
-1270 2411
-1269 2386
-1268 2526
-1267 2441
-1266 2541
-1265 2617
-1264 2541
-1263 2621
-1262 2651
-1261 2599
-1260 2642
-1259 2660
-1258 2705
-1257 2743
-1256 2805
-1255 2717
-1254 2792
-1253 2773
-1252 2800
-1251 2812
-1250 2781
-1249 2703
-1248 2637
-1247 2769
-1246 2837
-1245 2930
-1244 2870
-1243 2945
-1242 2867
-1241 2913
-1240 2928
-1239 2880
-1238 2871
-1237 2804
-1236 2823
-1235 2797
-1234 2877
-1233 2925
-1232 2828
-1231 2896
-1230 2838
-1229 2729
-1228 2784
-1227 2801
-1226 2792
-1225 2747
-1224 2734
-1223 2767
-1222 2887
-1221 2810
-1220 2854
-1219 2795
-1218 2832
-1217 3039
-1216 2977
-1215 3016
-1214 2987
-1213 2983
-1212 3030
-1211 3098
-1210 3051
-1209 3079
-1208 3180
-1207 3142
-1206 3157
-1205 3164
-1204 3171
-1203 3253
-1202 3235
-1201 3228
-1200 3230
-1199 3238
-1198 3172
-1197 3183
-1196 3197
-1195 3254
-1194 3250
-1193 3301
-1192 3357
-1191 3139
-1190 3315
-1189 3302
-1188 3218
-1187 3308
-1186 3084
-1185 3192
-1184 3282
-1183 3304
-1182 3313
-1181 3399
-1180 3351
-1179 3532
-1178 3429
-1177 3387
-1176 3467
-1175 3321
-1174 3579
-1173 3471
-1172 3530
-1171 3456
-1170 3572
-1169 3676
-1168 3583
-1167 3562
-1166 3672
-1165 3642
-1164 3631
-1163 3532
-1162 3504
-1161 3424
-1160 3632
-1159 3658
-1158 3627
-1157 3617
-1156 3671
-1155 3548
-1154 3694
-1153 3524
-1152 3629
-1151 3593
-1150 3577
-1149 3652
-1148 3544
-1147 3622
-1146 3777
-1145 3650
-1144 3757
-1143 3731
-1142 3795
-1141 3942
-1140 3988
-1139 4028
-1138 3997
-1137 4148
-1136 4095
-1135 4231
-1134 4236
-1133 4255
-1132 4239
-1131 4307
-1130 4382
-1129 4323
-1128 4413
-1127 4378
-1126 4475
-1125 4502
-1124 4479
-1123 4454
-1122 4334
-1121 4409
-1120 4302
-1119 4482
-1118 4456
-1117 4481
-1116 4587
-1115 4590
-1114 4598
-1113 4600
-1112 4563
-1111 4519
-1110 4585
-1109 4571
-1108 4495
-1107 4590
-1106 4697
-1105 4615
-1104 4805
-1103 4781
-1102 4825
-1101 4947
-1100 4954
-1099 4953
-1098 4926
-1097 4963
-1096 5023
-1095 4984
-1094 4922
-1093 4932
-1092 4921
-1091 4892
-1090 5022
-1089 5007
-1088 5137
-1087 5151
-1086 5367
-1085 5377
-1084 5439
-1083 5441
-1082 5638
-1081 5612
-1080 5731
-1079 5647
-1078 5664
-1077 5617
-1076 5583
-1075 5686
-1074 5646
-1073 5492
-1072 5435
-1071 5370
-1070 5480
-1069 5406
-1068 5466
-1067 5546
-1066 5607
-1065 5405
-1064 5644
-1063 5654
-1062 5615
-1061 5539
-1060 5512
-1059 5616
-1058 5644
-1057 5766
-1056 5593
-1055 5450
-1054 5589
-1053 5415
-1052 5524
-1051 5603
-1050 5698
-1049 5708
-1048 5401
-1047 5601
-1046 5477
-1045 5468
-1044 5595
-1043 5706
-1042 5657
-1041 5532
-1040 5675
-1039 5770
-1038 5547
-1037 5740
-1036 5749
-1035 5867
-1034 5642
-1033 5756
-1032 5872
-1031 5849
-1030 5853
-1029 5854
-1028 5877
-1027 5881
-1026 6073
-1025 5902
-1024 5955
-1023 5896
-1022 6005
-1021 5973
-1020 5887
-1019 5858
-1018 5871
-1017 5687
-1016 5780
-1015 5678
-1014 5827
-1013 5738
-1012 5608
-1011 5620
-1010 5625
-1009 5643
-1008 5860
-1007 5775
-1006 5845
-1005 5783
-1004 5696
-1003 5779
-1002 5689
-1001 5841
-1000 5710
-999 5744
-998 5845
-997 5839
-996 5678
-995 5587
-994 5619
-993 5813
-992 5676
-991 5920
-990 5839
-989 6027
-988 5944
-987 5864
-986 5910
-985 5795
-984 5912
-983 6020
-982 6173
-981 6152
-980 6184
-979 6302
-978 6264
-977 6381
-976 6388
-975 6372
-974 6439
-973 6668
-972 6673
-971 6779
-970 6711
-969 6790
-968 6869
-967 6724
-966 6862
-965 6844
-964 6734
-963 6746
-962 6755
-961 6818
-960 6711
-959 6905
-958 6831
-957 6788
-956 6884
-955 6783
-954 6803
-953 6783
-952 6795
-951 6645
-950 6737
-949 6583
-948 6669
-947 6753
-946 6763
-945 6561
-944 6633
-943 6618
-942 6731
-941 6602
-940 6732
-939 6646
-938 6836
-937 6751
-936 6765
-935 6631
-934 6439
-933 6701
-932 6497
-931 6548
-930 6478
-929 6674
-928 6533
-927 6574
-926 6552
-925 6465
-924 6477
-923 6570
-922 6376
-921 6622
-920 6535
-919 6655
-918 6584
-917 6512
-916 6664
-915 6474
-914 6635
-913 6661
-912 6585
-911 6767
-910 6590
-909 6862
-908 6651
-907 6706
-906 6752
-905 6579
-904 6835
-903 6715
-902 6742
-901 6608
-900 6658
-899 6570
-898 6550
-897 6499
-896 6489
-895 6532
-894 6505
-893 6466
-892 6204
-891 6491
-890 6398
-889 6280
-888 6417
-887 6327
-886 6431
-885 6377
-884 6464
-883 6313
-882 6370
-881 6393
-880 6274
-879 6202
-878 6411
-877 6283
-876 6191
-875 6264
-874 6308
-873 6309
-872 6561
-871 6563
-870 6440
-869 6352
-868 6320
-867 6482
-866 6408
-865 6397
-864 6480
-863 6398
-862 6469
-861 6289
-860 6295
-859 6247
-858 6493
-857 6303
-856 6412
-855 6340
-854 6316
-853 6513
-852 6369
-851 6376
-850 6412
-849 6417
-848 6360
-847 6310
-846 6363
-845 6459
-844 6258
-843 6369
-842 6385
-841 6327
-840 6246
-839 6396
-838 6356
-837 6344
-836 6127
-835 6186
-834 6287
-833 6280
-832 6196
-831 6560
-830 6479
-829 6455
-828 6338
-827 6351
-826 6160
-825 6450
-824 6357
-823 6456
-822 6499
-821 6246
-820 6466
-819 6318
-818 6297
-817 6589
-816 6445
-815 6512
-814 6553
-813 6367
-812 6592
-811 6479
-810 6438
-809 6224
-808 6187
-807 6123
-806 6093
-805 6089
-804 6235
-803 6031
-802 5920
-801 6150
-800 6022
-799 5915
-798 5897
-797 5960
-796 5998
-795 5898
-794 5966
-793 6055
-792 6059
-791 5759
-790 5906
-789 5897
-788 5787
-787 5791
-786 5607
-785 5644
-784 5626
-783 5666
-782 5586
-781 5531
-780 5561
-779 5489
-778 5537
-777 5539
-776 5543
-775 5445
-774 5192
-773 5481
-772 5520
-771 5417
-770 5423
-769 5450
-768 5334
-767 5292
-766 5181
-765 5326
-764 5377
-763 5259
-762 5194
-761 5187
-760 5173
-759 5148
-758 5033
-757 5168
-756 5190
-755 5094
-754 5064
-753 4988
-752 5059
-751 5086
-750 4980
-749 4970
-748 4864
-747 4882
-746 5008
-745 5057
-744 4918
-743 4962
-742 5025
-741 4984
-740 4901
-739 5014
-738 4991
-737 5051
-736 4877
-735 4943
-734 4854
-733 4902
-732 4860
-731 4770
-730 4752
-729 4856
-728 4784
-727 4738
-726 4760
-725 4623
-724 4686
-723 4783
-722 4731
-721 4728
-720 4719
-719 4773
-718 4655
-717 4692
-716 4508
-715 4512
-714 4450
-713 4355
-712 4373
-711 4538
-710 4300
-709 4339
-708 4393
-707 4248
-706 4317
-705 4179
-704 4378
-703 4247
-702 4180
-701 4305
-700 4308
-699 4289
-698 4182
-697 4100
-696 4151
-695 4167
-694 4125
-693 4148
-692 4015
-691 4003
-690 4106
-689 4173
-688 4100
-687 4063
-686 3997
-685 4075
-684 3958
-683 3913
-682 3966
-681 4030
-680 4084
-679 4011
-678 3948
-677 3913
-676 4037
-675 4025
-674 4007
-673 3825
-672 3913
-671 3890
-670 3775
-669 3783
-668 3920
-667 3853
-666 3590
-665 3595
-664 3587
-663 3693
-662 3632
-661 3596
-660 3595
-659 3555
-658 3605
-657 3639
-656 3440
-655 3622
-654 3476
-653 3550
-652 3709
-651 3583
-650 3495
-649 3515
-648 3515
-647 3555
-646 3548
-645 3677
-644 3632
-643 3471
-642 3554
-641 3491
-640 3448
-639 3488
-638 3442
-637 3459
-636 3368
-635 3435
-634 3260
-633 3268
-632 3297
-631 3290
-630 3232
-629 3323
-628 3255
-627 3288
-626 3222
-625 3304
-624 3210
-623 3199
-622 3236
-621 3269
-620 3293
-619 3187
-618 3250
-617 2983
-616 3089
-615 3132
-614 3028
-613 3013
-612 3001
-611 3012
-610 2960
-609 2943
-608 2868
-607 2953
-606 2852
-605 2833
-604 2834
-603 2780
-602 2846
-601 2786
-600 2825
-599 2731
-598 2766
-597 2690
-596 2738
-595 2623
-594 2660
-593 2671
-592 2636
-591 2647
-590 2600
-589 2636
-588 2615
-587 2512
-586 2518
-585 2644
-584 2668
-583 2495
-582 2542
-581 2479
-580 2477
-579 2493
-578 2416
-577 2461
-576 2499
-575 2420
-574 2467
-573 2322
-572 2467
-571 2317
-570 2414
-569 2347
-568 2359
-567 2347
-566 2336
-565 2229
-564 2317
-563 2299
-562 2221
-561 2195
-560 2181
-559 2218
-558 2208
-557 2145
-556 2260
-555 2190
-554 2222
-553 2159
-552 2181
-551 2272
-550 2167
-549 2096
-548 2143
-547 2089
-546 2107
-545 2055
-544 2021
-543 2095
-542 2050
-541 2038
-540 2061
-539 2062
-538 1974
-537 2004
-536 1987
-535 1983
-534 1994
-533 1884
-532 1885
-531 1821
-530 1946
-529 1851
-528 1905
-527 1841
-526 1782
-525 1737
-524 1807
-523 1769
-522 1797
-521 1778
-520 1784
-519 1685
-518 1804
-517 1689
-516 1775
-515 1709
-514 1656
-513 1704
-512 1773
-511 1666
-510 1690
-509 1631
-508 1615
-507 1669
-506 1690
-505 1618
-504 1658
-503 1569
-502 1579
-501 1581
-500 1536
-499 1553
-498 1589
-497 1549
-496 1589
-495 1426
-494 1548
-493 1507
-492 1539
-491 1527
-490 1514
-489 1500
-488 1543
-487 1437
-486 1489
-485 1462
-484 1488
-483 1508
-482 1420
-481 1475
-480 1469
-479 1426
-478 1448
-477 1400
-476 1374
-475 1460
-474 1341
-473 1427
-472 1383
-471 1424
-470 1364
-469 1402
-468 1360
-467 1415
-466 1350
-465 1313
-464 1268
-463 1297
-462 1245
-461 1326
-460 1326
-459 1263
-458 1327
-457 1311
-456 1226
-455 1233
-454 1324
-453 1283
-452 1251
-451 1208
-450 1271
-449 1234
-448 1293
-447 1224
-446 1269
-445 1260
-444 1227
-443 1193
-442 1190
-441 1237
-440 1240
-439 1184
-438 1193
-437 1256
-436 1185
-435 1134
-434 1155
-433 1223
-432 1182
-431 1207
-430 1148
-429 1134
-428 1098
-427 1168
-426 1161
-425 1141
-424 1121
-423 1126
-422 1084
-421 1098
-420 1099
-419 1127
-418 1035
-417 1105
-416 1138
-415 1083
-414 1092
-413 1089
-412 1118
-411 1074
-410 1078
-409 1089
-408 1086
-407 1104
-406 1106
-405 1043
-404 1049
-403 1001
-402 1058
-401 1064
-400 1068
-399 1030
-398 1043
-397 992
-396 1025
-395 965
-394 1009
-393 911
-392 965
-391 944
-390 977
-389 1017
-388 954
-387 980
-386 992
-385 997
-384 911
-383 908
-382 992
-381 924
-380 997
-379 965
-378 925
-377 895
-376 909
-375 910
-374 934
-373 870
-372 909
-371 910
-370 920
-369 848
-368 881
-367 974
-366 895
-365 866
-364 866
-363 814
-362 829
-361 847
-360 816
-359 818
-358 873
-357 844
-356 808
-355 823
-354 790
-353 838
-352 791
-351 832
-350 764
-349 799
-348 765
-347 871
-346 818
-345 744
-344 751
-343 744
-342 786
-341 794
-340 748
-339 761
-338 757
-337 765
-336 785
-335 753
-334 707
-333 718
-332 792
-331 728
-330 689
-329 769
-328 756
-327 725
-326 719
-325 730
-324 686
-323 740
-322 669
-321 690
-320 681
-319 707
-318 693
-317 703
-316 682
-315 675
-314 645
-313 677
-312 702
-311 660
-310 653
-309 621
-308 677
-307 609
-306 676
-305 645
-304 585
-303 657
-302 642
-301 661
-300 642
-299 629
-298 626
-297 681
-296 646
-295 620
-294 637
-293 651
-292 587
-291 603
-290 591
-289 594
-288 648
-287 601
-286 588
-285 628
-284 587
-283 608
-282 588
-281 618
-280 579
-279 580
-278 604
-277 595
-276 617
-275 539
-274 586
-273 561
-272 532
-271 615
-270 552
-269 568
-268 585
-267 554
-266 576
-265 564
-264 573
-263 558
-262 531
-261 553
-260 587
-259 539
-258 538
-257 533
-256 559
-255 511
-254 555
-253 524
-252 556
-251 510
-250 545
-249 530
-248 511
-247 536
-246 542
-245 497
-244 514
-243 488
-242 526
-241 526
-240 498
-239 491
-238 489
-237 530
-236 508
-235 489
-234 529
-233 484
-232 484
-231 497
-230 462
-229 476
-228 453
-227 452
-226 442
-225 455
-224 440
-223 468
-222 439
-221 478
-220 451
-219 438
-218 481
-217 457
-216 427
-215 401
-214 463
-213 449
-212 455
-211 456
-210 459
-209 475
-208 462
-207 428
-206 450
-205 439
-204 429
-203 436
-202 434
-201 460
-200 455
-199 451
-198 442
-197 427
-196 395
-195 411
-194 435
-193 415
-192 407
-191 416
-190 435
-189 399
-188 430
-187 417
-186 434
-185 389
-184 376
-183 418
-182 382
-181 371
-180 383
-179 409
-178 380
-177 385
-176 394
-175 356
-174 401
-173 358
-172 372
-171 397
-170 388
-169 389
-168 350
-167 341
-166 358
-165 356
-164 376
-163 362
-162 377
-161 343
-160 344
-159 337
-158 351
-157 325
-156 307
-155 357
-154 330
-153 369
-152 360
-151 366
-150 325
-149 345
-148 329
-147 344
-146 343
-145 322
-144 284
-143 307
-142 324
-141 335
-140 283
-139 310
-138 327
-137 290
-136 298
-135 337
-134 302
-133 279
-132 291
-131 306
-130 319
-129 304
-128 285
-127 301
-126 324
-125 317
-124 300
-123 297
-122 260
-121 289
-120 284
-119 337
-118 288
-117 293
-116 278
-115 286
-114 278
-113 286
-112 273
-111 271
-110 291
-109 295
-108 286
-107 243
-106 249
-105 258
-104 254
-103 261
-102 265
-101 244
-100 239
-99 285
-98 250
-97 257
-96 267
-95 245
-94 259
-93 261
-92 241
-91 275
-90 260
-89 248
-88 273
-87 251
-86 271
-85 222
-84 253
-83 261
-82 262
-81 248
-80 240
-79 218
-78 237
-77 232
-76 216
-75 226
-74 236
-73 204
-72 215
-71 233
-70 248
-69 246
-68 225
-67 208
-66 198
-65 208
-64 227
-63 185
-62 212
-61 217
-60 209
-59 216
-58 220
-57 193
-56 214
-55 199
-54 233
-53 223
-52 204
-51 219
-50 203
-49 205
-48 246
-47 200
-46 208
-45 184
-44 216
-43 189
-42 230
-41 196
-40 175
-39 187
-38 179
-37 202
-36 191
-35 226
-34 184
-33 190
-32 206
-31 192
-30 170
-29 198
-28 205
-27 183
-26 177
-25 196
-24 160
-23 186
-22 174
-21 177
-20 167
-19 184
-18 155
-17 167
-16 173
-15 182
-14 160
-13 175
-12 186
-11 168
-10 160
-9 169
-8 165
-7 152
-6 151
-5 187
-4 160
-3 184
-2 160
-1 158
0 189
1 153
2 167
3 134
4 161
5 165
6 171
7 166
8 131
9 149
10 137
11 148
12 142
13 142
14 156
15 153
16 158
17 161
18 128
19 131
20 129
21 138
22 142
23 139
24 141
25 120
26 136
27 146
28 147
29 152
30 123
31 141
32 100
33 115
34 141
35 140
36 119
37 135
38 130
39 124
40 123
41 128
42 129
43 125
44 134
45 114
46 120
47 129
48 123
49 121
50 106
51 121
52 104
53 113
54 123
55 93
56 112
57 110
58 109
59 121
60 92
61 118
62 104
63 102
64 103
65 119
66 103
67 104
68 116
69 112
70 121
71 107
72 101
73 91
74 117
75 104
76 95
77 100
78 87
79 81
80 88
81 83
82 96
83 104
84 100
85 99
86 92
87 118
88 85
89 93
90 88
91 94
92 79
93 97
94 91
95 89
96 87
97 93
98 95
99 101
100 93
101 72
102 69
103 81
104 79
105 83
106 84
107 70
108 66
109 74
110 84
111 84
112 75
113 93
114 83
115 61
116 87
117 91
118 84
119 79
120 77
121 71
122 70
123 84
124 76
125 76
126 71
127 71
128 67
129 82
130 70
131 72
132 70
133 69
134 65
135 71
136 76
137 66
138 63
139 83
140 59
141 48
142 65
143 59
144 81
145 65
146 71
147 71
148 56
149 65
150 69
151 68
152 57
153 86
154 53
155 68
156 51
157 49
158 73
159 44
160 68
161 53
162 52
163 55
164 58
165 58
166 57
167 57
168 59
169 41
170 54
171 40
172 70
173 56
174 48
175 67
176 55
177 55
178 50
179 48
180 53
181 74
182 48
183 48
184 49
185 46
186 55
187 45
188 50
189 43
190 43
191 52
192 63
193 51
194 46
195 59
196 49
197 56
198 48
199 39
200 49
201 33
202 38
203 38
204 56
205 51
206 57
207 38
208 48
209 42
210 40
211 41
212 41
213 43
214 47
215 34
216 38
217 39
218 46
219 39
220 52
221 46
222 33
223 28
224 53
225 44
226 44
227 33
228 33
229 43
230 41
231 37
232 29
233 31
234 36
235 40
236 39
237 27
238 44
239 26
240 40
241 27
242 31
243 31
244 43
245 31
246 34
247 36
248 33
249 30
250 32
251 27
252 33
253 42
254 30
255 40
256 32
257 27
258 33
259 35
260 34
261 43
262 33
263 30
264 33
265 27
266 21
267 29
268 37
269 31
270 35
271 23
272 29
273 27
274 33
275 25
276 23
277 31
278 23
279 30
280 30
281 26
282 32
283 36
284 28
285 27
286 33
287 22
288 31
289 28
290 33
291 18
292 21
293 22
294 30
295 26
296 21
297 24
298 34
299 30
300 33
301 27
302 33
303 25
304 28
305 23
306 22
307 19
308 24
309 26
310 36
311 24
312 32
313 22
314 19
315 25
316 15
317 22
318 15
319 19
320 25
321 31
322 27
323 23
324 23
325 26
326 14
327 24
328 28
329 24
330 19
331 24
332 17
333 25
334 25
335 16
336 22
337 22
338 18
339 24
340 24
341 23
342 21
343 25
344 14
345 20
346 13
347 21
348 11
349 19
350 14
351 23
352 18
353 18
354 16
355 15
356 22
357 19
358 20
359 10
360 11
361 21
362 20
363 22
364 14
365 19
366 20
367 20
368 16
369 8
370 19
371 25
372 21
373 13
374 23
375 21
376 20
377 12
378 21
379 18
380 20
381 14
382 25
383 16
384 20
385 12
386 12
387 19
388 18
389 18
390 14
391 21
392 12
393 18
394 15
395 7
396 11
397 21
398 15
399 17
400 19
401 14
402 15
403 19
404 14
405 15
406 14
407 11
408 20
409 10
410 13
411 9
412 19
413 16
414 16
415 13
416 11
417 8
418 9
419 15
420 10
421 19
422 13
423 12
424 16
425 18
426 9
427 9
428 14
429 10
430 15
431 18
432 10
433 12
434 11
435 8
436 23
437 19
438 10
439 14
440 14
441 15
442 16
443 7
444 9
445 14
446 9
447 10
448 13
449 14
450 10
451 6
452 13
453 11
454 14
455 18
456 9
457 12
458 19
459 9
460 7
461 10
462 12
463 7
464 12
465 9
466 14
467 13
468 4
469 11
470 12
471 10
472 10
473 9
474 6
475 9
476 4
477 4
478 9
479 8
480 15
481 15
482 14
483 12
484 9
485 12
486 10
487 12
488 16
489 13
490 7
491 13
492 6
493 6
494 7
495 12
496 12
497 7
498 15
499 9
500 7
501 9
502 13
503 8
504 11
505 12
506 12
507 9
508 12
509 10
510 14
511 9
512 9
513 11
514 7
515 10
516 11
517 6
518 14
519 14
520 10
521 12
522 11
523 13
524 19
525 17
526 7
527 11
528 14
529 12
530 9
531 13
532 12
533 18
534 18
535 14
536 12
537 16
538 16
539 9
540 11
541 15
542 14
543 13
544 15
545 13
546 14
547 10
548 17
549 11
550 15
551 10
552 11
553 18
554 18
555 15
556 19
557 16
558 15
559 7
560 5
561 12
562 19
563 10
564 16
565 16
566 15
567 16
568 7
569 11
570 18
571 12
572 13
573 15
574 12
575 11
576 18
577 13
578 12
579 9
580 8
581 16
582 9
583 15
584 13
585 13
586 11
587 15
588 17
589 20
590 15
591 11
592 11
593 14
594 10
595 15
596 12
597 16
598 13
599 8
600 12
601 15
602 4
603 5
604 21
605 17
606 12
607 13
608 11
609 15
610 15
611 11
612 14
613 19
614 13
615 17
616 10
617 7
618 12
619 16
620 13
621 19
622 11
623 9
624 24
625 19
626 21
627 13
628 14
629 13
630 27
631 18
632 15
633 10
634 19
635 24
636 24
637 18
638 27
639 16
640 21
641 20
642 17
643 14
644 14
645 17
646 13
647 13
648 20
649 17
650 21
651 19
652 17
653 13
654 23
655 17
656 26
657 17
658 16
659 9
660 22
661 16
662 12
663 17
664 20
665 14
666 15
667 20
668 21
669 11
670 15
671 17
672 23
673 15
674 13
675 19
676 14
677 13
678 13
679 31
680 24
681 22
682 14
683 22
684 17
685 22
686 20
687 12
688 19
689 23
690 17
691 18
692 13
693 17
694 21
695 18
696 10
697 18
698 15
699 19
700 18
701 13
702 20
703 16
704 20
705 19
706 19
707 19
708 17
709 16
710 18
711 15
712 21
713 17
714 16
715 19
716 21
717 12
718 18
719 14
720 13
721 16
722 8
723 13
724 17
725 18
726 12
727 7
728 12
729 11
730 18
731 22
732 10
733 13
734 16
735 20
736 12
737 14
738 19
739 17
740 16
741 12
742 15
743 19
744 7
745 9
746 8
747 11
748 14
749 10
750 18
751 17
752 13
753 13
754 16
755 14
756 10
757 17
758 10
759 8
760 19
761 13
762 21
763 13
764 11
765 12
766 10
767 16
768 12
769 13
770 12
771 11
772 13
773 18
774 20
775 18
776 10
777 9
778 25
779 12
780 12
781 11
782 14
783 17
784 10
785 7
786 5
787 10
788 11
789 11
790 9
791 14
792 14
793 15
794 15
795 8
796 9
797 9
798 7
799 13
800 15
801 14
802 10
803 10
804 8
805 6
806 10
807 7
808 11
809 9
810 18
811 11
812 12
813 9
814 15
815 11
816 10
817 8
818 14
819 17
820 11
821 9
822 4
823 2
824 6
825 13
826 9
827 8
828 15
829 7
830 18
831 8
832 9
833 15
834 6
835 8
836 9
837 15
838 9
839 7
840 11
841 9
842 6
843 6
844 10
845 8
846 7
847 9
848 7
849 8
850 6
851 15
852 8
853 7
854 10
855 10
856 7
857 9
858 9
859 8
860 3
861 4
862 6
863 5
864 12
865 7
866 11
867 5
868 12
869 8
870 11
871 6
872 7
873 10
874 12
875 9
876 2
877 7
878 7
879 4
880 6
881 3
882 6
883 6
884 3
885 5
886 9
887 4
888 7
889 7
890 4
891 6
892 8
893 7
894 1
895 7
896 3
897 5
898 10
899 5
900 3
901 12
902 3
903 3
904 3
905 8
906 7
907 8
908 8
909 4
910 3
912 6
913 4
914 9
915 7
916 10
917 5
918 8
919 5
920 8
921 4
922 3
923 5
924 3
925 3
926 3
927 7
928 2
929 3
930 4
931 6
932 8
933 3
934 6
935 2
936 5
937 4
938 1
939 1
940 2
941 6
942 1
943 2
944 3
945 3
946 2
947 2
948 1
949 3
950 4
951 6
952 4
953 1
954 2
955 2
956 3
957 4
958 4
959 4
960 2
961 6
962 2
963 2
964 4
965 5
966 3
967 1
969 5
970 6
971 2
972 2
973 6
975 2
976 5
977 5
978 4
979 1
980 1
981 3
982 3
983 5
984 2
985 3
986 5
987 2
989 2
990 2
991 1
992 2
993 5
994 1
995 5
996 1
997 4
998 3
999 4
1000 1
1002 3
1003 1
1004 1
1005 2
1006 1
1007 1
1008 2
1009 4
1010 1
1011 3
1012 2
1014 3
1015 2
1016 3
1017 1
1018 2
1019 2
1020 3
1021 2
1022 3
1023 1
1025 1
1026 2
1028 4
1030 3
1031 2
1032 3
1033 1
1034 3
1035 2
1038 2
1039 2
1040 4
1041 3
1043 4
1044 2
1045 1
1046 1
1048 1
1049 1
1050 1
1051 1
1052 1
1053 1
1054 1
1055 2
1057 3
1059 3
1060 2
1061 1
1063 1
1064 4
1065 1
1067 1
1069 1
1070 2
1071 2
1072 1
1076 1
1078 1
1079 1
1081 1
1082 1
1083 1
1085 1
1086 1
1089 1
1095 1
1103 1
1104 1
1106 2
1108 2
1110 2
1111 1
1112 1
1113 2
1114 2
1115 1
1117 2
1118 2
1120 2
1123 1
1124 1
1126 1
1134 1
1138 1
1139 1
1141 1
1142 1
1146 1
1147 1
1148 1
1149 1
1154 1
1157 1
1158 2
1159 1
1161 1
1162 1
1171 1
1172 1
1174 1
1176 1
1180 1
1181 1
1185 1
1186 1
1190 1
1202 2
1204 1
1207 1
1208 1
1211 1
1218 1
1227 1
1243 1
1257 1
1264 1
1267 1
1323 1
1330 1
1417 1
