67 14
68 301
69 1062
70 1515
71 1706
72 1387
73 1420
74 1307
75 1612
76 2685
77 3860
78 4670
79 5039
80 5434
81 5551
82 5321
83 5197
84 4891
85 5007
86 4935
87 4836
88 5089
89 5531
90 6451
91 7070
92 7254
93 7636
94 7407
95 7163
96 7145
97 7583
98 7801
99 8647
100 9475
101 10678
102 10899
103 11094
104 11425
105 11395
106 11792
107 12160
108 11789
109 12745
110 12940
111 13286
112 13744
113 14250
114 14748
115 14985
116 15744
117 16354
118 17261
119 17974
120 17477
121 17641
122 17677
123 17136
124 16565
125 16262
126 16226
127 16912
128 17264
129 17850
130 18707
131 19122
132 19149
133 19383
134 19496
135 19501
136 19249
137 19540
138 19879
139 20817
140 20781
141 20680
142 20713
143 20488
144 20686
145 20690
146 20929
147 20522
148 19903
149 19250
150 19088
151 19055
152 19172
153 19344
154 19046
155 19625
156 19299
157 18907
158 18870
159 18650
160 19019
161 19387
162 19695
163 19652
164 19468
165 19154
166 18866
167 18884
168 18665
169 18702
170 18287
171 17927
172 17959
173 17856
174 17943
175 17912
176 17790
177 17876
178 17948
179 18076
180 18322
181 18148
182 18171
183 17996
184 17937
185 17616
186 17170
187 17287
188 17027
189 16864
190 16823
191 16626
192 16512
193 16408
194 16848
195 16910
196 16960
197 16827
198 16864
199 16935
200 16545
201 16730
202 16691
203 16760
204 16953
205 17072
206 16694
207 16570
208 16220
209 16091
210 15751
211 15212
212 15034
213 14778
214 14702
215 14583
216 14569
217 14716
218 14353
219 13883
220 14063
221 13753
222 13743
223 13449
224 13367
225 13108
226 12869
227 12672
228 12575
229 12645
230 12294
231 12114
232 11933
233 11916
234 11884
235 11589
236 11745
237 11740
238 11506
239 11408
240 11162
241 11394
242 11180
243 11171
244 11201
245 10946
246 10843
247 10844
248 10563
249 10564
250 10140
251 10383
252 10311
253 10009
254 10183
255 10076
256 9957
257 10067
258 9834
259 10076
260 9980
261 9661
262 9868
263 9784
264 9600
265 9361
266 9330
267 9274
268 9067
269 9112
270 8834
271 8891
272 8876
273 8819
274 8739
275 8562
276 8457
277 8351
278 8181
279 8442
280 8116
281 8426
282 8301
283 8103
284 8160
285 8070
286 7914
287 7869
288 7747
289 7750
290 7718
291 7767
292 7784
293 7946
294 7698
295 7504
296 7506
297 7344
298 7429
299 7369
300 7282
301 7302
302 7266
303 7181
304 7353
305 6967
306 7045
307 7065
308 6776
309 6942
310 6738
311 6717
312 6762
313 6779
314 6619
315 6654
316 6758
317 6383
318 6401
319 6520
320 6555
321 6162
322 6130
323 6167
324 6063
325 6123
326 6038
327 5879
328 5855
329 5887
330 5829
331 5649
332 5828
333 5579
334 5792
335 5483
336 5656
337 5473
338 5480
339 5394
340 5398
341 5377
342 5335
343 5254
344 5230
345 5246
346 5230
347 5254
348 5096
349 5061
350 5104
351 4930
352 4866
353 4694
354 4710
355 4660
356 4670
357 4648
358 4590
359 4500
360 4600
361 4532
362 4394
363 4301
364 4416
365 4381
366 4305
367 4264
368 4091
369 4104
370 4181
371 3973
372 4037
373 3952
374 3885
375 3805
376 3883
377 3835
378 3745
379 3790
380 3675
381 3604
382 3632
383 3582
384 3582
385 3427
386 3457
387 3356
388 3449
389 3362
390 3255
391 3384
392 3204
393 3246
394 3251
395 3200
396 3120
397 3149
398 3153
399 3170
400 3022
401 3042
402 2961
403 2998
404 2991
405 3001
406 2944
407 2999
408 2867
409 3009
410 2913
411 2928
412 2815
413 2873
414 2878
415 2754
416 2778
417 2853
418 2802
419 2759
420 2743
421 2640
422 2649
423 2656
424 2627
425 2666
426 2616
427 2610
428 2515
429 2581
430 2566
431 2432
432 2498
433 2507
434 2508
435 2496
436 2420
437 2422
438 2429
439 2441
440 2372
441 2277
442 2320
443 2357
444 2412
445 2235
446 2233
447 2302
448 2276
449 2310
450 2265
451 2284
452 2251
453 2210
454 2146
455 2158
456 2126
457 2134
458 2050
459 2156
460 2049
461 2026
462 2034
463 1961
464 1979
465 2050
466 1902
467 1912
468 1984
469 1881
470 1885
471 1849
472 1795
473 1883
474 1819
475 1741
476 1778
477 1708
478 1712
479 1671
480 1724
481 1695
482 1642
483 1712
484 1627
485 1639
486 1550
487 1582
488 1582
489 1597
490 1616
491 1624
492 1534
493 1540
494 1551
495 1496
496 1560
497 1494
498 1544
499 1509
500 1429
501 1438
502 1463
503 1375
504 1433
505 1460
506 1385
507 1461
508 1352
509 1417
510 1444
511 1259
512 1319
513 1314
514 1328
515 1278
516 1294
517 1321
518 1270
519 1329
520 1301
521 1281
522 1226
523 1193
524 1306
525 1220
526 1170
527 1241
528 1147
529 1167
530 1226
531 1239
532 1225
533 1149
534 1155
535 1193
536 1146
537 1159
538 1198
539 1154
540 1100
541 1155
542 1126
543 1075
544 1094
545 1063
546 1063
547 1074
548 1085
549 1026
550 1062
551 1098
552 1032
553 1050
554 1109
555 1094
556 1028
557 1029
558 1025
559 1023
560 1002
561 997
562 1021
563 972
564 980
565 998
566 956
567 972
568 995
569 986
570 949
571 900
572 964
573 919
574 931
575 869
576 952
577 869
578 906
579 895
580 912
581 903
582 871
583 870
584 818
585 845
586 811
587 819
588 783
589 828
590 855
591 815
592 878
593 845
594 806
595 813
596 826
597 805
598 926
599 758
600 867
601 872
602 811
603 820
604 790
605 821
606 788
607 745
608 790
609 764
610 749
611 730
612 743
613 789
614 692
615 729
616 731
617 713
618 715
619 681
620 697
621 668
622 691
623 648
624 669
625 678
626 682
627 671
628 687
629 664
630 695
631 628
632 599
633 630
634 668
635 617
636 612
637 653
638 604
639 619
640 604
641 589
642 590
643 592
644 575
645 650
646 560
647 535
648 560
649 585
650 603
651 580
652 564
653 525
654 542
655 525
656 545
657 517
658 534
659 537
660 565
661 480
662 561
663 549
664 522
665 552
666 508
667 492
668 537
669 521
670 538
671 495
672 487
673 485
674 484
675 506
676 487
677 488
678 490
679 455
680 467
681 456
682 465
683 504
684 462
685 420
686 463
687 465
688 468
689 442
690 446
691 423
692 405
693 438
694 439
695 427
696 448
697 394
698 432
699 446
700 408
701 406
702 408
703 371
704 393
705 374
706 392
707 401
708 403
709 374
710 394
711 388
712 409
713 349
714 431
715 382
716 373
717 360
718 389
719 368
720 365
721 366
722 398
723 347
724 354
725 375
726 343
727 317
728 360
729 353
730 358
731 337
732 329
733 340
734 356
735 336
736 316
737 335
738 347
739 307
740 344
741 350
742 384
743 326
744 335
745 329
746 299
747 322
748 344
749 344
750 312
751 323
752 281
753 318
754 309
755 292
756 294
757 298
758 298
759 318
760 252
761 327
762 287
763 268
764 304
765 303
766 289
767 280
768 283
769 269
770 319
771 284
772 275
773 262
774 280
775 264
776 280
777 281
778 279
779 303
780 256
781 270
782 262
783 246
784 258
785 268
786 278
787 293
788 289
789 280
790 269
791 257
792 263
793 272
794 261
795 232
796 254
797 241
798 241
799 255
800 256
801 276
802 250
803 226
804 227
805 217
806 285
807 231
808 222
809 221
810 245
811 207
812 233
813 212
814 215
815 224
816 235
817 226
818 222
819 213
820 243
821 233
822 237
823 209
824 219
825 212
826 227
827 230
828 245
829 224
830 212
831 199
832 193
833 195
834 172
835 207
836 196
837 211
838 221
839 208
840 193
841 206
842 200
843 188
844 195
845 181
846 188
847 197
848 209
849 185
850 186
851 179
852 205
853 220
854 187
855 207
856 212
857 195
858 175
859 189
860 177
861 182
862 164
863 191
864 189
865 184
866 187
867 187
868 171
869 174
870 176
871 174
872 161
873 170
874 171
875 167
876 176
877 177
878 156
879 153
880 139
881 165
882 144
883 147
884 168
885 152
886 131
887 127
888 164
889 179
890 173
891 158
892 145
893 158
894 153
895 144
896 143
897 123
898 150
899 168
900 119
901 154
902 132
903 154
904 142
905 150
906 148
907 138
908 149
909 147
910 128
911 157
912 141
913 143
914 141
915 125
916 129
917 161
918 140
919 127
920 133
921 147
922 103
923 128
924 148
925 124
926 142
927 142
928 128
929 131
930 110
931 138
932 133
933 107
934 122
935 145
936 141
937 119
938 131
939 100
940 135
941 117
942 116
943 115
944 126
945 114
946 129
947 130
948 113
949 132
950 102
951 120
952 138
953 119
954 120
955 118
956 123
957 119
958 108
959 138
960 128
961 134
962 99
963 131
964 133
965 128
966 107
967 119
968 112
969 128
970 138
971 155
972 116
973 114
974 129
975 102
976 109
977 98
978 108
979 110
980 110
981 103
982 113
983 114
984 99
985 115
986 95
987 105
988 96
989 93
990 98
991 86
992 94
993 95
994 110
995 99
996 94
997 101
998 99
999 83
1000 113
1001 97
1002 95
1003 111
1004 96
1005 69
1006 90
1007 125
1008 85
1009 97
1010 96
1011 99
1012 81
1013 101
1014 93
1015 89
1016 82
1017 100
1018 95
1019 86
1020 78
1021 92
1022 94
1023 86
1024 91
1025 87
1026 94
1027 80
1028 106
1029 87
1030 76
1031 90
1032 83
1033 85
1034 72
1035 79
1036 91
1037 73
1038 80
1039 75
1040 82
1041 83
1042 77
1043 82
1044 76
1045 76
1046 92
1047 78
1048 81
1049 66
1050 81
1051 74
1052 84
1053 76
1054 78
1055 91
1056 71
1057 83
1058 74
1059 72
1060 57
1061 72
1062 69
1063 66
1064 88
1065 83
1066 77
1067 56
1068 63
1069 82
1070 73
1071 57
1072 73
1073 72
1074 62
1075 62
1076 73
1077 71
1078 66
1079 69
1080 63
1081 72
1082 83
1083 66
1084 75
1085 61
1086 68
1087 82
1088 72
1089 68
1090 61
1091 77
1092 56
1093 69
1094 70
1095 64
1096 50
1097 68
1098 63
1099 59
1100 74
1101 75
1102 54
1103 62
1104 74
1105 67
1106 71
1107 52
1108 66
1109 64
1110 65
1111 57
1112 54
1113 68
1114 57
1115 52
1116 72
1117 61
1118 55
1119 53
1120 51
1121 58
1122 56
1123 61
1124 60
1125 58
1126 52
1127 66
1128 62
1129 54
1130 53
1131 45
1132 47
1133 42
1134 51
1135 56
1136 48
1137 61
1138 55
1139 60
1140 50
1141 51
1142 48
1143 64
1144 50
1145 57
1146 53
1147 44
1148 51
1149 60
1150 37
1151 50
1152 66
1153 39
1154 61
1155 54
1156 48
1157 46
1158 49
1159 49
1160 56
1161 57
1162 50
1163 38
1164 39
1165 50
1166 55
1167 55
1168 43
1169 46
1170 50
1171 49
1172 49
1173 40
1174 46
1175 49
1176 37
1177 58
1178 23
1179 37
1180 39
1181 43
1182 52
1183 36
1184 49
1185 50
1186 51
1187 40
1188 48
1189 45
1190 37
1191 44
1192 37
1193 40
1194 41
1195 55
1196 32
1197 38
1198 40
1199 40
1200 47
1201 61
1202 38
1203 37
1204 44
1205 43
1206 40
1207 35
1208 40
1209 45
1210 44
1211 38
1212 52
1213 35
1214 38
1215 35
1216 47
1217 35
1218 33
1219 34
1220 36
1221 31
1222 49
1223 48
1224 36
1225 37
1226 35
1227 37
1228 42
1229 42
1230 28
1231 47
1232 33
1233 40
1234 33
1235 35
1236 39
1237 48
1238 33
1239 36
1240 35
1241 31
1242 36
1243 33
1244 36
1245 28
1246 38
1247 40
1248 45
1249 33
1250 34
1251 34
1252 31
1253 37
1254 37
1255 28
1256 31
1257 24
1258 38
1259 41
1260 36
1261 35
1262 35
1263 32
1264 22
1265 35
1266 38
1267 42
1268 33
1269 35
1270 29
1271 30
1272 36
1273 38
1274 29
1275 40
1276 32
1277 18
1278 27
1279 32
1280 28
1281 35
1282 26
1283 31
1284 23
1285 29
1286 29
1287 24
1288 33
1289 41
1290 33
1291 34
1292 37
1293 34
1294 28
1295 29
1296 27
1297 30
1298 36
1299 23
1300 39
1301 30
1302 33
1303 25
1304 23
1305 21
1306 31
1307 28
1308 30
1309 30
1310 27
1311 31
1312 30
1313 25
1314 27
1315 23
1316 27
1317 21
1318 30
1319 22
1320 25
1321 32
1322 36
1323 32
1324 33
1325 24
1326 29
1327 23
1328 23
1329 29
1330 20
1331 35
1332 29
1333 27
1334 26
1335 18
1336 33
1337 30
1338 23
1339 15
1340 19
1341 31
1342 24
1343 24
1344 27
1345 25
1346 21
1347 19
1348 30
1349 22
1350 31
1351 28
1352 26
1353 27
1354 27
1355 27
1356 24
1357 19
1358 33
1359 27
1360 23
1361 24
1362 30
1363 25
1364 19
1365 22
1366 23
1367 29
1368 29
1369 30
1370 25
1371 22
1372 22
1373 21
1374 22
1375 19
1376 17
1377 19
1378 22
1379 20
1380 23
1381 24
1382 32
1383 28
1384 21
1385 21
1386 22
1387 24
1388 27
1389 26
1390 17
1391 24
1392 18
1393 12
1394 18
1395 26
1396 21
1397 20
1398 20
1399 36
1400 11
1401 15
1402 34
1403 20
1404 18
1405 14
1406 23
1407 19
1408 20
1409 19
1410 32
1411 17
1412 16
1413 23
1414 21
1415 19
1416 26
1417 21
1418 19
1419 31
1420 17
1421 16
1422 19
1423 14
1424 19
1425 18
1426 23
1427 20
1428 17
1429 16
1430 13
1431 20
1432 23
1433 14
1434 19
1435 14
1436 15
1437 20
1438 15
1439 16
1440 20
1441 12
1442 14
1443 18
1444 15
1445 19
1446 20
1447 14
1448 11
1449 18
1450 14
1451 15
1452 16
1453 24
1454 21
1455 18
1456 17
1457 17
1458 10
1459 14
1460 21
1461 17
1462 12
1463 24
1464 19
1465 21
1466 12
1467 17
1468 19
1469 17
1470 13
1471 21
1472 13
1473 21
1474 11
1475 20
1476 15
1477 14
1478 24
1479 15
1480 16
1481 14
1482 21
1483 19
1484 20
1485 24
1486 16
1487 22
1488 19
1489 16
1490 17
1491 12
1492 17
1493 15
1494 15
1495 10
1496 10
1497 21
1498 14
1499 17
1500 8
1501 20
1502 20
1503 13
1504 18
1505 13
1506 12
1507 9
1508 21
1509 13
1510 20
1511 18
1512 13
1513 11
1514 12
1515 9
1516 20
1517 22
1518 11
1519 14
1520 8
1521 15
1522 13
1523 12
1524 14
1525 15
1526 17
1527 14
1528 10
1529 12
1530 11
1531 8
1532 18
1533 12
1534 20
1535 13
1536 15
1537 11
1538 8
1539 13
1540 12
1541 12
1542 15
1543 14
1544 16
1545 17
1546 11
1547 9
1548 18
1549 16
1550 9
1551 16
1552 9
1553 13
1554 12
1555 8
1556 6
1557 7
1558 20
1559 11
1560 17
1561 8
1562 10
1563 15
1564 17
1565 12
1566 19
1567 12
1568 17
1569 4
1570 12
1571 11
1572 11
1573 12
1574 14
1575 10
1576 12
1577 15
1578 13
1579 17
1580 17
1581 13
1582 11
1583 17
1584 12
1585 18
1586 13
1587 13
1588 16
1589 15
1590 14
1591 12
1592 18
1593 10
1594 12
1595 13
1596 12
1597 11
1598 8
1599 9
1600 16
1601 12
1602 17
1603 14
1604 10
1605 5
1606 10
1607 6
1608 11
1609 12
1610 14
1611 9
1612 4
1613 10
1614 11
1615 9
1616 15
1617 10
1618 9
1619 13
1620 14
1621 5
1622 10
1623 12
1624 13
1625 11
1626 12
1627 14
1628 14
1629 8
1630 10
1631 6
1632 9
1633 11
1634 10
1635 14
1636 10
1637 15
1638 13
1639 12
1640 7
1641 10
1642 6
1643 13
1644 13
1645 8
1646 5
1647 8
1648 14
1649 12
1650 9
1651 17
1652 10
1653 8
1654 13
1655 9
1656 4
1657 20
1658 10
1659 14
1660 9
1661 11
1662 10
1663 17
1664 13
1665 15
1666 20
1667 10
1668 7
1669 10
1670 8
1671 6
1672 10
1673 8
1674 5
1675 13
1676 10
1677 12
1678 13
1679 13
1680 11
1681 9
1682 19
1683 11
1684 5
1685 12
1686 7
1687 12
1688 12
1689 12
1690 11
1691 11
1692 11
1693 11
1694 14
1695 13
1696 18
1697 7
1698 11
1699 9
1700 13
1701 7
1702 4
1703 11
1704 11
1705 8
1706 14
1707 12
1708 5
1709 9
1710 8
1711 8
1712 4
1713 12
1714 8
1715 12
1716 9
1717 6
1718 11
1719 11
1720 11
1721 9
1722 12
1723 10
1724 8
1725 11
1726 15
1727 9
1728 7
1729 7
1730 11
1731 13
1732 5
1733 8
1734 10
1735 12
1736 9
1737 12
1738 12
1739 10
1740 10
1741 6
1742 8
1743 9
1744 7
1745 9
1746 5
1747 9
1748 2
1749 8
1750 11
1751 8
1752 14
1753 7
1754 5
1755 5
1756 8
1757 11
1758 4
1759 5
1760 10
1761 1
1762 8
1763 8
1764 9
1765 15
1766 4
1767 11
1768 9
1769 4
1770 10
1771 8
1772 6
1773 8
1774 9
1775 8
1776 6
1777 7
1778 3
1779 8
1780 5
1781 9
1782 13
1783 5
1784 2
1785 8
1786 5
1787 14
1788 8
1789 8
1790 9
1791 8
1792 8
1793 5
1794 9
1795 9
1796 13
1797 14
1798 7
1799 7
1800 3
1801 9
1802 8
1803 5
1804 9
1805 4
1806 9
1807 5
1808 7
1809 5
1810 6
1811 11
1812 14
1813 7
1814 10
1815 13
1816 6
1817 10
1818 6
1819 5
1820 4
1821 7
1822 11
1823 11
1824 8
1825 8
1826 9
1827 12
1828 7
1829 13
1830 4
1831 9
1832 6
1833 4
1834 9
1835 7
1836 5
1837 9
1838 5
1839 7
1840 7
1841 7
1842 6
1843 8
1844 2
1845 5
1846 12
1847 6
1848 6
1849 8
1850 9
1851 5
1852 9
1853 8
1854 10
1855 6
1856 5
1857 8
1858 4
1859 6
1860 3
1861 7
1862 6
1863 11
1864 6
1865 7
1866 7
1867 8
1868 3
1869 5
1870 3
1871 7
1872 4
1873 2
1874 7
1875 8
1876 6
1877 8
1878 9
1879 3
1880 9
1881 7
1882 5
1883 9
1884 9
1885 5
1886 5
1887 8
1888 8
1889 3
1890 6
1891 3
1892 4
1893 8
1894 6
1895 4
1896 3
1897 9
1898 2
1899 2
1900 3
1901 4
1902 10
1903 8
1904 3
1905 3
1906 9
1907 4
1908 11
1909 9
1910 7
1911 4
1912 8
1913 7
1914 8
1915 8
1916 8
1917 4
1918 2
1919 11
1920 10
1921 3
1922 6
1923 1
1924 7
1925 6
1926 4
1927 7
1928 5
1929 8
1930 6
1931 9
1932 10
1933 8
1934 3
1935 3
1936 5
1937 4
1938 4
1939 6
1940 9
1941 17
1942 6
1943 5
1944 8
1945 7
1946 7
1947 3
1948 4
1949 4
1950 5
1951 5
1952 5
1953 7
1954 9
1955 5
1956 9
1957 4
1958 6
1959 3
1961 3
1962 1
1963 9
1964 1
1965 7
1966 4
1967 7
1968 7
1969 5
1970 5
1971 2
1972 7
1973 9
1974 6
1975 3
1976 6
1977 5
1978 2
1979 2
1980 4
1981 6
1982 5
1983 7
1984 6
1985 5
1986 3
1987 6
1988 5
1989 7
1990 3
1991 5
1992 7
1993 5
1994 1
1995 6
1996 2
1997 3
1998 6
1999 6
2000 3
2001 2
2002 2
2003 2
2004 2
2005 6
2006 4
2007 3
2008 6
2009 10
2010 8
2011 4
2012 5
2013 3
2014 5
2015 7
2016 8
2017 8
2018 7
2019 9
2020 5
2021 4
2022 10
2023 7
2024 2
2025 6
2026 3
2027 2
2028 4
2029 5
2030 4
2031 3
2032 10
2033 6
2034 5
2035 4
2036 7
2037 7
2038 8
2039 4
2040 5
2041 6
2042 10
2044 4
2045 1
2046 7
2047 4
2048 4
2049 2
2050 5
2051 5
2053 2
2054 8
2055 2
2056 5
2057 1
2058 6
2059 5
2060 4
2061 5
2062 5
2063 3
2064 10
2065 1
2066 4
2067 3
2068 7
2069 3
2070 7
2071 8
2072 4
2073 1
2074 7
2075 3
2076 5
2077 7
2078 1
2079 4
2080 4
2081 5
2082 4
2083 3
2084 2
2085 3
2086 8
2087 4
2088 5
2089 3
2090 4
2091 4
2092 3
2093 3
2094 4
2095 6
2096 2
2097 6
2099 5
2100 4
2101 7
2102 4
2103 4
2104 7
2105 5
2106 3
2107 6
2108 10
2109 5
2110 3
2111 6
2112 7
2113 6
2114 6
2115 3
2116 5
2117 5
2118 3
2119 7
2120 6
2121 4
2122 3
2123 4
2124 3
2125 6
2126 6
2127 5
2128 6
2129 4
2130 7
2131 9
2132 6
2133 6
2134 2
2135 5
2136 7
2137 4
2138 8
2139 6
2140 3
2141 10
2142 3
2143 4
2144 3
2145 3
2146 3
2147 5
2148 4
2149 7
2150 5
2151 7
2152 6
2153 5
2154 4
2155 7
2156 6
2157 4
2158 1
2159 3
2160 3
2161 3
2162 5
2163 2
2164 3
2165 2
2166 1
2167 4
2168 4
2169 3
2170 3
2171 2
2172 2
2173 5
2174 5
2175 5
2176 3
2177 2
2178 3
2179 5
2180 8
2181 4
2182 7
2183 4
2184 2
2185 5
2186 4
2187 4
2188 5
2189 5
2190 4
2191 6
2192 2
2193 4
2194 4
2195 5
2196 3
2197 5
2198 4
2199 6
2200 8
2201 4
2202 1
2203 2
2204 3
2205 6
2207 2
2208 5
2209 7
2210 3
2211 9
2212 6
2213 7
2214 9
2215 2
2216 1
2217 1
2218 6
2219 1
2220 5
2221 6
2222 4
2223 3
2224 2
2225 2
2226 3
2227 2
2228 1
2229 3
2230 1
2231 2
2232 5
2233 6
2234 2
2235 8
2236 3
2237 2
2238 6
2239 4
2240 3
2241 4
2242 4
2243 1
2244 1
2245 3
2246 2
2247 3
2248 3
2249 4
2250 4
2251 2
2252 8
2253 5
2254 2
2256 6
2257 8
2258 5
2259 4
2260 1
2261 4
2262 3
2263 2
2264 6
2265 5
2266 9
2267 8
2268 10
2269 1
2270 3
2271 3
2272 1
2273 5
2274 6
2275 4
2276 3
2277 2
2278 4
2279 1
2280 6
2281 4
2282 4
2283 2
2284 3
2286 7
2287 7
2288 2
2289 3
2290 5
2291 3
2292 3
2293 2
2294 4
2295 5
2296 8
2297 5
2298 3
2299 4
2300 5
2301 1
2302 3
2303 4
2304 4
2305 1
2306 4
2307 3
2308 5
2309 5
2310 3
2311 1
2312 4
2313 3
2314 3
2315 4
2316 1
2317 3
2318 3
2319 5
2320 2
2321 4
2322 2
2324 1
2325 2
2327 7
2328 4
2329 5
2330 4
2332 1
2333 2
2334 2
2335 2
2336 4
2337 4
2338 3
2339 5
2340 5
2341 2
2342 3
2343 6
2344 3
2345 3
2346 4
2347 5
2348 6
2349 3
2350 3
2351 5
2352 2
2353 5
2354 6
2355 6
2356 3
2357 2
2358 5
2359 3
2360 3
2361 4
2362 2
2363 1
2364 6
2365 3
2366 4
2367 1
2368 3
2369 7
2370 4
2371 3
2372 6
2373 2
2374 2
2375 3
2376 3
2377 5
2378 4
2379 4
2380 2
2381 3
2382 3
2383 3
2384 2
2385 6
2386 4
2387 5
2388 1
2389 2
2390 3
2391 3
2392 1
2393 3
2394 3
2395 1
2396 4
2397 1
2398 1
2399 3
2400 2
2401 3
2402 2
2403 4
2404 3
2405 7
2406 4
2408 1
2409 4
2410 5
2411 4
2412 7
2413 2
2414 5
2415 3
2416 8
2417 2
2418 2
2419 1
2420 3
2421 5
2422 4
2423 3
2424 5
2425 3
2426 4
2427 2
2428 2
2429 6
2430 2
2431 5
2432 6
2433 2
2434 3
2435 1
2436 1
2437 6
2438 4
2439 4
2440 5
2441 5
2442 6
2443 4
2444 2
2445 5
2447 5
2449 1
2450 4
2451 5
2452 5
2453 3
2454 5
2455 2
2456 1
2457 3
2458 1
2459 3
2460 3
2461 1
2463 4
2464 5
2466 5
2467 3
2468 3
2469 2
2470 6
2471 4
2472 1
2473 3
2474 4
2475 1
2476 4
2477 2
2478 5
2479 1
2480 1
2482 4
2483 4
2484 2
2485 3
2486 2
2487 3
2488 3
2489 3
2490 7
2491 3
2492 1
2493 2
2494 3
2495 1
2496 2
2497 1
2498 5
2499 5
2500 3
2501 4
2502 3
2503 1
2505 1
2507 3
2508 4
2509 2
2510 2
2511 3
2512 3
2513 3
2514 2
2515 4
2516 3
2517 1
2518 2
2519 7
2520 1
2521 1
2522 3
2523 1
2524 1
2525 2
2526 2
2527 3
2529 1
2530 1
2532 3
2533 4
2534 1
2536 5
2537 3
2538 4
2539 4
2540 4
2541 3
2542 3
2543 1
2544 3
2545 1
2546 2
2547 5
2548 2
2549 1
2550 2
2551 2
2552 2
2553 3
2554 4
2555 2
2557 6
2558 2
2559 1
2560 2
2561 5
2562 3
2563 1
2565 4
2566 3
2567 2
2568 2
2569 2
2570 1
2571 3
2572 2
2573 2
2574 3
2575 3
2576 1
2577 1
2578 4
2579 3
2580 1
2581 7
2582 2
2583 1
2584 2
2585 3
2587 1
2588 4
2589 1
2590 7
2591 4
2592 1
2594 3
2595 4
2596 4
2597 6
2598 2
2599 2
2600 1
2601 1
2602 2
2603 3
2605 4
2606 2
2607 3
2608 2
2609 2
2610 1
2611 3
2612 4
2613 1
2614 3
2615 5
2616 2
2617 6
2618 1
2619 3
2620 2
2621 4
2622 2
2624 2
2625 2
2627 1
2628 3
2629 2
2630 4
2631 1
2632 3
2633 4
2634 4
2635 7
2636 1
2637 2
2639 1
2640 5
2641 4
2642 2
2643 3
2645 5
2646 1
2647 5
2648 2
2649 1
2650 1
2651 3
2652 2
2653 2
2654 1
2655 4
2656 2
2657 1
2658 1
2659 3
2660 2
2661 3
2662 6
2664 2
2666 2
2667 2
2668 2
2669 4
2670 1
2671 3
2672 1
2673 1
2674 2
2675 4
2676 1
2677 3
2679 2
2680 3
2681 4
2682 2
2683 2
2685 2
2686 4
2687 2
2688 1
2689 2
2690 3
2691 1
2692 4
2693 4
2694 2
2695 3
2696 2
2697 3
2698 3
2699 4
2701 2
2702 1
2703 1
2704 4
2705 1
2706 3
2707 1
2708 2
2709 3
2710 4
2711 7
2712 2
2713 5
2714 2
2716 1
2717 3
2718 2
2719 3
2720 3
2721 2
2722 4
2724 3
2725 4
2726 2
2728 4
2729 2
2731 1
2732 3
2733 1
2734 3
2735 3
2736 2
2737 2
2738 3
2739 2
2740 2
2741 3
2742 5
2743 1
2744 2
2745 3
2746 2
2747 3
2748 1
2749 3
2750 2
2751 5
2752 1
2753 1
2754 5
2755 3
2756 1
2757 4
2758 1
2759 1
2760 1
2761 3
2762 1
2765 1
2766 3
2767 2
2768 4
2769 6
2770 3
2773 4
2776 3
2777 2
2779 3
2780 3
2782 2
2784 2
2785 7
2786 1
2787 2
2788 4
2789 1
2790 3
2791 2
2792 5
2793 6
2794 1
2795 2
2796 4
2797 3
2798 1
2799 1
2800 1
2801 1
2802 5
2804 3
2805 3
2806 3
2807 2
2808 6
2809 2
2810 1
2811 2
2812 1
2813 2
2814 4
2815 3
2817 1
2818 2
2820 3
2821 2
2822 2
2823 3
2824 2
2825 3
2826 1
2827 3
2828 2
2832 4
2833 1
2835 2
2837 1
2838 3
2839 3
2840 3
2841 2
2842 2
2843 1
2844 1
2845 3
2846 5
2847 2
2848 2
2849 2
2850 3
2851 3
2852 1
2853 2
2854 2
2855 2
2856 2
2857 2
2858 1
2859 1
2860 3
2861 7
2862 2
2863 2
2864 5
2865 2
2866 3
2868 2
2869 1
2871 1
2872 1
2873 2
2874 2
2875 7
2876 1
2877 5
2879 6
2880 1
2881 1
2882 4
2883 3
2884 1
2885 3
2886 4
2887 1
2888 1
2889 1
2890 1
2891 3
2892 2
2893 2
2894 2
2895 1
2896 2
2897 3
2898 4
2899 2
2901 3
2902 1
2903 2
2906 5
2907 2
2908 3
2910 4
2911 2
2912 3
2913 4
2914 4
2915 2
2916 1
2918 3
2919 4
2920 2
2921 3
2922 1
2923 4
2924 3
2925 2
2926 4
2927 2
2928 5
2929 2
2930 2
2931 4
2932 2
2934 2
2935 4
2936 1
2937 3
2938 2
2939 1
2941 3
2942 2
2943 3
2944 3
2945 2
2946 3
2947 6
2948 1
2949 2
2950 4
2951 1
2952 2
2954 1
2955 1
2956 1
2957 1
2958 2
2959 3
2960 3
2962 3
2963 2
2964 1
2965 1
2966 1
2967 3
2968 1
2970 3
2971 3
2972 3
2973 2
2974 2
2975 2
2976 2
2977 1
2978 2
2979 4
2980 4
2981 1
2982 2
2984 2
2985 1
2986 2
2987 2
2988 2
2989 4
2990 1
2992 4
2993 2
2994 3
2995 3
2996 1
2997 2
2998 1
2999 3
3002 2
3003 2
3004 4
3005 1
3006 5
3007 3
3008 1
3009 1
3010 1
3011 3
3013 3
3014 2
3015 1
3017 2
3018 2
3020 3
3021 3
3022 2
3023 1
3024 1
3025 4
3026 2
3027 4
3028 1
3029 4
3030 2
3032 2
3033 2
3034 3
3035 3
3036 3
3037 3
3038 1
3039 3
3040 3
3041 2
3042 2
3043 1
3044 1
3047 3
3048 1
3049 3
3050 3
3051 1
3052 1
3053 2
3054 3
3055 2
3056 7
3057 2
3058 3
3059 4
3060 2
3061 1
3062 2
3063 1
3064 2
3065 2
3066 2
3067 1
3068 1
3070 4
3071 1
3072 3
3073 1
3074 5
3075 1
3076 2
3077 2
3078 1
3079 3
3080 3
3081 2
3083 3
3084 4
3085 1
3086 2
3087 5
3089 2
3091 2
3092 3
3093 4
3094 1
3095 6
3096 1
3097 3
3098 2
3099 1
3100 1
3101 2
3102 2
3103 2
3104 1
3105 2
3107 1
3108 5
3109 5
3110 1
3111 1
3112 1
3113 1
3114 3
3116 6
3118 3
3119 2
3120 3
3121 1
3122 2
3123 4
3127 2
3128 3
3129 3
3130 2
3131 1
3133 3
3134 1
3136 1
3137 3
3138 3
3139 2
3140 1
3141 3
3142 2
3143 6
3145 1
3146 3
3147 5
3148 1
3149 2
3150 5
3151 1
3152 6
3153 2
3154 1
3155 3
3157 3
3158 2
3159 1
3160 3
3161 5
3162 4
3163 2
3164 2
3165 1
3166 1
3167 3
3168 5
3169 1
3170 1
3171 1
3172 1
3173 2
3174 1
3175 4
3176 2
3178 2
3179 3
3180 4
3181 1
3182 4
3183 3
3184 1
3185 1
3188 4
3189 2
3190 3
3191 2
3192 3
3193 3
3194 1
3195 3
3196 3
3197 2
3198 4
3199 1
3200 1
3201 2
3202 2
3203 5
3204 3
3205 3
3206 2
3207 3
3208 1
3209 3
3210 3
3211 1
3212 1
3213 1
3214 2
3215 5
3216 1
3217 3
3218 3
3219 1
3220 2
3221 2
3222 4
3223 2
3224 3
3225 5
3228 1
3229 2
3230 2
3231 3
3232 2
3233 1
3234 1
3235 4
3236 2
3237 3
3238 2
3239 2
3240 2
3241 2
3242 1
3244 2
3245 4
3246 2
3247 3
3248 1
3249 1
3250 1
3251 5
3252 1
3253 4
3254 2
3255 2
3256 2
3259 2
3260 3
3261 2
3262 3
3263 1
3264 4
3265 1
3267 2
3268 1
3269 3
3270 2
3271 4
3272 2
3274 4
3275 1
3276 2
3277 1
3278 1
3279 2
3280 4
3281 1
3282 1
3283 6
3284 3
3285 2
3286 2
3287 2
3288 3
3289 3
3290 2
3291 1
3292 4
3293 2
3294 3
3295 1
3296 1
3297 1
3298 2
3299 2
3300 1
3303 2
3305 3
3306 4
3307 3
3308 3
3309 1
3310 2
3311 2
3312 2
3313 1
3314 2
3315 2
3316 1
3318 3
3319 5
3320 3
3321 3
3322 1
3323 2
3324 1
3325 1
3326 1
3327 2
3328 1
3329 3
3330 1
3331 4
3334 1
3336 2
3337 2
3338 1
3339 2
3340 2
3343 1
3344 3
3345 2
3346 3
3347 2
3348 5
3349 2
3350 2
3351 3
3352 1
3353 1
3354 1
3355 1
3356 3
3357 2
3359 1
3360 3
3361 2
3362 1
3364 5
3368 1
3369 2
3370 2
3371 5
3372 5
3373 4
3374 1
3375 1
3376 3
3377 3
3378 4
3379 3
3380 1
3381 1
3382 2
3383 1
3384 3
3385 2
3386 3
3387 2
3388 5
3389 4
3391 5
3393 1
3394 2
3395 2
3396 2
3397 1
3398 2
3399 5
3400 2
3402 2
3403 1
3404 2
3405 1
3406 1
3407 1
3408 3
3409 2
3410 2
3412 3
3413 2
3414 4
3415 5
3416 2
3417 3
3418 3
3419 4
3420 4
3421 3
3422 3
3424 4
3425 2
3427 3
3428 2
3429 2
3430 2
3433 3
3434 1
3435 1
3436 4
3437 1
3439 2
3440 3
3442 5
3443 2
3444 1
3445 2
3446 3
3447 3
3448 1
3449 1
3450 3
3451 3
3452 3
3453 3
3454 3
3455 1
3456 2
3458 1
3459 3
3460 2
3461 1
3463 3
3464 1
3465 2
3466 2
3467 4
3468 3
3469 2
3471 2
3472 1
3474 2
3475 3
3476 2
3477 2
3478 2
3480 1
3482 2
3483 1
3484 1
3485 1
3486 1
3487 2
3488 2
3489 5
3490 2
3491 1
3493 2
3494 1
3495 1
3496 1
3497 2
3498 2
3499 1
3500 1
3501 1
3502 1
3503 1
3504 2
3506 3
3507 4
3508 2
3510 2
3511 2
3512 3
3513 1
3514 2
3515 3
3516 2
3517 1
3518 2
3519 4
3520 2
3522 1
3523 3
3525 1
3526 5
3528 1
3529 3
3530 2
3531 1
3532 3
3534 1
3535 1
3536 2
3537 1
3538 1
3539 2
3541 2
3543 4
3545 6
3546 1
3548 1
3549 1
3550 2
3551 3
3552 1
3553 4
3554 3
3555 3
3556 1
3557 2
3558 2
3559 1
3560 4
3561 2
3562 1
3564 6
3565 3
3568 1
3569 3
3570 2
3571 4
3572 4
3573 2
3575 4
3576 5
3577 6
3578 2
3579 2
3580 4
3581 2
3584 5
3586 2
3588 3
3589 1
3590 1
3591 2
3592 2
3593 2
3594 1
3595 2
3596 3
3597 2
3598 3
3599 2
3600 1
3601 4
3603 3
3604 3
3605 1
3606 3
3607 5
3608 4
3609 2
3610 2
3611 1
3612 2
3613 2
3614 1
3615 1
3616 1
3617 2
3618 1
3619 2
3621 8
3622 2
3623 2
3624 1
3625 1
3626 3
3629 2
3630 1
3631 2
3632 2
3633 2
3634 3
3636 2
3638 5
3639 5
3640 2
3641 2
3642 3
3644 1
3645 1
3647 5
3649 3
3650 3
3651 3
3652 2
3654 4
3655 3
3656 1
3657 1
3658 1
3659 2
3660 2
3661 2
3662 3
3663 2
3664 2
3665 4
3666 1
3667 3
3669 3
3670 1
3673 3
3675 2
3677 1
3678 1
3679 2
3680 2
3681 1
3682 2
3683 1
3684 2
3685 2
3686 5
3687 1
3689 1
3690 4
3691 4
3692 1
3693 2
3694 1
3695 2
3697 1
3698 3
3699 5
3700 2
3701 1
3702 5
3703 1
3704 1
3705 2
3706 2
3708 3
3709 1
3710 2
3712 1
3713 1
3714 1
3715 2
3716 4
3718 1
3720 3
3722 1
3723 1
3724 2
3725 3
3726 3
3727 3
3728 3
3729 2
3730 2
3731 2
3732 1
3733 2
3734 1
3735 1
3737 1
3738 2
3739 1
3740 1
3741 5
3742 3
3743 4
3744 2
3745 4
3746 2
3747 1
3748 1
3749 2
3750 1
3751 2
3752 4
3753 2
3755 1
3756 2
3757 5
3758 2
3759 3
3760 2
3761 1
3762 2
3763 1
3764 4
3765 1
3766 5
3767 1
3768 3
3769 3
3770 1
3771 1
3772 4
3774 1
3775 1
3776 5
3777 2
3778 3
3779 1
3781 1
3782 3
3783 1
3784 1
3785 3
3787 2
3788 3
3790 2
3791 2
3792 3
3793 1
3794 1
3795 1
3796 3
3797 1
3799 2
3800 1
3801 2
3802 1
3803 2
3804 1
3805 1
3806 4
3808 1
3809 1
3810 4
3811 4
3812 2
3813 4
3814 3
3815 3
3816 1
3817 2
3818 2
3819 1
3820 3
3821 2
3822 2
3823 2
3824 1
3827 3
3829 3
3830 1
3832 4
3834 2
3835 1
3836 1
3837 2
3838 1
3839 1
3840 1
3841 2
3842 2
3844 2
3845 2
3846 4
3847 1
3848 1
3849 2
3850 1
3851 2
3852 1
3853 2
3855 1
3856 1
3857 2
3858 4
3859 2
3860 1
3861 3
3862 4
3863 2
3864 4
3865 1
3867 1
3868 3
3869 2
3870 4
3871 3
3872 2
3873 1
3874 1
3875 2
3876 1
3877 1
3878 4
3879 2
3880 3
3881 4
3882 4
3883 1
3884 2
3885 6
3886 5
3887 1
3888 2
3889 4
3890 2
3891 1
3892 2
3894 2
3895 4
3896 1
3897 2
3899 3
3901 1
3902 1
3903 1
3904 1
3905 3
3906 1
3907 3
3908 1
3909 1
3910 2
3911 3
3912 1
3913 2
3915 2
3916 7
3918 2
3919 4
3920 3
3921 1
3922 2
3923 2
3924 2
3926 4
3927 4
3929 2
3931 2
3932 1
3934 2
3935 5
3936 2
3937 3
3938 1
3939 1
3940 3
3941 1
3942 2
3943 2
3946 3
3947 4
3948 2
3949 4
3950 3
3951 2
3952 1
3953 1
3954 1
3955 2
3956 1
3958 2
3959 2
3961 2
3962 5
3963 2
3964 2
3965 1
3966 1
3967 5
3968 5
3969 3
3970 2
3971 2
3972 2
3973 1
3974 5
3975 1
3976 2
3977 1
3978 3
3979 1
3980 3
3981 3
3982 2
3983 3
3984 3
3985 1
3986 1
3988 3
3989 1
3991 3
3993 2
3994 4
3995 2
3996 3
3997 2
3998 1
3999 3
4000 1
4001 1
4002 1
4004 1
4005 3
4007 3
4008 4
4009 3
4010 3
4011 3
4012 6
4013 3
4014 4
4015 2
4016 1
4017 2
4018 2
4019 1
4020 2
4021 3
4022 1
4023 3
4025 1
4026 2
4027 3
4028 3
4030 1
4031 1
4033 1
4034 2
4036 3
4037 2
4038 3
4039 5
4042 4
4043 3
4044 4
4045 2
4046 4
4047 1
4048 1
4049 1
4050 2
4051 3
4052 3
4053 3
4054 1
4055 2
4056 2
4057 3
4058 2
4059 1
4061 4
4062 3
4063 2
4065 1
4066 2
4067 1
4068 2
4069 2
4070 5
4071 3
4072 2
4073 1
4074 8
4075 1
4076 2
4077 1
4078 2
4079 4
4080 4
4083 2
4084 4
4085 1
4086 1
4087 1
4088 1
4089 1
4091 1
4092 1
4093 2
4094 2
4095 1
4096 1
4097 1
4098 1
4099 2
4100 1
4101 3
4102 3
4103 1
4104 2
4105 3
4107 1
4108 2
4109 1
4110 4
4111 4
4112 3
4113 1
4114 3
4115 2
4116 1
4117 2
4118 1
4119 3
4120 2
4121 3
4122 3
4123 2
4124 2
4125 1
4126 2
4127 2
4128 5
4130 3
4131 1
4132 2
4133 5
4134 1
4136 1
4137 3
4138 3
4139 7
4140 2
4141 5
4142 2
4143 5
4144 1
4145 1
4146 1
4147 3
4148 1
4149 3
4150 2
4151 1
4152 2
4153 2
4154 1
4155 7
4156 3
4157 2
4158 2
4159 2
4160 1
4161 4
4162 1
4163 1
4164 1
4165 2
4168 2
4170 2
4171 2
4172 4
4173 1
4174 4
4175 3
4176 5
4178 1
4179 2
4180 1
4181 1
4182 2
4183 3
4184 5
4185 5
4187 2
4188 7
4189 2
4190 3
4191 1
4193 1
4195 2
4196 1
4197 1
4198 5
4199 2
4201 1
4202 3
4203 1
4204 1
4205 1
4206 1
4207 2
4208 3
4209 3
4210 2
4211 3
4212 2
4213 1
4214 3
4215 1
4216 1
4217 2
4219 2
4220 2
4221 1
4223 2
4224 2
4225 5
4226 1
4227 2
4228 2
4229 5
4230 1
4231 2
4232 1
4236 2
4239 2
4240 3
4242 3
4243 3
4244 6
4245 2
4246 3
4247 2
4248 2
4249 2
4251 1
4252 2
4256 5
4257 5
4259 3
4260 2
4261 1
4262 3
4263 2
4264 1
4265 3
4266 1
4267 1
4268 2
4269 4
4270 3
4272 1
4273 2
4274 1
4275 1
4276 4
4278 1
4279 1
4281 1
4282 1
4283 4
4284 2
4285 1
4286 5
4287 4
4288 2
4289 1
4291 1
4293 3
4294 2
4295 1
4296 2
4297 3
4298 4
4299 2
4300 2
4301 1
4303 3
4304 1
4305 3
4306 4
4307 3
4308 2
4309 2
4310 4
4311 1
4312 3
4313 2
4314 1
4315 4
4316 3
4317 4
4318 2
4319 5
4320 3
4321 1
4322 1
4323 3
4324 5
4325 2
4326 1
4327 3
4328 1
4330 1
4331 1
4332 2
4334 3
4335 2
4336 3
4337 2
4338 2
4339 1
4341 1
4342 2
4343 3
4344 3
4345 2
4346 2
4347 1
4348 3
4349 2
4350 2
4352 1
4353 1
4355 1
4356 3
4357 1
4358 2
4359 2
4360 3
4361 2
4362 1
4363 6
4364 2
4365 5
4366 2
4367 1
4368 3
4369 1
4370 1
4371 2
4372 1
4373 3
4374 2
4375 3
4376 1
4377 3
4378 1
4379 1
4380 2
4381 2
4383 4
4384 2
4386 4
4387 3
4389 2
4392 1
4393 2
4394 4
4395 2
4396 4
4397 1
4398 2
4399 2
4400 1
4401 1
4403 3
4404 1
4405 2
4406 1
4408 2
4409 5
4410 1
4411 2
4413 4
4414 3
4415 4
4416 1
4417 4
4418 2
4419 2
4420 2
4421 1
4422 1
4423 6
4424 5
4425 2
4426 1
4427 2
4428 3
4429 4
4430 1
4431 3
4432 2
4433 4
4434 1
4435 1
4436 2
4437 2
4438 3
4439 2
4440 4
4441 2
4443 3
4444 3
4445 1
4446 3
4447 1
4448 3
4449 1
4450 1
4452 2
4453 6
4454 3
4455 2
4456 1
4457 1
4458 2
4459 3
4460 7
4461 3
4462 3
4463 1
4465 1
4466 1
4467 3
4468 2
4470 3
4471 3
4472 3
4473 2
4474 1
4475 3
4476 3
4477 4
4478 2
4479 2
4480 1
4481 2
4483 1
4485 1
4486 2
4487 1
4488 2
4489 1
4490 3
4491 1
4492 2
4493 3
4496 3
4497 3
4498 2
4500 2
4501 1
4502 2
4503 1
4504 4
4505 1
4506 1
4507 2
4509 5
4510 1
4511 2
4512 4
4513 3
4514 4
4515 2
4516 4
4517 1
4519 1
4520 2
4521 1
4522 2
4523 3
4524 3
4525 3
4526 1
4527 3
4529 1
4530 4
4531 3
4532 2
4533 1
4534 1
4535 1
4536 2
4537 3
4538 1
4539 3
4540 2
4541 3
4542 3
4544 5
4545 2
4546 1
4547 3
4548 4
4549 6
4550 4
4551 1
4553 2
4554 2
4555 3
4556 2
4557 1
4558 7
4559 4
4560 1
4562 3
4563 1
4564 1
4565 3
4566 1
4567 2
4568 2
4569 3
4571 2
4572 2
4573 1
4574 3
4575 1
4576 1
4578 4
4579 1
4580 3
4581 2
4582 1
4585 2
4586 4
4587 2
4588 3
4589 1
4590 2
4591 2
4593 2
4594 4
4595 4
4597 3
4600 3
4601 1
4602 2
4603 2
4605 1
4607 1
4608 4
4609 2
4610 2
4611 3
4612 2
4613 4
4614 1
4616 4
4617 1
4619 3
4620 2
4621 1
4622 2
4623 1
4624 2
4625 5
4627 3
4629 1
4631 1
4632 4
4633 2
4634 3
4635 2
4636 1
4637 2
4638 2
4639 4
4640 1
4641 2
4642 3
4644 1
4645 2
4646 2
4647 3
4649 3
4650 2
4651 4
4652 2
4653 3
4654 2
4655 4
4658 2
4661 1
4662 1
4663 3
4664 1
4665 1
4667 4
4668 2
4669 2
4670 2
4671 4
4672 1
4673 1
4675 5
4676 1
4677 3
4678 2
4679 3
4680 1
4683 2
4684 4
4685 3
4686 2
4687 5
4688 1
4690 3
4691 2
4693 3
4695 1
4697 3
4698 2
4699 2
4700 1
4701 1
4703 2
4704 3
4706 1
4707 2
4709 1
4710 1
4711 2
4712 4
4713 1
4715 2
4716 3
4717 2
4718 3
4719 2
4720 3
4721 1
4723 2
4724 1
4725 4
4726 1
4727 3
4728 1
4729 1
4730 2
4731 2
4732 3
4734 4
4735 3
4736 1
4737 2
4738 4
4739 1
4742 1
4743 2
4745 2
4746 1
4747 4
4748 3
4749 2
4751 2
4752 1
4753 1
4754 1
4755 1
4756 3
4757 4
4759 1
4760 1
4761 1
4762 1
4763 2
4764 2
4765 2
4766 4
4767 2
4768 1
4769 1
4770 2
4772 1
4773 2
4774 1
4775 1
4776 1
4778 3
4779 2
4780 1
4782 1
4783 2
4784 1
4785 5
4786 1
4788 2
4789 2
4790 4
4791 2
4792 1
4793 2
4794 1
4795 5
4797 2
4798 2
4799 3
4800 3
4801 1
4802 2
4803 2
4805 1
4807 2
4808 1
4809 6
4810 1
4811 2
4813 4
4815 1
4816 3
4817 2
4818 2
4820 2
4821 3
4822 2
4823 1
4825 1
4826 2
4828 1
4829 2
4831 1
4832 1
4833 3
4834 2
4835 1
4836 2
4837 1
4839 1
4841 2
4842 4
4843 3
4844 2
4846 5
4847 1
4848 2
4849 1
4851 1
4852 2
4853 1
4854 1
4855 1
4856 1
4858 3
4859 3
4860 4
4862 3
4863 2
4865 1
4866 2
4867 2
4868 1
4869 1
4870 4
4871 1
4873 1
4874 1
4875 1
4876 1
4877 3
4879 1
4881 2
4882 3
4883 1
4885 1
4886 1
4887 1
4889 2
4890 1
4891 1
4892 3
4893 2
4895 3
4897 1
4899 3
4900 1
4901 3
4903 2
4904 1
4905 3
4906 2
4907 1
4908 1
4909 1
4910 2
4911 2
4912 1
4913 3
4914 2
4915 2
4916 5
4917 1
4923 3
4924 2
4925 1
4926 1
4927 1
4928 1
4930 3
4931 3
4932 3
4933 2
4934 1
4937 4
4938 3
4939 2
4940 1
4942 2
4943 5
4945 2
4946 1
4948 1
4949 1
4950 2
4952 5
4953 2
4954 2
4955 2
4956 2
4957 2
4959 3
4961 3
4962 3
4963 2
4964 2
4965 2
4966 1
4967 1
4969 1
4971 2
4972 4
4973 2
4974 2
4976 2
4977 2
4978 3
4983 2
4985 1
4987 1
4988 1
4989 3
4990 1
4991 1
4992 2
4995 1
4996 1
4997 2
4998 2
4999 3
5000 2
5001 1
5002 1
5003 3
5004 1
5005 1
5007 2
5008 1
5009 1
5011 5
5012 4
5013 3
5014 1
5015 3
5016 2
5019 1
5020 1
5021 1
5022 1
5024 1
5025 3
5026 1
5027 2
5030 2
5031 2
5032 1
5033 1
5034 4
5035 3
5036 1
5038 2
5039 1
5041 3
5042 2
5043 1
5044 1
5047 1
5048 1
5049 2
5051 2
5052 1
5053 1
5054 1
5055 3
5056 1
5057 1
5060 3
5062 3
5065 2
5066 2
5067 2
5068 1
5069 1
5070 1
5071 1
5073 3
5074 1
5075 2
5078 1
5079 3
5080 1
5081 2
5082 1
5085 1
5086 1
5087 2
5088 3
5089 1
5090 2
5091 3
5092 2
5093 1
5094 2
5095 1
5096 1
5097 1
5098 1
5099 1
5101 3
5102 4
5104 1
5105 1
5106 2
5107 2
5108 1
5109 2
5110 1
5112 5
5113 4
5114 1
5118 1
5120 3
5121 2
5122 1
5123 3
5127 1
5128 1
5130 3
5131 2
5135 3
5136 3
5138 1
5139 4
5140 2
5141 1
5142 1
5143 1
5144 2
5147 2
5149 3
5150 3
5151 1
5152 3
5153 2
5154 1
5157 1
5158 2
5160 3
5162 4
5163 1
5164 2
5165 2
5166 2
5167 2
5169 2
5170 2
5171 2
5173 1
5174 1
5175 2
5176 5
5177 4
5179 1
5180 1
5181 2
5183 2
5185 1
5186 2
5187 1
5189 1
5190 1
5191 2
5192 1
5195 2
5196 1
5197 2
5200 1
5201 1
5202 2
5203 1
5204 2
5206 3
5207 1
5208 1
5209 1
5210 2
5212 1
5213 4
5215 2
5216 1
5217 3
5218 2
5221 1
5222 1
5223 3
5226 1
5228 3
5230 1
5231 1
5235 2
5236 4
5237 1
5238 2
5241 1
5242 1
5243 2
5244 1
5245 1
5247 2
5248 2
5249 3
5250 1
5251 3
5253 1
5254 2
5258 1
5259 3
5260 1
5261 1
5265 2
5267 2
5268 2
5269 1
5270 1
5272 1
5273 2
5274 1
5277 1
5279 1
5280 1
5281 1
5282 1
5283 1
5284 2
5285 2
5287 2
5288 1
5289 1
5290 1
5291 1
5292 1
5294 2
5295 2
5296 1
5298 1
5299 1
5300 1
5301 1
5302 3
5307 2
5308 2
5309 2
5310 1
5311 2
5312 1
5313 3
5314 1
5315 2
5317 1
5318 1
5320 2
5321 2
5322 1
5323 1
5324 1
5325 1
5328 2
5330 1
5331 3
5334 2
5335 1
5338 1
5342 2
5343 1
5344 2
5345 1
5346 2
5347 2
5350 1
5351 1
5352 1
5353 2
5354 2
5355 2
5357 1
5358 2
5359 1
5361 1
5365 1
5366 4
5367 1
5368 2
5369 1
5371 2
5372 1
5373 1
5374 3
5375 1
5376 3
5377 4
5379 3
5380 2
5381 1
5382 2
5384 1
5391 2
5392 2
5393 4
5396 1
5397 3
5398 1
5400 2
5403 1
5405 2
5406 2
5407 2
5408 1
5409 1
5410 1
5411 2
5412 1
5414 2
5415 1
5416 1
5419 1
5420 1
5421 1
5423 1
5425 1
5426 1
5427 1
5428 2
5429 1
5432 1
5433 1
5434 1
5436 1
5437 1
5439 1
5440 2
5441 1
5442 3
5443 3
5444 1
5445 2
5447 1
5448 1
5449 2
5450 1
5451 1
5452 1
5453 1
5454 2
5455 1
5457 3
5458 1
5461 1
5462 1
5465 1
5466 2
5468 1
5469 1
5470 1
5471 1
5474 2
5476 1
5477 1
5478 2
5481 2
5483 2
5484 1
5488 2
5490 3
5492 1
5493 2
5494 2
5497 1
5500 2
5501 1
5502 1
5503 3
5504 1
5505 2
5506 1
5508 1
5509 1
5510 1
5511 2
5512 1
5513 1
5514 2
5515 1
5518 1
5519 2
5520 1
5521 3
5522 1
5523 1
5525 1
5526 2
5527 2
5528 1
5529 1
5532 1
5534 2
5538 1
5539 1
5541 1
5542 2
5543 1
5544 1
5545 1
5551 1
5553 3
5555 2
5556 1
5559 1
5560 1
5561 1
5562 2
5563 1
5565 1
5567 1
5570 3
5573 1
5574 1
5575 1
5576 1
5580 1
5585 3
5586 1
5587 1
5589 1
5593 2
5594 3
5595 1
5596 2
5597 1
5598 3
5599 1
5601 3
5602 2
5605 1
5613 2
5615 1
5618 3
5619 1
5622 2
5623 1
5625 1
5627 1
5628 1
5629 1
5632 1
5633 3
5635 1
5637 2
5639 2
5642 2
5643 1
5644 1
5646 4
5647 3
5651 1
5653 3
5654 2
5655 1
5657 1
5658 1
5659 1
5660 1
5662 1
5663 1
5664 1
5665 1
5668 1
5669 1
5672 1
5673 1
5674 1
5675 1
5676 1
5677 1
5678 1
5683 2
5684 2
5687 1
5689 3
5692 2
5693 1
5695 4
5697 3
5698 1
5699 1
5701 3
5703 1
5704 2
5705 1
5706 1
5709 1
5710 2
5713 1
5714 1
5715 3
5720 1
5722 1
5723 1
5725 2
5728 1
5729 2
5737 2
5738 1
5741 1
5744 1
5746 1
5748 4
5749 3
5751 2
5752 2
5753 2
5754 1
5756 1
5757 1
5758 4
5760 1
5765 1
5767 1
5768 1
5769 1
5771 3
5774 2
5775 1
5776 1
5779 1
5780 1
5781 3
5782 1
5783 1
5789 1
5791 1
5794 2
5795 3
5796 1
5797 1
5798 1
5799 1
5800 1
5804 2
5805 1
5807 1
5808 1
5809 1
5810 2
5811 1
5812 1
5814 1
5817 2
5820 2
5823 1
5824 1
5825 2
5826 1
5827 2
5829 1
5831 1
5834 1
5835 1
5836 1
5839 3
5840 1
5843 1
5844 2
5846 1
5848 1
5849 2
5850 1
5851 1
5855 1
5858 1
5862 2
5865 2
5866 1
5870 1
5871 3
5874 1
5875 1
5876 1
5877 1
5878 1
5880 1
5884 4
5887 3
5888 1
5892 1
5895 1
5896 1
5897 1
5898 1
5900 1
5901 1
5902 2
5903 1
5904 1
5906 2
5907 1
5909 4
5910 2
5912 1
5914 1
5916 1
5918 1
5920 1
5921 1
5922 1
5924 1
5927 2
5929 2
5930 2
5935 1
5936 1
5937 1
5938 1
5941 1
5943 2
5945 2
5947 1
5948 1
5949 1
5951 1
5955 1
5956 1
5957 2
5959 1
5960 1
5962 3
5963 1
5968 1
5970 1
5972 1
5976 1
5977 1
5978 1
5982 1
5983 2
5984 1
5988 2
5989 1
5990 1
5995 3
5996 2
5999 2
6000 3
6004 2
6008 1
6009 3
6013 3
6016 1
6018 3
6019 1
6020 1
6022 2
6023 1
6024 1
6028 1
6029 1
6030 1
6031 3
6034 1
6035 2
6036 1
6037 1
6038 2
6040 2
6043 2
6046 1
6047 1
6049 1
6052 1
6053 1
6054 4
6055 1
6056 1
6057 1
6059 1
6060 1
6061 1
6063 2
6069 3
6071 1
6074 1
6077 1
6078 1
6080 2
6081 1
6082 1
6083 1
6089 2
6090 1
6093 2
6094 1
6095 1
6101 2
6102 1
6104 2
6105 1
6106 1
6107 2
6108 1
6111 1
6112 2
6114 1
6116 3
6117 1
6120 1
6121 1
6122 2
6132 2
6135 1
6136 1
6137 2
6139 1
6140 1
6142 1
6145 2
6147 1
6148 2
6149 2
6150 1
6156 1
6157 2
6158 1
6159 1
6167 1
6168 1
6169 1
6172 2
6173 1
6174 1
6176 2
6177 1
6181 2
6182 1
6184 1
6186 1
6187 1
6190 1
6191 1
6192 1
6193 1
6194 1
6198 2
6201 1
6202 1
6213 1
6215 1
6216 2
6217 1
6218 1
6220 1
6221 1
6225 1
6228 1
6234 3
6236 1
6240 1
6245 1
6247 1
6248 1
6249 1
6251 1
6255 1
6258 1
6259 1
6260 1
6261 1
6264 1
6270 1
6277 1
6279 1
6281 1
6284 1
6289 1
6297 1
6303 2
6310 1
6313 2
6314 1
6315 1
6317 2
6321 1
6330 1
6332 1
6333 1
6337 1
6339 1
6341 1
6346 1
6348 2
6350 1
6351 2
6352 2
6354 3
6356 2
6357 1
6360 2
6372 1
6376 1
6377 1
6378 1
6381 1
6386 1
6388 1
6389 1
6394 1
6397 1
6400 1
6402 1
6404 1
6410 1
6411 1
6414 1
6418 1
6421 2
6422 2
6427 2
6429 1
6430 1
6431 1
6432 2
6434 1
6438 2
6439 1
6440 1
6441 1
6442 1
6445 2
6446 1
6447 1
6451 1
6452 1
6454 1
6459 1
6460 1
6464 1
6470 1
6473 1
6474 1
6476 1
6480 1
6481 1
6482 1
6483 1
6488 1
6489 1
6490 1
6495 1
6501 1
6504 1
6519 1
6523 1
6527 1
6530 1
6531 2
6532 1
6535 1
6538 1
6541 1
6542 1
6543 1
6545 1
6548 1
6549 2
6550 1
6555 1
6557 1
6563 1
6569 1
6572 1
6573 1
6574 1
6575 1
6576 1
6580 1
6582 1
6589 1
6595 1
6597 1
6599 1
6601 1
6605 1
6607 1
6616 1
6617 1
6619 1
6629 1
6636 1
6639 2
6645 1
6646 1
6650 3
6652 2
6656 1
6658 1
6660 2
6666 1
6669 1
6670 1
6679 1
6681 1
6682 1
6684 1
6686 1
6687 1
6691 1
6696 2
6697 2
6702 1
6703 2
6704 1
6712 1
6713 1
6715 2
6717 1
6719 1
6722 1
6723 1
6725 1
6728 1
6730 1
6738 2
6739 1
6741 1
6743 1
6746 1
6747 1
6750 1
6756 1
6758 1
6759 1
6765 1
6766 1
6767 1
6768 1
6769 1
6770 1
6771 1
6782 1
6788 1
6792 3
6795 1
6798 1
6799 1
6800 1
6804 1
6807 1
6810 1
6812 2
6814 2
6822 1
6824 1
6828 1
6839 1
6843 1
6845 1
6846 2
6847 1
6851 1
6852 1
6853 2
6855 1
6859 1
6865 2
6867 1
6871 1
6872 1
6877 1
6880 1
6882 1
6884 1
6885 1
6890 1
6893 1
6894 1
6896 2
6899 1
6907 3
6918 1
6924 1
6928 1
6930 1
6932 1
6933 1
6935 1
6936 1
6939 1
6941 1
6943 1
6948 1
6951 1
6954 1
6957 1
6959 1
6960 2
6961 1
6966 1
6969 1
6978 1
6989 2
6991 1
6993 1
6995 1
6999 1
7000 2
7010 1
7013 1
7029 1
7031 1
7032 1
7033 1
7037 1
7041 2
7042 1
7044 1
7054 1
7064 1
7066 2
7067 1
7068 1
7070 1
7075 1
7080 1
7084 1
7085 1
7087 3
7101 1
7102 1
7104 1
7106 1
7107 1
7109 1
7113 1
7116 1
7119 1
7129 1
7130 1
7131 1
7136 1
7149 1
7152 1
7154 1
7156 1
7169 1
7173 1
7177 1
7190 1
7192 1
7202 1
7210 1
7211 1
7213 1
7215 1
7220 1
7221 1
7231 1
7237 1
7239 1
7241 1
7244 1
7245 1
7246 1
7253 1
7259 1
7263 1
7273 1
7282 2
7285 2
7288 1
7302 1
7305 1
7306 1
7312 1
7328 1
7331 1
7339 1
7341 1
7347 1
7361 1
7363 1
7365 1
7387 2
7389 2
7394 1
7397 1
7398 1
7403 2
7419 1
7422 1
7425 1
7432 1
7436 1
7454 1
7456 1
7460 1
7478 1
7481 1
7485 1
7488 1
7489 1
7493 1
7497 1
7521 1
7526 1
7536 1
7542 1
7546 1
7548 1
7550 1
7565 1
7568 1
7571 1
7585 1
7594 1
7599 1
7605 1
7607 2
7609 1
7611 1
7615 2
7620 2
7625 1
7633 1
7651 1
7658 1
7662 1
7667 1
7670 1
7676 1
7683 1
7691 1
7694 1
7699 1
7707 1
7717 1
7722 1
7723 1
7732 1
7739 1
7740 2
7747 1
7767 1
7769 1
7778 1
7782 1
7785 1
7796 1
7801 1
7802 1
7805 1
7807 1
7808 1
7814 1
7818 1
7821 1
7826 1
7832 1
7838 1
7841 1
7845 1
7860 1
7864 1
7866 1
7871 1
7872 1
7874 1
7878 1
7889 1
7892 1
7894 1
7897 1
7902 1
7910 1
7913 1
7918 1
7928 1
7929 1
7938 1
7956 1
7957 3
7968 1
7984 1
7999 1
8001 1
8021 1
8027 1
8038 1
8040 1
8053 2
8078 1
8079 1
8082 1
8089 1
8101 2
8113 1
8122 2
8123 1
8126 1
8127 2
8128 1
8129 1
8133 1
8135 2
8145 1
8146 1
8148 1
8152 1
8173 1
8177 1
8181 1
8189 1
8192 1
8196 1
8209 1
8218 1
8220 1
8221 1
8229 1
8242 1
8246 1
8249 1
8250 1
8258 1
8262 1
8263 1
8280 1
8297 1
8301 1
8309 1
8343 1
8346 1
8371 1
8373 1
8390 1
8399 1
8407 1
8409 1
8416 1
8422 1
8424 1
8451 1
8460 1
8466 2
8475 1
8478 2
8486 1
8487 1
8497 1
8499 1
8500 1
8520 1
8522 1
8529 1
8546 2
8563 2
8589 1
8596 1
8614 1
8617 1
8621 1
8629 1
8640 1
8645 1
8665 1
8668 1
8733 1
8749 1
8775 1
8785 1
8793 1
8801 1
8806 1
8811 1
8826 1
8841 1
8865 1
8868 1
8882 1
8909 1
8915 1
8921 1
8932 1
8946 1
8958 1
8984 1
8985 2
9007 1
9009 1
9060 1
9075 1
9118 1
9128 1
9144 1
9150 1
9161 1
9167 1
9202 1
9204 1
9237 1
9264 1
9272 1
9322 1
9323 1
9357 1
9397 1
9406 1
9417 1
9425 2
9434 1
9439 1
9456 1
9514 1
9519 1
9536 1
9554 1
9572 1
9593 1
9602 1
9606 1
9620 1
9656 1
9661 1
9681 1
9692 1
9706 1
9755 1
9813 1
9849 1
9917 1
9925 1
9938 1
9942 1
9947 1
9963 1
9982 1
9990 1
10007 1
10028 2
10042 1
10090 1
10107 1
10127 1
10180 1
10182 1
10184 1
10194 1
10235 1
10239 1
10254 1
10325 1
10469 1
10516 1
10528 1
10546 1
10567 1
10762 1
10801 1
10814 1
10882 1
10896 1
10941 1
10990 1
11043 1
11116 1
11135 1
11158 1
11173 1
11191 1
11253 1
11534 1
11536 1
11934 1
11972 1
12153 1
12196 1
12339 1
12459 1
12499 1
12808 1
13011 1
13679 1
13836 1
14440 1
14542 1
15261 1
16095 1
17475 1
19138 1
