-995 4
-994 2
-993 4
-992 3
-991 9
-990 13
-989 24
-988 17
-987 38
-986 43
-985 59
-984 72
-983 93
-982 82
-981 89
-980 84
-979 100
-978 115
-977 98
-976 117
-975 123
-974 115
-973 105
-972 91
-971 90
-970 97
-969 104
-968 115
-967 94
-966 106
-965 111
-964 108
-963 118
-962 108
-961 80
-960 115
-959 114
-958 110
-957 108
-956 130
-955 114
-954 126
-953 121
-952 126
-951 98
-950 114
-949 97
-948 110
-947 122
-946 92
-945 104
-944 107
-943 94
-942 130
-941 106
-940 113
-939 115
-938 106
-937 92
-936 91
-935 110
-934 117
-933 113
-932 87
-931 108
-930 108
-929 110
-928 117
-927 120
-926 119
-925 112
-924 101
-923 108
-922 95
-921 124
-920 134
-919 110
-918 138
-917 101
-916 101
-915 95
-914 92
-913 118
-912 115
-911 102
-910 117
-909 119
-908 110
-907 121
-906 82
-905 90
-904 93
-903 96
-902 118
-901 115
-900 114
-899 114
-898 132
-897 117
-896 115
-895 92
-894 114
-893 98
-892 97
-891 86
-890 92
-889 92
-888 92
-887 95
-886 96
-885 85
-884 94
-883 120
-882 116
-881 118
-880 108
-879 128
-878 116
-877 119
-876 113
-875 97
-874 123
-873 94
-872 101
-871 109
-870 117
-869 103
-868 90
-867 102
-866 107
-865 127
-864 123
-863 109
-862 111
-861 137
-860 138
-859 171
-858 164
-857 173
-856 201
-855 243
-854 264
-853 251
-852 261
-851 258
-850 268
-849 207
-848 235
-847 241
-846 235
-845 238
-844 208
-843 246
-842 235
-841 215
-840 249
-839 259
-838 277
-837 232
-836 208
-835 223
-834 213
-833 246
-832 227
-831 243
-830 248
-829 230
-828 246
-827 222
-826 231
-825 231
-824 245
-823 234
-822 263
-821 249
-820 281
-819 262
-818 317
-817 289
-816 278
-815 295
-814 369
-813 324
-812 358
-811 378
-810 385
-809 395
-808 418
-807 400
-806 447
-805 462
-804 456
-803 422
-802 435
-801 462
-800 498
-799 500
-798 498
-797 503
-796 453
-795 476
-794 479
-793 463
-792 508
-791 474
-790 477
-789 445
-788 449
-787 435
-786 452
-785 462
-784 487
-783 525
-782 491
-781 456
-780 494
-779 460
-778 469
-777 485
-776 474
-775 484
-774 510
-773 518
-772 519
-771 472
-770 508
-769 479
-768 494
-767 523
-766 553
-765 562
-764 534
-763 547
-762 549
-761 536
-760 577
-759 578
-758 581
-757 619
-756 632
-755 666
-754 755
-753 670
-752 740
-751 715
-750 776
-749 749
-748 771
-747 715
-746 723
-745 777
-744 641
-743 708
-742 706
-741 686
-740 708
-739 711
-738 716
-737 732
-736 725
-735 748
-734 746
-733 788
-732 787
-731 745
-730 766
-729 782
-728 785
-727 807
-726 787
-725 872
-724 885
-723 901
-722 821
-721 803
-720 909
-719 875
-718 879
-717 909
-716 921
-715 980
-714 945
-713 961
-712 944
-711 912
-710 991
-709 1012
-708 895
-707 930
-706 991
-705 920
-704 934
-703 975
-702 968
-701 926
-700 960
-699 971
-698 1014
-697 957
-696 1005
-695 1080
-694 1031
-693 1015
-692 1100
-691 1075
-690 1148
-689 1130
-688 1141
-687 1190
-686 1200
-685 1176
-684 1268
-683 1287
-682 1297
-681 1284
-680 1370
-679 1323
-678 1394
-677 1351
-676 1416
-675 1338
-674 1431
-673 1479
-672 1437
-671 1394
-670 1429
-669 1477
-668 1452
-667 1481
-666 1468
-665 1443
-664 1457
-663 1476
-662 1488
-661 1530
-660 1499
-659 1540
-658 1451
-657 1471
-656 1495
-655 1578
-654 1629
-653 1602
-652 1648
-651 1584
-650 1600
-649 1629
-648 1626
-647 1618
-646 1630
-645 1630
-644 1674
-643 1569
-642 1605
-641 1631
-640 1736
-639 1629
-638 1642
-637 1630
-636 1631
-635 1620
-634 1631
-633 1669
-632 1796
-631 1807
-630 1760
-629 1762
-628 1831
-627 1870
-626 1863
-625 1797
-624 1817
-623 1750
-622 1729
-621 1788
-620 1855
-619 1803
-618 1875
-617 1863
-616 1871
-615 1819
-614 1868
-613 1868
-612 1938
-611 1937
-610 1928
-609 1971
-608 1966
-607 1991
-606 2040
-605 2079
-604 1905
-603 1924
-602 2075
-601 1975
-600 2020
-599 2041
-598 2009
-597 2076
-596 2017
-595 2166
-594 2132
-593 2163
-592 2173
-591 2203
-590 2213
-589 2245
-588 2245
-587 2290
-586 2217
-585 2203
-584 2329
-583 2315
-582 2163
-581 2230
-580 2330
-579 2319
-578 2298
-577 2438
-576 2426
-575 2399
-574 2447
-573 2512
-572 2565
-571 2553
-570 2723
-569 2711
-568 2816
-567 2684
-566 2897
-565 2836
-564 2889
-563 2948
-562 2984
-561 3055
-560 3089
-559 3002
-558 2955
-557 2980
-556 3165
-555 3129
-554 2994
-553 2967
-552 3114
-551 3082
-550 3047
-549 2960
-548 3072
-547 3105
-546 3059
-545 3247
-544 3106
-543 3128
-542 3138
-541 3240
-540 3260
-539 3328
-538 3304
-537 3380
-536 3349
-535 3463
-534 3377
-533 3404
-532 3373
-531 3323
-530 3450
-529 3479
-528 3474
-527 3522
-526 3380
-525 3363
-524 3224
-523 3365
-522 3490
-521 3485
-520 3587
-519 3475
-518 3604
-517 3657
-516 3551
-515 3659
-514 3404
-513 3714
-512 3489
-511 3467
-510 3554
-509 3496
-508 3464
-507 3530
-506 3518
-505 3486
-504 3455
-503 3579
-502 3594
-501 3590
-500 3567
-499 3631
-498 3722
-497 3708
-496 3741
-495 3760
-494 3613
-493 3828
-492 3754
-491 3882
-490 3749
-489 3851
-488 3808
-487 3829
-486 3838
-485 3906
-484 3940
-483 4006
-482 3951
-481 4012
-480 4081
-479 4013
-478 4027
-477 3892
-476 3936
-475 3955
-474 4036
-473 3883
-472 3959
-471 4076
-470 3998
-469 4085
-468 4069
-467 4104
-466 4130
-465 4196
-464 4078
-463 4225
-462 4171
-461 4169
-460 4254
-459 4300
-458 4448
-457 4293
-456 4328
-455 4383
-454 4452
-453 4465
-452 4466
-451 4277
-450 4424
-449 4494
-448 4301
-447 4396
-446 4511
-445 4395
-444 4454
-443 4382
-442 4451
-441 4447
-440 4486
-439 4449
-438 4311
-437 4487
-436 4502
-435 4531
-434 4566
-433 4550
-432 4559
-431 4557
-430 4688
-429 4648
-428 4589
-427 4699
-426 4749
-425 4681
-424 4745
-423 4729
-422 4875
-421 4783
-420 4923
-419 4715
-418 4783
-417 4934
-416 4754
-415 4858
-414 4958
-413 4992
-412 5055
-411 5029
-410 5164
-409 5056
-408 5296
-407 5336
-406 5085
-405 5183
-404 5305
-403 5398
-402 5265
-401 5393
-400 5387
-399 5291
-398 5431
-397 5307
-396 5462
-395 5477
-394 5458
-393 5613
-392 5394
-391 5606
-390 5471
-389 5712
-388 5608
-387 5708
-386 5593
-385 5784
-384 5671
-383 5668
-382 5677
-381 5743
-380 5615
-379 5743
-378 5668
-377 5658
-376 5686
-375 5749
-374 5776
-373 5955
-372 5770
-371 5857
-370 5702
-369 5863
-368 5819
-367 5966
-366 5813
-365 6000
-364 6032
-363 5876
-362 5905
-361 6014
-360 6028
-359 5954
-358 5994
-357 5984
-356 6002
-355 5963
-354 6042
-353 5962
-352 5896
-351 6182
-350 5980
-349 6140
-348 6066
-347 5950
-346 5958
-345 6041
-344 6124
-343 6117
-342 6093
-341 6119
-340 6230
-339 6227
-338 6301
-337 6260
-336 6342
-335 6259
-334 6323
-333 6500
-332 6276
-331 6527
-330 6484
-329 6325
-328 6526
-327 6414
-326 6473
-325 6493
-324 6391
-323 6556
-322 6341
-321 6518
-320 6433
-319 6660
-318 6625
-317 6534
-316 6428
-315 6682
-314 6553
-313 6624
-312 6596
-311 6524
-310 6473
-309 6598
-308 6488
-307 6390
-306 6620
-305 6500
-304 6453
-303 6549
-302 6443
-301 6543
-300 6681
-299 6617
-298 6539
-297 6500
-296 6502
-295 6553
-294 6595
-293 6541
-292 6603
-291 6534
-290 6363
-289 6618
-288 6641
-287 6642
-286 6516
-285 6639
-284 6664
-283 6433
-282 6601
-281 6565
-280 6553
-279 6579
-278 6491
-277 6512
-276 6506
-275 6538
-274 6549
-273 6565
-272 6600
-271 6693
-270 6702
-269 6570
-268 6605
-267 6624
-266 6430
-265 6666
-264 6677
-263 6668
-262 6478
-261 6740
-260 6650
-259 6902
-258 6806
-257 6790
-256 6785
-255 6897
-254 6738
-253 6924
-252 6780
-251 6844
-250 6902
-249 6973
-248 7126
-247 6887
-246 6883
-245 6985
-244 6792
-243 6769
-242 6890
-241 6936
-240 6974
-239 6886
-238 6978
-237 6950
-236 6814
-235 6694
-234 6569
-233 6801
-232 6743
-231 6770
-230 6951
-229 6757
-228 6711
-227 6846
-226 6749
-225 6731
-224 6713
-223 6761
-222 6565
-221 6637
-220 6893
-219 6689
-218 6628
-217 6719
-216 6722
-215 6853
-214 6602
-213 6795
-212 6644
-211 6626
-210 6630
-209 6612
-208 6567
-207 6698
-206 6710
-205 6569
-204 6677
-203 6486
-202 6503
-201 6675
-200 6597
-199 6645
-198 6596
-197 6479
-196 6524
-195 6475
-194 6384
-193 6495
-192 6447
-191 6490
-190 6249
-189 6463
-188 6402
-187 6386
-186 6525
-185 6492
-184 6604
-183 6422
-182 6294
-181 6320
-180 6148
-179 6238
-178 6248
-177 6360
-176 6340
-175 6127
-174 6247
-173 6046
-172 5950
-171 6205
-170 6075
-169 6106
-168 6121
-167 6106
-166 5979
-165 6023
-164 5982
-163 5768
-162 5995
-161 5882
-160 6046
-159 5937
-158 5885
-157 5868
-156 5785
-155 5854
-154 5762
-153 5860
-152 5839
-151 5797
-150 5800
-149 5835
-148 5645
-147 5776
-146 5779
-145 5789
-144 5599
-143 5761
-142 5800
-141 5809
-140 5759
-139 5813
-138 5771
-137 5756
-136 5856
-135 5786
-134 5728
-133 5686
-132 5773
-131 5790
-130 5614
-129 5694
-128 5676
-127 5814
-126 5657
-125 5646
-124 5515
-123 5583
-122 5599
-121 5590
-120 5414
-119 5509
-118 5544
-117 5527
-116 5462
-115 5500
-114 5359
-113 5499
-112 5417
-111 5304
-110 5270
-109 5244
-108 5407
-107 5345
-106 5229
-105 5176
-104 5258
-103 5372
-102 5297
-101 5296
-100 5173
-99 5287
-98 5143
-97 5051
-96 5180
-95 4970
-94 5142
-93 5066
-92 5188
-91 5072
-90 5052
-89 4977
-88 4914
-87 4888
-86 4839
-85 4901
-84 4974
-83 4953
-82 4870
-81 5013
-80 4741
-79 4712
-78 4909
-77 4678
-76 4827
-75 4854
-74 4664
-73 4792
-72 4666
-71 4735
-70 4740
-69 4600
-68 4469
-67 4740
-66 4674
-65 4726
-64 4589
-63 4747
-62 4675
-61 4599
-60 4612
-59 4587
-58 4619
-57 4657
-56 4488
-55 4557
-54 4448
-53 4427
-52 4493
-51 4420
-50 4384
-49 4399
-48 4645
-47 4413
-46 4467
-45 4343
-44 4340
-43 4306
-42 4465
-41 4390
-40 4405
-39 4459
-38 4430
-37 4288
-36 4326
-35 4269
-34 4382
-33 4361
-32 4215
-31 4408
-30 4308
-29 4196
-28 4124
-27 4248
-26 4174
-25 4083
-24 4106
-23 4036
-22 4089
-21 4022
-20 4145
-19 4083
-18 4027
-17 4019
-16 3813
-15 3781
-14 3900
-13 3889
-12 3924
-11 3907
-10 3947
-9 3813
-8 3733
-7 3830
-6 3818
-5 3798
-4 3731
-3 3694
-2 3817
-1 3771
0 3779
1 3789
2 3633
3 3645
4 3577
5 3700
6 3716
7 3706
8 3529
9 3646
10 3723
11 3498
12 3674
13 3609
14 3661
15 3656
16 3553
17 3513
18 3523
19 3555
20 3442
21 3516
22 3554
23 3541
24 3502
25 3471
26 3377
27 3447
28 3439
29 3376
30 3421
31 3321
32 3332
33 3307
34 3229
35 3180
36 3256
37 3199
38 3243
39 3278
40 3181
41 3042
42 3088
43 3202
44 3154
45 3135
46 3083
47 3084
48 3047
49 3062
50 3002
51 3135
52 2949
53 2955
54 2877
55 2858
56 2909
57 3017
58 2912
59 2824
60 2788
61 2681
62 2708
63 2834
64 2743
65 2701
66 2679
67 2783
68 2799
69 2732
70 2735
71 2534
72 2613
73 2611
74 2703
75 2514
76 2609
77 2628
78 2594
79 2585
80 2467
81 2531
82 2417
83 2497
84 2440
85 2480
86 2526
87 2484
88 2518
89 2457
90 2465
91 2470
92 2401
93 2393
94 2410
95 2452
96 2366
97 2337
98 2322
99 2197
100 2340
101 2270
102 2238
103 2279
104 2237
105 2221
106 2158
107 2147
108 2159
109 2171
110 2124
111 2096
112 2059
113 2124
114 2125
115 2047
116 2097
117 1990
118 2031
119 1925
120 2081
121 1915
122 1897
123 1976
124 1893
125 1904
126 1870
127 1842
128 1891
129 1822
130 1828
131 1858
132 1777
133 1914
134 1782
135 1769
136 1795
137 1772
138 1696
139 1818
140 1693
141 1785
142 1659
143 1716
144 1706
145 1717
146 1655
147 1613
148 1633
149 1614
150 1583
151 1544
152 1584
153 1645
154 1620
155 1468
156 1493
157 1524
158 1553
159 1500
160 1496
161 1482
162 1501
163 1495
164 1457
165 1429
166 1419
167 1472
168 1375
169 1432
170 1406
171 1448
172 1401
173 1400
174 1372
175 1389
176 1362
177 1348
178 1404
179 1330
180 1311
181 1400
182 1373
183 1383
184 1387
185 1309
186 1332
187 1254
188 1303
189 1316
190 1285
191 1304
192 1279
193 1269
194 1228
195 1294
196 1214
197 1231
198 1211
199 1297
200 1191
201 1209
202 1226
203 1221
204 1181
205 1142
206 1125
207 1151
208 1131
209 1107
210 1132
211 1156
212 1093
213 1139
214 1126
215 1027
216 1072
217 1124
218 1064
219 1009
220 1026
221 994
222 1010
223 1060
224 991
225 1012
226 971
227 1016
228 966
229 979
230 1008
231 984
232 932
233 945
234 953
235 921
236 904
237 931
238 913
239 884
240 900
241 915
242 868
243 842
244 861
245 909
246 872
247 906
248 871
249 905
250 825
251 839
252 793
253 859
254 845
255 790
256 843
257 764
258 829
259 805
260 742
261 757
262 773
263 747
264 753
265 785
266 747
267 728
268 716
269 740
270 751
271 693
272 724
273 663
274 663
275 694
276 638
277 730
278 656
279 673
280 693
281 635
282 711
283 694
284 643
285 660
286 668
287 650
288 651
289 608
290 655
291 649
292 648
293 613
294 585
295 597
296 603
297 608
298 618
299 552
300 547
301 577
302 577
303 595
304 573
305 590
306 541
307 596
308 584
309 536
310 516
311 541
312 511
313 586
314 475
315 521
316 465
317 543
318 511
319 490
320 526
321 513
322 465
323 517
324 432
325 509
326 459
327 451
328 491
329 501
330 444
331 481
332 489
333 432
334 417
335 453
336 430
337 420
338 387
339 442
340 411
341 422
342 446
343 426
344 421
345 418
346 378
347 384
348 384
349 415
350 368
351 327
352 379
353 359
354 384
355 386
356 332
357 358
358 365
359 357
360 375
361 365
362 329
363 327
364 364
365 303
366 365
367 335
368 322
369 303
370 328
371 313
372 299
373 312
374 310
375 290
376 275
377 304
378 282
379 303
380 288
381 294
382 317
383 293
384 299
385 251
386 249
387 288
388 276
389 288
390 303
391 259
392 272
393 255
394 239
395 240
396 244
397 271
398 265
399 248
400 267
401 229
402 276
403 251
404 266
405 244
406 224
407 234
408 201
409 260
410 229
411 212
412 211
413 217
414 241
415 237
416 194
417 219
418 208
419 246
420 229
421 186
422 208
423 220
424 213
425 217
426 210
427 202
428 183
429 213
430 200
431 178
432 202
433 209
434 194
435 211
436 205
437 194
438 213
439 208
440 177
441 167
442 168
443 164
444 168
445 176
446 176
447 181
448 157
449 180
450 163
451 195
452 161
453 185
454 157
455 163
456 156
457 149
458 166
459 175
460 154
461 141
462 147
463 169
464 161
465 188
466 157
467 154
468 159
469 161
470 144
471 145
472 153
473 154
474 142
475 169
476 163
477 161
478 182
479 167
480 144
481 156
482 173
483 171
484 157
485 151
486 166
487 160
488 140
489 150
490 146
491 172
492 160
493 157
494 156
495 162
496 132
497 161
498 158
499 141
500 160
501 146
502 141
503 133
504 144
505 143
506 141
507 177
508 119
509 155
510 157
511 151
512 136
513 147
514 142
515 151
516 132
517 133
518 166
519 149
520 159
521 152
522 152
523 160
524 162
525 150
526 150
527 167
528 147
529 156
530 160
531 163
532 151
533 169
534 166
535 158
536 176
537 161
538 179
539 163
540 144
541 155
542 163
543 161
544 158
545 175
546 156
547 154
548 165
549 163
550 183
551 169
552 179
553 167
554 182
555 177
556 157
557 172
558 159
559 189
560 194
561 164
562 169
563 173
564 183
565 178
566 172
567 174
568 160
569 188
570 183
571 193
572 185
573 167
574 165
575 176
576 166
577 163
578 186
579 178
580 181
581 210
582 216
583 181
584 185
585 196
586 182
587 177
588 193
589 207
590 191
591 217
592 207
593 182
594 184
595 190
596 201
597 187
598 185
599 194
600 216
601 189
602 181
603 188
604 223
605 202
606 208
607 193
608 191
609 199
610 209
611 198
612 228
613 214
614 198
615 182
616 200
617 183
618 222
619 187
620 209
621 234
622 191
623 211
624 214
625 207
626 218
627 206
628 219
629 218
630 206
631 200
632 222
633 240
634 237
635 206
636 222
637 209
638 215
639 217
640 205
641 197
642 231
643 224
644 232
645 199
646 225
647 231
648 220
649 219
650 189
651 224
652 232
653 244
654 199
655 214
656 235
657 205
658 219
659 221
660 205
661 243
662 214
663 200
664 206
665 222
666 285
667 212
668 218
669 218
670 199
671 227
672 230
673 236
674 220
675 211
676 217
677 208
678 226
679 224
680 193
681 238
682 211
683 204
684 232
685 210
686 235
687 219
688 238
689 239
690 228
691 214
692 211
693 205
694 218
695 235
696 227
697 221
698 217
699 163
700 225
701 242
702 222
703 228
704 191
705 240
706 200
707 207
708 217
709 218
710 203
711 182
712 232
713 192
714 211
715 214
716 186
717 212
718 202
719 205
720 225
721 205
722 186
723 199
724 205
725 177
726 221
727 208
728 198
729 200
730 181
731 202
732 189
733 186
734 171
735 195
736 186
737 209
738 175
739 181
740 199
741 170
742 185
743 191
744 189
745 176
746 188
747 177
748 181
749 201
750 193
751 174
752 180
753 187
754 187
755 175
756 182
757 188
758 184
759 186
760 190
761 174
762 195
763 188
764 185
765 198
766 186
767 176
768 198
769 177
770 167
771 180
772 163
773 165
774 160
775 177
776 180
777 169
778 200
779 175
780 177
781 182
782 179
783 161
784 166
785 158
786 165
787 170
788 162
789 152
790 166
791 159
792 189
793 153
794 154
795 174
796 152
797 164
798 165
799 159
800 141
801 149
802 157
803 165
804 168
805 164
806 156
807 162
808 153
809 149
810 146
811 149
812 138
813 147
814 147
815 128
816 148
817 147
818 159
819 163
820 137
821 158
822 133
823 146
824 128
825 151
826 148
827 156
828 134
829 130
830 138
831 135
832 141
833 128
834 152
835 138
836 124
837 134
838 127
839 129
840 112
841 127
842 151
843 119
844 149
845 131
846 126
847 121
848 125
849 133
850 140
851 113
852 127
853 127
854 144
855 114
856 132
857 124
858 116
859 113
860 107
861 125
862 120
863 138
864 124
865 123
866 104
867 111
868 123
869 118
870 113
871 129
872 123
873 116
874 114
875 112
876 93
877 116
878 118
879 103
880 101
881 119
882 106
883 116
884 128
885 114
886 108
887 116
888 105
889 115
890 126
891 107
892 103
893 91
894 113
895 125
896 84
897 103
898 102
899 119
900 92
901 109
902 105
903 105
904 87
905 106
906 125
907 96
908 109
909 97
910 98
911 98
912 101
913 92
914 107
915 104
916 91
917 107
918 94
919 91
920 106
921 95
922 92
923 89
924 90
925 91
926 104
927 99
928 90
929 99
930 113
931 86
932 80
933 74
934 76
935 84
936 79
937 92
938 89
939 77
940 83
941 105
942 79
943 89
944 85
945 84
946 83
947 80
948 82
949 85
950 69
951 83
952 87
953 94
954 68
955 74
956 79
957 50
958 76
959 84
960 77
961 88
962 70
963 68
964 63
965 67
966 71
967 74
968 66
969 72
970 62
971 88
972 81
973 74
974 57
975 70
976 55
977 77
978 71
979 63
980 76
981 64
982 58
983 65
984 63
985 52
986 68
987 48
988 67
989 78
990 66
991 67
992 70
993 57
994 58
995 59
996 64
997 55
998 55
999 62
1000 41
1001 56
1002 61
1003 55
1004 60
1005 72
1006 69
1007 52
1008 47
1009 64
1010 44
1011 43
1012 61
1013 54
1014 62
1015 52
1016 52
1017 45
1018 58
1019 47
1020 65
1021 72
1022 55
1023 54
1024 54
1025 55
1026 57
1027 47
1028 38
1029 56
1030 59
1031 43
1032 53
1033 41
1034 44
1035 40
1036 56
1037 52
1038 37
1039 43
1040 55
1041 40
1042 48
1043 52
1044 47
1045 43
1046 51
1047 47
1048 44
1049 48
1050 40
1051 50
1052 34
1053 36
1054 45
1055 44
1056 38
1057 40
1058 33
1059 48
1060 33
1061 32
1062 39
1063 40
1064 44
1065 37
1066 39
1067 35
1068 26
1069 28
1070 37
1071 43
1072 41
1073 43
1074 37
1075 36
1076 32
1077 37
1078 41
1079 36
1080 29
1081 30
1082 33
1083 28
1084 33
1085 37
1086 37
1087 31
1088 29
1089 33
1090 26
1091 33
1092 27
1093 27
1094 30
1095 30
1096 31
1097 38
1098 37
1099 30
1100 24
1101 37
1102 44
1103 30
1104 34
1105 27
1106 37
1107 23
1108 23
1109 27
1110 33
1111 23
1112 30
1113 21
1114 25
1115 27
1116 21
1117 29
1118 30
1119 25
1120 25
1121 21
1122 32
1123 26
1124 29
1125 20
1126 35
1127 23
1128 19
1129 22
1130 23
1131 24
1132 20
1133 23
1134 23
1135 18
1136 24
1137 30
1138 15
1139 20
1140 23
1141 15
1142 17
1143 20
1144 20
1145 23
1146 10
1147 19
1148 23
1149 29
1150 24
1151 15
1152 17
1153 19
1154 17
1155 22
1156 20
1157 19
1158 16
1159 15
1160 12
1161 26
1162 22
1163 18
1164 26
1165 21
1166 14
1167 13
1168 19
1169 18
1170 11
1171 18
1172 12
1173 15
1174 15
1175 17
1176 17
1177 19
1178 9
1179 11
1180 14
1181 7
1182 15
1183 13
1184 14
1185 14
1186 16
1187 15
1188 14
1189 18
1190 16
1191 12
1192 17
1193 18
1194 4
1195 14
1196 8
1197 9
1198 13
1199 19
1200 10
1201 10
1202 11
1203 8
1204 11
1205 10
1206 9
1207 9
1208 11
1209 16
1210 13
1211 13
1212 16
1213 12
1214 5
1215 12
1216 9
1217 12
1218 15
1219 9
1220 8
1221 7
1222 8
1223 7
1224 8
1225 7
1226 10
1227 9
1228 10
1229 9
1230 8
1231 8
1232 8
1233 9
1234 5
1235 5
1236 9
1237 6
1238 7
1239 13
1240 11
1241 12
1242 7
1243 11
1244 7
1245 9
1246 6
1247 7
1248 10
1249 5
1250 7
1251 4
1252 9
1253 7
1254 1
1255 3
1256 4
1257 5
1258 7
1259 3
1260 5
1261 5
1262 1
1263 2
1264 10
1265 5
1266 9
1267 7
1268 7
1269 6
1270 8
1271 5
1272 2
1273 3
1274 3
1275 5
1276 6
1277 7
1278 3
1279 4
1280 5
1281 2
1282 4
1283 8
1284 3
1285 8
1286 5
1287 5
1288 6
1289 5
1290 5
1291 6
1292 4
1293 8
1294 4
1295 3
1296 4
1297 5
1298 3
1299 6
1300 5
1301 1
1302 1
1303 8
1304 1
1305 3
1306 5
1307 3
1309 5
1310 2
1311 5
1312 2
1313 3
1314 4
1315 3
1316 1
1317 2
1318 2
1319 4
1320 2
1321 2
1322 3
1323 1
1324 2
1326 3
1327 3
1328 3
1329 1
1330 4
1331 1
1332 4
1333 4
1334 3
1335 2
1336 2
1337 2
1338 3
1339 2
1341 4
1342 3
1345 3
1346 1
1347 3
1348 1
1349 3
1352 2
1353 1
1354 1
1355 2
1356 1
1357 4
1358 2
1359 1
1361 3
1362 2
1363 1
1365 2
1366 1
1367 3
1371 1
1373 1
1374 4
1375 1
1376 1
1378 1
1380 1
1382 1
1384 1
1385 1
1387 3
1388 1
1390 1
1391 1
1392 2
1394 2
1396 2
1397 2
1399 1
1400 1
1402 2
1403 1
1404 2
1405 2
1406 1
1408 1
1409 1
1412 1
1413 1
1414 1
1416 2
1418 1
1419 1
1420 1
1421 2
1423 1
1425 1
1427 3
1428 2
1430 1
1431 3
1433 1
1435 1
1438 2
1440 2
1441 2
1443 1
1447 2
1448 3
1449 2
1451 2
1457 1
1458 1
1459 1
1460 1
1461 1
1464 1
1469 1
1471 1
1475 1
1477 2
1478 1
1479 1
1480 1
1481 4
1486 2
1488 1
1489 1
1491 2
1494 1
1496 1
1499 1
1500 1
1503 1
1505 1
1508 1
1510 1
1511 2
1513 1
1516 1
1519 1
1521 1
1522 2
1523 1
1530 1
1531 1
1532 1
1533 1
1534 1
1537 1
1538 1
1539 1
1541 1
1542 1
1543 2
1548 1
1553 1
1557 1
1558 1
1563 1
1569 1
1580 2
1586 1
1594 1
1595 1
1596 1
1611 1
1619 1
1630 1
1647 1
1670 1
1671 1
1704 1
1720 1
1726 1
1743 1
1793 1
