131 2
132 17
133 42
134 153
135 538
136 1004
137 1263
138 1617
139 1707
140 1752
141 1723
142 1724
143 1755
144 1792
145 1872
146 1960
147 1977
148 2113
149 2191
150 2575
151 2636
152 2676
153 2932
154 3108
155 3162
156 3125
157 3300
158 3261
159 3232
160 3576
161 3874
162 4154
163 4287
164 4548
165 4501
166 4452
167 4394
168 4602
169 4530
170 4565
171 4443
172 4387
173 4283
174 4202
175 4315
176 4492
177 4602
178 4634
179 4894
180 4789
181 4719
182 4725
183 4920
184 4826
185 5398
186 5456
187 5474
188 5641
189 5644
190 5449
191 5544
192 5563
193 5478
194 5513
195 5486
196 5291
197 5511
198 5490
199 5611
200 5820
201 5829
202 5983
203 5880
204 5920
205 5769
206 5657
207 5902
208 6208
209 6167
210 6430
211 6361
212 6571
213 6471
214 6411
215 6355
216 6543
217 6776
218 6622
219 6425
220 6653
221 6623
222 6521
223 6657
224 6585
225 6815
226 6858
227 6965
228 7005
229 7476
230 7477
231 7637
232 7486
233 7323
234 7369
235 7366
236 7431
237 7407
238 7671
239 7592
240 7755
241 7985
242 8083
243 8043
244 8179
245 8264
246 8306
247 8332
248 8364
249 8401
250 8505
251 8402
252 8543
253 8325
254 8387
255 8538
256 8401
257 8215
258 8056
259 8144
260 8165
261 8178
262 8014
263 8085
264 7977
265 8159
266 7905
267 7745
268 7779
269 7699
270 7838
271 7667
272 7864
273 7816
274 7947
275 8039
276 8085
277 7985
278 8195
279 8091
280 8095
281 8321
282 8577
283 8510
284 8502
285 8600
286 8419
287 8412
288 8359
289 8166
290 8019
291 8020
292 8094
293 7994
294 8082
295 7988
296 8024
297 7982
298 7883
299 7928
300 7886
301 7972
302 8012
303 8091
304 8098
305 8083
306 7861
307 8049
308 7913
309 7851
310 8116
311 7951
312 8151
313 8205
314 8321
315 8088
316 8274
317 8334
318 8273
319 8021
320 7784
321 7863
322 7757
323 7879
324 7796
325 7730
326 7771
327 7682
328 7561
329 7629
330 7705
331 7583
332 7623
333 7685
334 7446
335 7643
336 7647
337 7696
338 7636
339 7618
340 7732
341 7595
342 7437
343 7515
344 7458
345 7453
346 7387
347 7575
348 7398
349 7619
350 7365
351 7400
352 7460
353 7262
354 7230
355 7343
356 7252
357 7181
358 7141
359 7003
360 7287
361 7253
362 7395
363 7451
364 7431
365 7526
366 7677
367 7800
368 7651
369 7710
370 7734
371 7634
372 7484
373 7506
374 7599
375 7475
376 7458
377 7329
378 7214
379 7518
380 7220
381 7116
382 7106
383 7314
384 7071
385 7167
386 7056
387 7174
388 7086
389 6964
390 7205
391 7080
392 7086
393 7021
394 6824
395 6881
396 6921
397 6770
398 6815
399 6908
400 6916
401 6798
402 6736
403 6779
404 6701
405 6881
406 6648
407 6792
408 6590
409 6522
410 6637
411 6483
412 6416
413 6492
414 6470
415 6492
416 6419
417 6436
418 6142
419 6267
420 6033
421 6230
422 6178
423 6046
424 6096
425 6095
426 6084
427 6104
428 6012
429 6186
430 5963
431 5999
432 6178
433 6148
434 5951
435 6038
436 6114
437 5978
438 6011
439 6212
440 6127
441 6088
442 6138
443 6066
444 5911
445 6028
446 6137
447 6015
448 5843
449 5875
450 5889
451 5917
452 5852
453 6044
454 5877
455 5852
456 5882
457 5932
458 5854
459 5743
460 5827
461 5813
462 5740
463 5802
464 5705
465 5855
466 5892
467 5875
468 5668
469 5717
470 5797
471 5642
472 5770
473 5638
474 5654
475 5640
476 5696
477 5622
478 5502
479 5545
480 5454
481 5552
482 5526
483 5391
484 5432
485 5468
486 5342
487 5423
488 5356
489 5378
490 5219
491 5204
492 5242
493 5203
494 5187
495 5015
496 5080
497 5047
498 5035
499 4956
500 4919
501 4968
502 4957
503 4836
504 4936
505 4948
506 4942
507 4878
508 4954
509 4764
510 4931
511 4929
512 4762
513 4808
514 4717
515 4803
516 4587
517 4652
518 4628
519 4705
520 4559
521 4582
522 4504
523 4514
524 4611
525 4480
526 4415
527 4440
528 4423
529 4420
530 4448
531 4461
532 4347
533 4304
534 4440
535 4339
536 4268
537 4308
538 4346
539 4285
540 4263
541 4312
542 4285
543 4134
544 4157
545 4233
546 4240
547 4152
548 4152
549 4124
550 4238
551 4206
552 4124
553 4075
554 4186
555 4145
556 4226
557 4265
558 4195
559 4086
560 4076
561 4061
562 4030
563 4023
564 3963
565 3957
566 3929
567 4137
568 4014
569 4004
570 3935
571 3970
572 3972
573 4024
574 3911
575 3833
576 3910
577 3852
578 3842
579 3652
580 3762
581 3840
582 3739
583 3767
584 3686
585 3756
586 3885
587 3782
588 3800
589 3821
590 3831
591 3747
592 3707
593 3666
594 3752
595 3737
596 3717
597 3674
598 3745
599 3762
600 3665
601 3654
602 3715
603 3744
604 3641
605 3603
606 3670
607 3757
608 3662
609 3692
610 3653
611 3605
612 3763
613 3633
614 3698
615 3723
616 3704
617 3606
618 3699
619 3647
620 3797
621 3578
622 3595
623 3581
624 3607
625 3639
626 3392
627 3545
628 3552
629 3566
630 3618
631 3614
632 3482
633 3552
634 3527
635 3552
636 3459
637 3579
638 3559
639 3510
640 3421
641 3454
642 3480
643 3403
644 3396
645 3411
646 3389
647 3293
648 3345
649 3389
650 3275
651 3282
652 3424
653 3240
654 3259
655 3336
656 3321
657 3260
658 3308
659 3329
660 3307
661 3218
662 3254
663 3266
664 3288
665 3403
666 3380
667 3336
668 3239
669 3250
670 3319
671 3311
672 3300
673 3338
674 3249
675 3231
676 3274
677 3352
678 3212
679 3266
680 3270
681 3247
682 3263
683 3186
684 3134
685 3166
686 3153
687 3126
688 3103
689 3049
690 3058
691 3107
692 3048
693 3061
694 2931
695 3112
696 3141
697 2975
698 2974
699 3010
700 2931
701 3009
702 3041
703 2974
704 2915
705 2964
706 2941
707 2882
708 2826
709 2850
710 2806
711 2911
712 2727
713 2853
714 2844
715 2772
716 2894
717 2690
718 2759
719 2776
720 2727
721 2699
722 2759
723 2688
724 2738
725 2699
726 2719
727 2706
728 2750
729 2655
730 2683
731 2666
732 2653
733 2684
734 2676
735 2629
736 2635
737 2627
738 2682
739 2471
740 2675
741 2586
742 2663
743 2559
744 2450
745 2537
746 2466
747 2512
748 2514
749 2569
750 2493
751 2445
752 2547
753 2438
754 2531
755 2377
756 2479
757 2450
758 2310
759 2378
760 2281
761 2237
762 2373
763 2424
764 2371
765 2351
766 2269
767 2287
768 2180
769 2318
770 2294
771 2284
772 2208
773 2254
774 2177
775 2230
776 2216
777 2115
778 2120
779 2154
780 2117
781 2063
782 2087
783 2087
784 2132
785 2137
786 2083
787 2053
788 2142
789 2074
790 2032
791 2019
792 2055
793 2019
794 2066
795 2092
796 2038
797 2002
798 2029
799 2071
800 2070
801 1888
802 2057
803 1917
804 2033
805 2011
806 1977
807 1953
808 1981
809 1875
810 1949
811 1981
812 1900
813 1919
814 1965
815 1976
816 1849
817 1863
818 1929
819 1831
820 1848
821 1809
822 1816
823 1881
824 1865
825 1800
826 1946
827 1913
828 1829
829 1866
830 1846
831 1890
832 1872
833 1905
834 1876
835 1975
836 1892
837 1868
838 1845
839 1779
840 1785
841 1841
842 1817
843 1804
844 1840
845 1821
846 1815
847 1767
848 1914
849 1745
850 1818
851 1810
852 1819
853 1785
854 1734
855 1873
856 1716
857 1830
858 1757
859 1740
860 1774
861 1712
862 1766
863 1659
864 1623
865 1771
866 1697
867 1734
868 1636
869 1687
870 1565
871 1662
872 1647
873 1612
874 1714
875 1655
876 1584
877 1626
878 1577
879 1525
880 1523
881 1580
882 1540
883 1607
884 1557
885 1590
886 1529
887 1569
888 1533
889 1531
890 1554
891 1555
892 1514
893 1557
894 1465
895 1590
896 1462
897 1446
898 1434
899 1416
900 1458
901 1421
902 1458
903 1513
904 1448
905 1394
906 1485
907 1407
908 1520
909 1400
910 1381
911 1412
912 1369
913 1439
914 1337
915 1373
916 1446
917 1412
918 1363
919 1403
920 1333
921 1356
922 1397
923 1391
924 1441
925 1357
926 1401
927 1352
928 1367
929 1361
930 1404
931 1346
932 1363
933 1411
934 1311
935 1349
936 1296
937 1321
938 1317
939 1268
940 1339
941 1322
942 1309
943 1234
944 1336
945 1342
946 1261
947 1268
948 1230
949 1246
950 1211
951 1204
952 1139
953 1272
954 1210
955 1214
956 1274
957 1173
958 1205
959 1206
960 1199
961 1134
962 1198
963 1143
964 1183
965 1204
966 1159
967 1161
968 1138
969 1135
970 1167
971 1087
972 1143
973 1059
974 1133
975 1084
976 1130
977 1149
978 1041
979 1138
980 1124
981 1148
982 1107
983 1073
984 1066
985 983
986 1095
987 1040
988 1078
989 1073
990 1092
991 1084
992 1086
993 1013
994 1036
995 1023
996 1022
997 987
998 1065
999 1021
1000 997
1001 1057
1002 1083
1003 1014
1004 1100
1005 1003
1006 961
1007 946
1008 951
1009 954
1010 970
1011 966
1012 988
1013 940
1014 953
1015 985
1016 923
1017 966
1018 918
1019 957
1020 906
1021 981
1022 951
1023 905
1024 915
1025 926
1026 915
1027 919
1028 929
1029 888
1030 863
1031 902
1032 882
1033 891
1034 887
1035 902
1036 915
1037 900
1038 912
1039 897
1040 859
1041 871
1042 924
1043 840
1044 852
1045 893
1046 922
1047 842
1048 873
1049 832
1050 858
1051 832
1052 824
1053 789
1054 829
1055 792
1056 821
1057 800
1058 786
1059 833
1060 828
1061 823
1062 806
1063 821
1064 737
1065 789
1066 818
1067 766
1068 798
1069 772
1070 788
1071 795
1072 784
1073 797
1074 746
1075 781
1076 748
1077 794
1078 770
1079 773
1080 752
1081 737
1082 781
1083 755
1084 718
1085 724
1086 773
1087 772
1088 691
1089 770
1090 736
1091 716
1092 693
1093 720
1094 749
1095 721
1096 691
1097 680
1098 710
1099 751
1100 710
1101 686
1102 647
1103 672
1104 710
1105 715
1106 671
1107 699
1108 649
1109 693
1110 668
1111 688
1112 648
1113 660
1114 693
1115 672
1116 706
1117 687
1118 679
1119 642
1120 673
1121 645
1122 683
1123 641
1124 682
1125 671
1126 645
1127 644
1128 658
1129 687
1130 641
1131 631
1132 630
1133 664
1134 611
1135 640
1136 683
1137 664
1138 646
1139 596
1140 615
1141 667
1142 653
1143 567
1144 626
1145 652
1146 605
1147 588
1148 624
1149 617
1150 583
1151 578
1152 637
1153 570
1154 608
1155 628
1156 631
1157 596
1158 560
1159 562
1160 625
1161 587
1162 581
1163 581
1164 617
1165 586
1166 557
1167 585
1168 568
1169 541
1170 594
1171 579
1172 560
1173 514
1174 573
1175 596
1176 515
1177 552
1178 529
1179 567
1180 566
1181 588
1182 521
1183 570
1184 569
1185 488
1186 526
1187 544
1188 541
1189 559
1190 523
1191 495
1192 531
1193 502
1194 497
1195 500
1196 483
1197 542
1198 499
1199 509
1200 516
1201 521
1202 529
1203 476
1204 535
1205 459
1206 482
1207 452
1208 512
1209 501
1210 502
1211 492
1212 480
1213 502
1214 501
1215 514
1216 493
1217 488
1218 468
1219 460
1220 500
1221 490
1222 484
1223 521
1224 523
1225 478
1226 429
1227 474
1228 491
1229 452
1230 460
1231 480
1232 438
1233 429
1234 438
1235 457
1236 451
1237 459
1238 483
1239 496
1240 437
1241 490
1242 433
1243 430
1244 457
1245 422
1246 454
1247 438
1248 418
1249 426
1250 453
1251 409
1252 455
1253 456
1254 471
1255 468
1256 460
1257 423
1258 463
1259 428
1260 448
1261 409
1262 424
1263 428
1264 414
1265 426
1266 426
1267 445
1268 404
1269 436
1270 411
1271 442
1272 424
1273 356
1274 464
1275 438
1276 435
1277 419
1278 394
1279 405
1280 405
1281 423
1282 364
1283 425
1284 401
1285 403
1286 400
1287 384
1288 404
1289 385
1290 438
1291 385
1292 376
1293 391
1294 384
1295 378
1296 387
1297 397
1298 373
1299 371
1300 381
1301 384
1302 361
1303 371
1304 351
1305 349
1306 374
1307 364
1308 383
1309 365
1310 333
1311 349
1312 387
1313 360
1314 347
1315 395
1316 312
1317 350
1318 275
1319 341
1320 356
1321 354
1322 324
1323 345
1324 350
1325 348
1326 364
1327 353
1328 335
1329 337
1330 328
1331 322
1332 333
1333 333
1334 339
1335 341
1336 302
1337 328
1338 329
1339 322
1340 304
1341 308
1342 309
1343 306
1344 301
1345 285
1346 284
1347 306
1348 272
1349 338
1350 317
1351 328
1352 309
1353 309
1354 325
1355 287
1356 302
1357 299
1358 282
1359 312
1360 295
1361 270
1362 300
1363 299
1364 311
1365 302
1366 323
1367 297
1368 310
1369 285
1370 301
1371 290
1372 285
1373 271
1374 282
1375 301
1376 299
1377 276
1378 320
1379 296
1380 304
1381 277
1382 269
1383 281
1384 281
1385 271
1386 289
1387 258
1388 276
1389 265
1390 232
1391 255
1392 290
1393 278
1394 274
1395 263
1396 259
1397 248
1398 268
1399 265
1400 290
1401 282
1402 288
1403 278
1404 284
1405 251
1406 257
1407 288
1408 248
1409 247
1410 249
1411 253
1412 258
1413 245
1414 249
1415 262
1416 242
1417 242
1418 238
1419 230
1420 240
1421 225
1422 232
1423 226
1424 237
1425 250
1426 248
1427 240
1428 232
1429 253
1430 202
1431 225
1432 203
1433 246
1434 223
1435 223
1436 211
1437 238
1438 199
1439 229
1440 216
1441 239
1442 232
1443 206
1444 230
1445 233
1446 205
1447 232
1448 212
1449 210
1450 217
1451 245
1452 227
1453 186
1454 222
1455 204
1456 224
1457 223
1458 230
1459 229
1460 233
1461 213
1462 213
1463 216
1464 208
1465 204
1466 225
1467 206
1468 202
1469 204
1470 215
1471 192
1472 207
1473 220
1474 196
1475 199
1476 207
1477 174
1478 209
1479 190
1480 227
1481 213
1482 202
1483 227
1484 192
1485 221
1486 193
1487 198
1488 185
1489 180
1490 181
1491 174
1492 175
1493 192
1494 193
1495 192
1496 200
1497 223
1498 195
1499 187
1500 207
1501 191
1502 204
1503 183
1504 202
1505 208
1506 181
1507 155
1508 182
1509 204
1510 209
1511 195
1512 171
1513 196
1514 194
1515 181
1516 174
1517 173
1518 191
1519 175
1520 183
1521 196
1522 179
1523 195
1524 172
1525 152
1526 196
1527 164
1528 195
1529 179
1530 169
1531 181
1532 176
1533 173
1534 179
1535 170
1536 198
1537 166
1538 174
1539 177
1540 171
1541 179
1542 185
1543 182
1544 186
1545 164
1546 178
1547 162
1548 149
1549 183
1550 187
1551 164
1552 147
1553 199
1554 143
1555 178
1556 167
1557 173
1558 180
1559 193
1560 167
1561 167
1562 150
1563 151
1564 187
1565 187
1566 176
1567 175
1568 183
1569 165
1570 162
1571 154
1572 162
1573 154
1574 145
1575 170
1576 157
1577 154
1578 187
1579 174
1580 161
1581 167
1582 163
1583 159
1584 168
1585 168
1586 157
1587 185
1588 148
1589 162
1590 142
1591 148
1592 170
1593 162
1594 145
1595 141
1596 171
1597 156
1598 174
1599 149
1600 150
1601 157
1602 162
1603 139
1604 154
1605 138
1606 144
1607 134
1608 155
1609 130
1610 173
1611 143
1612 174
1613 156
1614 138
1615 165
1616 166
1617 172
1618 150
1619 138
1620 144
1621 150
1622 139
1623 123
1624 134
1625 133
1626 151
1627 140
1628 151
1629 158
1630 160
1631 111
1632 156
1633 136
1634 141
1635 141
1636 143
1637 141
1638 143
1639 137
1640 149
1641 140
1642 149
1643 155
1644 152
1645 137
1646 158
1647 144
1648 119
1649 141
1650 148
1651 139
1652 127
1653 151
1654 150
1655 148
1656 144
1657 147
1658 154
1659 143
1660 135
1661 125
1662 122
1663 123
1664 141
1665 135
1666 154
1667 135
1668 139
1669 139
1670 130
1671 121
1672 140
1673 131
1674 111
1675 133
1676 136
1677 155
1678 143
1679 140
1680 161
1681 126
1682 130
1683 137
1684 145
1685 117
1686 135
1687 134
1688 134
1689 122
1690 117
1691 135
1692 116
1693 132
1694 130
1695 115
1696 126
1697 130
1698 126
1699 137
1700 114
1701 134
1702 121
1703 126
1704 110
1705 142
1706 140
1707 128
1708 150
1709 139
1710 113
1711 143
1712 129
1713 124
1714 131
1715 118
1716 119
1717 132
1718 101
1719 121
1720 121
1721 95
1722 143
1723 121
1724 109
1725 131
1726 145
1727 130
1728 118
1729 125
1730 111
1731 96
1732 118
1733 132
1734 129
1735 117
1736 124
1737 108
1738 117
1739 109
1740 118
1741 97
1742 105
1743 116
1744 106
1745 115
1746 120
1747 114
1748 93
1749 101
1750 118
1751 85
1752 132
1753 114
1754 118
1755 96
1756 95
1757 112
1758 130
1759 99
1760 110
1761 110
1762 100
1763 107
1764 98
1765 94
1766 111
1767 99
1768 81
1769 99
1770 103
1771 117
1772 77
1773 95
1774 115
1775 98
1776 82
1777 108
1778 105
1779 94
1780 99
1781 104
1782 98
1783 111
1784 92
1785 123
1786 84
1787 76
1788 88
1789 102
1790 76
1791 118
1792 93
1793 111
1794 111
1795 80
1796 71
1797 98
1798 91
1799 83
1800 82
1801 92
1802 107
1803 84
1804 91
1805 107
1806 94
1807 93
1808 85
1809 97
1810 102
1811 95
1812 95
1813 110
1814 97
1815 85
1816 88
1817 94
1818 87
1819 100
1820 88
1821 82
1822 100
1823 71
1824 93
1825 89
1826 82
1827 94
1828 75
1829 86
1830 83
1831 93
1832 86
1833 94
1834 74
1835 63
1836 102
1837 71
1838 86
1839 72
1840 70
1841 73
1842 82
1843 85
1844 74
1845 86
1846 94
1847 84
1848 102
1849 88
1850 84
1851 77
1852 77
1853 87
1854 81
1855 68
1856 96
1857 81
1858 74
1859 86
1860 67
1861 76
1862 56
1863 84
1864 73
1865 83
1866 87
1867 69
1868 69
1869 71
1870 75
1871 77
1872 70
1873 86
1874 74
1875 66
1876 80
1877 65
1878 73
1879 67
1880 65
1881 80
1882 73
1883 80
1884 86
1885 63
1886 65
1887 84
1888 68
1889 63
1890 74
1891 65
1892 74
1893 56
1894 69
1895 60
1896 65
1897 70
1898 56
1899 60
1900 66
1901 63
1902 79
1903 78
1904 71
1905 83
1906 74
1907 75
1908 79
1909 73
1910 69
1911 55
1912 64
1913 57
1914 83
1915 66
1916 72
1917 74
1918 56
1919 69
1920 72
1921 62
1922 74
1923 69
1924 63
1925 63
1926 65
1927 63
1928 47
1929 61
1930 74
1931 67
1932 57
1933 65
1934 55
1935 64
1936 67
1937 57
1938 51
1939 56
1940 63
1941 71
1942 56
1943 59
1944 62
1945 67
1946 59
1947 60
1948 55
1949 55
1950 55
1951 59
1952 65
1953 58
1954 79
1955 63
1956 81
1957 49
1958 59
1959 54
1960 68
1961 49
1962 60
1963 46
1964 44
1965 46
1966 60
1967 52
1968 75
1969 60
1970 64
1971 63
1972 54
1973 53
1974 52
1975 55
1976 54
1977 53
1978 60
1979 70
1980 57
1981 57
1982 58
1983 60
1984 56
1985 63
1986 55
1987 52
1988 52
1989 48
1990 55
1991 53
1992 50
1993 55
1994 46
1995 56
1996 53
1997 66
1998 62
1999 49
2000 51
2001 51
2002 60
2003 44
2004 56
2005 64
2006 46
2007 51
2008 51
2009 53
2010 61
2011 44
2012 63
2013 49
2014 48
2015 57
2016 50
2017 48
2018 52
2019 50
2020 57
2021 56
2022 55
2023 39
2024 53
2025 51
2026 44
2027 52
2028 28
2029 49
2030 52
2031 53
2032 49
2033 62
2034 52
2035 47
2036 45
2037 57
2038 49
2039 44
2040 47
2041 68
2042 40
2043 41
2044 54
2045 52
2046 47
2047 53
2048 48
2049 49
2050 50
2051 39
2052 50
2053 50
2054 48
2055 49
2056 48
2057 36
2058 47
2059 53
2060 50
2061 45
2062 50
2063 67
2064 47
2065 49
2066 39
2067 58
2068 46
2069 53
2070 45
2071 46
2072 38
2073 33
2074 57
2075 41
2076 51
2077 48
2078 49
2079 39
2080 44
2081 40
2082 50
2083 44
2084 47
2085 65
2086 37
2087 54
2088 39
2089 53
2090 43
2091 42
2092 55
2093 48
2094 29
2095 43
2096 46
2097 46
2098 43
2099 46
2100 34
2101 43
2102 49
2103 45
2104 39
2105 51
2106 45
2107 41
2108 32
2109 50
2110 45
2111 49
2112 52
2113 42
2114 54
2115 40
2116 48
2117 57
2118 44
2119 43
2120 43
2121 36
2122 44
2123 39
2124 44
2125 48
2126 42
2127 44
2128 48
2129 40
2130 40
2131 42
2132 38
2133 44
2134 30
2135 47
2136 44
2137 32
2138 36
2139 40
2140 44
2141 48
2142 40
2143 47
2144 43
2145 38
2146 43
2147 37
2148 42
2149 34
2150 43
2151 29
2152 45
2153 57
2154 41
2155 38
2156 32
2157 37
2158 40
2159 37
2160 48
2161 26
2162 47
2163 37
2164 37
2165 33
2166 45
2167 49
2168 39
2169 43
2170 30
2171 32
2172 40
2173 35
2174 37
2175 39
2176 34
2177 39
2178 36
2179 38
2180 39
2181 49
2182 45
2183 30
2184 30
2185 38
2186 35
2187 44
2188 35
2189 43
2190 35
2191 31
2192 36
2193 41
2194 42
2195 36
2196 33
2197 34
2198 42
2199 31
2200 37
2201 29
2202 34
2203 44
2204 35
2205 36
2206 38
2207 37
2208 31
2209 38
2210 39
2211 32
2212 40
2213 25
2214 34
2215 32
2216 49
2217 37
2218 41
2219 29
2220 41
2221 34
2222 25
2223 43
2224 34
2225 37
2226 37
2227 36
2228 36
2229 46
2230 41
2231 32
2232 32
2233 36
2234 30
2235 31
2236 28
2237 43
2238 24
2239 28
2240 29
2241 37
2242 32
2243 46
2244 42
2245 32
2246 28
2247 39
2248 26
2249 25
2250 40
2251 34
2252 31
2253 37
2254 33
2255 27
2256 39
2257 32
2258 32
2259 39
2260 30
2261 39
2262 33
2263 43
2264 24
2265 40
2266 30
2267 36
2268 46
2269 33
2270 41
2271 27
2272 36
2273 39
2274 39
2275 31
2276 48
2277 33
2278 34
2279 33
2280 27
2281 37
2282 29
2283 42
2284 24
2285 33
2286 26
2287 33
2288 37
2289 21
2290 33
2291 27
2292 29
2293 29
2294 33
2295 36
2296 26
2297 37
2298 30
2299 38
2300 42
2301 34
2302 27
2303 20
2304 26
2305 34
2306 23
2307 32
2308 34
2309 23
2310 28
2311 31
2312 23
2313 22
2314 30
2315 37
2316 33
2317 25
2318 29
2319 23
2320 14
2321 36
2322 36
2323 27
2324 31
2325 26
2326 30
2327 25
2328 38
2329 33
2330 27
2331 30
2332 29
2333 20
2334 22
2335 27
2336 32
2337 21
2338 29
2339 32
2340 28
2341 20
2342 36
2343 27
2344 28
2345 31
2346 31
2347 32
2348 31
2349 28
2350 34
2351 32
2352 35
2353 23
2354 29
2355 25
2356 33
2357 23
2358 32
2359 24
2360 25
2361 24
2362 29
2363 24
2364 27
2365 25
2366 21
2367 23
2368 26
2369 21
2370 17
2371 27
2372 26
2373 24
2374 23
2375 21
2376 39
2377 30
2378 28
2379 26
2380 31
2381 24
2382 27
2383 17
2384 24
2385 23
2386 25
2387 20
2388 14
2389 24
2390 30
2391 25
2392 21
2393 26
2394 19
2395 28
2396 17
2397 22
2398 28
2399 16
2400 40
2401 21
2402 29
2403 22
2404 25
2405 28
2406 21
2407 35
2408 32
2409 21
2410 26
2411 20
2412 19
2413 24
2414 21
2415 30
2416 21
2417 25
2418 26
2419 29
2420 24
2421 21
2422 28
2423 17
2424 24
2425 22
2426 25
2427 22
2428 21
2429 30
2430 21
2431 24
2432 28
2433 20
2434 30
2435 29
2436 17
2437 17
2438 29
2439 19
2440 20
2441 29
2442 28
2443 27
2444 24
2445 23
2446 20
2447 31
2448 19
2449 24
2450 19
2451 22
2452 19
2453 26
2454 22
2455 17
2456 22
2457 20
2458 27
2459 25
2460 24
2461 21
2462 15
2463 24
2464 24
2465 18
2466 32
2467 24
2468 21
2469 19
2470 28
2471 33
2472 21
2473 27
2474 27
2475 26
2476 20
2477 18
2478 20
2479 24
2480 19
2481 20
2482 23
2483 22
2484 20
2485 19
2486 25
2487 26
2488 15
2489 28
2490 28
2491 28
2492 20
2493 23
2494 21
2495 23
2496 32
2497 24
2498 9
2499 18
2500 17
2501 17
2502 14
2503 21
2504 19
2505 22
2506 23
2507 22
2508 30
2509 21
2510 36
2511 14
2512 15
2513 17
2514 26
2515 14
2516 26
2517 27
2518 21
2519 14
2520 20
2521 18
2522 23
2523 25
2524 21
2525 14
2526 31
2527 18
2528 27
2529 19
2530 32
2531 18
2532 25
2533 20
2534 20
2535 12
2536 21
2537 18
2538 14
2539 19
2540 21
2541 18
2542 22
2543 14
2544 11
2545 10
2546 25
2547 15
2548 26
2549 13
2550 16
2551 14
2552 11
2553 16
2554 21
2555 21
2556 18
2557 25
2558 20
2559 23
2560 20
2561 12
2562 21
2563 15
2564 18
2565 17
2566 20
2567 18
2568 11
2569 10
2570 14
2571 14
2572 18
2573 17
2574 20
2575 20
2576 12
2577 19
2578 18
2579 19
2580 19
2581 18
2582 24
2583 11
2584 20
2585 20
2586 24
2587 21
2588 15
2589 16
2590 20
2591 22
2592 17
2593 23
2594 14
2595 21
2596 16
2597 13
2598 12
2599 21
2600 18
2601 16
2602 18
2603 15
2604 14
2605 20
2606 11
2607 15
2608 16
2609 25
2610 17
2611 27
2612 17
2613 24
2614 21
2615 22
2616 15
2617 16
2618 15
2619 13
2620 19
2621 17
2622 20
2623 24
2624 13
2625 16
2626 15
2627 14
2628 20
2629 15
2630 24
2631 14
2632 19
2633 17
2634 13
2635 14
2636 19
2637 22
2638 13
2639 11
2640 11
2641 18
2642 17
2643 26
2644 17
2645 23
2646 24
2647 17
2648 15
2649 13
2650 19
2651 17
2652 11
2653 19
2654 19
2655 14
2656 25
2657 20
2658 17
2659 23
2660 11
2661 22
2662 18
2663 13
2664 14
2665 19
2666 18
2667 14
2668 15
2669 15
2670 10
2671 16
2672 16
2673 19
2674 16
2675 17
2676 15
2677 18
2678 17
2679 16
2680 21
2681 12
2682 15
2683 11
2684 15
2685 15
2686 10
2687 22
2688 18
2689 19
2690 21
2691 11
2692 12
2693 16
2694 15
2695 18
2696 15
2697 23
2698 12
2699 16
2700 14
2701 15
2702 12
2703 16
2704 14
2705 10
2706 12
2707 15
2708 13
2709 13
2710 18
2711 16
2712 19
2713 21
2714 23
2715 12
2716 23
2717 18
2718 15
2719 13
2720 9
2721 10
2722 19
2723 17
2724 8
2725 13
2726 15
2727 12
2728 15
2729 8
2730 14
2731 20
2732 13
2733 15
2734 16
2735 16
2736 17
2737 20
2738 8
2739 18
2740 11
2741 14
2742 20
2743 21
2744 13
2745 17
2746 13
2747 17
2748 22
2749 9
2750 10
2751 15
2752 13
2753 17
2754 17
2755 14
2756 16
2757 17
2758 19
2759 16
2760 12
2761 14
2762 19
2763 12
2764 13
2765 15
2766 15
2767 14
2768 17
2769 20
2770 16
2771 14
2772 9
2773 13
2774 18
2775 22
2776 17
2777 24
2778 21
2779 22
2780 14
2781 18
2782 13
2783 14
2784 11
2785 12
2786 10
2787 13
2788 8
2789 16
2790 14
2791 14
2792 15
2793 17
2794 10
2795 18
2796 14
2797 12
2798 9
2799 11
2800 19
2801 11
2802 12
2803 15
2804 21
2805 11
2806 16
2807 18
2808 9
2809 11
2810 15
2811 20
2812 18
2813 16
2814 15
2815 14
2816 11
2817 19
2818 18
2819 15
2820 15
2821 9
2822 11
2823 10
2824 7
2825 9
2826 17
2827 21
2828 12
2829 13
2830 13
2831 10
2832 11
2833 10
2834 8
2835 9
2836 16
2837 14
2838 22
2839 11
2840 19
2841 19
2842 14
2843 17
2844 13
2845 8
2846 16
2847 13
2848 19
2849 14
2850 12
2851 15
2852 19
2853 11
2854 11
2855 14
2856 15
2857 12
2858 10
2859 10
2860 7
2861 9
2862 13
2863 15
2864 14
2865 18
2866 10
2867 14
2868 15
2869 14
2870 15
2871 8
2872 10
2873 9
2874 20
2875 14
2876 14
2877 14
2878 13
2879 11
2880 15
2881 11
2882 7
2883 11
2884 10
2885 10
2886 11
2887 11
2888 13
2889 19
2890 15
2891 15
2892 12
2893 9
2894 14
2895 14
2896 9
2897 12
2898 10
2899 10
2900 11
2901 13
2902 11
2903 7
2904 15
2905 20
2906 6
2907 11
2908 11
2909 8
2910 13
2911 10
2912 18
2913 14
2914 14
2915 16
2916 18
2917 8
2918 11
2919 8
2920 13
2921 10
2922 10
2923 12
2924 12
2925 6
2926 18
2927 7
2928 11
2929 8
2930 13
2931 16
2932 9
2933 6
2934 7
2935 7
2936 4
2937 12
2938 23
2939 10
2940 7
2941 8
2942 18
2943 12
2944 13
2945 12
2946 8
2947 10
2948 8
2949 14
2950 11
2951 9
2952 16
2953 12
2954 10
2955 6
2956 16
2957 9
2958 10
2959 7
2960 11
2961 17
2962 11
2963 15
2964 11
2965 7
2966 12
2967 11
2968 10
2969 13
2970 10
2971 6
2972 14
2973 9
2974 5
2975 9
2976 7
2977 10
2978 14
2979 13
2980 10
2981 5
2982 4
2983 13
2984 11
2985 12
2986 9
2987 11
2988 11
2989 8
2990 6
2991 12
2992 15
2993 12
2994 8
2995 11
2996 9
2997 8
2998 18
2999 10
3000 5
3001 14
3002 13
3003 8
3004 16
3005 11
3006 6
3007 9
3008 18
3009 7
3010 6
3011 11
3012 8
3013 13
3014 8
3015 12
3016 7
3017 9
3018 16
3019 9
3020 9
3021 11
3022 12
3023 11
3024 11
3025 9
3026 12
3027 13
3028 9
3029 9
3030 13
3031 6
3032 10
3033 11
3034 4
3035 13
3036 6
3037 10
3038 8
3039 9
3040 11
3041 8
3042 14
3043 10
3044 12
3045 8
3046 9
3047 8
3048 11
3049 17
3050 5
3051 6
3052 5
3053 10
3054 10
3055 8
3056 8
3057 4
3058 10
3059 13
3060 11
3061 17
3062 8
3063 14
3064 11
3065 6
3066 10
3067 4
3068 6
3069 9
3070 9
3071 12
3072 11
3073 11
3074 12
3075 6
3076 7
3077 12
3078 9
3079 8
3080 5
3081 9
3082 10
3083 6
3084 8
3085 11
3086 5
3087 6
3088 7
3089 5
3090 10
3091 8
3092 11
3093 7
3094 9
3095 6
3096 8
3097 11
3098 9
3099 5
3100 13
3101 11
3102 12
3103 16
3104 12
3105 7
3106 12
3107 11
3108 10
3109 6
3110 8
3111 11
3112 18
3113 7
3114 10
3115 13
3116 10
3117 11
3118 7
3119 7
3120 13
3121 9
3122 14
3123 7
3124 9
3125 7
3126 8
3127 14
3128 6
3129 6
3130 11
3131 10
3132 8
3133 9
3134 8
3135 6
3136 8
3137 13
3138 11
3139 11
3140 6
3141 9
3142 5
3143 5
3144 8
3145 6
3146 6
3147 9
3148 9
3149 10
3150 8
3151 7
3152 10
3153 8
3154 11
3155 6
3156 4
3157 14
3158 6
3159 7
3160 8
3161 6
3162 8
3163 12
3164 10
3165 11
3166 10
3167 6
3168 8
3169 8
3170 4
3171 5
3172 12
3173 12
3174 9
3175 8
3176 6
3177 10
3178 9
3179 15
3180 14
3181 6
3182 8
3183 6
3184 5
3185 4
3186 11
3187 5
3188 5
3189 12
3190 3
3191 9
3192 10
3193 8
3194 8
3195 4
3196 6
3197 7
3198 13
3199 7
3200 5
3201 5
3202 7
3203 9
3204 9
3205 9
3206 12
3207 13
3208 4
3209 9
3210 4
3211 10
3212 3
3213 8
3214 3
3215 7
3216 11
3217 7
3218 10
3219 7
3220 10
3221 6
3222 9
3223 8
3224 9
3225 9
3226 13
3227 10
3228 9
3229 9
3230 8
3231 11
3232 8
3233 5
3234 10
3235 13
3236 9
3237 9
3238 5
3239 6
3240 6
3241 7
3242 6
3243 11
3244 7
3245 6
3246 10
3247 10
3248 6
3249 5
3250 7
3251 4
3252 4
3253 10
3254 9
3255 7
3256 7
3257 10
3258 8
3259 7
3260 8
3261 6
3262 7
3263 7
3264 16
3265 4
3266 3
3267 8
3268 4
3269 8
3270 12
3271 5
3272 13
3273 7
3274 7
3275 5
3276 8
3277 12
3278 8
3279 7
3280 6
3281 7
3282 9
3283 10
3284 8
3285 7
3286 10
3287 10
3288 9
3289 13
3290 10
3291 11
3292 8
3293 9
3294 7
3295 9
3296 10
3297 8
3298 7
3299 9
3300 8
3301 8
3302 6
3303 6
3304 3
3305 6
3306 8
3307 6
3308 10
3309 9
3310 8
3311 8
3312 6
3313 7
3314 2
3315 10
3316 4
3317 5
3318 6
3319 8
3320 8
3321 6
3322 10
3323 7
3324 8
3325 9
3326 7
3327 9
3328 6
3329 3
3330 8
3331 9
3332 5
3333 11
3334 10
3335 5
3336 6
3337 4
3338 8
3339 10
3340 5
3341 4
3342 10
3343 13
3344 9
3345 6
3346 13
3347 8
3348 10
3349 3
3350 5
3351 8
3352 10
3353 8
3354 6
3355 12
3356 11
3357 7
3358 6
3359 3
3360 3
3361 10
3362 10
3363 8
3364 4
3365 9
3366 8
3367 4
3368 7
3369 5
3370 8
3371 6
3372 7
3373 6
3374 7
3375 7
3376 7
3377 11
3378 7
3379 11
3380 6
3381 6
3382 8
3383 8
3384 6
3385 3
3386 11
3387 6
3388 5
3389 2
3390 5
3391 7
3392 6
3393 8
3394 11
3395 10
3396 6
3397 8
3398 6
3399 6
3400 4
3401 10
3402 13
3403 7
3404 10
3405 9
3406 4
3407 2
3408 6
3409 2
3410 5
3411 7
3412 4
3413 7
3414 9
3415 9
3416 9
3417 9
3418 6
3419 6
3420 1
3421 10
3422 2
3423 5
3424 6
3425 9
3426 11
3427 8
3428 5
3429 12
3430 9
3431 4
3432 5
3433 6
3434 8
3435 8
3436 7
3437 5
3438 2
3439 8
3440 12
3441 4
3442 5
3443 5
3444 6
3445 10
3446 6
3447 6
3448 8
3449 7
3450 5
3451 6
3452 9
3453 2
3454 9
3455 9
3456 4
3457 7
3458 6
3459 4
3460 8
3461 4
3462 7
3463 5
3464 6
3465 6
3466 3
3467 5
3468 5
3469 2
3470 4
3471 5
3472 6
3473 4
3474 7
3475 3
3476 2
3477 5
3478 5
3479 7
3480 6
3481 2
3482 4
3483 5
3484 7
3485 5
3486 8
3487 4
3488 4
3489 7
3490 6
3491 5
3492 5
3493 7
3494 7
3495 3
3496 7
3497 7
3498 2
3499 9
3500 3
3501 5
3502 6
3503 4
3504 6
3505 7
3506 8
3507 3
3508 6
3509 5
3510 6
3511 4
3512 5
3513 2
3514 3
3515 6
3516 5
3517 6
3518 8
3519 8
3520 4
3521 5
3522 1
3523 8
3524 5
3525 8
3526 4
3527 7
3528 4
3529 5
3530 7
3531 6
3532 7
3533 6
3534 5
3535 6
3536 2
3537 6
3538 4
3539 3
3540 8
3541 5
3542 8
3543 3
3544 10
3545 8
3546 1
3547 11
3548 7
3549 11
3550 7
3551 6
3552 1
3553 3
3554 6
3555 6
3556 3
3557 5
3558 5
3559 6
3560 10
3561 7
3562 2
3563 8
3564 4
3565 6
3566 2
3567 7
3568 5
3569 1
3570 6
3571 7
3572 6
3573 1
3574 3
3575 4
3576 8
3577 7
3578 7
3579 4
3580 10
3581 6
3582 7
3583 7
3584 5
3585 3
3586 8
3587 1
3588 5
3589 7
3590 6
3591 4
3592 3
3593 2
3594 4
3595 5
3596 4
3597 4
3598 2
3599 6
3600 3
3601 2
3602 2
3603 3
3604 11
3605 3
3606 6
3607 2
3609 3
3610 2
3611 9
3612 6
3613 4
3614 8
3615 6
3616 7
3617 5
3618 5
3619 2
3620 6
3621 18
3622 6
3623 6
3624 8
3625 5
3626 2
3627 5
3628 10
3629 3
3630 5
3631 4
3632 2
3633 6
3634 5
3635 2
3636 2
3637 6
3638 6
3639 5
3640 6
3641 2
3642 2
3643 7
3644 5
3645 3
3646 6
3647 4
3648 3
3649 3
3650 5
3651 3
3652 2
3653 3
3654 5
3655 6
3656 2
3657 7
3658 2
3659 4
3660 9
3661 4
3662 5
3663 5
3664 4
3665 6
3666 1
3667 9
3668 10
3669 4
3670 3
3671 3
3672 4
3673 5
3674 5
3675 9
3676 3
3677 6
3678 2
3679 2
3680 8
3681 6
3682 9
3683 3
3684 3
3685 4
3686 7
3687 8
3688 4
3689 6
3690 5
3691 3
3692 3
3693 4
3694 2
3695 5
3696 3
3697 8
3698 5
3699 5
3700 3
3701 3
3702 3
3703 1
3704 3
3705 6
3706 5
3707 5
3708 4
3709 2
3710 6
3711 5
3712 10
3713 3
3714 3
3715 2
3716 6
3717 4
3718 4
3719 8
3720 6
3721 4
3722 7
3723 5
3724 6
3725 10
3726 5
3727 3
3728 2
3729 3
3730 5
3731 2
3732 4
3733 8
3734 4
3735 8
3736 5
3737 4
3738 5
3739 7
3740 2
3741 6
3742 2
3743 7
3744 4
3745 3
3746 8
3747 3
3748 2
3749 2
3750 5
3751 3
3752 2
3753 10
3754 2
3755 6
3756 8
3757 5
3758 10
3759 7
3760 5
3761 7
3762 6
3763 3
3764 3
3765 2
3766 4
3767 5
3768 4
3769 6
3770 2
3771 2
3772 4
3773 4
3774 2
3775 4
3776 6
3777 5
3778 3
3779 3
3780 4
3781 2
3782 5
3783 4
3784 6
3785 4
3786 2
3787 7
3788 5
3789 4
3790 2
3791 7
3792 2
3793 3
3794 5
3795 8
3796 1
3797 3
3798 4
3799 3
3800 3
3801 2
3802 5
3803 1
3804 2
3805 2
3806 5
3807 1
3808 1
3809 5
3810 4
3811 4
3812 2
3813 2
3814 5
3815 3
3816 1
3817 3
3818 3
3819 5
3820 4
3821 5
3822 8
3823 5
3824 5
3825 2
3826 7
3827 4
3828 5
3829 4
3830 7
3831 3
3832 5
3833 4
3834 3
3835 6
3836 7
3837 3
3838 5
3839 3
3840 4
3841 2
3842 4
3843 2
3844 5
3845 4
3846 6
3847 8
3848 3
3849 4
3850 6
3851 7
3852 2
3853 6
3854 5
3855 5
3856 4
3857 3
3859 5
3860 2
3861 2
3862 6
3863 6
3864 7
3865 6
3866 3
3867 6
3868 2
3869 4
3870 2
3872 1
3873 3
3874 3
3875 7
3876 3
3878 4
3879 5
3880 3
3881 1
3882 6
3883 7
3884 2
3885 6
3886 5
3887 7
3888 5
3889 6
3890 4
3891 4
3892 7
3893 3
3894 5
3895 2
3896 1
3897 1
3898 5
3899 2
3901 2
3902 7
3903 3
3904 2
3905 5
3906 6
3907 2
3908 4
3909 2
3910 2
3911 2
3912 4
3913 5
3914 5
3915 1
3916 7
3917 2
3918 3
3919 1
3920 5
3921 1
3922 4
3923 6
3924 6
3925 4
3926 3
3927 4
3928 4
3929 4
3930 6
3931 3
3932 5
3933 8
3934 2
3935 5
3936 1
3937 2
3938 2
3940 3
3941 2
3942 2
3943 7
3944 3
3945 4
3946 4
3947 3
3948 4
3949 3
3950 4
3951 5
3952 2
3953 2
3954 7
3955 3
3956 4
3957 5
3958 1
3959 1
3960 1
3961 7
3962 7
3963 6
3964 2
3965 3
3966 6
3967 3
3968 2
3969 4
3970 4
3971 4
3972 2
3973 2
3974 3
3975 5
3976 5
3977 5
3978 1
3979 4
3980 2
3981 3
3982 4
3983 3
3984 4
3985 5
3986 6
3987 5
3988 3
3989 4
3990 3
3991 5
3992 2
3993 4
3994 2
3995 5
3996 6
3997 5
3998 6
3999 5
4000 2
4001 6
4002 3
4003 2
4004 2
4005 4
4006 4
4007 8
4008 4
4009 1
4010 3
4011 4
4012 5
4013 4
4014 1
4015 4
4016 2
4017 4
4018 4
4019 5
4020 7
4021 3
4022 4
4023 1
4024 9
4025 7
4026 5
4027 7
4028 3
4030 5
4031 2
4032 5
4033 3
4034 4
4035 1
4036 4
4037 3
4038 3
4039 2
4040 2
4041 5
4042 2
4043 1
4044 2
4045 1
4046 8
4047 5
4048 2
4049 4
4050 4
4051 5
4052 4
4053 4
4054 1
4055 3
4057 4
4058 4
4059 4
4060 4
4061 3
4062 1
4063 4
4064 5
4065 1
4066 1
4067 2
4068 6
4069 2
4071 2
4072 5
4073 2
4074 2
4075 6
4076 4
4078 3
4079 1
4081 4
4082 4
4083 3
4084 3
4085 4
4086 2
4087 4
4088 4
4089 1
4090 5
4091 6
4092 2
4093 3
4095 2
4096 3
4097 2
4098 5
4100 2
4102 3
4103 6
4104 4
4105 4
4106 5
4107 3
4108 2
4109 5
4110 6
4111 3
4113 5
4114 3
4115 3
4116 4
4117 2
4118 4
4119 3
4120 8
4121 3
4122 2
4123 8
4124 3
4125 4
4126 5
4127 4
4128 6
4129 1
4130 5
4131 7
4132 2
4133 2
4134 1
4135 5
4136 3
4137 5
4138 6
4139 1
4140 3
4141 2
4142 5
4143 2
4144 3
4145 2
4146 5
4147 3
4148 5
4149 3
4150 2
4151 8
4152 5
4153 5
4154 3
4155 1
4156 6
4157 4
4158 5
4159 5
4160 8
4161 4
4162 3
4163 4
4164 6
4165 1
4166 3
4167 1
4168 4
4169 7
4170 5
4171 4
4172 5
4173 5
4174 1
4176 1
4177 4
4178 4
4179 1
4180 6
4181 2
4182 3
4183 5
4184 2
4185 1
4186 1
4187 3
4188 7
4189 7
4190 1
4191 5
4192 5
4193 2
4194 3
4195 3
4197 4
4198 1
4199 5
4200 4
4201 4
4202 2
4203 1
4204 6
4205 2
4206 2
4207 1
4208 5
4209 4
4210 4
4211 2
4212 6
4213 3
4215 2
4216 6
4217 4
4218 7
4219 3
4220 5
4221 2
4222 2
4223 4
4224 4
4225 2
4226 2
4227 3
4228 6
4229 3
4230 4
4231 3
4232 2
4233 1
4234 5
4236 6
4237 2
4238 2
4239 5
4240 6
4241 4
4242 1
4243 7
4244 5
4245 4
4246 2
4247 5
4248 1
4249 3
4250 2
4251 1
4252 2
4253 2
4254 3
4255 2
4256 3
4257 3
4258 4
4259 3
4260 2
4261 4
4262 6
4263 3
4264 4
4265 3
4266 3
4267 3
4268 2
4270 2
4271 3
4272 1
4273 2
4274 2
4275 5
4276 5
4277 4
4279 1
4280 2
4281 1
4282 2
4283 3
4284 2
4285 2
4286 3
4287 5
4289 3
4290 2
4291 4
4292 4
4293 1
4294 4
4295 2
4296 4
4297 3
4298 2
4299 4
4300 3
4302 5
4303 4
4304 4
4305 3
4306 6
4308 6
4309 1
4310 1
4311 3
4312 2
4313 3
4314 2
4315 5
4316 2
4317 1
4318 3
4319 1
4321 1
4322 2
4323 1
4324 1
4327 4
4328 4
4329 6
4330 2
4331 4
4332 2
4333 3
4334 1
4335 4
4336 4
4337 5
4338 1
4339 3
4340 4
4341 6
4343 4
4344 3
4345 1
4346 2
4347 2
4348 5
4349 2
4351 1
4352 5
4353 3
4354 4
4355 1
4356 1
4357 6
4358 4
4359 3
4360 1
4361 1
4362 3
4363 6
4364 3
4365 5
4366 2
4367 4
4369 4
4370 3
4371 1
4372 3
4373 1
4374 4
4375 5
4376 2
4377 2
4378 2
4379 3
4380 4
4381 4
4382 2
4383 2
4384 2
4385 5
4386 3
4387 1
4388 2
4389 3
4390 2
4391 2
4392 1
4393 1
4394 1
4395 5
4396 7
4397 1
4398 2
4400 5
4401 4
4402 4
4403 3
4404 2
4405 1
4406 6
4407 1
4408 2
4409 4
4410 2
4411 1
4412 3
4413 3
4414 2
4415 5
4417 5
4418 7
4419 6
4420 1
4421 3
4422 2
4423 2
4424 1
4426 1
4427 3
4428 2
4429 1
4430 1
4431 2
4432 2
4433 2
4434 4
4435 5
4436 2
4437 5
4438 7
4439 3
4440 2
4441 3
4442 2
4443 5
4444 5
4445 5
4448 3
4449 7
4450 1
4451 1
4452 6
4453 2
4454 1
4455 3
4456 2
4457 1
4458 2
4459 2
4460 1
4461 4
4462 3
4463 4
4464 2
4466 4
4467 3
4468 2
4469 1
4470 2
4471 3
4472 3
4473 3
4474 4
4475 1
4476 2
4477 4
4478 2
4479 2
4480 5
4481 1
4482 3
4483 1
4484 2
4485 2
4486 4
4487 3
4488 3
4489 3
4491 2
4492 3
4493 2
4494 4
4495 3
4496 6
4498 3
4499 3
4500 3
4501 2
4502 2
4503 3
4504 4
4505 2
4506 4
4507 1
4508 2
4509 4
4510 1
4512 4
4513 3
4514 3
4515 4
4516 1
4517 3
4518 5
4519 6
4520 3
4521 1
4522 3
4523 3
4524 1
4525 1
4526 2
4527 3
4528 3
4529 2
4531 1
4533 1
4535 3
4536 4
4537 3
4538 1
4539 2
4540 2
4541 1
4542 2
4543 6
4544 4
4545 3
4546 2
4547 2
4548 6
4550 1
4551 3
4552 3
4553 3
4556 2
4557 2
4558 3
4559 4
4560 6
4561 2
4563 1
4564 4
4566 2
4567 2
4568 3
4569 3
4570 3
4571 3
4573 2
4574 2
4575 3
4576 1
4577 4
4578 1
4579 3
4580 3
4581 3
4582 4
4583 2
4584 2
4585 1
4586 1
4587 1
4588 2
4589 2
4590 3
4591 4
4593 1
4594 5
4595 4
4596 5
4597 5
4598 2
4599 2
4600 4
4601 1
4602 2
4603 2
4604 1
4605 3
4606 1
4607 2
4608 3
4609 1
4610 1
4611 3
4612 1
4613 1
4614 2
4615 1
4616 1
4617 2
4618 2
4619 3
4620 1
4621 4
4622 1
4623 3
4625 2
4626 2
4627 4
4628 1
4629 4
4630 1
4631 2
4632 1
4634 1
4637 2
4638 4
4639 3
4640 4
4641 1
4642 2
4643 4
4644 3
4645 3
4646 2
4647 5
4648 1
4649 4
4650 5
4651 2
4652 2
4653 3
4654 2
4655 2
4656 1
4657 2
4658 2
4659 3
4660 2
4661 2
4663 1
4664 3
4665 1
4666 2
4667 3
4668 3
4669 1
4670 1
4671 3
4672 1
4673 1
4674 1
4676 1
4677 2
4680 1
4681 3
4682 1
4683 1
4684 2
4685 3
4686 1
4687 5
4688 7
4689 1
4690 4
4691 3
4692 4
4693 3
4694 1
4695 2
4696 1
4697 2
4699 1
4700 1
4701 1
4702 1
4703 1
4704 3
4705 3
4706 3
4707 2
4708 3
4709 3
4710 2
4711 1
4712 1
4713 1
4716 4
4717 3
4719 3
4720 4
4721 2
4722 3
4724 2
4726 1
4727 3
4728 1
4729 3
4730 2
4732 4
4733 3
4734 3
4735 3
4736 5
4737 3
4738 1
4739 2
4740 1
4741 2
4742 1
4745 3
4747 3
4748 3
4749 2
4750 1
4751 1
4752 2
4754 1
4755 4
4756 1
4757 1
4758 1
4759 2
4760 5
4761 2
4762 1
4764 1
4766 3
4767 1
4768 5
4771 1
4772 3
4773 1
4774 4
4775 2
4776 2
4777 4
4778 2
4779 2
4780 4
4781 1
4782 1
4783 3
4784 1
4786 2
4787 1
4788 1
4789 4
4790 2
4791 1
4792 4
4793 1
4795 1
4796 3
4797 1
4799 6
4800 4
4801 1
4802 3
4804 3
4805 1
4808 1
4810 3
4811 2
4813 4
4814 1
4815 2
4816 3
4817 4
4818 1
4819 1
4820 1
4821 3
4822 1
4823 3
4825 1
4827 3
4828 2
4829 1
4830 1
4831 2
4832 3
4833 2
4834 2
4835 1
4836 2
4837 1
4838 4
4841 1
4843 2
4844 1
4846 1
4847 2
4849 3
4851 1
4853 3
4854 1
4856 3
4857 1
4859 1
4860 3
4861 2
4862 1
4863 2
4864 1
4865 1
4866 2
4867 1
4869 1
4870 3
4871 4
4872 4
4873 2
4874 2
4875 4
4876 1
4877 3
4878 3
4879 5
4880 2
4881 5
4882 2
4883 2
4884 1
4885 3
4886 2
4887 1
4888 4
4889 1
4890 1
4892 1
4894 3
4895 2
4896 2
4897 1
4898 2
4899 2
4900 1
4901 1
4902 3
4903 3
4904 3
4906 3
4907 1
4908 1
4909 2
4910 1
4911 1
4912 2
4913 2
4914 2
4915 2
4917 2
4918 1
4919 4
4920 4
4921 2
4922 3
4923 1
4924 1
4925 2
4926 2
4927 5
4928 1
4929 3
4930 2
4931 4
4932 1
4933 3
4935 1
4936 1
4937 1
4938 2
4940 2
4943 4
4944 3
4945 2
4946 4
4947 3
4949 2
4950 5
4951 5
4953 2
4955 2
4956 2
4957 2
4959 1
4960 1
4961 2
4962 5
4964 1
4966 2
4967 4
4969 2
4970 1
4971 1
4972 3
4973 1
4974 5
4976 2
4978 2
4979 1
4980 1
4981 1
4982 1
4983 2
4984 2
4985 1
4987 5
4988 4
4991 2
4993 3
4994 2
4995 2
4996 3
4997 3
4998 1
4999 1
5002 1
5003 1
5004 1
5005 1
5006 1
5007 5
5009 1
5010 3
5011 4
5012 1
5015 3
5016 3
5017 1
5019 3
5020 5
5021 1
5023 2
5024 1
5025 2
5026 1
5027 4
5028 4
5029 3
5030 1
5031 3
5032 1
5034 1
5035 1
5036 1
5037 1
5038 5
5039 3
5040 2
5041 2
5042 3
5043 1
5046 3
5048 1
5049 1
5051 1
5052 2
5054 1
5055 1
5056 1
5057 1
5059 2
5060 1
5061 4
5063 1
5065 2
5066 1
5068 1
5069 2
5072 2
5074 1
5075 2
5076 1
5077 2
5078 3
5079 3
5081 2
5082 2
5085 4
5086 3
5088 4
5089 1
5090 1
5091 1
5092 2
5093 2
5094 1
5095 1
5096 1
5097 4
5098 1
5099 3
5100 1
5101 2
5102 1
5103 2
5104 3
5105 1
5106 1
5107 2
5108 2
5109 2
5111 2
5112 1
5113 1
5114 2
5115 2
5116 1
5117 4
5118 1
5119 2
5122 3
5123 1
5125 3
5127 1
5128 2
5129 1
5130 2
5131 1
5132 1
5133 1
5134 1
5135 2
5136 2
5137 1
5138 2
5140 1
5141 2
5142 2
5143 3
5144 2
5145 1
5146 1
5147 2
5148 3
5149 1
5150 2
5152 1
5153 1
5154 1
5155 3
5156 2
5157 1
5158 1
5162 4
5163 2
5164 2
5165 1
5166 2
5167 3
5168 2
5170 2
5171 2
5173 1
5175 2
5176 1
5177 2
5178 1
5179 5
5181 1
5182 1
5183 4
5184 3
5185 2
5188 1
5189 2
5191 1
5193 2
5194 4
5195 2
5196 2
5197 1
5199 1
5200 1
5201 1
5203 1
5204 1
5207 2
5208 2
5209 1
5210 2
5211 1
5213 2
5214 3
5215 1
5216 2
5218 1
5221 2
5222 3
5223 1
5225 3
5226 2
5227 1
5228 1
5229 1
5230 2
5233 1
5234 3
5236 4
5237 2
5238 1
5239 4
5240 1
5241 1
5244 1
5246 2
5247 1
5248 1
5251 1
5252 2
5253 2
5254 2
5256 2
5257 1
5259 3
5260 2
5261 1
5262 2
5263 1
5264 1
5266 2
5267 4
5268 1
5269 1
5271 1
5272 1
5273 2
5275 1
5276 2
5277 3
5278 2
5279 1
5280 2
5282 1
5283 1
5286 1
5287 2
5288 3
5290 3
5292 1
5293 3
5295 2
5296 3
5297 1
5299 1
5300 2
5301 2
5302 2
5303 1
5304 1
5305 1
5307 3
5308 3
5309 1
5310 1
5312 3
5313 1
5314 1
5316 1
5318 1
5319 1
5321 1
5322 2
5323 1
5324 1
5326 4
5327 2
5329 2
5330 3
5331 1
5332 1
5333 2
5334 1
5335 1
5336 1
5337 1
5338 2
5341 3
5342 4
5343 2
5344 1
5345 2
5346 1
5350 1
5354 1
5355 1
5356 3
5357 1
5358 1
5359 1
5360 2
5361 1
5362 1
5363 1
5364 2
5365 2
5368 1
5369 1
5370 2
5371 1
5373 3
5375 3
5376 1
5377 3
5378 1
5379 1
5382 2
5383 1
5384 2
5385 2
5386 3
5389 2
5390 2
5392 1
5395 1
5397 2
5398 1
5400 2
5401 2
5402 2
5406 1
5407 2
5408 3
5410 1
5411 2
5412 2
5413 2
5414 1
5415 3
5417 1
5418 2
5419 2
5420 1
5421 2
5422 1
5423 3
5424 1
5425 3
5427 2
5428 5
5430 2
5431 2
5432 1
5433 2
5434 3
5437 5
5439 3
5440 2
5442 1
5443 2
5447 1
5448 1
5450 3
5451 1
5452 2
5453 1
5455 1
5458 1
5460 2
5461 1
5463 1
5465 1
5466 2
5467 1
5468 2
5469 1
5470 1
5471 3
5472 2
5474 3
5477 1
5478 1
5480 4
5481 1
5484 1
5485 2
5486 2
5487 4
5488 2
5489 2
5490 2
5493 1
5496 1
5498 4
5500 4
5501 1
5502 1
5503 1
5504 1
5505 1
5508 1
5510 2
5514 2
5516 3
5517 3
5519 1
5520 1
5522 2
5523 2
5525 2
5527 1
5528 1
5529 1
5530 1
5531 2
5532 1
5534 1
5536 2
5537 1
5538 2
5539 3
5541 1
5542 2
5543 1
5544 1
5547 1
5549 2
5551 2
5552 1
5553 1
5554 1
5556 1
5557 1
5559 2
5560 2
5563 1
5564 1
5566 1
5568 1
5569 3
5571 1
5573 2
5574 1
5575 4
5576 1
5578 1
5579 1
5580 2
5581 1
5582 1
5584 1
5586 1
5587 1
5588 1
5591 1
5593 3
5594 3
5597 3
5599 2
5600 2
5601 1
5603 1
5606 1
5608 1
5609 1
5610 3
5613 1
5614 2
5615 2
5617 2
5619 2
5620 1
5621 1
5622 1
5625 3
5627 2
5628 1
5630 1
5631 1
5632 1
5633 1
5634 2
5637 1
5638 1
5639 2
5641 1
5642 1
5645 2
5646 1
5647 3
5648 2
5649 2
5650 2
5651 1
5652 1
5653 1
5654 2
5656 2
5657 1
5658 3
5659 3
5660 2
5662 1
5664 2
5666 1
5668 2
5669 2
5670 2
5672 3
5673 2
5674 1
5676 1
5677 1
5679 2
5681 1
5682 3
5683 1
5686 1
5687 1
5688 2
5689 1
5690 1
5691 2
5692 1
5693 1
5694 1
5698 1
5700 2
5702 3
5703 1
5704 1
5707 4
5709 2
5711 1
5713 1
5714 1
5715 2
5717 1
5718 1
5719 1
5720 2
5722 1
5723 3
5724 1
5725 1
5726 1
5727 1
5730 1
5731 2
5732 1
5734 1
5735 1
5736 1
5738 1
5739 4
5740 1
5742 3
5744 1
5748 1
5749 2
5750 2
5752 4
5754 2
5758 2
5759 1
5762 2
5763 3
5764 3
5765 2
5767 1
5769 1
5770 1
5772 1
5773 2
5774 1
5775 2
5776 1
5777 1
5778 1
5779 1
5780 1
5783 1
5784 2
5785 1
5787 2
5789 2
5791 2
5792 1
5793 1
5794 2
5795 1
5796 2
5797 2
5799 2
5800 3
5802 1
5803 3
5804 1
5805 1
5807 1
5809 3
5814 1
5816 1
5817 1
5818 1
5820 3
5823 2
5826 2
5827 1
5829 1
5830 3
5831 2
5832 1
5833 2
5834 1
5835 1
5837 1
5838 1
5839 3
5840 3
5841 1
5842 1
5843 2
5844 1
5846 3
5847 1
5848 1
5849 1
5850 1
5851 2
5852 1
5853 3
5854 3
5856 2
5857 1
5859 1
5860 1
5862 3
5863 1
5864 2
5866 1
5867 1
5869 1
5870 2
5872 1
5874 2
5875 2
5880 1
5881 3
5884 1
5885 1
5889 1
5890 1
5891 1
5892 2
5893 1
5896 1
5897 1
5898 1
5899 1
5901 1
5903 4
5904 1
5905 3
5906 1
5907 2
5908 1
5909 1
5910 1
5912 1
5913 1
5914 2
5915 1
5916 1
5917 2
5918 1
5919 1
5920 1
5921 2
5924 1
5925 1
5926 1
5929 1
5932 2
5933 1
5934 2
5936 1
5939 1
5942 1
5944 2
5945 4
5946 2
5947 1
5948 1
5949 4
5952 1
5953 1
5955 1
5957 1
5958 1
5961 1
5964 1
5969 3
5970 1
5971 2
5972 2
5973 1
5974 1
5975 2
5976 3
5977 4
5978 2
5980 1
5981 1
5982 1
5983 2
5986 1
5987 1
5990 1
5993 2
5995 2
5998 2
5999 1
6000 4
6002 2
6003 3
6004 1
6005 1
6006 3
6011 1
6015 1
6017 2
6018 1
6019 2
6022 1
6026 1
6027 2
6028 1
6029 1
6030 1
6032 1
6033 1
6035 1
6037 1
6041 3
6043 1
6044 1
6046 1
6047 2
6048 2
6049 1
6051 1
6052 1
6054 2
6055 1
6061 1
6062 2
6063 1
6064 1
6068 1
6069 1
6070 3
6073 2
6074 1
6079 3
6080 1
6081 1
6084 1
6085 1
6086 2
6087 1
6088 1
6090 1
6092 2
6094 3
6095 3
6099 1
6104 1
6105 1
6107 1
6108 2
6112 1
6113 1
6114 2
6115 2
6116 2
6121 1
6122 1
6124 1
6125 1
6126 1
6127 1
6128 1
6131 1
6132 2
6134 2
6136 3
6137 2
6138 2
6139 1
6142 2
6145 2
6146 1
6147 3
6148 3
6149 1
6150 1
6152 2
6153 2
6157 1
6158 3
6160 1
6161 1
6164 2
6165 1
6167 1
6169 1
6173 1
6174 1
6175 1
6176 1
6179 1
6181 1
6182 1
6184 1
6185 1
6186 1
6189 1
6191 3
6192 1
6198 1
6199 1
6200 2
6201 1
6202 3
6203 2
6207 1
6209 1
6210 2
6211 2
6212 1
6213 2
6214 1
6217 2
6221 3
6223 1
6227 1
6229 1
6230 1
6235 1
6237 1
6238 1
6239 1
6240 1
6243 2
6244 2
6246 1
6249 1
6253 1
6255 1
6257 1
6259 1
6260 3
6261 1
6265 5
6266 2
6267 1
6268 2
6269 1
6270 2
6272 1
6273 1
6274 1
6275 1
6276 1
6278 1
6280 2
6281 1
6282 1
6285 1
6286 2
6288 2
6290 2
6291 2
6292 1
6296 1
6298 2
6301 2
6303 2
6305 1
6307 1
6308 1
6310 1
6311 1
6313 3
6314 1
6316 2
6318 1
6319 1
6321 1
6322 1
6326 1
6327 1
6329 2
6332 1
6333 2
6338 1
6339 1
6346 1
6347 2
6348 1
6349 1
6350 1
6352 1
6353 2
6354 1
6355 1
6360 1
6365 1
6366 1
6367 1
6369 1
6370 2
6374 2
6377 1
6382 1
6384 2
6385 1
6390 1
6393 3
6394 1
6396 3
6397 3
6399 1
6403 1
6409 1
6410 1
6411 2
6412 1
6414 1
6417 1
6421 1
6422 1
6423 2
6425 1
6426 1
6427 1
6428 1
6430 1
6432 3
6433 1
6435 1
6442 1
6443 1
6445 4
6449 2
6453 1
6455 2
6456 2
6458 2
6460 2
6466 1
6467 1
6470 2
6472 1
6475 1
6476 2
6477 1
6478 1
6479 1
6483 2
6487 1
6488 1
6490 1
6492 1
6493 3
6494 1
6500 1
6502 2
6504 2
6507 3
6510 2
6511 1
6515 1
6518 3
6519 1
6521 1
6522 2
6524 1
6525 1
6526 1
6527 1
6531 1
6534 1
6538 1
6541 2
6542 1
6544 1
6546 1
6549 2
6550 1
6551 1
6552 2
6558 2
6563 1
6565 2
6566 1
6567 2
6568 1
6569 2
6572 1
6573 2
6576 1
6577 1
6579 1
6581 1
6582 1
6586 2
6595 1
6596 2
6598 1
6606 2
6608 2
6610 1
6614 2
6616 1
6620 1
6623 1
6626 1
6628 1
6629 1
6631 1
6633 2
6638 1
6639 1
6640 1
6643 3
6645 2
6646 1
6647 1
6651 1
6656 1
6660 1
6663 1
6664 2
6665 2
6666 2
6667 1
6668 1
6669 2
6670 1
6672 4
6673 1
6674 1
6676 1
6678 2
6679 1
6680 1
6685 3
6686 3
6689 1
6693 1
6698 1
6700 1
6702 1
6707 1
6708 1
6709 1
6712 2
6713 4
6715 2
6719 2
6720 1
6733 1
6739 1
6746 2
6747 2
6749 1
6751 2
6752 1
6753 1
6754 2
6756 1
6757 2
6764 1
6769 1
6770 1
6771 2
6774 1
6776 1
6777 1
6779 1
6781 1
6783 2
6784 1
6786 1
6790 1
6792 1
6795 2
6797 1
6799 1
6800 1
6801 2
6806 2
6815 1
6816 1
6817 2
6819 1
6821 1
6822 2
6829 1
6830 1
6832 1
6835 1
6836 1
6837 3
6838 2
6842 1
6843 1
6844 1
6845 2
6847 1
6848 1
6850 1
6851 1
6853 2
6856 1
6859 1
6860 2
6862 1
6863 1
6869 1
6872 1
6879 2
6880 1
6881 1
6883 1
6884 1
6886 1
6887 1
6891 1
6892 1
6893 2
6894 1
6900 1
6903 2
6904 1
6905 1
6906 2
6912 1
6914 2
6917 1
6922 1
6924 1
6927 1
6929 1
6931 1
6934 1
6935 1
6936 1
6939 2
6940 1
6944 1
6945 1
6946 1
6947 2
6950 1
6951 1
6952 1
6953 2
6956 1
6957 1
6958 1
6961 1
6963 1
6964 1
6967 1
6972 1
6975 1
6978 1
6980 1
6984 1
6994 1
6995 1
6996 1
6999 3
7000 1
7003 1
7004 1
7006 1
7020 2
7026 1
7030 1
7033 1
7034 1
7035 1
7038 1
7042 3
7044 2
7045 1
7046 2
7047 1
7048 1
7049 1
7050 3
7054 1
7055 2
7057 1
7059 1
7061 1
7065 1
7074 2
7078 1
7083 1
7084 1
7088 1
7091 1
7092 1
7101 1
7106 1
7111 1
7115 1
7117 1
7120 1
7121 1
7122 2
7123 1
7127 2
7128 2
7133 1
7135 1
7138 1
7139 1
7140 1
7144 1
7146 3
7153 2
7155 1
7159 1
7164 1
7165 2
7166 1
7167 1
7169 1
7173 1
7176 1
7179 1
7186 2
7187 2
7190 1
7191 1
7192 3
7194 1
7196 1
7200 1
7201 1
7205 1
7207 1
7209 1
7212 2
7213 2
7215 1
7217 1
7220 1
7221 1
7222 1
7226 3
7233 1
7234 3
7239 1
7240 1
7242 1
7243 2
7245 1
7247 3
7248 1
7249 1
7250 3
7252 1
7258 1
7260 1
7261 1
7263 1
7265 1
7267 1
7268 1
7269 1
7273 1
7274 1
7276 1
7278 1
7283 2
7293 1
7294 1
7298 2
7300 2
7304 1
7306 1
7307 1
7310 1
7311 1
7312 1
7313 1
7317 3
7331 1
7332 1
7334 2
7335 1
7337 1
7338 2
7341 2
7343 1
7344 1
7349 1
7350 1
7355 1
7356 1
7362 1
7363 1
7364 2
7369 1
7370 1
7372 1
7378 1
7384 1
7385 4
7388 1
7391 1
7398 1
7399 1
7404 1
7405 1
7406 1
7410 1
7414 1
7418 1
7419 2
7420 1
7430 1
7431 1
7435 1
7444 1
7447 1
7448 2
7451 1
7452 1
7454 2
7458 1
7459 1
7463 1
7466 2
7470 1
7471 1
7472 1
7483 1
7485 2
7488 1
7504 1
7507 1
7508 1
7509 2
7519 1
7520 1
7525 1
7526 2
7528 1
7530 1
7534 1
7539 1
7542 1
7543 1
7548 1
7551 2
7555 1
7560 2
7563 1
7565 1
7569 1
7579 1
7580 2
7583 1
7586 1
7587 3
7591 1
7593 1
7601 2
7604 2
7605 1
7606 1
7608 1
7610 1
7612 1
7622 1
7623 1
7624 1
7627 1
7628 1
7629 2
7630 1
7632 1
7634 1
7637 1
7639 2
7641 2
7642 1
7643 1
7663 1
7664 2
7666 1
7667 1
7673 1
7678 1
7679 1
7680 1
7681 1
7687 1
7688 1
7689 1
7691 2
7694 2
7698 1
7701 1
7702 1
7706 1
7707 1
7711 1
7712 2
7717 1
7718 2
7723 1
7724 1
7725 1
7728 1
7729 1
7730 1
7737 1
7739 2
7745 1
7746 1
7747 1
7748 2
7749 1
7752 2
7760 1
7762 1
7763 1
7764 1
7767 2
7769 1
7780 1
7786 2
7790 1
7792 1
7794 1
7797 3
7799 1
7802 1
7804 1
7805 1
7806 1
7810 1
7816 1
7818 1
7822 1
7823 1
7827 1
7831 1
7838 1
7839 1
7842 1
7844 1
7849 2
7851 1
7864 1
7867 1
7870 1
7871 1
7881 1
7883 1
7886 1
7887 1
7891 1
7898 1
7899 1
7903 2
7910 1
7911 1
7916 1
7920 1
7921 1
7924 1
7925 1
7931 1
7935 2
7937 1
7942 1
7944 2
7945 2
7946 1
7949 1
7950 1
7951 1
7954 1
7956 1
7958 1
7959 1
7960 1
7963 2
7964 1
7972 1
7973 2
7975 1
7980 1
7982 1
7985 1
7986 1
7987 1
7989 1
7997 2
7998 1
8001 1
8002 1
8004 2
8005 1
8011 1
8015 1
8017 1
8022 1
8023 1
8025 1
8026 3
8029 1
8041 1
8045 1
8046 1
8048 1
8052 1
8057 1
8062 1
8064 1
8067 1
8070 1
8071 1
8076 4
8084 1
8085 1
8087 2
8097 1
8101 2
8102 1
8104 1
8120 1
8127 1
8128 1
8129 1
8133 1
8140 1
8142 3
8143 1
8147 1
8148 1
8149 1
8153 2
8154 1
8157 1
8160 1
8163 1
8172 1
8177 1
8179 1
8183 1
8184 1
8186 1
8188 2
8190 1
8192 1
8197 1
8202 1
8209 1
8213 1
8214 1
8219 2
8221 1
8233 1
8234 1
8238 1
8247 1
8255 1
8257 1
8262 1
8263 1
8267 1
8278 1
8285 1
8286 2
8291 1
8295 1
8296 1
8300 1
8301 1
8308 2
8309 2
8325 1
8327 1
8331 1
8336 1
8340 1
8341 1
8346 1
8350 1
8351 2
8355 1
8356 1
8357 1
8359 1
8363 1
8367 1
8369 1
8372 1
8380 1
8394 2
8395 1
8400 1
8407 1
8408 1
8409 1
8412 2
8415 1
8431 1
8440 1
8441 1
8442 1
8443 1
8444 1
8452 2
8453 1
8454 1
8457 1
8458 2
8464 1
8466 2
8471 1
8474 1
8475 1
8476 1
8481 1
8484 1
8485 1
8487 1
8488 1
8491 1
8501 1
8502 1
8504 1
8505 1
8507 1
8508 1
8516 1
8517 1
8521 2
8522 2
8532 1
8534 1
8535 2
8538 1
8544 1
8545 1
8549 1
8556 1
8558 1
8559 1
8560 1
8561 3
8563 1
8568 1
8569 2
8571 1
8577 1
8580 1
8585 1
8589 2
8592 2
8605 1
8607 1
8608 1
8609 2
8620 1
8627 1
8630 1
8631 1
8636 1
8637 2
8642 1
8643 1
8649 1
8651 1
8653 1
8654 2
8655 1
8662 1
8665 1
8671 1
8675 1
8691 2
8695 2
8696 1
8700 1
8704 1
8707 1
8708 2
8716 1
8720 1
8724 1
8730 1
8733 1
8734 1
8743 1
8746 1
8757 1
8758 1
8768 1
8770 1
8774 1
8784 1
8787 1
8794 1
8797 1
8798 1
8799 1
8802 1
8806 1
8810 1
8811 2
8813 1
8816 2
8826 1
8832 1
8841 1
8843 1
8850 1
8851 1
8854 2
8860 1
8862 1
8864 1
8866 1
8871 2
8875 1
8878 1
8882 1
8887 1
8889 1
8893 2
8896 1
8899 1
8907 1
8908 1
8909 1
8913 2
8915 2
8922 2
8923 1
8925 1
8930 1
8935 1
8937 1
8938 2
8939 1
8944 1
8946 1
8948 2
8953 1
8954 1
8955 1
8956 2
8964 1
8967 1
8975 1
8978 2
8980 1
8981 1
8982 1
8985 2
8986 1
8989 1
8993 1
8994 1
9003 1
9006 2
9017 2
9022 1
9023 1
9026 1
9029 1
9037 1
9038 1
9046 1
9048 1
9062 1
9065 1
9072 1
9075 1
9088 2
9092 1
9097 1
9100 1
9101 1
9102 1
9107 2
9108 1
9109 1
9111 1
9113 1
9120 1
9124 1
9134 1
9138 1
9155 1
9161 1
9166 1
9172 1
9175 1
9178 1
9180 1
9184 1
9193 1
9194 2
9195 1
9197 1
9198 1
9201 1
9203 2
9206 1
9208 1
9214 1
9217 1
9218 2
9223 1
9236 2
9240 1
9241 1
9242 1
9245 2
9253 1
9254 1
9261 1
9262 1
9266 1
9277 2
9280 1
9282 1
9284 1
9287 1
9298 2
9304 1
9309 1
9318 1
9321 1
9325 1
9334 1
9362 2
9371 1
9378 1
9382 1
9396 1
9405 2
9407 1
9412 1
9423 1
9432 1
9433 2
9436 1
9440 1
9442 2
9461 1
9462 2
9463 1
9466 1
9469 2
9481 1
9488 1
9497 1
9499 1
9508 1
9510 1
9519 1
9521 1
9525 2
9527 1
9530 1
9531 2
9532 1
9538 1
9541 2
9546 1
9547 1
9550 1
9553 1
9576 1
9580 2
9590 1
9597 2
9618 1
9629 1
9630 1
9640 1
9644 1
9645 2
9657 2
9662 1
9670 1
9673 1
9684 1
9687 1
9692 1
9694 1
9701 1
9702 1
9709 1
9711 1
9715 1
9720 1
9729 1
9736 2
9741 1
9748 1
9751 1
9754 1
9767 1
9768 1
9791 1
9798 1
9802 1
9803 1
9828 2
9836 1
9841 1
9849 1
9850 1
9856 1
9859 1
9864 1
9865 1
9886 1
9888 2
9894 1
9896 1
9901 1
9909 1
9911 1
9913 1
9922 1
9923 1
9929 1
9931 1
9941 1
9955 1
9957 1
9960 1
9963 1
9967 1
9974 1
9977 1
9978 1
9979 1
9982 2
9988 1
10001 1
10004 1
10005 1
10007 1
10021 2
10029 1
10030 1
10033 1
10036 1
10040 1
10041 1
10042 1
10053 1
10070 1
10071 1
10076 1
10092 1
10097 1
10098 1
10099 2
10103 1
10106 1
10111 1
10116 1
10129 1
10150 1
10155 1
10160 1
10168 1
10176 1
10186 1
10188 1
10191 1
10193 1
10211 1
10217 1
10221 1
10239 1
10252 1
10253 1
10262 2
10267 1
10270 1
10271 1
10290 1
10295 1
10299 2
10301 1
10303 1
10306 1
10308 1
10315 1
10317 1
10327 1
10329 1
10330 1
10339 1
10355 1
10356 1
10357 1
10358 1
10363 1
10366 1
10375 1
10379 1
10380 1
10382 1
10394 1
10398 1
10406 1
10409 1
10424 1
10428 1
10433 1
10442 1
10450 1
10451 1
10453 1
10455 1
10456 1
10457 1
10460 1
10462 1
10471 1
10472 1
10473 1
10475 1
10480 1
10499 1
10501 1
10514 1
10527 1
10529 1
10530 1
10542 1
10544 1
10545 1
10553 1
10559 1
10560 1
10562 1
10568 1
10576 1
10585 1
10586 1
10588 2
10592 1
10604 1
10612 1
10616 1
10634 1
10635 1
10636 1
10641 1
10661 1
10678 1
10689 1
10690 1
10696 1
10698 1
10706 1
10712 1
10713 1
10716 1
10732 1
10755 1
10772 1
10778 1
10792 1
10796 1
10798 1
10807 1
10824 1
10825 1
10827 1
10830 1
10861 1
10863 1
10869 1
10871 2
10874 1
10875 1
10878 1
10879 1
10882 1
10884 1
10885 1
10886 2
10908 1
10911 1
10922 1
10928 1
10932 2
10935 1
10936 1
10947 1
10955 2
10958 1
10960 2
10968 1
10975 1
10978 1
10984 1
10990 1
10997 1
10999 1
11011 1
11019 1
11020 1
11023 1
11032 2
11037 1
11040 1
11051 1
11052 1
11077 1
11078 1
11107 1
11117 1
11158 1
11159 1
11165 1
11171 1
11178 1
11194 1
11195 1
11197 1
11207 1
11221 1
11222 1
11230 1
11233 1
11236 1
11254 1
11265 1
11267 1
11269 1
11282 1
11296 1
11299 1
11301 1
11305 1
11310 1
11314 1
11320 1
11323 1
11324 1
11327 1
11333 2
11334 1
11348 1
11354 1
11364 1
11374 1
11376 1
11386 1
11397 1
11410 1
11414 1
11422 1
11430 1
11434 1
11442 1
11445 1
11453 1
11493 1
11496 1
11499 1
11527 1
11531 1
11543 1
11551 1
11563 1
11565 1
11568 1
11574 1
11578 1
11586 1
11587 1
11588 2
11612 1
11615 2
11629 1
11657 1
11659 1
11671 1
11694 1
11701 1
11713 1
11743 1
11755 1
11765 1
11777 1
11784 1
11795 1
11798 1
11805 1
11809 1
11830 1
11839 1
11841 2
11850 1
11854 1
11866 1
11869 3
11873 1
11888 1
11912 1
11914 1
11933 1
11934 1
11939 1
11941 1
11966 1
11971 1
11975 1
11997 1
12011 1
12014 1
12038 1
12050 1
12071 1
12078 1
12084 1
12095 2
12101 2
12123 1
12131 1
12133 2
12148 1
12149 1
12150 1
12168 1
12180 1
12181 1
12216 1
12220 1
12221 1
12246 1
12248 1
12268 1
12274 1
12282 1
12309 1
12311 1
12313 1
12331 1
12333 1
12340 1
12341 1
12349 1
12365 1
12373 1
12392 1
12398 1
12439 1
12440 1
12443 1
12453 1
12467 1
12475 1
12478 1
12489 1
12523 2
12526 1
12539 1
12546 1
12568 1
12576 1
12578 1
12598 1
12620 1
12624 1
12628 1
12677 1
12683 1
12684 2
12685 1
12687 1
12694 1
12697 1
12701 1
12702 1
12703 1
12704 1
12710 1
12711 1
12714 1
12732 1
12738 1
12749 1
12782 1
12783 1
12790 1
12805 1
12808 1
12822 1
12827 1
12853 1
12855 1
12860 1
12865 1
12867 1
12879 1
12882 1
12884 1
12885 1
12889 1
12893 1
12904 1
12924 1
12928 1
12931 1
12938 1
12939 1
12951 1
12959 1
12970 1
12986 1
12998 1
13004 1
13007 1
13035 1
13038 1
13061 1
13062 1
13068 1
13076 1
13078 1
13092 1
13097 1
13100 1
13120 1
13124 1
13125 1
13135 1
13140 1
13141 1
13146 1
13150 1
13152 1
13164 1
13166 1
13172 1
13175 1
13203 1
13211 1
13234 1
13248 1
13251 1
13286 1
13302 1
13308 1
13311 1
13318 1
13319 1
13321 1
13327 1
13333 1
13353 1
13360 1
13362 1
13367 2
13368 1
13383 1
13410 1
13413 1
13421 1
13461 1
13472 1
13479 1
13487 1
13518 1
13543 1
13548 1
13600 1
13611 1
13640 1
13655 1
13656 1
13659 1
13664 1
13666 1
13683 1
13687 1
13697 1
13700 1
13725 1
13753 1
13754 1
13772 1
13775 1
13779 1
13786 2
13794 1
13825 1
13857 1
13884 1
13887 1
13895 1
13925 1
13929 1
13935 1
13953 1
13957 1
13964 1
13976 1
13977 1
13982 1
13987 1
13991 1
14000 1
14015 1
14016 1
14027 1
14037 1
14047 1
14064 1
14065 1
14066 1
14067 1
14083 1
14102 1
14124 1
14139 1
14161 1
14202 1
14224 1
14229 1
14253 1
14311 1
14319 1
14329 1
14336 1
14344 2
14348 1
14350 1
14352 1
14368 1
14401 1
14416 1
14435 1
14438 1
14440 1
14448 1
14451 1
14469 1
14503 1
14507 2
14515 1
14540 1
14541 1
14545 1
14565 1
14567 1
14594 1
14606 1
14646 1
14650 1
14663 1
14664 1
14743 1
14744 1
14748 1
14771 1
14779 1
14813 1
14826 1
14836 1
14865 1
14866 1
14867 1
14890 1
14897 1
14900 1
14912 1
14915 1
14922 1
14929 1
14951 1
15014 1
15020 1
15044 1
15050 1
15070 1
15073 1
15092 1
15105 1
15115 1
15131 1
15138 1
15144 1
15151 1
15164 1
15174 2
15186 1
15193 1
15195 1
15215 1
15234 1
15252 1
15259 1
15269 1
15295 1
15306 1
15312 1
15313 1
15322 1
15332 2
15335 1
15355 1
15368 1
15448 1
15455 1
15464 1
15474 1
15483 1
15486 1
15487 1
15509 1
15520 1
15530 1
15532 1
15553 1
15594 1
15613 1
15657 1
15666 2
15668 1
15669 1
15675 1
15689 1
15713 1
15751 1
15760 1
15821 1
15828 1
15837 2
15858 1
15880 1
15938 1
15946 1
15981 1
15999 1
16019 1
16022 1
16028 1
16036 1
16048 1
16097 1
16126 1
16127 1
16183 1
16186 1
16218 1
16264 2
16300 1
16315 1
16319 1
16324 1
16338 1
16344 1
16351 1
16352 1
16359 1
16387 1
16394 1
16401 1
16412 1
16437 1
16440 1
16442 1
16474 1
16481 1
16495 1
16521 1
16554 1
16577 1
16593 1
16606 1
16631 1
16674 1
16686 1
16715 1
16739 1
16748 1
16751 1
16755 1
16772 2
16802 1
16836 1
16848 1
16874 1
16911 1
16962 1
16979 1
17047 1
17064 1
17087 2
17144 1
17167 1
17181 1
17184 1
17197 1
17203 1
17207 1
17212 1
17224 1
17237 2
17256 1
17280 1
17383 1
17386 1
17406 1
17424 1
17426 1
17444 1
17445 1
17469 2
17475 2
17492 1
17532 1
17534 1
17535 1
17546 1
17555 1
17557 1
17565 1
17595 1
17599 1
17606 1
17609 1
17638 1
17656 1
17671 1
17675 2
17678 1
17700 1
17746 1
17757 1
17767 1
17798 1
17843 1
17847 1
18024 1
18027 1
18051 1
18058 1
18084 1
18087 1
18104 1
18130 1
18223 1
18242 1
18277 1
18327 1
18373 1
18409 1
18412 1
18497 1
18593 1
18662 1
18754 1
18756 1
18780 1
18800 1
18812 1
18829 1
18882 1
18933 1
18944 1
18947 1
19021 1
19033 1
19092 1
19098 1
19102 1
19146 1
19188 1
19243 1
19248 1
19264 1
19308 1
19354 1
19380 1
19408 1
19434 1
19470 1
19471 1
19474 1
19539 1
19657 1
19669 1
19679 1
19782 1
19791 1
19802 1
19808 1
19815 1
19823 1
19930 1
19977 1
20039 1
20040 1
20075 1
20076 1
20079 1
20083 1
20084 1
20096 1
20103 1
20115 1
20207 1
20248 1
20261 1
20265 1
20280 1
20303 1
20313 1
20365 1
20398 1
20406 1
20421 1
20427 1
20451 1
20471 1
20475 1
20480 1
20494 1
20498 1
20564 1
20619 1
20776 1
20778 1
20787 1
20796 1
20824 1
20861 1
20870 1
20958 1
20988 1
20989 1
21184 1
21243 1
21270 1
21278 1
21290 1
21294 1
21608 1
21651 1
21698 1
21752 1
21765 1
21777 1
21859 1
21887 1
21904 1
21998 1
22028 1
22085 1
22199 1
22340 1
22437 1
22503 1
22546 1
22665 1
22666 1
22721 1
22766 1
22786 1
22844 1
22931 1
23008 1
23010 1
23245 1
23284 1
23298 1
23301 1
23307 1
23342 1
23370 1
23380 1
23561 1
23584 1
23620 1
23626 1
23732 1
23743 1
23804 1
23813 1
23901 1
23943 1
24105 1
24227 1
24352 1
24431 1
24642 1
24735 1
24802 1
24803 1
24850 1
24907 1
24912 1
24955 1
24970 1
25045 1
25121 1
25236 1
25517 1
25545 1
25606 1
25617 1
25689 1
25796 1
25899 1
26026 1
26027 1
26122 1
26197 1
26230 1
26520 1
26543 1
26605 1
26749 2
26833 1
26951 1
26961 1
26992 1
27052 1
27125 1
27337 1
27594 1
28585 1
28589 1
29034 1
29253 1
29930 1
30073 1
30556 1
31170 1
31933 1
33251 1
35771 1
37147 1
37636 1
40695 1
47512 1
