-826 1
-825 3
-824 2
-823 6
-822 8
-821 8
-820 14
-819 12
-818 20
-817 22
-816 34
-815 39
-814 36
-813 56
-812 48
-811 57
-810 47
-809 50
-808 46
-807 63
-806 60
-805 54
-804 75
-803 78
-802 78
-801 69
-800 82
-799 52
-798 55
-797 64
-796 62
-795 86
-794 68
-793 79
-792 49
-791 78
-790 71
-789 77
-788 84
-787 82
-786 70
-785 71
-784 74
-783 59
-782 70
-781 59
-780 66
-779 72
-778 78
-777 66
-776 98
-775 98
-774 87
-773 85
-772 75
-771 86
-770 95
-769 90
-768 73
-767 94
-766 76
-765 72
-764 108
-763 117
-762 95
-761 88
-760 87
-759 92
-758 80
-757 88
-756 81
-755 89
-754 95
-753 86
-752 82
-751 85
-750 92
-749 89
-748 104
-747 77
-746 93
-745 73
-744 78
-743 93
-742 82
-741 96
-740 84
-739 101
-738 105
-737 96
-736 105
-735 86
-734 96
-733 97
-732 86
-731 95
-730 92
-729 101
-728 97
-727 95
-726 109
-725 84
-724 90
-723 111
-722 109
-721 105
-720 110
-719 125
-718 154
-717 156
-716 142
-715 166
-714 195
-713 176
-712 157
-711 232
-710 205
-709 200
-708 196
-707 184
-706 197
-705 197
-704 212
-703 213
-702 204
-701 204
-700 209
-699 227
-698 228
-697 221
-696 216
-695 223
-694 201
-693 209
-692 219
-691 222
-690 207
-689 218
-688 272
-687 257
-686 232
-685 248
-684 259
-683 293
-682 312
-681 297
-680 308
-679 294
-678 319
-677 314
-676 357
-675 324
-674 347
-673 365
-672 368
-671 337
-670 369
-669 392
-668 355
-667 377
-666 383
-665 408
-664 421
-663 406
-662 452
-661 437
-660 451
-659 455
-658 480
-657 442
-656 459
-655 508
-654 446
-653 522
-652 467
-651 486
-650 538
-649 537
-648 521
-647 564
-646 569
-645 519
-644 499
-643 500
-642 509
-641 553
-640 546
-639 556
-638 541
-637 550
-636 540
-635 557
-634 525
-633 592
-632 591
-631 571
-630 622
-629 625
-628 621
-627 657
-626 659
-625 659
-624 646
-623 659
-622 736
-621 720
-620 676
-619 653
-618 768
-617 719
-616 764
-615 757
-614 740
-613 705
-612 766
-611 759
-610 798
-609 758
-608 727
-607 715
-606 757
-605 794
-604 760
-603 811
-602 809
-601 838
-600 839
-599 796
-598 825
-597 806
-596 841
-595 828
-594 848
-593 895
-592 915
-591 931
-590 897
-589 928
-588 908
-587 933
-586 946
-585 987
-584 1000
-583 1028
-582 963
-581 1039
-580 1021
-579 1036
-578 1046
-577 1051
-576 1031
-575 1078
-574 1045
-573 1112
-572 1041
-571 1131
-570 1091
-569 1104
-568 1158
-567 1135
-566 1186
-565 1158
-564 1242
-563 1206
-562 1179
-561 1178
-560 1230
-559 1267
-558 1225
-557 1242
-556 1275
-555 1278
-554 1361
-553 1334
-552 1333
-551 1410
-550 1428
-549 1327
-548 1331
-547 1345
-546 1475
-545 1413
-544 1408
-543 1583
-542 1520
-541 1530
-540 1599
-539 1615
-538 1606
-537 1751
-536 1693
-535 1738
-534 1747
-533 1740
-532 1759
-531 1737
-530 1749
-529 1692
-528 1762
-527 1760
-526 1815
-525 1770
-524 1833
-523 1820
-522 1888
-521 1845
-520 1920
-519 1854
-518 1910
-517 1959
-516 1896
-515 1952
-514 1951
-513 1911
-512 1963
-511 2016
-510 1953
-509 2082
-508 2058
-507 2173
-506 2160
-505 2050
-504 2127
-503 2174
-502 2184
-501 2166
-500 2185
-499 2204
-498 2243
-497 2225
-496 2177
-495 2180
-494 2254
-493 2227
-492 2189
-491 2206
-490 2208
-489 2184
-488 2259
-487 2308
-486 2297
-485 2204
-484 2238
-483 2244
-482 2222
-481 2209
-480 2281
-479 2226
-478 2219
-477 2343
-476 2185
-475 2349
-474 2338
-473 2360
-472 2306
-471 2399
-470 2404
-469 2432
-468 2426
-467 2379
-466 2480
-465 2487
-464 2469
-463 2550
-462 2455
-461 2541
-460 2464
-459 2464
-458 2527
-457 2600
-456 2578
-455 2583
-454 2616
-453 2744
-452 2652
-451 2705
-450 2741
-449 2724
-448 2792
-447 2862
-446 2851
-445 2875
-444 2882
-443 2816
-442 2889
-441 2790
-440 2862
-439 2902
-438 2872
-437 2951
-436 2901
-435 2969
-434 2892
-433 2940
-432 3007
-431 3170
-430 3014
-429 3106
-428 3031
-427 2993
-426 3048
-425 2998
-424 3039
-423 3123
-422 3000
-421 3113
-420 2976
-419 3002
-418 3064
-417 3100
-416 3166
-415 3108
-414 3230
-413 3174
-412 3192
-411 3215
-410 3104
-409 3188
-408 3226
-407 3209
-406 3224
-405 3308
-404 3291
-403 3264
-402 3231
-401 3137
-400 3376
-399 3316
-398 3326
-397 3381
-396 3389
-395 3377
-394 3489
-393 3388
-392 3439
-391 3513
-390 3526
-389 3456
-388 3538
-387 3714
-386 3616
-385 3812
-384 3693
-383 3696
-382 3725
-381 3896
-380 3894
-379 3836
-378 3789
-377 3886
-376 3892
-375 4029
-374 3906
-373 3868
-372 3973
-371 3925
-370 4011
-369 4001
-368 3911
-367 3962
-366 4024
-365 3975
-364 3939
-363 3962
-362 4032
-361 3978
-360 4013
-359 4084
-358 4125
-357 4061
-356 4096
-355 4046
-354 4113
-353 4013
-352 4012
-351 3921
-350 4041
-349 4043
-348 4116
-347 4214
-346 4215
-345 4154
-344 4280
-343 4213
-342 4187
-341 4190
-340 4338
-339 4339
-338 4266
-337 4374
-336 4257
-335 4266
-334 4403
-333 4439
-332 4297
-331 4396
-330 4223
-329 4547
-328 4404
-327 4399
-326 4472
-325 4439
-324 4470
-323 4545
-322 4549
-321 4666
-320 4550
-319 4498
-318 4577
-317 4547
-316 4551
-315 4672
-314 4620
-313 4680
-312 4543
-311 4639
-310 4779
-309 4470
-308 4655
-307 4697
-306 4694
-305 4697
-304 4712
-303 4444
-302 4634
-301 4627
-300 4483
-299 4677
-298 4637
-297 4639
-296 4585
-295 4656
-294 4741
-293 4714
-292 4707
-291 4725
-290 4765
-289 4867
-288 4715
-287 4893
-286 4841
-285 4798
-284 4772
-283 4803
-282 4634
-281 4670
-280 4831
-279 4737
-278 4814
-277 4886
-276 4799
-275 4863
-274 4858
-273 4739
-272 4868
-271 4941
-270 4781
-269 4832
-268 4844
-267 4793
-266 4778
-265 4666
-264 4807
-263 4973
-262 4874
-261 4759
-260 4794
-259 4805
-258 4891
-257 4775
-256 4970
-255 4898
-254 4694
-253 4848
-252 4816
-251 5053
-250 4874
-249 4918
-248 4895
-247 4939
-246 4887
-245 4863
-244 4802
-243 4896
-242 4982
-241 4883
-240 4992
-239 5005
-238 4893
-237 4918
-236 4964
-235 4862
-234 4777
-233 4896
-232 4761
-231 4779
-230 4900
-229 4799
-228 4773
-227 4800
-226 4846
-225 4914
-224 4865
-223 4945
-222 4848
-221 4926
-220 4867
-219 4847
-218 4887
-217 4945
-216 4853
-215 4757
-214 5064
-213 4881
-212 5037
-211 4964
-210 5006
-209 5037
-208 4865
-207 5095
-206 4946
-205 4942
-204 5136
-203 4936
-202 5103
-201 4923
-200 4867
-199 4962
-198 4928
-197 4988
-196 4874
-195 4975
-194 4948
-193 4929
-192 4938
-191 4953
-190 5133
-189 4968
-188 4952
-187 5156
-186 5175
-185 5034
-184 4949
-183 5111
-182 5006
-181 5161
-180 5193
-179 5166
-178 5080
-177 5133
-176 5167
-175 5158
-174 5260
-173 5225
-172 5150
-171 5150
-170 5177
-169 5177
-168 5136
-167 5360
-166 5226
-165 5164
-164 5220
-163 5181
-162 5206
-161 5183
-160 5211
-159 5340
-158 5220
-157 5168
-156 5233
-155 5236
-154 5188
-153 5179
-152 5186
-151 5142
-150 5186
-149 5103
-148 5121
-147 5039
-146 5084
-145 5193
-144 5045
-143 5128
-142 5064
-141 5109
-140 5214
-139 5153
-138 5292
-137 5186
-136 5172
-135 5088
-134 5249
-133 5201
-132 5183
-131 5124
-130 5182
-129 5163
-128 5223
-127 5117
-126 5253
-125 5153
-124 5161
-123 5087
-122 5296
-121 5237
-120 5168
-119 5243
-118 5136
-117 5083
-116 4995
-115 5106
-114 5157
-113 5080
-112 5108
-111 5065
-110 5091
-109 5085
-108 4993
-107 5034
-106 5020
-105 5066
-104 5172
-103 5080
-102 5175
-101 5033
-100 5108
-99 5156
-98 5189
-97 5102
-96 5096
-95 5114
-94 5174
-93 5039
-92 5115
-91 5038
-90 5079
-89 5147
-88 5147
-87 4993
-86 5039
-85 4953
-84 5059
-83 5055
-82 5178
-81 4906
-80 5034
-79 5043
-78 5055
-77 5006
-76 4942
-75 5046
-74 5028
-73 4990
-72 4846
-71 4967
-70 5006
-69 4939
-68 4875
-67 4851
-66 5014
-65 4887
-64 4918
-63 4854
-62 4872
-61 4948
-60 4895
-59 4935
-58 4892
-57 4895
-56 4913
-55 5056
-54 5075
-53 5013
-52 4864
-51 5010
-50 4874
-49 4927
-48 4815
-47 4834
-46 4940
-45 4748
-44 4829
-43 5019
-42 4690
-41 4811
-40 4818
-39 4782
-38 4746
-37 4798
-36 4854
-35 4669
-34 4785
-33 4811
-32 4805
-31 4827
-30 4753
-29 4733
-28 4643
-27 4701
-26 4739
-25 4661
-24 4732
-23 4760
-22 4769
-21 4675
-20 4740
-19 4725
-18 4695
-17 4669
-16 4583
-15 4794
-14 4582
-13 4672
-12 4621
-11 4696
-10 4546
-9 4626
-8 4512
-7 4609
-6 4467
-5 4526
-4 4540
-3 4560
-2 4464
-1 4465
0 4460
1 4478
2 4471
3 4444
4 4414
5 4551
6 4539
7 4492
8 4462
9 4495
10 4486
11 4338
12 4483
13 4455
14 4382
15 4497
16 4421
17 4521
18 4397
19 4301
20 4414
21 4485
22 4416
23 4481
24 4455
25 4406
26 4234
27 4332
28 4390
29 4406
30 4390
31 4414
32 4476
33 4386
34 4330
35 4445
36 4383
37 4420
38 4493
39 4389
40 4366
41 4537
42 4512
43 4411
44 4384
45 4434
46 4484
47 4484
48 4372
49 4428
50 4499
51 4243
52 4537
53 4430
54 4415
55 4350
56 4338
57 4367
58 4342
59 4392
60 4516
61 4329
62 4450
63 4359
64 4420
65 4381
66 4578
67 4504
68 4427
69 4348
70 4373
71 4372
72 4524
73 4306
74 4463
75 4407
76 4432
77 4493
78 4501
79 4473
80 4568
81 4437
82 4516
83 4471
84 4363
85 4349
86 4416
87 4354
88 4469
89 4385
90 4246
91 4281
92 4297
93 4335
94 4248
95 4327
96 4377
97 4220
98 4229
99 4299
100 4219
101 4245
102 4203
103 4189
104 4029
105 4171
106 4176
107 4141
108 4093
109 3935
110 4029
111 4047
112 4111
113 4002
114 4075
115 4079
116 4111
117 4091
118 4072
119 4017
120 4083
121 4162
122 4047
123 4053
124 3995
125 3991
126 4083
127 4105
128 4074
129 4116
130 4140
131 4134
132 4218
133 4252
134 3975
135 4144
136 3886
137 3970
138 3933
139 3873
140 3871
141 3844
142 4000
143 3842
144 3766
145 3777
146 3795
147 3693
148 3694
149 3758
150 3707
151 3685
152 3763
153 3712
154 3665
155 3677
156 3706
157 3667
158 3619
159 3601
160 3585
161 3605
162 3662
163 3658
164 3560
165 3599
166 3638
167 3535
168 3590
169 3667
170 3591
171 3664
172 3550
173 3659
174 3528
175 3571
176 3441
177 3618
178 3583
179 3416
180 3322
181 3427
182 3431
183 3332
184 3305
185 3345
186 3439
187 3252
188 3227
189 3351
190 3355
191 3201
192 3200
193 3196
194 3222
195 3144
196 3091
197 3157
198 3075
199 3123
200 3028
201 3119
202 3074
203 3017
204 3135
205 2986
206 3000
207 2976
208 2925
209 2884
210 2978
211 2845
212 3004
213 2849
214 2821
215 2939
216 2850
217 2831
218 2929
219 2932
220 2794
221 2838
222 2919
223 2889
224 2799
225 2822
226 2925
227 2837
228 2838
229 2914
230 2833
231 2865
232 2905
233 2860
234 2860
235 2857
236 2833
237 2786
238 2830
239 3008
240 2808
241 2843
242 2822
243 2682
244 2723
245 2779
246 2710
247 2780
248 2751
249 2744
250 2723
251 2748
252 2757
253 2760
254 2689
255 2686
256 2670
257 2685
258 2710
259 2582
260 2703
261 2604
262 2604
263 2662
264 2633
265 2556
266 2492
267 2564
268 2548
269 2631
270 2660
271 2546
272 2566
273 2529
274 2585
275 2464
276 2451
277 2535
278 2494
279 2462
280 2349
281 2488
282 2427
283 2404
284 2445
285 2453
286 2415
287 2451
288 2480
289 2358
290 2567
291 2556
292 2462
293 2318
294 2353
295 2324
296 2292
297 2318
298 2278
299 2250
300 2288
301 2284
302 2271
303 2274
304 2318
305 2166
306 2201
307 2168
308 2154
309 2058
310 2152
311 2153
312 2062
313 2062
314 2077
315 2062
316 2076
317 2065
318 2021
319 2051
320 1940
321 2006
322 1959
323 2093
324 1905
325 1956
326 1969
327 1963
328 1954
329 1924
330 1915
331 1887
332 1970
333 1944
334 1869
335 1880
336 1881
337 1841
338 1781
339 1764
340 1794
341 1785
342 1856
343 1817
344 1857
345 1719
346 1746
347 1847
348 1760
349 1739
350 1706
351 1732
352 1650
353 1696
354 1658
355 1691
356 1699
357 1683
358 1678
359 1656
360 1673
361 1679
362 1667
363 1605
364 1633
365 1661
366 1567
367 1478
368 1524
369 1552
370 1540
371 1592
372 1562
373 1492
374 1522
375 1477
376 1473
377 1414
378 1402
379 1458
380 1411
381 1409
382 1357
383 1388
384 1407
385 1427
386 1398
387 1348
388 1357
389 1388
390 1347
391 1344
392 1378
393 1279
394 1327
395 1288
396 1327
397 1366
398 1301
399 1279
400 1285
401 1308
402 1306
403 1307
404 1281
405 1262
406 1297
407 1226
408 1247
409 1258
410 1248
411 1262
412 1272
413 1270
414 1268
415 1159
416 1253
417 1216
418 1183
419 1217
420 1204
421 1206
422 1138
423 1212
424 1212
425 1152
426 1201
427 1206
428 1274
429 1127
430 1134
431 1225
432 1194
433 1165
434 1159
435 1201
436 1117
437 1141
438 1161
439 1111
440 1136
441 1044
442 1131
443 1066
444 1067
445 1068
446 1136
447 1055
448 1163
449 1057
450 1134
451 1094
452 1040
453 1088
454 990
455 1082
456 1075
457 1038
458 1007
459 1008
460 1048
461 1028
462 1027
463 1044
464 1038
465 986
466 979
467 997
468 993
469 999
470 973
471 960
472 953
473 901
474 987
475 938
476 935
477 936
478 896
479 937
480 897
481 931
482 899
483 900
484 945
485 1010
486 899
487 928
488 863
489 870
490 952
491 864
492 877
493 885
494 843
495 853
496 876
497 828
498 825
499 854
500 805
501 799
502 877
503 794
504 757
505 783
506 812
507 764
508 771
509 780
510 755
511 708
512 737
513 791
514 766
515 772
516 771
517 817
518 730
519 783
520 751
521 766
522 741
523 720
524 728
525 760
526 709
527 742
528 721
529 718
530 714
531 735
532 733
533 668
534 646
535 705
536 679
537 701
538 665
539 671
540 703
541 667
542 684
543 656
544 677
545 693
546 704
547 664
548 652
549 620
550 674
551 627
552 643
553 580
554 643
555 666
556 666
557 601
558 653
559 652
560 607
561 615
562 592
563 634
564 602
565 580
566 585
567 583
568 589
569 587
570 623
571 610
572 593
573 605
574 583
575 594
576 564
577 599
578 555
579 568
580 591
581 566
582 565
583 570
584 577
585 600
586 587
587 578
588 561
589 569
590 592
591 534
592 538
593 597
594 535
595 553
596 545
597 575
598 543
599 560
600 533
601 540
602 568
603 523
604 546
605 541
606 519
607 536
608 551
609 545
610 505
611 526
612 522
613 533
614 532
615 518
616 532
617 522
618 483
619 513
620 530
621 498
622 499
623 521
624 485
625 482
626 496
627 462
628 435
629 467
630 499
631 527
632 479
633 487
634 479
635 514
636 488
637 458
638 481
639 485
640 474
641 502
642 493
643 473
644 448
645 486
646 440
647 482
648 475
649 467
650 462
651 489
652 464
653 443
654 465
655 464
656 443
657 438
658 473
659 453
660 441
661 492
662 409
663 447
664 497
665 397
666 430
667 500
668 443
669 467
670 486
671 452
672 452
673 442
674 467
675 463
676 416
677 436
678 454
679 465
680 425
681 460
682 442
683 466
684 415
685 466
686 451
687 437
688 431
689 460
690 437
691 468
692 472
693 441
694 452
695 453
696 416
697 459
698 450
699 409
700 452
701 425
702 418
703 444
704 468
705 401
706 416
707 442
708 425
709 434
710 425
711 430
712 427
713 452
714 420
715 434
716 460
717 452
718 428
719 450
720 431
721 431
722 466
723 439
724 433
725 432
726 438
727 451
728 451
729 433
730 424
731 459
732 454
733 449
734 446
735 422
736 452
737 464
738 446
739 466
740 439
741 443
742 429
743 427
744 467
745 430
746 445
747 409
748 415
749 418
750 421
751 406
752 382
753 446
754 443
755 414
756 433
757 413
758 454
759 476
760 444
761 433
762 423
763 384
764 428
765 420
766 401
767 425
768 451
769 428
770 428
771 415
772 447
773 425
774 439
775 424
776 436
777 413
778 431
779 379
780 397
781 410
782 396
783 418
784 432
785 365
786 387
787 391
788 376
789 437
790 407
791 416
792 361
793 403
794 401
795 376
796 390
797 354
798 359
799 391
800 399
801 369
802 397
803 418
804 404
805 374
806 404
807 363
808 372
809 380
810 395
811 352
812 360
813 379
814 387
815 360
816 355
817 337
818 339
819 344
820 366
821 372
822 327
823 381
824 367
825 366
826 360
827 367
828 367
829 373
830 385
831 361
832 372
833 343
834 362
835 319
836 369
837 370
838 390
839 333
840 334
841 340
842 380
843 295
844 325
845 335
846 346
847 332
848 329
849 350
850 314
851 332
852 340
853 328
854 366
855 343
856 342
857 346
858 298
859 336
860 346
861 298
862 329
863 307
864 338
865 294
866 302
867 363
868 305
869 300
870 308
871 319
872 298
873 285
874 319
875 280
876 312
877 296
878 292
879 301
880 293
881 299
882 285
883 269
884 273
885 316
886 302
887 271
888 288
889 297
890 314
891 300
892 294
893 275
894 273
895 332
896 297
897 266
898 277
899 280
900 279
901 276
902 283
903 301
904 260
905 267
906 285
907 257
908 252
909 275
910 272
911 274
912 261
913 305
914 264
915 278
916 249
917 276
918 269
919 276
920 273
921 273
922 262
923 250
924 274
925 301
926 262
927 280
928 238
929 257
930 245
931 257
932 247
933 257
934 261
935 269
936 248
937 252
938 259
939 271
940 279
941 280
942 238
943 262
944 249
945 234
946 262
947 258
948 271
949 257
950 232
951 253
952 267
953 261
954 253
955 261
956 273
957 259
958 254
959 261
960 258
961 268
962 255
963 231
964 259
965 279
966 259
967 223
968 225
969 256
970 263
971 270
972 250
973 246
974 229
975 246
976 238
977 230
978 264
979 233
980 218
981 219
982 205
983 230
984 274
985 236
986 239
987 223
988 220
989 225
990 224
991 255
992 245
993 237
994 218
995 230
996 237
997 228
998 243
999 233
1000 229
1001 239
1002 212
1003 206
1004 199
1005 198
1006 235
1007 245
1008 240
1009 243
1010 206
1011 223
1012 224
1013 207
1014 177
1015 235
1016 217
1017 194
1018 202
1019 194
1020 209
1021 206
1022 174
1023 222
1024 196
1025 202
1026 218
1027 182
1028 217
1029 179
1030 199
1031 193
1032 200
1033 187
1034 183
1035 181
1036 176
1037 188
1038 164
1039 173
1040 174
1041 201
1042 179
1043 168
1044 182
1045 174
1046 180
1047 215
1048 177
1049 195
1050 170
1051 172
1052 187
1053 172
1054 173
1055 179
1056 171
1057 167
1058 177
1059 157
1060 156
1061 180
1062 167
1063 151
1064 175
1065 155
1066 164
1067 160
1068 170
1069 163
1070 183
1071 159
1072 182
1073 159
1074 159
1075 152
1076 165
1077 169
1078 166
1079 171
1080 150
1081 169
1082 169
1083 153
1084 145
1085 142
1086 149
1087 148
1088 156
1089 153
1090 141
1091 178
1092 135
1093 156
1094 159
1095 150
1096 163
1097 140
1098 171
1099 150
1100 121
1101 142
1102 157
1103 152
1104 108
1105 146
1106 164
1107 131
1108 149
1109 137
1110 152
1111 120
1112 134
1113 136
1114 135
1115 145
1116 135
1117 119
1118 136
1119 128
1120 105
1121 127
1122 125
1123 138
1124 124
1125 133
1126 145
1127 126
1128 111
1129 134
1130 135
1131 123
1132 113
1133 119
1134 132
1135 114
1136 131
1137 129
1138 106
1139 124
1140 119
1141 112
1142 128
1143 138
1144 115
1145 108
1146 125
1147 107
1148 111
1149 102
1150 138
1151 108
1152 97
1153 112
1154 134
1155 106
1156 102
1157 130
1158 101
1159 134
1160 96
1161 109
1162 106
1163 114
1164 114
1165 119
1166 113
1167 104
1168 100
1169 101
1170 103
1171 106
1172 97
1173 97
1174 116
1175 106
1176 121
1177 118
1178 111
1179 96
1180 120
1181 100
1182 99
1183 101
1184 106
1185 120
1186 112
1187 101
1188 94
1189 101
1190 102
1191 96
1192 101
1193 119
1194 101
1195 90
1196 105
1197 90
1198 110
1199 111
1200 88
1201 105
1202 93
1203 100
1204 91
1205 109
1206 82
1207 78
1208 99
1209 117
1210 113
1211 101
1212 118
1213 84
1214 80
1215 91
1216 83
1217 80
1218 103
1219 80
1220 82
1221 80
1222 79
1223 76
1224 83
1225 78
1226 87
1227 85
1228 82
1229 76
1230 97
1231 96
1232 85
1233 80
1234 83
1235 74
1236 81
1237 99
1238 83
1239 67
1240 84
1241 79
1242 75
1243 107
1244 71
1245 67
1246 68
1247 84
1248 74
1249 73
1250 78
1251 80
1252 70
1253 54
1254 86
1255 79
1256 92
1257 73
1258 81
1259 81
1260 67
1261 66
1262 61
1263 77
1264 74
1265 72
1266 59
1267 63
1268 77
1269 73
1270 69
1271 71
1272 69
1273 73
1274 60
1275 64
1276 63
1277 73
1278 55
1279 60
1280 75
1281 67
1282 67
1283 66
1284 80
1285 64
1286 66
1287 82
1288 65
1289 69
1290 63
1291 52
1292 85
1293 64
1294 56
1295 77
1296 61
1297 48
1298 71
1299 58
1300 68
1301 60
1302 54
1303 74
1304 70
1305 59
1306 50
1307 69
1308 43
1309 50
1310 64
1311 48
1312 72
1313 57
1314 58
1315 72
1316 53
1317 71
1318 56
1319 56
1320 49
1321 47
1322 51
1323 55
1324 54
1325 40
1326 59
1327 49
1328 44
1329 53
1330 57
1331 54
1332 54
1333 42
1334 55
1335 60
1336 41
1337 46
1338 46
1339 47
1340 57
1341 55
1342 45
1343 49
1344 49
1345 56
1346 47
1347 50
1348 48
1349 61
1350 33
1351 47
1352 54
1353 54
1354 49
1355 63
1356 46
1357 44
1358 43
1359 39
1360 47
1361 51
1362 46
1363 50
1364 44
1365 56
1366 39
1367 30
1368 35
1369 41
1370 59
1371 40
1372 40
1373 41
1374 48
1375 48
1376 49
1377 49
1378 37
1379 46
1380 40
1381 45
1382 36
1383 49
1384 47
1385 34
1386 43
1387 46
1388 42
1389 37
1390 26
1391 30
1392 32
1393 36
1394 35
1395 31
1396 33
1397 41
1398 29
1399 43
1400 44
1401 37
1402 38
1403 34
1404 38
1405 33
1406 27
1407 31
1408 30
1409 35
1410 39
1411 48
1412 38
1413 32
1414 43
1415 34
1416 41
1417 34
1418 26
1419 41
1420 41
1421 31
1422 46
1423 30
1424 35
1425 33
1426 30
1427 25
1428 34
1429 32
1430 31
1431 31
1432 28
1433 23
1434 22
1435 22
1436 26
1437 28
1438 34
1439 29
1440 19
1441 33
1442 33
1443 27
1444 30
1445 30
1446 33
1447 23
1448 27
1449 37
1450 26
1451 29
1452 23
1453 24
1454 27
1455 29
1456 31
1457 18
1458 17
1459 21
1460 36
1461 13
1462 31
1463 15
1464 32
1465 20
1466 20
1467 18
1468 28
1469 24
1470 21
1471 23
1472 13
1473 26
1474 31
1475 25
1476 21
1477 23
1478 21
1479 39
1480 22
1481 29
1482 21
1483 15
1484 12
1485 30
1486 23
1487 15
1488 28
1489 23
1490 9
1491 17
1492 16
1493 23
1494 20
1495 9
1496 16
1497 22
1498 30
1499 23
1500 19
1501 18
1502 15
1503 16
1504 14
1505 11
1506 12
1507 14
1508 17
1509 24
1510 22
1511 21
1512 14
1513 10
1514 24
1515 16
1516 18
1517 11
1518 23
1519 15
1520 14
1521 18
1522 18
1523 19
1524 20
1525 17
1526 24
1527 26
1528 20
1529 14
1530 12
1531 17
1532 20
1533 14
1534 19
1535 17
1536 12
1537 15
1538 14
1539 16
1540 17
1541 12
1542 10
1543 10
1544 16
1545 11
1546 18
1547 11
1548 11
1549 14
1550 13
1551 12
1552 15
1553 23
1554 18
1555 19
1556 12
1557 13
1558 5
1559 13
1560 18
1561 7
1562 9
1563 19
1564 18
1565 11
1566 17
1567 9
1568 10
1569 14
1570 7
1571 14
1572 15
1573 13
1574 12
1575 11
1576 11
1577 14
1578 9
1579 17
1580 12
1581 10
1582 9
1583 17
1584 9
1585 13
1586 10
1587 7
1588 10
1589 11
1590 11
1591 12
1592 7
1593 7
1594 9
1595 9
1596 7
1597 4
1598 16
1599 8
1600 3
1601 8
1602 7
1603 5
1604 12
1605 10
1606 8
1607 12
1608 7
1609 10
1610 8
1611 7
1612 9
1613 5
1614 11
1615 10
1616 11
1617 5
1618 10
1619 6
1620 4
1621 9
1622 8
1623 3
1624 4
1625 7
1626 6
1627 6
1628 7
1629 7
1630 2
1631 4
1632 9
1633 12
1634 9
1635 1
1636 8
1637 3
1638 6
1639 3
1640 4
1641 13
1642 9
1643 8
1644 3
1645 4
1646 6
1647 6
1648 4
1649 7
1650 6
1651 3
1652 6
1653 4
1654 2
1655 7
1656 7
1657 5
1658 3
1659 3
1660 8
1661 11
1662 6
1663 3
1664 5
1665 3
1666 5
1667 4
1668 5
1669 5
1670 4
1671 5
1672 13
1673 7
1674 1
1675 3
1676 5
1677 7
1678 3
1679 2
1680 4
1681 4
1682 1
1683 3
1684 5
1686 1
1687 8
1688 1
1689 4
1690 4
1691 6
1692 11
1693 1
1695 6
1696 2
1697 4
1698 4
1699 3
1700 4
1701 4
1702 2
1703 1
1705 7
1706 3
1707 4
1708 3
1709 1
1710 1
1711 4
1712 6
1713 1
1714 1
1715 4
1716 5
1717 2
1718 4
1719 7
1720 4
1721 3
1722 2
1723 6
1724 3
1725 2
1726 6
1727 2
1728 1
1729 2
1730 3
1731 5
1732 2
1733 2
1734 2
1735 2
1736 1
1737 3
1738 1
1739 2
1740 1
1741 4
1742 5
1743 3
1744 3
1745 4
1747 5
1748 3
1749 3
1750 3
1751 2
1752 2
1753 1
1754 2
1755 1
1758 2
1760 1
1761 5
1762 3
1764 1
1765 2
1766 1
1767 1
1768 1
1769 4
1770 2
1771 2
1773 1
1774 2
1776 1
1778 2
1780 2
1781 2
1782 2
1783 2
1784 3
1785 1
1786 2
1787 1
1788 3
1789 2
1790 1
1791 4
1792 1
1793 1
1795 1
1796 2
1797 1
1798 1
1800 2
1802 1
1803 1
1804 1
1807 1
1809 2
1811 1
1814 1
1815 1
1818 2
1822 1
1824 1
1825 1
1826 1
1831 1
1832 1
1833 1
1834 2
1846 2
1847 1
1856 2
1859 1
1868 1
1871 1
1872 1
1875 1
1878 1
1879 2
1880 1
1883 1
1884 1
1888 1
1894 1
1895 1
1898 1
1905 1
1917 1
1922 1
1927 1
1933 1
1936 1
