355 1
358 3
359 2
360 3
361 2
362 6
363 8
364 6
365 4
366 9
367 13
368 3
369 12
370 10
371 12
372 8
373 11
374 20
375 13
376 13
377 10
378 15
379 13
380 14
381 13
382 12
383 14
384 21
385 12
386 9
387 13
388 14
389 20
390 15
391 14
392 19
393 14
394 18
395 11
396 17
397 16
398 17
399 17
400 10
401 10
402 21
403 13
404 19
405 21
406 10
407 21
408 12
409 12
410 16
411 23
412 22
413 13
414 16
415 20
416 16
417 16
418 11
419 17
420 24
421 19
422 20
423 12
424 10
425 19
426 14
427 11
428 24
429 15
430 16
431 19
432 23
433 18
434 16
435 16
436 14
437 19
438 13
439 19
440 18
441 16
442 12
443 22
444 19
445 30
446 14
447 11
448 21
449 16
450 16
451 16
452 12
453 19
454 20
455 23
456 21
457 23
458 19
459 23
460 16
461 19
462 20
463 20
464 27
465 25
466 16
467 24
468 31
469 20
470 17
471 17
472 19
473 19
474 28
475 24
476 27
477 25
478 25
479 16
480 36
481 30
482 19
483 25
484 25
485 17
486 20
487 17
488 28
489 25
490 32
491 34
492 16
493 20
494 25
495 27
496 25
497 32
498 16
499 22
500 18
501 32
502 23
503 26
504 32
505 17
506 22
507 23
508 18
509 21
510 33
511 21
512 29
513 18
514 31
515 28
516 20
517 27
518 30
519 24
520 19
521 26
522 22
523 32
524 43
525 47
526 46
527 48
528 55
529 59
530 62
531 58
532 64
533 59
534 60
535 62
536 44
537 62
538 68
539 71
540 47
541 40
542 58
543 61
544 71
545 59
546 65
547 56
548 73
549 65
550 65
551 64
552 85
553 101
554 87
555 86
556 91
557 105
558 113
559 100
560 112
561 111
562 131
563 130
564 114
565 137
566 141
567 155
568 137
569 146
570 145
571 123
572 139
573 141
574 149
575 152
576 133
577 153
578 163
579 180
580 148
581 141
582 150
583 169
584 145
585 162
586 174
587 166
588 166
589 184
590 199
591 174
592 195
593 177
594 216
595 205
596 221
597 187
598 218
599 206
600 227
601 206
602 208
603 212
604 234
605 230
606 256
607 242
608 255
609 250
610 258
611 270
612 279
613 265
614 284
615 300
616 323
617 316
618 338
619 339
620 294
621 326
622 322
623 362
624 331
625 342
626 327
627 336
628 317
629 371
630 365
631 352
632 357
633 370
634 348
635 351
636 370
637 376
638 384
639 357
640 411
641 366
642 402
643 395
644 372
645 400
646 417
647 389
648 422
649 415
650 383
651 415
652 419
653 401
654 364
655 377
656 412
657 411
658 433
659 459
660 442
661 427
662 417
663 423
664 447
665 455
666 425
667 436
668 471
669 448
670 467
671 459
672 456
673 477
674 450
675 493
676 483
677 491
678 453
679 476
680 463
681 504
682 432
683 467
684 450
685 479
686 454
687 500
688 470
689 443
690 475
691 494
692 478
693 477
694 443
695 493
696 494
697 499
698 493
699 501
700 505
701 494
702 519
703 498
704 522
705 496
706 527
707 496
708 507
709 551
710 531
711 543
712 537
713 508
714 550
715 574
716 551
717 582
718 580
719 571
720 531
721 590
722 599
723 561
724 563
725 575
726 541
727 580
728 599
729 608
730 603
731 590
732 590
733 587
734 612
735 612
736 590
737 606
738 624
739 624
740 628
741 674
742 628
743 658
744 688
745 725
746 745
747 740
748 723
749 723
750 698
751 760
752 744
753 754
754 721
755 753
756 746
757 723
758 765
759 757
760 840
761 791
762 821
763 833
764 743
765 830
766 794
767 794
768 902
769 841
770 814
771 877
772 819
773 874
774 837
775 812
776 824
777 862
778 895
779 823
780 851
781 807
782 844
783 877
784 844
785 820
786 833
787 882
788 813
789 811
790 852
791 872
792 858
793 862
794 876
795 856
796 838
797 855
798 893
799 880
800 836
801 855
802 865
803 886
804 841
805 925
806 887
807 874
808 901
809 903
810 898
811 934
812 869
813 946
814 921
815 937
816 912
817 883
818 926
819 838
820 919
821 906
822 924
823 948
824 914
825 907
826 965
827 933
828 937
829 921
830 948
831 897
832 989
833 988
834 916
835 977
836 901
837 952
838 930
839 949
840 952
841 938
842 1000
843 968
844 951
845 929
846 921
847 942
848 932
849 950
850 1036
851 990
852 1009
853 927
854 943
855 955
856 922
857 1042
858 986
859 993
860 899
861 957
862 974
863 1022
864 947
865 1018
866 1021
867 985
868 1025
869 973
870 1002
871 1052
872 983
873 968
874 1023
875 1042
876 989
877 1021
878 1039
879 1014
880 997
881 990
882 978
883 1053
884 1008
885 1016
886 1058
887 1044
888 992
889 1020
890 1097
891 1036
892 1025
893 1023
894 1031
895 1070
896 1119
897 1048
898 1043
899 1006
900 1030
901 1012
902 1130
903 1072
904 1123
905 1086
906 1055
907 1062
908 1009
909 1099
910 1152
911 1048
912 1121
913 1104
914 1096
915 1056
916 1064
917 1108
918 1059
919 1062
920 1089
921 1042
922 1050
923 1054
924 1087
925 1040
926 1117
927 1072
928 1134
929 1080
930 1118
931 1114
932 1121
933 1161
934 1080
935 1086
936 1111
937 1185
938 1113
939 1130
940 1109
941 1151
942 1095
943 1080
944 1132
945 1195
946 1102
947 1146
948 1099
949 1116
950 1099
951 1225
952 1154
953 1151
954 1136
955 1158
956 1162
957 1157
958 1157
959 1131
960 1208
961 1125
962 1140
963 1148
964 1212
965 1169
966 1157
967 1172
968 1207
969 1206
970 1187
971 1175
972 1206
973 1202
974 1169
975 1238
976 1196
977 1192
978 1222
979 1277
980 1179
981 1281
982 1303
983 1230
984 1252
985 1251
986 1239
987 1264
988 1188
989 1262
990 1285
991 1318
992 1248
993 1284
994 1247
995 1286
996 1288
997 1255
998 1298
999 1297
1000 1273
1001 1259
1002 1295
1003 1318
1004 1259
1005 1357
1006 1336
1007 1363
1008 1321
1009 1349
1010 1390
1011 1354
1012 1357
1013 1352
1014 1387
1015 1394
1016 1375
1017 1310
1018 1385
1019 1459
1020 1384
1021 1410
1022 1392
1023 1404
1024 1404
1025 1400
1026 1365
1027 1455
1028 1397
1029 1487
1030 1428
1031 1501
1032 1440
1033 1403
1034 1466
1035 1391
1036 1483
1037 1411
1038 1467
1039 1476
1040 1446
1041 1447
1042 1528
1043 1499
1044 1484
1045 1468
1046 1496
1047 1506
1048 1529
1049 1571
1050 1545
1051 1517
1052 1534
1053 1510
1054 1520
1055 1494
1056 1515
1057 1572
1058 1537
1059 1570
1060 1556
1061 1549
1062 1500
1063 1525
1064 1590
1065 1628
1066 1559
1067 1582
1068 1550
1069 1589
1070 1651
1071 1613
1072 1590
1073 1621
1074 1628
1075 1638
1076 1606
1077 1582
1078 1674
1079 1647
1080 1622
1081 1591
1082 1710
1083 1616
1084 1690
1085 1691
1086 1671
1087 1620
1088 1570
1089 1664
1090 1645
1091 1657
1092 1645
1093 1686
1094 1684
1095 1601
1096 1682
1097 1687
1098 1710
1099 1698
1100 1617
1101 1681
1102 1638
1103 1736
1104 1687
1105 1671
1106 1746
1107 1665
1108 1703
1109 1648
1110 1737
1111 1703
1112 1695
1113 1685
1114 1762
1115 1674
1116 1745
1117 1725
1118 1734
1119 1812
1120 1793
1121 1770
1122 1765
1123 1807
1124 1815
1125 1830
1126 1769
1127 1798
1128 1794
1129 1856
1130 1776
1131 1887
1132 1903
1133 1909
1134 1891
1135 1953
1136 1837
1137 1888
1138 1874
1139 1919
1140 1867
1141 1920
1142 1934
1143 1999
1144 1999
1145 2002
1146 1922
1147 2000
1148 1887
1149 2029
1150 2095
1151 2004
1152 2100
1153 1955
1154 1993
1155 1989
1156 2001
1157 1988
1158 2016
1159 2026
1160 1972
1161 1990
1162 1918
1163 2056
1164 2035
1165 2036
1166 2012
1167 2039
1168 1993
1169 2072
1170 2148
1171 2030
1172 2137
1173 2109
1174 2205
1175 2088
1176 2162
1177 2103
1178 2108
1179 2090
1180 2148
1181 2221
1182 2095
1183 2203
1184 2235
1185 2213
1186 2172
1187 2164
1188 2115
1189 2156
1190 2097
1191 2102
1192 2151
1193 2179
1194 2155
1195 2153
1196 2105
1197 2137
1198 2123
1199 2163
1200 2121
1201 2146
1202 2179
1203 2221
1204 2189
1205 2177
1206 2208
1207 2166
1208 2217
1209 2203
1210 2208
1211 2205
1212 2238
1213 2175
1214 2216
1215 2202
1216 2181
1217 2320
1218 2236
1219 2189
1220 2317
1221 2263
1222 2375
1223 2262
1224 2371
1225 2294
1226 2329
1227 2362
1228 2391
1229 2409
1230 2415
1231 2455
1232 2345
1233 2396
1234 2419
1235 2425
1236 2355
1237 2302
1238 2365
1239 2511
1240 2481
1241 2452
1242 2430
1243 2528
1244 2521
1245 2366
1246 2498
1247 2493
1248 2521
1249 2445
1250 2578
1251 2501
1252 2510
1253 2544
1254 2586
1255 2614
1256 2586
1257 2530
1258 2581
1259 2517
1260 2513
1261 2535
1262 2570
1263 2608
1264 2567
1265 2480
1266 2549
1267 2530
1268 2635
1269 2625
1270 2579
1271 2585
1272 2627
1273 2650
1274 2636
1275 2603
1276 2684
1277 2665
1278 2683
1279 2708
1280 2605
1281 2739
1282 2699
1283 2770
1284 2720
1285 2757
1286 2760
1287 2852
1288 2843
1289 2913
1290 2932
1291 2972
1292 3065
1293 3050
1294 2998
1295 2950
1296 2950
1297 2922
1298 2929
1299 2917
1300 2859
1301 2984
1302 2969
1303 3030
1304 2935
1305 2905
1306 2957
1307 2904
1308 2906
1309 2932
1310 2915
1311 2872
1312 2951
1313 2906
1314 2901
1315 2985
1316 2876
1317 2950
1318 3072
1319 3012
1320 3071
1321 2992
1322 3054
1323 3036
1324 3100
1325 2988
1326 3048
1327 3064
1328 3015
1329 3049
1330 3144
1331 3108
1332 3107
1333 3126
1334 3295
1335 3257
1336 3290
1337 3420
1338 3184
1339 3296
1340 3233
1341 3233
1342 3285
1343 3301
1344 3314
1345 3333
1346 3394
1347 3362
1348 3522
1349 3552
1350 3473
1351 3390
1352 3578
1353 3457
1354 3506
1355 3574
1356 3569
1357 3774
1358 3624
1359 3610
1360 3510
1361 3526
1362 3481
1363 3500
1364 3514
1365 3508
1366 3394
1367 3405
1368 3534
1369 3393
1370 3453
1371 3493
1372 3435
1373 3492
1374 3482
1375 3486
1376 3496
1377 3522
1378 3594
1379 3581
1380 3555
1381 3605
1382 3600
1383 3567
1384 3611
1385 3581
1386 3560
1387 3582
1388 3622
1389 3698
1390 3641
1391 3645
1392 3602
1393 3757
1394 3695
1395 3679
1396 3727
1397 3766
1398 3744
1399 3649
1400 3768
1401 3744
1402 3764
1403 3737
1404 3779
1405 3869
1406 3927
1407 3793
1408 3875
1409 3911
1410 3898
1411 3964
1412 3935
1413 3978
1414 4161
1415 4149
1416 4084
1417 4099
1418 4276
1419 4169
1420 4089
1421 4197
1422 4194
1423 4272
1424 4130
1425 4339
1426 4310
1427 4328
1428 4304
1429 4337
1430 4248
1431 4258
1432 4200
1433 4303
1434 4193
1435 4327
1436 4332
1437 4417
1438 4325
1439 4354
1440 4422
1441 4487
1442 4610
1443 4581
1444 4662
1445 4561
1446 4503
1447 4591
1448 4548
1449 4594
1450 4630
1451 4652
1452 4680
1453 4670
1454 4764
1455 4601
1456 4563
1457 4585
1458 4538
1459 4671
1460 4669
1461 4582
1462 4675
1463 4710
1464 4654
1465 4683
1466 4774
1467 4728
1468 4762
1469 4880
1470 4890
1471 4923
1472 5110
1473 5246
1474 5181
1475 5061
1476 5060
1477 5142
1478 5294
1479 5367
1480 5387
1481 5341
1482 5359
1483 5147
1484 5215
1485 5099
1486 5237
1487 5187
1488 5324
1489 5358
1490 5406
1491 5460
1492 5374
1493 5391
1494 5358
1495 5522
1496 5373
1497 5289
1498 5438
1499 5389
1500 5555
1501 5457
1502 5649
1503 5654
1504 5725
1505 5875
1506 6151
1507 6697
1508 6082
1509 6036
1510 5863
1511 5743
1512 5707
1513 5694
1514 5642
1515 5676
1516 5494
1517 5527
1518 5485
1519 5486
1520 5348
1521 5480
1522 5416
1523 5492
1524 5408
1525 5722
1526 5716
1527 5511
1528 5592
1529 5594
1530 5574
1531 5690
1532 5646
1533 5620
1534 5648
1535 5821
1536 5785
1537 5958
1538 5958
1539 5802
1540 5716
1541 5534
1542 5497
1543 5455
1544 5493
1545 5409
1546 5412
1547 5487
1548 5365
1549 5426
1550 5574
1551 5527
1552 5593
1553 5748
1554 5957
1555 6005
1556 5777
1557 5713
1558 5551
1559 5518
1560 5457
1561 5353
1562 5318
1563 5355
1564 5328
1565 5310
1566 5304
1567 5331
1568 5300
1569 5126
1570 5208
1571 5162
1572 5198
1573 5314
1574 5290
1575 5344
1576 5371
1577 5418
1578 5580
1579 5324
1580 5421
1581 5416
1582 5415
1583 5300
1584 5222
1585 5183
1586 5157
1587 5002
1588 4968
1589 5115
1590 4870
1591 4977
1592 4970
1593 4964
1594 4919
1595 4904
1596 5059
1597 4981
1598 4912
1599 4901
1600 4940
1601 4923
1602 5036
1603 5060
1604 5013
1605 5048
1606 5104
1607 5257
1608 5364
1609 5373
1610 5493
1611 5274
1612 5194
1613 5122
1614 5085
1615 4986
1616 4856
1617 4921
1618 4907
1619 4924
1620 4823
1621 4738
1622 4838
1623 4749
1624 4737
1625 4655
1626 4782
1627 4632
1628 4668
1629 4679
1630 4657
1631 4634
1632 4597
1633 4646
1634 4600
1635 4630
1636 4717
1637 4601
1638 4786
1639 4563
1640 4650
1641 4738
1642 4878
1643 4785
1644 4716
1645 4795
1646 4677
1647 4607
1648 4677
1649 4778
1650 4782
1651 4727
1652 4790
1653 4741
1654 4830
1655 4678
1656 4749
1657 4726
1658 4820
1659 4839
1660 4845
1661 4858
1662 4737
1663 4909
1664 4728
1665 4743
1666 4759
1667 4673
1668 4745
1669 4553
1670 4683
1671 4604
1672 4656
1673 4626
1674 4560
1675 4492
1676 4653
1677 4573
1678 4617
1679 4658
1680 4774
1681 4703
1682 4880
1683 4701
1684 4667
1685 4686
1686 4517
1687 4500
1688 4490
1689 4613
1690 4485
1691 4528
1692 4389
1693 4527
1694 4473
1695 4530
1696 4516
1697 4500
1698 4487
1699 4666
1700 4585
1701 4578
1702 4525
1703 4600
1704 4694
1705 4609
1706 4633
1707 4730
1708 4772
1709 4718
1710 4929
1711 4954
1712 4909
1713 4886
1714 4868
1715 4947
1716 4935
1717 4944
1718 5056
1719 5012
1720 5159
1721 5293
1722 5530
1723 5726
1724 5983
1725 5633
1726 5505
1727 5464
1728 5582
1729 5634
1730 5577
1731 5904
1732 6213
1733 5787
1734 5757
1735 5648
1736 5728
1737 5651
1738 5627
1739 5685
1740 5583
1741 5931
1742 6403
1743 6000
1744 5792
1745 5783
1746 5764
1747 5701
1748 5705
1749 5850
1750 5978
1751 6531
1752 6653
1753 6153
1754 5824
1755 5856
1756 5935
1757 6175
1758 6551
1759 5790
1760 5400
1761 5005
1762 4825
1763 4727
1764 4584
1765 4557
1766 4359
1767 4346
1768 4360
1769 4084
1770 4128
1771 4103
1772 4049
1773 4007
1774 3854
1775 3857
1776 3768
1777 3786
1778 3755
1779 3671
1780 3693
1781 3577
1782 3600
1783 3627
1784 3554
1785 3537
1786 3528
1787 3514
1788 3443
1789 3596
1790 3670
1791 3815
1792 3521
1793 3473
1794 3337
1795 3340
1796 3320
1797 3212
1798 3289
1799 3158
1800 3131
1801 3086
1802 3082
1803 3057
1804 2984
1805 3027
1806 2984
1807 2942
1808 2989
1809 2956
1810 2831
1811 2854
1812 2865
1813 2863
1814 2905
1815 2819
1816 2881
1817 2821
1818 2705
1819 2731
1820 2812
1821 2665
1822 2717
1823 2651
1824 2599
1825 2701
1826 2566
1827 2677
1828 2591
1829 2643
1830 2599
1831 2501
1832 2553
1833 2472
1834 2613
1835 2561
1836 2527
1837 2489
1838 2587
1839 2483
1840 2388
1841 2444
1842 2429
1843 2425
1844 2405
1845 2409
1846 2430
1847 2403
1848 2334
1849 2310
1850 2372
1851 2383
1852 2416
1853 2450
1854 2387
1855 2380
1856 2355
1857 2464
1858 2434
1859 2454
1860 2680
1861 2447
1862 2469
1863 2330
1864 2273
1865 2286
1866 2263
1867 2201
1868 2174
1869 2082
1870 2076
1871 2084
1872 1964
1873 2052
1874 1956
1875 1971
1876 2026
1877 1889
1878 1881
1879 1939
1880 1873
1881 1842
1882 1838
1883 1832
1884 1888
1885 1873
1886 1823
1887 1734
1888 1749
1889 1743
1890 1738
1891 1800
1892 1776
1893 1707
1894 1762
1895 1660
1896 1733
1897 1732
1898 1691
1899 1705
1900 1717
1901 1639
1902 1687
1903 1625
1904 1569
1905 1593
1906 1675
1907 1583
1908 1517
1909 1608
1910 1565
1911 1552
1912 1663
1913 1594
1914 1557
1915 1546
1916 1611
1917 1530
1918 1593
1919 1513
1920 1551
1921 1529
1922 1508
1923 1530
1924 1567
1925 1464
1926 1497
1927 1529
1928 1543
1929 1533
1930 1467
1931 1494
1932 1481
1933 1523
1934 1548
1935 1568
1936 1556
1937 1500
1938 1594
1939 1455
1940 1487
1941 1490
1942 1459
1943 1511
1944 1401
1945 1448
1946 1502
1947 1490
1948 1445
1949 1464
1950 1451
1951 1412
1952 1417
1953 1477
1954 1543
1955 1569
1956 1486
1957 1475
1958 1433
1959 1485
1960 1473
1961 1370
1962 1425
1963 1439
1964 1434
1965 1535
1966 1556
1967 1389
1968 1373
1969 1303
1970 1344
1971 1274
1972 1273
1973 1287
1974 1305
1975 1248
1976 1270
1977 1228
1978 1240
1979 1235
1980 1235
1981 1197
1982 1220
1983 1231
1984 1166
1985 1176
1986 1134
1987 1179
1988 1184
1989 1141
1990 1177
1991 1115
1992 1192
1993 1105
1994 1128
1995 1110
1996 1102
1997 1095
1998 1081
1999 1041
2000 1105
2001 1066
2002 1126
2003 1058
2004 1049
2005 1093
2006 1051
2007 1063
2008 1027
2009 1087
2010 1018
2011 1033
2012 1054
2013 1082
2014 1001
2015 1012
2016 1086
2017 1059
2018 1096
2019 1020
2020 1011
2021 1079
2022 1058
2023 998
2024 970
2025 1036
2026 964
2027 989
2028 921
2029 923
2030 997
2031 958
2032 935
2033 916
2034 999
2035 960
2036 890
2037 921
2038 874
2039 884
2040 918
2041 887
2042 856
2043 855
2044 871
2045 847
2046 831
2047 846
2048 882
2049 870
2050 820
2051 848
2052 859
2053 837
2054 820
2055 855
2056 842
2057 775
2058 857
2059 816
2060 832
2061 890
2062 778
2063 848
2064 824
2065 805
2066 844
2067 788
2068 853
2069 813
2070 801
2071 754
2072 781
2073 778
2074 762
2075 763
2076 795
2077 714
2078 741
2079 733
2080 770
2081 802
2082 806
2083 745
2084 743
2085 753
2086 732
2087 738
2088 707
2089 761
2090 713
2091 697
2092 705
2093 719
2094 706
2095 689
2096 719
2097 744
2098 720
2099 665
2100 717
2101 696
2102 722
2103 687
2104 712
2105 704
2106 678
2107 708
2108 685
2109 653
2110 722
2111 668
2112 649
2113 694
2114 687
2115 724
2116 746
2117 669
2118 669
2119 638
2120 666
2121 684
2122 668
2123 675
2124 652
2125 626
2126 715
2127 669
2128 647
2129 645
2130 609
2131 655
2132 641
2133 656
2134 647
2135 657
2136 714
2137 624
2138 634
2139 674
2140 631
2141 589
2142 607
2143 628
2144 616
2145 621
2146 616
2147 603
2148 594
2149 585
2150 608
2151 594
2152 577
2153 601
2154 609
2155 613
2156 622
2157 552
2158 600
2159 571
2160 590
2161 569
2162 547
2163 549
2164 572
2165 582
2166 568
2167 528
2168 553
2169 585
2170 594
2171 506
2172 505
2173 516
2174 526
2175 540
2176 509
2177 535
2178 546
2179 516
2180 473
2181 541
2182 557
2183 500
2184 555
2185 538
2186 482
2187 484
2188 503
2189 513
2190 500
2191 449
2192 479
2193 478
2194 516
2195 525
2196 491
2197 480
2198 516
2199 481
2200 465
2201 455
2202 482
2203 481
2204 446
2205 444
2206 428
2207 461
2208 437
2209 464
2210 462
2211 476
2212 450
2213 457
2214 491
2215 419
2216 465
2217 457
2218 470
2219 460
2220 443
2221 440
2222 452
2223 431
2224 406
2225 463
2226 405
2227 442
2228 430
2229 434
2230 446
2231 447
2232 441
2233 458
2234 399
2235 427
2236 441
2237 423
2238 393
2239 433
2240 430
2241 436
2242 420
2243 416
2244 389
2245 422
2246 407
2247 415
2248 429
2249 453
2250 422
2251 418
2252 396
2253 403
2254 405
2255 414
2256 410
2257 372
2258 419
2259 412
2260 428
2261 370
2262 415
2263 386
2264 398
2265 359
2266 386
2267 389
2268 402
2269 335
2270 387
2271 396
2272 412
2273 393
2274 374
2275 336
2276 377
2277 389
2278 363
2279 343
2280 374
2281 389
2282 364
2283 362
2284 374
2285 403
2286 390
2287 371
2288 324
2289 334
2290 372
2291 339
2292 367
2293 336
2294 370
2295 389
2296 359
2297 357
2298 332
2299 369
2300 365
2301 360
2302 376
2303 361
2304 322
2305 368
2306 344
2307 338
2308 359
2309 343
2310 335
2311 330
2312 351
2313 305
2314 313
2315 349
2316 332
2317 341
2318 316
2319 307
2320 308
2321 343
2322 332
2323 289
2324 320
2325 344
2326 299
2327 341
2328 325
2329 298
2330 316
2331 333
2332 348
2333 335
2334 334
2335 331
2336 299
2337 322
2338 318
2339 319
2340 320
2341 298
2342 309
2343 315
2344 336
2345 312
2346 307
2347 302
2348 279
2349 295
2350 324
2351 312
2352 290
2353 272
2354 285
2355 321
2356 273
2357 291
2358 298
2359 283
2360 270
2361 303
2362 288
2363 290
2364 271
2365 287
2366 283
2367 271
2368 286
2369 301
2370 308
2371 304
2372 279
2373 274
2374 284
2375 288
2376 284
2377 282
2378 272
2379 278
2380 304
2381 287
2382 277
2383 260
2384 237
2385 298
2386 278
2387 276
2388 276
2389 266
2390 281
2391 310
2392 270
2393 263
2394 270
2395 255
2396 255
2397 256
2398 269
2399 280
2400 253
2401 254
2402 281
2403 267
2404 285
2405 254
2406 261
2407 254
2408 261
2409 282
2410 263
2411 281
2412 274
2413 261
2414 285
2415 259
2416 273
2417 279
2418 238
2419 253
2420 281
2421 232
2422 273
2423 252
2424 274
2425 240
2426 235
2427 248
2428 262
2429 229
2430 241
2431 262
2432 262
2433 235
2434 250
2435 264
2436 254
2437 232
2438 253
2439 242
2440 273
2441 244
2442 222
2443 257
2444 238
2445 230
2446 238
2447 218
2448 244
2449 216
2450 217
2451 228
2452 231
2453 218
2454 235
2455 237
2456 244
2457 219
2458 230
2459 243
2460 241
2461 216
2462 228
2463 212
2464 248
2465 216
2466 215
2467 225
2468 268
2469 246
2470 234
2471 219
2472 228
2473 201
2474 197
2475 210
2476 227
2477 217
2478 221
2479 212
2480 188
2481 224
2482 204
2483 244
2484 210
2485 215
2486 223
2487 242
2488 211
2489 201
2490 200
2491 237
2492 229
2493 215
2494 207
2495 226
2496 200
2497 214
2498 214
2499 219
2500 211
2501 176
2502 206
2503 182
2504 167
2505 219
2506 197
2507 201
2508 211
2509 207
2510 213
2511 193
2512 211
2513 206
2514 205
2515 206
2516 179
2517 221
2518 192
2519 224
2520 200
2521 217
2522 199
2523 180
2524 194
2525 190
2526 208
2527 191
2528 191
2529 175
2530 179
2531 180
2532 188
2533 207
2534 194
2535 196
2536 204
2537 179
2538 187
2539 170
2540 188
2541 199
2542 173
2543 203
2544 175
2545 176
2546 197
2547 164
2548 194
2549 200
2550 179
2551 175
2552 197
2553 189
2554 188
2555 176
2556 190
2557 171
2558 206
2559 183
2560 182
2561 183
2562 185
2563 204
2564 178
2565 194
2566 182
2567 153
2568 190
2569 177
2570 166
2571 172
2572 168
2573 188
2574 154
2575 190
2576 186
2577 189
2578 166
2579 177
2580 158
2581 194
2582 158
2583 176
2584 175
2585 171
2586 173
2587 176
2588 171
2589 196
2590 191
2591 161
2592 194
2593 176
2594 184
2595 165
2596 161
2597 164
2598 169
2599 180
2600 161
2601 172
2602 144
2603 172
2604 177
2605 151
2606 183
2607 162
2608 161
2609 153
2610 166
2611 148
2612 166
2613 170
2614 160
2615 165
2616 147
2617 150
2618 153
2619 170
2620 176
2621 173
2622 181
2623 160
2624 176
2625 175
2626 175
2627 161
2628 159
2629 181
2630 140
2631 167
2632 170
2633 176
2634 164
2635 164
2636 169
2637 163
2638 160
2639 172
2640 143
2641 163
2642 162
2643 170
2644 124
2645 146
2646 162
2647 159
2648 168
2649 142
2650 160
2651 165
2652 166
2653 129
2654 150
2655 148
2656 143
2657 156
2658 173
2659 162
2660 165
2661 154
2662 170
2663 157
2664 152
2665 132
2666 146
2667 155
2668 148
2669 148
2670 139
2671 120
2672 158
2673 155
2674 150
2675 151
2676 144
2677 143
2678 165
2679 157
2680 156
2681 141
2682 149
2683 165
2684 156
2685 155
2686 158
2687 144
2688 135
2689 144
2690 138
2691 139
2692 124
2693 151
2694 154
2695 149
2696 148
2697 133
2698 148
2699 123
2700 149
2701 143
2702 129
2703 142
2704 136
2705 122
2706 158
2707 151
2708 150
2709 139
2710 159
2711 126
2712 135
2713 145
2714 148
2715 144
2716 138
2717 134
2718 153
2719 148
2720 124
2721 133
2722 129
2723 156
2724 140
2725 131
2726 132
2727 124
2728 144
2729 134
2730 160
2731 139
2732 134
2733 135
2734 131
2735 135
2736 134
2737 148
2738 127
2739 128
2740 127
2741 126
2742 123
2743 131
2744 136
2745 142
2746 113
2747 134
2748 102
2749 121
2750 140
2751 142
2752 141
2753 143
2754 113
2755 126
2756 116
2757 117
2758 122
2759 117
2760 114
2761 145
2762 132
2763 150
2764 131
2765 133
2766 109
2767 133
2768 122
2769 136
2770 129
2771 139
2772 131
2773 133
2774 127
2775 121
2776 132
2777 110
2778 111
2779 121
2780 109
2781 113
2782 137
2783 125
2784 110
2785 117
2786 133
2787 125
2788 129
2789 108
2790 112
2791 133
2792 130
2793 112
2794 116
2795 129
2796 119
2797 119
2798 105
2799 125
2800 136
2801 124
2802 114
2803 119
2804 100
2805 98
2806 118
2807 126
2808 125
2809 114
2810 138
2811 110
2812 117
2813 105
2814 107
2815 108
2816 113
2817 99
2818 112
2819 133
2820 98
2821 133
2822 128
2823 114
2824 117
2825 121
2826 101
2827 105
2828 112
2829 97
2830 106
2831 109
2832 102
2833 113
2834 119
2835 95
2836 114
2837 105
2838 114
2839 107
2840 118
2841 118
2842 109
2843 119
2844 115
2845 130
2846 103
2847 95
2848 123
2849 107
2850 118
2851 137
2852 104
2853 111
2854 112
2855 117
2856 112
2857 123
2858 100
2859 107
2860 102
2861 103
2862 100
2863 96
2864 108
2865 106
2866 107
2867 115
2868 110
2869 89
2870 102
2871 84
2872 119
2873 123
2874 114
2875 114
2876 110
2877 100
2878 107
2879 99
2880 102
2881 98
2882 96
2883 99
2884 111
2885 100
2886 98
2887 123
2888 104
2889 92
2890 102
2891 106
2892 88
2893 89
2894 93
2895 110
2896 103
2897 103
2898 108
2899 109
2900 104
2901 94
2902 96
2903 123
2904 103
2905 107
2906 112
2907 99
2908 112
2909 91
2910 105
2911 108
2912 89
2913 98
2914 88
2915 94
2916 73
2917 113
2918 93
2919 97
2920 99
2921 100
2922 95
2923 77
2924 91
2925 97
2926 98
2927 101
2928 99
2929 97
2930 78
2931 81
2932 95
2933 75
2934 69
2935 117
2936 100
2937 96
2938 86
2939 98
2940 79
2941 95
2942 80
2943 78
2944 94
2945 78
2946 94
2947 78
2948 84
2949 77
2950 73
2951 88
2952 89
2953 86
2954 95
2955 91
2956 96
2957 79
2958 77
2959 95
2960 104
2961 86
2962 101
2963 88
2964 70
2965 92
2966 72
2967 93
2968 89
2969 85
2970 97
2971 79
2972 91
2973 100
2974 86
2975 80
2976 93
2977 76
2978 85
2979 85
2980 78
2981 76
2982 79
2983 85
2984 91
2985 89
2986 82
2987 78
2988 84
2989 74
2990 102
2991 78
2992 80
2993 82
2994 78
2995 91
2996 87
2997 73
2998 100
2999 99
3000 85
3001 64
3002 81
3003 69
3004 90
3005 96
3006 76
3007 69
3008 81
3009 87
3010 78
3011 78
3012 77
3013 85
3014 79
3015 82
3016 104
3017 79
3018 62
3019 99
3020 85
3021 83
3022 93
3023 91
3024 95
3025 65
3026 75
3027 70
3028 77
3029 75
3030 60
3031 74
3032 65
3033 78
3034 69
3035 73
3036 94
3037 80
3038 91
3039 72
3040 94
3041 79
3042 81
3043 80
3044 63
3045 68
3046 85
3047 81
3048 68
3049 78
3050 69
3051 80
3052 66
3053 76
3054 56
3055 81
3056 74
3057 81
3058 70
3059 81
3060 81
3061 66
3062 81
3063 85
3064 75
3065 57
3066 78
3067 62
3068 71
3069 81
3070 69
3071 93
3072 85
3073 55
3074 97
3075 79
3076 81
3077 70
3078 80
3079 78
3080 86
3081 87
3082 88
3083 70
3084 76
3085 73
3086 86
3087 71
3088 69
3089 76
3090 73
3091 69
3092 71
3093 66
3094 67
3095 75
3096 54
3097 74
3098 85
3099 73
3100 82
3101 71
3102 66
3103 61
3104 76
3105 48
3106 73
3107 62
3108 66
3109 79
3110 73
3111 63
3112 73
3113 64
3114 68
3115 63
3116 64
3117 51
3118 68
3119 64
3120 73
3121 80
3122 64
3123 59
3124 74
3125 80
3126 60
3127 50
3128 64
3129 70
3130 53
3131 64
3132 73
3133 68
3134 60
3135 70
3136 84
3137 66
3138 50
3139 59
3140 54
3141 60
3142 60
3143 58
3144 67
3145 73
3146 73
3147 70
3148 54
3149 72
3150 55
3151 72
3152 66
3153 70
3154 55
3155 59
3156 74
3157 74
3158 55
3159 71
3160 75
3161 69
3162 62
3163 61
3164 48
3165 50
3166 68
3167 64
3168 61
3169 80
3170 71
3171 56
3172 72
3173 67
3174 48
3175 65
3176 54
3177 69
3178 73
3179 57
3180 49
3181 64
3182 52
3183 61
3184 36
3185 63
3186 69
3187 51
3188 58
3189 62
3190 63
3191 69
3192 74
3193 51
3194 53
3195 47
3196 57
3197 59
3198 58
3199 70
3200 48
3201 62
3202 65
3203 54
3204 57
3205 55
3206 60
3207 51
3208 50
3209 51
3210 58
3211 57
3212 53
3213 51
3214 60
3215 64
3216 51
3217 62
3218 48
3219 47
3220 57
3221 76
3222 57
3223 61
3224 56
3225 43
3226 54
3227 71
3228 60
3229 55
3230 58
3231 68
3232 67
3233 58
3234 53
3235 47
3236 59
3237 46
3238 61
3239 62
3240 47
3241 63
3242 55
3243 59
3244 59
3245 61
3246 45
3247 49
3248 67
3249 48
3250 58
3251 56
3252 52
3253 70
3254 56
3255 48
3256 51
3257 70
3258 46
3259 55
3260 46
3261 44
3262 67
3263 45
3264 42
3265 60
3266 39
3267 54
3268 46
3269 56
3270 41
3271 56
3272 43
3273 63
3274 58
3275 49
3276 43
3277 50
3278 57
3279 66
3280 49
3281 54
3282 56
3283 44
3284 59
3285 49
3286 56
3287 52
3288 59
3289 39
3290 46
3291 44
3292 41
3293 42
3294 50
3295 55
3296 59
3297 53
3298 44
3299 60
3300 52
3301 52
3302 55
3303 53
3304 49
3305 48
3306 52
3307 52
3308 57
3309 48
3310 50
3311 48
3312 47
3313 48
3314 49
3315 48
3316 55
3317 51
3318 37
3319 43
3320 42
3321 63
3322 64
3323 38
3324 49
3325 48
3326 49
3327 45
3328 54
3329 39
3330 56
3331 65
3332 49
3333 55
3334 62
3335 42
3336 35
3337 44
3338 41
3339 47
3340 55
3341 55
3342 56
3343 45
3344 47
3345 49
3346 58
3347 58
3348 44
3349 43
3350 50
3351 47
3352 23
3353 50
3354 44
3355 37
3356 32
3357 48
3358 52
3359 56
3360 40
3361 43
3362 51
3363 49
3364 54
3365 48
3366 50
3367 42
3368 42
3369 52
3370 47
3371 50
3372 41
3373 41
3374 56
3375 45
3376 35
3377 57
3378 60
3379 61
3380 42
3381 50
3382 43
3383 56
3384 51
3385 35
3386 55
3387 40
3388 58
3389 45
3390 47
3391 53
3392 57
3393 49
3394 51
3395 49
3396 46
3397 47
3398 41
3399 40
3400 43
3401 30
3402 42
3403 44
3404 52
3405 46
3406 42
3407 48
3408 44
3409 34
3410 40
3411 40
3412 51
3413 51
3414 48
3415 30
3416 49
3417 41
3418 55
3419 39
3420 54
3421 52
3422 46
3423 38
3424 42
3425 36
3426 49
3427 47
3428 46
3429 42
3430 40
3431 47
3432 38
3433 50
3434 41
3435 34
3436 49
3437 52
3438 45
3439 40
3440 43
3441 39
3442 52
3443 38
3444 31
3445 44
3446 42
3447 45
3448 38
3449 35
3450 38
3451 46
3452 54
3453 44
3454 43
3455 44
3456 45
3457 44
3458 39
3459 41
3460 32
3461 48
3462 50
3463 41
3464 48
3465 42
3466 41
3467 44
3468 28
3469 36
3470 46
3471 45
3472 44
3473 44
3474 36
3475 49
3476 43
3477 43
3478 53
3479 47
3480 43
3481 28
3482 46
3483 45
3484 39
3485 39
3486 51
3487 48
3488 41
3489 32
3490 44
3491 45
3492 51
3493 41
3494 45
3495 52
3496 46
3497 30
3498 34
3499 39
3500 44
3501 37
3502 35
3503 44
3504 42
3505 30
3506 26
3507 41
3508 48
3509 29
3510 37
3511 40
3512 32
3513 38
3514 39
3515 33
3516 40
3517 47
3518 34
3519 34
3520 34
3521 36
3522 54
3523 27
3524 33
3525 31
3526 38
3527 38
3528 37
3529 29
3530 35
3531 31
3532 42
3533 54
3534 41
3535 46
3536 31
3537 43
3538 32
3539 39
3540 32
3541 36
3542 42
3543 34
3544 46
3545 41
3546 40
3547 30
3548 47
3549 40
3550 57
3551 34
3552 46
3553 25
3554 34
3555 38
3556 40
3557 37
3558 31
3559 42
3560 39
3561 39
3562 34
3563 37
3564 34
3565 40
3566 34
3567 38
3568 45
3569 43
3570 44
3571 29
3572 29
3573 38
3574 33
3575 38
3576 36
3577 39
3578 46
3579 40
3580 33
3581 26
3582 28
3583 43
3584 38
3585 37
3586 42
3587 27
3588 23
3589 32
3590 39
3591 33
3592 41
3593 42
3594 27
3595 38
3596 41
3597 42
3598 42
3599 34
3600 27
3601 31
3602 43
3603 29
3604 41
3605 33
3606 31
3607 35
3608 41
3609 31
3610 28
3611 36
3612 35
3613 37
3614 38
3615 36
3616 36
3617 38
3618 30
3619 38
3620 34
3621 43
3622 38
3623 30
3624 33
3625 34
3626 30
3627 35
3628 30
3629 29
3630 34
3631 34
3632 30
3633 30
3634 31
3635 41
3636 31
3637 25
3638 34
3639 39
3640 32
3641 37
3642 30
3643 34
3644 41
3645 36
3646 30
3647 27
3648 33
3649 40
3650 25
3651 39
3652 42
3653 35
3654 36
3655 26
3656 34
3657 48
3658 25
3659 28
3660 33
3661 29
3662 28
3663 31
3664 24
3665 31
3666 34
3667 29
3668 32
3669 30
3670 41
3671 36
3672 26
3673 37
3674 34
3675 45
3676 38
3677 28
3678 45
3679 31
3680 37
3681 35
3682 29
3683 18
3684 27
3685 29
3686 36
3687 34
3688 39
3689 35
3690 34
3691 33
3692 35
3693 30
3694 27
3695 31
3696 28
3697 34
3698 31
3699 36
3700 23
3701 28
3702 23
3703 33
3704 27
3705 24
3706 32
3707 21
3708 30
3709 36
3710 24
3711 37
3712 37
3713 40
3714 34
3715 28
3716 31
3717 30
3718 17
3719 36
3720 32
3721 33
3722 29
3723 31
3724 34
3725 33
3726 33
3727 27
3728 23
3729 34
3730 27
3731 24
3732 25
3733 26
3734 24
3735 30
3736 29
3737 27
3738 25
3739 31
3740 31
3741 29
3742 30
3743 26
3744 30
3745 29
3746 29
3747 29
3748 27
3749 36
3750 40
3751 38
3752 30
3753 43
3754 32
3755 26
3756 29
3757 19
3758 32
3759 28
3760 32
3761 33
3762 30
3763 32
3764 27
3765 21
3766 26
3767 24
3768 34
3769 27
3770 37
3771 31
3772 27
3773 27
3774 21
3775 38
3776 23
3777 28
3778 26
3779 34
3780 25
3781 18
3782 25
3783 24
3784 36
3785 28
3786 26
3787 31
3788 17
3789 22
3790 33
3791 25
3792 30
3793 38
3794 31
3795 22
3796 23
3797 29
3798 28
3799 34
3800 22
3801 23
3802 20
3803 37
3804 32
3805 28
3806 22
3807 25
3808 27
3809 28
3810 25
3811 23
3812 28
3813 35
3814 25
3815 31
3816 30
3817 42
3818 33
3819 34
3820 31
3821 26
3822 34
3823 35
3824 32
3825 26
3826 26
3827 26
3828 25
3829 26
3830 30
3831 25
3832 25
3833 29
3834 32
3835 23
3836 29
3837 30
3838 20
3839 21
3840 29
3841 31
3842 36
3843 22
3844 28
3845 21
3846 27
3847 18
3848 20
3849 29
3850 30
3851 34
3852 30
3853 26
3854 25
3855 30
3856 27
3857 21
3858 27
3859 30
3860 32
3861 37
3862 28
3863 27
3864 30
3865 24
3866 24
3867 32
3868 27
3869 28
3870 19
3871 32
3872 22
3873 31
3874 36
3875 24
3876 26
3877 24
3878 32
3879 22
3880 23
3881 25
3882 21
3883 30
3884 30
3885 34
3886 17
3887 27
3888 35
3889 25
3890 34
3891 26
3892 21
3893 25
3894 23
3895 31
3896 28
3897 18
3898 32
3899 28
3900 21
3901 36
3902 31
3903 28
3904 19
3905 30
3906 22
3907 33
3908 34
3909 19
3910 35
3911 28
3912 27
3913 23
3914 34
3915 26
3916 22
3917 28
3918 17
3919 28
3920 25
3921 23
3922 24
3923 23
3924 30
3925 20
3926 19
3927 23
3928 25
3929 21
3930 23
3931 24
3932 22
3933 22
3934 21
3935 25
3936 28
3937 25
3938 20
3939 30
3940 22
3941 21
3942 20
3943 20
3944 25
3945 18
3946 29
3947 27
3948 22
3949 28
3950 16
3951 18
3952 25
3953 19
3954 37
3955 29
3956 29
3957 28
3958 25
3959 31
3960 33
3961 23
3962 26
3963 16
3964 20
3965 29
3966 13
3967 22
3968 25
3969 22
3970 23
3971 27
3972 26
3973 24
3974 20
3975 25
3976 20
3977 27
3978 23
3979 24
3980 23
3981 18
3982 21
3983 27
3984 24
3985 27
3986 17
3987 23
3988 20
3989 26
3990 18
3991 25
3992 18
3993 19
3994 22
3995 22
3996 27
3997 28
3998 26
3999 26
4000 18
4001 29
4002 21
4003 23
4004 24
4005 24
4006 29
4007 19
4008 25
4009 26
4010 23
4011 23
4012 15
4013 20
4014 28
4015 12
4016 23
4017 24
4018 25
4019 22
4020 25
4021 20
4022 18
4023 18
4024 15
4025 27
4026 17
4027 20
4028 28
4029 23
4030 28
4031 18
4032 16
4033 19
4034 18
4035 16
4036 14
4037 20
4038 32
4039 22
4040 16
4041 24
4042 16
4043 16
4044 12
4045 29
4046 29
4047 16
4048 25
4049 21
4050 23
4051 29
4052 20
4053 19
4054 14
4055 31
4056 20
4057 30
4058 17
4059 22
4060 18
4061 21
4062 31
4063 27
4064 19
4065 19
4066 19
4067 21
4068 17
4069 20
4070 14
4071 20
4072 25
4073 23
4074 19
4075 21
4076 24
4077 23
4078 19
4079 12
4080 22
4081 25
4082 23
4083 20
4084 21
4085 21
4086 25
4087 21
4088 22
4089 33
4090 22
4091 26
4092 14
4093 13
4094 25
4095 22
4096 22
4097 22
4098 23
4099 24
4100 15
4101 21
4102 17
4103 15
4104 14
4105 18
4106 20
4107 23
4108 23
4109 25
4110 29
4111 16
4112 18
4113 25
4114 23
4115 30
4116 26
4117 23
4118 14
4119 21
4120 26
4121 21
4122 21
4123 14
4124 22
4125 19
4126 16
4127 17
4128 17
4129 25
4130 26
4131 20
4132 25
4133 21
4134 19
4135 15
4136 15
4137 18
4138 22
4139 16
4140 17
4141 22
4142 16
4143 20
4144 26
4145 27
4146 27
4147 25
4148 13
4149 21
4150 22
4151 16
4152 23
4153 18
4154 13
4155 23
4156 22
4157 9
4158 21
4159 14
4160 19
4161 19
4162 23
4163 21
4164 25
4165 18
4166 22
4167 19
4168 22
4169 15
4170 27
4171 20
4172 24
4173 21
4174 23
4175 20
4176 23
4177 19
4178 20
4179 26
4180 17
4181 13
4182 24
4183 20
4184 21
4185 20
4186 20
4187 23
4188 26
4189 13
4190 17
4191 23
4192 16
4193 20
4194 16
4195 19
4196 16
4197 18
4198 13
4199 16
4200 15
4201 16
4202 19
4203 14
4204 25
4205 11
4206 22
4207 21
4208 20
4209 26
4210 8
4211 27
4212 22
4213 14
4214 13
4215 15
4216 9
4217 25
4218 22
4219 13
4220 19
4221 15
4222 25
4223 16
4224 17
4225 22
4226 24
4227 14
4228 21
4229 21
4230 16
4231 17
4232 13
4233 15
4234 11
4235 17
4236 15
4237 21
4238 17
4239 11
4240 30
4241 21
4242 23
4243 21
4244 25
4245 18
4246 16
4247 15
4248 21
4249 14
4250 22
4251 13
4252 26
4253 21
4254 18
4255 14
4256 17
4257 14
4258 27
4259 18
4260 16
4261 13
4262 14
4263 22
4264 16
4265 14
4266 14
4267 15
4268 19
4269 13
4270 19
4271 11
4272 12
4273 16
4274 18
4275 13
4276 16
4277 20
4278 19
4279 9
4280 13
4281 20
4282 23
4283 13
4284 11
4285 15
4286 20
4287 21
4288 21
4289 14
4290 13
4291 19
4292 21
4293 16
4294 13
4295 19
4296 17
4297 18
4298 26
4299 19
4300 16
4301 12
4302 11
4303 25
4304 17
4305 11
4306 10
4307 10
4308 22
4309 17
4310 19
4311 9
4312 21
4313 16
4314 19
4315 17
4316 16
4317 21
4318 28
4319 22
4320 11
4321 18
4322 15
4323 15
4324 21
4325 13
4326 18
4327 19
4328 14
4329 10
4330 10
4331 18
4332 15
4333 25
4334 13
4335 14
4336 18
4337 16
4338 21
4339 24
4340 22
4341 25
4342 23
4343 14
4344 15
4345 21
4346 23
4347 17
4348 13
4349 12
4350 7
4351 26
4352 17
4353 15
4354 10
4355 20
4356 15
4357 14
4358 19
4359 13
4360 19
4361 10
4362 20
4363 14
4364 15
4365 10
4366 22
4367 14
4368 13
4369 19
4370 22
4371 17
4372 11
4373 19
4374 14
4375 14
4376 17
4377 16
4378 17
4379 15
4380 14
4381 14
4382 19
4383 20
4384 11
4385 21
4386 11
4387 17
4388 19
4389 20
4390 18
4391 16
4392 12
4393 23
4394 16
4395 12
4396 13
4397 17
4398 10
4399 15
4400 15
4401 23
4402 12
4403 16
4404 8
4405 17
4406 20
4407 16
4408 23
4409 17
4410 17
4411 17
4412 19
4413 16
4414 21
4415 17
4416 16
4417 17
4418 19
4419 12
4420 10
4421 9
4422 9
4423 22
4424 18
4425 11
4426 17
4427 20
4428 12
4429 9
4430 13
4431 16
4432 17
4433 12
4434 7
4435 17
4436 13
4437 21
4438 16
4439 22
4440 15
4441 23
4442 16
4443 20
4444 13
4445 20
4446 18
4447 13
4448 12
4449 15
4450 19
4451 16
4452 14
4453 10
4454 16
4455 19
4456 8
4457 8
4458 13
4459 13
4460 13
4461 21
4462 14
4463 17
4464 15
4465 14
4466 12
4467 9
4468 8
4469 14
4470 14
4471 15
4472 11
4473 13
4474 21
4475 14
4476 13
4477 10
4478 17
4479 11
4480 10
4481 23
4482 15
4483 19
4484 12
4485 18
4486 13
4487 13
4488 8
4489 13
4490 22
4491 17
4492 14
4493 20
4494 10
4495 15
4496 14
4497 15
4498 10
4499 16
4500 12
4501 16
4502 18
4503 21
4504 16
4505 17
4506 11
4507 11
4508 10
4509 10
4510 12
4511 14
4512 19
4513 10
4514 10
4515 11
4516 11
4517 13
4518 12
4519 11
4520 21
4521 13
4522 13
4523 15
4524 9
4525 14
4526 12
4527 12
4528 20
4529 15
4530 17
4531 21
4532 11
4533 11
4534 19
4535 10
4536 19
4537 15
4538 22
4539 18
4540 15
4541 14
4542 17
4543 15
4544 20
4545 14
4546 15
4547 14
4548 16
4549 22
4550 10
4551 12
4552 20
4553 18
4554 14
4555 11
4556 20
4557 13
4558 19
4559 14
4560 15
4561 9
4562 14
4563 13
4564 6
4565 11
4566 20
4567 16
4568 12
4569 14
4570 17
4571 15
4572 9
4573 21
4574 12
4575 13
4576 8
4577 16
4578 11
4579 12
4580 4
4581 13
4582 8
4583 18
4584 8
4585 12
4586 10
4587 16
4588 9
4589 15
4590 16
4591 12
4592 13
4593 15
4594 11
4595 11
4596 10
4597 13
4598 19
4599 14
4600 13
4601 12
4602 8
4603 11
4604 21
4605 14
4606 12
4607 16
4608 25
4609 14
4610 10
4611 13
4612 10
4613 10
4614 12
4615 15
4616 9
4617 14
4618 11
4619 9
4620 11
4621 14
4622 13
4623 10
4624 12
4625 13
4626 16
4627 13
4628 11
4629 7
4630 12
4631 12
4632 16
4633 9
4634 12
4635 14
4636 9
4637 7
4638 11
4639 11
4640 14
4641 6
4642 16
4643 3
4644 9
4645 20
4646 16
4647 11
4648 11
4649 10
4650 16
4651 7
4652 12
4653 16
4654 7
4655 14
4656 7
4657 10
4658 11
4659 8
4660 12
4661 14
4662 15
4663 10
4664 13
4665 12
4666 11
4667 11
4668 14
4669 10
4670 7
4671 14
4672 14
4673 17
4674 10
4675 11
4676 15
4677 14
4678 8
4679 13
4680 21
4681 11
4682 13
4683 17
4684 7
4685 9
4686 15
4687 10
4688 8
4689 17
4690 13
4691 12
4692 8
4693 13
4694 14
4695 11
4696 8
4697 12
4698 11
4699 16
4700 16
4701 11
4702 12
4703 11
4704 8
4705 14
4706 19
4707 8
4708 14
4709 11
4710 14
4711 13
4712 15
4713 15
4714 11
4715 11
4716 12
4717 9
4718 12
4719 12
4720 10
4721 18
4722 11
4723 14
4724 16
4725 15
4726 12
4727 12
4728 9
4729 8
4730 4
4731 16
4732 12
4733 11
4734 14
4735 8
4736 8
4737 11
4738 9
4739 7
4740 7
4741 13
4742 13
4743 5
4744 15
4745 6
4746 9
4747 11
4748 9
4749 8
4750 9
4751 13
4752 9
4753 11
4754 12
4755 12
4756 12
4757 12
4758 9
4759 8
4760 11
4761 17
4762 10
4763 10
4764 11
4765 13
4766 10
4767 16
4768 11
4769 9
4770 17
4771 13
4772 11
4773 11
4774 28
4775 11
4776 14
4777 13
4778 14
4779 18
4780 9
4781 8
4782 10
4783 9
4784 9
4785 16
4786 5
4787 8
4788 18
4789 4
4790 9
4791 11
4792 10
4793 10
4794 8
4795 10
4796 11
4797 10
4798 7
4799 18
4800 11
4801 12
4802 14
4803 11
4804 12
4805 14
4806 11
4807 11
4808 10
4809 5
4810 13
4811 14
4812 13
4813 9
4814 8
4815 7
4816 13
4817 10
4818 12
4819 7
4820 10
4821 10
4822 9
4823 11
4824 8
4825 7
4826 11
4827 11
4828 8
4829 15
4830 4
4831 19
4832 12
4833 7
4834 5
4835 9
4836 11
4837 13
4838 11
4839 15
4840 7
4841 5
4842 11
4843 9
4844 10
4845 13
4846 6
4847 12
4848 12
4849 11
4850 10
4851 15
4852 11
4853 4
4854 10
4855 9
4856 11
4857 13
4858 11
4859 9
4860 16
4861 9
4862 9
4863 9
4864 9
4865 10
4866 15
4867 4
4868 16
4869 21
4870 17
4871 15
4872 9
4873 9
4874 13
4875 13
4876 10
4877 7
4878 6
4879 11
4880 10
4881 12
4882 10
4883 11
4884 7
4885 12
4886 8
4887 7
4888 7
4889 10
4890 7
4891 12
4892 4
4893 12
4894 9
4895 12
4896 11
4897 14
4898 7
4899 15
4900 11
4901 5
4902 6
4903 7
4904 12
4905 8
4906 11
4907 13
4908 12
4909 13
4910 6
4911 8
4912 13
4913 9
4914 9
4915 12
4916 13
4917 9
4918 8
4919 8
4920 8
4921 12
4922 11
4923 11
4924 12
4925 9
4926 14
4927 10
4928 15
4929 10
4930 6
4931 8
4932 8
4933 8
4934 13
4935 6
4936 9
4937 12
4938 8
4939 8
4940 9
4941 12
4942 11
4943 9
4944 8
4945 8
4946 10
4947 8
4948 14
4949 11
4950 12
4951 16
4952 15
4953 6
4954 5
4955 11
4956 5
4957 8
4958 9
4959 10
4960 8
4961 11
4962 6
4963 4
4964 6
4965 10
4966 6
4967 12
4968 9
4969 17
4970 15
4971 11
4972 14
4973 9
4974 16
4975 9
4976 11
4977 8
4978 13
4979 4
4980 16
4981 8
4982 11
4983 10
4984 7
4985 7
4986 11
4987 14
4988 7
4989 8
4990 10
4991 9
4992 8
4993 12
4994 12
4995 8
4996 8
4997 13
4998 11
4999 6
5000 6
5001 4
5002 18
5003 9
5004 10
5005 15
5006 8
5007 14
5008 6
5009 9
5010 12
5011 9
5012 7
5013 19
5014 12
5015 12
5016 9
5017 10
5018 8
5019 8
5020 9
5021 6
5022 7
5023 10
5024 12
5025 6
5026 6
5027 13
5028 7
5029 6
5030 9
5031 10
5032 13
5033 5
5034 10
5035 8
5036 11
5037 9
5038 12
5039 10
5040 16
5041 9
5042 11
5043 6
5044 11
5045 7
5046 6
5047 13
5048 7
5049 3
5050 5
5051 7
5052 7
5053 10
5054 8
5055 10
5056 9
5057 9
5058 8
5059 9
5060 11
5061 7
5062 9
5063 8
5064 10
5065 11
5066 10
5067 5
5068 7
5069 7
5070 11
5071 11
5072 12
5073 13
5074 8
5075 5
5076 9
5077 9
5078 10
5079 10
5080 11
5081 6
5082 13
5083 11
5084 5
5085 8
5086 8
5087 11
5088 7
5089 11
5090 6
5091 14
5092 8
5093 5
5094 8
5095 6
5096 11
5097 8
5098 9
5099 6
5100 12
5101 10
5102 5
5103 10
5104 8
5105 8
5106 10
5107 6
5108 7
5109 11
5110 11
5111 9
5112 10
5113 9
5114 4
5115 3
5116 11
5117 9
5118 8
5119 6
5120 6
5121 13
5122 4
5123 11
5124 10
5125 12
5126 5
5127 5
5128 9
5129 13
5130 12
5131 12
5132 10
5133 6
5134 13
5135 4
5136 12
5137 10
5138 7
5139 7
5140 5
5141 3
5142 7
5143 5
5144 6
5145 3
5146 11
5147 10
5148 6
5149 6
5150 9
5151 3
5152 4
5153 5
5154 11
5155 12
5156 10
5157 10
5158 8
5159 5
5160 7
5161 8
5162 3
5163 9
5164 9
5165 10
5166 8
5167 6
5168 5
5169 14
5170 11
5171 11
5172 6
5173 9
5174 6
5175 7
5176 12
5177 10
5178 11
5179 5
5180 6
5181 9
5182 10
5183 6
5184 11
5185 7
5186 6
5187 14
5188 9
5189 8
5190 9
5191 11
5192 3
5193 6
5194 12
5195 15
5196 8
5197 11
5198 9
5199 9
5200 8
5201 16
5202 11
5203 5
5204 8
5205 9
5206 7
5207 10
5208 13
5209 7
5210 10
5211 6
5212 7
5213 7
5214 8
5215 7
5216 7
5217 14
5218 10
5219 6
5220 6
5221 9
5222 3
5223 14
5224 4
5225 6
5226 8
5227 6
5228 13
5229 14
5230 9
5231 9
5232 15
5233 6
5234 4
5235 11
5236 6
5237 9
5238 12
5239 4
5240 7
5241 11
5242 12
5243 6
5244 10
5245 7
5246 6
5247 5
5248 6
5249 3
5250 4
5251 7
5252 5
5253 13
5254 5
5255 9
5256 13
5257 7
5258 10
5259 10
5260 9
5261 6
5262 13
5263 5
5264 12
5265 6
5266 6
5267 5
5268 9
5269 9
5270 10
5271 10
5272 8
5273 10
5274 6
5275 7
5276 6
5277 6
5278 11
5279 9
5280 9
5281 6
5282 11
5283 7
5284 11
5285 11
5286 7
5287 10
5288 6
5289 8
5290 7
5291 12
5292 6
5293 7
5294 14
5295 9
5296 8
5297 8
5298 18
5299 7
5300 8
5301 6
5302 5
5303 9
5304 10
5305 5
5306 9
5307 14
5308 10
5309 6
5310 8
5311 11
5312 8
5313 9
5314 2
5315 6
5316 6
5317 5
5318 5
5319 2
5320 3
5321 8
5322 7
5323 7
5324 3
5325 6
5326 6
5327 7
5328 8
5329 3
5330 6
5331 7
5332 6
5333 7
5334 4
5335 8
5336 10
5337 7
5338 8
5339 7
5340 7
5341 6
5342 14
5343 8
5344 13
5345 9
5346 7
5347 13
5348 9
5349 5
5350 6
5351 10
5352 8
5353 5
5354 12
5355 9
5356 12
5357 8
5358 9
5359 11
5360 4
5361 7
5362 3
5363 6
5364 4
5365 6
5366 10
5367 10
5368 3
5369 6
5370 8
5371 13
5372 11
5373 4
5374 7
5375 4
5376 5
5377 9
5378 6
5379 9
5380 5
5381 11
5382 6
5383 7
5384 6
5385 7
5386 6
5387 11
5388 4
5389 8
5390 5
5391 8
5392 9
5393 7
5394 6
5395 3
5396 7
5397 9
5398 7
5399 9
5400 6
5401 5
5402 5
5403 4
5404 12
5405 2
5406 7
5407 10
5408 3
5409 9
5410 7
5411 4
5412 5
5413 8
5414 7
5415 7
5416 8
5417 6
5418 10
5419 6
5420 9
5421 8
5422 9
5423 5
5424 3
5425 5
5426 4
5427 13
5428 2
5429 4
5430 3
5431 5
5432 8
5433 2
5434 7
5435 11
5436 3
5437 3
5438 9
5439 7
5440 5
5441 6
5442 9
5443 10
5444 6
5445 7
5446 9
5447 7
5448 10
5449 6
5450 13
5451 6
5452 8
5453 5
5454 7
5455 7
5456 7
5457 5
5458 10
5459 5
5460 13
5461 7
5462 6
5463 10
5464 5
5465 9
5466 7
5467 10
5468 7
5469 5
5470 10
5471 4
5472 5
5473 9
5474 7
5475 7
5476 8
5477 4
5478 13
5479 10
5480 5
5481 5
5482 5
5483 4
5484 6
5485 7
5486 6
5487 8
5488 7
5489 11
5490 7
5491 15
5492 10
5493 5
5494 10
5495 8
5496 8
5497 9
5498 9
5499 6
5500 10
5501 10
5502 9
5503 5
5504 7
5505 6
5506 8
5507 8
5508 1
5509 6
5510 10
5511 7
5512 7
5513 6
5514 4
5515 7
5516 5
5517 5
5518 7
5519 4
5520 6
5521 9
5522 11
5523 2
5524 5
5525 6
5526 4
5527 8
5528 7
5529 6
5530 10
5531 5
5532 10
5533 10
5534 6
5535 6
5536 4
5537 4
5538 6
5539 6
5540 5
5541 7
5542 5
5543 5
5544 11
5545 6
5546 11
5547 7
5548 6
5549 6
5550 6
5551 7
5552 6
5553 6
5554 10
5555 1
5556 6
5557 9
5558 6
5559 6
5560 7
5561 5
5562 5
5563 5
5564 7
5565 5
5566 7
5567 8
5568 5
5569 5
5570 6
5571 9
5572 9
5573 6
5574 5
5575 2
5576 8
5577 3
5578 4
5579 11
5580 7
5581 2
5582 6
5583 7
5584 2
5585 4
5586 7
5587 4
5588 7
5589 2
5590 2
5591 11
5592 3
5593 7
5594 11
5595 5
5596 8
5597 5
5598 7
5599 7
5600 8
5601 4
5602 6
5603 7
5604 13
5605 11
5606 5
5607 7
5608 10
5609 4
5610 3
5611 7
5612 3
5613 5
5614 6
5615 5
5616 4
5617 2
5618 12
5619 2
5620 7
5621 7
5622 4
5623 4
5624 7
5625 6
5626 4
5627 4
5628 14
5629 8
5630 2
5631 6
5632 6
5633 7
5634 8
5635 9
5636 8
5637 3
5638 4
5639 4
5640 3
5641 1
5642 3
5643 6
5644 4
5645 8
5646 4
5647 5
5648 4
5649 5
5650 2
5651 10
5652 5
5653 8
5654 8
5655 11
5656 4
5657 7
5658 3
5659 9
5660 8
5661 7
5662 8
5663 7
5664 8
5665 6
5666 4
5667 7
5668 8
5669 6
5670 4
5671 3
5672 6
5673 9
5674 5
5675 7
5676 6
5677 3
5678 8
5679 6
5680 6
5681 5
5682 7
5683 4
5684 8
5685 7
5686 3
5687 4
5688 8
5689 2
5690 5
5691 5
5692 6
5693 6
5694 6
5695 5
5696 1
5697 7
5698 7
5699 3
5700 5
5701 7
5702 7
5703 7
5704 4
5705 4
5706 2
5707 8
5708 7
5709 4
5710 5
5711 8
5712 3
5713 10
5714 10
5715 4
5716 7
5717 6
5718 5
5719 2
5720 6
5721 3
5722 2
5723 11
5724 2
5725 4
5726 9
5727 7
5728 9
5729 5
5730 10
5731 7
5732 3
5733 5
5734 6
5735 3
5736 3
5737 7
5738 12
5739 4
5740 5
5741 2
5742 3
5743 6
5744 3
5745 8
5746 5
5747 6
5748 3
5749 9
5750 2
5751 7
5752 8
5753 6
5754 6
5755 6
5756 8
5757 6
5758 2
5759 6
5760 9
5761 2
5762 3
5763 3
5764 1
5765 8
5766 2
5767 5
5768 8
5769 5
5770 5
5771 5
5772 5
5773 9
5774 5
5775 4
5776 5
5777 5
5778 3
5779 7
5780 11
5781 3
5782 5
5783 5
5784 2
5785 10
5786 10
5787 6
5788 3
5789 3
5790 3
5791 1
5792 4
5793 3
5794 4
5795 7
5796 9
5797 4
5798 12
5799 7
5800 7
5801 6
5802 4
5803 6
5804 7
5805 5
5806 6
5807 5
5808 7
5809 2
5810 4
5811 2
5812 2
5813 7
5814 7
5815 3
5816 3
5817 3
5818 6
5819 7
5820 1
5821 6
5822 11
5823 7
5824 5
5825 10
5826 4
5827 3
5828 6
5829 1
5830 7
5831 3
5832 5
5833 6
5834 6
5835 8
5836 6
5837 5
5838 6
5839 3
5840 7
5841 5
5842 3
5843 8
5844 5
5845 6
5846 8
5847 4
5848 5
5849 4
5850 4
5851 8
5852 8
5853 6
5854 3
5855 4
5856 4
5857 2
5858 10
5859 8
5860 10
5861 3
5862 3
5863 2
5864 5
5865 3
5866 6
5867 4
5868 5
5869 9
5870 2
5871 9
5872 9
5873 3
5874 5
5875 9
5876 4
5877 3
5878 7
5879 2
5880 2
5881 8
5882 7
5883 3
5884 5
5885 4
5886 7
5887 4
5888 5
5889 7
5890 8
5891 7
5892 8
5893 2
5894 6
5895 8
5896 4
5897 5
5898 4
5899 5
5900 5
5901 7
5902 5
5903 8
5904 7
5905 3
5906 7
5907 6
5908 5
5909 2
5910 3
5911 3
5912 7
5913 5
5914 3
5915 5
5916 5
5917 3
5918 7
5919 7
5920 3
5921 2
5922 4
5923 4
5924 4
5925 5
5926 10
5927 7
5928 1
5929 6
5930 4
5931 4
5932 6
5933 2
5934 6
5935 10
5936 6
5937 7
5938 10
5939 5
5940 5
5941 1
5942 3
5943 3
5944 7
5945 7
5946 3
5947 3
5948 4
5949 6
5950 4
5951 6
5952 6
5953 4
5954 5
5955 6
5956 1
5957 5
5958 3
5959 7
5960 6
5961 2
5962 4
5963 6
5964 6
5965 10
5966 9
5967 5
5968 5
5969 5
5970 10
5971 6
5972 2
5973 4
5974 4
5976 5
5977 9
5978 4
5979 5
5980 3
5981 3
5982 5
5983 5
5984 8
5985 4
5986 3
5987 7
5988 4
5989 4
5990 5
5991 10
5992 6
5993 2
5994 5
5995 6
5996 5
5997 10
5998 6
5999 6
6000 3
6001 4
6002 3
6003 6
6004 5
6005 1
6006 6
6007 5
6008 4
6009 8
6010 3
6011 6
6012 4
6013 5
6014 4
6015 10
6016 6
6017 9
6018 5
6019 4
6020 2
6021 2
6022 2
6023 3
6024 4
6025 5
6026 8
6027 12
6028 2
6029 6
6030 3
6031 7
6032 2
6033 6
6034 8
6035 4
6036 4
6037 1
6038 9
6039 3
6040 6
6041 2
6042 4
6043 6
6044 4
6045 4
6046 6
6047 5
6048 4
6049 1
6050 12
6051 1
6052 6
6053 4
6054 3
6055 1
6056 6
6057 3
6058 3
6059 1
6060 2
6061 5
6062 3
6063 5
6064 5
6065 6
6066 5
6067 1
6068 4
6069 4
6070 4
6071 6
6072 3
6073 5
6074 9
6075 5
6076 5
6077 3
6078 6
6079 2
6080 6
6081 3
6082 4
6083 6
6084 5
6085 5
6086 7
6087 5
6088 1
6089 2
6090 1
6091 8
6092 2
6093 3
6094 8
6095 7
6096 7
6097 2
6098 2
6099 3
6100 4
6101 3
6102 3
6103 3
6104 5
6105 4
6107 11
6108 8
6109 4
6110 3
6111 4
6112 1
6113 5
6114 9
6115 6
6116 13
6117 8
6118 5
6119 7
6120 2
6121 3
6122 6
6123 4
6124 9
6125 4
6126 4
6127 6
6128 7
6129 5
6130 7
6131 6
6132 3
6133 5
6134 4
6135 2
6136 6
6137 5
6138 7
6139 3
6140 4
6141 3
6142 6
6143 1
6144 5
6145 3
6146 4
6147 5
6148 3
6149 6
6150 3
6151 2
6152 6
6153 5
6154 3
6155 6
6156 1
6158 5
6159 9
6160 4
6161 7
6162 4
6163 5
6164 6
6165 5
6166 5
6167 1
6168 3
6169 5
6170 5
6171 5
6172 2
6173 4
6174 1
6175 6
6176 3
6177 2
6178 4
6179 1
6181 6
6182 5
6183 4
6184 5
6185 6
6186 6
6187 3
6188 4
6189 6
6190 3
6191 3
6192 7
6193 3
6194 8
6195 4
6196 6
6197 7
6198 6
6199 5
6200 4
6201 5
6202 8
6203 5
6204 4
6205 1
6206 3
6207 3
6208 5
6209 3
6210 8
6211 2
6212 3
6213 3
6214 9
6215 4
6216 5
6217 3
6218 1
6219 7
6221 3
6222 7
6223 4
6224 3
6225 5
6226 2
6227 7
6228 5
6229 5
6230 5
6231 4
6232 4
6233 5
6234 4
6235 4
6236 9
6237 8
6238 4
6239 4
6240 3
6241 5
6242 3
6243 6
6244 4
6245 6
6246 3
6247 4
6248 9
6249 3
6250 7
6251 8
6252 1
6253 7
6254 5
6255 2
6256 2
6257 2
6258 7
6259 9
6260 5
6261 3
6262 5
6263 2
6264 1
6265 3
6266 3
6267 3
6268 6
6269 4
6270 6
6271 9
6272 4
6273 6
6275 5
6276 6
6277 5
6278 3
6279 5
6281 1
6282 3
6283 6
6284 3
6285 3
6286 5
6287 1
6288 3
6289 6
6290 3
6291 4
6292 5
6293 2
6294 5
6295 7
6296 4
6297 6
6298 3
6299 7
6300 1
6301 5
6302 5
6303 8
6304 3
6305 3
6306 3
6307 2
6308 1
6309 3
6310 6
6311 5
6312 4
6313 4
6314 5
6315 5
6316 7
6317 8
6318 2
6319 8
6320 4
6321 5
6322 5
6323 1
6324 3
6325 4
6326 5
6327 9
6328 3
6329 3
6330 6
6331 3
6332 8
6333 1
6334 5
6335 5
6336 2
6337 7
6338 5
6339 4
6340 4
6341 2
6342 3
6343 6
6344 4
6345 4
6346 7
6347 7
6348 4
6349 2
6350 3
6351 6
6352 5
6353 3
6354 4
6355 4
6356 6
6357 8
6358 7
6359 1
6360 5
6361 5
6362 4
6363 4
6364 9
6365 11
6366 4
6367 5
6368 3
6369 2
6370 5
6371 5
6372 6
6373 5
6374 2
6375 5
6376 3
6377 5
6378 4
6379 7
6380 3
6381 3
6382 9
6383 6
6384 3
6385 4
6386 2
6387 4
6388 4
6389 2
6390 4
6391 7
6392 3
6393 4
6394 7
6395 4
6396 2
6397 4
6398 3
6399 2
6400 7
6401 8
6402 10
6403 3
6404 4
6405 4
6406 1
6407 11
6408 2
6409 2
6410 3
6411 3
6412 4
6413 2
6414 6
6415 5
6416 3
6417 3
6418 3
6419 7
6420 4
6421 2
6422 2
6423 6
6424 3
6425 4
6426 2
6427 3
6428 3
6429 6
6430 3
6431 2
6432 1
6433 5
6434 2
6435 1
6436 5
6437 2
6438 4
6439 4
6440 3
6441 2
6442 2
6443 6
6444 4
6445 1
6446 8
6447 6
6448 6
6449 3
6450 4
6451 1
6452 1
6453 3
6454 4
6455 5
6456 4
6457 6
6458 3
6459 2
6460 5
6461 2
6462 4
6463 6
6464 3
6465 5
6466 3
6467 1
6468 4
6469 2
6470 3
6471 3
6472 4
6473 3
6474 5
6475 3
6476 3
6477 2
6478 4
6479 3
6480 4
6481 7
6482 3
6483 3
6484 1
6485 2
6486 3
6487 2
6488 3
6489 1
6491 5
6492 6
6493 8
6494 4
6495 5
6496 4
6497 5
6498 1
6499 5
6500 1
6501 4
6502 7
6503 3
6504 6
6505 6
6506 5
6507 3
6508 1
6509 7
6510 3
6511 5
6512 2
6513 5
6514 1
6515 2
6516 4
6517 3
6518 4
6519 4
6520 2
6521 2
6522 7
6523 2
6524 2
6525 5
6526 2
6527 2
6528 3
6529 3
6530 7
6531 2
6532 8
6533 3
6534 4
6535 5
6536 3
6537 3
6538 3
6539 4
6540 1
6542 9
6543 5
6545 8
6546 6
6547 1
6548 9
6549 2
6550 6
6551 6
6552 1
6553 4
6554 3
6555 6
6556 5
6557 3
6558 2
6559 2
6560 2
6561 1
6562 5
6563 4
6564 4
6565 2
6566 3
6567 5
6568 5
6569 8
6570 2
6571 2
6572 4
6573 4
6574 9
6575 1
6576 7
6577 2
6578 5
6579 4
6580 2
6581 4
6582 3
6583 4
6584 6
6585 3
6586 3
6587 1
6588 5
6589 3
6590 5
6591 4
6592 1
6593 3
6594 1
6595 5
6596 3
6597 2
6598 4
6599 3
6600 5
6601 5
6602 2
6603 2
6604 6
6605 3
6606 2
6607 4
6608 5
6609 3
6610 2
6611 4
6612 8
6613 1
6614 2
6615 3
6616 2
6617 1
6618 6
6619 4
6620 7
6621 4
6622 2
6623 7
6624 1
6625 4
6626 5
6628 1
6629 2
6630 1
6631 1
6632 5
6633 2
6634 5
6635 6
6636 6
6637 6
6638 2
6639 4
6640 4
6641 5
6642 2
6643 4
6645 2
6646 3
6647 2
6648 5
6649 6
6650 5
6651 1
6652 5
6653 4
6654 6
6655 1
6656 2
6657 2
6658 3
6659 1
6660 5
6661 5
6662 2
6663 5
6664 4
6665 1
6666 2
6667 4
6668 5
6669 6
6670 6
6671 3
6672 4
6673 7
6674 5
6675 2
6676 5
6677 5
6678 3
6679 1
6680 4
6681 2
6682 7
6683 3
6684 5
6685 2
6686 7
6687 3
6689 4
6690 3
6691 3
6692 4
6693 3
6694 2
6695 7
6696 6
6697 7
6698 4
6699 5
6700 2
6701 1
6702 5
6703 4
6704 3
6705 3
6706 4
6707 8
6708 4
6709 6
6710 3
6711 2
6712 1
6713 5
6714 5
6715 4
6716 1
6717 6
6718 3
6719 4
6720 4
6721 5
6722 4
6723 4
6724 3
6725 2
6726 4
6727 2
6728 4
6729 4
6730 1
6731 8
6732 2
6733 4
6734 2
6735 5
6736 4
6737 4
6738 1
6739 8
6740 3
6741 9
6742 5
6743 4
6744 2
6745 3
6746 1
6747 3
6748 5
6749 4
6750 2
6751 6
6752 2
6753 2
6754 1
6755 2
6756 1
6757 8
6758 5
6759 1
6760 4
6761 2
6762 1
6763 3
6764 4
6765 2
6766 6
6767 4
6768 1
6769 6
6770 1
6771 6
6772 5
6773 4
6774 4
6775 2
6776 4
6777 3
6778 2
6779 5
6780 6
6781 3
6782 3
6783 4
6784 2
6785 2
6786 1
6787 4
6788 2
6789 4
6790 8
6792 3
6793 3
6794 4
6795 4
6796 3
6797 4
6798 3
6799 1
6800 1
6801 6
6802 5
6803 2
6804 8
6805 3
6806 5
6807 2
6808 2
6809 4
6810 3
6811 2
6812 2
6813 2
6814 1
6815 2
6816 2
6817 3
6818 3
6819 2
6820 4
6821 3
6822 3
6823 4
6824 4
6825 3
6826 2
6827 3
6828 1
6829 3
6830 3
6831 4
6832 3
6833 1
6834 5
6835 2
6836 2
6838 1
6839 5
6840 5
6841 3
6842 4
6843 3
6844 4
6845 3
6846 2
6847 2
6849 4
6850 3
6851 3
6852 1
6855 3
6856 5
6857 2
6859 7
6860 4
6861 3
6862 3
6863 2
6864 3
6865 4
6866 3
6867 5
6868 3
6869 3
6870 3
6871 4
6872 4
6873 3
6874 3
6875 4
6876 3
6877 2
6878 3
6879 5
6880 4
6881 5
6882 3
6883 5
6884 6
6886 3
6887 2
6888 5
6890 2
6891 2
6892 3
6893 2
6895 3
6896 3
6897 1
6898 1
6899 3
6900 3
6901 3
6902 4
6903 2
6904 4
6905 3
6906 3
6907 4
6908 1
6909 2
6910 4
6911 6
6912 4
6913 2
6914 1
6915 1
6916 2
6917 5
6919 2
6921 3
6922 1
6923 4
6924 6
6925 2
6926 3
6927 3
6928 3
6929 5
6930 1
6931 2
6932 2
6933 2
6935 1
6936 2
6937 4
6938 3
6939 3
6940 3
6941 5
6942 5
6943 3
6944 3
6945 4
6946 1
6947 4
6948 2
6949 2
6950 3
6952 1
6953 1
6954 5
6955 3
6956 3
6957 3
6958 2
6959 2
6960 2
6961 4
6962 4
6963 3
6964 6
6965 4
6966 4
6967 5
6968 4
6969 3
6970 5
6971 3
6972 2
6974 3
6975 4
6976 1
6977 2
6978 4
6979 1
6980 3
6981 4
6982 2
6983 3
6984 4
6985 2
6986 2
6987 2
6988 1
6989 3
6990 3
6991 3
6992 6
6993 7
6994 3
6995 5
6996 7
6998 3
6999 3
7000 5
7001 3
7002 5
7003 1
7004 2
7005 4
7007 1
7008 4
7009 2
7010 3
7011 4
7012 2
7013 5
7014 3
7015 4
7016 4
7017 3
7018 1
7019 2
7020 3
7021 2
7022 3
7023 7
7024 3
7025 2
7026 1
7027 3
7028 3
7029 6
7030 4
7031 1
7032 3
7033 3
7034 3
7035 3
7036 1
7037 2
7038 4
7039 1
7040 4
7041 5
7042 2
7043 4
7044 3
7045 2
7046 4
7047 4
7049 6
7050 5
7051 4
7052 5
7053 3
7054 5
7055 5
7056 2
7057 3
7058 2
7059 3
7060 1
7061 3
7062 4
7063 2
7064 1
7065 1
7066 2
7067 1
7068 2
7069 2
7070 3
7071 2
7072 3
7073 1
7074 2
7075 1
7076 4
7077 1
7079 5
7080 1
7081 2
7082 4
7083 4
7084 4
7085 2
7086 1
7087 3
7088 5
7089 1
7090 7
7091 1
7093 5
7094 3
7095 4
7096 2
7098 2
7099 3
7100 2
7101 3
7102 2
7103 2
7104 2
7105 3
7106 1
7107 3
7108 3
7109 3
7110 3
7111 4
7113 2
7115 3
7116 4
7117 1
7118 1
7119 2
7120 3
7123 4
7124 5
7125 1
7127 2
7128 2
7129 1
7130 3
7131 5
7132 1
7134 2
7135 2
7136 5
7137 2
7138 1
7139 1
7140 1
7141 3
7142 3
7143 5
7144 6
7145 1
7146 3
7147 6
7148 2
7149 2
7150 2
7151 4
7152 2
7153 2
7154 2
7155 1
7156 1
7157 2
7158 3
7159 4
7160 2
7161 5
7162 2
7163 3
7164 2
7165 5
7166 5
7167 3
7168 3
7169 4
7170 2
7171 6
7172 1
7173 2
7174 4
7175 2
7176 4
7177 5
7178 1
7179 1
7180 3
7181 4
7182 1
7183 3
7184 1
7185 5
7186 2
7189 2
7190 2
7192 1
7193 1
7194 3
7196 1
7197 1
7198 5
7199 1
7200 1
7201 1
7202 3
7203 2
7204 3
7205 1
7206 4
7207 4
7208 5
7209 2
7211 3
7212 3
7213 3
7214 1
7215 3
7216 2
7218 4
7219 2
7220 2
7221 1
7222 1
7223 1
7224 1
7225 6
7226 2
7227 1
7228 3
7229 1
7230 1
7231 5
7232 4
7233 3
7234 2
7235 2
7236 3
7237 3
7238 3
7239 4
7240 1
7241 2
7242 2
7243 6
7244 2
7245 3
7246 2
7247 5
7248 5
7249 3
7250 1
7251 3
7252 7
7253 5
7255 1
7256 4
7257 4
7258 3
7259 3
7260 1
7261 3
7262 1
7263 1
7264 3
7265 2
7266 3
7267 3
7268 5
7269 5
7270 4
7271 3
7272 1
7273 1
7274 5
7276 2
7277 2
7278 4
7279 3
7280 2
7281 3
7282 2
7283 7
7284 4
7285 2
7286 3
7287 1
7288 3
7289 2
7290 3
7291 4
7292 4
7293 2
7294 2
7296 2
7297 3
7298 1
7299 2
7300 5
7302 1
7303 1
7304 2
7305 4
7306 1
7307 3
7308 6
7309 2
7311 5
7312 1
7313 1
7314 4
7315 1
7316 1
7317 3
7318 1
7319 1
7320 1
7321 1
7322 2
7323 2
7324 2
7325 2
7326 3
7327 8
7328 4
7329 5
7331 5
7332 3
7333 3
7335 2
7336 5
7337 4
7338 1
7339 8
7340 3
7342 2
7343 1
7344 1
7347 1
7348 3
7349 3
7350 3
7351 1
7353 1
7354 2
7355 5
7356 3
7357 5
7358 4
7359 3
7360 3
7361 3
7362 1
7363 2
7364 1
7365 2
7366 3
7368 3
7370 2
7371 1
7372 3
7373 4
7374 4
7375 6
7376 1
7378 5
7379 2
7380 3
7381 2
7383 4
7384 2
7385 4
7386 4
7387 3
7388 1
7389 2
7390 3
7391 4
7392 4
7393 2
7394 4
7395 6
7396 3
7398 5
7399 1
7400 5
7401 1
7402 4
7403 2
7404 1
7405 2
7406 2
7407 2
7408 3
7409 2
7411 5
7412 2
7413 2
7415 1
7416 3
7417 1
7419 3
7420 4
7421 2
7422 2
7423 3
7424 2
7425 2
7426 4
7427 3
7428 3
7429 4
7430 1
7431 1
7432 3
7433 1
7434 1
7435 1
7437 4
7438 3
7439 3
7440 3
7442 6
7443 2
7444 6
7445 1
7446 2
7447 2
7448 2
7449 3
7450 2
7451 3
7452 2
7453 4
7454 5
7455 1
7456 3
7457 2
7458 1
7459 1
7461 1
7462 1
7463 2
7464 5
7465 6
7466 2
7467 1
7468 3
7470 4
7472 1
7473 4
7474 3
7475 3
7477 2
7478 1
7479 1
7480 5
7481 1
7482 2
7483 3
7484 1
7485 1
7486 2
7488 2
7489 4
7490 5
7491 2
7492 2
7493 1
7494 4
7495 1
7496 4
7497 3
7498 3
7499 1
7501 4
7502 5
7503 5
7504 1
7505 2
7506 4
7507 3
7508 1
7509 2
7510 3
7512 6
7514 3
7515 2
7516 3
7517 2
7518 3
7519 2
7520 3
7521 4
7522 4
7523 3
7524 1
7526 2
7527 1
7528 3
7529 2
7530 1
7531 4
7532 3
7533 1
7534 2
7535 1
7536 1
7537 2
7538 1
7539 3
7540 1
7542 2
7543 3
7545 3
7546 1
7547 2
7548 4
7549 2
7550 2
7551 3
7552 1
7554 1
7555 3
7556 5
7557 2
7558 1
7559 1
7560 3
7561 3
7562 3
7563 3
7564 3
7565 2
7566 1
7567 5
7568 1
7569 2
7570 3
7571 1
7572 3
7573 3
7574 6
7575 3
7576 3
7577 1
7578 3
7579 1
7580 6
7581 4
7582 4
7583 1
7584 4
7586 3
7587 3
7588 2
7589 1
7590 1
7591 5
7592 4
7593 3
7594 2
7595 5
7596 2
7597 3
7599 1
7600 3
7601 1
7602 3
7603 1
7604 5
7605 3
7606 2
7607 3
7608 3
7610 2
7611 2
7612 4
7615 1
7616 2
7617 3
7618 3
7619 4
7620 3
7621 3
7622 2
7624 3
7625 2
7626 3
7627 2
7628 4
7629 1
7630 2
7631 4
7633 4
7634 1
7635 2
7636 1
7637 2
7638 1
7639 2
7640 2
7642 1
7643 4
7644 2
7645 5
7646 1
7647 3
7648 1
7649 4
7650 2
7651 5
7652 1
7653 4
7654 3
7655 5
7656 3
7657 5
7658 1
7659 1
7661 3
7662 4
7663 1
7665 3
7666 3
7667 1
7668 2
7669 2
7670 4
7671 5
7672 2
7673 2
7674 1
7675 1
7676 2
7677 6
7678 5
7679 2
7680 5
7681 1
7682 4
7683 2
7684 5
7685 3
7686 6
7688 3
7689 2
7690 2
7691 4
7692 2
7693 3
7694 3
7695 2
7696 5
7697 3
7698 1
7699 3
7700 2
7701 1
7702 4
7704 1
7706 4
7707 1
7708 3
7709 2
7710 2
7711 2
7712 1
7713 2
7714 4
7715 2
7716 2
7717 2
7718 1
7719 1
7720 2
7721 2
7722 2
7723 1
7724 2
7725 6
7726 2
7727 3
7728 3
7729 5
7730 7
7731 1
7732 2
7733 2
7734 2
7735 1
7736 1
7737 2
7738 1
7739 1
7740 4
7741 2
7742 1
7743 2
7744 3
7745 3
7746 1
7747 1
7748 2
7749 4
7750 2
7751 1
7752 5
7753 1
7754 3
7755 3
7756 1
7757 1
7758 4
7759 3
7760 2
7761 1
7762 3
7763 2
7764 3
7765 3
7766 1
7767 2
7768 1
7769 2
7770 3
7771 5
7772 3
7773 2
7774 3
7775 3
7776 1
7777 5
7778 1
7779 2
7780 2
7781 3
7782 4
7783 3
7784 5
7785 3
7787 1
7788 5
7790 4
7791 3
7792 1
7793 2
7795 1
7796 4
7797 1
7799 3
7800 6
7801 4
7802 1
7803 2
7804 3
7805 5
7806 3
7807 4
7808 3
7809 1
7810 1
7811 1
7813 1
7814 3
7815 2
7816 4
7817 3
7818 1
7819 3
7820 1
7821 3
7822 3
7823 2
7824 2
7825 2
7826 3
7828 4
7832 1
7833 2
7834 2
7835 1
7836 2
7837 1
7838 2
7839 1
7840 3
7841 3
7843 4
7844 2
7845 2
7846 4
7847 1
7848 4
7849 1
7850 1
7851 1
7852 3
7853 7
7854 2
7856 4
7857 6
7858 2
7859 2
7860 3
7861 1
7862 1
7863 3
7864 2
7865 3
7867 2
7868 7
7869 2
7870 1
7871 2
7872 3
7874 1
7875 2
7877 1
7878 1
7879 1
7880 3
7881 1
7883 3
7885 5
7887 1
7888 1
7889 2
7890 1
7892 4
7894 5
7895 3
7896 4
7897 1
7898 8
7899 3
7900 3
7902 2
7903 2
7905 1
7906 2
7907 1
7908 1
7909 1
7910 1
7912 2
7913 1
7914 2
7915 3
7916 2
7918 4
7921 4
7922 4
7923 3
7924 3
7925 1
7926 1
7927 2
7928 2
7929 2
7930 5
7931 3
7932 3
7934 2
7935 1
7937 1
7938 2
7939 3
7940 2
7941 2
7942 1
7943 1
7944 1
7945 3
7946 1
7947 2
7949 2
7950 3
7951 3
7952 1
7953 2
7954 1
7955 2
7956 1
7957 2
7958 1
7959 2
7960 1
7961 4
7963 4
7964 1
7965 1
7966 1
7967 3
7969 3
7970 2
7971 2
7972 3
7973 2
7974 2
7975 1
7976 4
7977 2
7978 3
7979 2
7982 4
7983 2
7984 4
7986 1
7987 2
7989 1
7990 2
7991 5
7992 3
7993 3
7994 2
7995 3
7996 2
7997 2
7998 2
7999 1
8001 1
8002 1
8003 1
8004 2
8005 1
8006 1
8007 3
8008 1
8009 2
8011 2
8012 3
8014 2
8015 2
8016 1
8018 2
8019 1
8020 1
8022 3
8024 2
8025 3
8026 3
8027 4
8028 3
8029 2
8031 1
8032 1
8033 3
8034 2
8035 3
8037 2
8038 1
8039 1
8040 4
8042 4
8043 2
8044 3
8046 1
8047 3
8048 1
8049 1
8052 5
8053 3
8054 2
8056 3
8057 1
8058 3
8059 3
8061 1
8062 4
8063 2
8064 5
8065 2
8066 3
8067 1
8068 1
8069 1
8070 2
8073 1
8074 3
8075 2
8076 1
8077 2
8078 2
8079 1
8080 2
8081 2
8082 2
8083 1
8084 3
8085 1
8086 2
8087 1
8088 5
8090 1
8091 1
8092 2
8093 2
8094 1
8095 3
8096 5
8097 1
8098 2
8100 3
8101 3
8102 6
8105 4
8106 3
8108 1
8110 2
8112 2
8114 4
8115 5
8116 3
8117 1
8118 3
8119 2
8120 1
8121 3
8122 2
8123 2
8125 2
8126 1
8128 3
8129 2
8130 4
8131 1
8132 4
8133 1
8134 4
8135 1
8136 2
8137 4
8138 1
8139 3
8140 3
8141 1
8142 5
8143 3
8144 1
8145 3
8147 2
8148 2
8149 2
8151 2
8153 3
8154 1
8155 5
8156 2
8157 2
8159 3
8160 1
8161 1
8162 1
8166 1
8167 1
8168 4
8169 2
8170 4
8172 1
8173 2
8174 1
8175 1
8176 3
8177 3
8178 2
8180 2
8181 3
8183 2
8184 2
8185 1
8186 1
8187 1
8188 1
8189 3
8190 1
8191 1
8193 3
8194 1
8195 3
8196 1
8197 1
8198 2
8199 4
8200 3
8201 4
8202 4
8205 2
8207 1
8208 1
8210 3
8211 3
8212 4
8214 3
8215 1
8216 2
8217 2
8218 2
8222 1
8223 2
8224 2
8225 1
8226 2
8227 2
8228 2
8229 2
8231 1
8232 1
8233 1
8234 6
8236 3
8237 2
8238 2
8239 1
8240 3
8242 5
8244 7
8245 3
8248 1
8250 6
8251 2
8252 2
8254 2
8255 3
8256 1
8257 2
8259 2
8260 1
8261 3
8262 1
8263 6
8264 2
8265 2
8267 1
8268 2
8269 3
8270 2
8271 3
8273 1
8276 4
8277 2
8278 1
8279 1
8280 4
8281 2
8283 2
8284 5
8285 3
8286 1
8287 2
8288 4
8291 1
8292 1
8293 1
8295 1
8296 1
8297 1
8298 2
8299 2
8302 5
8303 1
8305 2
8306 2
8309 1
8310 1
8313 2
8314 1
8315 1
8316 2
8317 1
8318 2
8320 5
8321 2
8322 1
8324 3
8325 1
8326 1
8327 4
8328 2
8329 2
8331 3
8332 2
8335 1
8336 1
8338 2
8340 2
8341 4
8342 2
8343 3
8344 3
8345 1
8347 5
8348 3
8349 2
8350 3
8352 2
8354 1
8355 1
8356 1
8357 1
8358 2
8359 4
8362 1
8365 6
8367 2
8368 2
8370 2
8371 1
8372 4
8373 5
8374 3
8375 2
8376 3
8377 1
8378 6
8379 2
8380 1
8381 1
8382 2
8383 2
8384 2
8385 5
8386 2
8388 4
8391 5
8392 1
8393 1
8394 3
8397 1
8399 3
8400 1
8402 1
8403 4
8404 2
8406 2
8408 1
8409 2
8410 1
8412 3
8414 2
8415 1
8416 4
8417 1
8418 1
8419 2
8420 1
8421 5
8422 2
8423 1
8424 4
8425 2
8427 1
8428 1
8429 2
8430 5
8431 3
8432 1
8433 2
8435 2
8436 1
8437 4
8438 1
8439 3
8440 1
8441 5
8442 1
8443 2
8445 3
8446 1
8447 2
8448 2
8449 1
8451 1
8452 1
8454 2
8455 1
8457 3
8458 3
8459 5
8460 2
8461 2
8462 3
8463 3
8464 1
8465 3
8466 1
8467 1
8469 2
8470 1
8472 1
8474 4
8475 2
8476 1
8477 3
8478 4
8479 4
8480 1
8482 1
8483 2
8484 4
8485 2
8486 1
8487 1
8488 1
8489 2
8490 4
8491 1
8492 1
8493 2
8495 1
8496 3
8499 2
8501 2
8502 2
8503 2
8504 1
8505 1
8506 2
8507 4
8508 3
8509 1
8510 2
8511 2
8512 1
8513 2
8514 2
8515 2
8516 2
8517 3
8518 1
8519 2
8521 1
8522 3
8523 4
8524 2
8525 4
8526 1
8527 1
8528 2
8530 3
8531 2
8532 1
8533 1
8534 3
8536 3
8537 1
8538 3
8540 1
8541 1
8543 1
8544 1
8546 1
8548 2
8549 3
8550 2
8551 1
8554 3
8556 2
8557 1
8558 1
8560 1
8561 1
8562 1
8563 2
8566 1
8568 1
8569 1
8570 2
8571 1
8573 4
8574 2
8576 2
8578 2
8579 1
8580 1
8584 4
8586 2
8587 1
8588 2
8589 3
8590 1
8591 1
8592 1
8593 3
8595 1
8596 3
8597 2
8598 3
8600 2
8601 3
8604 1
8606 1
8607 2
8608 3
8609 1
8610 3
8611 2
8612 2
8613 2
8614 1
8616 3
8617 1
8618 2
8619 4
8623 1
8624 2
8626 4
8627 2
8629 1
8630 1
8631 3
8632 1
8633 2
8634 1
8636 1
8638 1
8639 1
8640 6
8642 5
8643 3
8644 1
8645 1
8646 1
8647 2
8648 1
8650 1
8651 2
8652 2
8654 6
8656 1
8657 3
8658 1
8659 1
8660 1
8661 2
8662 2
8664 3
8665 3
8666 2
8667 1
8668 4
8669 1
8670 1
8672 1
8673 1
8675 3
8676 1
8677 2
8678 2
8680 2
8681 1
8683 3
8684 2
8685 3
8686 1
8687 2
8688 2
8689 3
8690 2
8691 2
8692 2
8693 1
8694 1
8695 1
8696 2
8697 2
8698 2
8700 2
8701 3
8702 1
8704 1
8705 1
8706 1
8707 1
8708 1
8710 1
8711 2
8712 2
8713 2
8714 2
8715 4
8716 1
8717 1
8719 1
8721 1
8722 1
8723 1
8724 1
8728 1
8731 2
8732 2
8733 1
8734 1
8735 1
8736 3
8737 3
8738 1
8739 1
8740 2
8741 1
8742 2
8743 2
8745 1
8747 1
8748 1
8749 1
8750 1
8751 1
8752 2
8753 2
8754 4
8755 2
8757 1
8759 1
8761 2
8762 1
8763 1
8764 2
8766 1
8767 1
8768 2
8770 3
8771 4
8772 2
8773 3
8774 1
8775 3
8776 2
8777 1
8778 2
8779 2
8780 4
8781 2
8783 1
8784 4
8786 2
8787 1
8788 3
8789 1
8792 5
8793 1
8795 1
8796 1
8797 1
8798 4
8799 1
8800 2
8801 1
8803 5
8804 3
8805 1
8807 2
8808 2
8809 2
8811 2
8812 2
8813 1
8814 1
8816 2
8817 1
8819 2
8820 1
8821 1
8822 2
8823 1
8825 4
8826 2
8827 3
8828 1
8830 4
8831 4
8832 3
8833 1
8834 1
8835 2
8836 1
8837 1
8838 1
8839 1
8840 1
8841 1
8843 1
8845 2
8846 2
8850 1
8851 2
8852 2
8853 2
8854 2
8855 2
8856 2
8857 1
8860 4
8862 1
8863 4
8864 1
8865 2
8866 1
8867 3
8868 2
8869 2
8870 1
8872 1
8873 4
8874 1
8875 1
8877 2
8878 1
8879 3
8881 2
8882 2
8883 2
8884 1
8885 1
8887 1
8888 1
8889 1
8892 1
8893 1
8894 3
8895 2
8896 1
8897 1
8898 2
8899 1
8900 2
8901 3
8902 5
8903 1
8904 3
8906 2
8907 2
8908 2
8909 3
8910 1
8911 2
8913 1
8915 1
8917 1
8918 2
8919 1
8921 1
8923 2
8924 1
8926 2
8927 1
8928 3
8929 1
8930 3
8932 1
8933 3
8934 1
8935 4
8937 2
8938 7
8939 1
8942 1
8943 1
8945 1
8946 1
8947 4
8948 2
8949 2
8950 3
8951 3
8952 2
8953 3
8955 2
8956 1
8957 1
8958 1
8959 1
8961 1
8962 2
8963 2
8964 1
8965 1
8967 1
8969 3
8971 1
8972 2
8973 1
8975 4
8976 2
8979 1
8980 4
8982 1
8983 1
8984 1
8986 1
8988 1
8989 2
8990 1
8993 1
8994 1
8995 1
8997 1
8998 2
8999 1
9000 1
9001 1
9003 2
9005 2
9006 4
9009 1
9010 3
9012 4
9013 2
9015 2
9016 1
9017 1
9020 1
9022 1
9023 3
9025 2
9026 1
9027 2
9028 3
9029 1
9033 1
9034 1
9036 3
9037 1
9039 3
9040 4
9041 1
9043 1
9044 2
9046 1
9047 1
9048 1
9049 2
9050 2
9051 5
9052 1
9053 1
9054 2
9055 1
9056 1
9057 3
9059 1
9060 1
9061 1
9062 2
9064 1
9065 1
9067 1
9068 2
9069 2
9070 1
9071 2
9073 2
9075 1
9076 1
9077 2
9078 2
9079 1
9080 1
9081 1
9082 1
9083 1
9084 2
9086 1
9087 1
9088 1
9090 1
9093 1
9094 2
9095 3
9096 1
9097 1
9098 1
9099 1
9101 2
9102 1
9103 2
9104 1
9106 1
9107 1
9108 4
9109 3
9111 1
9112 3
9113 1
9114 1
9115 1
9116 1
9117 2
9119 4
9120 2
9121 1
9122 3
9123 1
9125 1
9126 2
9127 1
9128 1
9129 4
9132 1
9134 2
9137 2
9138 1
9140 2
9142 1
9143 1
9144 3
9145 1
9146 1
9147 1
9148 1
9149 1
9152 1
9153 4
9154 2
9155 1
9158 2
9160 2
9161 1
9162 1
9163 2
9164 2
9165 1
9166 1
9169 1
9170 2
9171 4
9172 1
9174 1
9176 1
9177 1
9179 2
9181 1
9182 2
9183 1
9185 2
9186 1
9187 3
9188 2
9190 1
9191 2
9192 1
9194 2
9196 1
9197 1
9200 2
9201 3
9203 1
9204 1
9205 1
9206 3
9207 2
9208 1
9209 1
9210 2
9211 2
9212 1
9213 1
9214 1
9218 3
9219 2
9220 2
9221 3
9223 1
9224 2
9226 3
9227 2
9228 1
9229 1
9231 1
9233 4
9234 2
9235 1
9236 2
9238 1
9239 2
9240 1
9241 2
9242 1
9243 1
9244 3
9245 1
9247 1
9248 1
9250 2
9251 3
9253 1
9254 3
9257 1
9258 2
9259 2
9260 3
9262 3
9263 2
9264 2
9265 1
9266 1
9270 1
9273 3
9275 1
9276 1
9279 4
9280 1
9281 1
9282 4
9283 1
9285 3
9286 1
9287 2
9288 1
9291 1
9292 1
9293 2
9295 1
9296 4
9298 2
9300 4
9301 3
9302 2
9303 1
9304 1
9306 1
9308 2
9310 2
9312 1
9313 1
9315 4
9316 1
9317 1
9319 4
9320 2
9322 4
9323 1
9325 1
9326 2
9327 1
9328 1
9329 1
9330 2
9333 3
9337 3
9339 1
9340 3
9341 2
9342 2
9343 1
9345 1
9347 1
9349 1
9350 2
9351 1
9353 3
9354 1
9355 2
9356 3
9357 4
9358 3
9360 3
9361 1
9362 1
9363 3
9364 5
9367 1
9368 2
9369 3
9370 1
9371 2
9372 2
9374 1
9376 3
9378 1
9381 3
9382 3
9383 4
9384 1
9385 1
9386 1
9387 1
9388 1
9389 2
9392 2
9393 1
9395 1
9396 4
9398 1
9399 1
9401 1
9402 2
9404 1
9409 2
9411 3
9414 4
9415 3
9416 4
9417 3
9418 2
9419 2
9420 2
9424 1
9425 1
9427 2
9428 2
9429 1
9430 2
9432 1
9435 2
9436 1
9437 1
9438 2
9439 1
9441 4
9442 1
9443 1
9444 2
9445 3
9446 2
9447 1
9449 2
9450 2
9451 1
9453 1
9454 1
9455 2
9456 2
9457 1
9458 1
9460 3
9462 1
9463 2
9464 2
9465 1
9467 1
9469 1
9470 2
9471 3
9476 3
9477 3
9478 1
9479 1
9480 2
9481 1
9482 1
9484 2
9485 1
9486 1
9487 1
9491 1
9492 1
9495 1
9496 2
9497 1
9498 2
9499 1
9501 1
9503 2
9504 1
9506 2
9507 2
9508 2
9509 3
9510 1
9511 3
9512 2
9513 1
9514 1
9515 1
9517 1
9519 2
9520 6
9521 1
9523 1
9524 1
9528 1
9530 2
9531 1
9534 3
9535 1
9537 4
9538 1
9541 1
9542 4
9543 1
9544 1
9545 2
9546 1
9547 1
9548 3
9550 1
9551 1
9552 1
9556 2
9557 1
9558 1
9562 2
9563 2
9564 1
9565 1
9567 2
9568 2
9569 1
9571 1
9572 1
9574 3
9575 2
9576 1
9577 1
9578 3
9579 2
9580 2
9581 1
9582 1
9584 2
9585 1
9587 2
9588 3
9589 1
9592 3
9593 1
9594 1
9597 1
9603 1
9604 1
9605 1
9607 3
9609 1
9610 3
9614 2
9615 1
9616 1
9618 2
9619 1
9620 1
9621 1
9622 1
9624 1
9625 1
9626 1
9627 2
9629 1
9630 3
9632 2
9634 1
9636 1
9638 1
9639 1
9641 1
9643 2
9644 1
9645 1
9646 4
9648 2
9649 2
9650 3
9651 1
9652 1
9654 1
9655 1
9656 1
9657 2
9658 1
9659 1
9661 1
9662 1
9664 2
9665 2
9668 1
9671 2
9672 3
9674 2
9675 1
9679 2
9680 1
9681 1
9682 1
9683 2
9684 1
9685 1
9686 1
9687 1
9688 3
9689 1
9691 1
9692 1
9695 1
9697 1
9698 1
9699 2
9700 4
9704 1
9705 1
9708 2
9709 2
9710 1
9711 1
9712 2
9713 4
9714 3
9715 1
9716 4
9717 1
9718 2
9720 2
9721 2
9722 1
9726 2
9727 1
9728 1
9730 1
9731 2
9734 1
9735 3
9736 1
9738 2
9741 2
9744 1
9745 2
9746 1
9749 3
9753 2
9755 1
9758 2
9760 1
9762 2
9763 2
9765 1
9769 1
9771 1
9772 1
9774 1
9776 1
9778 2
9780 1
9781 1
9782 2
9783 2
9784 1
9787 1
9788 1
9791 2
9794 3
9796 1
9797 3
9798 1
9799 2
9800 3
9801 1
9803 1
9805 1
9806 1
9808 1
9809 1
9810 1
9812 1
9813 1
9814 3
9818 1
9823 1
9824 2
9826 1
9828 1
9829 2
9830 1
9832 2
9834 1
9836 1
9837 4
9838 2
9839 3
9840 2
9841 1
9842 1
9845 1
9849 2
9850 1
9852 1
9853 3
9854 1
9855 1
9856 1
9857 1
9858 1
9859 3
9861 2
9862 1
9863 1
9866 1
9867 1
9868 1
9871 1
9873 1
9874 2
9875 1
9876 1
9878 1
9879 1
9880 1
9882 1
9885 2
9886 2
9887 1
9892 1
9894 2
9895 2
9896 3
9897 1
9899 2
9900 1
9901 2
9902 1
9903 2
9906 1
9910 1
9911 2
9912 1
9916 2
9918 1
9919 1
9921 2
9923 1
9925 1
9926 1
9929 1
9930 1
9932 2
9934 1
9938 4
9939 1
9941 3
9942 2
9943 2
9944 2
9945 1
9947 1
9950 1
9954 2
9956 1
9957 1
9958 3
9959 1
9960 1
9963 2
9964 3
9965 1
9966 2
9967 1
9968 2
9969 1
9974 1
9976 2
9979 1
9980 1
9981 1
9982 1
9983 1
9984 1
9988 2
9989 1
9990 1
9991 1
9993 1
9995 1
9996 1
9998 2
9999 2
10002 1
10003 2
10004 3
10005 2
10006 3
10007 1
10008 1
10009 1
10010 2
10011 1
10013 3
10014 1
10017 1
10019 2
10022 1
10024 1
10025 2
10026 2
10027 1
10028 1
10031 2
10032 3
10034 1
10036 3
10038 1
10039 1
10040 1
10041 2
10042 1
10043 3
10044 1
10046 1
10048 1
10050 1
10053 1
10054 2
10059 1
10061 1
10063 1
10067 2
10069 2
10070 1
10072 2
10075 1
10077 1
10078 1
10083 2
10084 1
10085 2
10086 1
10088 1
10089 1
10090 3
10091 2
10095 2
10098 4
10099 1
10100 1
10101 2
10102 1
10103 2
10107 1
10108 1
10110 1
10111 1
10112 2
10113 1
10116 1
10118 1
10121 1
10123 1
10124 3
10125 1
10126 1
10129 1
10131 1
10132 1
10134 2
10136 6
10140 1
10143 2
10146 1
10147 1
10149 1
10150 2
10154 1
10156 1
10157 2
10158 1
10159 2
10160 2
10162 2
10168 1
10169 1
10170 1
10172 1
10174 2
10176 2
10177 1
10178 2
10179 1
10180 2
10182 2
10183 1
10185 2
10189 1
10190 2
10192 1
10193 1
10194 2
10195 3
10197 3
10198 1
10199 1
10200 2
10204 1
10205 2
10207 1
10208 1
10215 1
10216 1
10217 1
10218 1
10223 2
10224 1
10227 2
10230 2
10231 1
10232 2
10233 2
10234 1
10235 1
10236 1
10240 2
10241 1
10242 1
10243 3
10246 1
10247 1
10248 2
10249 1
10250 1
10253 1
10254 2
10256 1
10257 1
10258 3
10259 1
10260 1
10261 1
10262 1
10266 1
10270 1
10272 2
10273 2
10277 2
10278 2
10280 1
10281 1
10283 1
10285 1
10288 1
10289 1
10291 1
10294 2
10297 1
10299 2
10300 2
10301 2
10302 1
10303 2
10304 2
10307 1
10308 1
10311 1
10312 2
10313 1
10314 1
10315 1
10317 1
10318 2
10319 1
10321 1
10324 2
10326 1
10330 1
10332 2
10334 2
10336 1
10337 1
10338 1
10339 3
10341 3
10345 1
10346 1
10347 2
10348 2
10350 2
10351 1
10355 1
10356 1
10357 1
10365 1
10366 2
10367 1
10368 1
10369 2
10370 1
10371 1
10373 2
10374 2
10375 1
10379 2
10380 1
10381 1
10382 1
10383 1
10384 2
10387 2
10388 2
10389 2
10391 1
10396 1
10398 1
10399 1
10400 1
10404 2
10406 2
10407 1
10408 2
10409 1
10412 1
10413 1
10419 1
10421 1
10424 1
10426 2
10427 1
10428 1
10429 1
10430 3
10431 1
10432 1
10435 2
10436 2
10437 1
10438 1
10439 1
10440 1
10441 3
10443 1
10449 3
10454 2
10455 1
10458 1
10459 3
10460 1
10461 3
10462 1
10463 2
10464 1
10465 1
10467 1
10468 1
10469 1
10470 1
10471 3
10472 2
10473 1
10476 1
10477 3
10478 1
10480 1
10482 1
10485 1
10487 2
10488 1
10489 2
10492 1
10493 1
10494 2
10495 1
10496 2
10497 2
10500 3
10501 1
10503 1
10504 1
10505 2
10506 1
10507 1
10508 2
10510 2
10512 1
10513 2
10514 1
10515 1
10516 1
10517 1
10518 1
10521 1
10523 2
10525 1
10526 1
10527 2
10528 2
10529 2
10532 1
10533 1
10535 1
10539 1
10540 1
10543 1
10544 1
10547 1
10548 4
10549 3
10551 1
10553 1
10554 1
10555 2
10556 1
10559 1
10561 2
10562 1
10563 1
10565 1
10566 1
10568 1
10569 1
10571 1
10572 1
10576 1
10577 1
10579 1
10580 1
10581 1
10582 2
10583 3
10587 2
10588 1
10590 1
10591 1
10593 1
10595 1
10596 1
10598 1
10600 2
10602 2
10603 1
10604 1
10605 1
10606 1
10608 1
10612 1
10613 1
10617 2
10618 2
10619 1
10620 1
10621 1
10623 1
10625 1
10628 2
10630 2
10631 1
10632 1
10636 1
10638 2
10639 3
10640 1
10643 1
10645 1
10646 3
10647 1
10652 1
10653 1
10654 1
10655 1
10659 2
10660 1
10661 1
10664 1
10665 1
10667 1
10668 2
10669 1
10673 3
10677 3
10678 2
10679 3
10680 1
10682 1
10683 2
10684 1
10685 1
10686 1
10687 1
10689 1
10692 1
10693 1
10695 2
10697 2
10698 1
10700 1
10702 2
10703 1
10704 3
10705 1
10708 1
10711 1
10712 1
10716 2
10717 2
10718 1
10719 1
10720 2
10721 1
10723 2
10726 1
10727 1
10728 1
10729 1
10733 2
10734 2
10738 3
10739 1
10742 1
10743 1
10744 1
10747 1
10752 2
10753 2
10755 1
10756 2
10758 1
10762 1
10763 1
10765 1
10766 2
10768 2
10772 1
10773 2
10774 1
10775 1
10780 1
10785 1
10788 2
10790 4
10793 1
10795 2
10797 1
10798 1
10802 1
10805 1
10806 5
10807 1
10808 1
10809 3
10811 1
10812 1
10816 2
10818 1
10819 1
10820 1
10821 1
10822 1
10827 1
10830 2
10831 1
10832 2
10837 3
10838 1
10841 1
10842 2
10843 1
10844 1
10848 3
10849 1
10852 2
10856 2
10858 1
10861 1
10865 1
10867 1
10868 1
10869 1
10870 2
10871 3
10872 1
10875 1
10876 1
10882 1
10885 1
10890 1
10891 1
10893 1
10896 1
10899 1
10902 1
10903 1
10906 2
10908 1
10911 1
10919 1
10920 1
10921 1
10924 1
10926 2
10928 1
10929 1
10930 1
10933 1
10934 3
10935 1
10936 1
10939 1
10940 1
10941 1
10943 1
10944 2
10945 2
10947 1
10948 1
10951 1
10952 2
10953 2
10954 1
10958 1
10959 1
10961 1
10963 1
10964 1
10966 1
10969 2
10970 1
10971 1
10972 1
10973 2
10974 1
10976 1
10977 2
10980 1
10982 1
10986 2
10988 1
10990 1
10991 2
10994 1
10995 2
10996 1
10999 2
11001 2
11007 1
11010 3
11013 2
11014 1
11016 3
11017 1
11018 1
11020 2
11023 2
11027 1
11029 1
11032 1
11037 1
11040 1
11044 1
11046 2
11049 1
11050 1
11052 1
11053 1
11054 4
11055 1
11058 1
11060 3
11062 1
11063 1
11064 2
11065 2
11066 1
11067 1
11070 2
11071 2
11073 2
11074 3
11075 1
11079 1
11084 1
11089 2
11092 1
11093 1
11094 2
11095 2
11096 2
11098 2
11100 2
11106 1
11107 1
11109 2
11110 1
11111 1
11112 1
11113 1
11114 1
11115 1
11118 1
11119 1
11121 1
11123 1
11124 1
11128 1
11129 3
11131 1
11133 2
11135 1
11136 2
11137 1
11138 2
11139 1
11141 1
11143 1
11147 1
11152 1
11157 1
11158 1
11161 1
11162 1
11166 1
11167 1
11168 1
11169 1
11172 2
11174 2
11175 2
11178 1
11180 3
11182 1
11183 2
11184 1
11187 1
11191 1
11192 1
11193 1
11196 1
11198 1
11200 2
11201 1
11204 1
11211 1
11212 3
11213 1
11214 1
11215 1
11217 1
11220 2
11223 1
11224 1
11226 1
11227 2
11228 1
11230 2
11231 1
11233 1
11235 1
11237 1
11242 1
11244 2
11246 1
11247 4
11248 1
11252 1
11253 1
11254 1
11255 1
11256 2
11259 1
11261 1
11264 1
11268 1
11271 2
11272 2
11274 1
11275 1
11278 1
11279 1
11280 1
11281 1
11282 1
11283 2
11285 2
11286 1
11293 2
11299 1
11300 1
11302 1
11304 1
11305 1
11308 1
11312 1
11313 1
11314 1
11315 1
11316 1
11317 2
11321 1
11322 1
11323 1
11326 1
11327 1
11328 1
11331 2
11334 1
11336 4
11338 1
11341 2
11342 1
11344 2
11346 1
11350 1
11352 1
11354 1
11359 1
11362 2
11364 1
11366 2
11368 1
11371 1
11372 2
11373 1
11374 1
11376 1
11377 1
11380 2
11383 1
11384 1
11387 3
11388 1
11390 2
11392 1
11395 1
11396 3
11397 1
11398 1
11401 1
11404 1
11411 1
11412 1
11416 1
11417 1
11419 1
11420 1
11421 1
11427 1
11428 1
11432 1
11433 1
11434 1
11436 1
11437 1
11438 1
11441 1
11442 1
11444 4
11447 1
11450 1
11451 1
11454 1
11455 1
11459 1
11463 1
11468 1
11469 1
11471 1
11475 1
11477 1
11479 1
11480 1
11487 1
11488 1
11491 1
11493 3
11497 1
11499 1
11500 4
11501 1
11502 1
11503 1
11505 1
11506 1
11507 1
11508 1
11510 1
11511 1
11513 1
11515 1
11519 1
11521 1
11522 2
11523 1
11525 1
11529 1
11531 1
11532 1
11534 1
11536 1
11538 1
11540 1
11541 1
11543 1
11544 1
11547 1
11548 1
11550 1
11552 2
11553 1
11554 1
11556 1
11557 1
11558 1
11559 1
11560 1
11561 1
11564 1
11570 1
11571 1
11572 2
11573 2
11574 1
11576 1
11578 2
11580 1
11582 1
11588 2
11590 1
11591 2
11592 1
11593 1
11596 1
11598 1
11599 1
11603 1
11609 1
11610 2
11611 1
11612 2
11614 1
11615 1
11616 1
11617 1
11627 1
11635 2
11640 2
11648 2
11650 1
11651 1
11654 1
11656 1
11658 2
11661 1
11663 1
11666 1
11668 1
11671 1
11673 1
11676 1
11677 1
11680 2
11682 2
11684 1
11690 2
11691 2
11692 1
11693 1
11697 1
11699 1
11700 1
11701 1
11704 1
11710 1
11711 1
11712 2
11715 1
11717 2
11721 2
11722 1
11726 1
11729 1
11732 2
11739 1
11742 1
11743 2
11744 1
11749 1
11750 1
11751 1
11752 2
11753 1
11754 1
11756 1
11757 1
11761 1
11762 1
11765 1
11769 1
11771 1
11773 1
11776 1
11777 2
11778 3
11779 1
11780 1
11781 1
11783 1
11784 1
11785 1
11786 1
11787 1
11789 1
11791 1
11793 2
11795 1
11799 1
11800 1
11808 1
11809 1
11811 1
11814 3
11823 1
11826 1
11827 2
11828 2
11829 1
11830 1
11834 1
11836 1
11837 1
11838 2
11846 1
11847 2
11849 1
11850 1
11852 2
11854 1
11855 1
11859 3
11860 1
11868 1
11872 1
11873 1
11874 1
11879 1
11881 1
11882 1
11884 2
11888 1
11893 1
11896 1
11899 1
11902 1
11903 1
11904 1
11906 1
11907 1
11909 1
11910 2
11911 1
11912 1
11913 2
11915 1
11924 2
11926 1
11928 2
11929 1
11932 1
11934 1
11941 2
11944 1
11945 1
11949 1
11950 1
11952 1
11955 1
11957 3
11959 1
11961 2
11962 1
11963 1
11966 1
11973 2
11974 1
11976 1
11979 1
11986 1
11991 2
11992 1
11993 2
11994 2
12000 1
12004 1
12007 2
12010 2
12011 2
12016 1
12019 1
12020 1
12023 1
12024 2
12025 1
12027 1
12028 1
12029 1
12032 1
12034 2
12037 1
12038 2
12041 1
12042 1
12044 1
12049 3
12051 1
12053 1
12054 2
12055 1
12056 1
12058 2
12066 1
12067 2
12069 1
12072 1
12073 2
12074 1
12076 1
12078 1
12090 2
12092 1
12093 2
12098 1
12099 1
12100 2
12102 1
12103 1
12104 1
12106 2
12108 1
12111 2
12112 2
12113 1
12115 1
12116 1
12118 2
12119 1
12121 1
12123 1
12124 1
12125 1
12128 1
12129 1
12130 2
12136 1
12138 1
12140 1
12142 1
12147 1
12148 1
12154 1
12160 1
12164 2
12166 1
12168 2
12169 2
12172 1
12173 1
12176 1
12180 1
12182 1
12184 1
12185 1
12188 1
12190 1
12192 1
12193 1
12194 1
12197 1
12198 2
12201 1
12202 1
12203 1
12205 2
12206 2
12207 1
12208 1
12211 1
12215 1
12216 1
12221 1
12222 1
12233 1
12235 1
12236 1
12237 1
12240 1
12243 2
12248 1
12249 1
12250 1
12253 1
12255 2
12257 1
12258 2
12271 1
12272 1
12275 1
12285 1
12287 2
12288 1
12290 1
12303 2
12304 1
12308 1
12309 1
12310 2
12314 1
12316 1
12317 1
12318 1
12319 1
12320 1
12325 2
12328 1
12334 1
12340 1
12341 1
12343 1
12345 1
12347 2
12349 1
12350 1
12352 1
12359 2
12360 1
12361 1
12365 2
12366 1
12372 2
12374 1
12375 1
12379 1
12382 1
12387 1
12389 2
12390 1
12392 2
12397 1
12399 1
12401 2
12402 1
12404 1
12408 2
12409 1
12412 1
12414 1
12415 3
12416 1
12417 1
12423 1
12425 1
12428 1
12429 1
12432 1
12434 1
12435 2
12436 1
12440 1
12442 1
12443 1
12444 1
12446 1
12449 1
12454 1
12455 1
12456 1
12457 1
12458 2
12460 1
12464 1
12465 1
12471 1
12472 2
12473 1
12475 1
12477 1
12479 1
12481 2
12482 1
12488 2
12490 1
12492 1
12495 1
12496 1
12497 1
12498 1
12499 1
12501 1
12505 1
12506 1
12512 1
12514 1
12520 3
12521 1
12523 1
12525 1
12528 1
12531 2
12540 2
12545 1
12546 2
12547 1
12551 1
12553 1
12554 1
12557 1
12558 2
12559 1
12563 1
12564 1
12568 2
12569 1
12571 1
12575 1
12577 1
12581 1
12583 1
12584 1
12585 1
12586 2
12589 1
12593 3
12595 1
12598 1
12605 1
12607 1
12608 1
12613 1
12616 1
12620 1
12621 1
12622 1
12626 2
12636 1
12638 2
12639 1
12642 1
12643 1
12644 1
12647 1
12649 1
12656 1
12660 1
12667 1
12671 2
12672 1
12673 1
12674 1
12675 2
12676 2
12681 1
12683 3
12687 2
12692 1
12693 1
12698 1
12699 3
12701 1
12702 1
12705 1
12706 3
12716 1
12718 3
12720 2
12721 2
12729 1
12730 1
12732 1
12733 1
12737 1
12739 1
12747 2
12748 1
12756 2
12760 1
12766 2
12774 1
12778 1
12779 1
12780 1
12781 1
12782 1
12783 1
12784 1
12790 1
12791 1
12794 1
12799 1
12804 1
12805 1
12808 1
12813 1
12815 2
12819 1
12825 1
12831 2
12837 1
12839 2
12840 1
12846 1
12847 1
12848 1
12849 1
12852 1
12854 1
12861 1
12865 1
12869 2
12870 1
12871 1
12874 1
12878 1
12884 1
12885 1
12886 1
12887 1
12890 1
12893 2
12898 1
12902 1
12904 2
12905 2
12906 2
12907 1
12909 1
12910 1
12914 1
12916 1
12922 1
12929 1
12932 1
12934 1
12935 1
12939 1
12940 1
12951 1
12955 1
12967 1
12974 2
12976 1
12977 1
12981 2
12987 3
12991 1
12993 1
13009 1
13013 1
13026 1
13029 1
13030 1
13032 1
13037 2
13038 1
13039 2
13042 1
13052 1
13053 1
13055 2
13059 2
13060 2
13061 1
13066 1
13068 1
13070 1
13078 1
13080 1
13085 1
13093 1
13100 1
13101 1
13106 2
13108 1
13113 1
13116 2
13117 1
13120 2
13121 2
13127 1
13133 1
13141 1
13145 1
13147 1
13149 1
13153 1
13154 1
13157 1
13163 1
13166 2
13167 1
13170 1
13174 2
13177 2
13184 2
13185 1
13186 1
13187 1
13188 2
13192 1
13193 1
13196 1
13200 1
13204 1
13207 1
13216 1
13220 1
13226 1
13231 1
13233 1
13236 2
13247 2
13251 2
13256 1
13260 1
13261 1
13269 1
13276 1
13279 1
13280 2
13289 1
13292 1
13293 1
13294 1
13300 1
13302 3
13308 1
13311 1
13319 1
13320 1
13321 1
13322 1
13324 1
13325 1
13328 1
13329 2
13332 1
13340 1
13347 2
13354 1
13356 1
13360 1
13363 1
13364 2
13372 1
13378 1
13384 1
13391 1
13404 2
13409 1
13415 1
13419 1
13420 1
13421 1
13423 1
13427 1
13429 1
13430 1
13451 1
13453 2
13455 1
13457 1
13459 1
13465 1
13466 2
13470 1
13473 1
13479 1
13481 1
13482 1
13483 1
13486 3
13488 1
13489 1
13491 1
13492 1
13493 1
13498 1
13499 1
13502 1
13505 1
13512 1
13513 2
13514 1
13518 1
13519 1
13520 2
13524 1
13527 1
13535 1
13536 1
13537 1
13539 1
13541 1
13543 1
13549 1
13552 1
13563 1
13567 1
13568 1
13570 1
13573 1
13578 1
13583 1
13587 1
13593 1
13599 2
13604 1
13606 2
13607 1
13611 1
13613 1
13616 1
13618 1
13620 1
13621 1
13625 1
13627 1
13628 1
13630 1
13631 1
13633 1
13635 1
13636 1
13645 1
13647 2
13654 1
13656 1
13659 1
13661 1
13662 1
13663 1
13667 1
13671 3
13672 1
13677 1
13678 1
13684 1
13689 2
13690 1
13691 1
13692 1
13701 1
13703 2
13714 1
13720 1
13723 1
13726 2
13728 1
13736 1
13740 1
13741 1
13746 1
13750 1
13753 1
13763 1
13765 1
13781 1
13785 1
13789 1
13793 1
13802 1
13810 1
13812 1
13818 1
13819 2
13823 1
13832 1
13834 1
13835 1
13839 1
13844 1
13849 1
13851 1
13852 1
13854 1
13858 1
13860 1
13867 1
13871 2
13877 1
13880 1
13885 1
13895 1
13897 1
13898 1
13907 1
13915 1
13917 1
13918 1
13922 1
13923 1
13929 1
13931 1
13932 1
13939 2
13940 1
13942 1
13943 1
13945 2
13948 1
13956 1
13960 1
13963 2
13966 1
13969 2
13972 2
13975 1
13977 1
13979 1
13986 1
13989 1
13991 1
13996 1
14001 2
14003 2
14010 2
14030 1
14036 2
14039 1
14041 2
14044 2
14053 1
14055 1
14058 1
14059 1
14063 1
14065 1
14071 1
14085 1
14086 1
14087 1
14089 1
14098 1
14100 1
14101 1
14104 1
14106 2
14113 2
14115 1
14130 1
14133 1
14149 1
14151 1
14157 1
14158 1
14162 3
14167 1
14169 1
14176 1
14190 2
14201 1
14203 1
14210 1
14212 1
14213 1
14217 1
14222 1
14223 1
14225 1
14226 1
14227 1
14228 1
14229 1
14232 1
14240 2
14241 1
14244 1
14248 1
14250 1
14253 1
14255 2
14257 1
14268 1
14269 1
14272 1
14277 2
14281 1
14289 1
14291 1
14292 1
14294 1
14302 1
14304 1
14309 1
14313 1
14314 1
14315 1
14321 1
14326 1
14328 1
14334 1
14338 1
14359 1
14361 1
14362 2
14368 1
14371 1
14375 1
14387 2
14391 1
14394 1
14395 1
14397 1
14398 1
14400 1
14402 1
14405 1
14406 1
14407 1
14412 1
14420 1
14424 1
14425 2
14428 1
14433 1
14434 2
14439 2
14455 1
14462 1
14467 1
14470 1
14475 1
14477 1
14478 1
14480 1
14481 1
14483 1
14487 1
14494 1
14502 1
14505 1
14508 1
14513 1
14527 1
14528 1
14529 1
14535 1
14537 2
14546 1
14549 1
14557 2
14559 2
14565 1
14566 1
14573 2
14575 1
14576 1
14580 1
14582 1
14585 1
14586 1
14587 2
14588 1
14589 1
14591 1
14592 1
14599 1
14604 1
14605 1
14613 1
14614 1
14624 2
14625 1
14627 1
14630 1
14634 2
14637 1
14642 1
14646 1
14647 1
14650 1
14653 2
14671 1
14676 1
14678 2
14679 1
14682 1
14683 1
14685 1
14688 1
14691 1
14699 1
14702 1
14703 1
14705 1
14710 1
14714 1
14715 1
14721 1
14747 1
14752 1
14757 1
14766 2
14778 1
14782 1
14783 3
14785 2
14788 1
14790 1
14796 1
14797 1
14799 1
14811 1
14814 1
14817 2
14818 1
14820 1
14824 1
14829 1
14830 1
14836 1
14837 1
14838 1
14841 1
14844 1
14847 1
14853 3
14856 1
14860 1
14868 1
14870 1
14872 1
14878 1
14881 1
14884 1
14886 1
14888 1
14892 1
14896 1
14900 1
14911 2
14914 2
14916 1
14923 1
14930 1
14932 1
14934 1
14935 1
14936 1
14937 1
14938 1
14945 1
14947 1
14949 1
14952 1
14968 1
14974 1
14976 1
14981 1
14989 1
14994 1
14995 1
15011 1
15012 1
15015 1
15020 1
15024 1
15032 2
15040 1
15041 2
15044 1
15045 1
15052 1
15061 1
15068 1
15072 1
15078 1
15081 1
15089 1
15091 1
15094 1
15095 1
15098 1
15102 1
15106 1
15116 1
15117 1
15128 1
15132 1
15133 1
15137 2
15141 1
15153 1
15154 2
15156 1
15164 1
15168 1
15170 1
15173 1
15181 1
15209 1
15212 1
15213 1
15223 1
15227 2
15234 1
15236 1
15243 1
15246 1
15250 1
15259 1
15269 1
15274 1
15276 1
15284 1
15291 1
15292 1
15294 1
15297 1
15299 1
15305 1
15307 1
15313 1
15315 1
15320 1
15322 1
15340 1
15343 1
15345 1
15347 1
15348 1
15350 1
15352 1
15357 1
15359 1
15360 1
15369 1
15370 1
15375 1
15386 1
15390 1
15395 1
15400 1
15401 1
15404 2
15408 1
15412 1
15414 1
15421 1
15423 1
15439 1
15440 1
15454 1
15455 1
15457 1
15465 1
15476 1
15477 1
15489 1
15497 1
15500 1
15502 1
15509 1
15511 2
15512 1
15514 1
15516 1
15517 1
15520 1
15530 1
15534 1
15541 1
15543 1
15544 1
15545 1
15554 1
15555 1
15561 1
15566 1
15571 1
15576 1
15594 1
15597 1
15601 1
15602 1
15611 1
15620 1
15623 1
15624 1
15630 1
15656 2
15671 1
15682 1
15683 1
15684 1
15688 1
15692 1
15696 1
15697 1
15701 1
15704 1
15709 1
15711 1
15712 1
15723 1
15724 1
15725 1
15728 1
15731 1
15732 1
15740 1
15744 1
15745 1
15758 1
15760 1
15764 1
15769 1
15773 1
15777 1
15781 2
15782 1
15793 1
15796 1
15801 1
15806 1
15807 1
15821 1
15835 1
15842 1
15855 1
15857 2
15865 1
15867 1
15869 1
15873 1
15878 1
15885 1
15888 1
15892 1
15894 1
15895 1
15917 1
15918 1
15921 1
15923 1
15925 1
15941 1
15942 1
15957 1
15968 1
15971 1
15975 1
15977 1
15978 1
15987 1
16001 1
16006 1
16038 1
16039 2
16041 2
16043 1
16045 1
16047 1
16051 1
16056 1
16057 1
16058 1
16059 1
16064 1
16067 1
16080 1
16082 1
16102 1
16104 1
16107 1
16113 1
16114 1
16120 1
16122 1
16151 1
16155 1
16158 1
16160 1
16164 1
16170 1
16174 1
16182 1
16187 1
16191 1
16192 1
16200 1
16202 1
16203 1
16206 1
16210 1
16211 1
16214 1
16217 1
16224 1
16226 1
16230 1
16233 1
16237 1
16244 1
16259 1
16261 2
16265 2
16268 1
16280 1
16286 1
16288 1
16289 1
16292 1
16295 1
16298 1
16303 1
16307 1
16308 1
16314 1
16320 2
16328 1
16329 1
16330 1
16337 1
16344 1
16356 1
16358 1
16359 1
16361 1
16369 1
16374 1
16375 1
16383 1
16385 1
16390 1
16395 1
16396 1
16398 1
16399 2
16401 1
16413 1
16414 1
16416 1
16417 1
16435 1
16436 1
16438 1
16450 1
16456 1
16460 1
16462 1
16469 1
16472 1
16484 1
16485 1
16488 1
16490 1
16495 1
16500 1
16503 1
16511 1
16512 1
16517 1
16518 1
16529 1
16535 1
16536 1
16537 1
16541 1
16570 1
16572 1
16574 1
16578 1
16581 1
16599 1
16600 1
16603 1
16627 1
16629 1
16635 1
16636 1
16640 1
16643 1
16649 1
16651 1
16652 1
16657 1
16658 1
16661 2
16664 2
16665 1
16666 1
16682 1
16692 1
16696 1
16704 1
16707 1
16709 2
16720 1
16727 1
16737 1
16738 1
16742 1
16744 1
16745 1
16746 1
16755 1
16764 1
16779 1
16788 1
16790 1
16791 1
16795 1
16801 2
16809 1
16815 1
16817 1
16818 1
16819 1
16821 1
16823 1
16826 1
16827 1
16830 1
16839 1
16841 1
16846 1
16849 2
16853 1
16856 1
16858 1
16866 1
16872 1
16875 1
16883 1
16886 2
16889 1
16900 1
16901 1
16903 1
16906 1
16917 1
16921 1
16926 1
16932 1
16940 2
16958 1
16962 1
16967 1
16969 1
16970 1
16972 1
16973 1
16974 1
16979 2
16986 1
16995 1
17007 1
17008 1
17010 1
17014 1
17027 1
17032 1
17034 1
17048 1
17051 1
17057 1
17060 1
17061 1
17071 1
17073 2
17079 1
17081 1
17082 2
17088 1
17091 1
17099 1
17107 1
17112 1
17120 1
17127 1
17129 1
17136 1
17145 1
17156 1
17158 1
17181 1
17190 1
17192 1
17193 1
17199 1
17206 1
17208 1
17213 1
17214 1
17219 1
17221 1
17224 1
17230 2
17239 1
17257 1
17259 1
17262 1
17267 1
17268 1
17270 1
17273 1
17275 1
17281 1
17288 1
17292 1
17294 1
17320 1
17324 1
17328 1
17337 1
17372 1
17386 1
17387 1
17388 1
17405 1
17413 1
17433 1
17442 2
17448 2
17466 2
17491 1
17494 1
17499 1
17503 1
17506 1
17514 1
17534 2
17539 2
17560 1
17561 1
17565 1
17572 1
17593 1
17594 1
17600 1
17617 1
17622 1
17633 1
17637 1
17646 1
17649 1
17650 1
17653 2
17666 1
17683 1
17689 1
17696 1
17714 1
17715 1
17726 1
17738 1
17744 1
17775 1
17785 1
17792 1
17798 1
17810 1
17821 1
17835 1
17859 1
17865 1
17873 1
17875 1
17882 1
17894 1
17919 1
17922 1
17927 1
17937 1
17951 1
17963 1
17964 1
17968 1
17979 1
17995 1
17998 1
18008 1
18026 1
18034 1
18040 1
18062 1
18079 1
18084 1
18085 1
18103 1
18113 1
18140 1
18152 1
18171 1
18188 1
18214 1
18219 1
18221 1
18224 1
18233 1
18244 2
18262 1
18283 1
18291 1
18293 1
18299 1
18305 1
18326 1
18336 1
18364 1
18366 1
18367 1
18374 1
18382 1
18402 1
18412 1
18420 1
18436 1
18445 2
18448 1
18453 1
18454 1
18461 1
18469 1
18474 1
18477 1
18481 1
18482 1
18498 1
18512 1
18520 1
18536 1
18548 1
18550 1
18552 1
18553 1
18554 1
18563 1
18586 1
18604 1
18615 1
18619 1
18631 1
18634 1
18640 1
18664 1
18668 2
18680 1
18693 1
18718 1
18721 1
18722 1
18730 1
18743 1
18758 1
18768 1
18779 1
18780 2
18783 1
18829 1
18832 1
18843 1
18864 1
18893 1
18899 1
18919 1
18921 1
18928 1
18936 1
18938 1
18942 1
18947 2
18958 1
18964 1
18974 1
18995 1
19000 1
19007 1
19013 1
19014 1
19023 1
19040 1
19045 1
19052 1
19086 1
19097 1
19101 1
19103 1
19108 1
19116 1
19119 1
19145 1
19146 1
19154 1
19176 1
19185 1
19193 1
19194 1
19196 1
19198 1
19200 1
19215 1
19225 1
19226 1
19239 2
19259 1
19269 1
19308 1
19313 1
19314 1
19330 1
19346 1
19347 1
19348 1
19369 1
19382 1
19384 1
19395 1
19400 2
19401 1
19423 1
19450 1
19462 1
19463 1
19482 1
19490 1
19491 1
19502 1
19529 2
19535 1
19538 1
19543 1
19544 1
19550 2
19552 1
19553 1
19586 1
19615 1
19626 1
19633 1
19634 1
19677 1
19678 1
19688 1
19704 1
19715 1
19737 1
19755 1
19756 1
19762 1
19802 1
19805 2
19806 1
19820 1
19823 1
19829 1
19839 1
19859 1
19863 1
19877 1
19889 1
19914 1
19919 1
19926 1
19929 1
19941 1
19983 1
20024 1
20049 1
20064 1
20068 1
20079 1
20086 1
20090 1
20106 1
20111 1
20118 1
20121 1
20127 1
20135 1
20138 1
20169 1
20178 1
20184 1
20189 1
20190 1
20192 1
20213 1
20220 1
20223 1
20286 1
20288 1
20296 1
20299 1
20303 1
20306 1
20318 1
20324 1
20326 1
20350 1
20352 1
20354 1
20363 1
20371 1
20381 1
20392 1
20402 1
20412 1
20436 1
20453 1
20457 1
20464 1
20467 1
20468 1
20475 1
20483 1
20502 1
20511 1
20542 1
20546 1
20609 1
20704 1
20737 1
20748 1
20751 1
20757 1
20793 1
20801 1
20807 1
20818 2
20834 1
20842 1
20849 1
20867 1
20868 1
20875 1
20915 1
20919 1
20925 1
20937 1
20952 1
20989 2
20999 1
21007 1
21014 1
21046 1
21054 1
21060 1
21131 2
21135 1
21158 1
21159 1
21160 1
21185 1
21206 2
21218 1
21229 1
21245 1
21251 1
21268 1
21273 1
21274 1
21278 1
21280 1
21285 1
21290 1
21292 1
21342 1
21377 1
21385 1
21390 1
21435 1
21437 1
21451 1
21455 1
21468 1
21472 1
21509 1
21511 1
21517 1
21537 1
21555 1
21556 1
21593 1
21623 1
21631 1
21647 1
21663 1
21677 1
21690 1
21708 1
21711 1
21716 1
21734 1
21743 1
21753 1
21760 1
21770 1
21780 1
21801 1
21817 2
21830 1
21838 1
21849 1
21861 1
21866 1
21875 1
21876 1
21892 1
21902 1
22016 1
22030 1
22043 1
22053 1
22061 1
22065 1
22088 1
22100 1
22112 1
22116 1
22128 1
22170 1
22233 1
22258 1
22277 1
22287 1
22290 1
22293 1
22308 1
22314 1
22335 1
22347 1
22353 1
22367 1
22383 1
22402 1
22410 1
22416 1
22427 1
22429 1
22438 1
22440 1
22451 1
22473 1
22479 1
22482 1
22485 1
22494 1
22518 1
22541 1
22556 1
22565 1
22571 2
22620 1
22649 1
22669 1
22697 1
22700 1
22706 1
22728 1
22766 1
22770 1
22807 1
22814 1
22822 2
22855 1
22877 1
22888 1
22895 1
22912 1
22926 1
22928 1
22939 1
22969 1
22972 1
22984 1
22990 1
23014 1
23059 1
23121 1
23128 1
23135 1
23136 1
23157 1
23160 1
23175 1
23189 1
23211 1
23216 1
23232 1
23247 1
23249 1
23264 1
23265 1
23267 1
23298 1
23327 1
23329 1
23340 1
23387 1
23392 1
23393 1
23402 1
23410 1
23420 1
23422 1
23427 1
23470 1
23473 1
23474 1
23477 1
23515 1
23518 1
23532 1
23558 1
23605 1
23610 1
23623 1
23627 2
23650 1
23652 3
23655 1
23712 1
23728 1
23750 1
23765 1
23786 1
23807 1
23814 1
23854 1
23871 1
23882 1
23891 1
23893 1
23940 1
23943 1
23966 1
23968 1
23969 1
23971 1
23981 1
23987 1
23988 1
23997 1
24001 1
24015 1
24054 1
24069 1
24097 1
24139 1
24148 1
24153 1
24157 1
24187 1
24192 1
24193 1
24201 1
24204 1
24213 1
24230 1
24252 1
24273 1
24290 1
24302 1
24335 1
24338 1
24350 1
24360 1
24364 1
24393 1
24406 1
24412 1
24422 1
24430 1
24441 1
24443 1
24461 1
24475 1
24533 1
24542 1
24566 1
24570 1
24586 1
24618 1
24648 1
24653 1
24661 1
24683 1
24720 1
24755 1
24825 1
24838 1
24847 1
24851 1
24852 1
24888 1
24907 1
24919 1
24920 1
24929 1
24939 1
24976 1
24979 1
24981 1
24991 1
25013 1
25032 1
25048 1
25074 1
25078 1
25092 1
25113 1
25115 1
25117 1
25164 1
25170 1
25181 1
25198 1
25210 1
25216 1
25234 1
25248 1
25278 1
25284 1
25304 1
25319 1
25331 1
25356 1
25373 1
25374 1
25378 1
25387 1
25409 1
25428 1
25430 1
25481 1
25507 1
25560 1
25561 1
25599 1
25630 1
25632 1
25635 1
25645 1
25701 1
25715 1
25728 1
25739 2
25744 1
25762 1
25769 1
25776 1
25806 1
25845 1
25853 1
25862 1
25963 1
25971 1
25997 1
26056 1
26091 2
26100 1
26117 1
26138 1
26147 1
26223 1
26227 1
26228 1
26285 1
26303 1
26329 1
26346 1
26354 1
26371 1
26392 1
26393 1
26437 1
26470 1
26482 1
26555 1
26557 1
26559 1
26581 1
26601 1
26622 1
26648 1
26652 1
26666 1
26678 1
26687 1
26698 1
26728 1
26795 1
26820 1
26839 2
26842 1
26878 1
26892 1
26914 1
26974 1
26981 1
27039 1
27044 1
27066 1
27115 1
27125 1
27140 1
27173 1
27185 1
27205 2
27232 1
27247 1
27259 1
27278 1
27298 1
27303 2
27320 1
27374 1
27376 1
27381 1
27497 1
27500 1
27558 1
27655 1
27662 1
27663 1
27680 1
27729 1
27764 1
27782 1
27818 1
27828 1
27832 1
27839 1
27868 1
27872 1
27883 1
27893 1
27965 1
28002 1
28004 1
28014 1
28024 1
28129 1
28153 1
28205 1
28248 1
28265 1
28267 1
28276 1
28317 1
28355 1
28358 1
28365 1
28442 1
28596 1
28609 1
28669 1
28712 1
28752 1
28805 1
28832 1
28857 1
28858 1
28895 1
28901 1
28945 1
28965 1
28973 1
28979 1
28997 1
29049 1
29068 1
29100 1
29112 1
29130 1
29134 1
29238 1
29262 1
29293 1
29303 1
29435 1
29470 1
29497 1
29514 1
29541 1
29623 1
29624 1
29643 1
29644 1
29701 1
29732 1
29749 1
29785 1
29793 1
29858 1
29926 2
30126 1
30135 1
30153 1
30232 1
30259 1
30270 1
30388 1
30411 1
30431 1
30448 1
30584 1
30706 1
30750 1
30765 1
30851 1
30867 1
30869 1
30993 1
31008 1
31018 1
31096 1
31148 1
31151 1
31220 1
31242 1
31351 1
31367 1
31425 1
31538 1
31568 1
31632 1
31646 1
31651 1
31746 1
31766 1
31802 1
31831 1
31885 1
31908 1
31910 1
31934 1
31974 1
31982 1
32157 1
32186 1
32194 1
32238 1
32307 1
32309 1
32338 1
32348 1
32449 1
32510 1
32573 1
32656 1
32734 1
32748 1
32841 1
32859 1
32882 1
32906 1
32916 1
33030 1
33048 1
33058 1
33110 1
33205 1
33216 1
33265 1
33291 1
33315 1
33376 1
33386 1
33423 1
33457 1
33514 1
33518 1
33586 1
33589 1
33760 1
33801 1
34075 1
34308 1
34310 1
34421 1
34487 1
34489 1
34496 1
34531 1
34608 1
34686 1
34710 1
34721 1
34826 1
34827 1
35066 1
35070 1
35150 1
35215 1
35260 1
35413 1
35457 1
35479 1
35514 1
35632 1
35690 1
35811 1
35902 1
35927 1
35935 1
36069 1
36096 1
36266 1
36327 1
36329 1
36380 1
36446 1
36496 1
36557 1
36653 1
36665 1
36767 1
36813 1
36832 1
36868 1
36956 1
36973 1
37124 1
37201 1
37312 2
37413 1
37427 1
37485 1
37487 1
37509 1
37571 1
37577 1
37722 1
37808 1
37838 1
37938 1
38000 1
38045 1
38122 1
38338 1
38376 1
38428 1
38429 1
38469 1
38552 1
38587 1
38594 1
38612 1
38695 1
38721 1
38750 1
38776 1
38781 1
38845 1
38945 1
38948 1
39027 1
39100 1
39150 1
39212 1
39303 1
39442 1
39600 1
39697 1
39765 1
39972 1
40040 1
40115 1
40124 1
40149 1
40257 1
40574 1
40739 1
40752 1
40844 1
40861 1
41128 1
41200 1
41239 1
41278 1
41280 1
41286 1
41310 1
41359 1
41503 1
41504 1
41540 1
41568 1
41730 1
41772 1
41777 1
41780 1
41966 1
41988 1
42018 1
42038 1
42143 1
42403 1
42422 1
42443 1
42474 1
42487 1
42696 1
43005 1
43243 1
43271 1
43391 1
43415 1
43548 1
43606 1
43779 1
44090 1
44212 1
44373 1
44737 1
44934 1
45059 1
45781 1
45873 1
46394 1
46564 1
46688 1
46692 1
46733 1
46816 1
46946 1
47102 1
47586 1
47658 1
47852 1
47884 1
47964 1
48575 1
48876 1
48915 1
48970 1
49377 1
49661 1
49768 1
50211 1
50274 1
50354 1
50376 1
50439 1
50623 1
50798 1
50827 1
50974 1
51110 1
51137 1
51302 1
51339 1
51729 1
51775 1
51975 1
52046 1
52277 1
52406 1
52529 1
52956 1
53118 1
53183 1
53450 1
53470 1
53730 1
53765 1
53780 1
53787 1
54253 1
54351 1
54404 1
54429 1
55231 1
55235 1
55679 1
55689 1
56314 1
56757 1
56920 1
57609 1
58100 1
58524 1
58594 1
58650 1
58667 1
58740 1
58806 1
58853 1
59143 1
59323 1
59427 1
59428 1
59471 1
59885 1
59941 1
59949 1
60255 1
60363 1
60872 1
61024 1
61052 1
61185 1
61593 1
61831 1
62088 1
62138 1
62320 1
62361 1
62397 1
62413 1
62843 1
63323 1
63363 1
63796 1
64037 1
64835 1
64973 1
65033 1
65618 1
65830 1
65966 1
66012 1
66033 1
66391 1
66903 1
66935 1
67036 1
67571 1
67789 1
68493 1
68962 1
69192 1
69743 1
70238 1
70325 1
70405 1
70630 1
71054 1
71258 1
71918 1
71983 1
72458 1
72549 1
72845 1
74044 1
74283 1
74591 1
74891 1
75137 1
75197 1
76042 1
76050 1
77157 1
77280 1
77310 1
78053 1
78462 1
78747 1
78918 1
79177 1
79637 1
79893 1
80496 1
80591 1
80755 1
80815 1
81259 1
81323 1
81498 1
81802 1
81858 1
81910 1
81914 1
82406 1
82512 1
82783 1
82799 1
83065 1
83274 1
83769 1
84039 1
84195 1
84891 1
84947 1
85280 1
85696 1
85710 1
85882 1
86101 1
86355 1
87141 1
87592 1
87912 1
88009 1
88588 1
88614 1
89811 1
89977 1
90576 1
90951 1
91773 1
91820 1
92271 1
92544 1
93409 1
93548 1
94548 1
94910 1
95073 1
95786 1
96479 1
97284 1
97482 1
97849 1
98256 1
98349 1
98367 1
98535 1
98682 1
98995 1
99266 1
99800 1
101745 1
101810 1
102460 1
102744 1
103519 1
104675 1
104977 1
105007 1
105471 1
107297 1
110609 1
114173 1
126353 1
129740 1
141371 1
141812 1
148071 1
149172 1
206648 1
