-450 1
-446 3
-445 1
-444 2
-443 3
-442 2
-441 6
-440 7
-439 6
-438 3
-437 7
-436 10
-435 8
-434 2
-433 10
-432 10
-431 9
-430 8
-429 9
-428 12
-427 15
-426 11
-425 12
-424 8
-423 10
-422 12
-421 13
-420 15
-419 9
-418 10
-417 12
-416 18
-415 14
-414 10
-413 9
-412 12
-411 13
-410 17
-409 12
-408 16
-407 15
-406 14
-405 18
-404 10
-403 16
-402 13
-401 11
-400 16
-399 17
-398 9
-397 10
-396 16
-395 14
-394 15
-393 26
-392 6
-391 16
-390 17
-389 11
-388 14
-387 16
-386 23
-385 17
-384 13
-383 16
-382 20
-381 14
-380 18
-379 10
-378 13
-377 20
-376 24
-375 16
-374 15
-373 10
-372 18
-371 11
-370 19
-369 18
-368 14
-367 17
-366 14
-365 24
-364 21
-363 18
-362 14
-361 16
-360 13
-359 21
-358 13
-357 22
-356 14
-355 15
-354 21
-353 21
-352 24
-351 20
-350 14
-349 17
-348 20
-347 15
-346 15
-345 14
-344 20
-343 19
-342 24
-341 23
-340 24
-339 20
-338 20
-337 19
-336 21
-335 24
-334 26
-333 23
-332 23
-331 24
-330 31
-329 24
-328 18
-327 18
-326 20
-325 25
-324 30
-323 24
-322 29
-321 29
-320 23
-319 31
-318 37
-317 20
-316 31
-315 22
-314 20
-313 23
-312 25
-311 31
-310 35
-309 36
-308 20
-307 19
-306 32
-305 30
-304 37
-303 22
-302 22
-301 23
-300 36
-299 29
-298 31
-297 29
-296 21
-295 26
-294 24
-293 27
-292 36
-291 28
-290 24
-289 32
-288 33
-287 31
-286 33
-285 30
-284 20
-283 33
-282 35
-281 41
-280 60
-279 51
-278 66
-277 68
-276 75
-275 68
-274 76
-273 73
-272 71
-271 67
-270 71
-269 91
-268 65
-267 57
-266 72
-265 81
-264 86
-263 75
-262 74
-261 92
-260 75
-259 86
-258 113
-257 116
-256 108
-255 120
-254 137
-253 126
-252 149
-251 148
-250 172
-249 153
-248 174
-247 191
-246 185
-245 193
-244 188
-243 178
-242 180
-241 188
-240 194
-239 200
-238 213
-237 218
-236 196
-235 208
-234 214
-233 208
-232 232
-231 208
-230 264
-229 265
-228 248
-227 254
-226 291
-225 285
-224 276
-223 289
-222 308
-221 287
-220 289
-219 315
-218 347
-217 335
-216 356
-215 359
-214 380
-213 371
-212 405
-211 410
-210 481
-209 464
-208 454
-207 465
-206 476
-205 490
-204 497
-203 465
-202 468
-201 561
-200 497
-199 540
-198 510
-197 516
-196 560
-195 561
-194 571
-193 547
-192 592
-191 570
-190 604
-189 615
-188 601
-187 581
-186 631
-185 579
-184 583
-183 620
-182 647
-181 681
-180 658
-179 651
-178 658
-177 674
-176 685
-175 689
-174 715
-173 727
-172 714
-171 729
-170 764
-169 727
-168 736
-167 768
-166 706
-165 721
-164 737
-163 768
-162 715
-161 762
-160 775
-159 741
-158 767
-157 795
-156 790
-155 826
-154 816
-153 837
-152 799
-151 852
-150 817
-149 884
-148 886
-147 851
-146 919
-145 931
-144 968
-143 914
-142 976
-141 941
-140 952
-139 924
-138 1011
-137 1006
-136 1009
-135 984
-134 1031
-133 1022
-132 1030
-131 1083
-130 1147
-129 1095
-128 1232
-127 1272
-126 1240
-125 1241
-124 1301
-123 1292
-122 1284
-121 1300
-120 1307
-119 1421
-118 1457
-117 1390
-116 1413
-115 1477
-114 1495
-113 1519
-112 1501
-111 1449
-110 1515
-109 1563
-108 1523
-107 1477
-106 1526
-105 1511
-104 1573
-103 1472
-102 1568
-101 1565
-100 1610
-99 1536
-98 1601
-97 1580
-96 1595
-95 1599
-94 1674
-93 1617
-92 1754
-91 1654
-90 1737
-89 1735
-88 1675
-87 1675
-86 1686
-85 1785
-84 1746
-83 1800
-82 1759
-81 1780
-80 1852
-79 1814
-78 1807
-77 1811
-76 1840
-75 1862
-74 1844
-73 1831
-72 1803
-71 1917
-70 1968
-69 1875
-68 1870
-67 1948
-66 1921
-65 1906
-64 1972
-63 1977
-62 1972
-61 2002
-60 2047
-59 1994
-58 2061
-57 2068
-56 2063
-55 2009
-54 2066
-53 2098
-52 2066
-51 2166
-50 2143
-49 2078
-48 2228
-47 2210
-46 2108
-45 2228
-44 2266
-43 2246
-42 2145
-41 2363
-40 2305
-39 2307
-38 2262
-37 2245
-36 2257
-35 2242
-34 2259
-33 2374
-32 2343
-31 2388
-30 2417
-29 2370
-28 2492
-27 2400
-26 2409
-25 2496
-24 2463
-23 2427
-22 2523
-21 2538
-20 2518
-19 2582
-18 2576
-17 2489
-16 2642
-15 2597
-14 2661
-13 2642
-12 2661
-11 2722
-10 2730
-9 2797
-8 2894
-7 2787
-6 2850
-5 2831
-4 2921
-3 2905
-2 2934
-1 2967
0 2890
1 3010
2 3006
3 3128
4 3178
5 3150
6 3208
7 3185
8 3315
9 3264
10 3329
11 3281
12 3423
13 3459
14 3395
15 3448
16 3474
17 3465
18 3604
19 3548
20 3665
21 3721
22 3689
23 3687
24 3722
25 3842
26 3699
27 3917
28 3828
29 3914
30 4033
31 3999
32 3989
33 4112
34 4057
35 4187
36 4078
37 4070
38 4180
39 4209
40 4238
41 4239
42 4172
43 4370
44 4351
45 4295
46 4294
47 4412
48 4510
49 4586
50 4586
51 4700
52 4659
53 4801
54 4937
55 4964
56 4929
57 4986
58 5178
59 5187
60 5224
61 5442
62 5291
63 5336
64 5379
65 5256
66 5458
67 5430
68 5614
69 5679
70 5831
71 5682
72 5863
73 5958
74 5952
75 5843
76 5838
77 5945
78 5836
79 5903
80 6087
81 6035
82 6121
83 6135
84 6178
85 6286
86 6302
87 6489
88 6557
89 6710
90 6827
91 6813
92 6718
93 6971
94 7015
95 7095
96 7184
97 7205
98 7379
99 7455
100 7350
101 7461
102 7379
103 7544
104 7601
105 7735
106 7860
107 7813
108 8113
109 8128
110 8524
111 8916
112 8940
113 8734
114 8786
115 8925
116 8763
117 8787
118 8804
119 8899
120 9116
121 9289
122 9238
123 9324
124 9490
125 9823
126 10226
127 9993
128 10182
129 10409
130 10915
131 10815
132 11154
133 11339
134 10994
135 10946
136 10851
137 10913
138 11071
139 11176
140 11375
141 11468
142 11483
143 11682
144 11810
145 11987
146 12007
147 12136
148 12524
149 12693
150 12958
151 13458
152 13618
153 13819
154 14077
155 14124
156 14003
157 14236
158 14549
159 15223
160 15135
161 15358
162 15538
163 15518
164 15559
165 15679
166 15881
167 16384
168 17358
169 17252
170 18241
171 17980
172 17750
173 18436
174 18502
175 18554
176 18896
177 19617
178 21771
179 20470
180 19756
181 19253
182 18977
183 19473
184 19713
185 19800
186 20272
187 20847
188 19590
189 19356
190 19476
191 20312
192 20925
193 19637
194 19207
195 19090
196 18702
197 19240
198 19766
199 19647
200 18921
201 18214
202 18268
203 18214
204 18136
205 18585
206 19379
207 19740
208 18684
209 18257
210 17824
211 17613
212 17502
213 17366
214 17636
215 17802
216 17930
217 17956
218 18033
219 18130
220 18466
221 18332
222 18058
223 17801
224 17573
225 18113
226 18342
227 17656
228 17520
229 17630
230 17760
231 17985
232 18397
233 19230
234 19225
235 19893
236 21824
237 22279
238 22834
239 23094
240 22698
241 24020
242 23175
243 24683
244 24357
245 24574
246 19779
247 18033
248 16794
249 15931
250 15229
251 14738
252 14467
253 14948
254 13884
255 13181
256 12693
257 12344
258 11929
259 11923
260 11394
261 11157
262 11070
263 10682
264 10742
265 10394
266 10213
267 9998
268 10267
269 10539
270 10380
271 9604
272 8798
273 8565
274 8159
275 8076
276 7575
277 7681
278 7453
279 7333
280 7005
281 6972
282 6951
283 6802
284 6768
285 6758
286 6663
287 6913
288 6620
289 6554
290 6448
291 6807
292 6535
293 6574
294 6348
295 5810
296 5664
297 5550
298 5334
299 5290
300 5105
301 4965
302 4952
303 4823
304 4814
305 4909
306 4766
307 4469
308 4468
309 4250
310 4150
311 3998
312 4004
313 3936
314 3920
315 3908
316 3809
317 3672
318 3642
319 3568
320 3518
321 3394
322 3428
323 3399
324 3330
325 3367
326 3297
327 3215
328 3213
329 3202
330 3234
331 3027
332 2971
333 2962
334 2910
335 2817
336 2831
337 2575
338 2622
339 2686
340 2546
341 2441
342 2472
343 2341
344 2299
345 2319
346 2364
347 2217
348 2230
349 2238
350 2180
351 2123
352 2210
353 2105
354 2085
355 2017
356 2023
357 1946
358 1931
359 1966
360 1845
361 1910
362 1909
363 1858
364 1749
365 1746
366 1729
367 1699
368 1774
369 1693
370 1687
371 1627
372 1576
373 1573
374 1539
375 1590
376 1538
377 1499
378 1531
379 1497
380 1438
381 1467
382 1518
383 1499
384 1442
385 1368
386 1396
387 1420
388 1326
389 1289
390 1307
391 1309
392 1316
393 1239
394 1218
395 1251
396 1271
397 1222
398 1160
399 1151
400 1174
401 1196
402 1160
403 1059
404 1138
405 1108
406 1076
407 1071
408 1095
409 1078
410 1043
411 1057
412 1029
413 1048
414 1052
415 994
416 998
417 956
418 977
419 1036
420 1000
421 1010
422 923
423 968
424 915
425 993
426 912
427 884
428 927
429 951
430 876
431 883
432 860
433 898
434 904
435 850
436 875
437 843
438 815
439 797
440 806
441 830
442 803
443 835
444 753
445 774
446 786
447 771
448 737
449 740
450 747
451 750
452 703
453 713
454 738
455 758
456 721
457 697
458 690
459 700
460 687
461 653
462 694
463 708
464 664
465 639
466 632
467 575
468 643
469 567
470 578
471 607
472 602
473 601
474 562
475 572
476 591
477 567
478 566
479 579
480 591
481 517
482 527
483 565
484 526
485 508
486 527
487 543
488 548
489 569
490 510
491 514
492 474
493 493
494 470
495 473
496 479
497 417
498 500
499 471
500 455
501 489
502 433
503 416
504 440
505 441
506 397
507 424
508 426
509 440
510 410
511 417
512 428
513 387
514 382
515 379
516 417
517 365
518 394
519 390
520 373
521 391
522 360
523 378
524 384
525 362
526 343
527 368
528 355
529 412
530 378
531 359
532 338
533 337
534 364
535 347
536 345
537 333
538 338
539 338
540 333
541 357
542 336
543 355
544 311
545 295
546 302
547 298
548 318
549 295
550 349
551 297
552 306
553 298
554 302
555 285
556 294
557 289
558 302
559 287
560 272
561 277
562 283
563 285
564 258
565 294
566 266
567 288
568 251
569 244
570 274
571 267
572 231
573 246
574 294
575 252
576 249
577 243
578 222
579 244
580 242
581 240
582 287
583 237
584 237
585 228
586 249
587 253
588 244
589 238
590 240
591 245
592 248
593 224
594 215
595 208
596 215
597 229
598 218
599 214
600 215
601 191
602 229
603 211
604 201
605 199
606 182
607 193
608 213
609 195
610 198
611 195
612 212
613 176
614 224
615 193
616 197
617 181
618 196
619 181
620 204
621 198
622 188
623 164
624 191
625 160
626 185
627 166
628 188
629 179
630 158
631 145
632 169
633 185
634 151
635 181
636 153
637 179
638 177
639 167
640 157
641 156
642 173
643 150
644 170
645 166
646 148
647 164
648 163
649 138
650 135
651 154
652 151
653 153
654 142
655 133
656 153
657 174
658 157
659 140
660 151
661 122
662 131
663 159
664 129
665 129
666 119
667 127
668 113
669 123
670 150
671 125
672 129
673 143
674 139
675 112
676 104
677 115
678 129
679 156
680 109
681 124
682 119
683 105
684 111
685 114
686 119
687 135
688 118
689 98
690 113
691 119
692 115
693 111
694 110
695 110
696 113
697 122
698 109
699 113
700 123
701 93
702 120
703 88
704 105
705 105
706 109
707 96
708 105
709 93
710 113
711 79
712 91
713 97
714 99
715 102
716 116
717 105
718 99
719 107
720 80
721 106
722 97
723 103
724 111
725 100
726 68
727 82
728 109
729 95
730 88
731 91
732 85
733 78
734 85
735 71
736 98
737 94
738 91
739 85
740 116
741 79
742 80
743 82
744 87
745 77
746 77
747 66
748 93
749 77
750 80
751 65
752 80
753 86
754 76
755 68
756 71
757 75
758 80
759 68
760 79
761 63
762 78
763 69
764 65
765 72
766 70
767 75
768 67
769 74
770 79
771 75
772 57
773 73
774 67
775 64
776 79
777 63
778 75
779 76
780 63
781 66
782 52
783 62
784 65
785 55
786 77
787 77
788 60
789 54
790 68
791 52
792 72
793 60
794 59
795 70
796 71
797 62
798 50
799 64
800 62
801 66
802 64
803 69
804 71
805 64
806 70
807 59
808 47
809 57
810 52
811 50
812 49
813 60
814 52
815 56
816 63
817 54
818 60
819 48
820 55
821 49
822 55
823 51
824 62
825 54
826 62
827 63
828 55
829 58
830 48
831 58
832 47
833 50
834 46
835 44
836 40
837 52
838 47
839 44
840 41
841 44
842 41
843 54
844 41
845 57
846 46
847 50
848 59
849 35
850 40
851 42
852 37
853 33
854 46
855 47
856 47
857 23
858 41
859 37
860 54
861 47
862 47
863 36
864 37
865 48
866 32
867 42
868 48
869 48
870 34
871 38
872 47
873 37
874 35
875 46
876 42
877 29
878 36
879 47
880 48
881 41
882 38
883 37
884 44
885 48
886 52
887 34
888 45
889 38
890 42
891 46
892 46
893 37
894 29
895 46
896 32
897 36
898 31
899 40
900 30
901 32
902 34
903 35
904 28
905 36
906 33
907 32
908 34
909 39
910 38
911 39
912 25
913 30
914 36
915 26
916 42
917 34
918 36
919 20
920 26
921 30
922 32
923 44
924 29
925 31
926 39
927 33
928 33
929 30
930 35
931 36
932 19
933 22
934 28
935 32
936 25
937 33
938 30
939 35
940 26
941 20
942 25
943 35
944 32
945 28
946 34
947 24
948 33
949 30
950 23
951 34
952 33
953 23
954 18
955 25
956 26
957 28
958 24
959 26
960 30
961 18
962 28
963 21
964 26
965 30
966 24
967 23
968 32
969 26
970 27
971 36
972 29
973 18
974 32
975 29
976 24
977 20
978 28
979 25
980 21
981 29
982 17
983 23
984 21
985 23
986 23
987 28
988 25
989 15
990 18
991 22
992 14
993 24
994 22
995 21
996 17
997 20
998 22
999 17
1000 27
1001 21
1002 19
1003 13
1004 26
1005 16
1006 19
1007 17
1008 26
1009 13
1010 22
1011 19
1012 16
1013 22
1014 19
1015 15
1016 24
1017 17
1018 16
1019 20
1020 27
1021 25
1022 23
1023 20
1024 16
1025 22
1026 15
1027 19
1028 20
1029 22
1030 21
1031 15
1032 19
1033 14
1034 20
1035 20
1036 17
1037 7
1038 12
1039 21
1040 21
1041 16
1042 17
1043 11
1044 27
1045 16
1046 19
1047 14
1048 18
1049 14
1050 19
1051 18
1052 18
1053 10
1054 20
1055 13
1056 19
1057 13
1058 14
1059 13
1060 12
1061 19
1062 15
1063 20
1064 15
1065 12
1066 9
1067 13
1068 14
1069 14
1070 16
1071 19
1072 12
1073 13
1074 14
1075 11
1076 17
1077 12
1078 15
1079 12
1080 17
1081 17
1082 13
1083 22
1084 14
1085 11
1086 16
1087 11
1088 16
1089 7
1090 11
1091 10
1092 15
1093 14
1094 16
1095 17
1096 14
1097 13
1098 12
1099 16
1100 14
1101 10
1102 11
1103 16
1104 18
1105 11
1106 8
1107 12
1108 8
1109 11
1110 13
1111 14
1112 8
1113 7
1114 7
1115 10
1116 12
1117 8
1118 11
1119 11
1120 15
1121 6
1122 9
1123 8
1124 11
1125 11
1126 8
1127 5
1128 8
1129 11
1130 15
1131 12
1132 9
1133 8
1134 15
1135 11
1136 15
1137 6
1138 9
1139 4
1140 8
1141 8
1142 9
1143 6
1144 14
1145 13
1146 10
1147 8
1148 7
1149 10
1150 5
1151 9
1152 5
1153 12
1154 13
1155 9
1156 9
1157 6
1158 10
1159 12
1160 6
1161 9
1162 9
1163 8
1164 17
1165 10
1166 7
1167 13
1168 4
1169 5
1170 12
1171 13
1172 10
1173 8
1174 14
1175 6
1176 6
1177 10
1178 6
1179 9
1180 7
1181 8
1182 4
1183 7
1184 7
1185 9
1186 10
1187 6
1188 9
1189 6
1190 6
1191 11
1192 9
1193 5
1194 4
1195 6
1196 9
1197 9
1198 10
1199 5
1200 7
1201 8
1202 5
1203 7
1204 4
1205 8
1206 9
1207 7
1208 4
1209 7
1210 12
1211 8
1212 10
1213 8
1214 9
1215 11
1216 7
1217 8
1218 9
1219 4
1220 5
1221 9
1222 10
1223 7
1224 8
1225 7
1226 13
1227 9
1228 9
1229 6
1230 10
1231 7
1232 9
1233 8
1234 7
1235 5
1236 9
1237 9
1238 4
1239 4
1240 4
1241 3
1242 6
1243 6
1244 4
1245 6
1246 5
1247 6
1248 5
1249 3
1250 4
1251 3
1252 5
1253 3
1254 5
1255 5
1256 3
1257 4
1258 2
1259 3
1260 2
1261 6
1262 5
1263 3
1264 5
1265 3
1266 8
1267 6
1268 7
1269 2
1270 6
1271 4
1272 4
1273 4
1274 4
1275 3
1276 3
1277 6
1278 5
1279 6
1280 3
1281 7
1282 3
1283 7
1284 5
1285 2
1286 4
1287 6
1288 5
1289 3
1290 4
1291 10
1292 1
1293 4
1294 3
1295 3
1296 3
1297 7
1298 4
1299 5
1300 1
1301 1
1302 3
1303 6
1304 5
1305 6
1306 3
1307 4
1308 5
1309 7
1310 3
1311 7
1312 2
1313 2
1314 1
1316 1
1317 4
1318 5
1319 5
1320 2
1321 4
1322 4
1323 4
1325 5
1326 4
1327 4
1328 8
1329 1
1330 3
1331 3
1332 3
1333 4
1334 3
1335 3
1336 3
1337 5
1338 5
1339 5
1340 6
1343 4
1344 4
1345 3
1346 1
1347 2
1348 5
1349 4
1350 4
1351 6
1352 5
1353 4
1354 3
1355 2
1356 3
1357 3
1358 4
1359 2
1360 5
1361 4
1362 2
1363 1
1364 4
1365 4
1366 5
1367 4
1368 3
1369 5
1370 3
1371 6
1372 2
1373 5
1374 5
1375 2
1376 3
1377 2
1378 5
1379 2
1380 10
1381 2
1382 1
1383 4
1384 7
1385 3
1386 4
1387 4
1388 6
1389 1
1390 4
1391 2
1392 4
1393 1
1394 1
1395 5
1396 2
1397 4
1398 5
1399 4
1400 4
1401 4
1402 4
1403 4
1404 5
1405 4
1406 1
1407 1
1408 3
1409 4
1410 3
1411 6
1412 2
1413 2
1414 2
1415 1
1416 3
1417 4
1419 3
1420 3
1421 5
1422 1
1423 2
1424 3
1425 3
1426 6
1427 1
1428 2
1429 4
1430 2
1431 2
1432 3
1433 2
1434 3
1435 4
1436 6
1437 3
1439 2
1440 1
1442 4
1443 2
1444 3
1445 5
1446 1
1447 4
1448 1
1449 1
1450 2
1451 4
1452 1
1453 3
1454 1
1456 2
1457 1
1458 1
1459 2
1460 3
1461 2
1462 5
1463 2
1464 4
1466 2
1467 2
1469 2
1470 3
1472 4
1473 3
1474 2
1475 1
1476 2
1479 3
1480 1
1481 2
1483 3
1484 1
1485 1
1487 1
1488 2
1489 2
1490 1
1491 2
1492 1
1493 3
1494 1
1495 1
1496 2
1497 1
1499 2
1500 3
1502 3
1503 1
1504 4
1505 2
1507 1
1508 3
1509 2
1510 2
1511 1
1512 1
1513 1
1514 1
1515 2
1516 1
1517 4
1519 3
1520 1
1521 2
1522 2
1523 2
1524 3
1525 2
1526 2
1528 1
1529 1
1532 1
1535 2
1537 1
1538 4
1539 1
1540 2
1541 1
1542 2
1545 2
1546 1
1547 2
1549 1
1550 3
1552 1
1553 1
1554 1
1555 2
1556 1
1557 2
1559 1
1560 2
1561 1
1562 2
1563 1
1564 2
1565 1
1566 2
1567 1
1568 2
1570 1
1571 1
1572 2
1573 2
1574 3
1575 2
1577 1
1578 2
1579 1
1580 2
1581 1
1584 2
1585 3
1586 2
1587 2
1588 3
1589 3
1590 2
1591 1
1592 1
1593 2
1594 1
1596 1
1598 1
1599 1
1600 1
1602 2
1603 2
1604 1
1605 1
1608 1
1610 2
1611 2
1614 1
1615 2
1616 4
1617 1
1618 3
1619 1
1620 1
1621 3
1623 3
1624 1
1625 1
1627 1
1628 4
1630 1
1634 1
1636 2
1637 1
1638 1
1639 1
1640 1
1641 1
1644 1
1646 1
1647 1
1651 1
1653 1
1654 1
1661 1
1662 1
1666 1
1668 1
1669 2
1670 2
1672 1
1673 1
1677 1
1678 1
1680 2
1681 1
1686 1
1689 2
1690 1
1694 1
1696 1
1697 1
1701 2
1702 2
1703 1
1704 1
1706 2
1707 1
1709 2
1710 2
1714 2
1716 2
1718 1
1719 1
1720 1
1724 1
1725 1
1726 1
1728 2
1730 1
1731 3
1734 1
1735 1
1736 2
1742 2
1746 2
1751 1
1754 1
1755 1
1760 1
1764 1
1767 1
1768 3
1769 2
1770 1
1772 1
1773 1
1774 3
1777 1
1778 2
1780 1
1781 1
1784 1
1786 2
1787 1
1790 1
1791 1
1793 2
1795 4
1798 1
1802 2
1805 1
1806 1
1812 1
1813 2
1817 1
1818 1
1819 1
1820 2
1822 1
1825 1
1826 2
1830 1
1831 1
1836 1
1839 1
1840 1
1844 1
1847 2
1848 1
1849 1
1852 1
1853 1
1857 2
1860 1
1861 1
1862 1
1869 1
1871 1
1873 1
1874 1
1876 2
1881 2
1887 1
1888 2
1892 1
1895 1
1896 1
1897 1
1899 1
1901 1
1903 1
1906 2
1907 2
1910 2
1911 1
1913 4
1916 1
1917 1
1918 2
1919 1
1921 1
1923 1
1924 1
1925 1
1929 2
1931 1
1933 2
1934 1
1935 1
1936 1
1940 1
1942 1
1944 1
1945 1
1947 1
1948 1
1953 1
1954 1
1957 1
1959 1
1963 2
1965 1
1966 1
1970 1
1971 1
1976 1
1977 1
1978 1
1981 1
1984 1
1988 1
1989 1
1991 1
1992 1
1993 2
1994 2
1996 1
1997 1
1999 1
2008 2
2011 1
2012 1
2015 1
2020 1
2021 2
2023 1
2031 1
2044 1
2058 1
2102 1
2113 1
2150 1
2152 1
2170 1
2174 1
2315 1
