84 4
85 31
86 89
87 222
88 322
89 323
90 410
91 572
92 907
93 975
94 1229
95 1502
96 1802
97 1759
98 1788
99 1918
100 1785
101 1670
102 1694
103 1602
104 1560
105 1504
106 1414
107 1252
108 1280
109 1343
110 1362
111 1355
112 1307
113 1392
114 1311
115 1370
116 1435
117 1641
118 1904
119 2207
120 2409
121 2538
122 2632
123 2851
124 2940
125 3091
126 3403
127 3608
128 3599
129 3966
130 4261
131 4462
132 4468
133 4660
134 4698
135 4796
136 4790
137 4661
138 4768
139 4977
140 4854
141 4755
142 4920
143 5210
144 5406
145 5122
146 5222
147 5389
148 5414
149 5387
150 5358
151 5447
152 5504
153 5225
154 5249
155 5449
156 5481
157 5671
158 5863
159 6205
160 6701
161 6833
162 7071
163 7301
164 7435
165 7602
166 7488
167 7606
168 7747
169 7705
170 7926
171 8268
172 8365
173 8429
174 8559
175 8765
176 8928
177 8731
178 8772
179 8801
180 8908
181 8824
182 9306
183 9006
184 8976
185 9110
186 9223
187 9229
188 9632
189 9528
190 9478
191 9667
192 9644
193 9809
194 9925
195 10044
196 9738
197 9916
198 9905
199 9743
200 9515
201 9768
202 9840
203 9788
204 9620
205 9843
206 9663
207 9999
208 10052
209 10036
210 9966
211 10106
212 10097
213 10199
214 10412
215 10364
216 10555
217 10401
218 10467
219 10184
220 10308
221 10258
222 10120
223 10206
224 10221
225 10465
226 10515
227 10828
228 10975
229 10906
230 10848
231 11031
232 11274
233 11014
234 11111
235 10950
236 10969
237 10994
238 11157
239 11026
240 11067
241 11083
242 10737
243 10724
244 10845
245 10441
246 10953
247 10819
248 10742
249 10750
250 10752
251 10408
252 10622
253 10491
254 10674
255 10577
256 10654
257 10445
258 10499
259 10321
260 10278
261 10077
262 10159
263 10358
264 10504
265 10430
266 10677
267 10849
268 10826
269 10704
270 11054
271 10701
272 10634
273 10580
274 10713
275 10689
276 10754
277 10732
278 10462
279 10486
280 10496
281 10572
282 10643
283 10528
284 10449
285 10565
286 10573
287 10375
288 10285
289 10089
290 10164
291 10131
292 10091
293 10147
294 10133
295 10146
296 10160
297 10222
298 10154
299 10178
300 10194
301 10232
302 10040
303 10211
304 10061
305 10052
306 9890
307 10109
308 10061
309 10099
310 9964
311 9991
312 9883
313 9742
314 9885
315 9556
316 9606
317 9651
318 9550
319 9687
320 9521
321 9639
322 9421
323 9473
324 9482
325 9230
326 9322
327 9288
328 9482
329 9128
330 9262
331 9062
332 9103
333 9163
334 9028
335 9044
336 9078
337 8797
338 8689
339 8802
340 8660
341 8774
342 8537
343 8549
344 8463
345 8377
346 8400
347 8350
348 8042
349 8232
350 8225
351 8268
352 8248
353 8144
354 8128
355 7983
356 8019
357 7927
358 7954
359 7696
360 7793
361 7894
362 7873
363 7892
364 7787
365 7665
366 7568
367 7489
368 7543
369 7447
370 7449
371 7337
372 7373
373 7267
374 7329
375 6978
376 7090
377 7267
378 7166
379 7175
380 7103
381 6992
382 6973
383 7111
384 6947
385 7037
386 6991
387 6882
388 6944
389 7008
390 6993
391 6911
392 6934
393 6813
394 6945
395 6693
396 6769
397 6722
398 6724
399 6650
400 6571
401 6560
402 6466
403 6364
404 6425
405 6197
406 6311
407 6299
408 6148
409 5998
410 6148
411 6114
412 6038
413 6101
414 6085
415 6105
416 6089
417 5980
418 5885
419 5835
420 5911
421 5723
422 5657
423 5742
424 5615
425 5822
426 5574
427 5681
428 5602
429 5532
430 5508
431 5570
432 5296
433 5588
434 5327
435 5417
436 5372
437 5131
438 5179
439 5239
440 5292
441 5267
442 5244
443 5148
444 5101
445 5088
446 5161
447 5120
448 4963
449 5015
450 5181
451 5004
452 5008
453 4883
454 4872
455 4727
456 4787
457 4892
458 4798
459 4846
460 4719
461 4657
462 4720
463 4775
464 4617
465 4626
466 4618
467 4618
468 4412
469 4638
470 4464
471 4545
472 4464
473 4461
474 4417
475 4427
476 4415
477 4414
478 4440
479 4264
480 4233
481 4333
482 4172
483 4289
484 4275
485 4301
486 4268
487 4272
488 4345
489 4224
490 4138
491 4152
492 4217
493 4181
494 4194
495 4166
496 4210
497 4116
498 4136
499 3996
500 3964
501 4074
502 4013
503 3932
504 3932
505 3883
506 3766
507 3830
508 3756
509 3751
510 3619
511 3706
512 3653
513 3590
514 3705
515 3651
516 3655
517 3707
518 3607
519 3697
520 3595
521 3659
522 3664
523 3559
524 3703
525 3593
526 3522
527 3542
528 3659
529 3604
530 3528
531 3566
532 3476
533 3456
534 3512
535 3428
536 3476
537 3474
538 3394
539 3295
540 3285
541 3346
542 3362
543 3349
544 3318
545 3286
546 3266
547 3092
548 3022
549 3137
550 3022
551 3187
552 3100
553 3050
554 3031
555 2965
556 3100
557 3058
558 3075
559 2981
560 2841
561 2990
562 2960
563 2982
564 3055
565 2988
566 3018
567 2944
568 2955
569 2904
570 2894
571 2973
572 2946
573 2877
574 2854
575 2886
576 2874
577 2793
578 2732
579 2902
580 2717
581 2717
582 2774
583 2814
584 2605
585 2692
586 2653
587 2657
588 2602
589 2658
590 2675
591 2613
592 2588
593 2515
594 2549
595 2572
596 2646
597 2561
598 2510
599 2551
600 2529
601 2459
602 2411
603 2493
604 2568
605 2451
606 2488
607 2500
608 2386
609 2393
610 2426
611 2397
612 2417
613 2408
614 2464
615 2294
616 2317
617 2259
618 2261
619 2325
620 2327
621 2235
622 2302
623 2354
624 2263
625 2264
626 2265
627 2246
628 2326
629 2261
630 2256
631 2133
632 2288
633 2260
634 2190
635 2223
636 2267
637 2137
638 2207
639 2159
640 2142
641 2172
642 2163
643 2148
644 2116
645 2038
646 2116
647 2054
648 2021
649 2172
650 2062
651 1992
652 2068
653 2149
654 2101
655 2032
656 2017
657 2097
658 1980
659 2018
660 1952
661 1977
662 2079
663 1985
664 1958
665 1890
666 1888
667 1884
668 1870
669 1866
670 1909
671 1828
672 1891
673 1835
674 1795
675 1825
676 1735
677 1762
678 1835
679 1760
680 1780
681 1736
682 1781
683 1731
684 1807
685 1783
686 1723
687 1780
688 1732
689 1762
690 1720
691 1715
692 1703
693 1683
694 1648
695 1719
696 1688
697 1660
698 1657
699 1669
700 1626
701 1621
702 1661
703 1577
704 1576
705 1596
706 1570
707 1541
708 1590
709 1633
710 1717
711 1596
712 1609
713 1567
714 1550
715 1613
716 1521
717 1539
718 1560
719 1506
720 1537
721 1525
722 1534
723 1516
724 1526
725 1482
726 1457
727 1447
728 1427
729 1414
730 1386
731 1483
732 1526
733 1425
734 1451
735 1386
736 1369
737 1433
738 1432
739 1367
740 1375
741 1342
742 1332
743 1341
744 1376
745 1346
746 1367
747 1279
748 1346
749 1353
750 1304
751 1348
752 1323
753 1302
754 1343
755 1292
756 1263
757 1228
758 1226
759 1270
760 1327
761 1255
762 1281
763 1270
764 1225
765 1227
766 1190
767 1276
768 1252
769 1259
770 1180
771 1182
772 1273
773 1215
774 1236
775 1176
776 1225
777 1159
778 1230
779 1200
780 1138
781 1161
782 1135
783 1056
784 1162
785 1141
786 1139
787 1197
788 1147
789 1133
790 1154
791 1171
792 1142
793 1121
794 1089
795 1096
796 1064
797 1089
798 1082
799 1016
800 1071
801 1072
802 1038
803 1071
804 1029
805 1045
806 1128
807 1044
808 1018
809 1017
810 1017
811 1037
812 1085
813 1043
814 1011
815 977
816 992
817 1009
818 996
819 964
820 983
821 945
822 987
823 982
824 916
825 981
826 1020
827 959
828 1012
829 960
830 924
831 983
832 914
833 948
834 906
835 940
836 896
837 910
838 975
839 894
840 925
841 904
842 857
843 888
844 927
845 863
846 861
847 908
848 843
849 841
850 825
851 860
852 840
853 894
854 844
855 809
856 859
857 852
858 820
859 838
860 824
861 841
862 785
863 873
864 845
865 859
866 812
867 805
868 823
869 797
870 768
871 803
872 759
873 788
874 794
875 773
876 733
877 827
878 782
879 860
880 778
881 723
882 853
883 762
884 775
885 697
886 762
887 759
888 778
889 724
890 707
891 731
892 702
893 730
894 737
895 721
896 722
897 767
898 710
899 687
900 690
901 739
902 656
903 717
904 701
905 711
906 675
907 681
908 683
909 683
910 681
911 665
912 705
913 724
914 697
915 686
916 669
917 701
918 692
919 651
920 689
921 682
922 703
923 695
924 697
925 692
926 681
927 673
928 686
929 726
930 689
931 706
932 678
933 669
934 694
935 668
936 651
937 680
938 671
939 648
940 670
941 647
942 660
943 639
944 662
945 655
946 596
947 639
948 681
949 579
950 620
951 664
952 595
953 605
954 645
955 620
956 572
957 609
958 599
959 628
960 590
961 561
962 582
963 597
964 581
965 582
966 581
967 595
968 564
969 555
970 567
971 659
972 590
973 610
974 546
975 587
976 533
977 561
978 556
979 585
980 537
981 569
982 554
983 570
984 569
985 546
986 550
987 550
988 502
989 546
990 564
991 543
992 530
993 510
994 517
995 535
996 515
997 500
998 528
999 511
1000 493
1001 503
1002 515
1003 513
1004 567
1005 501
1006 483
1007 502
1008 505
1009 472
1010 513
1011 507
1012 506
1013 468
1014 499
1015 468
1016 493
1017 476
1018 486
1019 492
1020 482
1021 461
1022 486
1023 484
1024 440
1025 499
1026 474
1027 467
1028 497
1029 461
1030 480
1031 425
1032 427
1033 512
1034 461
1035 436
1036 445
1037 427
1038 431
1039 458
1040 447
1041 485
1042 470
1043 446
1044 453
1045 464
1046 446
1047 401
1048 390
1049 478
1050 418
1051 428
1052 414
1053 416
1054 417
1055 422
1056 439
1057 404
1058 431
1059 432
1060 412
1061 427
1062 418
1063 428
1064 385
1065 415
1066 421
1067 394
1068 401
1069 426
1070 434
1071 427
1072 435
1073 415
1074 406
1075 378
1076 399
1077 377
1078 407
1079 392
1080 407
1081 372
1082 370
1083 374
1084 383
1085 380
1086 377
1087 386
1088 394
1089 375
1090 380
1091 375
1092 382
1093 336
1094 363
1095 335
1096 372
1097 373
1098 348
1099 372
1100 357
1101 351
1102 369
1103 340
1104 396
1105 391
1106 378
1107 359
1108 315
1109 339
1110 344
1111 403
1112 352
1113 336
1114 337
1115 353
1116 375
1117 352
1118 371
1119 324
1120 322
1121 339
1122 321
1123 344
1124 356
1125 353
1126 339
1127 316
1128 341
1129 358
1130 350
1131 351
1132 331
1133 332
1134 321
1135 294
1136 328
1137 295
1138 310
1139 297
1140 319
1141 328
1142 305
1143 342
1144 322
1145 331
1146 307
1147 310
1148 296
1149 357
1150 343
1151 301
1152 311
1153 292
1154 275
1155 286
1156 261
1157 285
1158 340
1159 327
1160 277
1161 317
1162 306
1163 272
1164 284
1165 307
1166 262
1167 300
1168 277
1169 305
1170 297
1171 303
1172 285
1173 273
1174 303
1175 299
1176 294
1177 260
1178 316
1179 296
1180 301
1181 296
1182 286
1183 284
1184 284
1185 267
1186 261
1187 300
1188 281
1189 243
1190 256
1191 304
1192 273
1193 269
1194 247
1195 249
1196 272
1197 248
1198 282
1199 284
1200 244
1201 271
1202 260
1203 244
1204 259
1205 273
1206 269
1207 237
1208 261
1209 225
1210 264
1211 266
1212 242
1213 260
1214 261
1215 265
1216 246
1217 246
1218 279
1219 239
1220 263
1221 259
1222 258
1223 209
1224 249
1225 253
1226 281
1227 234
1228 249
1229 252
1230 232
1231 251
1232 253
1233 244
1234 266
1235 232
1236 240
1237 219
1238 225
1239 229
1240 219
1241 260
1242 232
1243 271
1244 246
1245 212
1246 241
1247 211
1248 247
1249 232
1250 228
1251 220
1252 248
1253 228
1254 211
1255 238
1256 235
1257 214
1258 207
1259 221
1260 207
1261 230
1262 200
1263 234
1264 220
1265 227
1266 231
1267 235
1268 223
1269 184
1270 239
1271 205
1272 211
1273 223
1274 200
1275 223
1276 227
1277 213
1278 200
1279 193
1280 209
1281 198
1282 217
1283 217
1284 200
1285 201
1286 206
1287 190
1288 214
1289 196
1290 200
1291 198
1292 207
1293 198
1294 201
1295 194
1296 204
1297 183
1298 210
1299 177
1300 163
1301 208
1302 175
1303 209
1304 202
1305 190
1306 176
1307 207
1308 205
1309 171
1310 191
1311 200
1312 193
1313 193
1314 200
1315 200
1316 169
1317 190
1318 192
1319 173
1320 183
1321 210
1322 178
1323 182
1324 187
1325 170
1326 185
1327 208
1328 177
1329 200
1330 179
1331 169
1332 184
1333 173
1334 158
1335 178
1336 147
1337 181
1338 172
1339 156
1340 160
1341 176
1342 178
1343 185
1344 170
1345 145
1346 168
1347 184
1348 155
1349 169
1350 162
1351 168
1352 147
1353 151
1354 157
1355 156
1356 171
1357 165
1358 170
1359 153
1360 163
1361 154
1362 154
1363 188
1364 148
1365 152
1366 159
1367 162
1368 152
1369 149
1370 138
1371 150
1372 150
1373 164
1374 164
1375 159
1376 147
1377 151
1378 160
1379 144
1380 145
1381 160
1382 143
1383 154
1384 154
1385 144
1386 158
1387 164
1388 136
1389 142
1390 149
1391 160
1392 143
1393 162
1394 162
1395 147
1396 150
1397 124
1398 134
1399 144
1400 150
1401 151
1402 141
1403 153
1404 132
1405 136
1406 129
1407 144
1408 132
1409 133
1410 142
1411 132
1412 149
1413 126
1414 129
1415 132
1416 140
1417 145
1418 132
1419 128
1420 137
1421 146
1422 115
1423 130
1424 134
1425 146
1426 108
1427 139
1428 148
1429 129
1430 109
1431 119
1432 137
1433 119
1434 127
1435 100
1436 130
1437 125
1438 144
1439 146
1440 141
1441 124
1442 110
1443 128
1444 144
1445 127
1446 153
1447 130
1448 147
1449 113
1450 115
1451 126
1452 106
1453 131
1454 107
1455 124
1456 104
1457 124
1458 126
1459 126
1460 115
1461 120
1462 96
1463 127
1464 125
1465 101
1466 112
1467 143
1468 110
1469 111
1470 98
1471 121
1472 143
1473 114
1474 122
1475 98
1476 135
1477 103
1478 129
1479 131
1480 104
1481 110
1482 122
1483 115
1484 132
1485 102
1486 98
1487 119
1488 117
1489 98
1490 86
1491 121
1492 119
1493 126
1494 119
1495 116
1496 94
1497 114
1498 118
1499 113
1500 106
1501 107
1502 99
1503 109
1504 109
1505 109
1506 109
1507 105
1508 121
1509 113
1510 95
1511 103
1512 93
1513 87
1514 88
1515 95
1516 85
1517 89
1518 91
1519 96
1520 105
1521 90
1522 103
1523 97
1524 85
1525 99
1526 90
1527 90
1528 102
1529 87
1530 86
1531 105
1532 94
1533 111
1534 96
1535 92
1536 118
1537 91
1538 85
1539 91
1540 92
1541 89
1542 107
1543 109
1544 80
1545 85
1546 114
1547 112
1548 94
1549 81
1550 79
1551 85
1552 73
1553 88
1554 114
1555 94
1556 79
1557 101
1558 94
1559 98
1560 90
1561 82
1562 88
1563 93
1564 81
1565 93
1566 87
1567 87
1568 108
1569 95
1570 71
1571 88
1572 90
1573 87
1574 113
1575 81
1576 83
1577 107
1578 85
1579 92
1580 75
1581 92
1582 90
1583 75
1584 91
1585 71
1586 73
1587 107
1588 77
1589 82
1590 73
1591 75
1592 85
1593 65
1594 77
1595 78
1596 90
1597 73
1598 95
1599 59
1600 89
1601 97
1602 80
1603 63
1604 87
1605 76
1606 83
1607 67
1608 64
1609 84
1610 82
1611 76
1612 82
1613 87
1614 80
1615 76
1616 67
1617 88
1618 70
1619 85
1620 79
1621 70
1622 85
1623 83
1624 88
1625 82
1626 82
1627 77
1628 74
1629 72
1630 97
1631 60
1632 68
1633 66
1634 75
1635 87
1636 67
1637 69
1638 58
1639 81
1640 62
1641 66
1642 63
1643 67
1644 85
1645 67
1646 70
1647 63
1648 73
1649 55
1650 78
1651 81
1652 68
1653 79
1654 72
1655 66
1656 80
1657 86
1658 66
1659 78
1660 75
1661 74
1662 78
1663 80
1664 73
1665 63
1666 57
1667 77
1668 60
1669 69
1670 55
1671 75
1672 80
1673 71
1674 79
1675 56
1676 66
1677 80
1678 69
1679 62
1680 61
1681 64
1682 78
1683 70
1684 71
1685 66
1686 76
1687 56
1688 67
1689 77
1690 71
1691 79
1692 66
1693 56
1694 61
1695 56
1696 66
1697 55
1698 75
1699 68
1700 54
1701 67
1702 50
1703 74
1704 65
1705 57
1706 60
1707 66
1708 74
1709 72
1710 69
1711 53
1712 78
1713 51
1714 83
1715 59
1716 72
1717 65
1718 60
1719 66
1720 56
1721 44
1722 57
1723 67
1724 54
1725 51
1726 71
1727 63
1728 56
1729 70
1730 63
1731 57
1732 63
1733 59
1734 60
1735 63
1736 49
1737 52
1738 54
1739 64
1740 57
1741 55
1742 57
1743 47
1744 67
1745 57
1746 56
1747 58
1748 65
1749 68
1750 57
1751 53
1752 66
1753 64
1754 62
1755 69
1756 47
1757 50
1758 49
1759 54
1760 61
1761 51
1762 60
1763 55
1764 44
1765 64
1766 50
1767 48
1768 59
1769 63
1770 49
1771 59
1772 40
1773 57
1774 48
1775 64
1776 52
1777 69
1778 55
1779 56
1780 53
1781 49
1782 56
1783 49
1784 61
1785 51
1786 67
1787 62
1788 57
1789 50
1790 54
1791 63
1792 50
1793 61
1794 49
1795 54
1796 36
1797 52
1798 45
1799 51
1800 47
1801 55
1802 62
1803 48
1804 54
1805 53
1806 40
1807 49
1808 65
1809 55
1810 52
1811 48
1812 46
1813 54
1814 49
1815 50
1816 46
1817 54
1818 48
1819 43
1820 38
1821 56
1822 48
1823 62
1824 44
1825 45
1826 35
1827 39
1828 51
1829 42
1830 59
1831 36
1832 47
1833 43
1834 47
1835 37
1836 41
1837 55
1838 49
1839 43
1840 59
1841 37
1842 44
1843 54
1844 42
1845 44
1846 46
1847 55
1848 29
1849 41
1850 42
1851 50
1852 44
1853 62
1854 40
1855 36
1856 42
1857 55
1858 39
1859 46
1860 47
1861 41
1862 41
1863 43
1864 51
1865 49
1866 41
1867 34
1868 32
1869 49
1870 40
1871 40
1872 48
1873 38
1874 41
1875 41
1876 35
1877 48
1878 51
1879 50
1880 42
1881 41
1882 33
1883 47
1884 44
1885 43
1886 50
1887 41
1888 55
1889 34
1890 38
1891 45
1892 44
1893 45
1894 48
1895 54
1896 43
1897 46
1898 28
1899 54
1900 42
1901 40
1902 52
1903 42
1904 51
1905 45
1906 42
1907 34
1908 38
1909 48
1910 51
1911 49
1912 33
1913 34
1914 33
1915 41
1916 35
1917 40
1918 30
1919 30
1920 40
1921 37
1922 35
1923 39
1924 38
1925 35
1926 32
1927 46
1928 42
1929 35
1930 35
1931 29
1932 41
1933 33
1934 46
1935 33
1936 36
1937 43
1938 38
1939 35
1940 34
1941 32
1942 38
1943 30
1944 58
1945 38
1946 46
1947 41
1948 35
1949 43
1950 28
1951 33
1952 32
1953 31
1954 40
1955 43
1956 31
1957 33
1958 36
1959 40
1960 42
1961 38
1962 28
1963 45
1964 31
1965 40
1966 39
1967 35
1968 32
1969 36
1970 35
1971 38
1972 32
1973 23
1974 35
1975 28
1976 36
1977 31
1978 31
1979 32
1980 31
1981 34
1982 33
1983 36
1984 30
1985 32
1986 34
1987 32
1988 27
1989 28
1990 30
1991 40
1992 33
1993 34
1994 32
1995 47
1996 29
1997 21
1998 29
1999 30
2000 34
2001 19
2002 39
2003 38
2004 31
2005 38
2006 28
2007 34
2008 31
2009 44
2010 36
2011 25
2012 33
2013 29
2014 36
2015 24
2016 31
2017 35
2018 46
2019 21
2020 29
2021 35
2022 17
2023 30
2024 42
2025 24
2026 35
2027 30
2028 26
2029 32
2030 22
2031 25
2032 34
2033 25
2034 35
2035 25
2036 28
2037 29
2038 34
2039 28
2040 29
2041 32
2042 30
2043 32
2044 37
2045 27
2046 24
2047 21
2048 19
2049 32
2050 42
2051 19
2052 41
2053 30
2054 38
2055 33
2056 27
2057 20
2058 26
2059 32
2060 23
2061 35
2062 37
2063 23
2064 23
2065 30
2066 36
2067 32
2068 23
2069 23
2070 25
2071 32
2072 30
2073 35
2074 21
2075 31
2076 34
2077 21
2078 29
2079 25
2080 31
2081 39
2082 16
2083 35
2084 28
2085 18
2086 19
2087 33
2088 19
2089 24
2090 36
2091 31
2092 37
2093 25
2094 19
2095 25
2096 24
2097 24
2098 30
2099 23
2100 29
2101 36
2102 33
2103 26
2104 18
2105 25
2106 23
2107 24
2108 27
2109 29
2110 21
2111 38
2112 30
2113 20
2114 26
2115 17
2116 29
2117 25
2118 23
2119 32
2120 25
2121 27
2122 28
2123 22
2124 27
2125 18
2126 25
2127 19
2128 33
2129 32
2130 22
2131 35
2132 23
2133 24
2134 29
2135 23
2136 29
2137 27
2138 28
2139 35
2140 17
2141 28
2142 16
2143 24
2144 30
2145 21
2146 24
2147 33
2148 24
2149 24
2150 23
2151 27
2152 27
2153 26
2154 26
2155 24
2156 23
2157 24
2158 22
2159 25
2160 28
2161 21
2162 26
2163 28
2164 19
2165 28
2166 27
2167 29
2168 26
2169 22
2170 24
2171 22
2172 19
2173 18
2174 19
2175 16
2176 25
2177 20
2178 22
2179 25
2180 22
2181 20
2182 22
2183 26
2184 23
2185 17
2186 24
2187 23
2188 15
2189 19
2190 28
2191 16
2192 25
2193 27
2194 21
2195 20
2196 24
2197 29
2198 18
2199 18
2200 29
2201 26
2202 36
2203 27
2204 20
2205 26
2206 23
2207 23
2208 16
2209 13
2210 20
2211 25
2212 29
2213 25
2214 23
2215 17
2216 27
2217 33
2218 29
2219 26
2220 21
2221 20
2222 16
2223 22
2224 10
2225 22
2226 25
2227 15
2228 22
2229 17
2230 18
2231 20
2232 24
2233 20
2234 30
2235 26
2236 21
2237 16
2238 14
2239 20
2240 20
2241 14
2242 22
2243 19
2244 13
2245 17
2246 25
2247 31
2248 15
2249 26
2250 23
2251 11
2252 25
2253 28
2254 26
2255 16
2256 21
2257 14
2258 18
2259 17
2260 18
2261 22
2262 16
2263 18
2264 25
2265 24
2266 19
2267 16
2268 17
2269 19
2270 28
2271 18
2272 20
2273 13
2274 23
2275 14
2276 17
2277 25
2278 20
2279 16
2280 16
2281 22
2282 16
2283 23
2284 23
2285 19
2286 25
2287 15
2288 18
2289 14
2290 15
2291 13
2292 22
2293 15
2294 25
2295 22
2296 24
2297 18
2298 19
2299 20
2300 22
2301 15
2302 20
2303 10
2304 15
2305 22
2306 18
2307 18
2308 25
2309 14
2310 20
2311 23
2312 23
2313 14
2314 15
2315 18
2316 21
2317 31
2318 17
2319 20
2320 22
2321 26
2322 22
2323 20
2324 16
2325 20
2326 18
2327 19
2328 16
2329 13
2330 19
2331 19
2332 20
2333 13
2334 16
2335 13
2336 13
2337 16
2338 21
2339 14
2340 19
2341 22
2342 23
2343 19
2344 23
2345 25
2346 27
2347 15
2348 22
2349 17
2350 26
2351 16
2352 16
2353 10
2354 12
2355 21
2356 21
2357 13
2358 17
2359 21
2360 24
2361 22
2362 20
2363 17
2364 12
2365 16
2366 19
2367 13
2368 21
2369 20
2370 14
2371 11
2372 17
2373 14
2374 16
2375 16
2376 27
2377 14
2378 12
2379 21
2380 16
2381 25
2382 15
2383 26
2384 29
2385 14
2386 19
2387 11
2388 11
2389 20
2390 13
2391 16
2392 16
2393 21
2394 18
2395 15
2396 24
2397 25
2398 29
2399 27
2400 21
2401 26
2402 22
2403 21
2404 17
2405 12
2406 10
2407 23
2408 11
2409 21
2410 15
2411 8
2412 23
2413 17
2414 14
2415 18
2416 24
2417 22
2418 10
2419 20
2420 19
2421 20
2422 12
2423 22
2424 24
2425 17
2426 15
2427 24
2428 14
2429 20
2430 18
2431 18
2432 13
2433 14
2434 11
2435 24
2436 9
2437 11
2438 13
2439 20
2440 17
2441 18
2442 15
2443 17
2444 11
2445 13
2446 19
2447 8
2448 16
2449 12
2450 14
2451 20
2452 13
2453 17
2454 15
2455 15
2456 16
2457 15
2458 15
2459 13
2460 17
2461 20
2462 15
2463 19
2464 13
2465 14
2466 17
2467 22
2468 22
2469 22
2470 11
2471 17
2472 17
2473 14
2474 11
2475 14
2476 17
2477 14
2478 7
2479 21
2480 18
2481 14
2482 13
2483 17
2484 16
2485 22
2486 18
2487 20
2488 16
2489 9
2490 19
2491 16
2492 20
2493 11
2494 24
2495 14
2496 10
2497 13
2498 17
2499 21
2500 12
2501 16
2502 11
2503 14
2504 11
2505 13
2506 20
2507 18
2508 10
2509 17
2510 16
2511 14
2512 15
2513 17
2514 12
2515 15
2516 19
2517 11
2518 14
2519 16
2520 14
2521 9
2522 12
2523 19
2524 16
2525 14
2526 14
2527 12
2528 12
2529 9
2530 19
2531 14
2532 14
2533 13
2534 15
2535 16
2536 19
2537 13
2538 21
2539 15
2540 14
2541 13
2542 19
2543 18
2544 18
2545 10
2546 9
2547 12
2548 19
2549 18
2550 12
2551 24
2552 16
2553 14
2554 16
2555 14
2556 9
2557 9
2558 14
2559 16
2560 11
2561 13
2562 9
2563 13
2564 11
2565 19
2566 13
2567 16
2568 15
2569 17
2570 16
2571 16
2572 14
2573 8
2574 12
2575 21
2576 8
2577 17
2578 14
2579 12
2580 15
2581 18
2582 21
2583 15
2584 18
2585 20
2586 19
2587 9
2588 14
2589 11
2590 16
2591 14
2592 17
2593 17
2594 19
2595 12
2596 14
2597 20
2598 12
2599 12
2600 11
2601 15
2602 3
2603 13
2604 18
2605 14
2606 13
2607 13
2608 19
2609 17
2610 19
2611 16
2612 15
2613 13
2614 16
2615 13
2616 17
2617 11
2618 18
2619 15
2620 12
2621 13
2622 15
2623 16
2624 9
2625 19
2626 11
2627 13
2628 25
2629 18
2630 13
2631 13
2632 13
2633 16
2634 10
2635 19
2636 12
2637 15
2638 17
2639 11
2640 9
2641 21
2642 12
2643 12
2644 14
2645 13
2646 8
2647 16
2648 16
2649 14
2650 15
2651 14
2652 12
2653 17
2654 13
2655 17
2656 10
2657 26
2658 15
2659 18
2660 16
2661 10
2662 11
2663 15
2664 13
2665 19
2666 14
2667 12
2668 7
2669 15
2670 15
2671 10
2672 11
2673 18
2674 5
2675 13
2676 9
2677 12
2678 15
2679 16
2680 4
2681 11
2682 14
2683 14
2684 14
2685 14
2686 18
2687 14
2688 14
2689 12
2690 16
2691 14
2692 11
2693 13
2694 11
2695 15
2696 13
2697 15
2698 17
2699 13
2700 12
2701 14
2702 18
2703 23
2704 12
2705 25
2706 20
2707 13
2708 13
2709 13
2710 16
2711 14
2712 16
2713 14
2714 16
2715 9
2716 20
2717 14
2718 15
2719 10
2720 13
2721 18
2722 11
2723 7
2724 13
2725 10
2726 19
2727 12
2728 12
2729 18
2730 13
2731 15
2732 20
2733 21
2734 14
2735 17
2736 22
2737 12
2738 11
2739 14
2740 20
2741 10
2742 17
2743 11
2744 14
2745 15
2746 12
2747 10
2748 17
2749 14
2750 9
2751 17
2752 17
2753 21
2754 18
2755 10
2756 9
2757 7
2758 12
2759 21
2760 18
2761 17
2762 14
2763 19
2764 8
2765 21
2766 7
2767 19
2768 15
2769 14
2770 13
2771 20
2772 14
2773 16
2774 10
2775 14
2776 11
2777 15
2778 14
2779 14
2780 17
2781 12
2782 10
2783 7
2784 16
2785 10
2786 11
2787 17
2788 18
2789 15
2790 17
2791 11
2792 16
2793 20
2794 16
2795 16
2796 16
2797 12
2798 23
2799 11
2800 11
2801 18
2802 6
2803 15
2804 9
2805 15
2806 8
2807 18
2808 8
2809 20
2810 18
2811 15
2812 11
2813 24
2814 8
2815 17
2816 10
2817 19
2818 10
2819 13
2820 15
2821 13
2822 12
2823 18
2824 15
2825 13
2826 20
2827 11
2828 15
2829 15
2830 18
2831 27
2832 19
2833 19
2834 17
2835 22
2836 12
2837 17
2838 16
2839 14
2840 14
2841 18
2842 16
2843 20
2844 19
2845 17
2846 9
2847 17
2848 13
2849 9
2850 15
2851 10
2852 18
2853 18
2854 17
2855 21
2856 7
2857 12
2858 14
2859 21
2860 18
2861 15
2862 9
2863 17
2864 7
2865 13
2866 16
2867 19
2868 15
2869 14
2870 13
2871 17
2872 12
2873 12
2874 17
2875 12
2876 16
2877 12
2878 19
2879 13
2880 11
2881 19
2882 13
2883 16
2884 17
2885 12
2886 16
2887 13
2888 16
2889 15
2890 20
2891 13
2892 12
2893 14
2894 18
2895 16
2896 16
2897 17
2898 22
2899 17
2900 11
2901 14
2902 14
2903 10
2904 14
2905 12
2906 16
2907 17
2908 16
2909 16
2910 10
2911 10
2912 9
2913 8
2914 15
2915 21
2916 14
2917 14
2918 10
2919 13
2920 16
2921 7
2922 14
2923 11
2924 9
2925 21
2926 15
2927 14
2928 8
2929 10
2930 14
2931 12
2932 20
2933 12
2934 19
2935 14
2936 13
2937 9
2938 12
2939 11
2940 13
2941 17
2942 18
2943 15
2944 15
2945 15
2946 24
2947 14
2948 21
2949 14
2950 12
2951 18
2952 10
2953 16
2954 17
2955 13
2956 20
2957 13
2958 14
2959 19
2960 14
2961 13
2962 15
2963 15
2964 22
2965 15
2966 13
2967 17
2968 17
2969 8
2970 18
2971 12
2972 10
2973 5
2974 8
2975 14
2976 13
2977 11
2978 14
2979 17
2980 13
2981 13
2982 13
2983 18
2984 10
2985 25
2986 20
2987 10
2988 13
2989 16
2990 20
2991 12
2992 8
2993 21
2994 11
2995 13
2996 14
2997 6
2998 20
2999 14
3000 14
3001 16
3002 15
3003 23
3004 11
3005 12
3006 15
3007 14
3008 14
3009 9
3010 11
3011 18
3012 13
3013 17
3014 17
3015 16
3016 12
3017 15
3018 19
3019 16
3020 16
3021 14
3022 16
3023 17
3024 18
3025 13
3026 21
3027 15
3028 20
3029 15
3030 17
3031 21
3032 13
3033 26
3034 16
3035 10
3036 20
3037 13
3038 11
3039 14
3040 15
3041 11
3042 17
3043 15
3044 17
3045 12
3046 21
3047 10
3048 21
3049 17
3050 23
3051 16
3052 13
3053 17
3054 18
3055 12
3056 14
3057 25
3058 12
3059 13
3060 13
3061 12
3062 14
3063 18
3064 11
3065 9
3066 14
3067 24
3068 16
3069 20
3070 12
3071 15
3072 14
3073 20
3074 15
3075 16
3076 16
3077 11
3078 17
3079 13
3080 12
3081 14
3082 12
3083 14
3084 16
3085 16
3086 13
3087 16
3088 13
3089 29
3090 12
3091 16
3092 13
3093 14
3094 13
3095 14
3096 21
3097 17
3098 15
3099 11
3100 17
3101 12
3102 20
3103 21
3104 13
3105 21
3106 19
3107 16
3108 12
3109 17
3110 16
3111 18
3112 24
3113 22
3114 14
3115 19
3116 17
3117 16
3118 14
3119 15
3120 15
3121 16
3122 16
3123 20
3124 15
3125 12
3126 17
3127 15
3128 11
3129 15
3130 12
3131 15
3132 14
3133 18
3134 7
3135 19
3136 17
3137 17
3138 7
3139 13
3140 7
3141 11
3142 14
3143 7
3144 16
3145 13
3146 17
3147 11
3148 19
3149 14
3150 21
3151 8
3152 14
3153 8
3154 11
3155 11
3156 11
3157 12
3158 18
3159 17
3160 12
3161 14
3162 16
3163 15
3164 15
3165 11
3166 12
3167 20
3168 17
3169 14
3170 14
3171 12
3172 11
3173 16
3174 12
3175 18
3176 13
3177 17
3178 17
3179 15
3180 13
3181 12
3182 14
3183 20
3184 12
3185 16
3186 12
3187 18
3188 11
3189 15
3190 21
3191 15
3192 17
3193 14
3194 8
3195 21
3196 16
3197 19
3198 9
3199 18
3200 16
3201 14
3202 21
3203 19
3204 12
3205 13
3206 16
3207 7
3208 10
3209 22
3210 13
3211 13
3212 14
3213 12
3214 11
3215 12
3216 18
3217 16
3218 16
3219 16
3220 18
3221 16
3222 13
3223 11
3224 13
3225 16
3226 8
3227 13
3228 8
3229 18
3230 18
3231 18
3232 14
3233 18
3234 14
3235 20
3236 20
3237 11
3238 9
3239 18
3240 12
3241 21
3242 20
3243 25
3244 15
3245 10
3246 9
3247 19
3248 13
3249 13
3250 19
3251 21
3252 14
3253 12
3254 15
3255 16
3256 10
3257 15
3258 14
3259 15
3260 10
3261 14
3262 21
3263 17
3264 18
3265 9
3266 22
3267 14
3268 18
3269 18
3270 11
3271 9
3272 17
3273 8
3274 13
3275 8
3276 15
3277 25
3278 20
3279 11
3280 11
3281 19
3282 17
3283 14
3284 14
3285 22
3286 14
3287 16
3288 12
3289 26
3290 12
3291 15
3292 13
3293 13
3294 20
3295 17
3296 10
3297 18
3298 14
3299 12
3300 18
3301 19
3302 11
3303 19
3304 11
3305 14
3306 9
3307 8
3308 15
3309 16
3310 23
3311 22
3312 20
3313 14
3314 17
3315 15
3316 13
3317 16
3318 11
3319 16
3320 16
3321 16
3322 11
3323 15
3324 13
3325 13
3326 10
3327 14
3328 10
3329 16
3330 13
3331 16
3332 13
3333 16
3334 14
3335 13
3336 23
3337 21
3338 16
3339 14
3340 15
3341 9
3342 19
3343 15
3344 17
3345 11
3346 24
3347 19
3348 13
3349 12
3350 17
3351 11
3352 15
3353 18
3354 25
3355 16
3356 11
3357 22
3358 21
3359 12
3360 11
3361 13
3362 16
3363 19
3364 17
3365 12
3366 15
3367 17
3368 21
3369 16
3370 23
3371 19
3372 12
3373 10
3374 19
3375 11
3376 15
3377 16
3378 21
3379 13
3380 18
3381 15
3382 21
3383 14
3384 13
3385 14
3386 14
3387 17
3388 13
3389 17
3390 21
3391 21
3392 12
3393 17
3394 16
3395 21
3396 26
3397 20
3398 16
3399 18
3400 22
3401 12
3402 18
3403 16
3404 11
3405 14
3406 11
3407 16
3408 15
3409 25
3410 15
3411 18
3412 14
3413 15
3414 12
3415 23
3416 22
3417 12
3418 17
3419 15
3420 13
3421 7
3422 12
3423 23
3424 19
3425 17
3426 20
3427 17
3428 10
3429 21
3430 9
3431 16
3432 21
3433 17
3434 16
3435 21
3436 11
3437 18
3438 13
3439 15
3440 18
3441 12
3442 8
3443 19
3444 16
3445 17
3446 13
3447 16
3448 21
3449 13
3450 10
3451 17
3452 18
3453 16
3454 19
3455 14
3456 18
3457 14
3458 18
3459 16
3460 12
3461 16
3462 14
3463 24
3464 18
3465 15
3466 16
3467 18
3468 18
3469 11
3470 22
3471 15
3472 16
3473 20
3474 13
3475 15
3476 17
3477 13
3478 15
3479 14
3480 11
3481 18
3482 18
3483 20
3484 18
3485 15
3486 13
3487 17
3488 17
3489 15
3490 17
3491 21
3492 14
3493 17
3494 16
3495 14
3496 11
3497 13
3498 20
3499 15
3500 10
3501 10
3502 20
3503 17
3504 17
3505 12
3506 23
3507 15
3508 17
3509 13
3510 15
3511 20
3512 13
3513 13
3514 14
3515 17
3516 19
3517 19
3518 25
3519 18
3520 15
3521 18
3522 14
3523 19
3524 17
3525 12
3526 9
3527 16
3528 21
3529 22
3530 18
3531 12
3532 18
3533 19
3534 18
3535 19
3536 17
3537 12
3538 16
3539 21
3540 18
3541 11
3542 13
3543 9
3544 13
3545 22
3546 22
3547 13
3548 16
3549 13
3550 19
3551 16
3552 11
3553 13
3554 17
3555 12
3556 13
3557 16
3558 12
3559 19
3560 19
3561 20
3562 13
3563 13
3564 28
3565 22
3566 13
3567 14
3568 14
3569 21
3570 14
3571 17
3572 14
3573 11
3574 15
3575 17
3576 12
3577 15
3578 17
3579 14
3580 15
3581 17
3582 18
3583 11
3584 16
3585 15
3586 23
3587 13
3588 12
3589 10
3590 14
3591 28
3592 19
3593 17
3594 12
3595 16
3596 12
3597 15
3598 15
3599 12
3600 16
3601 15
3602 23
3603 10
3604 17
3605 15
3606 22
3607 17
3608 21
3609 15
3610 18
3611 17
3612 15
3613 13
3614 13
3615 20
3616 17
3617 16
3618 17
3619 17
3620 14
3621 19
3622 11
3623 22
3624 16
3625 15
3626 20
3627 14
3628 10
3629 17
3630 11
3631 8
3632 15
3633 17
3634 17
3635 13
3636 17
3637 11
3638 14
3639 12
3640 19
3641 13
3642 13
3643 16
3644 14
3645 24
3646 12
3647 8
3648 14
3649 9
3650 17
3651 10
3652 19
3653 7
3654 23
3655 16
3656 9
3657 12
3658 17
3659 19
3660 18
3661 15
3662 18
3663 19
3664 10
3665 8
3666 17
3667 17
3668 16
3669 17
3670 16
3671 12
3672 17
3673 18
3674 11
3675 14
3676 18
3677 13
3678 21
3679 14
3680 21
3681 12
3682 17
3683 10
3684 11
3685 17
3686 13
3687 18
3688 13
3689 13
3690 18
3691 9
3692 13
3693 10
3694 20
3695 14
3696 13
3697 14
3698 13
3699 18
3700 12
3701 13
3702 18
3703 20
3704 15
3705 11
3706 17
3707 12
3708 11
3709 13
3710 10
3711 16
3712 15
3713 16
3714 18
3715 20
3716 19
3717 16
3718 23
3719 14
3720 12
3721 12
3722 12
3723 14
3724 15
3725 18
3726 9
3727 14
3728 15
3729 14
3730 13
3731 20
3732 17
3733 11
3734 16
3735 20
3736 19
3737 16
3738 17
3739 15
3740 18
3741 9
3742 13
3743 13
3744 17
3745 18
3746 14
3747 12
3748 24
3749 17
3750 10
3751 11
3752 25
3753 14
3754 8
3755 15
3756 15
3757 11
3758 28
3759 11
3760 7
3761 13
3762 19
3763 16
3764 12
3765 7
3766 8
3767 7
3768 10
3769 16
3770 16
3771 9
3772 10
3773 17
3774 14
3775 18
3776 15
3777 8
3778 21
3779 16
3780 22
3781 7
3782 15
3783 16
3784 19
3785 16
3786 17
3787 10
3788 16
3789 18
3790 14
3791 10
3792 10
3793 21
3794 21
3795 19
3796 23
3797 19
3798 10
3799 18
3800 16
3801 19
3802 12
3803 14
3804 13
3805 17
3806 4
3807 20
3808 14
3809 13
3810 17
3811 18
3812 17
3813 9
3814 23
3815 12
3816 13
3817 17
3818 9
3819 14
3820 20
3821 16
3822 13
3823 19
3824 8
3825 13
3826 15
3827 16
3828 10
3829 16
3830 13
3831 9
3832 12
3833 11
3834 15
3835 12
3836 12
3837 12
3838 14
3839 14
3840 13
3841 21
3842 13
3843 10
3844 19
3845 11
3846 12
3847 13
3848 22
3849 17
3850 12
3851 16
3852 14
3853 14
3854 18
3855 19
3856 16
3857 16
3858 12
3859 15
3860 11
3861 19
3862 12
3863 21
3864 10
3865 15
3866 18
3867 13
3868 9
3869 14
3870 16
3871 22
3872 10
3873 13
3874 8
3875 12
3876 15
3877 12
3878 15
3879 12
3880 15
3881 15
3882 18
3883 14
3884 16
3885 12
3886 15
3887 18
3888 15
3889 14
3890 10
3891 9
3892 11
3893 16
3894 12
3895 15
3896 14
3897 18
3898 11
3899 16
3900 16
3901 20
3902 9
3903 13
3904 20
3905 13
3906 21
3907 14
3908 14
3909 14
3910 17
3911 13
3912 7
3913 18
3914 17
3915 19
3916 11
3917 16
3918 15
3919 17
3920 12
3921 12
3922 23
3923 16
3924 17
3925 14
3926 10
3927 11
3928 14
3929 15
3930 13
3931 11
3932 12
3933 11
3934 19
3935 15
3936 14
3937 15
3938 8
3939 9
3940 22
3941 17
3942 16
3943 15
3944 12
3945 11
3946 18
3947 13
3948 17
3949 23
3950 13
3951 11
3952 18
3953 12
3954 11
3955 20
3956 16
3957 13
3958 11
3959 20
3960 12
3961 14
3962 15
3963 9
3964 9
3965 17
3966 15
3967 16
3968 6
3969 11
3970 11
3971 10
3972 14
3973 18
3974 20
3975 10
3976 9
3977 10
3978 18
3979 6
3980 18
3981 22
3982 8
3983 6
3984 11
3985 16
3986 10
3987 23
3988 14
3989 12
3990 10
3991 17
3992 17
3993 13
3994 12
3995 14
3996 16
3997 13
3998 18
3999 14
4000 13
4001 12
4002 14
4003 14
4004 15
4005 9
4006 9
4007 11
4008 17
4009 24
4010 17
4011 15
4012 9
4013 6
4014 10
4015 13
4016 14
4017 11
4018 11
4019 10
4020 18
4021 17
4022 16
4023 16
4024 8
4025 13
4026 14
4027 19
4028 14
4029 11
4030 13
4031 12
4032 11
4033 17
4034 22
4035 19
4036 15
4037 20
4038 16
4039 7
4040 7
4041 10
4042 19
4043 9
4044 13
4045 15
4046 9
4047 11
4048 13
4049 11
4050 8
4051 15
4052 12
4053 24
4054 15
4055 10
4056 14
4057 11
4058 14
4059 11
4060 16
4061 10
4062 7
4063 13
4064 19
4065 17
4066 24
4067 13
4068 14
4069 15
4070 14
4071 7
4072 15
4073 18
4074 10
4075 10
4076 12
4077 13
4078 14
4079 13
4080 16
4081 13
4082 20
4083 10
4084 21
4085 14
4086 12
4087 11
4088 10
4089 16
4090 11
4091 10
4092 17
4093 11
4094 15
4095 11
4096 18
4097 18
4098 15
4099 14
4100 20
4101 16
4102 15
4103 17
4104 14
4105 12
4106 11
4107 13
4108 13
4109 11
4110 21
4111 11
4112 19
4113 11
4114 15
4115 13
4116 12
4117 12
4118 17
4119 12
4120 14
4121 17
4122 9
4123 19
4124 12
4125 13
4126 17
4127 5
4128 9
4129 22
4130 24
4131 10
4132 15
4133 11
4134 10
4135 12
4136 11
4137 18
4138 6
4139 6
4140 9
4141 12
4142 11
4143 10
4144 10
4145 12
4146 13
4147 8
4148 13
4149 11
4150 13
4151 18
4152 10
4153 11
4154 7
4155 4
4156 8
4157 10
4158 8
4159 19
4160 8
4161 11
4162 11
4163 15
4164 14
4165 13
4166 6
4167 12
4168 14
4169 15
4170 16
4171 9
4172 11
4173 9
4174 15
4175 12
4176 15
4177 11
4178 14
4179 8
4180 13
4181 17
4182 13
4183 15
4184 12
4185 14
4186 11
4187 15
4188 4
4189 15
4190 14
4191 9
4192 16
4193 5
4194 12
4195 11
4196 6
4197 8
4198 20
4199 10
4200 13
4201 6
4202 14
4203 11
4204 8
4205 11
4206 20
4207 11
4208 17
4209 23
4210 8
4211 15
4212 10
4213 10
4214 16
4215 14
4216 16
4217 12
4218 8
4219 9
4220 16
4221 15
4222 9
4223 17
4224 17
4225 12
4226 20
4227 14
4228 9
4229 9
4230 13
4231 10
4232 13
4233 17
4234 11
4235 16
4236 10
4237 12
4238 11
4239 20
4240 10
4241 9
4242 13
4243 9
4244 13
4245 14
4246 12
4247 18
4248 9
4249 5
4250 12
4251 14
4252 13
4253 8
4254 8
4255 9
4256 9
4257 5
4258 11
4259 14
4260 9
4261 10
4262 20
4263 17
4264 16
4265 17
4266 13
4267 15
4268 8
4269 10
4270 11
4271 15
4272 10
4273 8
4274 9
4275 13
4276 16
4277 14
4278 6
4279 9
4280 8
4281 11
4282 7
4283 10
4284 17
4285 13
4286 13
4287 10
4288 12
4289 12
4290 13
4291 12
4292 10
4293 7
4294 12
4295 10
4296 17
4297 13
4298 9
4299 17
4300 14
4301 15
4302 13
4303 3
4304 18
4305 16
4306 10
4307 9
4308 13
4309 15
4310 11
4311 8
4312 17
4313 14
4314 13
4315 12
4316 5
4317 16
4318 12
4319 20
4320 13
4321 14
4322 8
4323 9
4324 23
4325 12
4326 12
4327 11
4328 12
4329 15
4330 7
4331 16
4332 10
4333 7
4334 13
4335 11
4336 8
4337 16
4338 9
4339 11
4340 12
4341 16
4342 12
4343 10
4344 15
4345 9
4346 12
4347 8
4348 13
4349 17
4350 14
4351 14
4352 11
4353 8
4354 4
4355 19
4356 10
4357 15
4358 5
4359 11
4360 9
4361 15
4362 17
4363 8
4364 9
4365 17
4366 14
4367 9
4368 9
4369 16
4370 7
4371 15
4372 13
4373 14
4374 17
4375 9
4376 15
4377 9
4378 12
4379 12
4380 14
4381 8
4382 14
4383 13
4384 10
4385 17
4386 9
4387 9
4388 6
4389 15
4390 19
4391 14
4392 8
4393 14
4394 10
4395 14
4396 14
4397 12
4398 12
4399 11
4400 11
4401 11
4402 9
4403 13
4404 16
4405 18
4406 14
4407 10
4408 10
4409 7
4410 12
4411 14
4412 11
4413 13
4414 12
4415 10
4416 14
4417 9
4418 16
4419 12
4420 13
4421 10
4422 14
4423 12
4424 12
4425 13
4426 9
4427 15
4428 12
4429 11
4430 8
4431 9
4432 10
4433 10
4434 9
4435 8
4436 18
4437 14
4438 11
4439 7
4440 8
4441 10
4442 6
4443 9
4444 12
4445 15
4446 8
4447 8
4448 17
4449 8
4450 18
4451 9
4452 10
4453 15
4454 12
4455 10
4456 15
4457 9
4458 13
4459 11
4460 11
4461 5
4462 12
4463 13
4464 15
4465 13
4466 12
4467 18
4468 12
4469 12
4470 9
4471 10
4472 10
4473 5
4474 12
4475 15
4476 11
4477 11
4478 10
4479 9
4480 12
4481 7
4482 7
4483 12
4484 13
4485 10
4486 7
4487 6
4488 6
4489 17
4490 9
4491 9
4492 14
4493 13
4494 12
4495 9
4496 11
4497 5
4498 10
4499 9
4500 11
4501 12
4502 10
4503 7
4504 6
4505 8
4506 9
4507 16
4508 15
4509 13
4510 9
4511 11
4512 14
4513 8
4514 8
4515 13
4516 13
4517 13
4518 13
4519 9
4520 7
4521 14
4522 14
4523 6
4524 13
4525 11
4526 10
4527 7
4528 6
4529 12
4530 8
4531 11
4532 13
4533 10
4534 17
4535 11
4536 8
4537 9
4538 9
4539 9
4540 6
4541 8
4542 9
4543 8
4544 17
4545 8
4546 14
4547 9
4548 9
4549 13
4550 7
4551 10
4552 11
4553 14
4554 15
4555 11
4556 7
4557 12
4558 10
4559 11
4560 6
4561 12
4562 11
4563 16
4564 9
4565 12
4566 9
4567 10
4568 9
4569 7
4570 10
4571 16
4572 10
4573 7
4574 14
4575 9
4576 7
4577 14
4578 6
4579 8
4580 11
4581 8
4582 6
4583 6
4584 8
4585 13
4586 12
4587 13
4588 8
4589 14
4590 17
4591 13
4592 7
4593 9
4594 8
4595 15
4596 10
4597 12
4598 12
4599 13
4600 14
4601 15
4602 15
4603 15
4604 11
4605 9
4606 11
4607 7
4608 14
4609 6
4610 14
4611 3
4612 12
4613 9
4614 5
4615 13
4616 10
4617 7
4618 10
4619 9
4620 12
4621 7
4622 9
4623 17
4624 13
4625 12
4626 10
4627 9
4628 9
4629 8
4630 14
4631 11
4632 12
4633 16
4634 17
4635 9
4636 9
4637 10
4638 16
4639 9
4640 15
4641 12
4642 8
4643 5
4644 7
4645 9
4646 7
4647 9
4648 4
4649 9
4650 11
4651 12
4652 12
4653 15
4654 20
4655 10
4656 11
4657 8
4658 9
4659 3
4660 12
4661 11
4662 17
4663 1
4664 12
4665 11
4666 5
4667 9
4668 9
4669 5
4670 9
4671 8
4672 5
4673 7
4674 11
4675 8
4676 5
4677 11
4678 10
4679 11
4680 11
4681 11
4682 9
4683 10
4684 14
4685 7
4686 11
4687 11
4688 9
4689 14
4690 9
4691 9
4692 14
4693 10
4694 9
4695 12
4696 13
4697 9
4698 7
4699 11
4700 5
4701 7
4702 12
4703 6
4704 10
4705 6
4706 14
4707 12
4708 10
4709 9
4710 8
4711 9
4712 9
4713 10
4714 3
4715 6
4716 6
4717 3
4718 9
4719 8
4720 8
4721 8
4722 12
4723 11
4724 10
4725 6
4726 10
4727 11
4728 6
4729 11
4730 12
4731 4
4732 9
4733 9
4734 10
4735 5
4736 6
4737 14
4738 7
4739 8
4740 10
4741 9
4742 5
4743 12
4744 9
4745 8
4746 15
4747 8
4748 9
4749 7
4750 9
4751 12
4752 9
4753 8
4754 11
4755 7
4756 12
4757 12
4758 8
4759 5
4760 5
4761 8
4762 5
4763 7
4764 8
4765 10
4766 14
4767 12
4768 8
4769 10
4770 10
4771 11
4772 6
4773 8
4774 10
4775 8
4776 12
4777 15
4778 12
4779 10
4780 7
4781 9
4782 7
4783 6
4784 6
4785 6
4786 11
4787 12
4788 8
4789 16
4790 7
4791 3
4792 8
4793 14
4794 9
4795 10
4796 5
4797 9
4798 8
4799 6
4800 12
4801 12
4802 8
4803 13
4804 10
4805 10
4806 10
4807 7
4808 15
4809 4
4810 12
4811 5
4812 11
4813 11
4814 11
4815 13
4816 13
4817 7
4818 10
4819 9
4820 10
4821 11
4822 6
4823 6
4824 10
4825 9
4826 15
4827 10
4828 11
4829 8
4830 13
4831 9
4832 9
4833 13
4834 3
4835 8
4836 12
4837 11
4838 10
4839 6
4840 12
4841 5
4842 12
4843 7
4844 4
4845 7
4846 6
4847 13
4848 8
4849 11
4850 9
4851 8
4852 4
4853 12
4854 10
4855 12
4856 5
4857 11
4858 9
4859 5
4860 13
4861 9
4862 11
4863 3
4864 7
4865 6
4866 10
4867 11
4868 11
4869 7
4870 10
4871 8
4872 12
4873 12
4874 6
4875 9
4876 14
4877 9
4878 9
4879 11
4880 6
4881 5
4882 10
4883 11
4884 12
4885 3
4886 5
4887 8
4888 13
4889 11
4890 11
4891 5
4892 8
4893 8
4894 11
4895 3
4896 9
4897 8
4898 6
4899 5
4900 6
4901 12
4902 6
4903 11
4904 7
4905 6
4906 8
4907 7
4908 14
4909 9
4910 6
4911 6
4912 3
4913 3
4914 9
4915 14
4916 14
4917 9
4918 3
4919 13
4920 10
4921 8
4922 7
4923 4
4924 9
4925 7
4926 6
4927 13
4928 9
4929 10
4930 8
4931 7
4932 15
4933 6
4934 6
4935 7
4936 12
4937 7
4938 10
4939 10
4940 6
4941 13
4942 7
4943 7
4944 14
4945 4
4946 4
4947 8
4948 10
4949 6
4950 13
4951 7
4952 8
4953 9
4954 5
4955 6
4956 9
4957 8
4958 7
4959 7
4960 6
4961 6
4962 12
4963 7
4964 15
4965 8
4966 8
4967 7
4968 8
4969 10
4970 8
4971 6
4972 8
4973 8
4974 10
4975 8
4976 8
4977 8
4978 9
4979 4
4980 8
4981 9
4982 10
4983 12
4984 10
4985 7
4986 3
4987 7
4988 10
4989 13
4990 13
4991 15
4992 8
4993 9
4994 7
4995 9
4996 8
4997 16
4998 6
4999 7
5000 8
5001 7
5002 11
5003 6
5004 5
5005 11
5006 8
5007 2
5008 10
5009 5
5010 5
5011 9
5012 11
5013 8
5014 8
5015 13
5016 5
5017 10
5018 8
5019 12
5020 13
5021 11
5022 14
5023 9
5024 6
5025 12
5026 8
5027 8
5028 16
5029 6
5030 4
5031 4
5032 9
5033 12
5034 9
5035 8
5036 16
5037 7
5038 4
5039 3
5040 6
5041 8
5042 4
5043 9
5044 10
5045 5
5046 5
5047 11
5048 5
5049 6
5050 4
5051 11
5052 6
5053 8
5054 6
5055 9
5056 7
5057 15
5058 6
5059 11
5060 10
5061 9
5062 13
5063 13
5064 11
5065 9
5066 5
5067 5
5068 10
5069 11
5070 6
5071 6
5072 6
5073 3
5074 8
5075 4
5076 3
5077 6
5078 9
5079 4
5080 8
5081 13
5082 7
5083 11
5084 10
5085 9
5086 10
5087 10
5088 9
5089 7
5090 6
5091 8
5092 3
5093 7
5094 4
5095 7
5096 13
5097 3
5098 11
5099 7
5100 16
5101 9
5102 6
5103 6
5104 6
5105 6
5106 13
5107 7
5108 7
5109 8
5110 10
5111 12
5112 10
5113 8
5114 8
5115 8
5116 9
5117 7
5118 4
5119 5
5120 9
5121 10
5122 9
5123 10
5124 7
5125 5
5126 6
5127 9
5128 5
5129 11
5130 9
5131 11
5132 9
5133 7
5134 10
5135 5
5136 6
5137 8
5138 11
5139 9
5140 9
5141 9
5142 6
5143 10
5144 8
5145 5
5146 8
5147 10
5148 7
5149 9
5150 6
5151 4
5152 8
5153 11
5154 7
5155 9
5156 7
5157 6
5158 7
5159 8
5160 5
5161 5
5162 9
5163 9
5164 2
5165 6
5166 9
5167 9
5168 6
5169 6
5170 9
5171 10
5172 8
5173 9
5174 7
5175 10
5176 9
5177 8
5178 14
5179 8
5180 5
5181 7
5182 10
5183 4
5184 7
5185 10
5186 6
5187 6
5188 9
5189 12
5190 11
5191 13
5192 8
5193 7
5194 11
5195 12
5196 6
5197 4
5198 7
5199 8
5200 7
5201 8
5202 5
5203 5
5204 7
5205 7
5206 6
5207 5
5208 11
5209 4
5210 10
5211 6
5212 5
5213 7
5214 9
5215 7
5216 6
5217 3
5218 13
5219 9
5220 9
5221 8
5222 9
5223 7
5224 9
5225 8
5226 4
5227 10
5228 7
5229 10
5230 9
5231 7
5232 11
5233 7
5234 12
5235 5
5236 5
5237 3
5238 9
5239 9
5240 10
5241 6
5242 4
5243 8
5244 5
5245 12
5246 10
5247 7
5248 7
5249 8
5250 11
5251 6
5252 9
5253 9
5254 6
5255 5
5256 5
5257 7
5258 8
5259 7
5260 9
5261 11
5262 5
5263 8
5264 9
5265 4
5266 11
5267 2
5268 8
5269 3
5270 8
5271 7
5272 5
5273 9
5274 4
5275 10
5276 8
5277 8
5278 8
5279 6
5280 10
5281 6
5282 8
5283 5
5284 8
5285 10
5286 5
5287 5
5288 8
5289 11
5290 10
5291 6
5292 2
5293 9
5294 8
5295 3
5296 3
5297 5
5298 7
5299 4
5300 9
5301 9
5302 6
5303 7
5304 8
5305 7
5306 10
5307 7
5308 9
5309 7
5310 10
5311 4
5312 5
5313 9
5314 6
5315 8
5316 8
5317 5
5318 9
5319 6
5320 9
5321 9
5322 9
5323 11
5324 10
5325 6
5326 4
5327 9
5328 4
5329 11
5330 5
5331 2
5332 6
5333 5
5334 11
5335 7
5336 4
5337 5
5338 7
5339 11
5340 6
5341 10
5342 7
5343 6
5344 6
5345 5
5346 7
5347 8
5348 6
5349 6
5350 7
5351 8
5352 9
5353 6
5354 9
5355 10
5356 6
5357 6
5358 6
5359 3
5360 6
5361 9
5362 6
5363 10
5364 7
5365 6
5366 4
5367 10
5368 7
5369 8
5370 8
5371 8
5372 8
5373 1
5374 7
5375 5
5376 9
5377 5
5378 4
5379 10
5380 12
5381 6
5382 5
5383 6
5384 8
5385 8
5386 6
5387 5
5388 4
5389 2
5390 11
5391 6
5392 7
5393 10
5394 4
5395 10
5396 8
5397 8
5398 8
5399 9
5400 8
5401 4
5402 6
5403 5
5404 8
5405 1
5406 7
5407 5
5408 7
5409 7
5410 7
5411 6
5412 7
5413 5
5414 5
5415 10
5416 7
5417 8
5418 7
5419 4
5420 11
5421 4
5422 4
5423 6
5424 10
5425 8
5426 9
5427 10
5428 10
5429 9
5430 10
5431 5
5432 8
5433 8
5434 6
5435 6
5436 8
5437 6
5438 7
5439 6
5440 2
5441 11
5442 7
5443 8
5444 8
5445 10
5446 6
5447 7
5448 5
5449 4
5450 3
5451 7
5452 7
5453 5
5454 7
5455 4
5456 8
5457 5
5458 8
5459 7
5460 6
5461 2
5462 8
5463 7
5464 8
5465 8
5466 6
5467 9
5468 12
5469 6
5470 5
5471 6
5472 10
5473 8
5474 7
5475 3
5476 7
5477 7
5478 10
5479 6
5480 7
5481 5
5482 6
5483 3
5484 7
5485 2
5486 5
5487 8
5488 8
5489 4
5490 8
5491 6
5492 5
5493 9
5494 7
5495 3
5496 5
5497 8
5498 8
5499 7
5500 5
5501 5
5502 11
5503 4
5504 13
5505 9
5506 10
5507 6
5508 10
5509 2
5510 4
5511 8
5512 7
5513 8
5514 6
5515 3
5516 3
5517 10
5518 5
5519 9
5520 5
5521 4
5522 4
5523 7
5524 6
5525 9
5526 5
5527 6
5528 9
5529 8
5530 3
5531 10
5532 1
5533 6
5534 9
5535 5
5536 3
5537 3
5538 6
5539 9
5540 3
5541 5
5542 6
5543 3
5544 3
5545 9
5546 5
5547 7
5548 1
5549 8
5550 2
5551 2
5552 6
5553 11
5554 7
5555 2
5556 3
5557 7
5558 8
5559 5
5560 2
5561 2
5562 6
5563 1
5564 6
5565 7
5566 4
5567 11
5568 5
5569 6
5570 3
5571 7
5572 9
5573 8
5574 2
5575 9
5576 5
5577 5
5578 4
5579 8
5580 5
5581 4
5582 7
5583 5
5584 7
5585 7
5586 4
5587 6
5588 5
5589 7
5590 1
5591 7
5592 8
5593 7
5594 2
5595 10
5596 5
5597 4
5598 4
5599 12
5600 3
5601 9
5602 12
5603 7
5604 4
5605 9
5606 6
5607 5
5608 5
5609 7
5610 3
5611 4
5612 9
5613 3
5614 4
5615 8
5616 5
5617 4
5618 8
5619 3
5620 8
5621 7
5622 9
5623 6
5624 7
5625 7
5626 2
5627 8
5628 2
5629 4
5630 6
5631 8
5632 5
5633 5
5634 3
5635 7
5636 3
5637 14
5638 9
5639 4
5640 5
5641 7
5642 5
5643 9
5644 7
5645 7
5646 1
5647 4
5648 3
5649 3
5650 10
5651 10
5652 8
5653 7
5654 7
5655 2
5656 5
5657 6
5658 4
5659 8
5660 7
5661 6
5662 5
5663 7
5664 12
5665 7
5666 4
5667 10
5668 5
5669 9
5670 8
5671 2
5672 2
5673 8
5674 6
5675 5
5676 12
5677 6
5678 9
5679 8
5680 8
5681 5
5682 7
5683 8
5684 4
5685 4
5686 8
5687 4
5688 6
5689 4
5690 7
5691 5
5692 7
5693 5
5694 7
5695 4
5696 5
5697 4
5698 7
5699 2
5700 3
5701 8
5702 5
5703 3
5704 9
5705 7
5706 10
5707 4
5708 6
5709 10
5710 4
5711 7
5712 4
5713 3
5714 4
5715 8
5716 8
5717 2
5718 7
5719 2
5720 8
5721 6
5722 4
5723 5
5724 3
5725 6
5726 8
5727 8
5728 5
5729 4
5730 3
5731 7
5732 6
5733 3
5734 7
5735 8
5736 4
5737 5
5738 5
5739 2
5740 7
5741 5
5742 7
5743 10
5744 12
5745 5
5746 12
5747 9
5748 10
5749 5
5750 4
5751 5
5752 4
5753 5
5754 8
5755 11
5756 8
5757 9
5758 5
5759 5
5760 8
5761 3
5762 7
5763 7
5764 5
5765 9
5766 5
5767 5
5768 4
5769 7
5770 4
5771 6
5772 8
5773 5
5774 4
5775 4
5776 3
5777 3
5778 6
5779 7
5780 4
5781 6
5782 3
5783 5
5784 7
5785 3
5786 9
5787 5
5788 11
5789 4
5790 4
5791 4
5792 4
5793 6
5794 3
5795 7
5796 5
5797 7
5798 7
5799 9
5800 4
5801 6
5802 3
5803 6
5804 7
5805 4
5806 4
5807 8
5808 4
5809 6
5810 1
5811 6
5812 5
5813 6
5814 7
5815 4
5816 5
5817 5
5818 5
5819 7
5820 7
5821 8
5822 6
5823 6
5824 7
5825 7
5826 10
5827 3
5828 8
5829 10
5830 10
5831 6
5832 11
5833 11
5834 8
5835 6
5836 5
5837 6
5838 9
5839 6
5840 4
5841 4
5842 6
5843 6
5844 6
5845 1
5846 7
5847 4
5848 3
5849 6
5850 4
5851 2
5852 7
5853 3
5854 2
5855 4
5856 4
5857 4
5858 5
5859 4
5860 2
5861 6
5862 3
5863 5
5864 4
5865 4
5866 6
5867 3
5868 2
5869 3
5870 6
5871 8
5872 9
5873 8
5874 6
5875 9
5876 6
5877 1
5878 1
5879 6
5880 8
5881 7
5882 3
5883 9
5884 6
5885 2
5886 7
5887 2
5888 3
5889 9
5890 5
5891 7
5892 10
5893 4
5894 5
5895 4
5896 7
5897 8
5898 7
5899 3
5900 7
5901 5
5902 4
5903 4
5904 5
5905 3
5906 5
5907 6
5908 3
5909 2
5910 3
5911 5
5912 4
5913 5
5914 5
5915 5
5916 2
5917 4
5918 7
5919 3
5920 5
5921 6
5922 4
5923 7
5924 9
5925 3
5926 5
5927 3
5928 5
5929 5
5930 2
5931 5
5932 2
5933 4
5934 3
5935 5
5936 3
5937 4
5938 6
5939 4
5940 5
5941 3
5942 1
5943 6
5944 5
5945 8
5946 6
5947 1
5948 5
5949 7
5950 3
5951 9
5952 2
5953 3
5954 4
5955 5
5956 6
5957 4
5958 7
5959 1
5960 2
5961 4
5962 6
5963 4
5964 5
5965 7
5966 7
5967 5
5968 3
5969 8
5970 5
5971 8
5972 4
5973 5
5974 5
5975 8
5976 7
5977 11
5978 6
5979 5
5980 4
5981 6
5982 7
5983 5
5984 7
5985 5
5986 8
5987 8
5988 4
5989 3
5990 4
5991 8
5992 5
5993 7
5994 5
5995 1
5996 8
5997 7
5998 12
5999 9
6000 9
6001 12
6002 3
6003 6
6004 7
6005 2
6006 5
6007 7
6008 4
6009 4
6010 4
6011 8
6012 4
6013 3
6014 6
6015 5
6016 6
6017 6
6018 3
6019 5
6020 5
6021 3
6022 3
6023 4
6024 6
6025 7
6026 8
6027 4
6028 5
6029 7
6030 4
6031 7
6032 3
6033 6
6034 6
6035 6
6037 4
6038 3
6039 5
6040 5
6041 10
6042 3
6043 8
6044 4
6045 9
6046 3
6047 8
6048 4
6049 9
6051 6
6052 9
6053 5
6054 9
6055 2
6056 7
6057 8
6058 5
6059 3
6060 6
6061 3
6062 8
6063 3
6064 4
6065 9
6066 6
6067 1
6068 4
6069 4
6070 7
6071 4
6072 2
6073 5
6074 4
6075 8
6076 7
6077 3
6078 4
6079 2
6080 6
6081 4
6082 2
6083 7
6084 1
6085 5
6086 4
6087 7
6088 4
6089 7
6090 2
6091 3
6092 4
6093 4
6094 6
6095 4
6096 6
6097 4
6098 2
6099 2
6100 11
6101 4
6102 4
6103 8
6104 4
6105 7
6106 4
6107 11
6108 6
6109 7
6110 6
6111 5
6112 3
6113 4
6114 5
6115 5
6116 5
6117 6
6118 3
6119 2
6120 3
6121 6
6122 5
6123 11
6124 7
6125 3
6126 6
6127 7
6129 7
6130 1
6131 7
6132 3
6133 5
6134 5
6135 5
6136 8
6137 5
6138 8
6139 11
6140 5
6141 3
6142 4
6143 3
6144 2
6145 6
6146 4
6147 4
6148 4
6149 4
6150 3
6151 5
6152 5
6153 9
6154 4
6155 9
6156 3
6157 7
6158 3
6159 5
6160 2
6161 4
6162 6
6163 5
6164 2
6165 7
6166 7
6167 2
6168 5
6169 3
6170 5
6171 3
6172 6
6173 6
6174 9
6175 2
6176 3
6177 4
6178 2
6179 1
6180 5
6181 2
6182 4
6183 4
6184 7
6185 4
6186 7
6187 2
6188 8
6189 8
6190 5
6191 3
6192 3
6193 5
6194 10
6195 5
6196 1
6197 8
6198 6
6199 3
6200 2
6201 5
6202 1
6203 3
6204 7
6205 4
6206 4
6207 3
6208 4
6209 4
6210 3
6211 7
6212 6
6213 6
6214 4
6215 4
6216 4
6217 3
6218 2
6219 2
6220 10
6221 1
6222 4
6223 6
6224 4
6225 5
6226 3
6227 1
6228 4
6229 4
6230 4
6231 5
6232 5
6233 2
6234 2
6235 3
6236 3
6237 7
6238 2
6239 5
6240 2
6241 7
6242 3
6243 4
6244 7
6245 4
6246 2
6247 6
6248 4
6249 3
6250 5
6251 8
6252 7
6253 8
6254 2
6255 4
6256 5
6257 5
6258 2
6259 3
6260 4
6261 3
6262 5
6263 3
6264 4
6265 3
6266 5
6267 5
6268 2
6269 4
6270 4
6271 5
6272 10
6273 3
6274 9
6275 4
6276 4
6277 4
6278 4
6279 5
6280 5
6281 3
6282 4
6283 2
6284 2
6285 4
6286 4
6287 4
6288 3
6289 3
6290 7
6291 3
6292 3
6293 5
6294 2
6295 5
6296 7
6297 3
6298 6
6299 6
6300 3
6301 3
6302 6
6303 4
6304 4
6305 5
6306 4
6307 2
6308 4
6309 5
6310 4
6311 3
6312 3
6313 2
6314 3
6315 1
6316 5
6317 3
6318 7
6319 2
6320 7
6321 3
6322 3
6323 3
6324 5
6325 6
6326 4
6327 3
6328 4
6329 3
6330 9
6331 3
6332 6
6333 3
6334 4
6335 5
6336 5
6337 7
6338 6
6339 3
6340 3
6341 4
6342 3
6343 6
6344 3
6345 5
6346 6
6347 5
6348 7
6349 3
6350 4
6351 3
6352 4
6353 5
6354 4
6355 4
6356 1
6357 5
6358 4
6359 3
6360 2
6361 5
6362 7
6363 5
6364 6
6365 3
6367 6
6368 5
6369 2
6370 3
6371 5
6372 6
6373 5
6374 5
6375 3
6376 4
6377 4
6378 3
6379 1
6380 3
6381 4
6382 4
6383 10
6384 7
6385 5
6386 4
6387 4
6388 6
6389 7
6391 5
6392 6
6393 8
6394 6
6395 6
6396 3
6397 5
6398 2
6399 3
6400 3
6401 4
6402 4
6403 8
6404 1
6405 4
6406 5
6407 6
6408 9
6409 7
6410 7
6411 7
6413 3
6414 3
6415 7
6416 6
6417 6
6418 2
6419 5
6420 3
6421 2
6422 5
6423 6
6424 4
6425 3
6426 2
6427 3
6428 3
6429 5
6430 5
6431 1
6432 4
6433 8
6434 5
6435 6
6436 6
6437 3
6438 2
6439 4
6440 3
6441 4
6442 3
6443 8
6444 2
6445 3
6446 7
6448 4
6449 5
6451 3
6452 3
6453 2
6454 2
6455 5
6456 4
6457 2
6458 1
6459 2
6460 7
6461 2
6462 7
6463 5
6464 1
6465 2
6466 3
6467 2
6468 7
6469 6
6470 6
6471 7
6472 3
6473 3
6474 4
6475 2
6476 3
6477 3
6478 2
6479 1
6480 3
6481 3
6482 5
6483 2
6484 4
6485 2
6486 3
6487 2
6488 9
6489 4
6490 4
6491 1
6492 6
6493 3
6494 4
6495 3
6496 7
6497 4
6498 4
6499 5
6500 4
6501 2
6502 4
6503 6
6504 2
6505 2
6506 2
6507 3
6508 4
6509 4
6510 2
6511 5
6512 3
6513 6
6514 5
6515 7
6516 2
6517 1
6518 4
6519 3
6520 5
6521 2
6522 4
6523 4
6524 7
6525 4
6526 7
6527 1
6528 1
6529 5
6530 2
6531 3
6532 3
6533 3
6534 4
6535 3
6536 6
6537 2
6538 3
6539 1
6540 3
6541 3
6542 3
6543 3
6544 7
6545 2
6546 4
6547 3
6548 8
6549 4
6550 6
6551 3
6553 6
6554 7
6555 2
6556 2
6557 7
6558 1
6559 8
6560 2
6561 6
6562 3
6563 4
6564 6
6565 4
6567 5
6568 4
6569 5
6570 4
6571 2
6572 6
6573 2
6574 4
6575 2
6576 1
6577 1
6578 5
6579 3
6580 1
6581 9
6582 3
6583 2
6584 1
6585 4
6586 4
6587 7
6588 5
6589 1
6590 4
6591 2
6592 2
6593 3
6594 6
6595 4
6596 4
6597 7
6598 8
6599 5
6600 4
6601 5
6602 3
6603 2
6604 3
6605 4
6606 3
6607 2
6608 3
6609 3
6610 3
6611 1
6612 8
6613 6
6614 2
6615 7
6616 5
6617 7
6618 1
6619 3
6620 6
6621 4
6622 5
6623 3
6624 6
6625 1
6626 3
6627 3
6628 3
6629 4
6630 4
6631 4
6632 3
6633 8
6634 6
6635 4
6636 3
6637 4
6638 2
6639 2
6640 3
6641 3
6642 2
6643 3
6645 4
6646 3
6647 6
6648 2
6649 1
6650 3
6651 7
6652 5
6653 1
6654 5
6655 6
6656 5
6657 4
6658 2
6660 3
6662 5
6663 5
6664 5
6665 2
6666 4
6667 4
6668 6
6669 8
6670 5
6671 5
6672 3
6673 7
6674 1
6675 5
6676 4
6677 1
6678 5
6679 7
6680 5
6681 3
6682 2
6683 2
6684 4
6685 3
6686 2
6687 4
6688 5
6689 4
6690 3
6691 2
6692 11
6693 5
6694 2
6695 1
6696 2
6697 5
6698 3
6699 3
6700 1
6701 4
6702 8
6703 3
6704 3
6705 3
6706 5
6707 4
6708 2
6709 2
6710 2
6711 5
6712 4
6713 2
6714 4
6715 4
6716 5
6717 4
6718 5
6719 4
6720 3
6721 3
6723 4
6724 4
6725 5
6726 3
6728 3
6729 3
6730 3
6731 4
6732 4
6733 8
6734 5
6735 2
6736 1
6737 5
6738 3
6739 4
6740 1
6741 4
6742 6
6743 2
6744 3
6745 1
6746 3
6747 2
6748 6
6749 8
6750 3
6751 1
6752 3
6753 7
6754 5
6755 2
6756 5
6757 4
6758 3
6759 4
6760 5
6761 4
6762 4
6763 4
6764 3
6765 3
6766 2
6767 4
6768 4
6769 4
6770 3
6771 5
6772 4
6773 4
6774 4
6775 3
6776 3
6777 5
6778 3
6779 3
6780 5
6781 6
6782 7
6783 1
6784 6
6785 6
6786 1
6787 5
6788 2
6789 5
6790 5
6791 2
6792 2
6793 3
6794 2
6795 1
6796 2
6797 3
6798 2
6799 5
6800 3
6801 2
6802 1
6803 1
6804 6
6805 2
6806 1
6807 6
6808 2
6809 4
6810 1
6811 5
6812 1
6813 1
6814 5
6815 4
6817 3
6818 2
6819 4
6820 3
6821 6
6822 3
6823 3
6824 4
6825 2
6826 3
6827 4
6828 7
6829 5
6830 3
6831 1
6832 1
6833 4
6834 1
6835 6
6836 1
6837 3
6838 2
6839 2
6840 3
6841 4
6842 6
6843 2
6844 1
6845 4
6846 2
6847 4
6848 8
6849 3
6850 3
6851 1
6852 1
6853 5
6854 4
6855 2
6856 4
6857 3
6858 4
6859 2
6860 6
6861 1
6862 4
6863 4
6864 5
6865 4
6866 4
6867 3
6868 2
6869 2
6872 5
6873 6
6874 8
6875 6
6876 5
6877 2
6878 5
6879 4
6880 1
6881 2
6882 5
6883 2
6884 5
6885 1
6886 4
6887 4
6888 1
6889 8
6891 5
6892 4
6893 6
6894 5
6895 2
6896 4
6897 2
6898 2
6899 2
6900 5
6901 2
6902 4
6903 3
6904 5
6905 3
6906 3
6907 5
6908 4
6909 3
6910 7
6911 7
6912 1
6913 3
6914 4
6915 5
6916 2
6917 5
6918 1
6919 4
6920 3
6921 2
6922 5
6923 6
6924 3
6925 5
6927 5
6928 7
6929 2
6930 3
6931 1
6932 1
6933 3
6934 4
6935 9
6937 3
6938 4
6939 1
6940 3
6941 5
6942 3
6943 4
6944 3
6945 5
6946 4
6947 3
6948 2
6949 6
6950 3
6951 2
6952 1
6953 2
6954 3
6955 3
6956 2
6957 3
6958 1
6959 2
6960 2
6961 2
6962 1
6963 3
6964 3
6965 3
6966 2
6967 2
6968 1
6969 4
6970 2
6971 2
6972 3
6973 1
6974 3
6975 4
6976 3
6977 2
6978 4
6979 4
6980 5
6981 1
6982 4
6983 2
6984 2
6985 5
6986 3
6987 2
6988 5
6989 2
6990 5
6992 2
6993 3
6994 3
6995 3
6996 3
6997 5
6998 5
6999 1
7000 3
7001 3
7002 4
7003 1
7004 2
7005 4
7006 2
7007 5
7008 3
7009 3
7010 1
7011 2
7012 2
7013 2
7014 1
7015 3
7016 1
7017 5
7018 7
7019 4
7020 1
7021 2
7022 5
7023 3
7024 3
7025 3
7026 4
7027 2
7028 4
7029 4
7030 1
7031 3
7032 4
7033 4
7034 1
7035 3
7036 4
7037 3
7038 2
7039 3
7040 2
7041 2
7042 3
7043 3
7044 2
7045 1
7046 3
7047 1
7048 2
7049 2
7050 5
7051 1
7052 1
7053 3
7054 2
7055 4
7056 4
7057 2
7058 3
7059 2
7060 1
7061 8
7062 2
7063 2
7064 1
7065 2
7066 1
7067 2
7068 5
7069 4
7070 6
7071 4
7072 3
7073 1
7074 3
7075 2
7077 2
7079 2
7080 3
7081 1
7082 2
7083 4
7084 3
7085 3
7086 4
7087 1
7088 1
7089 1
7090 2
7091 3
7092 4
7093 2
7095 5
7096 2
7097 2
7098 4
7099 3
7100 1
7101 2
7102 1
7103 1
7104 1
7105 2
7106 3
7107 3
7108 2
7109 2
7110 4
7111 5
7112 5
7113 3
7114 2
7115 3
7116 3
7118 5
7119 2
7120 3
7121 5
7122 1
7123 3
7124 4
7125 7
7127 1
7128 2
7129 4
7130 1
7131 2
7132 2
7133 3
7135 3
7136 2
7137 3
7138 4
7139 1
7140 2
7142 3
7143 1
7144 3
7145 4
7146 1
7147 4
7148 2
7149 1
7150 6
7151 3
7152 1
7153 1
7154 3
7155 3
7156 3
7158 3
7159 2
7160 3
7161 1
7162 3
7163 5
7164 3
7165 4
7166 4
7167 4
7168 5
7169 3
7170 1
7171 5
7173 2
7174 2
7175 4
7176 2
7177 1
7178 3
7179 4
7180 3
7181 2
7182 4
7183 3
7184 2
7185 4
7186 4
7187 3
7188 4
7189 3
7190 2
7191 2
7192 2
7193 2
7194 4
7195 2
7196 5
7197 3
7198 1
7199 2
7200 1
7201 1
7203 1
7204 3
7205 3
7206 1
7207 1
7208 3
7210 1
7211 5
7212 1
7213 2
7214 4
7215 2
7216 2
7217 3
7218 5
7219 5
7220 4
7221 2
7222 3
7223 2
7224 2
7225 1
7226 5
7227 2
7228 1
7230 3
7231 2
7232 2
7233 3
7234 5
7236 2
7237 5
7238 3
7239 3
7240 2
7241 4
7242 1
7243 2
7244 2
7245 1
7246 1
7247 5
7248 2
7249 1
7250 1
7251 5
7252 2
7253 7
7254 5
7255 3
7256 4
7257 2
7258 2
7259 3
7260 2
7261 4
7262 1
7263 3
7264 3
7265 5
7266 6
7267 2
7268 1
7271 4
7272 3
7273 4
7274 6
7275 2
7276 6
7277 3
7278 1
7279 1
7280 3
7281 2
7282 3
7285 2
7286 2
7287 2
7289 4
7291 2
7292 3
7293 5
7295 2
7297 4
7298 3
7299 1
7300 3
7301 3
7302 4
7303 2
7304 2
7305 2
7306 3
7307 3
7308 3
7309 2
7310 1
7311 3
7312 3
7313 1
7314 6
7315 3
7316 2
7317 1
7318 1
7319 3
7320 1
7321 1
7322 3
7323 1
7324 4
7325 3
7327 7
7329 5
7330 3
7331 5
7332 5
7333 1
7334 1
7335 4
7336 2
7337 4
7338 2
7339 3
7340 1
7341 6
7342 2
7343 1
7344 2
7345 2
7346 1
7347 1
7348 2
7349 2
7350 5
7351 1
7352 4
7354 3
7355 1
7356 2
7357 2
7358 2
7359 1
7360 3
7361 4
7362 2
7363 4
7364 1
7365 1
7366 5
7367 3
7369 1
7370 2
7371 3
7372 2
7373 2
7374 1
7375 2
7376 1
7378 1
7379 3
7380 3
7382 2
7385 4
7386 2
7387 2
7389 2
7391 5
7392 2
7393 2
7394 3
7395 4
7396 4
7397 5
7398 3
7399 2
7400 3
7401 3
7402 1
7403 2
7404 3
7405 2
7406 3
7407 1
7408 1
7409 3
7410 3
7411 2
7412 1
7413 2
7414 2
7415 2
7416 2
7417 1
7418 1
7419 2
7420 2
7421 2
7422 2
7423 5
7424 1
7425 1
7426 2
7427 1
7428 4
7429 2
7430 5
7431 3
7432 1
7433 2
7434 6
7436 1
7437 3
7438 1
7439 2
7440 1
7441 2
7442 2
7443 2
7444 2
7445 2
7446 3
7447 1
7448 2
7449 1
7450 2
7451 3
7452 5
7453 3
7454 2
7455 1
7456 1
7457 2
7458 5
7459 1
7460 3
7462 4
7463 2
7465 4
7466 3
7467 1
7468 3
7470 2
7471 1
7472 1
7473 2
7474 1
7475 1
7476 2
7477 2
7478 2
7480 2
7481 6
7482 2
7483 3
7484 4
7485 3
7486 2
7487 3
7488 2
7490 2
7491 3
7492 5
7493 3
7494 2
7495 2
7496 3
7497 1
7498 6
7499 2
7500 3
7501 2
7502 1
7503 2
7504 3
7505 3
7506 4
7507 2
7508 2
7509 3
7510 2
7512 1
7514 4
7515 1
7516 3
7517 4
7519 4
7520 3
7521 3
7522 1
7523 4
7524 2
7525 1
7526 3
7527 2
7528 2
7529 2
7531 1
7532 1
7533 3
7534 3
7535 1
7536 3
7537 1
7538 1
7539 4
7540 3
7541 1
7542 1
7543 2
7544 3
7545 3
7546 2
7547 3
7548 1
7549 1
7550 2
7552 2
7553 4
7554 4
7555 1
7557 1
7558 1
7560 5
7561 2
7563 4
7564 2
7565 2
7566 2
7567 2
7568 1
7569 2
7570 2
7571 5
7572 3
7573 2
7574 2
7575 3
7576 5
7577 1
7579 6
7580 3
7581 1
7582 4
7583 2
7584 4
7585 4
7586 5
7587 4
7588 2
7589 1
7590 5
7591 3
7592 2
7593 4
7594 1
7595 1
7596 2
7597 1
7598 2
7599 1
7600 3
7601 3
7604 3
7605 4
7606 4
7607 2
7608 1
7609 1
7610 1
7611 1
7612 5
7613 2
7615 1
7616 2
7617 3
7618 2
7619 2
7621 1
7622 4
7623 3
7624 1
7625 4
7626 4
7628 4
7629 2
7630 3
7631 2
7633 3
7634 2
7635 3
7638 2
7639 2
7640 1
7642 3
7643 3
7644 1
7645 1
7646 2
7649 3
7650 3
7651 2
7652 1
7653 1
7654 1
7655 5
7656 1
7657 3
7658 3
7659 2
7660 1
7662 1
7663 3
7664 2
7665 2
7666 2
7667 1
7668 5
7670 4
7671 2
7672 3
7673 2
7674 1
7675 2
7676 3
7677 5
7678 4
7679 1
7680 5
7682 4
7683 3
7684 1
7685 1
7686 1
7688 2
7689 3
7690 3
7691 4
7692 3
7693 4
7694 2
7696 2
7697 1
7699 3
7700 2
7702 1
7704 3
7705 2
7706 2
7707 4
7708 2
7709 2
7710 1
7711 2
7712 1
7714 3
7715 2
7716 2
7717 3
7718 5
7719 3
7720 1
7722 3
7723 2
7724 2
7726 2
7727 1
7729 1
7730 3
7731 2
7734 2
7735 5
7736 1
7737 1
7739 6
7740 1
7741 3
7742 4
7743 5
7744 1
7746 3
7748 1
7749 1
7750 3
7753 3
7754 1
7755 3
7756 2
7757 5
7758 4
7759 4
7760 4
7761 3
7762 1
7763 3
7764 3
7768 3
7770 2
7771 1
7772 2
7773 2
7776 1
7777 1
7778 3
7779 2
7780 1
7781 2
7783 2
7784 2
7785 5
7786 3
7787 2
7788 2
7789 2
7790 2
7791 1
7792 2
7793 2
7794 1
7795 3
7796 2
7797 2
7798 1
7799 2
7800 2
7801 4
7803 1
7804 4
7805 1
7806 3
7807 4
7809 2
7810 3
7811 1
7812 4
7813 1
7815 1
7816 3
7817 2
7819 2
7820 2
7821 2
7822 1
7823 2
7824 3
7825 2
7827 1
7828 2
7829 1
7830 2
7831 2
7832 1
7833 3
7834 1
7835 2
7836 2
7837 3
7838 1
7839 2
7840 2
7841 3
7842 4
7843 2
7846 1
7847 3
7848 1
7849 1
7850 3
7851 2
7852 2
7853 1
7854 2
7855 2
7856 2
7857 3
7858 3
7860 2
7861 2
7862 1
7863 5
7864 1
7865 2
7866 2
7867 1
7868 4
7871 4
7874 3
7875 2
7876 2
7878 3
7879 5
7880 4
7881 1
7882 1
7883 1
7884 2
7885 1
7886 2
7887 2
7888 1
7889 2
7891 4
7892 1
7893 1
7894 4
7895 3
7896 3
7897 3
7898 2
7899 3
7900 1
7901 2
7902 3
7903 2
7904 6
7906 4
7907 2
7908 4
7909 5
7910 3
7911 2
7912 3
7913 4
7915 2
7916 3
7917 4
7918 1
7919 3
7920 2
7921 2
7922 2
7923 1
7924 2
7925 3
7926 2
7927 3
7928 3
7929 2
7931 1
7932 1
7933 1
7934 2
7935 1
7936 3
7937 2
7938 4
7939 3
7940 2
7941 1
7942 2
7943 2
7944 1
7945 1
7946 3
7947 1
7948 2
7949 1
7950 2
7951 3
7952 1
7953 1
7954 3
7955 1
7956 3
7957 1
7958 1
7959 1
7960 1
7961 3
7962 3
7963 2
7965 1
7966 5
7967 3
7968 2
7969 3
7971 2
7972 1
7973 2
7974 1
7975 3
7976 2
7977 1
7980 4
7981 3
7982 1
7984 3
7985 1
7986 2
7987 5
7988 2
7989 4
7990 4
7991 3
7992 1
7993 2
7994 2
7995 1
7996 5
7998 2
7999 1
8000 2
8001 1
8002 3
8003 3
8004 1
8006 2
8008 1
8009 4
8010 3
8011 4
8012 1
8013 1
8014 3
8016 3
8017 1
8018 2
8019 3
8020 4
8021 2
8022 2
8023 2
8024 4
8025 2
8027 1
8028 2
8030 2
8031 5
8033 4
8034 3
8035 3
8036 1
8037 1
8038 1
8039 2
8040 2
8041 3
8042 4
8043 2
8044 2
8045 2
8046 2
8047 3
8048 2
8049 1
8050 1
8051 6
8052 1
8053 1
8054 2
8055 1
8056 1
8057 3
8058 2
8059 1
8060 4
8061 2
8062 2
8063 3
8064 2
8065 3
8066 3
8068 3
8069 2
8071 1
8072 3
8073 3
8074 3
8075 2
8076 3
8077 3
8078 1
8079 1
8081 2
8082 1
8083 1
8084 3
8085 1
8086 1
8087 3
8088 1
8089 1
8090 3
8091 1
8092 1
8093 2
8094 7
8095 5
8096 1
8097 3
8098 3
8099 3
8100 2
8101 1
8103 4
8104 2
8106 4
8107 1
8108 2
8109 2
8110 1
8111 3
8112 1
8113 1
8114 4
8115 1
8116 2
8117 2
8118 3
8120 1
8122 2
8123 1
8126 4
8127 2
8128 3
8129 1
8130 2
8131 1
8132 3
8135 1
8136 1
8137 2
8138 2
8139 2
8144 4
8145 2
8146 3
8147 1
8148 1
8149 1
8150 4
8151 2
8154 1
8155 1
8156 4
8157 3
8158 2
8159 1
8161 1
8162 1
8163 1
8164 5
8166 2
8168 1
8170 3
8171 1
8172 2
8173 2
8175 1
8177 1
8178 3
8179 2
8180 1
8182 2
8183 1
8184 2
8186 1
8187 1
8189 2
8190 4
8191 1
8192 2
8193 3
8194 2
8196 2
8197 1
8198 3
8199 1
8200 2
8201 2
8202 1
8203 4
8204 2
8205 2
8206 1
8209 1
8210 1
8211 3
8212 1
8213 4
8214 6
8216 4
8217 3
8219 1
8220 2
8221 1
8222 4
8223 1
8227 3
8228 1
8229 2
8230 2
8231 1
8232 1
8233 1
8234 2
8235 1
8237 3
8238 2
8239 2
8241 3
8242 1
8243 4
8244 1
8245 1
8246 2
8247 4
8248 2
8249 2
8251 2
8252 1
8253 2
8254 2
8255 3
8256 1
8257 3
8258 1
8259 2
8260 2
8262 3
8263 1
8264 2
8265 1
8267 3
8268 2
8269 1
8271 1
8272 2
8274 3
8275 3
8276 2
8277 2
8278 2
8279 1
8280 3
8281 3
8282 3
8283 2
8285 3
8288 1
8289 1
8290 1
8292 1
8293 1
8294 2
8295 1
8296 3
8297 2
8298 2
8299 2
8300 2
8301 2
8302 2
8303 1
8304 2
8305 1
8306 1
8307 2
8308 3
8310 3
8311 1
8312 1
8313 2
8314 2
8315 3
8316 2
8317 1
8318 1
8319 2
8320 3
8321 1
8322 2
8323 2
8324 3
8325 2
8327 3
8329 1
8330 1
8331 1
8335 1
8336 4
8337 3
8338 1
8339 1
8340 1
8341 2
8342 2
8343 2
8344 2
8348 6
8349 2
8350 3
8351 2
8352 6
8353 3
8354 1
8355 1
8356 2
8357 2
8358 1
8359 2
8360 2
8361 1
8362 4
8363 2
8364 2
8365 2
8366 3
8367 1
8368 2
8370 2
8371 2
8373 2
8374 1
8375 4
8377 2
8378 2
8379 2
8381 2
8382 5
8383 1
8384 2
8385 1
8386 3
8387 1
8389 1
8390 1
8391 3
8392 1
8393 2
8396 2
8397 1
8398 4
8400 1
8401 1
8402 1
8403 1
8404 1
8406 1
8407 2
8408 1
8409 3
8410 1
8412 1
8415 2
8416 1
8417 2
8419 1
8420 2
8421 1
8422 1
8424 2
8425 2
8427 1
8428 5
8429 1
8430 1
8433 1
8434 2
8435 3
8436 4
8437 2
8438 1
8439 1
8440 3
8442 2
8443 1
8444 1
8447 1
8449 1
8450 3
8451 2
8452 2
8454 4
8455 3
8456 1
8457 1
8458 4
8461 3
8462 2
8463 1
8464 1
8466 1
8468 1
8469 3
8470 1
8471 3
8473 1
8474 2
8475 1
8476 3
8478 1
8479 3
8480 2
8482 1
8484 1
8486 1
8487 3
8488 1
8489 3
8490 1
8491 2
8492 2
8493 2
8494 2
8497 2
8498 2
8499 3
8501 1
8502 1
8503 2
8504 1
8506 1
8508 4
8509 1
8510 1
8514 1
8516 1
8517 1
8518 2
8519 1
8520 1
8521 2
8522 2
8523 3
8524 2
8525 3
8527 1
8528 2
8529 1
8530 6
8531 1
8532 1
8533 1
8534 1
8535 4
8536 2
8537 3
8538 1
8540 2
8541 2
8543 1
8544 1
8545 3
8546 3
8547 2
8548 1
8550 2
8551 4
8552 1
8553 2
8554 1
8557 2
8558 2
8559 2
8560 2
8561 1
8563 1
8564 1
8566 2
8567 1
8568 1
8570 1
8571 2
8572 1
8573 5
8577 1
8578 1
8579 1
8580 3
8582 1
8584 1
8585 3
8587 1
8589 1
8593 3
8594 2
8597 4
8599 4
8600 2
8601 2
8603 4
8604 1
8605 3
8607 1
8608 2
8609 2
8610 4
8611 2
8614 2
8615 2
8616 5
8617 1
8621 2
8623 1
8624 3
8626 1
8627 1
8629 1
8630 2
8631 3
8632 1
8634 3
8635 4
8636 1
8637 1
8638 2
8639 5
8641 1
8644 1
8645 1
8646 1
8647 1
8648 1
8649 5
8652 1
8653 1
8654 1
8655 1
8656 2
8657 2
8658 3
8659 2
8660 5
8661 2
8662 1
8663 3
8664 1
8665 3
8666 2
8667 1
8669 3
8671 3
8673 1
8675 1
8677 1
8678 1
8679 2
8680 1
8681 1
8684 1
8686 1
8687 1
8690 1
8691 3
8692 3
8693 1
8694 3
8695 2
8696 1
8697 1
8698 2
8699 3
8700 2
8702 2
8706 2
8710 1
8711 2
8712 2
8713 1
8714 1
8715 1
8716 1
8717 1
8718 1
8720 1
8721 3
8722 1
8723 2
8724 2
8725 1
8726 1
8727 1
8728 1
8729 1
8731 2
8732 3
8733 2
8734 2
8735 1
8736 2
8739 2
8741 2
8742 4
8743 1
8746 1
8747 2
8748 1
8749 1
8750 2
8751 1
8752 1
8753 1
8755 1
8756 2
8757 2
8763 2
8764 2
8767 5
8768 2
8769 1
8770 2
8771 1
8772 1
8773 2
8774 1
8775 1
8776 2
8777 2
8778 4
8779 1
8780 2
8781 1
8782 1
8783 3
8784 1
8785 2
8786 2
8787 2
8788 2
8790 1
8791 1
8793 5
8794 5
8796 1
8797 1
8798 1
8800 1
8802 2
8804 1
8805 1
8806 1
8807 3
8810 1
8811 1
8812 1
8813 2
8814 3
8815 1
8816 3
8819 1
8820 1
8821 1
8822 1
8824 1
8825 1
8826 2
8828 3
8829 4
8830 1
8831 2
8832 1
8833 1
8834 1
8838 3
8839 5
8840 1
8844 2
8845 1
8847 1
8848 4
8849 1
8850 1
8852 1
8853 1
8854 2
8855 1
8858 2
8859 1
8860 3
8861 2
8862 1
8863 2
8864 1
8865 1
8867 2
8869 1
8870 2
8871 1
8872 2
8874 1
8875 2
8876 1
8877 1
8878 3
8879 2
8880 1
8881 3
8882 1
8883 5
8885 1
8886 1
8887 3
8888 2
8889 2
8890 4
8892 2
8893 2
8898 1
8899 1
8900 1
8901 2
8903 3
8904 2
8905 1
8906 1
8907 1
8908 2
8909 1
8911 1
8913 1
8915 1
8916 3
8918 1
8919 2
8920 1
8922 1
8923 2
8924 1
8925 1
8926 1
8927 1
8930 1
8932 1
8933 2
8935 2
8937 1
8938 1
8940 1
8941 3
8942 2
8943 1
8944 1
8945 2
8946 1
8947 1
8948 2
8949 1
8950 2
8952 2
8953 3
8954 1
8957 4
8959 1
8960 2
8961 1
8962 1
8963 3
8964 3
8965 1
8966 1
8967 3
8969 2
8970 2
8974 1
8975 2
8978 2
8981 1
8983 1
8984 2
8986 1
8988 2
8989 1
8990 2
8991 1
8992 2
8993 1
8994 1
8995 3
8997 1
9000 3
9001 1
9002 1
9004 1
9006 1
9007 1
9009 1
9010 1
9013 3
9014 1
9015 1
9016 1
9017 1
9018 1
9019 1
9020 1
9021 1
9023 2
9024 1
9025 1
9026 2
9028 1
9030 1
9031 1
9032 3
9033 1
9034 1
9035 2
9036 2
9038 2
9041 1
9044 1
9045 1
9046 1
9048 2
9049 2
9050 2
9052 2
9053 2
9054 2
9055 2
9056 1
9057 1
9060 3
9061 2
9062 1
9063 1
9064 2
9066 1
9068 2
9069 2
9070 1
9071 1
9072 3
9073 3
9074 2
9075 2
9076 1
9077 1
9078 1
9081 3
9082 2
9084 1
9085 1
9087 1
9088 1
9090 1
9092 2
9093 1
9094 3
9097 4
9099 2
9100 1
9104 1
9105 4
9106 3
9107 3
9108 1
9109 2
9110 2
9112 1
9113 3
9115 1
9116 1
9117 1
9118 1
9120 1
9122 1
9125 1
9126 1
9127 1
9128 1
9131 1
9132 1
9133 2
9135 2
9136 1
9139 4
9140 2
9143 2
9144 3
9145 2
9146 1
9147 1
9148 3
9149 2
9151 2
9152 2
9153 1
9154 1
9155 1
9156 1
9159 1
9160 1
9161 1
9164 2
9168 2
9169 1
9172 1
9173 1
9174 1
9176 2
9177 2
9178 4
9179 2
9180 2
9181 3
9183 1
9184 3
9185 2
9186 1
9189 2
9190 2
9193 1
9194 1
9195 1
9196 3
9197 1
9198 2
9199 1
9200 2
9205 1
9206 1
9207 3
9209 1
9211 1
9212 1
9213 2
9214 1
9215 2
9216 2
9218 1
9221 2
9222 1
9224 1
9225 1
9226 1
9227 1
9228 2
9229 1
9230 1
9231 1
9232 3
9233 2
9236 1
9238 1
9239 2
9240 1
9241 1
9242 1
9244 1
9245 1
9246 2
9247 2
9249 2
9254 1
9256 1
9257 1
9258 1
9259 2
9260 2
9261 3
9262 1
9264 1
9265 1
9267 1
9269 2
9270 3
9272 3
9273 2
9274 2
9275 1
9277 2
9278 1
9279 1
9280 4
9281 1
9282 1
9285 1
9287 1
9290 1
9291 2
9292 1
9295 1
9299 2
9300 3
9301 1
9302 2
9305 1
9306 1
9307 2
9308 1
9311 2
9312 3
9313 1
9314 1
9315 1
9316 1
9317 1
9321 1
9322 1
9325 2
9326 2
9327 1
9328 1
9329 1
9333 1
9334 1
9335 1
9337 3
9338 1
9339 1
9340 2
9341 1
9344 2
9345 1
9347 2
9348 1
9349 1
9350 1
9352 2
9355 1
9356 1
9357 1
9359 3
9360 1
9361 1
9364 1
9365 2
9366 2
9368 1
9371 2
9372 1
9373 1
9374 1
9375 1
9377 2
9378 1
9380 1
9381 1
9382 4
9384 1
9387 2
9388 1
9389 2
9393 2
9394 1
9395 1
9397 1
9398 1
9401 1
9404 1
9408 1
9409 2
9410 3
9412 3
9413 1
9414 3
9415 1
9418 2
9421 1
9422 1
9423 1
9425 1
9426 1
9428 1
9429 1
9433 2
9434 1
9435 1
9436 2
9438 1
9441 1
9443 1
9444 2
9446 1
9447 2
9449 2
9450 1
9451 1
9453 3
9454 1
9455 2
9456 1
9458 1
9460 1
9461 1
9462 2
9463 3
9464 1
9466 1
9468 1
9469 1
9470 2
9472 2
9473 1
9476 1
9477 2
9479 2
9480 2
9484 1
9486 5
9487 1
9488 1
9489 2
9490 1
9492 2
9493 2
9494 1
9495 3
9497 2
9498 2
9499 1
9500 1
9501 1
9506 1
9508 1
9511 1
9512 5
9514 2
9515 2
9517 1
9518 2
9523 2
9524 2
9529 1
9531 2
9533 3
9534 1
9535 1
9536 2
9538 1
9542 2
9543 1
9544 1
9547 2
9548 1
9549 3
9550 2
9552 2
9554 1
9558 1
9559 1
9561 1
9562 2
9566 1
9567 2
9571 1
9573 2
9574 1
9575 1
9577 3
9578 2
9579 1
9580 1
9583 3
9584 4
9585 1
9586 1
9588 2
9590 1
9594 3
9597 1
9598 4
9599 1
9600 1
9601 3
9602 1
9603 1
9606 1
9607 1
9612 1
9613 1
9614 2
9615 1
9617 1
9618 1
9621 1
9622 1
9623 1
9625 1
9626 4
9627 2
9628 2
9630 1
9631 2
9632 1
9633 1
9636 1
9639 1
9640 1
9641 1
9648 1
9649 1
9651 2
9652 1
9653 1
9654 1
9656 1
9659 1
9660 1
9663 2
9664 2
9666 1
9667 1
9669 1
9670 2
9671 1
9672 1
9673 1
9674 1
9675 1
9676 1
9677 2
9678 1
9680 2
9683 2
9687 1
9688 2
9689 1
9690 1
9691 1
9693 3
9694 1
9695 1
9698 1
9699 1
9701 1
9703 3
9705 2
9706 1
9708 1
9711 1
9715 1
9716 1
9719 1
9721 1
9724 1
9725 1
9728 1
9731 1
9732 2
9733 1
9735 1
9736 1
9738 2
9740 1
9741 2
9742 1
9743 1
9744 1
9746 2
9748 1
9749 1
9750 1
9751 1
9752 1
9753 1
9754 1
9756 1
9758 1
9759 1
9760 1
9763 1
9764 1
9766 1
9769 1
9770 1
9771 2
9772 1
9773 2
9775 1
9776 1
9780 1
9781 1
9783 1
9784 1
9786 1
9787 1
9789 1
9790 1
9795 2
9798 1
9800 3
9801 2
9803 1
9806 1
9807 2
9810 1
9811 1
9812 1
9813 1
9815 1
9816 1
9817 1
9820 1
9823 1
9824 1
9826 2
9829 2
9834 1
9836 1
9837 1
9838 2
9841 1
9842 3
9843 1
9844 1
9845 2
9848 2
9849 3
9851 1
9852 1
9853 1
9855 1
9859 1
9860 1
9861 2
9865 2
9873 1
9875 1
9879 1
9880 4
9881 1
9882 1
9883 2
9886 1
9887 1
9888 1
9889 1
9890 2
9894 1
9895 1
9897 2
9898 1
9899 2
9900 1
9905 1
9906 1
9910 2
9913 1
9916 3
9920 1
9921 1
9922 2
9923 1
9925 2
9929 1
9932 1
9934 2
9935 1
9942 1
9945 1
9947 1
9949 2
9953 1
9954 1
9955 1
9956 3
9957 1
9959 2
9961 1
9962 1
9963 1
9964 1
9965 1
9967 3
9970 1
9973 1
9975 2
9976 2
9977 1
9978 1
9980 2
9982 2
9984 1
9987 1
9991 2
9992 1
9993 1
9994 2
9997 1
9999 1
10002 1
10003 1
10004 1
10005 2
10006 1
10007 1
10008 1
10011 1
10012 1
10014 1
10016 1
10017 2
10019 2
10021 3
10023 1
10025 2
10030 1
10031 1
10032 1
10033 1
10034 1
10035 2
10038 1
10040 1
10042 1
10043 2
10044 1
10045 3
10046 1
10047 3
10048 1
10049 1
10050 1
10052 2
10055 2
10058 1
10059 2
10060 2
10063 2
10065 1
10066 1
10067 1
10068 1
10071 1
10074 1
10075 1
10076 1
10078 1
10079 2
10080 2
10081 1
10082 1
10083 2
10085 1
10087 2
10088 1
10090 1
10092 1
10093 2
10094 1
10097 1
10099 1
10101 1
10102 1
10103 1
10105 1
10106 1
10109 1
10110 2
10111 1
10112 1
10114 1
10115 1
10117 1
10118 2
10120 1
10122 2
10123 1
10126 1
10127 3
10129 2
10130 3
10131 1
10133 1
10135 2
10136 3
10139 1
10140 1
10141 1
10142 1
10144 2
10145 1
10148 1
10149 1
10154 3
10155 1
10158 1
10161 2
10162 1
10165 1
10169 2
10173 2
10175 1
10176 2
10180 1
10181 1
10182 1
10192 2
10193 1
10196 1
10198 2
10200 1
10203 3
10207 1
10208 1
10210 1
10211 2
10215 1
10216 1
10217 1
10218 1
10219 1
10221 1
10229 2
10234 2
10235 1
10237 2
10238 1
10242 1
10245 2
10247 1
10249 1
10252 1
10256 2
10257 2
10261 1
10263 2
10264 1
10271 1
10272 1
10274 1
10275 1
10278 1
10279 1
10281 3
10283 1
10284 1
10285 1
10287 1
10288 1
10289 1
10291 1
10292 1
10293 1
10298 2
10299 1
10301 1
10302 1
10305 1
10306 2
10310 1
10312 1
10313 1
10319 1
10324 1
10327 1
10329 1
10333 2
10334 1
10337 1
10341 1
10343 1
10345 1
10349 1
10350 1
10354 1
10358 1
10362 1
10364 1
10367 1
10372 1
10373 1
10374 1
10378 1
10379 2
10380 1
10382 2
10383 2
10384 1
10389 1
10395 1
10397 1
10400 1
10402 1
10403 1
10404 1
10406 1
10408 1
10410 1
10411 2
10417 2
10418 2
10419 1
10420 1
10421 1
10422 1
10425 2
10429 1
10431 1
10432 1
10434 1
10435 1
10436 1
10437 1
10438 1
10439 1
10441 2
10442 1
10444 1
10446 1
10449 1
10450 1
10451 1
10452 1
10454 1
10455 2
10458 1
10462 1
10466 1
10469 1
10470 1
10473 1
10477 2
10478 1
10480 1
10486 1
10491 1
10495 1
10496 1
10497 1
10500 1
10501 1
10503 1
10504 1
10506 1
10507 3
10508 1
10511 1
10512 2
10514 1
10515 1
10519 1
10520 1
10521 1
10525 1
10526 4
10528 1
10530 1
10535 1
10536 1
10537 1
10538 1
10540 1
10544 1
10547 1
10550 1
10551 1
10555 1
10556 1
10557 2
10558 1
10562 2
10563 1
10565 3
10566 1
10572 1
10575 1
10576 1
10580 1
10581 2
10585 1
10587 2
10589 2
10591 2
10592 1
10594 2
10595 1
10600 2
10602 1
10605 1
10606 2
10607 1
10613 1
10614 2
10622 3
10624 1
10626 1
10633 1
10637 1
10642 1
10646 1
10648 2
10649 1
10653 2
10654 2
10657 2
10658 1
10659 1
10660 1
10661 1
10662 1
10672 1
10673 1
10674 1
10675 1
10677 1
10683 1
10688 2
10692 1
10693 2
10694 1
10697 1
10699 1
10700 1
10710 1
10713 1
10719 3
10720 3
10721 1
10727 1
10732 3
10733 1
10734 1
10736 2
10738 1
10744 1
10745 1
10746 1
10751 1
10752 1
10754 1
10755 1
10757 1
10758 1
10765 1
10770 1
10771 1
10774 1
10775 3
10776 3
10777 4
10782 2
10783 1
10785 2
10787 1
10788 2
10789 1
10791 1
10792 1
10793 1
10794 2
10795 1
10796 1
10797 1
10805 1
10807 2
10811 1
10812 2
10816 1
10817 1
10818 1
10824 1
10830 1
10837 1
10840 1
10846 1
10847 2
10852 1
10856 1
10857 1
10860 1
10862 1
10863 1
10865 1
10873 2
10874 1
10875 1
10879 1
10880 1
10887 4
10888 1
10890 1
10891 1
10893 1
10896 3
10900 2
10901 1
10903 1
10906 2
10908 1
10912 1
10916 1
10919 1
10921 1
10922 3
10929 1
10931 1
10934 2
10936 2
10937 1
10941 1
10944 1
10945 1
10948 2
10949 3
10952 1
10953 1
10954 2
10961 1
10966 1
10967 1
10972 2
10973 1
10975 1
10977 1
10979 2
10981 1
10986 1
10989 2
10993 1
10999 2
11003 1
11005 1
11006 1
11007 1
11010 1
11011 1
11016 1
11017 1
11018 1
11021 1
11022 1
11023 1
11027 2
11035 1
11037 1
11038 2
11039 1
11046 1
11048 2
11049 1
11053 1
11060 1
11062 1
11063 1
11064 1
11072 1
11074 1
11078 2
11080 1
11087 1
11094 1
11095 1
11097 1
11099 1
11100 1
11102 1
11110 1
11111 3
11117 1
11123 1
11126 2
11128 1
11130 2
11133 1
11134 2
11142 2
11143 2
11145 2
11147 2
11152 1
11155 1
11156 1
11158 2
11159 2
11162 1
11163 1
11166 1
11167 2
11175 2
11178 1
11179 1
11180 1
11181 1
11182 1
11184 1
11186 1
11188 1
11190 1
11192 1
11197 1
11199 2
11203 1
11205 1
11207 1
11208 1
11210 2
11212 1
11215 1
11216 1
11222 1
11223 1
11224 1
11226 1
11228 1
11233 1
11234 1
11236 1
11237 1
11242 1
11243 1
11247 2
11248 1
11250 1
11255 2
11256 1
11257 1
11261 2
11262 1
11263 1
11266 1
11267 2
11268 1
11272 1
11275 1
11276 2
11277 1
11279 1
11282 1
11285 3
11288 1
11291 1
11301 1
11308 1
11310 1
11311 1
11312 1
11314 2
11315 1
11320 2
11324 1
11328 1
11329 1
11330 1
11331 1
11332 1
11337 1
11339 1
11340 1
11342 1
11343 2
11346 1
11347 1
11352 1
11356 1
11360 2
11362 2
11363 1
11365 1
11367 1
11370 1
11372 1
11373 1
11374 2
11376 2
11377 1
11378 2
11381 1
11382 1
11383 1
11385 1
11387 1
11388 1
11390 1
11397 1
11398 1
11400 1
11403 1
11405 1
11409 1
11410 2
11423 1
11424 1
11430 1
11431 1
11442 1
11448 1
11451 1
11452 1
11455 1
11456 1
11459 1
11461 1
11471 1
11475 1
11477 1
11482 1
11489 1
11490 1
11491 1
11495 1
11501 1
11502 1
11505 1
11506 2
11527 1
11529 1
11531 1
11532 1
11535 2
11539 1
11541 1
11546 1
11548 1
11549 2
11559 1
11560 1
11561 1
11565 1
11566 1
11570 3
11571 1
11573 1
11574 1
11575 1
11577 2
11585 1
11588 1
11592 1
11598 1
11599 2
11604 1
11608 2
11613 1
11623 1
11631 1
11633 3
11635 1
11637 1
11639 1
11641 3
11642 1
11643 1
11647 1
11651 1
11655 1
11656 2
11661 2
11665 2
11676 1
11679 1
11680 1
11681 1
11685 2
11687 1
11692 2
11694 3
11698 1
11700 1
11701 1
11704 1
11705 1
11709 1
11714 1
11719 1
11721 2
11723 1
11726 1
11729 1
11730 1
11731 4
11740 1
11742 2
11746 1
11747 1
11751 1
11756 1
11759 1
11760 1
11763 1
11773 1
11777 1
11778 1
11779 2
11787 3
11792 1
11793 2
11794 1
11796 1
11798 1
11799 1
11802 1
11804 1
11808 1
11810 1
11812 1
11814 1
11817 1
11818 1
11819 1
11820 1
11821 1
11823 1
11827 1
11835 1
11839 1
11843 2
11845 1
11848 1
11850 1
11857 2
11858 1
11861 1
11863 2
11864 1
11869 1
11870 1
11874 2
11877 1
11883 1
11886 1
11910 1
11913 1
11920 1
11924 2
11931 2
11934 3
11938 1
11940 1
11941 1
11952 1
11954 2
11957 1
11959 1
11960 1
11966 2
11967 3
11969 1
11971 1
11975 3
11977 1
11987 1
11988 1
11990 1
11992 1
12012 2
12015 1
12022 1
12024 2
12027 1
12030 2
12040 1
12047 1
12048 1
12051 2
12053 2
12054 1
12056 2
12059 1
12067 1
12068 1
12074 1
12078 1
12079 1
12083 1
12085 1
12088 1
12089 1
12097 1
12103 1
12104 1
12106 1
12108 1
12109 1
12114 1
12115 1
12119 1
12123 1
12128 1
12129 1
12132 1
12136 1
12137 1
12141 1
12152 1
12156 1
12158 1
12172 2
12179 2
12181 1
12182 2
12187 1
12189 1
12203 1
12204 1
12205 1
12211 1
12212 1
12214 1
12217 2
12219 2
12223 1
12234 2
12237 1
12242 1
12244 2
12246 2
12249 1
12251 1
12255 1
12257 1
12263 2
12274 1
12277 1
12279 1
12280 1
12282 1
12302 2
12305 1
12308 2
12309 1
12313 2
12320 1
12324 1
12328 1
12330 1
12332 1
12333 2
12337 1
12341 1
12343 1
12344 1
12353 1
12354 1
12355 1
12357 1
12371 1
12372 1
12377 1
12379 1
12380 1
12382 1
12385 1
12388 1
12394 1
12396 1
12410 1
12414 1
12417 1
12422 1
12423 1
12425 1
12428 2
12431 1
12439 1
12444 1
12447 1
12448 2
12452 1
12457 1
12459 1
12463 2
12467 1
12469 1
12476 1
12478 1
12479 1
12483 1
12485 1
12498 1
12500 2
12501 1
12503 1
12507 1
12513 1
12519 1
12521 1
12523 1
12528 1
12531 2
12540 1
12542 1
12550 1
12555 1
12557 1
12571 1
12574 1
12576 1
12580 1
12581 1
12587 1
12589 1
12590 1
12593 1
12606 1
12611 1
12613 1
12628 1
12634 1
12643 1
12648 1
12658 1
12664 1
12665 1
12666 1
12670 1
12676 1
12680 1
12683 1
12686 1
12687 1
12688 1
12696 1
12699 1
12707 1
12711 1
12714 1
12727 1
12728 1
12731 1
12736 1
12741 1
12746 1
12751 1
12752 2
12760 2
12762 1
12763 1
12779 1
12781 1
12783 1
12794 1
12797 2
12799 1
12828 1
12839 1
12841 2
12850 1
12852 1
12864 1
12868 1
12870 1
12872 1
12879 1
12881 1
12883 2
12884 1
12885 1
12888 1
12891 1
12904 1
12934 1
12935 1
12938 1
12945 1
12957 1
12962 1
12965 2
12966 1
12967 1
12969 1
12971 1
12978 1
12990 1
12998 1
13003 1
13008 1
13012 1
13014 1
13015 1
13022 1
13028 1
13029 1
13031 1
13032 1
13033 1
13034 1
13038 1
13040 1
13041 1
13043 1
13051 1
13053 1
13059 1
13060 1
13062 1
13064 1
13071 1
13074 1
13077 1
13080 1
13110 1
13129 2
13132 1
13140 1
13143 1
13148 1
13157 1
13162 1
13171 1
13173 1
13175 1
13177 2
13186 1
13193 1
13194 1
13196 1
13198 2
13199 1
13218 1
13219 1
13229 1
13232 1
13234 1
13244 1
13246 1
13253 2
13256 1
13260 1
13267 1
13268 1
13269 1
13272 1
13273 1
13276 1
13279 1
13291 1
13305 2
13306 1
13314 1
13325 1
13335 1
13338 1
13346 1
13350 1
13352 1
13353 2
13368 2
13382 1
13386 1
13389 1
13402 1
13404 1
13423 1
13443 1
13446 1
13448 1
13451 1
13458 1
13459 1
13469 1
13470 1
13471 1
13477 1
13479 1
13483 1
13493 1
13500 2
13509 1
13515 1
13517 1
13522 1
13529 1
13543 1
13545 2
13548 1
13558 2
13559 1
13582 1
13591 1
13595 1
13604 1
13611 1
13618 1
13621 1
13624 1
13626 1
13628 1
13630 1
13631 1
13647 1
13658 1
13660 1
13662 2
13687 1
13702 1
13705 1
13710 1
13714 1
13715 1
13724 1
13737 1
13742 1
13751 2
13753 1
13771 1
13776 1
13789 1
13791 1
13794 1
13798 1
13810 1
13818 2
13822 1
13829 1
13842 1
13846 1
13855 1
13863 1
13864 1
13871 1
13873 1
13880 1
13881 1
13885 1
13891 1
13898 1
13901 1
13903 1
13904 1
13905 1
13925 1
13934 1
13937 2
13941 1
13968 1
13971 1
13973 1
13980 1
13984 1
14001 1
14018 1
14021 1
14028 1
14035 1
14037 1
14052 1
14054 1
14056 1
14058 1
14065 1
14074 1
14085 1
14122 1
14124 1
14126 2
14140 1
14160 1
14164 1
14182 1
14187 1
14188 1
14191 1
14194 1
14201 1
14203 1
14208 1
14220 1
14226 1
14238 1
14247 1
14252 1
14263 1
14280 1
14288 1
14302 1
14307 1
14308 1
14320 1
14327 1
14330 1
14333 2
14335 1
14367 1
14369 1
14371 1
14380 1
14384 1
14385 1
14386 1
14389 1
14395 2
14415 1
14428 2
14435 1
14440 1
14449 1
14453 1
14464 1
14482 1
14522 1
14529 1
14531 1
14536 1
14557 1
14580 1
14582 1
14587 1
14590 1
14598 1
14599 1
14603 1
14604 1
14613 1
14616 1
14622 1
14631 1
14653 1
14655 1
14657 1
14688 1
14691 1
14696 1
14697 1
14720 1
14747 1
14767 1
14769 1
14777 1
14785 2
14791 1
14815 1
14824 1
14832 1
14833 1
14835 1
14852 1
14865 1
14882 1
14890 1
14933 1
14962 1
14971 1
14986 1
14993 1
15003 1
15007 1
15008 1
15011 1
15038 1
15039 1
15049 1
15055 1
15121 1
15123 1
15125 1
15150 1
15151 1
15159 1
15164 1
15165 1
15170 1
15197 1
15213 1
15241 1
15250 1
15253 1
15257 1
15263 1
15264 1
15291 1
15292 1
15293 1
15312 2
15313 1
15319 1
15331 1
15335 1
15336 1
15352 1
15356 1
15363 1
15376 2
15381 1
15385 1
15393 1
15395 1
15396 1
15423 1
15446 1
15450 1
15453 1
15468 2
15470 1
15475 1
15480 1
15487 1
15490 1
15500 1
15502 1
15508 1
15530 1
15537 1
15542 1
15578 1
15580 1
15585 1
15591 1
15593 1
15594 1
15601 1
15616 1
15623 1
15636 1
15676 2
15678 1
15684 1
15688 1
15700 1
15720 1
15732 1
15740 1
15746 1
15748 1
15776 1
15781 1
15784 1
15810 1
15818 1
15826 1
15835 1
15855 1
15861 1
15862 1
15871 1
15888 1
15892 1
15897 1
15907 1
15911 1
15936 1
15946 1
15963 1
15975 1
15979 1
15981 2
15984 1
15990 1
15993 1
16028 1
16031 1
16051 1
16054 1
16083 1
16084 1
16086 1
16087 2
16124 1
16129 1
16136 1
16147 1
16148 1
16158 1
16173 1
16174 1
16187 1
16197 1
16204 1
16214 1
16260 1
16294 1
16365 1
16385 1
16390 1
16404 1
16405 1
16428 1
16446 1
16459 1
16467 1
16478 1
16485 1
16492 1
16509 1
16551 1
16577 1
16592 1
16605 1
16616 1
16617 1
16622 1
16634 1
16636 1
16647 1
16680 1
16685 1
16686 1
16691 1
16726 1
16728 1
16749 2
16752 1
16773 1
16805 1
16850 1
16867 1
16868 1
16897 1
16902 1
16909 1
16914 1
16917 1
16921 1
16922 1
16923 1
16933 1
16950 1
16959 1
16966 1
16968 1
16979 1
16991 1
16999 1
17025 1
17035 1
17040 1
17075 1
17079 1
17105 1
17171 1
17188 1
17232 1
17247 1
17263 1
17291 1
17309 1
17355 1
17367 1
17380 1
17423 1
17429 1
17431 1
17442 1
17461 1
17469 1
17473 1
17479 1
17533 1
17599 1
17609 1
17649 2
17680 1
17688 1
17697 1
17739 1
17752 1
17769 1
17780 1
17788 1
17826 1
17829 1
17850 1
17871 2
17889 2
17894 1
17896 1
17929 1
17933 1
17952 1
18051 1
18091 1
18196 1
18214 1
18234 1
18292 1
18308 1
18312 1
18321 1
18388 1
18405 1
18409 1
18503 1
18543 1
18548 1
18562 1
18578 1
18600 1
18605 1
18624 1
18630 1
18632 2
18633 1
18647 1
18774 1
18776 1
18783 1
18832 1
18884 1
18925 1
19006 1
19021 1
19029 1
19070 1
19093 1
19095 1
19134 1
19143 1
19145 1
19190 1
19220 1
19244 1
19390 1
19472 1
19477 1
19498 1
19609 1
19626 1
19765 1
19796 1
19866 1
19884 1
19888 1
19943 1
19961 1
19965 1
20014 1
20112 1
20235 1
20288 1
20350 1
20394 1
20444 1
20496 1
20550 1
20585 1
20619 1
20647 2
20679 1
20709 1
20809 1
20832 1
20897 1
20898 1
20906 1
21168 1
21169 1
21181 1
21208 1
21257 1
21280 1
21375 1
21499 1
21520 1
21591 1
21672 1
21830 1
21856 1
21893 1
22087 1
22166 1
22560 1
22594 1
22643 1
22725 1
22728 1
22734 1
22748 1
22802 1
23146 1
23305 1
23386 1
23393 1
23644 1
24004 1
24009 1
24108 1
24126 1
24200 1
24561 1
24679 1
24697 1
24719 1
24833 1
24954 1
25057 1
25200 1
25242 1
25462 1
25861 1
25917 1
26046 1
26237 1
26255 1
26536 1
27122 1
27542 1
29242 1
29963 1
30648 1
30664 1
31866 1
34010 1
35730 1
