-948 2
-947 4
-946 7
-945 8
-944 15
-943 20
-942 16
-941 25
-940 30
-939 34
-938 50
-937 54
-936 49
-935 61
-934 67
-933 70
-932 84
-931 71
-930 86
-929 83
-928 80
-927 75
-926 96
-925 72
-924 90
-923 68
-922 67
-921 74
-920 77
-919 75
-918 76
-917 78
-916 61
-915 73
-914 90
-913 86
-912 88
-911 102
-910 117
-909 116
-908 153
-907 133
-906 125
-905 149
-904 144
-903 182
-902 190
-901 153
-900 186
-899 196
-898 191
-897 248
-896 250
-895 261
-894 283
-893 346
-892 327
-891 325
-890 355
-889 349
-888 370
-887 385
-886 427
-885 442
-884 438
-883 516
-882 549
-881 563
-880 580
-879 630
-878 684
-877 739
-876 721
-875 695
-874 753
-873 776
-872 808
-871 733
-870 769
-869 774
-868 741
-867 713
-866 826
-865 773
-864 756
-863 725
-862 740
-861 792
-860 824
-859 758
-858 776
-857 799
-856 805
-855 762
-854 820
-853 895
-852 824
-851 912
-850 914
-849 870
-848 854
-847 884
-846 861
-845 901
-844 855
-843 865
-842 823
-841 884
-840 820
-839 858
-838 888
-837 827
-836 874
-835 894
-834 842
-833 752
-832 854
-831 808
-830 922
-829 866
-828 798
-827 879
-826 920
-825 914
-824 944
-823 919
-822 986
-821 907
-820 963
-819 974
-818 985
-817 958
-816 956
-815 986
-814 1036
-813 1025
-812 1014
-811 974
-810 1042
-809 1030
-808 1040
-807 1049
-806 1052
-805 1057
-804 1083
-803 1154
-802 1159
-801 1173
-800 1152
-799 1079
-798 1132
-797 1093
-796 1136
-795 1130
-794 1153
-793 1150
-792 1149
-791 1231
-790 1144
-789 1237
-788 1148
-787 1225
-786 1202
-785 1297
-784 1201
-783 1259
-782 1255
-781 1314
-780 1256
-779 1288
-778 1277
-777 1344
-776 1319
-775 1317
-774 1262
-773 1307
-772 1339
-771 1294
-770 1301
-769 1304
-768 1380
-767 1296
-766 1323
-765 1380
-764 1364
-763 1329
-762 1375
-761 1466
-760 1325
-759 1400
-758 1454
-757 1459
-756 1446
-755 1421
-754 1446
-753 1534
-752 1489
-751 1588
-750 1523
-749 1542
-748 1543
-747 1571
-746 1575
-745 1552
-744 1591
-743 1672
-742 1803
-741 1783
-740 1711
-739 1701
-738 1737
-737 1812
-736 1747
-735 1817
-734 1759
-733 1756
-732 1813
-731 1835
-730 1848
-729 1873
-728 1862
-727 1946
-726 1953
-725 1962
-724 1954
-723 1986
-722 2002
-721 2090
-720 1983
-719 2016
-718 2144
-717 2151
-716 2077
-715 2147
-714 2147
-713 2159
-712 2198
-711 2215
-710 2176
-709 2301
-708 2332
-707 2277
-706 2312
-705 2381
-704 2410
-703 2377
-702 2470
-701 2590
-700 2481
-699 2597
-698 2679
-697 2614
-696 2646
-695 2594
-694 2643
-693 2781
-692 2749
-691 2725
-690 2683
-689 2721
-688 2754
-687 2834
-686 2807
-685 2887
-684 2761
-683 2738
-682 2888
-681 2891
-680 2914
-679 2944
-678 2890
-677 2971
-676 2956
-675 2906
-674 2932
-673 2976
-672 2901
-671 2969
-670 3073
-669 3105
-668 3053
-667 3090
-666 3171
-665 3151
-664 3216
-663 3236
-662 3158
-661 3382
-660 3169
-659 3315
-658 3160
-657 3191
-656 3216
-655 3150
-654 3234
-653 3069
-652 3202
-651 3103
-650 3177
-649 3143
-648 3242
-647 3105
-646 3103
-645 3278
-644 3163
-643 3246
-642 3345
-641 3328
-640 3284
-639 3399
-638 3297
-637 3376
-636 3369
-635 3344
-634 3479
-633 3421
-632 3348
-631 3405
-630 3472
-629 3411
-628 3474
-627 3470
-626 3609
-625 3602
-624 3572
-623 3554
-622 3580
-621 3665
-620 3647
-619 3717
-618 3714
-617 3646
-616 3703
-615 3602
-614 3593
-613 3658
-612 3607
-611 3613
-610 3593
-609 3637
-608 3685
-607 3623
-606 3650
-605 3636
-604 3623
-603 3635
-602 3743
-601 3680
-600 3535
-599 3621
-598 3748
-597 3628
-596 3765
-595 3772
-594 3781
-593 3831
-592 3827
-591 3775
-590 3829
-589 3982
-588 3886
-587 4032
-586 4024
-585 3999
-584 3961
-583 3984
-582 3955
-581 4104
-580 4121
-579 4139
-578 4039
-577 4047
-576 4084
-575 4127
-574 4080
-573 4092
-572 4217
-571 4089
-570 4128
-569 4098
-568 4197
-567 4178
-566 4073
-565 4047
-564 4085
-563 4034
-562 4108
-561 4087
-560 4031
-559 4137
-558 4092
-557 4127
-556 4153
-555 3982
-554 4080
-553 4049
-552 4131
-551 4249
-550 4172
-549 4216
-548 4146
-547 4225
-546 4151
-545 4116
-544 4086
-543 4122
-542 4185
-541 4136
-540 4168
-539 4081
-538 4157
-537 4161
-536 4238
-535 4130
-534 4127
-533 4227
-532 4158
-531 4245
-530 4164
-529 4258
-528 4236
-527 4271
-526 4328
-525 4431
-524 4342
-523 4349
-522 4396
-521 4503
-520 4521
-519 4590
-518 4595
-517 4614
-516 4813
-515 4735
-514 4740
-513 4782
-512 4661
-511 4739
-510 4834
-509 4830
-508 4684
-507 4665
-506 4655
-505 4752
-504 4734
-503 4667
-502 4542
-501 4643
-500 4735
-499 4634
-498 4647
-497 4610
-496 4724
-495 4627
-494 4788
-493 4592
-492 4732
-491 4781
-490 4765
-489 4810
-488 4769
-487 4674
-486 4832
-485 5034
-484 5051
-483 5287
-482 5469
-481 5742
-480 5964
-479 6126
-478 6281
-477 6451
-476 6143
-475 6091
-474 5965
-473 6088
-472 5950
-471 5885
-470 5803
-469 5848
-468 5733
-467 5904
-466 6039
-465 5938
-464 5956
-463 5869
-462 5887
-461 5983
-460 5943
-459 5812
-458 5885
-457 5875
-456 5894
-455 5951
-454 6270
-453 6151
-452 5999
-451 6002
-450 6130
-449 6000
-448 6187
-447 6099
-446 6081
-445 6087
-444 6218
-443 6076
-442 6039
-441 6250
-440 6129
-439 6132
-438 5904
-437 6128
-436 6167
-435 6115
-434 6328
-433 6266
-432 6268
-431 6415
-430 6375
-429 6206
-428 6436
-427 6445
-426 6417
-425 6468
-424 6324
-423 6556
-422 6500
-421 6520
-420 6492
-419 6612
-418 6576
-417 6601
-416 6632
-415 6480
-414 6564
-413 6504
-412 6532
-411 6559
-410 6671
-409 6509
-408 6555
-407 6506
-406 6503
-405 6299
-404 6252
-403 6442
-402 6141
-401 6285
-400 6314
-399 6186
-398 6147
-397 6307
-396 6130
-395 6249
-394 6207
-393 6072
-392 6185
-391 6201
-390 6274
-389 6136
-388 6061
-387 6147
-386 6171
-385 6360
-384 6300
-383 6263
-382 6393
-381 6362
-380 6388
-379 6322
-378 6315
-377 6276
-376 6221
-375 6217
-374 6069
-373 6452
-372 6234
-371 6258
-370 6255
-369 6199
-368 6264
-367 6052
-366 6284
-365 6274
-364 6159
-363 6195
-362 6010
-361 6143
-360 6308
-359 6177
-358 6238
-357 6258
-356 6269
-355 6261
-354 6173
-353 6354
-352 6247
-351 6451
-350 6479
-349 6691
-348 6444
-347 6342
-346 6347
-345 6182
-344 6337
-343 6296
-342 6439
-341 6324
-340 6316
-339 6443
-338 6171
-337 6289
-336 6210
-335 6296
-334 6181
-333 6225
-332 6400
-331 6317
-330 6391
-329 6389
-328 6457
-327 6342
-326 6373
-325 6594
-324 6440
-323 6502
-322 6308
-321 6519
-320 6273
-319 6551
-318 6353
-317 6350
-316 6315
-315 6272
-314 6273
-313 6408
-312 6293
-311 6272
-310 6225
-309 6054
-308 6224
-307 6399
-306 6200
-305 6161
-304 6362
-303 6322
-302 6118
-301 6015
-300 6093
-299 6106
-298 6274
-297 5974
-296 6103
-295 6012
-294 6114
-293 6020
-292 6085
-291 5980
-290 5880
-289 5899
-288 6075
-287 5932
-286 5865
-285 5932
-284 5974
-283 5910
-282 5836
-281 5915
-280 5908
-279 5755
-278 5777
-277 5778
-276 5929
-275 5863
-274 5956
-273 5856
-272 5909
-271 5910
-270 5928
-269 5791
-268 5923
-267 5728
-266 5772
-265 5607
-264 5719
-263 5821
-262 5709
-261 5641
-260 5635
-259 5762
-258 5619
-257 5685
-256 5674
-255 5595
-254 5534
-253 5546
-252 5606
-251 5645
-250 5633
-249 5720
-248 5706
-247 5571
-246 5734
-245 5888
-244 5775
-243 5596
-242 5694
-241 5578
-240 5545
-239 5747
-238 5411
-237 5586
-236 5506
-235 5633
-234 5498
-233 5501
-232 5565
-231 5616
-230 5561
-229 5522
-228 5559
-227 5639
-226 5421
-225 5467
-224 5419
-223 5412
-222 5345
-221 5355
-220 5293
-219 5187
-218 5235
-217 5338
-216 5333
-215 5195
-214 5260
-213 5213
-212 5271
-211 5220
-210 5180
-209 5213
-208 5259
-207 5311
-206 5318
-205 5188
-204 5136
-203 5116
-202 5135
-201 5091
-200 5051
-199 5115
-198 5176
-197 5093
-196 5074
-195 5129
-194 5101
-193 5199
-192 5089
-191 5241
-190 5037
-189 5193
-188 4999
-187 4814
-186 4852
-185 4821
-184 4764
-183 4818
-182 4826
-181 4780
-180 4835
-179 4724
-178 4767
-177 4807
-176 4572
-175 4702
-174 4595
-173 4576
-172 4697
-171 4590
-170 4431
-169 4575
-168 4472
-167 4439
-166 4411
-165 4537
-164 4415
-163 4380
-162 4263
-161 4412
-160 4258
-159 4380
-158 4276
-157 4183
-156 4225
-155 4322
-154 4285
-153 4177
-152 4179
-151 4227
-150 4076
-149 4146
-148 4144
-147 4120
-146 4144
-145 4067
-144 4089
-143 4006
-142 4193
-141 4066
-140 4075
-139 3989
-138 4066
-137 4007
-136 4032
-135 4031
-134 4020
-133 4049
-132 4011
-131 3990
-130 3892
-129 3956
-128 3912
-127 3861
-126 3803
-125 3780
-124 3824
-123 3836
-122 3889
-121 3910
-120 3795
-119 3713
-118 3795
-117 3750
-116 3811
-115 3820
-114 3705
-113 3734
-112 3612
-111 3696
-110 3816
-109 3773
-108 3755
-107 3752
-106 3694
-105 3729
-104 3705
-103 3781
-102 3721
-101 3708
-100 3659
-99 3645
-98 3656
-97 3619
-96 3481
-95 3572
-94 3586
-93 3609
-92 3439
-91 3573
-90 3490
-89 3414
-88 3321
-87 3406
-86 3395
-85 3334
-84 3535
-83 3416
-82 3306
-81 3452
-80 3417
-79 3411
-78 3284
-77 3270
-76 3319
-75 3325
-74 3178
-73 3313
-72 3325
-71 3298
-70 3276
-69 3284
-68 3267
-67 3069
-66 3295
-65 3239
-64 3200
-63 3209
-62 3163
-61 3109
-60 3191
-59 3093
-58 3097
-57 3057
-56 3160
-55 3033
-54 3035
-53 3095
-52 3137
-51 3075
-50 3042
-49 2920
-48 2946
-47 3027
-46 2954
-45 2948
-44 3047
-43 3031
-42 2928
-41 2962
-40 2954
-39 2945
-38 2897
-37 2944
-36 2933
-35 2983
-34 2896
-33 2825
-32 2951
-31 2820
-30 2821
-29 2804
-28 2752
-27 2778
-26 2718
-25 2790
-24 2790
-23 2684
-22 2716
-21 2671
-20 2707
-19 2695
-18 2642
-17 2642
-16 2726
-15 2660
-14 2704
-13 2601
-12 2628
-11 2575
-10 2547
-9 2543
-8 2526
-7 2549
-6 2537
-5 2441
-4 2515
-3 2470
-2 2475
-1 2435
0 2450
1 2334
2 2392
3 2391
4 2435
5 2454
6 2408
7 2442
8 2441
9 2364
10 2295
11 2356
12 2330
13 2250
14 2241
15 2340
16 2244
17 2207
18 2299
19 2181
20 2213
21 2294
22 2145
23 2272
24 2090
25 2214
26 2227
27 2071
28 2192
29 2205
30 2101
31 2145
32 2232
33 2237
34 2146
35 2145
36 2062
37 2014
38 2087
39 2113
40 2068
41 2155
42 2100
43 2006
44 2005
45 2020
46 1982
47 2031
48 2088
49 1979
50 1989
51 1982
52 1951
53 1957
54 1969
55 1863
56 1964
57 1894
58 1921
59 1883
60 1854
61 1859
62 1837
63 1791
64 1846
65 1866
66 1844
67 1809
68 1848
69 1783
70 1860
71 1838
72 1811
73 1812
74 1752
75 1793
76 1743
77 1829
78 1767
79 1785
80 1768
81 1711
82 1760
83 1727
84 1786
85 1713
86 1683
87 1653
88 1728
89 1640
90 1669
91 1667
92 1655
93 1665
94 1671
95 1655
96 1643
97 1580
98 1686
99 1596
100 1592
101 1519
102 1591
103 1491
104 1506
105 1570
106 1454
107 1494
108 1508
109 1435
110 1456
111 1511
112 1500
113 1553
114 1442
115 1510
116 1518
117 1390
118 1438
119 1485
120 1436
121 1430
122 1424
123 1411
124 1431
125 1446
126 1389
127 1365
128 1418
129 1386
130 1386
131 1358
132 1254
133 1334
134 1361
135 1323
136 1406
137 1331
138 1303
139 1260
140 1307
141 1276
142 1348
143 1301
144 1368
145 1216
146 1312
147 1265
148 1244
149 1332
150 1231
151 1254
152 1260
153 1193
154 1128
155 1221
156 1193
157 1165
158 1149
159 1130
160 1152
161 1153
162 1146
163 1131
164 1154
165 1192
166 1153
167 1105
168 1089
169 1100
170 1042
171 1085
172 1034
173 1056
174 1027
175 1016
176 1070
177 1037
178 970
179 1013
180 1035
181 1037
182 989
183 994
184 972
185 923
186 1026
187 938
188 952
189 884
190 966
191 915
192 872
193 935
194 953
195 889
196 945
197 938
198 863
199 923
200 865
201 925
202 916
203 804
204 902
205 846
206 878
207 879
208 844
209 844
210 817
211 818
212 826
213 860
214 831
215 809
216 858
217 820
218 834
219 777
220 791
221 766
222 797
223 764
224 800
225 776
226 759
227 743
228 704
229 757
230 709
231 750
232 722
233 721
234 763
235 698
236 698
237 731
238 706
239 731
240 692
241 727
242 707
243 715
244 682
245 636
246 610
247 633
248 699
249 661
250 681
251 638
252 580
253 647
254 656
255 628
256 625
257 624
258 618
259 569
260 592
261 604
262 593
263 584
264 656
265 606
266 552
267 570
268 588
269 606
270 546
271 596
272 527
273 535
274 522
275 563
276 537
277 538
278 539
279 512
280 566
281 505
282 548
283 501
284 512
285 508
286 485
287 482
288 494
289 521
290 472
291 465
292 538
293 468
294 481
295 509
296 457
297 480
298 481
299 466
300 443
301 476
302 497
303 487
304 442
305 430
306 468
307 435
308 447
309 411
310 425
311 389
312 425
313 442
314 416
315 439
316 418
317 397
318 452
319 404
320 378
321 407
322 369
323 422
324 401
325 402
326 369
327 414
328 394
329 368
330 393
331 408
332 382
333 387
334 380
335 368
336 371
337 366
338 344
339 374
340 332
341 362
342 378
343 355
344 328
345 382
346 392
347 340
348 348
349 332
350 344
351 355
352 324
353 339
354 290
355 319
356 313
357 343
358 368
359 333
360 318
361 321
362 309
363 309
364 288
365 292
366 282
367 296
368 311
369 278
370 291
371 253
372 308
373 281
374 258
375 287
376 271
377 284
378 302
379 271
380 289
381 287
382 286
383 282
384 247
385 273
386 283
387 247
388 241
389 251
390 244
391 224
392 243
393 241
394 227
395 253
396 241
397 264
398 241
399 235
400 244
401 226
402 208
403 234
404 240
405 222
406 200
407 215
408 226
409 209
410 233
411 227
412 217
413 231
414 211
415 208
416 211
417 205
418 222
419 219
420 218
421 184
422 211
423 225
424 224
425 186
426 196
427 202
428 201
429 196
430 203
431 183
432 178
433 206
434 185
435 194
436 184
437 197
438 170
439 202
440 161
441 184
442 170
443 197
444 187
445 185
446 170
447 183
448 180
449 174
450 160
451 143
452 182
453 184
454 190
455 150
456 183
457 167
458 164
459 151
460 167
461 163
462 149
463 162
464 176
465 157
466 160
467 138
468 169
469 154
470 123
471 147
472 135
473 128
474 164
475 134
476 135
477 143
478 143
479 133
480 132
481 156
482 151
483 137
484 156
485 150
486 160
487 134
488 133
489 138
490 147
491 139
492 133
493 150
494 140
495 141
496 138
497 131
498 125
499 142
500 129
501 118
502 121
503 117
504 120
505 114
506 125
507 134
508 128
509 115
510 120
511 110
512 127
513 123
514 118
515 152
516 109
517 115
518 135
519 119
520 127
521 127
522 117
523 117
524 114
525 121
526 119
527 108
528 106
529 91
530 107
531 107
532 102
533 111
534 121
535 114
536 101
537 111
538 96
539 101
540 99
541 104
542 107
543 98
544 81
545 107
546 83
547 91
548 103
549 120
550 103
551 81
552 110
553 93
554 107
555 86
556 107
557 93
558 89
559 88
560 85
561 77
562 107
563 83
564 85
565 87
566 104
567 96
568 86
569 104
570 79
571 98
572 96
573 97
574 90
575 96
576 101
577 71
578 99
579 84
580 90
581 92
582 91
583 81
584 78
585 87
586 81
587 94
588 85
589 73
590 85
591 82
592 86
593 91
594 66
595 81
596 68
597 87
598 77
599 104
600 65
601 66
602 76
603 85
604 69
605 89
606 81
607 75
608 73
609 69
610 63
611 77
612 81
613 66
614 64
615 66
616 62
617 72
618 76
619 68
620 72
621 70
622 76
623 75
624 85
625 79
626 83
627 86
628 79
629 76
630 89
631 72
632 88
633 64
634 81
635 84
636 69
637 87
638 79
639 65
640 70
641 64
642 85
643 62
644 65
645 76
646 73
647 82
648 79
649 70
650 71
651 65
652 79
653 55
654 73
655 74
656 69
657 75
658 66
659 81
660 83
661 71
662 87
663 67
664 79
665 61
666 71
667 85
668 73
669 71
670 77
671 85
672 81
673 73
674 96
675 76
676 77
677 76
678 89
679 83
680 79
681 86
682 99
683 83
684 85
685 88
686 71
687 70
688 101
689 83
690 75
691 94
692 75
693 90
694 94
695 90
696 84
697 73
698 76
699 66
700 81
701 90
702 86
703 80
704 82
705 72
706 67
707 71
708 79
709 81
710 88
711 64
712 75
713 76
714 68
715 75
716 92
717 98
718 88
719 72
720 75
721 87
722 73
723 69
724 73
725 82
726 99
727 101
728 91
729 86
730 75
731 81
732 81
733 73
734 92
735 91
736 82
737 90
738 83
739 93
740 78
741 129
742 89
743 96
744 108
745 95
746 101
747 102
748 89
749 119
750 93
751 94
752 97
753 95
754 101
755 96
756 105
757 103
758 79
759 116
760 97
761 105
762 105
763 96
764 103
765 96
766 103
767 98
768 98
769 103
770 103
771 85
772 109
773 106
774 124
775 95
776 98
777 118
778 113
779 108
780 94
781 129
782 109
783 88
784 108
785 119
786 110
787 103
788 108
789 126
790 120
791 117
792 105
793 109
794 118
795 110
796 127
797 92
798 99
799 95
800 94
801 98
802 107
803 110
804 104
805 98
806 99
807 88
808 99
809 103
810 110
811 110
812 110
813 103
814 104
815 100
816 86
817 100
818 105
819 96
820 94
821 104
822 103
823 84
824 100
825 112
826 104
827 102
828 91
829 104
830 94
831 91
832 92
833 103
834 105
835 97
836 90
837 92
838 93
839 112
840 101
841 100
842 93
843 89
844 90
845 100
846 93
847 93
848 76
849 93
850 98
851 97
852 95
853 70
854 95
855 103
856 107
857 100
858 100
859 90
860 89
861 98
862 83
863 89
864 88
865 98
866 76
867 87
868 96
869 97
870 90
871 80
872 96
873 89
874 73
875 90
876 88
877 102
878 84
879 94
880 93
881 75
882 92
883 86
884 81
885 83
886 97
887 90
888 104
889 97
890 85
891 98
892 80
893 80
894 80
895 83
896 73
897 80
898 95
899 100
900 99
901 89
902 83
903 75
904 87
905 84
906 69
907 64
908 82
909 79
910 99
911 77
912 82
913 84
914 80
915 71
916 97
917 79
918 74
919 68
920 92
921 69
922 79
923 87
924 86
925 83
926 95
927 92
928 72
929 75
930 83
931 69
932 89
933 83
934 85
935 76
936 69
937 85
938 79
939 59
940 68
941 74
942 71
943 76
944 81
945 71
946 89
947 91
948 82
949 68
950 76
951 80
952 74
953 61
954 69
955 79
956 78
957 75
958 59
959 64
960 89
961 69
962 61
963 73
964 64
965 61
966 73
967 81
968 68
969 72
970 77
971 74
972 67
973 82
974 76
975 67
976 70
977 54
978 70
979 65
980 62
981 74
982 61
983 62
984 64
985 73
986 53
987 55
988 69
989 58
990 67
991 61
992 68
993 66
994 60
995 65
996 72
997 65
998 63
999 57
1000 71
1001 66
1002 54
1003 53
1004 56
1005 66
1006 61
1007 62
1008 68
1009 67
1010 71
1011 64
1012 66
1013 54
1014 52
1015 53
1016 74
1017 67
1018 54
1019 49
1020 48
1021 48
1022 68
1023 65
1024 49
1025 74
1026 48
1027 59
1028 51
1029 49
1030 63
1031 47
1032 54
1033 56
1034 54
1035 56
1036 58
1037 60
1038 53
1039 44
1040 49
1041 48
1042 58
1043 50
1044 51
1045 49
1046 60
1047 49
1048 52
1049 55
1050 44
1051 48
1052 46
1053 37
1054 48
1055 44
1056 53
1057 52
1058 47
1059 54
1060 45
1061 51
1062 55
1063 53
1064 50
1065 40
1066 49
1067 42
1068 38
1069 41
1070 39
1071 45
1072 54
1073 36
1074 39
1075 41
1076 46
1077 35
1078 43
1079 38
1080 37
1081 42
1082 44
1083 49
1084 49
1085 34
1086 39
1087 42
1088 31
1089 40
1090 37
1091 42
1092 29
1093 34
1094 48
1095 42
1096 31
1097 38
1098 35
1099 48
1100 49
1101 32
1102 36
1103 44
1104 26
1105 42
1106 33
1107 31
1108 33
1109 27
1110 33
1111 37
1112 35
1113 30
1114 37
1115 41
1116 37
1117 32
1118 30
1119 26
1120 31
1121 37
1122 27
1123 25
1124 37
1125 42
1126 31
1127 34
1128 34
1129 29
1130 38
1131 25
1132 23
1133 37
1134 32
1135 26
1136 26
1137 26
1138 24
1139 26
1140 25
1141 25
1142 32
1143 26
1144 28
1145 31
1146 24
1147 19
1148 29
1149 27
1150 34
1151 23
1152 29
1153 24
1154 16
1155 22
1156 29
1157 36
1158 30
1159 22
1160 18
1161 22
1162 15
1163 27
1164 38
1165 22
1166 24
1167 22
1168 25
1169 23
1170 32
1171 24
1172 25
1173 27
1174 21
1175 20
1176 22
1177 31
1178 11
1179 23
1180 31
1181 23
1182 20
1183 19
1184 15
1185 29
1186 16
1187 20
1188 15
1189 15
1190 18
1191 20
1192 17
1193 26
1194 19
1195 26
1196 20
1197 22
1198 26
1199 14
1200 21
1201 25
1202 23
1203 16
1204 15
1205 19
1206 14
1207 22
1208 17
1209 28
1210 10
1211 16
1212 15
1213 17
1214 18
1215 17
1216 17
1217 20
1218 10
1219 13
1220 16
1221 16
1222 29
1223 16
1224 16
1225 21
1226 13
1227 11
1228 9
1229 19
1230 16
1231 12
1232 13
1233 16
1234 19
1235 14
1236 17
1237 17
1238 12
1239 15
1240 19
1241 15
1242 15
1243 14
1244 8
1245 13
1246 10
1247 11
1248 16
1249 22
1250 13
1251 11
1252 20
1253 15
1254 8
1255 24
1256 7
1257 18
1258 14
1259 11
1260 10
1261 7
1262 14
1263 8
1264 15
1265 12
1266 11
1267 8
1268 17
1269 6
1270 11
1271 12
1272 13
1273 17
1274 9
1275 15
1276 11
1277 14
1278 13
1279 14
1280 13
1281 12
1282 16
1283 12
1284 7
1285 14
1286 8
1287 11
1288 13
1289 13
1290 10
1291 10
1292 13
1293 8
1294 12
1295 12
1296 10
1297 8
1298 8
1299 4
1300 9
1301 11
1302 7
1303 12
1304 5
1305 12
1306 9
1307 7
1308 6
1309 9
1310 7
1311 9
1312 9
1313 5
1314 14
1315 13
1316 8
1317 5
1318 8
1319 9
1320 12
1321 8
1322 10
1323 8
1324 4
1325 10
1326 11
1327 5
1328 7
1329 10
1330 10
1331 5
1332 4
1333 7
1334 4
1335 6
1336 7
1337 9
1338 12
1339 10
1340 5
1341 7
1342 8
1343 5
1344 10
1345 5
1346 9
1347 5
1348 9
1349 3
1350 10
1351 6
1352 4
1353 3
1354 9
1355 4
1356 6
1357 6
1358 8
1359 5
1360 8
1361 5
1362 6
1363 6
1364 6
1365 2
1366 7
1367 3
1368 10
1369 4
1370 4
1371 5
1372 7
1373 1
1374 7
1375 5
1376 7
1377 7
1378 2
1379 4
1380 3
1381 5
1382 5
1383 8
1384 5
1385 1
1386 2
1387 6
1388 7
1389 4
1390 6
1391 5
1392 1
1394 2
1395 3
1396 6
1397 1
1398 3
1399 4
1400 2
1401 2
1402 2
1403 1
1404 5
1405 4
1406 7
1407 3
1408 2
1409 3
1410 2
1411 6
1412 3
1413 2
1414 2
1415 1
1416 9
1417 3
1418 4
1420 6
1421 3
1422 3
1423 3
1424 3
1425 2
1426 7
1427 2
1428 1
1429 1
1430 3
1431 3
1432 2
1433 1
1434 4
1435 3
1436 4
1437 1
1438 1
1439 2
1440 1
1441 2
1442 4
1443 4
1444 3
1445 2
1446 2
1447 1
1448 3
1449 1
1451 1
1452 3
1453 3
1454 2
1455 3
1456 1
1457 2
1458 2
1459 2
1460 1
1461 5
1462 3
1463 5
1464 2
1465 2
1466 2
1467 2
1468 4
1469 2
1470 5
1471 2
1472 4
1473 2
1475 3
1476 1
1477 2
1478 3
1479 3
1480 3
1481 2
1482 1
1483 2
1484 2
1486 4
1487 3
1488 1
1490 1
1491 1
1492 2
1493 1
1494 1
1495 3
1497 1
1498 3
1499 4
1502 3
1503 1
1504 3
1505 1
1506 2
1507 1
1509 1
1510 1
1511 1
1512 2
1513 3
1515 2
1516 1
1518 2
1519 1
1522 2
1523 2
1528 1
1529 1
1535 1
1536 2
1538 3
1540 1
1542 1
1543 1
1544 4
1545 1
1546 1
1549 1
1550 2
1551 1
1552 1
1557 1
1561 1
1562 1
1563 1
1569 1
1570 2
1575 1
1578 2
1580 1
1581 1
1589 3
1591 2
1599 2
1603 1
1606 1
1607 1
1608 1
1610 1
1615 1
1616 1
1617 1
1622 2
1623 2
1627 1
1628 1
1632 1
1636 1
1651 1
1657 1
1661 1
1679 1
1715 1
1720 1
1722 1
1726 1
1727 1
1729 1
1734 2
1750 1
