-1330 1
-1329 4
-1328 3
-1327 7
-1326 4
-1325 12
-1324 7
-1323 24
-1322 16
-1321 47
-1320 41
-1319 53
-1318 60
-1317 70
-1316 102
-1315 89
-1314 112
-1313 108
-1312 101
-1311 109
-1310 124
-1309 135
-1308 150
-1307 179
-1306 156
-1305 132
-1304 136
-1303 134
-1302 161
-1301 148
-1300 157
-1299 176
-1298 167
-1297 186
-1296 181
-1295 167
-1294 181
-1293 163
-1292 185
-1291 151
-1290 164
-1289 171
-1288 213
-1287 197
-1286 200
-1285 237
-1284 214
-1283 239
-1282 243
-1281 256
-1280 228
-1279 188
-1278 207
-1277 219
-1276 233
-1275 210
-1274 188
-1273 188
-1272 192
-1271 203
-1270 167
-1269 171
-1268 202
-1267 190
-1266 192
-1265 194
-1264 197
-1263 203
-1262 186
-1261 191
-1260 216
-1259 204
-1258 187
-1257 221
-1256 219
-1255 198
-1254 200
-1253 223
-1252 174
-1251 198
-1250 216
-1249 224
-1248 237
-1247 269
-1246 250
-1245 244
-1244 251
-1243 260
-1242 233
-1241 225
-1240 219
-1239 234
-1238 246
-1237 237
-1236 237
-1235 279
-1234 279
-1233 299
-1232 311
-1231 292
-1230 281
-1229 285
-1228 293
-1227 291
-1226 260
-1225 325
-1224 322
-1223 332
-1222 362
-1221 358
-1220 388
-1219 347
-1218 355
-1217 352
-1216 367
-1215 354
-1214 357
-1213 352
-1212 338
-1211 362
-1210 382
-1209 351
-1208 347
-1207 369
-1206 391
-1205 371
-1204 367
-1203 347
-1202 414
-1201 404
-1200 410
-1199 384
-1198 434
-1197 482
-1196 474
-1195 482
-1194 512
-1193 512
-1192 517
-1191 512
-1190 518
-1189 541
-1188 580
-1187 586
-1186 551
-1185 596
-1184 624
-1183 616
-1182 674
-1181 688
-1180 725
-1179 685
-1178 665
-1177 725
-1176 719
-1175 800
-1174 767
-1173 749
-1172 791
-1171 814
-1170 855
-1169 830
-1168 888
-1167 871
-1166 880
-1165 871
-1164 828
-1163 810
-1162 855
-1161 848
-1160 849
-1159 893
-1158 937
-1157 925
-1156 878
-1155 834
-1154 839
-1153 879
-1152 855
-1151 863
-1150 798
-1149 897
-1148 937
-1147 930
-1146 942
-1145 944
-1144 881
-1143 906
-1142 986
-1141 976
-1140 940
-1139 953
-1138 957
-1137 979
-1136 977
-1135 952
-1134 1030
-1133 1049
-1132 980
-1131 991
-1130 976
-1129 1013
-1128 973
-1127 1034
-1126 1009
-1125 1054
-1124 1125
-1123 1081
-1122 1161
-1121 1065
-1120 1064
-1119 1174
-1118 1082
-1117 1192
-1116 1176
-1115 1184
-1114 1180
-1113 1103
-1112 1193
-1111 1250
-1110 1258
-1109 1196
-1108 1286
-1107 1220
-1106 1130
-1105 1194
-1104 1203
-1103 1186
-1102 1223
-1101 1292
-1100 1235
-1099 1228
-1098 1237
-1097 1190
-1096 1184
-1095 1213
-1094 1274
-1093 1183
-1092 1124
-1091 1186
-1090 1194
-1089 1266
-1088 1213
-1087 1189
-1086 1204
-1085 1169
-1084 1207
-1083 1237
-1082 1226
-1081 1289
-1080 1270
-1079 1327
-1078 1321
-1077 1347
-1076 1406
-1075 1395
-1074 1366
-1073 1384
-1072 1398
-1071 1465
-1070 1462
-1069 1491
-1068 1449
-1067 1483
-1066 1526
-1065 1516
-1064 1567
-1063 1540
-1062 1531
-1061 1443
-1060 1535
-1059 1492
-1058 1481
-1057 1537
-1056 1524
-1055 1522
-1054 1412
-1053 1457
-1052 1560
-1051 1511
-1050 1617
-1049 1618
-1048 1621
-1047 1632
-1046 1682
-1045 1684
-1044 1648
-1043 1666
-1042 1677
-1041 1749
-1040 1819
-1039 1943
-1038 1917
-1037 1957
-1036 1982
-1035 1971
-1034 2020
-1033 2075
-1032 2058
-1031 2087
-1030 2140
-1029 2128
-1028 2130
-1027 2153
-1026 2163
-1025 2350
-1024 2327
-1023 2294
-1022 2368
-1021 2338
-1020 2299
-1019 2288
-1018 2443
-1017 2461
-1016 2490
-1015 2457
-1014 2587
-1013 2624
-1012 2611
-1011 2687
-1010 2633
-1009 2751
-1008 2745
-1007 2638
-1006 2768
-1005 2728
-1004 2600
-1003 2668
-1002 2780
-1001 2827
-1000 2686
-999 2779
-998 2876
-997 2887
-996 2771
-995 2698
-994 2835
-993 2756
-992 2881
-991 2863
-990 2914
-989 2925
-988 2913
-987 3059
-986 2903
-985 2851
-984 2863
-983 2954
-982 2837
-981 2831
-980 2905
-979 2795
-978 2781
-977 2873
-976 2952
-975 2787
-974 2816
-973 2836
-972 2975
-971 2944
-970 3039
-969 2928
-968 3004
-967 3121
-966 3032
-965 3012
-964 3210
-963 3147
-962 3168
-961 3160
-960 3239
-959 3222
-958 3164
-957 3117
-956 3301
-955 3296
-954 3197
-953 3227
-952 3211
-951 3265
-950 3369
-949 3239
-948 3356
-947 3404
-946 3352
-945 3372
-944 3384
-943 3185
-942 3434
-941 3393
-940 3320
-939 3383
-938 3380
-937 3392
-936 3487
-935 3508
-934 3347
-933 3511
-932 3603
-931 3424
-930 3593
-929 3638
-928 3589
-927 3565
-926 3682
-925 3451
-924 3732
-923 3630
-922 3643
-921 3635
-920 3589
-919 3771
-918 3731
-917 3769
-916 3721
-915 3740
-914 3779
-913 3707
-912 3696
-911 3836
-910 3904
-909 4024
-908 3904
-907 4089
-906 3944
-905 4082
-904 4084
-903 4177
-902 4147
-901 4227
-900 4174
-899 4389
-898 4443
-897 4293
-896 4427
-895 4373
-894 4240
-893 4175
-892 4273
-891 4325
-890 4450
-889 4492
-888 4396
-887 4453
-886 4313
-885 4393
-884 4284
-883 4339
-882 4196
-881 4249
-880 4412
-879 4217
-878 4205
-877 4430
-876 4315
-875 4390
-874 4377
-873 4304
-872 4317
-871 4412
-870 4725
-869 4380
-868 4400
-867 4500
-866 4491
-865 4362
-864 4358
-863 4434
-862 4378
-861 4465
-860 4463
-859 4421
-858 4484
-857 4400
-856 4451
-855 4539
-854 4646
-853 4671
-852 4576
-851 4583
-850 4587
-849 4516
-848 4424
-847 4570
-846 4691
-845 4726
-844 4723
-843 4754
-842 4753
-841 4745
-840 4646
-839 4752
-838 4805
-837 4684
-836 4776
-835 4823
-834 4829
-833 4869
-832 4793
-831 4856
-830 4941
-829 5071
-828 5125
-827 4982
-826 5205
-825 5143
-824 5242
-823 5316
-822 5352
-821 5545
-820 5630
-819 5826
-818 5958
-817 6252
-816 6286
-815 6479
-814 6310
-813 6475
-812 6310
-811 6107
-810 6130
-809 6100
-808 6203
-807 6286
-806 6301
-805 6334
-804 6348
-803 6280
-802 6323
-801 6268
-800 6185
-799 6322
-798 6313
-797 6386
-796 6462
-795 6757
-794 6724
-793 6900
-792 6830
-791 6970
-790 6840
-789 6765
-788 6934
-787 6999
-786 6774
-785 6743
-784 6737
-783 6853
-782 6948
-781 6976
-780 6942
-779 6658
-778 6662
-777 6646
-776 6786
-775 6898
-774 6817
-773 6735
-772 6804
-771 6732
-770 6888
-769 6772
-768 6719
-767 6725
-766 6753
-765 6703
-764 6740
-763 6824
-762 6894
-761 6839
-760 6833
-759 6923
-758 6922
-757 6810
-756 6957
-755 6803
-754 6804
-753 6806
-752 6912
-751 6736
-750 6841
-749 7110
-748 6848
-747 6817
-746 6822
-745 6810
-744 6957
-743 6965
-742 7010
-741 6938
-740 6957
-739 7214
-738 7026
-737 7007
-736 7064
-735 7184
-734 7026
-733 7210
-732 7271
-731 7175
-730 7274
-729 7279
-728 7394
-727 7136
-726 7177
-725 7144
-724 7173
-723 7255
-722 7177
-721 7197
-720 7296
-719 7254
-718 7120
-717 7022
-716 7405
-715 7419
-714 7413
-713 7274
-712 7231
-711 7193
-710 7152
-709 7001
-708 6961
-707 7002
-706 6864
-705 6824
-704 6842
-703 6760
-702 6786
-701 6793
-700 6905
-699 6733
-698 6884
-697 6768
-696 6795
-695 6846
-694 6633
-693 6894
-692 6659
-691 6600
-690 6758
-689 6448
-688 6714
-687 6688
-686 6500
-685 6585
-684 6676
-683 6827
-682 6696
-681 6738
-680 6759
-679 6756
-678 6725
-677 6964
-676 6823
-675 6730
-674 6729
-673 6761
-672 6810
-671 6729
-670 6818
-669 6701
-668 6791
-667 6720
-666 6621
-665 6709
-664 6547
-663 6616
-662 6508
-661 6562
-660 6571
-659 6384
-658 6570
-657 6332
-656 6355
-655 6317
-654 6332
-653 6226
-652 6104
-651 6322
-650 6220
-649 5969
-648 6191
-647 6015
-646 6186
-645 6041
-644 6014
-643 6013
-642 5876
-641 5813
-640 5895
-639 5871
-638 5825
-637 5613
-636 5849
-635 5693
-634 5758
-633 5664
-632 5672
-631 5784
-630 5707
-629 5675
-628 5668
-627 5586
-626 5628
-625 5560
-624 5623
-623 5548
-622 5542
-621 5561
-620 5468
-619 5623
-618 5461
-617 5566
-616 5478
-615 5449
-614 5504
-613 5544
-612 5444
-611 5489
-610 5573
-609 5561
-608 5494
-607 5381
-606 5596
-605 5596
-604 5502
-603 5559
-602 5487
-601 5537
-600 5524
-599 5588
-598 5654
-597 5736
-596 5620
-595 5757
-594 5573
-593 5705
-592 5634
-591 5660
-590 5813
-589 5665
-588 5810
-587 5680
-586 5715
-585 5487
-584 5567
-583 5525
-582 5531
-581 5601
-580 5288
-579 5379
-578 5389
-577 5563
-576 5355
-575 5498
-574 5465
-573 5378
-572 5542
-571 5304
-570 5380
-569 5364
-568 5297
-567 5358
-566 5242
-565 5246
-564 5209
-563 5173
-562 5191
-561 5041
-560 5240
-559 5166
-558 5165
-557 5108
-556 5188
-555 5190
-554 5110
-553 5107
-552 5184
-551 5127
-550 5040
-549 5283
-548 5153
-547 5071
-546 5164
-545 5106
-544 5023
-543 4945
-542 5035
-541 5045
-540 4851
-539 4980
-538 4939
-537 5004
-536 4974
-535 4925
-534 5057
-533 4895
-532 4922
-531 5008
-530 4938
-529 4972
-528 4996
-527 4921
-526 4773
-525 4817
-524 4888
-523 4971
-522 4887
-521 5049
-520 4986
-519 4873
-518 4754
-517 5022
-516 4798
-515 4842
-514 4643
-513 4777
-512 4865
-511 4725
-510 4755
-509 4798
-508 4777
-507 4567
-506 4796
-505 4729
-504 4660
-503 4688
-502 4805
-501 4689
-500 4870
-499 4641
-498 4612
-497 4725
-496 4726
-495 4550
-494 4498
-493 4478
-492 4484
-491 4483
-490 4295
-489 4440
-488 4440
-487 4359
-486 4202
-485 4189
-484 4266
-483 4336
-482 4316
-481 4253
-480 4209
-479 4166
-478 4272
-477 4233
-476 4157
-475 4164
-474 4256
-473 4116
-472 3987
-471 4031
-470 3997
-469 4029
-468 4050
-467 3959
-466 3963
-465 3985
-464 4039
-463 3964
-462 3959
-461 4004
-460 3983
-459 3964
-458 3864
-457 3948
-456 3993
-455 3874
-454 3917
-453 3911
-452 3852
-451 3849
-450 3806
-449 3770
-448 3667
-447 3837
-446 3720
-445 3682
-444 3723
-443 3604
-442 3627
-441 3577
-440 3631
-439 3639
-438 3616
-437 3570
-436 3477
-435 3543
-434 3542
-433 3539
-432 3683
-431 3510
-430 3622
-429 3517
-428 3633
-427 3567
-426 3467
-425 3509
-424 3394
-423 3547
-422 3509
-421 3521
-420 3507
-419 3397
-418 3373
-417 3426
-416 3309
-415 3381
-414 3325
-413 3307
-412 3336
-411 3220
-410 3157
-409 3295
-408 3296
-407 3194
-406 3207
-405 3094
-404 3153
-403 3152
-402 3030
-401 3100
-400 2984
-399 2953
-398 3112
-397 2969
-396 3032
-395 2949
-394 3009
-393 3010
-392 2890
-391 2938
-390 3041
-389 2874
-388 2965
-387 2886
-386 2860
-385 2888
-384 2863
-383 2925
-382 2826
-381 2851
-380 2892
-379 2832
-378 2833
-377 2867
-376 2809
-375 2709
-374 2779
-373 2800
-372 2717
-371 2826
-370 2776
-369 2706
-368 2685
-367 2693
-366 2817
-365 2710
-364 2859
-363 2698
-362 2766
-361 2768
-360 2750
-359 2810
-358 2650
-357 2695
-356 2781
-355 2851
-354 2672
-353 2701
-352 2602
-351 2686
-350 2704
-349 2570
-348 2734
-347 2679
-346 2636
-345 2472
-344 2570
-343 2589
-342 2514
-341 2560
-340 2613
-339 2585
-338 2531
-337 2470
-336 2505
-335 2465
-334 2500
-333 2438
-332 2369
-331 2526
-330 2482
-329 2409
-328 2389
-327 2359
-326 2456
-325 2301
-324 2329
-323 2367
-322 2297
-321 2203
-320 2295
-319 2295
-318 2272
-317 2339
-316 2310
-315 2241
-314 2289
-313 2265
-312 2161
-311 2122
-310 2212
-309 2151
-308 2162
-307 2212
-306 2104
-305 2123
-304 2097
-303 2155
-302 2168
-301 2066
-300 2065
-299 2067
-298 2109
-297 2084
-296 2011
-295 2061
-294 1975
-293 2111
-292 2031
-291 1952
-290 2063
-289 1992
-288 1975
-287 1931
-286 1978
-285 1906
-284 1879
-283 1994
-282 1854
-281 1937
-280 1921
-279 1949
-278 1897
-277 1856
-276 1891
-275 1856
-274 1884
-273 1901
-272 1832
-271 1943
-270 1872
-269 1902
-268 1801
-267 1823
-266 1824
-265 1818
-264 1829
-263 1838
-262 1796
-261 1863
-260 1814
-259 1845
-258 1854
-257 1816
-256 1835
-255 1766
-254 1841
-253 1705
-252 1761
-251 1761
-250 1784
-249 1651
-248 1673
-247 1647
-246 1707
-245 1657
-244 1642
-243 1698
-242 1636
-241 1660
-240 1612
-239 1662
-238 1639
-237 1619
-236 1566
-235 1597
-234 1522
-233 1600
-232 1624
-231 1647
-230 1522
-229 1516
-228 1529
-227 1504
-226 1510
-225 1532
-224 1482
-223 1491
-222 1465
-221 1447
-220 1434
-219 1478
-218 1389
-217 1466
-216 1395
-215 1380
-214 1356
-213 1343
-212 1326
-211 1358
-210 1334
-209 1346
-208 1358
-207 1331
-206 1297
-205 1309
-204 1307
-203 1305
-202 1260
-201 1215
-200 1286
-199 1267
-198 1283
-197 1284
-196 1241
-195 1229
-194 1322
-193 1243
-192 1180
-191 1216
-190 1185
-189 1257
-188 1352
-187 1203
-186 1188
-185 1226
-184 1219
-183 1170
-182 1172
-181 1188
-180 1183
-179 1242
-178 1165
-177 1210
-176 1150
-175 1174
-174 1134
-173 1160
-172 1186
-171 1105
-170 1089
-169 1140
-168 1144
-167 1076
-166 1076
-165 1083
-164 1077
-163 1061
-162 1013
-161 1084
-160 1077
-159 1060
-158 1095
-157 1021
-156 1021
-155 1008
-154 1000
-153 1044
-152 981
-151 981
-150 999
-149 965
-148 1001
-147 990
-146 975
-145 981
-144 932
-143 938
-142 908
-141 930
-140 964
-139 941
-138 915
-137 921
-136 906
-135 864
-134 898
-133 882
-132 915
-131 937
-130 907
-129 874
-128 824
-127 892
-126 917
-125 877
-124 869
-123 855
-122 794
-121 861
-120 810
-119 837
-118 839
-117 793
-116 823
-115 801
-114 837
-113 824
-112 812
-111 766
-110 818
-109 783
-108 760
-107 797
-106 749
-105 753
-104 793
-103 756
-102 791
-101 726
-100 723
-99 761
-98 714
-97 750
-96 736
-95 703
-94 737
-93 713
-92 706
-91 701
-90 664
-89 712
-88 701
-87 719
-86 669
-85 701
-84 654
-83 728
-82 642
-81 662
-80 693
-79 636
-78 640
-77 624
-76 673
-75 648
-74 657
-73 654
-72 647
-71 615
-70 655
-69 624
-68 602
-67 653
-66 659
-65 594
-64 631
-63 642
-62 623
-61 604
-60 634
-59 637
-58 619
-57 622
-56 581
-55 603
-54 600
-53 655
-52 578
-51 582
-50 579
-49 625
-48 555
-47 589
-46 561
-45 593
-44 550
-43 581
-42 568
-41 562
-40 587
-39 556
-38 554
-37 535
-36 533
-35 570
-34 532
-33 520
-32 546
-31 550
-30 536
-29 527
-28 510
-27 512
-26 569
-25 533
-24 511
-23 478
-22 477
-21 555
-20 513
-19 486
-18 502
-17 519
-16 502
-15 558
-14 479
-13 499
-12 510
-11 480
-10 491
-9 501
-8 481
-7 516
-6 493
-5 482
-4 471
-3 465
-2 466
-1 479
0 502
1 462
2 438
3 462
4 445
5 435
6 460
7 448
8 454
9 411
10 453
11 424
12 463
13 432
14 458
15 387
16 433
17 393
18 411
19 395
20 387
21 417
22 383
23 397
24 383
25 402
26 354
27 399
28 392
29 361
30 386
31 410
32 347
33 377
34 342
35 392
36 348
37 392
38 346
39 363
40 335
41 345
42 344
43 352
44 311
45 340
46 316
47 346
48 334
49 360
50 356
51 336
52 321
53 308
54 308
55 339
56 296
57 324
58 316
59 338
60 286
61 284
62 271
63 312
64 286
65 315
66 273
67 287
68 311
69 309
70 281
71 259
72 290
73 275
74 301
75 319
76 274
77 298
78 285
79 258
80 247
81 250
82 261
83 258
84 252
85 244
86 265
87 256
88 250
89 254
90 224
91 251
92 248
93 268
94 250
95 241
96 243
97 226
98 247
99 240
100 253
101 231
102 233
103 242
104 253
105 236
106 233
107 237
108 242
109 241
110 233
111 219
112 221
113 229
114 208
115 236
116 185
117 206
118 218
119 198
120 191
121 204
122 224
123 218
124 201
125 173
126 212
127 179
128 197
129 196
130 192
131 193
132 200
133 224
134 174
135 203
136 176
137 202
138 187
139 181
140 192
141 186
142 160
143 188
144 139
145 173
146 198
147 183
148 185
149 167
150 169
151 159
152 189
153 186
154 173
155 160
156 166
157 187
158 151
159 170
160 159
161 173
162 179
163 165
164 151
165 161
166 170
167 175
168 140
169 144
170 137
171 141
172 153
173 140
174 157
175 137
176 162
177 146
178 156
179 143
180 160
181 139
182 142
183 132
184 124
185 139
186 159
187 143
188 151
189 120
190 123
191 125
192 137
193 128
194 147
195 140
196 137
197 160
198 114
199 126
200 116
201 134
202 127
203 120
204 131
205 142
206 147
207 126
208 125
209 130
210 121
211 130
212 119
213 120
214 118
215 132
216 115
217 130
218 118
219 135
220 129
221 124
222 119
223 100
224 126
225 133
226 119
227 113
228 121
229 104
230 109
231 115
232 97
233 111
234 120
235 106
236 126
237 125
238 106
239 117
240 99
241 113
242 90
243 107
244 96
245 84
246 76
247 95
248 97
249 98
250 103
251 99
252 89
253 101
254 91
255 85
256 87
257 99
258 77
259 96
260 78
261 95
262 82
263 84
264 93
265 75
266 94
267 86
268 70
269 84
270 75
271 77
272 83
273 94
274 74
275 72
276 68
277 69
278 76
279 87
280 91
281 86
282 81
283 58
284 83
285 80
286 90
287 62
288 70
289 81
290 70
291 52
292 77
293 69
294 81
295 71
296 65
297 75
298 79
299 70
300 46
301 67
302 73
303 65
304 70
305 63
306 78
307 69
308 78
309 69
310 58
311 70
312 63
313 73
314 67
315 65
316 59
317 77
318 60
319 69
320 55
321 75
322 58
323 61
324 64
325 66
326 50
327 67
328 46
329 46
330 50
331 47
332 52
333 67
334 45
335 51
336 47
337 50
338 55
339 52
340 57
341 48
342 55
343 76
344 50
345 63
346 67
347 67
348 54
349 53
350 55
351 53
352 47
353 55
354 56
355 52
356 47
357 54
358 59
359 43
360 52
361 53
362 46
363 42
364 59
365 48
366 39
367 62
368 38
369 36
370 36
371 48
372 47
373 43
374 53
375 48
376 55
377 60
378 44
379 41
380 50
381 48
382 59
383 55
384 43
385 43
386 59
387 33
388 38
389 49
390 50
391 44
392 38
393 50
394 37
395 41
396 49
397 37
398 46
399 38
400 35
401 35
402 41
403 29
404 46
405 42
406 30
407 32
408 42
409 41
410 47
411 38
412 40
413 31
414 37
415 26
416 44
417 34
418 51
419 25
420 44
421 45
422 55
423 30
424 37
425 36
426 40
427 43
428 39
429 28
430 24
431 37
432 30
433 34
434 29
435 34
436 29
437 23
438 35
439 32
440 21
441 28
442 37
443 32
444 27
445 34
446 38
447 34
448 35
449 36
450 33
451 30
452 30
453 28
454 27
455 33
456 35
457 39
458 36
459 40
460 31
461 33
462 36
463 38
464 31
465 24
466 43
467 31
468 36
469 31
470 24
471 38
472 29
473 32
474 33
475 35
476 28
477 37
478 36
479 27
480 29
481 29
482 39
483 33
484 30
485 33
486 29
487 35
488 22
489 30
490 26
491 25
492 28
493 31
494 30
495 35
496 28
497 42
498 22
499 37
500 39
501 41
502 37
503 32
504 27
505 29
506 26
507 35
508 42
509 28
510 37
511 26
512 26
513 39
514 46
515 36
516 29
517 23
518 44
519 35
520 21
521 29
522 39
523 34
524 31
525 38
526 27
527 32
528 38
529 41
530 37
531 35
532 40
533 40
534 48
535 42
536 28
537 41
538 44
539 34
540 24
541 35
542 26
543 37
544 33
545 31
546 31
547 39
548 20
549 29
550 32
551 27
552 25
553 32
554 36
555 39
556 32
557 34
558 38
559 26
560 32
561 28
562 24
563 34
564 30
565 27
566 35
567 32
568 21
569 33
570 34
571 30
572 29
573 22
574 27
575 34
576 30
577 30
578 39
579 32
580 29
581 23
582 39
583 37
584 30
585 36
586 24
587 32
588 31
589 31
590 32
591 32
592 25
593 27
594 25
595 23
596 32
597 31
598 33
599 26
600 26
601 32
602 29
603 26
604 28
605 28
606 23
607 28
608 30
609 23
610 32
611 28
612 30
613 25
614 37
615 22
616 33
617 26
618 38
619 24
620 40
621 30
622 34
623 29
624 29
625 35
626 31
627 42
628 38
629 40
630 34
631 35
632 28
633 45
634 32
635 43
636 44
637 46
638 20
639 41
640 26
641 50
642 40
643 45
644 35
645 48
646 40
647 43
648 43
649 38
650 44
651 34
652 31
653 29
654 33
655 57
656 37
657 34
658 29
659 29
660 34
661 39
662 39
663 26
664 38
665 41
666 37
667 45
668 36
669 37
670 52
671 40
672 23
673 35
674 41
675 41
676 37
677 26
678 41
679 30
680 41
681 36
682 55
683 32
684 39
685 36
686 29
687 30
688 50
689 43
690 26
691 41
692 36
693 33
694 48
695 38
696 31
697 33
698 49
699 43
700 35
701 41
702 29
703 33
704 26
705 38
706 35
707 35
708 32
709 38
710 33
711 40
712 41
713 41
714 30
715 40
716 36
717 31
718 47
719 32
720 31
721 35
722 33
723 38
724 50
725 43
726 42
727 45
728 33
729 45
730 36
731 35
732 22
733 37
734 35
735 46
736 28
737 29
738 32
739 33
740 28
741 35
742 31
743 34
744 30
745 30
746 33
747 31
748 50
749 32
750 35
751 48
752 28
753 32
754 36
755 41
756 47
757 41
758 31
759 40
760 26
761 36
762 36
763 35
764 32
765 26
766 32
767 34
768 26
769 44
770 31
771 25
772 31
773 25
774 27
775 26
776 34
777 34
778 33
779 34
780 32
781 38
782 39
783 27
784 30
785 37
786 27
787 21
788 23
789 27
790 29
791 20
792 22
793 23
794 26
795 22
796 26
797 28
798 33
799 29
800 21
801 29
802 27
803 25
804 37
805 26
806 28
807 24
808 27
809 27
810 26
811 31
812 29
813 18
814 34
815 33
816 17
817 18
818 31
819 21
820 18
821 23
822 24
823 27
824 23
825 19
826 19
827 30
828 22
829 20
830 27
831 30
832 27
833 22
834 27
835 26
836 15
837 23
838 23
839 31
840 18
841 26
842 23
843 30
844 21
845 31
846 31
847 16
848 27
849 13
850 23
851 24
852 32
853 18
854 20
855 19
856 12
857 12
858 20
859 27
860 21
861 17
862 25
863 23
864 20
865 28
866 23
867 16
868 23
869 23
870 20
871 24
872 12
873 18
874 28
875 16
876 31
877 22
878 24
879 18
880 19
881 21
882 19
883 21
884 23
885 20
886 15
887 20
888 21
889 13
890 20
891 18
892 17
893 13
894 21
895 21
896 18
897 20
898 15
899 20
900 15
901 18
902 17
903 15
904 13
905 16
906 20
907 21
908 16
909 14
910 15
911 18
912 27
913 13
914 20
915 19
916 8
917 19
918 12
919 20
920 18
921 16
922 7
923 23
924 17
925 21
926 22
927 15
928 18
929 19
930 16
931 11
932 11
933 13
934 16
935 13
936 20
937 10
938 9
939 24
940 19
941 10
942 9
943 11
944 18
945 10
946 17
947 12
948 15
949 8
950 10
951 5
952 11
953 14
954 11
955 11
956 8
957 7
958 8
959 9
960 7
961 15
962 14
963 13
964 11
965 7
966 9
967 9
968 12
969 13
970 10
971 18
972 14
973 14
974 13
975 4
976 8
977 11
978 8
979 12
980 12
981 10
982 13
983 6
984 7
985 6
986 18
987 7
988 11
989 13
990 10
991 7
992 5
993 8
994 4
995 10
996 2
997 8
998 16
999 5
1000 10
1001 7
1002 11
1003 5
1004 2
1005 12
1006 10
1007 8
1008 7
1009 6
1010 4
1011 3
1012 3
1013 5
1014 9
1015 7
1016 8
1017 3
1018 7
1019 7
1020 10
1021 5
1022 4
1023 5
1024 8
1025 4
1026 10
1027 7
1028 4
1029 8
1030 10
1031 7
1032 5
1033 10
1034 6
1035 2
1036 5
1037 8
1038 7
1039 5
1040 6
1041 6
1042 8
1043 3
1044 9
1045 5
1046 7
1047 4
1048 8
1049 7
1050 5
1051 5
1052 4
1053 3
1054 4
1055 7
1056 10
1057 2
1059 4
1060 5
1061 3
1062 6
1063 8
1064 3
1065 3
1066 3
1067 2
1068 2
1069 5
1070 5
1071 1
1072 5
1073 3
1074 1
1075 4
1076 3
1077 5
1078 2
1079 5
1080 4
1081 5
1082 7
1083 2
1084 6
1085 4
1086 3
1087 4
1088 3
1089 5
1090 7
1091 4
1092 5
1093 5
1094 6
1095 7
1096 3
1097 3
1098 4
1099 3
1100 5
1101 3
1102 4
1103 1
1104 1
1105 4
1106 4
1107 2
1108 2
1110 2
1111 3
1112 2
1113 4
1114 3
1115 5
1116 2
1117 3
1118 2
1119 4
1120 2
1122 2
1123 6
1124 2
1125 3
1126 3
1127 3
1129 4
1130 3
1131 1
1132 4
1133 2
1134 3
1135 3
1136 6
1137 4
1138 1
1139 2
1140 2
1141 1
1142 1
1143 1
1144 2
1145 4
1146 2
1148 3
1149 1
1150 3
1151 3
1152 3
1153 1
1154 1
1155 5
1156 2
1157 4
1158 1
1159 3
1160 5
1162 2
1163 2
1164 2
1165 2
1167 4
1168 1
1169 3
1170 3
1172 2
1173 1
1174 1
1175 4
1177 1
1178 2
1179 2
1180 2
1181 1
1183 1
1184 2
1185 5
1186 1
1187 2
1190 3
1191 1
1192 1
1195 2
1196 2
1197 1
1198 1
1199 1
1200 3
1201 2
1202 1
1203 1
1204 2
1205 3
1206 3
1208 2
1210 2
1211 3
1213 1
1214 1
1215 2
1216 1
1219 2
1220 1
1221 2
1224 4
1225 1
1226 4
1227 1
1228 1
1229 2
1231 2
1233 2
1234 1
1238 3
1240 1
1241 1
1242 1
1245 1
1247 1
1250 1
1251 1
1252 1
1254 2
1255 1
1261 1
1262 1
1263 1
1264 1
1265 2
1266 2
1267 1
1268 1
1272 2
1274 1
1282 1
1284 1
1286 1
1287 1
1289 2
1291 2
1295 1
1299 1
1300 1
1303 1
1306 1
1310 1
1312 1
1316 1
1317 1
1318 1
1322 1
1324 1
1332 1
1337 1
1347 1
1349 2
1355 1
1358 1
1363 1
1366 1
1376 1
1377 1
1381 1
1393 1
1399 2
1418 1
1432 1
1534 1
1537 1
1544 1
