-877 1
-875 1
-874 1
-873 3
-872 1
-871 3
-870 6
-869 14
-868 10
-867 16
-866 29
-865 21
-864 41
-863 32
-862 43
-861 50
-860 42
-859 50
-858 50
-857 64
-856 49
-855 56
-854 64
-853 65
-852 58
-851 58
-850 58
-849 81
-848 69
-847 82
-846 89
-845 79
-844 95
-843 72
-842 84
-841 90
-840 81
-839 76
-838 80
-837 76
-836 85
-835 99
-834 88
-833 86
-832 93
-831 75
-830 78
-829 78
-828 74
-827 73
-826 84
-825 86
-824 87
-823 74
-822 75
-821 84
-820 111
-819 93
-818 108
-817 112
-816 118
-815 130
-814 124
-813 149
-812 143
-811 152
-810 160
-809 198
-808 197
-807 193
-806 180
-805 188
-804 204
-803 238
-802 271
-801 277
-800 301
-799 297
-798 283
-797 298
-796 265
-795 326
-794 317
-793 334
-792 317
-791 325
-790 323
-789 343
-788 346
-787 358
-786 369
-785 361
-784 354
-783 333
-782 363
-781 399
-780 379
-779 408
-778 433
-777 447
-776 481
-775 521
-774 556
-773 574
-772 538
-771 572
-770 608
-769 564
-768 607
-767 589
-766 607
-765 573
-764 539
-763 615
-762 603
-761 624
-760 619
-759 619
-758 608
-757 639
-756 609
-755 612
-754 677
-753 663
-752 602
-751 661
-750 594
-749 706
-748 685
-747 696
-746 664
-745 671
-744 650
-743 697
-742 667
-741 661
-740 738
-739 677
-738 720
-737 687
-736 722
-735 669
-734 710
-733 689
-732 671
-731 668
-730 675
-729 679
-728 676
-727 647
-726 763
-725 722
-724 724
-723 705
-722 773
-721 820
-720 858
-719 809
-718 856
-717 861
-716 828
-715 798
-714 842
-713 829
-712 837
-711 829
-710 751
-709 799
-708 822
-707 820
-706 813
-705 808
-704 866
-703 845
-702 869
-701 784
-700 793
-699 826
-698 851
-697 867
-696 847
-695 851
-694 836
-693 861
-692 839
-691 873
-690 856
-689 863
-688 908
-687 855
-686 856
-685 832
-684 907
-683 869
-682 933
-681 885
-680 853
-679 880
-678 969
-677 959
-676 1038
-675 958
-674 986
-673 987
-672 992
-671 1053
-670 1029
-669 1070
-668 974
-667 1052
-666 1023
-665 1029
-664 1101
-663 1175
-662 1123
-661 1152
-660 1167
-659 1151
-658 1161
-657 1130
-656 1155
-655 1187
-654 1130
-653 1186
-652 1119
-651 1192
-650 1157
-649 1159
-648 1186
-647 1197
-646 1286
-645 1247
-644 1309
-643 1311
-642 1322
-641 1286
-640 1253
-639 1290
-638 1338
-637 1346
-636 1347
-635 1334
-634 1365
-633 1426
-632 1456
-631 1440
-630 1390
-629 1374
-628 1424
-627 1436
-626 1478
-625 1402
-624 1452
-623 1467
-622 1432
-621 1436
-620 1427
-619 1456
-618 1507
-617 1499
-616 1478
-615 1490
-614 1468
-613 1495
-612 1492
-611 1541
-610 1518
-609 1519
-608 1499
-607 1523
-606 1542
-605 1504
-604 1509
-603 1557
-602 1645
-601 1662
-600 1554
-599 1616
-598 1609
-597 1636
-596 1663
-595 1627
-594 1662
-593 1676
-592 1664
-591 1641
-590 1668
-589 1606
-588 1730
-587 1829
-586 1809
-585 1878
-584 1923
-583 1963
-582 1928
-581 1952
-580 1915
-579 1926
-578 1934
-577 1975
-576 1924
-575 2003
-574 1966
-573 1996
-572 2037
-571 2018
-570 2005
-569 2140
-568 2139
-567 2106
-566 2197
-565 2124
-564 2174
-563 2169
-562 2141
-561 2182
-560 2293
-559 2297
-558 2155
-557 2321
-556 2236
-555 2257
-554 2345
-553 2347
-552 2330
-551 2400
-550 2481
-549 2504
-548 2558
-547 2623
-546 2604
-545 2748
-544 2609
-543 2700
-542 2735
-541 2575
-540 2706
-539 2748
-538 2777
-537 2776
-536 2806
-535 2836
-534 2872
-533 2873
-532 2876
-531 3025
-530 2929
-529 2924
-528 2930
-527 3027
-526 2948
-525 2989
-524 3168
-523 3214
-522 3125
-521 3077
-520 3083
-519 3015
-518 3116
-517 3069
-516 3062
-515 3210
-514 3193
-513 3166
-512 3250
-511 3193
-510 3233
-509 3290
-508 3297
-507 3288
-506 3280
-505 3184
-504 3219
-503 3267
-502 3264
-501 3305
-500 3306
-499 3262
-498 3338
-497 3338
-496 3270
-495 3433
-494 3400
-493 3398
-492 3448
-491 3557
-490 3457
-489 3523
-488 3380
-487 3492
-486 3457
-485 3692
-484 3698
-483 3711
-482 3702
-481 3813
-480 3800
-479 3901
-478 3885
-477 3925
-476 3825
-475 3963
-474 3880
-473 3945
-472 3930
-471 4001
-470 3990
-469 4004
-468 3950
-467 4081
-466 3966
-465 3976
-464 4117
-463 4105
-462 4131
-461 3982
-460 4071
-459 4046
-458 4213
-457 4128
-456 4120
-455 4134
-454 4207
-453 4185
-452 4014
-451 4242
-450 4191
-449 4194
-448 4206
-447 4365
-446 4435
-445 4553
-444 4582
-443 4597
-442 4640
-441 4720
-440 4913
-439 4776
-438 4891
-437 4695
-436 4756
-435 4925
-434 4934
-433 4895
-432 4964
-431 5271
-430 5132
-429 5152
-428 5160
-427 5167
-426 5298
-425 5387
-424 5386
-423 5439
-422 5485
-421 5313
-420 5440
-419 5531
-418 5213
-417 5345
-416 5373
-415 5545
-414 5455
-413 5569
-412 5591
-411 5548
-410 5693
-409 5570
-408 5546
-407 5568
-406 5496
-405 5826
-404 5607
-403 5775
-402 5851
-401 5648
-400 5751
-399 5690
-398 5713
-397 5647
-396 5755
-395 5806
-394 5785
-393 5739
-392 5778
-391 5800
-390 5806
-389 5729
-388 5884
-387 5807
-386 5885
-385 5803
-384 5959
-383 5954
-382 5782
-381 5696
-380 5854
-379 5996
-378 6083
-377 6063
-376 6001
-375 6116
-374 5941
-373 6002
-372 5803
-371 5986
-370 6113
-369 5919
-368 6033
-367 6192
-366 6019
-365 6095
-364 6069
-363 6009
-362 6059
-361 6046
-360 6233
-359 6207
-358 6256
-357 6269
-356 6237
-355 6269
-354 6263
-353 6335
-352 6300
-351 6227
-350 6205
-349 6129
-348 6035
-347 6304
-346 6167
-345 6316
-344 6325
-343 6348
-342 6339
-341 6180
-340 6170
-339 6258
-338 6081
-337 6122
-336 6080
-335 6169
-334 6183
-333 6086
-332 6183
-331 6314
-330 6117
-329 6180
-328 5963
-327 6062
-326 6286
-325 6124
-324 6144
-323 6125
-322 6150
-321 6157
-320 6130
-319 6009
-318 6089
-317 6162
-316 6177
-315 6110
-314 6212
-313 6228
-312 6125
-311 6286
-310 6278
-309 6214
-308 6118
-307 6253
-306 6096
-305 6124
-304 6100
-303 6156
-302 6309
-301 6350
-300 6187
-299 6152
-298 6227
-297 6075
-296 6281
-295 6047
-294 6128
-293 6299
-292 6014
-291 6103
-290 6188
-289 6187
-288 6156
-287 6193
-286 6317
-285 6177
-284 6109
-283 6079
-282 6267
-281 6039
-280 6284
-279 6153
-278 6225
-277 6273
-276 6098
-275 6240
-274 6248
-273 6303
-272 6270
-271 6196
-270 6363
-269 6418
-268 6245
-267 6270
-266 6371
-265 6419
-264 6180
-263 6393
-262 6262
-261 6311
-260 6344
-259 6197
-258 6409
-257 6180
-256 6355
-255 6279
-254 6246
-253 6233
-252 6225
-251 6344
-250 6159
-249 6333
-248 6183
-247 6151
-246 6147
-245 6317
-244 6176
-243 6167
-242 6088
-241 6245
-240 6231
-239 6144
-238 6164
-237 6197
-236 6140
-235 6232
-234 6396
-233 6515
-232 6192
-231 6302
-230 6280
-229 6223
-228 6379
-227 6278
-226 6277
-225 6292
-224 6182
-223 6315
-222 6315
-221 6146
-220 6199
-219 6292
-218 6046
-217 6242
-216 6259
-215 6110
-214 6257
-213 6045
-212 6090
-211 6059
-210 6065
-209 6221
-208 6084
-207 6116
-206 6058
-205 6056
-204 5992
-203 5968
-202 5963
-201 6097
-200 6079
-199 6074
-198 5924
-197 5833
-196 6210
-195 5938
-194 6040
-193 6035
-192 6092
-191 5941
-190 5937
-189 6053
-188 5921
-187 5940
-186 5994
-185 5839
-184 5801
-183 5870
-182 5847
-181 5792
-180 5748
-179 5827
-178 5940
-177 5793
-176 5779
-175 5758
-174 5786
-173 5776
-172 5807
-171 5895
-170 5805
-169 5657
-168 5709
-167 5678
-166 5631
-165 5805
-164 5855
-163 5866
-162 5760
-161 5734
-160 5641
-159 5795
-158 5662
-157 5670
-156 5790
-155 5664
-154 5694
-153 5698
-152 5671
-151 5727
-150 5601
-149 5531
-148 5502
-147 5493
-146 5514
-145 5546
-144 5459
-143 5445
-142 5470
-141 5463
-140 5531
-139 5452
-138 5429
-137 5471
-136 5469
-135 5456
-134 5267
-133 5258
-132 5217
-131 5278
-130 5362
-129 5367
-128 5265
-127 5329
-126 5206
-125 5127
-124 5251
-123 5312
-122 5127
-121 5151
-120 5207
-119 5120
-118 5311
-117 5137
-116 5061
-115 5162
-114 5165
-113 5118
-112 5102
-111 5092
-110 4961
-109 4906
-108 4869
-107 4903
-106 5031
-105 4940
-104 4859
-103 4863
-102 4863
-101 4728
-100 5006
-99 4756
-98 4741
-97 4810
-96 4670
-95 4759
-94 4748
-93 4715
-92 4704
-91 4752
-90 4741
-89 4824
-88 4731
-87 4771
-86 4799
-85 4624
-84 4793
-83 4784
-82 4695
-81 4588
-80 4570
-79 4601
-78 4680
-77 4635
-76 4545
-75 4512
-74 4598
-73 4702
-72 4523
-71 4510
-70 4500
-69 4420
-68 4316
-67 4385
-66 4533
-65 4420
-64 4478
-63 4308
-62 4432
-61 4318
-60 4395
-59 4386
-58 4231
-57 4396
-56 4200
-55 4221
-54 4282
-53 4217
-52 4174
-51 4242
-50 4292
-49 4215
-48 4236
-47 4269
-46 4074
-45 4073
-44 4212
-43 4122
-42 4189
-41 4190
-40 4161
-39 4116
-38 4115
-37 4080
-36 4068
-35 3963
-34 4038
-33 4060
-32 3826
-31 3851
-30 3946
-29 3891
-28 3914
-27 3752
-26 4025
-25 3893
-24 3774
-23 3823
-22 3850
-21 3722
-20 3786
-19 3863
-18 3805
-17 3821
-16 3847
-15 3691
-14 3853
-13 3599
-12 3812
-11 3689
-10 3832
-9 3700
-8 3739
-7 3710
-6 3635
-5 3579
-4 3789
-3 3580
-2 3623
-1 3517
0 3569
1 3516
2 3452
3 3568
4 3511
5 3506
6 3465
7 3480
8 3401
9 3391
10 3358
11 3368
12 3279
13 3379
14 3340
15 3317
16 3379
17 3305
18 3378
19 3252
20 3186
21 3332
22 3261
23 3199
24 3174
25 3284
26 3173
27 3192
28 3158
29 3052
30 3212
31 3197
32 3139
33 3163
34 3152
35 3124
36 2967
37 3031
38 3047
39 2976
40 3022
41 3012
42 3034
43 3001
44 2975
45 3049
46 2964
47 2877
48 3001
49 2978
50 2963
51 2795
52 2802
53 2815
54 2679
55 2771
56 2790
57 2834
58 2732
59 2712
60 2728
61 2700
62 2764
63 2572
64 2686
65 2669
66 2597
67 2540
68 2489
69 2549
70 2416
71 2559
72 2458
73 2596
74 2469
75 2467
76 2422
77 2497
78 2471
79 2449
80 2574
81 2372
82 2532
83 2439
84 2483
85 2464
86 2367
87 2418
88 2312
89 2315
90 2385
91 2303
92 2380
93 2359
94 2228
95 2354
96 2242
97 2289
98 2232
99 2248
100 2157
101 2330
102 2138
103 2159
104 2226
105 2157
106 2203
107 2130
108 2146
109 2108
110 2138
111 2107
112 2066
113 2034
114 2138
115 2123
116 2064
117 2011
118 1936
119 2050
120 2020
121 1963
122 1954
123 1954
124 1939
125 1929
126 1888
127 1902
128 1860
129 1908
130 1810
131 1898
132 1828
133 1823
134 1773
135 1800
136 1781
137 1752
138 1763
139 1774
140 1771
141 1736
142 1718
143 1679
144 1691
145 1600
146 1607
147 1662
148 1533
149 1686
150 1647
151 1553
152 1574
153 1596
154 1492
155 1585
156 1553
157 1614
158 1519
159 1504
160 1620
161 1626
162 1570
163 1524
164 1462
165 1475
166 1448
167 1448
168 1421
169 1428
170 1403
171 1453
172 1369
173 1389
174 1384
175 1403
176 1409
177 1312
178 1380
179 1320
180 1277
181 1295
182 1369
183 1303
184 1278
185 1294
186 1249
187 1266
188 1334
189 1201
190 1225
191 1291
192 1212
193 1157
194 1242
195 1157
196 1136
197 1205
198 1225
199 1220
200 1201
201 1187
202 1157
203 1160
204 1136
205 1110
206 1188
207 1080
208 1158
209 1140
210 1083
211 1087
212 1043
213 1157
214 1085
215 1094
216 1072
217 1062
218 1015
219 1009
220 1054
221 1019
222 1053
223 996
224 1001
225 940
226 1001
227 971
228 947
229 943
230 932
231 963
232 890
233 947
234 918
235 905
236 937
237 848
238 863
239 907
240 856
241 932
242 868
243 896
244 905
245 828
246 846
247 811
248 827
249 823
250 865
251 799
252 799
253 799
254 835
255 795
256 795
257 832
258 722
259 779
260 825
261 752
262 744
263 779
264 781
265 739
266 714
267 765
268 724
269 681
270 734
271 729
272 696
273 674
274 725
275 732
276 717
277 713
278 703
279 666
280 659
281 667
282 664
283 659
284 664
285 711
286 784
287 714
288 741
289 699
290 745
291 724
292 676
293 727
294 700
295 693
296 684
297 685
298 668
299 679
300 700
301 675
302 657
303 645
304 644
305 707
306 670
307 672
308 650
309 673
310 642
311 645
312 614
313 687
314 655
315 678
316 684
317 652
318 691
319 617
320 673
321 699
322 651
323 673
324 604
325 665
326 663
327 629
328 628
329 618
330 600
331 618
332 610
333 572
334 627
335 644
336 601
337 662
338 644
339 664
340 612
341 638
342 612
343 638
344 647
345 662
346 716
347 693
348 667
349 677
350 720
351 699
352 656
353 723
354 723
355 717
356 736
357 745
358 800
359 775
360 777
361 754
362 805
363 741
364 732
365 748
366 771
367 708
368 718
369 689
370 706
371 776
372 746
373 747
374 773
375 749
376 788
377 748
378 752
379 762
380 730
381 768
382 775
383 722
384 807
385 750
386 730
387 812
388 859
389 781
390 804
391 797
392 784
393 743
394 751
395 773
396 776
397 749
398 771
399 803
400 770
401 832
402 775
403 758
404 741
405 764
406 773
407 780
408 746
409 785
410 728
411 746
412 704
413 780
414 731
415 730
416 782
417 791
418 782
419 772
420 703
421 746
422 776
423 762
424 747
425 734
426 736
427 731
428 754
429 745
430 732
431 726
432 725
433 730
434 735
435 722
436 740
437 748
438 784
439 768
440 734
441 751
442 736
443 741
444 782
445 711
446 753
447 748
448 773
449 729
450 690
451 729
452 756
453 759
454 750
455 727
456 762
457 763
458 747
459 744
460 707
461 721
462 736
463 705
464 752
465 775
466 718
467 727
468 718
469 749
470 690
471 751
472 739
473 709
474 769
475 726
476 758
477 771
478 736
479 782
480 719
481 793
482 761
483 753
484 788
485 839
486 796
487 810
488 777
489 783
490 790
491 805
492 767
493 801
494 784
495 759
496 824
497 871
498 801
499 808
500 795
501 836
502 701
503 820
504 863
505 816
506 801
507 796
508 756
509 775
510 816
511 771
512 788
513 734
514 777
515 782
516 792
517 740
518 804
519 773
520 805
521 793
522 711
523 715
524 804
525 769
526 749
527 755
528 840
529 838
530 820
531 757
532 764
533 761
534 765
535 777
536 780
537 768
538 798
539 794
540 760
541 740
542 754
543 778
544 722
545 739
546 702
547 769
548 711
549 702
550 748
551 759
552 721
553 753
554 678
555 685
556 736
557 771
558 741
559 716
560 747
561 722
562 721
563 698
564 669
565 708
566 738
567 719
568 705
569 726
570 677
571 676
572 673
573 696
574 718
575 716
576 669
577 697
578 692
579 660
580 705
581 660
582 692
583 673
584 656
585 694
586 681
587 670
588 691
589 679
590 671
591 674
592 683
593 694
594 625
595 671
596 668
597 641
598 642
599 649
600 607
601 620
602 653
603 653
604 611
605 635
606 646
607 655
608 583
609 611
610 642
611 626
612 637
613 653
614 659
615 589
616 684
617 611
618 604
619 608
620 662
621 605
622 625
623 587
624 604
625 628
626 603
627 609
628 589
629 622
630 567
631 602
632 632
633 548
634 597
635 546
636 584
637 605
638 626
639 594
640 544
641 530
642 584
643 590
644 565
645 589
646 545
647 532
648 593
649 523
650 541
651 544
652 546
653 503
654 532
655 521
656 511
657 521
658 541
659 489
660 517
661 518
662 516
663 530
664 490
665 465
666 518
667 504
668 535
669 509
670 477
671 498
672 542
673 470
674 513
675 463
676 468
677 495
678 453
679 536
680 467
681 491
682 491
683 468
684 499
685 499
686 453
687 508
688 429
689 455
690 486
691 461
692 475
693 452
694 465
695 458
696 449
697 415
698 477
699 464
700 453
701 461
702 447
703 407
704 432
705 458
706 428
707 446
708 431
709 444
710 430
711 476
712 424
713 426
714 388
715 417
716 397
717 419
718 433
719 454
720 428
721 412
722 428
723 435
724 405
725 424
726 393
727 423
728 407
729 375
730 381
731 398
732 410
733 392
734 405
735 392
736 394
737 412
738 405
739 388
740 347
741 411
742 337
743 383
744 419
745 382
746 396
747 380
748 388
749 392
750 358
751 359
752 383
753 381
754 372
755 357
756 377
757 395
758 369
759 351
760 368
761 346
762 366
763 354
764 344
765 346
766 371
767 368
768 357
769 353
770 320
771 365
772 360
773 357
774 334
775 341
776 389
777 356
778 353
779 317
780 356
781 354
782 361
783 355
784 326
785 334
786 335
787 311
788 308
789 328
790 302
791 335
792 324
793 336
794 328
795 342
796 321
797 331
798 377
799 300
800 308
801 330
802 303
803 325
804 323
805 305
806 272
807 330
808 292
809 316
810 308
811 320
812 290
813 300
814 311
815 277
816 303
817 295
818 303
819 305
820 275
821 302
822 290
823 257
824 284
825 333
826 308
827 243
828 299
829 278
830 263
831 290
832 287
833 277
834 272
835 296
836 270
837 237
838 270
839 253
840 269
841 264
842 279
843 284
844 265
845 247
846 266
847 281
848 253
849 260
850 257
851 238
852 255
853 283
854 256
855 259
856 233
857 266
858 241
859 235
860 245
861 237
862 246
863 262
864 240
865 253
866 244
867 264
868 225
869 241
870 228
871 243
872 208
873 241
874 243
875 249
876 235
877 219
878 213
879 205
880 234
881 237
882 231
883 207
884 229
885 213
886 212
887 227
888 216
889 212
890 202
891 221
892 237
893 192
894 214
895 191
896 209
897 213
898 213
899 221
900 199
901 211
902 196
903 177
904 188
905 186
906 216
907 216
908 203
909 205
910 197
911 186
912 198
913 189
914 207
915 212
916 202
917 181
918 199
919 178
920 190
921 167
922 205
923 163
924 164
925 193
926 170
927 158
928 194
929 182
930 154
931 165
932 181
933 184
934 171
935 192
936 170
937 183
938 166
939 164
940 199
941 187
942 166
943 177
944 162
945 163
946 169
947 142
948 146
949 174
950 136
951 162
952 143
953 178
954 160
955 144
956 141
957 154
958 167
959 138
960 173
961 144
962 158
963 163
964 152
965 144
966 128
967 153
968 140
969 147
970 146
971 129
972 138
973 107
974 146
975 153
976 132
977 141
978 152
979 143
980 143
981 157
982 136
983 137
984 150
985 145
986 119
987 124
988 126
989 125
990 126
991 145
992 123
993 135
994 144
995 139
996 111
997 138
998 128
999 127
1000 137
1001 135
1002 129
1003 130
1004 133
1005 127
1006 102
1007 124
1008 118
1009 127
1010 110
1011 116
1012 117
1013 108
1014 85
1015 112
1016 107
1017 111
1018 99
1019 135
1020 107
1021 119
1022 112
1023 106
1024 92
1025 98
1026 108
1027 103
1028 103
1029 101
1030 102
1031 108
1032 101
1033 107
1034 99
1035 113
1036 98
1037 97
1038 86
1039 89
1040 96
1041 98
1042 99
1043 95
1044 91
1045 103
1046 83
1047 89
1048 87
1049 87
1050 95
1051 103
1052 89
1053 84
1054 88
1055 89
1056 84
1057 95
1058 91
1059 83
1060 77
1061 78
1062 101
1063 80
1064 85
1065 79
1066 61
1067 87
1068 82
1069 70
1070 75
1071 89
1072 70
1073 90
1074 99
1075 62
1076 90
1077 78
1078 63
1079 75
1080 77
1081 77
1082 77
1083 73
1084 69
1085 65
1086 73
1087 74
1088 73
1089 62
1090 76
1091 84
1092 77
1093 83
1094 76
1095 59
1096 67
1097 63
1098 53
1099 69
1100 57
1101 60
1102 67
1103 69
1104 56
1105 61
1106 61
1107 59
1108 71
1109 53
1110 58
1111 56
1112 47
1113 58
1114 67
1115 71
1116 60
1117 61
1118 37
1119 61
1120 62
1121 68
1122 56
1123 43
1124 56
1125 63
1126 60
1127 58
1128 50
1129 63
1130 43
1131 44
1132 60
1133 55
1134 54
1135 46
1136 52
1137 58
1138 58
1139 37
1140 49
1141 50
1142 47
1143 57
1144 47
1145 42
1146 56
1147 50
1148 49
1149 55
1150 47
1151 49
1152 52
1153 50
1154 47
1155 45
1156 51
1157 58
1158 50
1159 43
1160 44
1161 36
1162 55
1163 57
1164 50
1165 37
1166 44
1167 36
1168 38
1169 43
1170 43
1171 50
1172 39
1173 46
1174 50
1175 50
1176 50
1177 45
1178 32
1179 45
1180 38
1181 42
1182 39
1183 43
1184 32
1185 37
1186 40
1187 31
1188 34
1189 39
1190 40
1191 35
1192 23
1193 38
1194 38
1195 28
1196 35
1197 28
1198 32
1199 35
1200 31
1201 40
1202 42
1203 25
1204 31
1205 32
1206 41
1207 32
1208 40
1209 33
1210 26
1211 40
1212 31
1213 22
1214 37
1215 24
1216 24
1217 30
1218 25
1219 29
1220 35
1221 25
1222 33
1223 30
1224 31
1225 32
1226 33
1227 31
1228 48
1229 29
1230 27
1231 27
1232 27
1233 18
1234 21
1235 35
1236 27
1237 20
1238 28
1239 30
1240 22
1241 29
1242 26
1243 30
1244 25
1245 14
1246 22
1247 29
1248 14
1249 18
1250 25
1251 27
1252 19
1253 16
1254 23
1255 30
1256 25
1257 22
1258 20
1259 21
1260 17
1261 12
1262 17
1263 25
1264 24
1265 25
1266 17
1267 14
1268 19
1269 26
1270 22
1271 20
1272 20
1273 23
1274 17
1275 24
1276 26
1277 17
1278 24
1279 17
1280 20
1281 17
1282 11
1283 10
1284 19
1285 23
1286 20
1287 19
1288 15
1289 22
1290 19
1291 17
1292 15
1293 13
1294 19
1295 16
1296 20
1297 17
1298 8
1299 11
1300 14
1301 12
1302 14
1303 14
1304 13
1305 15
1306 8
1307 12
1308 13
1309 7
1310 8
1311 13
1312 9
1313 14
1314 13
1315 12
1316 5
1317 9
1318 16
1319 11
1320 11
1321 10
1322 7
1323 10
1324 10
1325 10
1326 10
1327 12
1328 15
1329 11
1330 11
1331 12
1332 22
1333 8
1334 12
1335 9
1336 10
1337 10
1338 7
1339 8
1340 14
1341 8
1342 12
1343 5
1344 10
1345 6
1346 11
1347 8
1348 10
1349 10
1350 9
1351 7
1352 13
1353 9
1354 5
1355 11
1356 11
1357 8
1358 5
1359 7
1360 8
1361 6
1362 10
1363 3
1364 8
1365 5
1366 7
1367 8
1368 8
1369 3
1370 3
1371 12
1372 5
1373 7
1374 4
1375 5
1376 5
1377 11
1378 8
1379 11
1380 4
1381 9
1382 4
1383 5
1384 5
1385 14
1386 7
1387 5
1388 8
1389 4
1390 7
1391 8
1392 6
1393 6
1394 6
1395 4
1396 12
1397 4
1398 4
1399 9
1400 8
1401 2
1402 9
1403 4
1404 2
1405 3
1406 9
1407 6
1408 7
1409 6
1410 3
1411 4
1412 8
1413 2
1414 1
1415 4
1416 2
1417 2
1418 5
1419 5
1420 6
1421 6
1422 3
1423 6
1424 6
1425 2
1426 9
1427 7
1428 6
1429 2
1430 5
1431 2
1432 1
1433 6
1434 4
1435 4
1436 4
1437 4
1438 8
1439 2
1440 4
1441 4
1442 4
1443 4
1445 1
1446 6
1447 6
1448 3
1450 2
1451 2
1452 2
1453 5
1454 1
1455 4
1456 3
1457 4
1458 1
1459 1
1460 4
1461 4
1462 3
1463 3
1464 2
1465 4
1466 1
1467 2
1468 1
1469 1
1470 2
1471 3
1472 2
1474 3
1475 2
1476 1
1477 3
1478 2
1480 2
1481 1
1482 2
1483 2
1484 1
1486 5
1487 1
1488 1
1489 5
1490 2
1492 5
1493 1
1495 2
1496 3
1497 3
1499 4
1500 2
1501 1
1502 2
1504 2
1506 2
1507 1
1508 2
1511 4
1512 1
1514 1
1515 1
1516 2
1517 3
1518 1
1519 1
1520 1
1521 4
1522 3
1523 1
1526 1
1527 2
1528 2
1529 1
1530 1
1531 1
1532 1
1533 1
1534 1
1535 1
1537 1
1539 4
1540 2
1541 3
1543 1
1545 2
1546 1
1547 1
1548 2
1550 1
1552 1
1553 2
1554 1
1556 1
1558 1
1560 1
1562 1
1564 1
1565 1
1566 1
1567 1
1569 1
1570 1
1571 1
1574 1
1585 1
1586 1
1588 1
1589 1
1590 1
1592 1
1594 1
1600 1
1602 1
1603 1
1607 1
1611 1
1612 2
1618 1
1620 1
1623 1
1624 1
1630 2
1648 1
1681 1
1695 1
1736 1
1745 1
1750 1
1781 1
