61 4
62 4
63 11
64 20
65 23
66 51
67 88
68 105
69 122
70 91
71 108
72 127
73 148
74 135
75 128
76 126
77 121
78 81
79 136
80 134
81 125
82 136
83 116
84 124
85 121
86 131
87 112
88 133
89 112
90 106
91 138
92 130
93 134
94 127
95 137
96 155
97 176
98 183
99 211
100 203
101 223
102 264
103 229
104 216
105 213
106 214
107 222
108 218
109 233
110 216
111 217
112 223
113 225
114 224
115 266
116 231
117 252
118 259
119 254
120 262
121 240
122 253
123 248
124 258
125 268
126 264
127 243
128 255
129 240
130 260
131 287
132 272
133 268
134 279
135 316
136 307
137 350
138 339
139 403
140 408
141 439
142 452
143 464
144 573
145 562
146 577
147 626
148 615
149 601
150 598
151 603
152 633
153 607
154 571
155 627
156 623
157 721
158 758
159 755
160 706
161 752
162 744
163 699
164 831
165 832
166 808
167 828
168 841
169 881
170 865
171 805
172 899
173 874
174 902
175 930
176 963
177 990
178 1004
179 1041
180 1099
181 1128
182 1076
183 1098
184 1129
185 1189
186 1203
187 1236
188 1373
189 1456
190 1665
191 1758
192 1748
193 1690
194 1679
195 1667
196 1745
197 1841
198 1986
199 1955
200 2057
201 1925
202 1881
203 1923
204 1903
205 1935
206 1820
207 1887
208 1807
209 1921
210 1866
211 1811
212 1863
213 1797
214 1964
215 1972
216 2013
217 1960
218 1995
219 2006
220 1962
221 2015
222 2125
223 2170
224 2094
225 2260
226 2208
227 2172
228 2279
229 2344
230 2313
231 2275
232 2272
233 2307
234 2365
235 2245
236 2288
237 2209
238 2177
239 2292
240 2286
241 2332
242 2288
243 2372
244 2443
245 2669
246 2864
247 2953
248 3103
249 3197
250 3346
251 3401
252 3442
253 3502
254 3455
255 3486
256 3770
257 3736
258 4069
259 4035
260 4079
261 4153
262 4154
263 4085
264 4232
265 4126
266 4136
267 4097
268 4411
269 4620
270 4655
271 4685
272 4678
273 4678
274 4767
275 4761
276 4695
277 4881
278 4890
279 4901
280 4968
281 4966
282 4963
283 4987
284 4914
285 5073
286 4935
287 4893
288 4948
289 4982
290 5041
291 4989
292 4985
293 5069
294 5122
295 5291
296 5137
297 5131
298 5103
299 4965
300 5056
301 5239
302 5225
303 5148
304 5084
305 5191
306 5207
307 5091
308 5083
309 5123
310 5065
311 5075
312 5100
313 5148
314 5148
315 5330
316 5278
317 5346
318 5307
319 5382
320 5365
321 5473
322 5537
323 5613
324 5629
325 5640
326 5587
327 5743
328 5951
329 5925
330 5884
331 6031
332 6148
333 5917
334 6179
335 6417
336 6519
337 6708
338 6706
339 6801
340 6763
341 7012
342 6839
343 6808
344 6775
345 6911
346 6744
347 6715
348 6705
349 6776
350 6583
351 6619
352 6804
353 6760
354 6901
355 6893
356 6925
357 6941
358 6955
359 7109
360 7115
361 7204
362 7168
363 7391
364 7511
365 7517
366 7358
367 7308
368 7358
369 7334
370 7474
371 7396
372 7482
373 7628
374 7550
375 7408
376 7443
377 7490
378 7357
379 7545
380 7550
381 7545
382 7699
383 7758
384 7769
385 7765
386 7584
387 7626
388 7716
389 7670
390 7792
391 7913
392 7953
393 7985
394 7798
395 7833
396 7976
397 7872
398 8009
399 8169
400 7896
401 8108
402 7815
403 7777
404 7988
405 8175
406 8028
407 8077
408 8149
409 8119
410 8014
411 8207
412 8275
413 8262
414 8211
415 8251
416 8216
417 8145
418 8300
419 8339
420 8205
421 8082
422 8069
423 8080
424 8123
425 8241
426 8096
427 8434
428 8232
429 8142
430 8099
431 8222
432 8267
433 8325
434 8456
435 8311
436 8602
437 8405
438 8446
439 8476
440 8457
441 8450
442 8482
443 8636
444 8515
445 8620
446 8538
447 8671
448 8557
449 8670
450 8564
451 8692
452 8434
453 8665
454 8709
455 8647
456 8385
457 8434
458 8493
459 8627
460 8521
461 8507
462 8418
463 8563
464 8663
465 8540
466 8627
467 8498
468 8581
469 8441
470 8381
471 8444
472 8306
473 8452
474 8473
475 8612
476 8631
477 8684
478 8610
479 8678
480 8562
481 8754
482 8646
483 8693
484 8452
485 8740
486 8634
487 8494
488 8757
489 8597
490 8599
491 8673
492 8525
493 8596
494 8419
495 8548
496 8505
497 8287
498 8576
499 8338
500 8522
501 8447
502 8511
503 8687
504 8715
505 8560
506 8714
507 8648
508 8558
509 8352
510 8269
511 8295
512 8472
513 8200
514 8220
515 8311
516 8283
517 8300
518 8353
519 8287
520 8133
521 8234
522 7986
523 8126
524 7997
525 8100
526 8198
527 8061
528 7944
529 7989
530 7945
531 7991
532 7974
533 7862
534 8008
535 8048
536 7916
537 7935
538 7977
539 8020
540 7961
541 8091
542 7868
543 7646
544 7783
545 7696
546 7627
547 7684
548 7572
549 7532
550 7506
551 7411
552 7566
553 7460
554 7399
555 7451
556 7411
557 7283
558 7379
559 7418
560 7324
561 7354
562 7415
563 7211
564 7341
565 7314
566 7236
567 7056
568 7274
569 7212
570 7149
571 7088
572 7057
573 7034
574 7119
575 7082
576 6938
577 7129
578 6977
579 6863
580 6947
581 6959
582 6960
583 7024
584 7041
585 7018
586 7113
587 6911
588 6942
589 6949
590 6785
591 6983
592 6799
593 6864
594 6867
595 6711
596 6748
597 6776
598 6531
599 6654
600 6731
601 6587
602 6428
603 6498
604 6557
605 6486
606 6546
607 6534
608 6537
609 6553
610 6484
611 6323
612 6290
613 6469
614 6380
615 6321
616 6448
617 6209
618 6317
619 6434
620 6261
621 6340
622 6283
623 6261
624 6249
625 6067
626 6254
627 6216
628 6137
629 6247
630 6101
631 6343
632 6249
633 6153
634 6047
635 5946
636 6125
637 6045
638 6061
639 6023
640 5867
641 5956
642 5721
643 5781
644 5944
645 5791
646 5848
647 5830
648 5772
649 5707
650 5653
651 5739
652 5666
653 5656
654 5575
655 5507
656 5479
657 5557
658 5431
659 5423
660 5506
661 5308
662 5276
663 5298
664 5217
665 5286
666 5176
667 5240
668 5313
669 5169
670 5194
671 5157
672 5145
673 5032
674 5145
675 4988
676 5086
677 5282
678 5007
679 5154
680 5134
681 4960
682 5075
683 5176
684 5023
685 4963
686 5024
687 5016
688 5021
689 4874
690 4931
691 4887
692 5071
693 4810
694 4870
695 4681
696 4785
697 4922
698 4807
699 4790
700 4695
701 4669
702 4720
703 4709
704 4675
705 4644
706 4566
707 4679
708 4688
709 4665
710 4681
711 4682
712 4469
713 4494
714 4587
715 4499
716 4392
717 4594
718 4462
719 4493
720 4575
721 4350
722 4392
723 4367
724 4381
725 4288
726 4264
727 4253
728 4262
729 4069
730 4187
731 4114
732 4204
733 4158
734 4181
735 4019
736 4066
737 4100
738 4009
739 4120
740 3913
741 3891
742 3986
743 3945
744 3751
745 3897
746 3772
747 3730
748 3893
749 3771
750 3835
751 3811
752 3641
753 3817
754 3704
755 3650
756 3590
757 3573
758 3623
759 3481
760 3543
761 3535
762 3509
763 3500
764 3486
765 3426
766 3357
767 3405
768 3406
769 3416
770 3252
771 3264
772 3315
773 3173
774 3164
775 3230
776 3147
777 3084
778 3199
779 3055
780 3105
781 3102
782 3037
783 3034
784 3052
785 2881
786 2969
787 2864
788 2951
789 2972
790 2875
791 2916
792 2990
793 2979
794 2842
795 2856
796 2859
797 2723
798 2734
799 2722
800 2735
801 2697
802 2726
803 2672
804 2548
805 2572
806 2637
807 2751
808 2567
809 2529
810 2565
811 2630
812 2520
813 2375
814 2480
815 2545
816 2333
817 2467
818 2364
819 2407
820 2307
821 2229
822 2301
823 2394
824 2226
825 2200
826 2248
827 2188
828 2205
829 2184
830 2192
831 2126
832 2172
833 2144
834 1989
835 2115
836 1992
837 2089
838 2043
839 2005
840 2026
841 2013
842 2042
843 1974
844 1985
845 1903
846 1939
847 1868
848 1807
849 1838
850 1850
851 1814
852 1815
853 1750
854 1740
855 1782
856 1800
857 1689
858 1757
859 1695
860 1649
861 1664
862 1591
863 1620
864 1629
865 1574
866 1573
867 1611
868 1573
869 1514
870 1524
871 1466
872 1562
873 1455
874 1483
875 1478
876 1427
877 1462
878 1475
879 1464
880 1425
881 1330
882 1398
883 1340
884 1380
885 1312
886 1270
887 1347
888 1293
889 1295
890 1353
891 1238
892 1159
893 1271
894 1229
895 1232
896 1177
897 1179
898 1205
899 1137
900 1193
901 1173
902 1141
903 1093
904 1063
905 1133
906 1079
907 1038
908 1091
909 1013
910 1019
911 1036
912 1037
913 1005
914 976
915 991
916 944
917 964
918 975
919 947
920 886
921 935
922 907
923 927
924 886
925 841
926 830
927 832
928 882
929 810
930 892
931 845
932 822
933 754
934 794
935 727
936 830
937 779
938 785
939 799
940 781
941 771
942 750
943 749
944 731
945 741
946 721
947 714
948 750
949 704
950 709
951 705
952 718
953 666
954 657
955 636
956 653
957 652
958 632
959 633
960 710
961 658
962 626
963 651
964 586
965 606
966 613
967 603
968 614
969 606
970 553
971 547
972 558
973 549
974 533
975 540
976 630
977 559
978 559
979 547
980 510
981 548
982 562
983 534
984 532
985 491
986 519
987 499
988 495
989 485
990 497
991 523
992 492
993 487
994 521
995 500
996 448
997 468
998 446
999 509
1000 426
1001 469
1002 463
1003 462
1004 463
1005 448
1006 449
1007 456
1008 466
1009 427
1010 460
1011 447
1012 437
1013 408
1014 434
1015 435
1016 423
1017 415
1018 371
1019 374
1020 425
1021 372
1022 379
1023 399
1024 416
1025 396
1026 354
1027 394
1028 348
1029 394
1030 355
1031 362
1032 320
1033 341
1034 370
1035 359
1036 329
1037 336
1038 336
1039 307
1040 354
1041 311
1042 305
1043 326
1044 310
1045 306
1046 294
1047 316
1048 307
1049 276
1050 307
1051 312
1052 316
1053 321
1054 297
1055 299
1056 299
1057 306
1058 285
1059 330
1060 267
1061 252
1062 258
1063 262
1064 266
1065 300
1066 275
1067 283
1068 264
1069 266
1070 256
1071 240
1072 254
1073 239
1074 248
1075 266
1076 267
1077 224
1078 221
1079 254
1080 251
1081 260
1082 263
1083 229
1084 230
1085 237
1086 234
1087 254
1088 226
1089 205
1090 247
1091 206
1092 224
1093 218
1094 224
1095 229
1096 255
1097 250
1098 230
1099 217
1100 200
1101 244
1102 229
1103 213
1104 209
1105 208
1106 204
1107 203
1108 199
1109 202
1110 202
1111 200
1112 199
1113 205
1114 239
1115 213
1116 208
1117 179
1118 200
1119 173
1120 209
1121 207
1122 199
1123 230
1124 203
1125 189
1126 212
1127 197
1128 184
1129 212
1130 185
1131 195
1132 197
1133 196
1134 195
1135 184
1136 215
1137 205
1138 199
1139 188
1140 192
1141 201
1142 175
1143 190
1144 163
1145 164
1146 182
1147 192
1148 177
1149 198
1150 192
1151 214
1152 173
1153 186
1154 205
1155 212
1156 192
1157 205
1158 217
1159 197
1160 180
1161 204
1162 188
1163 222
1164 182
1165 191
1166 188
1167 208
1168 178
1169 205
1170 204
1171 197
1172 211
1173 159
1174 186
1175 204
1176 226
1177 189
1178 203
1179 196
1180 218
1181 198
1182 221
1183 217
1184 212
1185 174
1186 201
1187 185
1188 189
1189 203
1190 205
1191 188
1192 203
1193 213
1194 246
1195 202
1196 203
1197 221
1198 229
1199 223
1200 212
1201 192
1202 231
1203 205
1204 227
1205 240
1206 219
1207 218
1208 205
1209 212
1210 251
1211 213
1212 220
1213 230
1214 216
1215 213
1216 237
1217 218
1218 240
1219 238
1220 205
1221 230
1222 252
1223 245
1224 227
1225 216
1226 229
1227 232
1228 228
1229 227
1230 259
1231 224
1232 243
1233 213
1234 224
1235 220
1236 236
1237 237
1238 242
1239 244
1240 246
1241 237
1242 251
1243 220
1244 234
1245 256
1246 255
1247 229
1248 279
1249 232
1250 259
1251 256
1252 248
1253 238
1254 220
1255 238
1256 229
1257 210
1258 224
1259 240
1260 281
1261 223
1262 242
1263 216
1264 258
1265 241
1266 244
1267 254
1268 263
1269 230
1270 209
1271 239
1272 228
1273 249
1274 239
1275 246
1276 217
1277 225
1278 247
1279 258
1280 211
1281 269
1282 232
1283 233
1284 233
1285 236
1286 233
1287 237
1288 211
1289 223
1290 217
1291 229
1292 197
1293 207
1294 238
1295 224
1296 215
1297 220
1298 220
1299 231
1300 198
1301 235
1302 230
1303 225
1304 229
1305 215
1306 213
1307 222
1308 222
1309 222
1310 233
1311 199
1312 221
1313 199
1314 217
1315 200
1316 204
1317 194
1318 219
1319 209
1320 206
1321 203
1322 204
1323 217
1324 211
1325 208
1326 195
1327 190
1328 227
1329 216
1330 206
1331 177
1332 192
1333 195
1334 205
1335 158
1336 182
1337 188
1338 221
1339 207
1340 201
1341 205
1342 198
1343 190
1344 190
1345 196
1346 178
1347 188
1348 186
1349 199
1350 188
1351 196
1352 182
1353 209
1354 193
1355 173
1356 202
1357 158
1358 193
1359 187
1360 196
1361 178
1362 192
1363 158
1364 194
1365 179
1366 162
1367 190
1368 175
1369 186
1370 174
1371 173
1372 163
1373 189
1374 153
1375 151
1376 193
1377 171
1378 177
1379 165
1380 165
1381 174
1382 176
1383 177
1384 179
1385 172
1386 163
1387 146
1388 156
1389 150
1390 181
1391 180
1392 161
1393 163
1394 139
1395 151
1396 160
1397 151
1398 135
1399 156
1400 167
1401 129
1402 176
1403 154
1404 169
1405 163
1406 138
1407 143
1408 151
1409 170
1410 164
1411 139
1412 123
1413 140
1414 130
1415 144
1416 145
1417 145
1418 166
1419 164
1420 147
1421 146
1422 156
1423 126
1424 129
1425 134
1426 128
1427 150
1428 126
1429 120
1430 130
1431 122
1432 141
1433 139
1434 112
1435 114
1436 136
1437 141
1438 142
1439 143
1440 126
1441 140
1442 128
1443 114
1444 131
1445 117
1446 148
1447 128
1448 122
1449 121
1450 122
1451 128
1452 144
1453 117
1454 102
1455 125
1456 124
1457 107
1458 111
1459 105
1460 109
1461 104
1462 102
1463 119
1464 102
1465 114
1466 95
1467 113
1468 93
1469 128
1470 106
1471 110
1472 102
1473 97
1474 93
1475 90
1476 111
1477 117
1478 92
1479 112
1480 116
1481 87
1482 111
1483 105
1484 84
1485 121
1486 95
1487 96
1488 102
1489 110
1490 84
1491 92
1492 89
1493 85
1494 72
1495 98
1496 72
1497 83
1498 78
1499 104
1500 89
1501 94
1502 92
1503 73
1504 88
1505 69
1506 98
1507 87
1508 80
1509 81
1510 90
1511 71
1512 74
1513 88
1514 81
1515 88
1516 89
1517 68
1518 83
1519 83
1520 71
1521 67
1522 76
1523 94
1524 74
1525 88
1526 77
1527 72
1528 76
1529 76
1530 74
1531 82
1532 69
1533 61
1534 69
1535 63
1536 63
1537 74
1538 70
1539 76
1540 72
1541 54
1542 75
1543 55
1544 50
1545 75
1546 65
1547 47
1548 58
1549 64
1550 77
1551 78
1552 60
1553 54
1554 58
1555 71
1556 64
1557 72
1558 51
1559 65
1560 63
1561 63
1562 45
1563 70
1564 59
1565 61
1566 53
1567 53
1568 60
1569 64
1570 45
1571 48
1572 53
1573 58
1574 54
1575 53
1576 58
1577 45
1578 25
1579 48
1580 45
1581 36
1582 50
1583 48
1584 57
1585 36
1586 50
1587 35
1588 59
1589 44
1590 47
1591 51
1592 48
1593 53
1594 43
1595 35
1596 57
1597 36
1598 29
1599 40
1600 43
1601 38
1602 40
1603 39
1604 51
1605 42
1606 43
1607 37
1608 37
1609 34
1610 36
1611 38
1612 33
1613 37
1614 36
1615 30
1616 32
1617 29
1618 37
1619 31
1620 35
1621 36
1622 19
1623 41
1624 35
1625 35
1626 27
1627 30
1628 32
1629 39
1630 40
1631 37
1632 35
1633 39
1634 28
1635 27
1636 29
1637 33
1638 34
1639 33
1640 37
1641 34
1642 38
1643 24
1644 29
1645 22
1646 23
1647 31
1648 24
1649 38
1650 32
1651 26
1652 37
1653 20
1654 38
1655 30
1656 19
1657 25
1658 26
1659 20
1660 21
1661 24
1662 20
1663 23
1664 25
1665 29
1666 25
1667 19
1668 12
1669 29
1670 25
1671 18
1672 26
1673 20
1674 13
1675 21
1676 24
1677 25
1678 16
1679 19
1680 22
1681 23
1682 22
1683 17
1684 17
1685 19
1686 25
1687 18
1688 24
1689 14
1690 19
1691 20
1692 24
1693 18
1694 12
1695 22
1696 15
1697 13
1698 10
1699 13
1700 19
1701 19
1702 14
1703 21
1704 16
1705 16
1706 21
1707 20
1708 16
1709 13
1710 17
1711 11
1712 15
1713 20
1714 19
1715 12
1716 8
1717 15
1718 15
1719 14
1720 13
1721 11
1722 24
1723 15
1724 13
1725 13
1726 19
1727 10
1728 12
1729 9
1730 12
1731 13
1732 15
1733 13
1734 14
1735 13
1736 14
1737 7
1738 12
1739 10
1740 9
1741 10
1742 9
1743 13
1744 11
1745 14
1746 17
1747 18
1748 9
1749 8
1750 7
1751 7
1752 8
1753 10
1754 14
1755 20
1756 14
1757 13
1758 15
1759 9
1760 12
1761 15
1762 11
1763 9
1764 13
1765 10
1766 10
1767 11
1768 3
1769 9
1770 10
1771 10
1772 15
1773 10
1774 8
1775 15
1776 9
1777 11
1778 8
1779 8
1780 10
1781 6
1782 8
1783 5
1784 6
1785 5
1786 7
1787 6
1788 11
1789 10
1790 7
1791 7
1792 7
1793 5
1794 5
1795 5
1796 12
1797 10
1798 7
1799 3
1800 9
1801 10
1802 4
1803 2
1804 7
1805 4
1806 6
1807 5
1808 2
1809 6
1810 8
1811 3
1812 1
1813 9
1814 7
1815 3
1816 5
1817 7
1818 6
1819 7
1820 4
1821 2
1822 5
1823 5
1824 5
1825 4
1826 6
1827 5
1828 5
1829 2
1830 10
1831 4
1832 5
1833 2
1834 5
1835 4
1836 2
1837 3
1838 2
1839 6
1840 8
1841 3
1842 1
1843 3
1844 1
1845 2
1846 5
1847 3
1848 7
1849 3
1850 4
1851 4
1852 6
1853 2
1854 2
1855 2
1856 1
1857 2
1858 4
1859 4
1860 1
1861 5
1862 3
1863 3
1864 4
1865 1
1866 4
1867 1
1868 4
1870 4
1871 3
1872 2
1873 5
1874 6
1875 4
1876 1
1877 4
1878 1
1879 1
1880 1
1883 5
1884 3
1885 3
1886 3
1887 1
1888 2
1891 8
1892 3
1893 3
1894 2
1895 2
1896 4
1897 3
1899 2
1900 1
1901 1
1903 1
1905 1
1906 1
1907 1
1908 1
1910 1
1911 3
1912 4
1914 1
1915 3
1916 2
1917 3
1919 1
1920 1
1921 2
1923 2
1924 1
1927 2
1928 3
1929 1
1931 1
1932 1
1933 1
1935 2
1936 1
1937 3
1938 2
1939 1
1941 2
1944 2
1947 2
1948 1
1949 1
1950 1
1951 2
1952 2
1953 1
1954 2
1955 1
1957 1
1960 1
1962 1
1964 2
1967 1
1968 1
1969 1
1971 1
1975 1
1976 2
1977 3
1979 2
1981 1
1982 1
1987 2
1988 1
1995 1
1996 1
1999 1
2003 1
2004 1
2006 1
2009 1
2010 1
2016 1
2020 2
2024 2
2030 1
2032 1
2035 1
2036 1
2039 1
2040 1
2042 1
2043 1
2046 1
2048 2
2052 1
2054 1
2061 1
2067 1
2094 1
2098 1
2114 1
2144 1
