612 3
613 9
614 48
615 66
616 71
617 80
618 84
619 88
620 73
621 88
622 72
623 77
624 49
625 65
626 54
627 59
628 54
629 59
630 53
631 50
632 53
633 46
634 61
635 87
636 116
637 105
638 104
639 89
640 100
641 117
642 94
643 87
644 75
645 73
646 84
647 83
648 79
649 78
650 73
651 89
652 74
653 67
654 85
655 78
656 68
657 66
658 60
659 72
660 75
661 82
662 75
663 82
664 81
665 94
666 87
667 82
668 85
669 73
670 91
671 75
672 89
673 128
674 164
675 193
676 223
677 261
678 275
679 269
680 282
681 285
682 313
683 300
684 320
685 383
686 491
687 500
688 537
689 545
690 531
691 528
692 590
693 593
694 614
695 599
696 612
697 607
698 655
699 650
700 602
701 632
702 670
703 618
704 665
705 645
706 612
707 617
708 637
709 574
710 590
711 610
712 554
713 646
714 608
715 602
716 571
717 574
718 605
719 545
720 656
721 600
722 599
723 656
724 635
725 643
726 639
727 661
728 712
729 614
730 669
731 630
732 717
733 605
734 593
735 601
736 602
737 606
738 594
739 613
740 596
741 589
742 634
743 589
744 605
745 629
746 693
747 646
748 641
749 625
750 636
751 653
752 629
753 669
754 648
755 671
756 621
757 662
758 675
759 710
760 683
761 730
762 735
763 713
764 710
765 724
766 782
767 710
768 728
769 769
770 718
771 743
772 751
773 751
774 724
775 732
776 749
777 790
778 760
779 822
780 756
781 778
782 805
783 786
784 780
785 776
786 765
787 761
788 786
789 826
790 860
791 927
792 892
793 964
794 927
795 960
796 981
797 910
798 890
799 953
800 1000
801 976
802 970
803 952
804 912
805 982
806 884
807 888
808 922
809 867
810 934
811 893
812 896
813 916
814 959
815 919
816 872
817 933
818 926
819 922
820 887
821 912
822 905
823 969
824 927
825 1021
826 1046
827 1037
828 1011
829 1021
830 1002
831 1010
832 960
833 958
834 945
835 951
836 961
837 959
838 960
839 896
840 991
841 952
842 946
843 906
844 936
845 962
846 908
847 938
848 915
849 938
850 952
851 1014
852 1004
853 989
854 1026
855 957
856 1044
857 981
858 1001
859 991
860 1045
861 1038
862 1037
863 1063
864 1052
865 998
866 1004
867 951
868 1058
869 1045
870 1047
871 1062
872 1059
873 1092
874 1074
875 1068
876 966
877 1042
878 1026
879 961
880 964
881 986
882 955
883 928
884 954
885 949
886 934
887 958
888 975
889 880
890 972
891 1007
892 951
893 953
894 971
895 935
896 993
897 1035
898 1022
899 1120
900 1134
901 1105
902 1122
903 1173
904 1199
905 1246
906 1209
907 1177
908 1242
909 1257
910 1231
911 1304
912 1258
913 1334
914 1282
915 1245
916 1303
917 1234
918 1275
919 1224
920 1193
921 1168
922 1220
923 1149
924 1196
925 1229
926 1180
927 1202
928 1167
929 1220
930 1202
931 1209
932 1204
933 1205
934 1291
935 1273
936 1262
937 1313
938 1352
939 1352
940 1389
941 1338
942 1284
943 1344
944 1353
945 1315
946 1379
947 1329
948 1351
949 1479
950 1333
951 1393
952 1421
953 1347
954 1392
955 1344
956 1377
957 1347
958 1343
959 1468
960 1439
961 1429
962 1532
963 1430
964 1456
965 1537
966 1509
967 1516
968 1475
969 1513
970 1517
971 1486
972 1549
973 1570
974 1532
975 1585
976 1534
977 1580
978 1500
979 1651
980 1616
981 1636
982 1672
983 1760
984 1772
985 1709
986 1749
987 1728
988 1794
989 1807
990 1779
991 1970
992 1930
993 1924
994 1886
995 1888
996 1971
997 1986
998 1975
999 1987
1000 1995
1001 2020
1002 1987
1003 2129
1004 2171
1005 2145
1006 2146
1007 2237
1008 2226
1009 2247
1010 2250
1011 2396
1012 2362
1013 2418
1014 2492
1015 2334
1016 2471
1017 2554
1018 2436
1019 2512
1020 2524
1021 2428
1022 2529
1023 2609
1024 2644
1025 2682
1026 2695
1027 2707
1028 2702
1029 2689
1030 2633
1031 2562
1032 2682
1033 2674
1034 2612
1035 2664
1036 2619
1037 2618
1038 2632
1039 2724
1040 2692
1041 2717
1042 2715
1043 2658
1044 2832
1045 2833
1046 2706
1047 2784
1048 2823
1049 2825
1050 2778
1051 2796
1052 2803
1053 2849
1054 2870
1055 2836
1056 2898
1057 2911
1058 2909
1059 2905
1060 2893
1061 2829
1062 2893
1063 2835
1064 2788
1065 2840
1066 2869
1067 2821
1068 2878
1069 2840
1070 2860
1071 2874
1072 2856
1073 2877
1074 2922
1075 2952
1076 2868
1077 2896
1078 3144
1079 3057
1080 3032
1081 3144
1082 3027
1083 3139
1084 3045
1085 3039
1086 2954
1087 2977
1088 3007
1089 3057
1090 3054
1091 2926
1092 2905
1093 3035
1094 3069
1095 3031
1096 3161
1097 3225
1098 3056
1099 3207
1100 3203
1101 3090
1102 3170
1103 3170
1104 3110
1105 3253
1106 3201
1107 3176
1108 3193
1109 3290
1110 3233
1111 3264
1112 3315
1113 3327
1114 3355
1115 3414
1116 3418
1117 3517
1118 3388
1119 3492
1120 3476
1121 3426
1122 3399
1123 3414
1124 3411
1125 3367
1126 3584
1127 3490
1128 3549
1129 3516
1130 3593
1131 3474
1132 3633
1133 3479
1134 3571
1135 3617
1136 3560
1137 3615
1138 3561
1139 3525
1140 3630
1141 3531
1142 3555
1143 3683
1144 3682
1145 3726
1146 3745
1147 3764
1148 3765
1149 3810
1150 3742
1151 3837
1152 3807
1153 3909
1154 3799
1155 3846
1156 3787
1157 3779
1158 3943
1159 4014
1160 3905
1161 3878
1162 3994
1163 3986
1164 3953
1165 3989
1166 3948
1167 3990
1168 4024
1169 4024
1170 4121
1171 4062
1172 4004
1173 4030
1174 3937
1175 4043
1176 4068
1177 4075
1178 4110
1179 4094
1180 4256
1181 4292
1182 4244
1183 4193
1184 4305
1185 4414
1186 4359
1187 4414
1188 4589
1189 4438
1190 4544
1191 4595
1192 4578
1193 4540
1194 4759
1195 4700
1196 4814
1197 4790
1198 4717
1199 4725
1200 4792
1201 4871
1202 4864
1203 4821
1204 4881
1205 4897
1206 4822
1207 4913
1208 4878
1209 4872
1210 4977
1211 4726
1212 5091
1213 5026
1214 5028
1215 4981
1216 4981
1217 4856
1218 5052
1219 5006
1220 5038
1221 5010
1222 4977
1223 4945
1224 4942
1225 5019
1226 5104
1227 5099
1228 5231
1229 5109
1230 5108
1231 5176
1232 5202
1233 5042
1234 5035
1235 5047
1236 5195
1237 5174
1238 5162
1239 5088
1240 5136
1241 5112
1242 5173
1243 5203
1244 5310
1245 5180
1246 5223
1247 5199
1248 5321
1249 5375
1250 5390
1251 5381
1252 5490
1253 5435
1254 5380
1255 5410
1256 5606
1257 5324
1258 5408
1259 5363
1260 5467
1261 5654
1262 5373
1263 5447
1264 5487
1265 5637
1266 5637
1267 5644
1268 5565
1269 5698
1270 5722
1271 5703
1272 5717
1273 5666
1274 5671
1275 5924
1276 5872
1277 5818
1278 5745
1279 5836
1280 5854
1281 5689
1282 5914
1283 5653
1284 5752
1285 5801
1286 5763
1287 5712
1288 5713
1289 5743
1290 5733
1291 5896
1292 5877
1293 5800
1294 5908
1295 5871
1296 6073
1297 5879
1298 5895
1299 5917
1300 5867
1301 5846
1302 6044
1303 5879
1304 6027
1305 6069
1306 6148
1307 5901
1308 6189
1309 6002
1310 5946
1311 6194
1312 6247
1313 6046
1314 6166
1315 6327
1316 6130
1317 6234
1318 6167
1319 6024
1320 6251
1321 6261
1322 6323
1323 6305
1324 6125
1325 6223
1326 6337
1327 6161
1328 6161
1329 6384
1330 6400
1331 6407
1332 6387
1333 6294
1334 6642
1335 6304
1336 6575
1337 6526
1338 6522
1339 6446
1340 6339
1341 6530
1342 6553
1343 6418
1344 6570
1345 6416
1346 6626
1347 6674
1348 6438
1349 6754
1350 6645
1351 6615
1352 6551
1353 6509
1354 6489
1355 6443
1356 6618
1357 6715
1358 6624
1359 6564
1360 6570
1361 6629
1362 6683
1363 6549
1364 6463
1365 6690
1366 6746
1367 6724
1368 6530
1369 6709
1370 6648
1371 6607
1372 6607
1373 6736
1374 6579
1375 6592
1376 6718
1377 6662
1378 6577
1379 6705
1380 6664
1381 6663
1382 6624
1383 6535
1384 6607
1385 6624
1386 6832
1387 6678
1388 6901
1389 6796
1390 6741
1391 6628
1392 6774
1393 6596
1394 6744
1395 6850
1396 6707
1397 6702
1398 6515
1399 6633
1400 6609
1401 6609
1402 6828
1403 6693
1404 6746
1405 6573
1406 6833
1407 6724
1408 6788
1409 6492
1410 6678
1411 6698
1412 6426
1413 6494
1414 6508
1415 6460
1416 6517
1417 6739
1418 6547
1419 6544
1420 6523
1421 6613
1422 6513
1423 6550
1424 6617
1425 6668
1426 6640
1427 6751
1428 6466
1429 6627
1430 6620
1431 6592
1432 6614
1433 6617
1434 6486
1435 6574
1436 6561
1437 6474
1438 6529
1439 6610
1440 6491
1441 6503
1442 6433
1443 6683
1444 6457
1445 6299
1446 6466
1447 6385
1448 6485
1449 6408
1450 6371
1451 6449
1452 6457
1453 6400
1454 6411
1455 6334
1456 6459
1457 6439
1458 6260
1459 6182
1460 6358
1461 6162
1462 6442
1463 6214
1464 6295
1465 6307
1466 6255
1467 6311
1468 6338
1469 6175
1470 6280
1471 6339
1472 6245
1473 6175
1474 6201
1475 6268
1476 6208
1477 6245
1478 6126
1479 6121
1480 6172
1481 6160
1482 6243
1483 6162
1484 6252
1485 6151
1486 6137
1487 6236
1488 6148
1489 6107
1490 6144
1491 6209
1492 6084
1493 6014
1494 6086
1495 6123
1496 6160
1497 6136
1498 6154
1499 6115
1500 6198
1501 6131
1502 6073
1503 6004
1504 6004
1505 6084
1506 6104
1507 6072
1508 6093
1509 6068
1510 6088
1511 5959
1512 6137
1513 6080
1514 6013
1515 6062
1516 6017
1517 5904
1518 5967
1519 5774
1520 5946
1521 5984
1522 5980
1523 5810
1524 5942
1525 5781
1526 5808
1527 5837
1528 5807
1529 5834
1530 5941
1531 5847
1532 5758
1533 5928
1534 5790
1535 5736
1536 5758
1537 5687
1538 5488
1539 5818
1540 5706
1541 5643
1542 5483
1543 5576
1544 5563
1545 5678
1546 5753
1547 5609
1548 5617
1549 5623
1550 5632
1551 5402
1552 5513
1553 5494
1554 5303
1555 5480
1556 5356
1557 5361
1558 5467
1559 5291
1560 5329
1561 5349
1562 5236
1563 5311
1564 5217
1565 5196
1566 5233
1567 5230
1568 5179
1569 5137
1570 5123
1571 5120
1572 5144
1573 5130
1574 5047
1575 5007
1576 5057
1577 5108
1578 4917
1579 5075
1580 4985
1581 5028
1582 4853
1583 4921
1584 4894
1585 4891
1586 4775
1587 4910
1588 4841
1589 4844
1590 4810
1591 4858
1592 4759
1593 4717
1594 4865
1595 4849
1596 4783
1597 4808
1598 4811
1599 4661
1600 4716
1601 4721
1602 4669
1603 4608
1604 4559
1605 4570
1606 4483
1607 4539
1608 4497
1609 4494
1610 4466
1611 4457
1612 4401
1613 4351
1614 4280
1615 4414
1616 4356
1617 4385
1618 4398
1619 4312
1620 4258
1621 4244
1622 4206
1623 4342
1624 4164
1625 4180
1626 4080
1627 4127
1628 4050
1629 4054
1630 3987
1631 4102
1632 4006
1633 3941
1634 3910
1635 3991
1636 3916
1637 3915
1638 3935
1639 3899
1640 3859
1641 3937
1642 3834
1643 3804
1644 3803
1645 3756
1646 3658
1647 3647
1648 3624
1649 3656
1650 3597
1651 3675
1652 3554
1653 3516
1654 3528
1655 3577
1656 3600
1657 3521
1658 3451
1659 3536
1660 3373
1661 3398
1662 3300
1663 3421
1664 3273
1665 3317
1666 3344
1667 3256
1668 3274
1669 3264
1670 3266
1671 3303
1672 3142
1673 3168
1674 3148
1675 3201
1676 3074
1677 3079
1678 3031
1679 3064
1680 3096
1681 3031
1682 2978
1683 2906
1684 2959
1685 3033
1686 2945
1687 2924
1688 2893
1689 2758
1690 2846
1691 2803
1692 2884
1693 2803
1694 2760
1695 2767
1696 2755
1697 2815
1698 2666
1699 2700
1700 2633
1701 2696
1702 2710
1703 2650
1704 2533
1705 2541
1706 2595
1707 2587
1708 2570
1709 2512
1710 2591
1711 2420
1712 2349
1713 2447
1714 2359
1715 2447
1716 2480
1717 2402
1718 2385
1719 2350
1720 2386
1721 2320
1722 2298
1723 2302
1724 2201
1725 2309
1726 2103
1727 2226
1728 2238
1729 2158
1730 2134
1731 2188
1732 2109
1733 2045
1734 2141
1735 2134
1736 2079
1737 2012
1738 2005
1739 2064
1740 1977
1741 1976
1742 1935
1743 1920
1744 1912
1745 1887
1746 1932
1747 1942
1748 1879
1749 1867
1750 1819
1751 1844
1752 1814
1753 1779
1754 1777
1755 1787
1756 1641
1757 1642
1758 1704
1759 1684
1760 1675
1761 1638
1762 1598
1763 1631
1764 1673
1765 1550
1766 1549
1767 1529
1768 1560
1769 1488
1770 1607
1771 1576
1772 1486
1773 1517
1774 1539
1775 1438
1776 1441
1777 1442
1778 1337
1779 1446
1780 1394
1781 1412
1782 1352
1783 1364
1784 1388
1785 1348
1786 1325
1787 1327
1788 1219
1789 1281
1790 1234
1791 1251
1792 1250
1793 1185
1794 1200
1795 1176
1796 1207
1797 1164
1798 1236
1799 1170
1800 1176
1801 1207
1802 1156
1803 1193
1804 1075
1805 1085
1806 1109
1807 1076
1808 1035
1809 1025
1810 993
1811 1085
1812 1024
1813 1014
1814 991
1815 988
1816 950
1817 920
1818 985
1819 955
1820 919
1821 918
1822 910
1823 892
1824 908
1825 937
1826 910
1827 888
1828 894
1829 853
1830 834
1831 875
1832 805
1833 831
1834 819
1835 784
1836 808
1837 740
1838 783
1839 744
1840 746
1841 759
1842 753
1843 696
1844 699
1845 732
1846 715
1847 698
1848 706
1849 681
1850 685
1851 684
1852 639
1853 648
1854 655
1855 673
1856 598
1857 676
1858 641
1859 566
1860 589
1861 616
1862 563
1863 573
1864 574
1865 556
1866 572
1867 547
1868 564
1869 562
1870 528
1871 499
1872 542
1873 542
1874 524
1875 493
1876 491
1877 504
1878 503
1879 467
1880 474
1881 495
1882 475
1883 472
1884 460
1885 426
1886 439
1887 394
1888 424
1889 418
1890 404
1891 414
1892 419
1893 380
1894 384
1895 376
1896 404
1897 380
1898 402
1899 353
1900 382
1901 348
1902 365
1903 357
1904 374
1905 342
1906 355
1907 364
1908 333
1909 309
1910 318
1911 317
1912 294
1913 310
1914 297
1915 315
1916 293
1917 272
1918 285
1919 281
1920 276
1921 272
1922 298
1923 278
1924 261
1925 290
1926 272
1927 241
1928 238
1929 254
1930 248
1931 263
1932 252
1933 238
1934 217
1935 210
1936 200
1937 232
1938 239
1939 221
1940 224
1941 203
1942 208
1943 235
1944 195
1945 187
1946 207
1947 200
1948 184
1949 193
1950 177
1951 167
1952 169
1953 207
1954 172
1955 177
1956 133
1957 159
1958 161
1959 167
1960 154
1961 147
1962 162
1963 154
1964 135
1965 151
1966 147
1967 140
1968 125
1969 130
1970 148
1971 111
1972 149
1973 129
1974 118
1975 114
1976 98
1977 120
1978 123
1979 112
1980 117
1981 103
1982 112
1983 92
1984 122
1985 121
1986 98
1987 118
1988 106
1989 95
1990 109
1991 83
1992 100
1993 101
1994 92
1995 94
1996 96
1997 83
1998 79
1999 87
2000 78
2001 78
2002 72
2003 101
2004 92
2005 66
2006 61
2007 69
2008 71
2009 70
2010 71
2011 54
2012 65
2013 56
2014 53
2015 67
2016 64
2017 60
2018 66
2019 70
2020 50
2021 55
2022 50
2023 42
2024 58
2025 59
2026 42
2027 48
2028 38
2029 62
2030 46
2031 45
2032 47
2033 44
2034 51
2035 43
2036 46
2037 47
2038 35
2039 42
2040 48
2041 41
2042 37
2043 48
2044 37
2045 46
2046 22
2047 26
2048 37
2049 28
2050 26
2051 46
2052 29
2053 30
2054 40
2055 36
2056 29
2057 30
2058 35
2059 21
2060 28
2061 39
2062 33
2063 26
2064 27
2065 33
2066 16
2067 27
2068 23
2069 21
2070 21
2071 22
2072 20
2073 16
2074 14
2075 32
2076 18
2077 18
2078 16
2079 21
2080 17
2081 20
2082 23
2083 17
2084 17
2085 23
2086 17
2087 14
2088 23
2089 22
2090 20
2091 11
2092 14
2093 16
2094 7
2095 16
2096 13
2097 26
2098 5
2099 17
2100 12
2101 14
2102 7
2103 15
2104 17
2105 17
2106 11
2107 22
2108 8
2109 6
2110 12
2111 8
2112 16
2113 13
2114 8
2115 12
2116 9
2117 12
2118 11
2119 7
2120 5
2121 12
2122 10
2123 8
2124 10
2125 8
2126 7
2127 4
2128 7
2129 4
2130 5
2131 3
2132 4
2133 11
2134 13
2135 11
2136 4
2137 9
2138 13
2139 10
2140 7
2141 8
2142 6
2143 5
2144 11
2145 7
2146 2
2147 9
2148 6
2149 5
2150 7
2151 7
2152 4
2153 6
2154 3
2155 5
2156 4
2157 5
2158 5
2160 4
2161 4
2162 4
2163 2
2164 3
2165 4
2166 4
2167 2
2168 6
2169 1
2170 2
2171 3
2172 4
2173 4
2174 3
2175 3
2176 2
2177 4
2178 1
2179 5
2180 4
2181 3
2182 2
2183 1
2184 3
2185 5
2186 6
2187 4
2190 3
2191 3
2192 3
2194 1
2195 4
2196 2
2197 4
2198 1
2199 2
2200 1
2202 6
2203 1
2207 1
2208 1
2209 3
2210 1
2212 4
2213 2
2216 1
2217 1
2218 1
2221 2
2224 2
2225 2
2226 1
2227 2
2228 1
2230 2
2231 1
2233 1
2234 1
2235 3
2239 2
2240 1
2242 1
2244 1
2245 2
2248 2
2250 1
2253 1
2255 1
2256 2
2257 1
2258 1
2261 2
2270 1
2272 3
2273 1
2275 1
2277 1
2279 1
2280 1
2281 2
2282 1
2293 2
2298 1
2301 1
2315 1
