44 2
45 147
46 799
47 1999
48 4047
49 5101
50 5464
51 5905
52 5702
53 5080
54 4915
55 4913
56 4561
57 4201
58 4464
59 4389
60 4837
61 5312
62 6008
63 6231
64 6272
65 6374
66 6594
67 6127
68 6739
69 7766
70 7915
71 7556
72 7318
73 7483
74 8194
75 8802
76 9553
77 10050
78 10468
79 10862
80 11737
81 12288
82 12530
83 12079
84 12208
85 11754
86 11669
87 11893
88 11848
89 12163
90 12529
91 12564
92 12817
93 12660
94 12974
95 13229
96 13781
97 14253
98 14556
99 15168
100 15784
101 15846
102 16436
103 16847
104 17107
105 18034
106 18771
107 19198
108 20130
109 20516
110 20822
111 20634
112 20743
113 20700
114 21043
115 20632
116 20966
117 20735
118 20750
119 21021
120 20523
121 20330
122 20835
123 21370
124 21373
125 21140
126 21362
127 21255
128 21982
129 22141
130 22341
131 22313
132 21961
133 21915
134 21899
135 21917
136 21772
137 21735
138 21535
139 21591
140 21467
141 21538
142 21286
143 21447
144 21684
145 21465
146 21158
147 21394
148 21997
149 22088
150 21625
151 21495
152 20875
153 21085
154 20609
155 20454
156 20584
157 20383
158 20304
159 19593
160 19470
161 19374
162 19198
163 18827
164 18461
165 18505
166 18267
167 18335
168 18050
169 18117
170 18244
171 17932
172 17973
173 17610
174 17841
175 17856
176 17861
177 17937
178 17755
179 17339
180 17021
181 16894
182 16969
183 16639
184 16659
185 16265
186 16090
187 15903
188 15873
189 15511
190 15273
191 15326
192 14966
193 15020
194 14717
195 14545
196 14232
197 14056
198 14153
199 13568
200 13729
201 13956
202 13737
203 13664
204 13656
205 13656
206 13272
207 13107
208 13082
209 12680
210 12522
211 12688
212 12489
213 12250
214 12240
215 12108
216 12054
217 11731
218 11654
219 11542
220 11429
221 11056
222 11152
223 11072
224 10939
225 10710
226 10446
227 10340
228 10213
229 10294
230 10132
231 10486
232 10058
233 10140
234 10343
235 10391
236 10387
237 10098
238 10298
239 10104
240 9714
241 9797
242 9736
243 9722
244 9439
245 9325
246 9357
247 9407
248 9143
249 9036
250 9039
251 8745
252 8698
253 8473
254 8645
255 8171
256 8034
257 8094
258 7889
259 7896
260 7851
261 7654
262 7397
263 7547
264 7503
265 7413
266 7338
267 7265
268 7155
269 7224
270 7055
271 7058
272 7095
273 6830
274 6671
275 6617
276 6747
277 6591
278 6424
279 6410
280 6415
281 6314
282 6180
283 6379
284 6125
285 6130
286 6138
287 5970
288 5905
289 5888
290 5658
291 5677
292 5569
293 5574
294 5471
295 5417
296 5386
297 5311
298 5205
299 5201
300 5038
301 5068
302 5048
303 4935
304 4996
305 4831
306 4876
307 4769
308 4760
309 4804
310 4800
311 4637
312 4484
313 4548
314 4445
315 4432
316 4388
317 4280
318 4517
319 4416
320 4319
321 4239
322 4277
323 4160
324 4151
325 4200
326 4194
327 4105
328 4099
329 4067
330 3933
331 3989
332 3881
333 3962
334 3760
335 3854
336 3804
337 3702
338 3710
339 3653
340 3492
341 3558
342 3571
343 3534
344 3487
345 3507
346 3389
347 3422
348 3410
349 3359
350 3193
351 3218
352 3262
353 3226
354 3168
355 3067
356 3131
357 3059
358 3114
359 3089
360 3131
361 2989
362 2922
363 2969
364 2822
365 2802
366 2767
367 2891
368 2758
369 2715
370 2693
371 2713
372 2730
373 2790
374 2684
375 2613
376 2707
377 2580
378 2635
379 2618
380 2641
381 2535
382 2591
383 2530
384 2505
385 2474
386 2439
387 2384
388 2507
389 2347
390 2351
391 2289
392 2268
393 2306
394 2149
395 2194
396 2242
397 2222
398 2271
399 2167
400 2143
401 2148
402 2117
403 2167
404 2121
405 2064
406 2106
407 1999
408 2093
409 2022
410 1919
411 1907
412 1999
413 1881
414 1893
415 1848
416 1910
417 1918
418 1880
419 1862
420 1821
421 1818
422 1789
423 1761
424 1856
425 1704
426 1730
427 1721
428 1726
429 1714
430 1628
431 1687
432 1653
433 1625
434 1599
435 1598
436 1632
437 1529
438 1572
439 1618
440 1480
441 1502
442 1556
443 1455
444 1544
445 1590
446 1471
447 1417
448 1430
449 1418
450 1478
451 1390
452 1393
453 1362
454 1396
455 1399
456 1355
457 1369
458 1334
459 1305
460 1267
461 1272
462 1364
463 1313
464 1297
465 1178
466 1286
467 1216
468 1238
469 1220
470 1208
471 1211
472 1215
473 1201
474 1203
475 1170
476 1155
477 1171
478 1197
479 1207
480 1222
481 1157
482 1096
483 1199
484 1132
485 1190
486 1177
487 1080
488 1214
489 1210
490 1153
491 1078
492 1113
493 1137
494 1113
495 1101
496 1072
497 1085
498 1054
499 1048
500 1158
501 1107
502 1042
503 1065
504 1051
505 1043
506 1022
507 1043
508 1093
509 1013
510 1066
511 1015
512 1047
513 1013
514 1001
515 1064
516 1002
517 970
518 1027
519 937
520 1000
521 932
522 974
523 967
524 949
525 936
526 874
527 952
528 880
529 926
530 897
531 888
532 965
533 883
534 859
535 818
536 860
537 870
538 829
539 817
540 793
541 789
542 796
543 801
544 798
545 817
546 808
547 774
548 822
549 748
550 797
551 745
552 732
553 782
554 794
555 706
556 775
557 732
558 756
559 706
560 726
561 703
562 704
563 704
564 749
565 713
566 695
567 660
568 696
569 721
570 670
571 698
572 689
573 650
574 581
575 591
576 648
577 637
578 616
579 667
580 648
581 621
582 623
583 650
584 620
585 678
586 588
587 650
588 599
589 634
590 542
591 607
592 595
593 654
594 623
595 587
596 577
597 657
598 565
599 571
600 601
601 572
602 612
603 569
604 589
605 569
606 558
607 577
608 578
609 489
610 599
611 535
612 519
613 545
614 537
615 513
616 543
617 505
618 507
619 495
620 523
621 545
622 516
623 497
624 510
625 538
626 515
627 503
628 502
629 486
630 472
631 496
632 477
633 456
634 472
635 487
636 514
637 421
638 467
639 491
640 438
641 480
642 456
643 445
644 460
645 455
646 458
647 389
648 465
649 475
650 443
651 402
652 444
653 440
654 414
655 431
656 440
657 450
658 439
659 429
660 403
661 398
662 410
663 412
664 405
665 445
666 373
667 431
668 390
669 411
670 400
671 370
672 399
673 435
674 413
675 397
676 403
677 381
678 386
679 401
680 359
681 396
682 376
683 367
684 363
685 385
686 343
687 366
688 368
689 352
690 333
691 370
692 388
693 362
694 345
695 338
696 370
697 339
698 337
699 364
700 349
701 350
702 331
703 348
704 330
705 318
706 330
707 352
708 317
709 295
710 313
711 310
712 331
713 332
714 317
715 285
716 328
717 335
718 328
719 281
720 306
721 303
722 268
723 328
724 311
725 293
726 268
727 322
728 289
729 304
730 316
731 292
732 282
733 305
734 303
735 275
736 292
737 270
738 286
739 315
740 265
741 268
742 303
743 284
744 309
745 242
746 276
747 293
748 294
749 279
750 261
751 260
752 255
753 262
754 274
755 274
756 259
757 236
758 264
759 271
760 287
761 243
762 254
763 266
764 249
765 256
766 263
767 257
768 248
769 263
770 253
771 235
772 254
773 256
774 253
775 262
776 242
777 252
778 227
779 229
780 243
781 219
782 232
783 240
784 219
785 215
786 240
787 238
788 215
789 241
790 218
791 234
792 217
793 219
794 223
795 202
796 191
797 228
798 217
799 200
800 211
801 205
802 207
803 204
804 220
805 216
806 206
807 213
808 199
809 205
810 198
811 185
812 210
813 209
814 186
815 181
816 193
817 185
818 196
819 170
820 182
821 205
822 190
823 154
824 190
825 204
826 186
827 198
828 193
829 182
830 196
831 176
832 211
833 179
834 180
835 207
836 177
837 177
838 176
839 169
840 169
841 160
842 181
843 176
844 134
845 195
846 176
847 159
848 166
849 180
850 166
851 175
852 184
853 159
854 176
855 172
856 156
857 148
858 174
859 159
860 144
861 142
862 160
863 138
864 129
865 164
866 152
867 178
868 150
869 150
870 141
871 161
872 166
873 188
874 160
875 159
876 129
877 143
878 167
879 153
880 167
881 148
882 136
883 149
884 141
885 150
886 138
887 144
888 161
889 133
890 139
891 149
892 141
893 122
894 133
895 142
896 156
897 116
898 135
899 134
900 129
901 124
902 141
903 151
904 135
905 118
906 123
907 126
908 139
909 110
910 135
911 133
912 137
913 123
914 128
915 137
916 141
917 143
918 129
919 101
920 139
921 117
922 125
923 130
924 113
925 128
926 125
927 114
928 128
929 127
930 107
931 150
932 134
933 109
934 95
935 106
936 131
937 118
938 109
939 119
940 110
941 110
942 104
943 103
944 118
945 132
946 106
947 104
948 118
949 131
950 96
951 97
952 93
953 131
954 101
955 128
956 132
957 112
958 120
959 88
960 102
961 112
962 102
963 100
964 105
965 101
966 101
967 108
968 119
969 101
970 101
971 116
972 111
973 111
974 115
975 86
976 105
977 105
978 109
979 97
980 95
981 100
982 101
983 104
984 111
985 116
986 97
987 109
988 95
989 90
990 113
991 89
992 102
993 100
994 111
995 76
996 91
997 106
998 112
999 88
1000 92
1001 85
1002 82
1003 100
1004 90
1005 76
1006 98
1007 94
1008 65
1009 66
1010 91
1011 81
1012 109
1013 95
1014 84
1015 93
1016 87
1017 82
1018 89
1019 87
1020 89
1021 87
1022 95
1023 93
1024 89
1025 82
1026 93
1027 82
1028 79
1029 72
1030 104
1031 88
1032 102
1033 87
1034 63
1035 90
1036 67
1037 91
1038 80
1039 98
1040 81
1041 91
1042 78
1043 89
1044 92
1045 88
1046 92
1047 88
1048 82
1049 81
1050 80
1051 73
1052 100
1053 76
1054 94
1055 79
1056 78
1057 89
1058 79
1059 92
1060 94
1061 67
1062 84
1063 87
1064 65
1065 92
1066 101
1067 66
1068 83
1069 83
1070 94
1071 75
1072 86
1073 86
1074 90
1075 85
1076 64
1077 69
1078 80
1079 85
1080 73
1081 73
1082 77
1083 82
1084 81
1085 79
1086 72
1087 95
1088 69
1089 76
1090 81
1091 72
1092 70
1093 85
1094 64
1095 81
1096 58
1097 81
1098 72
1099 70
1100 83
1101 71
1102 77
1103 83
1104 89
1105 74
1106 67
1107 59
1108 62
1109 103
1110 58
1111 60
1112 71
1113 73
1114 59
1115 87
1116 62
1117 77
1118 74
1119 67
1120 68
1121 63
1122 74
1123 62
1124 70
1125 61
1126 71
1127 62
1128 75
1129 56
1130 63
1131 71
1132 55
1133 69
1134 77
1135 59
1136 68
1137 61
1138 69
1139 58
1140 55
1141 50
1142 66
1143 59
1144 66
1145 72
1146 70
1147 59
1148 56
1149 64
1150 69
1151 76
1152 61
1153 63
1154 42
1155 55
1156 69
1157 58
1158 55
1159 51
1160 64
1161 58
1162 58
1163 68
1164 53
1165 57
1166 39
1167 47
1168 54
1169 66
1170 49
1171 66
1172 63
1173 63
1174 50
1175 52
1176 52
1177 44
1178 51
1179 61
1180 53
1181 57
1182 74
1183 54
1184 47
1185 60
1186 58
1187 59
1188 52
1189 57
1190 35
1191 53
1192 63
1193 53
1194 49
1195 49
1196 54
1197 58
1198 48
1199 49
1200 48
1201 62
1202 63
1203 58
1204 44
1205 64
1206 50
1207 49
1208 33
1209 47
1210 66
1211 57
1212 50
1213 35
1214 49
1215 57
1216 47
1217 58
1218 51
1219 64
1220 53
1221 49
1222 44
1223 48
1224 36
1225 34
1226 43
1227 50
1228 53
1229 62
1230 43
1231 57
1232 52
1233 46
1234 43
1235 33
1236 54
1237 52
1238 51
1239 53
1240 36
1241 37
1242 58
1243 56
1244 47
1245 49
1246 52
1247 48
1248 52
1249 41
1250 36
1251 47
1252 42
1253 45
1254 44
1255 41
1256 48
1257 42
1258 38
1259 49
1260 55
1261 47
1262 45
1263 54
1264 44
1265 51
1266 50
1267 42
1268 53
1269 36
1270 41
1271 32
1272 43
1273 45
1274 35
1275 40
1276 52
1277 47
1278 30
1279 39
1280 38
1281 37
1282 43
1283 41
1284 35
1285 36
1286 52
1287 40
1288 45
1289 33
1290 40
1291 38
1292 46
1293 45
1294 44
1295 38
1296 34
1297 41
1298 30
1299 38
1300 45
1301 36
1302 32
1303 29
1304 38
1305 29
1306 29
1307 38
1308 34
1309 41
1310 42
1311 36
1312 32
1313 41
1314 21
1315 41
1316 29
1317 31
1318 35
1319 36
1320 30
1321 31
1322 38
1323 34
1324 43
1325 40
1326 37
1327 38
1328 43
1329 51
1330 37
1331 38
1332 37
1333 33
1334 34
1335 36
1336 37
1337 35
1338 25
1339 32
1340 27
1341 34
1342 37
1343 25
1344 33
1345 37
1346 28
1347 34
1348 39
1349 36
1350 39
1351 32
1352 36
1353 39
1354 27
1355 27
1356 34
1357 38
1358 32
1359 29
1360 31
1361 27
1362 24
1363 34
1364 29
1365 39
1366 35
1367 42
1368 37
1369 22
1370 22
1371 26
1372 30
1373 30
1374 29
1375 25
1376 27
1377 27
1378 27
1379 24
1380 25
1381 27
1382 27
1383 22
1384 28
1385 27
1386 31
1387 30
1388 33
1389 28
1390 30
1391 36
1392 26
1393 24
1394 24
1395 19
1396 25
1397 27
1398 43
1399 30
1400 23
1401 25
1402 20
1403 22
1404 27
1405 19
1406 21
1407 19
1408 27
1409 38
1410 32
1411 40
1412 33
1413 26
1414 21
1415 27
1416 29
1417 26
1418 22
1419 24
1420 32
1421 27
1422 18
1423 31
1424 26
1425 28
1426 23
1427 39
1428 20
1429 23
1430 28
1431 27
1432 16
1433 24
1434 21
1435 31
1436 17
1437 28
1438 28
1439 21
1440 31
1441 15
1442 26
1443 18
1444 25
1445 26
1446 28
1447 25
1448 25
1449 27
1450 25
1451 25
1452 32
1453 31
1454 25
1455 29
1456 18
1457 19
1458 24
1459 26
1460 23
1461 28
1462 26
1463 25
1464 22
1465 19
1466 23
1467 22
1468 18
1469 21
1470 19
1471 16
1472 25
1473 21
1474 23
1475 24
1476 34
1477 16
1478 19
1479 19
1480 31
1481 21
1482 24
1483 20
1484 25
1485 28
1486 16
1487 17
1488 11
1489 35
1490 22
1491 22
1492 20
1493 18
1494 24
1495 18
1496 34
1497 20
1498 29
1499 23
1500 19
1501 15
1502 22
1503 18
1504 24
1505 16
1506 12
1507 18
1508 15
1509 21
1510 21
1511 28
1512 27
1513 16
1514 25
1515 27
1516 22
1517 23
1518 30
1519 21
1520 18
1521 22
1522 16
1523 16
1524 20
1525 18
1526 21
1527 28
1528 29
1529 25
1530 19
1531 24
1532 25
1533 22
1534 17
1535 16
1536 13
1537 14
1538 16
1539 24
1540 27
1541 16
1542 18
1543 20
1544 17
1545 19
1546 16
1547 17
1548 17
1549 12
1550 16
1551 19
1552 18
1553 15
1554 21
1555 17
1556 16
1557 17
1558 16
1559 14
1560 15
1561 16
1562 19
1563 24
1564 22
1565 20
1566 19
1567 19
1568 16
1569 20
1570 16
1571 18
1572 17
1573 18
1574 11
1575 14
1576 19
1577 16
1578 18
1579 17
1580 15
1581 19
1582 12
1583 13
1584 17
1585 16
1586 12
1587 14
1588 16
1589 19
1590 12
1591 13
1592 19
1593 13
1594 17
1595 22
1596 5
1597 14
1598 21
1599 13
1600 12
1601 12
1602 14
1603 11
1604 17
1605 8
1606 23
1607 23
1608 17
1609 13
1610 15
1611 20
1612 19
1613 14
1614 18
1615 13
1616 13
1617 11
1618 10
1619 13
1620 10
1621 8
1622 14
1623 19
1624 13
1625 13
1626 13
1627 16
1628 8
1629 19
1630 11
1631 11
1632 17
1633 15
1634 15
1635 8
1636 14
1637 15
1638 11
1639 14
1640 17
1641 21
1642 19
1643 13
1644 11
1645 16
1646 13
1647 16
1648 16
1649 18
1650 10
1651 16
1652 22
1653 8
1654 14
1655 15
1656 9
1657 14
1658 10
1659 16
1660 9
1661 12
1662 9
1663 15
1664 12
1665 20
1666 14
1667 15
1668 12
1669 17
1670 14
1671 17
1672 12
1673 22
1674 21
1675 14
1676 20
1677 17
1678 19
1679 14
1680 15
1681 16
1682 11
1683 10
1684 13
1685 19
1686 9
1687 12
1688 14
1689 14
1690 13
1691 5
1692 14
1693 5
1694 14
1695 14
1696 17
1697 11
1698 14
1699 13
1700 15
1701 9
1702 7
1703 7
1704 10
1705 14
1706 5
1707 15
1708 12
1709 12
1710 11
1711 13
1712 10
1713 9
1714 9
1715 12
1716 13
1717 11
1718 9
1719 10
1720 14
1721 13
1722 17
1723 14
1724 9
1725 9
1726 5
1727 13
1728 7
1729 12
1730 19
1731 12
1732 11
1733 9
1734 13
1735 11
1736 10
1737 10
1738 13
1739 8
1740 9
1741 19
1742 17
1743 14
1744 16
1745 16
1746 8
1747 11
1748 7
1749 12
1750 8
1751 18
1752 7
1753 16
1754 11
1755 9
1756 15
1757 10
1758 10
1759 12
1760 10
1761 13
1762 8
1763 13
1764 13
1765 13
1766 5
1767 10
1768 10
1769 5
1770 6
1771 14
1772 16
1773 16
1774 14
1775 7
1776 11
1777 9
1778 6
1779 9
1780 12
1781 7
1782 11
1783 11
1784 7
1785 11
1786 11
1787 12
1788 5
1789 12
1790 8
1791 13
1792 9
1793 10
1794 6
1795 9
1796 10
1797 10
1798 4
1799 9
1800 5
1801 14
1802 14
1803 9
1804 12
1805 12
1806 11
1807 6
1808 6
1809 17
1810 7
1811 7
1812 10
1813 7
1814 10
1815 13
1816 10
1817 14
1818 11
1819 3
1820 10
1821 8
1822 9
1823 8
1824 8
1825 6
1826 7
1827 10
1828 11
1829 14
1830 13
1831 8
1832 11
1833 11
1834 9
1835 9
1836 13
1837 13
1838 9
1839 6
1840 10
1841 9
1842 9
1843 13
1844 6
1845 14
1846 6
1847 14
1848 14
1849 10
1850 11
1851 8
1852 9
1853 10
1854 9
1855 9
1856 7
1857 3
1858 7
1859 6
1860 8
1861 9
1862 12
1863 9
1864 15
1865 8
1866 8
1867 4
1868 13
1869 7
1870 10
1871 7
1872 5
1873 10
1874 9
1875 5
1876 6
1877 10
1878 4
1879 9
1880 9
1881 7
1882 3
1883 9
1884 11
1885 10
1886 2
1887 6
1888 5
1889 12
1890 8
1891 11
1892 6
1893 11
1894 11
1895 9
1896 8
1897 9
1898 11
1899 6
1900 7
1901 9
1902 7
1903 6
1904 11
1905 6
1906 7
1907 9
1908 11
1909 9
1910 8
1911 10
1912 7
1913 8
1914 7
1915 8
1916 10
1917 7
1918 4
1919 6
1920 7
1921 5
1922 3
1923 10
1924 5
1925 5
1926 8
1927 9
1928 7
1929 10
1930 4
1931 9
1932 11
1933 6
1934 5
1935 5
1936 7
1937 6
1938 10
1939 11
1940 7
1941 9
1942 12
1943 9
1944 10
1945 6
1946 1
1947 5
1948 5
1949 7
1950 9
1951 5
1952 6
1953 7
1954 9
1955 7
1956 10
1957 3
1958 8
1959 7
1960 2
1961 1
1962 6
1963 8
1964 2
1965 7
1966 3
1967 8
1968 7
1969 8
1970 2
1971 6
1972 10
1973 6
1974 9
1975 7
1976 6
1977 9
1978 5
1979 6
1980 11
1981 8
1982 5
1983 4
1984 2
1985 10
1986 6
1987 5
1988 7
1989 8
1990 8
1991 4
1992 2
1993 2
1994 10
1995 9
1996 7
1997 6
1998 7
1999 4
2000 8
2001 7
2002 9
2003 12
2004 9
2005 5
2006 4
2007 7
2008 6
2009 4
2010 7
2011 6
2012 6
2013 4
2014 4
2015 5
2016 7
2017 4
2018 7
2019 8
2020 8
2021 3
2022 4
2023 6
2024 8
2025 11
2026 10
2027 10
2028 5
2029 9
2030 6
2031 7
2032 7
2033 5
2034 3
2035 8
2036 2
2037 4
2038 13
2039 7
2040 10
2041 4
2042 4
2043 5
2044 3
2045 8
2046 7
2047 5
2048 4
2049 6
2050 7
2051 6
2052 9
2053 6
2054 2
2055 10
2056 10
2057 6
2058 7
2059 9
2060 7
2061 10
2062 8
2063 8
2064 7
2065 6
2066 6
2067 5
2068 9
2069 7
2070 8
2071 2
2072 7
2073 4
2074 6
2075 7
2076 5
2077 6
2078 3
2079 4
2080 13
2081 6
2082 10
2083 4
2084 2
2085 4
2086 8
2087 9
2088 5
2089 7
2090 7
2091 4
2092 4
2093 8
2094 8
2095 11
2096 4
2097 6
2098 5
2099 5
2100 4
2101 4
2102 4
2103 4
2104 8
2105 4
2106 4
2107 6
2108 9
2109 4
2110 10
2111 6
2112 6
2113 6
2114 8
2115 4
2116 2
2117 3
2118 4
2119 4
2120 7
2121 5
2122 6
2123 5
2124 6
2125 3
2126 4
2127 3
2128 4
2129 6
2130 11
2131 6
2132 7
2133 2
2134 1
2135 4
2136 8
2137 5
2138 4
2139 3
2140 12
2141 5
2142 5
2143 8
2144 5
2145 5
2146 3
2147 10
2148 5
2149 8
2150 6
2151 4
2152 3
2153 4
2154 3
2155 11
2156 4
2157 5
2158 9
2159 1
2160 7
2161 4
2162 5
2163 4
2164 5
2165 6
2166 5
2167 1
2168 1
2169 2
2170 3
2171 3
2172 7
2173 3
2174 3
2175 5
2176 3
2177 5
2178 9
2179 3
2180 6
2181 6
2182 4
2183 4
2184 2
2185 4
2186 8
2187 8
2188 5
2189 6
2190 7
2191 6
2192 2
2193 4
2194 5
2195 7
2196 12
2197 7
2198 6
2199 5
2200 5
2201 3
2202 7
2203 5
2204 5
2205 2
2206 4
2207 7
2208 3
2209 5
2210 6
2211 7
2212 3
2213 7
2214 4
2215 4
2216 8
2217 5
2218 5
2219 1
2220 6
2221 2
2222 4
2223 5
2224 6
2225 3
2226 4
2227 5
2228 4
2229 10
2230 3
2231 6
2232 8
2233 4
2234 5
2235 11
2236 2
2238 7
2239 5
2240 8
2241 10
2242 5
2243 2
2244 1
2245 7
2246 2
2247 3
2248 4
2249 3
2250 11
2251 4
2252 6
2253 4
2254 5
2255 4
2256 3
2257 5
2258 10
2259 5
2260 2
2261 3
2262 9
2263 5
2264 3
2265 7
2266 2
2267 9
2268 3
2269 4
2270 4
2271 4
2272 3
2273 4
2274 5
2275 1
2276 5
2277 4
2278 4
2279 4
2280 1
2281 4
2282 5
2283 2
2284 6
2285 6
2286 4
2287 3
2288 3
2289 6
2290 6
2291 3
2292 5
2293 6
2294 5
2295 4
2296 4
2297 7
2298 3
2299 5
2300 4
2301 6
2302 4
2303 3
2304 5
2305 5
2306 3
2307 2
2308 2
2309 3
2310 3
2311 4
2312 5
2313 5
2314 6
2315 9
2316 2
2317 1
2318 5
2319 4
2320 3
2321 1
2322 4
2323 3
2324 6
2325 4
2326 7
2327 4
2328 8
2329 3
2330 5
2332 4
2333 3
2334 3
2335 6
2336 3
2337 1
2338 4
2339 3
2340 5
2341 3
2342 5
2343 3
2344 8
2345 3
2346 2
2347 1
2348 5
2349 8
2350 3
2351 4
2352 8
2353 3
2354 3
2356 7
2357 4
2358 1
2359 7
2360 5
2361 8
2362 4
2363 2
2364 8
2365 7
2366 6
2367 5
2368 5
2369 4
2370 4
2371 3
2372 2
2373 2
2374 3
2375 2
2376 2
2377 2
2378 1
2379 2
2380 7
2381 3
2382 2
2383 5
2384 9
2385 1
2386 4
2387 2
2388 3
2389 3
2390 4
2391 3
2392 6
2393 4
2394 6
2395 3
2396 3
2397 5
2398 5
2399 2
2400 6
2401 6
2402 5
2403 1
2404 7
2405 1
2406 3
2407 2
2408 3
2409 4
2410 5
2411 8
2412 2
2413 5
2414 7
2415 5
2416 4
2417 4
2418 4
2419 5
2420 3
2421 5
2422 5
2423 3
2424 1
2425 3
2426 2
2427 8
2428 2
2429 5
2430 2
2431 1
2432 4
2433 3
2434 2
2435 1
2436 5
2437 2
2438 2
2439 2
2440 2
2441 3
2442 8
2443 6
2444 2
2445 2
2446 4
2447 3
2448 3
2449 7
2450 4
2451 1
2452 5
2453 4
2454 3
2456 1
2457 1
2458 6
2459 2
2461 2
2462 6
2463 2
2464 3
2465 5
2466 4
2467 2
2468 3
2469 1
2470 4
2471 2
2472 6
2473 4
2474 1
2475 7
2476 7
2477 5
2479 2
2480 3
2481 3
2482 8
2483 5
2484 4
2485 5
2486 5
2487 4
2488 1
2489 4
2490 3
2491 2
2492 6
2493 6
2494 3
2495 3
2496 5
2497 3
2498 7
2499 4
2500 4
2501 1
2502 3
2503 5
2504 5
2505 5
2506 4
2507 1
2508 5
2509 2
2510 1
2511 6
2512 6
2513 2
2514 1
2515 5
2516 2
2517 4
2518 3
2519 4
2520 6
2521 3
2522 3
2523 2
2524 7
2525 5
2526 8
2527 5
2528 4
2529 3
2530 4
2531 3
2532 3
2534 5
2535 1
2536 4
2537 7
2538 5
2539 4
2540 5
2541 6
2542 3
2543 3
2544 3
2545 6
2546 4
2547 3
2548 4
2549 3
2550 4
2551 3
2552 2
2553 9
2555 5
2556 3
2557 2
2559 4
2560 4
2561 4
2562 2
2563 2
2564 1
2565 3
2567 3
2568 6
2569 4
2570 3
2571 5
2573 1
2574 2
2575 7
2576 6
2577 3
2578 1
2579 6
2580 3
2581 5
2582 1
2583 2
2584 1
2585 1
2586 4
2587 3
2588 6
2589 3
2590 6
2591 2
2592 1
2593 4
2594 2
2595 4
2596 5
2597 8
2598 1
2599 1
2600 4
2601 7
2602 7
2603 1
2604 4
2605 1
2606 4
2607 4
2608 5
2609 2
2610 7
2611 4
2612 3
2613 2
2614 2
2615 2
2616 3
2617 4
2618 4
2619 4
2620 2
2621 6
2622 4
2623 2
2624 1
2626 6
2627 3
2628 5
2629 3
2630 2
2631 7
2632 3
2633 3
2634 6
2635 1
2636 2
2637 3
2638 4
2639 6
2640 4
2642 2
2643 3
2644 4
2645 2
2646 3
2648 5
2649 3
2650 4
2651 3
2652 3
2653 2
2654 3
2655 2
2656 1
2657 7
2658 2
2659 3
2662 4
2663 1
2664 1
2666 4
2667 3
2668 2
2669 1
2670 6
2671 1
2672 5
2673 2
2674 2
2675 4
2676 2
2677 2
2678 5
2679 5
2680 3
2681 3
2682 4
2683 2
2684 2
2685 2
2686 3
2687 4
2688 3
2689 5
2691 1
2692 5
2693 2
2695 3
2696 5
2697 2
2698 4
2699 1
2700 7
2701 4
2702 2
2703 6
2704 2
2705 2
2707 5
2708 3
2709 5
2710 5
2711 1
2712 2
2713 2
2714 6
2715 3
2716 5
2717 1
2718 2
2719 2
2720 3
2721 2
2722 1
2723 5
2724 1
2725 4
2726 4
2727 4
2729 3
2730 1
2731 5
2732 1
2733 2
2734 2
2735 3
2736 6
2737 1
2738 4
2739 3
2740 3
2741 4
2742 1
2743 5
2744 2
2745 3
2746 3
2747 2
2748 1
2749 4
2751 2
2752 4
2753 3
2754 2
2755 2
2756 3
2757 1
2758 3
2759 3
2760 1
2761 2
2762 7
2763 4
2764 4
2765 3
2766 7
2767 2
2768 3
2769 2
2770 5
2771 5
2772 2
2773 2
2774 1
2775 3
2776 3
2777 2
2778 1
2780 5
2781 2
2782 4
2783 2
2785 1
2786 2
2787 5
2788 3
2789 4
2790 3
2791 4
2792 1
2793 1
2794 3
2795 4
2796 1
2797 2
2798 5
2799 1
2800 2
2801 4
2802 1
2803 1
2804 3
2806 4
2807 1
2808 3
2809 1
2810 3
2811 1
2812 1
2813 1
2814 3
2815 2
2816 2
2817 7
2818 2
2819 1
2820 1
2821 3
2822 1
2823 4
2824 2
2825 1
2826 1
2828 1
2829 2
2830 1
2831 4
2832 4
2833 3
2834 3
2835 2
2836 3
2837 1
2838 5
2839 4
2840 1
2841 1
2842 4
2843 3
2844 5
2845 3
2846 1
2847 3
2848 2
2849 2
2850 2
2851 4
2852 2
2853 2
2854 2
2855 1
2856 5
2857 2
2858 6
2859 2
2860 1
2861 2
2862 4
2863 5
2864 4
2865 2
2866 3
2867 6
2868 5
2869 3
2870 1
2871 1
2872 3
2875 3
2876 3
2877 1
2878 2
2879 3
2880 3
2881 4
2882 2
2883 1
2884 3
2885 1
2886 3
2887 3
2888 2
2889 1
2890 5
2891 3
2892 1
2893 4
2894 2
2896 1
2898 4
2900 5
2901 2
2902 2
2903 1
2904 2
2905 3
2906 3
2907 2
2908 4
2909 3
2910 7
2911 6
2912 2
2913 3
2914 3
2915 5
2916 3
2917 2
2918 6
2919 4
2920 1
2921 4
2922 3
2923 6
2924 5
2925 3
2926 4
2927 1
2928 2
2929 2
2930 2
2931 2
2932 3
2933 2
2934 2
2935 3
2936 1
2937 1
2938 2
2940 2
2941 4
2942 5
2943 3
2944 2
2947 2
2948 2
2949 3
2950 3
2951 1
2953 7
2954 1
2955 4
2956 3
2957 3
2958 4
2959 3
2960 2
2961 2
2962 4
2963 1
2964 2
2965 3
2966 4
2967 5
2968 1
2969 4
2970 2
2971 1
2972 2
2973 4
2974 1
2975 3
2977 4
2978 2
2979 1
2981 1
2982 1
2983 1
2984 1
2985 4
2986 5
2987 2
2988 2
2989 1
2990 1
2991 2
2992 2
2993 2
2994 3
2996 2
2997 3
2998 1
2999 2
3000 1
3001 2
3003 2
3004 1
3005 2
3006 2
3007 1
3008 2
3009 5
3011 1
3012 3
3013 3
3014 3
3015 1
3016 1
3017 2
3018 2
3019 1
3020 1
3021 4
3023 4
3024 2
3025 1
3026 3
3027 1
3028 2
3029 5
3030 4
3031 2
3032 2
3033 6
3034 2
3035 1
3036 5
3037 1
3038 1
3039 2
3040 2
3042 2
3044 2
3045 2
3046 1
3047 3
3048 4
3049 3
3051 1
3053 1
3054 1
3055 2
3056 1
3057 6
3058 4
3059 1
3062 1
3063 2
3064 1
3065 4
3066 3
3067 3
3068 4
3069 4
3071 1
3072 3
3073 3
3074 2
3075 6
3076 7
3077 3
3078 1
3079 2
3080 2
3081 1
3082 3
3083 3
3084 1
3085 1
3086 2
3087 2
3088 1
3089 2
3090 1
3091 1
3092 2
3093 1
3094 4
3095 1
3096 2
3097 1
3099 4
3100 1
3101 3
3102 4
3103 1
3104 2
3105 4
3106 4
3108 2
3110 2
3111 4
3112 1
3113 3
3114 4
3115 1
3116 1
3117 3
3118 1
3119 1
3120 3
3121 1
3122 2
3124 3
3125 2
3126 2
3127 4
3128 3
3129 2
3130 1
3132 1
3133 1
3134 3
3135 3
3137 2
3138 4
3139 3
3140 2
3141 2
3142 4
3143 1
3144 2
3145 3
3146 4
3147 2
3148 1
3150 3
3151 1
3152 1
3155 1
3156 4
3157 5
3158 2
3159 1
3160 1
3161 3
3162 1
3163 2
3164 2
3165 2
3166 3
3167 1
3168 2
3169 1
3170 2
3171 3
3172 1
3173 3
3174 2
3177 1
3178 3
3179 3
3180 4
3181 3
3182 1
3183 1
3185 3
3186 3
3187 1
3188 2
3189 1
3191 1
3192 2
3195 2
3199 2
3200 2
3201 2
3202 1
3203 3
3205 2
3206 1
3207 3
3208 1
3209 1
3210 1
3211 3
3212 5
3213 2
3214 3
3215 1
3216 1
3217 2
3218 1
3219 3
3220 3
3221 3
3223 2
3224 3
3225 2
3226 5
3227 3
3228 3
3229 2
3231 3
3232 3
3234 2
3235 1
3238 3
3239 2
3240 2
3241 1
3242 2
3243 3
3244 2
3245 2
3246 2
3247 4
3248 2
3249 2
3250 2
3252 6
3253 2
3254 2
3255 2
3256 2
3257 1
3259 1
3260 1
3261 3
3262 1
3263 1
3264 1
3265 2
3266 2
3267 3
3268 3
3269 1
3270 1
3271 1
3272 1
3273 3
3275 2
3276 3
3277 2
3278 4
3279 7
3280 2
3281 3
3282 1
3283 3
3284 2
3285 2
3286 1
3287 4
3288 1
3289 3
3290 5
3291 2
3293 1
3294 2
3295 4
3296 2
3297 1
3298 3
3299 1
3300 2
3302 1
3303 1
3304 1
3305 1
3306 1
3307 3
3308 1
3309 3
3313 4
3314 3
3315 1
3317 4
3318 4
3319 2
3320 1
3321 3
3322 5
3323 2
3324 3
3325 2
3326 2
3327 1
3328 1
3329 3
3330 1
3331 1
3332 1
3333 1
3334 1
3335 3
3336 4
3338 3
3339 6
3340 1
3341 1
3342 3
3343 2
3344 2
3345 4
3346 3
3347 3
3348 1
3349 1
3350 2
3351 2
3352 1
3353 3
3354 4
3355 3
3356 2
3357 3
3358 1
3359 2
3361 5
3362 2
3363 5
3364 1
3366 3
3367 2
3368 4
3369 2
3370 3
3372 1
3373 3
3374 2
3375 2
3376 1
3378 4
3379 2
3380 1
3381 1
3382 3
3383 2
3384 1
3385 2
3386 3
3387 1
3388 3
3390 4
3391 3
3392 3
3394 3
3395 2
3396 3
3397 5
3398 3
3399 1
3401 1
3402 4
3403 2
3404 1
3405 5
3406 2
3407 6
3408 2
3409 1
3410 1
3411 2
3412 1
3413 1
3414 1
3416 1
3417 4
3418 3
3419 4
3420 4
3421 1
3422 2
3423 3
3424 2
3425 3
3426 2
3427 1
3428 3
3429 1
3430 2
3431 2
3432 2
3434 3
3435 3
3436 2
3437 1
3438 6
3439 1
3441 3
3442 1
3443 9
3444 3
3445 3
3446 2
3447 2
3448 1
3449 1
3450 1
3452 2
3453 2
3454 4
3455 4
3456 1
3458 1
3459 3
3460 3
3461 3
3462 1
3464 2
3466 2
3467 1
3468 1
3469 5
3470 1
3471 2
3472 3
3473 7
3474 1
3475 4
3476 1
3477 2
3478 1
3479 3
3480 3
3481 3
3482 1
3483 2
3484 3
3485 3
3487 1
3489 1
3490 2
3491 1
3492 1
3493 1
3494 1
3495 2
3496 4
3497 2
3498 2
3499 5
3500 1
3501 2
3502 2
3503 1
3504 1
3505 1
3506 1
3507 2
3508 3
3509 1
3510 5
3511 2
3512 2
3516 4
3517 2
3519 2
3520 1
3522 2
3523 1
3524 1
3525 2
3526 1
3527 1
3528 2
3529 1
3530 2
3531 2
3532 2
3533 4
3534 3
3535 5
3536 5
3537 2
3538 3
3539 2
3540 1
3541 1
3542 1
3543 2
3545 1
3546 3
3548 3
3549 2
3551 1
3553 3
3554 3
3556 2
3557 1
3558 1
3559 3
3560 1
3562 2
3563 4
3564 2
3565 1
3566 1
3567 2
3568 2
3571 1
3572 1
3573 4
3574 4
3576 1
3577 1
3578 1
3579 3
3580 1
3581 2
3582 1
3583 1
3585 1
3586 1
3587 2
3588 2
3589 3
3591 4
3593 1
3594 4
3595 3
3596 2
3597 1
3598 2
3600 2
3601 2
3602 1
3603 1
3605 1
3606 4
3607 1
3608 2
3609 1
3610 4
3611 2
3612 3
3614 3
3615 2
3616 1
3617 3
3619 4
3620 1
3621 1
3622 3
3623 4
3624 3
3625 2
3626 1
3627 1
3628 3
3629 2
3632 1
3633 1
3634 5
3635 4
3636 1
3637 3
3638 1
3639 2
3640 4
3641 2
3642 2
3643 2
3645 3
3646 2
3647 1
3648 3
3650 1
3651 2
3652 1
3653 2
3654 1
3655 2
3656 1
3657 1
3658 3
3660 2
3662 5
3663 3
3664 3
3665 2
3668 1
3669 3
3670 1
3671 1
3672 2
3673 1
3675 2
3676 3
3677 2
3678 1
3679 2
3680 1
3681 1
3682 3
3683 2
3684 2
3685 3
3686 4
3687 3
3688 2
3689 3
3690 6
3691 1
3692 4
3693 4
3694 2
3695 1
3696 2
3697 6
3699 3
3700 1
3703 4
3704 1
3705 2
3706 4
3707 2
3708 3
3710 4
3711 3
3713 1
3714 1
3715 3
3716 1
3717 1
3718 1
3720 2
3721 3
3722 3
3723 3
3724 3
3726 2
3728 2
3729 1
3730 2
3731 2
3733 3
3734 2
3735 5
3736 1
3737 3
3738 2
3739 3
3740 6
3741 4
3742 2
3744 1
3745 1
3746 2
3747 5
3748 1
3749 3
3751 4
3752 2
3753 2
3754 2
3755 3
3756 1
3757 2
3758 1
3760 1
3762 2
3763 2
3764 3
3765 2
3766 2
3767 2
3768 5
3769 4
3770 3
3771 1
3772 2
3773 2
3774 1
3775 2
3777 2
3778 1
3779 1
3780 4
3781 4
3783 3
3784 3
3785 2
3786 1
3787 1
3788 4
3789 3
3790 1
3791 2
3792 1
3793 2
3794 3
3795 4
3796 1
3797 1
3799 7
3801 2
3802 2
3803 1
3804 1
3805 3
3806 1
3807 3
3808 2
3809 1
3810 2
3811 3
3812 3
3813 1
3814 1
3815 1
3817 2
3818 2
3819 3
3820 2
3821 1
3822 2
3823 2
3825 2
3826 1
3828 1
3829 2
3831 3
3832 2
3834 1
3835 2
3836 3
3838 3
3839 2
3840 2
3841 3
3842 1
3843 1
3844 3
3845 2
3846 2
3848 2
3850 2
3851 3
3854 3
3855 1
3857 1
3858 4
3859 5
3861 6
3862 2
3863 2
3864 2
3865 1
3866 1
3867 2
3868 2
3870 1
3871 2
3872 3
3873 3
3874 1
3875 2
3876 2
3877 1
3878 2
3879 1
3881 4
3882 3
3884 3
3885 2
3886 1
3887 1
3889 3
3890 3
3891 1
3893 2
3894 3
3895 2
3897 2
3898 2
3900 1
3901 3
3903 4
3904 1
3905 1
3906 2
3907 2
3908 3
3909 2
3910 4
3911 1
3912 1
3913 3
3914 4
3915 3
3916 2
3917 3
3919 4
3921 1
3922 1
3923 5
3924 4
3925 3
3926 1
3927 2
3929 2
3930 3
3931 3
3932 1
3935 2
3936 1
3937 2
3938 2
3939 2
3940 1
3941 4
3943 2
3944 3
3945 2
3946 1
3948 2
3949 3
3950 3
3951 1
3952 1
3953 1
3954 4
3955 2
3956 3
3957 1
3958 2
3959 2
3960 2
3961 1
3962 3
3963 2
3966 1
3967 1
3968 1
3969 1
3970 3
3971 3
3972 4
3973 1
3974 3
3975 1
3976 3
3977 2
3978 3
3979 2
3980 5
3981 2
3982 2
3983 2
3984 2
3987 4
3988 2
3989 4
3990 1
3991 2
3992 2
3993 5
3994 2
3995 1
3996 6
3997 1
3998 2
4000 3
4001 2
4002 1
4003 1
4004 3
4005 1
4006 5
4007 1
4008 2
4009 1
4010 1
4011 1
4012 1
4013 4
4014 4
4016 4
4018 2
4019 3
4020 3
4021 1
4022 3
4023 1
4024 2
4025 1
4026 1
4027 2
4028 1
4029 4
4030 1
4033 4
4034 2
4035 1
4036 6
4037 2
4038 1
4039 2
4040 4
4041 1
4043 3
4045 1
4046 1
4047 4
4048 1
4049 1
4050 2
4051 2
4052 3
4053 4
4054 2
4055 2
4056 3
4057 3
4058 2
4059 1
4060 2
4061 4
4062 1
4063 1
4064 1
4065 1
4066 2
4067 4
4068 1
4069 1
4070 1
4071 3
4072 3
4073 1
4074 3
4075 3
4076 1
4077 1
4078 1
4079 2
4080 5
4081 3
4082 1
4083 3
4084 1
4085 1
4086 1
4088 3
4089 3
4090 4
4091 4
4092 1
4093 1
4094 3
4095 1
4096 2
4098 2
4099 3
4100 1
4102 3
4104 3
4105 2
4106 6
4107 4
4108 3
4109 2
4110 5
4111 3
4112 5
4114 2
4116 4
4117 3
4119 1
4120 2
4121 5
4122 1
4123 3
4124 4
4125 2
4126 3
4127 1
4128 1
4129 1
4130 1
4131 4
4132 4
4133 2
4134 5
4135 4
4136 1
4137 6
4139 2
4141 1
4142 6
4143 5
4144 1
4145 1
4147 1
4148 2
4149 4
4150 1
4151 2
4152 3
4153 6
4154 2
4155 4
4156 3
4157 1
4159 2
4160 3
4161 4
4162 4
4163 3
4164 4
4165 3
4166 2
4167 2
4168 4
4169 4
4170 8
4171 4
4172 1
4175 1
4176 3
4178 3
4179 2
4180 1
4182 1
4183 4
4185 2
4186 1
4187 2
4188 1
4190 1
4191 2
4192 1
4193 4
4194 4
4195 1
4197 1
4198 1
4200 3
4201 3
4202 6
4204 1
4205 1
4207 3
4208 4
4209 2
4210 2
4211 2
4212 2
4213 2
4214 5
4215 3
4216 4
4217 4
4218 1
4219 1
4220 3
4221 1
4222 2
4223 2
4224 3
4225 4
4226 2
4227 4
4228 3
4229 2
4230 1
4231 1
4232 2
4233 2
4234 2
4235 1
4236 1
4237 2
4239 1
4240 3
4241 3
4242 3
4244 1
4245 3
4246 1
4247 1
4248 3
4249 1
4250 1
4251 1
4252 5
4253 1
4254 2
4255 4
4256 1
4257 1
4258 2
4259 1
4260 2
4261 3
4262 5
4263 1
4265 2
4266 3
4267 4
4268 3
4269 1
4270 2
4271 1
4272 2
4274 1
4275 4
4276 2
4278 4
4279 1
4280 4
4281 3
4282 1
4283 3
4284 3
4285 1
4286 3
4287 3
4288 4
4289 2
4290 1
4291 1
4292 2
4293 1
4294 3
4295 5
4296 3
4298 2
4299 2
4300 2
4301 2
4302 2
4303 2
4304 3
4305 1
4307 2
4308 2
4309 5
4310 2
4311 1
4312 1
4313 2
4314 2
4315 2
4317 1
4318 2
4319 5
4320 2
4321 1
4322 1
4324 2
4325 2
4326 3
4327 2
4328 1
4329 2
4330 6
4331 5
4332 1
4333 2
4334 2
4335 5
4336 4
4337 4
4338 3
4339 2
4340 1
4341 2
4342 4
4343 4
4344 2
4346 3
4348 3
4349 2
4350 1
4351 3
4352 4
4353 1
4354 4
4355 6
4356 2
4357 1
4358 4
4359 1
4360 5
4361 1
4362 4
4363 3
4364 4
4365 3
4366 2
4367 2
4369 3
4370 1
4371 1
4373 5
4374 6
4375 6
4376 5
4377 3
4378 2
4379 2
4380 3
4381 5
4382 3
4383 1
4385 2
4386 1
4387 3
4388 1
4389 5
4390 2
4391 1
4392 3
4393 2
4394 3
4395 1
4396 1
4397 4
4398 4
4399 2
4400 3
4401 1
4402 1
4403 3
4406 6
4407 3
4408 5
4409 4
4410 3
4412 3
4413 2
4414 2
4415 2
4416 4
4418 3
4419 2
4420 1
4421 2
4423 4
4424 2
4425 1
4426 1
4428 2
4429 1
4430 4
4431 3
4432 1
4433 3
4434 3
4435 3
4436 2
4437 3
4438 2
4439 1
4440 4
4442 3
4443 2
4444 1
4445 4
4446 4
4447 7
4448 3
4449 5
4451 3
4452 3
4453 2
4454 2
4455 1
4456 4
4457 5
4458 4
4459 2
4461 5
4462 2
4463 3
4464 2
4465 2
4466 1
4467 2
4468 2
4469 1
4470 1
4473 7
4474 2
4475 2
4476 3
4477 4
4478 3
4479 4
4481 3
4483 1
4484 4
4485 1
4486 2
4487 3
4488 2
4489 2
4490 2
4491 2
4493 2
4494 3
4495 4
4497 4
4501 4
4502 1
4503 2
4504 1
4505 2
4506 1
4507 2
4508 2
4510 1
4511 5
4512 5
4513 1
4514 1
4516 1
4517 2
4518 1
4519 4
4520 1
4521 1
4522 2
4523 1
4524 4
4525 3
4527 3
4528 2
4529 1
4530 6
4531 1
4532 2
4533 1
4534 2
4536 2
4537 2
4538 4
4539 1
4540 2
4541 3
4542 4
4543 4
4544 1
4545 1
4546 3
4547 3
4548 1
4549 1
4550 3
4551 1
4552 1
4553 1
4554 2
4555 4
4558 2
4559 2
4560 3
4561 4
4562 1
4563 2
4564 1
4566 1
4567 2
4568 1
4570 3
4571 3
4572 3
4573 1
4575 3
4576 1
4577 1
4578 3
4579 2
4580 4
4581 1
4582 2
4583 3
4584 3
4585 2
4586 7
4587 2
4588 5
4589 2
4590 3
4592 5
4593 1
4594 4
4595 2
4596 2
4597 2
4598 2
4599 3
4600 3
4601 2
4602 4
4603 3
4604 2
4605 1
4607 3
4608 4
4609 1
4610 1
4611 1
4613 2
4614 5
4615 2
4616 4
4617 1
4618 2
4620 3
4622 1
4623 7
4624 1
4626 5
4627 3
4628 2
4630 2
4631 2
4632 3
4633 2
4634 2
4635 1
4636 2
4638 1
4639 1
4640 2
4642 2
4643 1
4644 1
4645 2
4646 3
4647 1
4648 1
4649 1
4650 4
4651 2
4652 2
4653 1
4654 2
4655 2
4656 3
4657 2
4658 3
4659 1
4660 4
4661 2
4662 2
4663 2
4664 1
4665 4
4666 1
4667 3
4668 2
4669 4
4671 1
4672 1
4673 1
4674 5
4675 1
4677 2
4678 1
4679 1
4681 4
4682 1
4683 1
4684 5
4685 2
4686 3
4687 2
4688 1
4689 3
4690 2
4691 2
4692 2
4693 1
4694 2
4695 5
4696 1
4697 1
4698 4
4699 3
4700 3
4701 1
4702 1
4703 1
4704 2
4705 2
4706 1
4708 2
4709 3
4710 3
4711 1
4713 2
4714 3
4715 2
4717 1
4718 1
4719 1
4720 4
4721 3
4722 4
4724 2
4725 1
4726 2
4727 3
4728 4
4729 1
4730 2
4731 2
4732 4
4733 1
4734 3
4735 3
4737 7
4738 2
4740 2
4741 1
4742 1
4743 3
4744 3
4745 1
4746 3
4748 1
4749 1
4750 1
4751 3
4752 3
4753 1
4754 2
4755 1
4757 4
4758 4
4759 3
4760 7
4761 1
4762 3
4763 3
4764 2
4765 2
4766 2
4767 3
4768 4
4769 3
4770 6
4771 2
4772 6
4773 2
4775 5
4776 1
4777 2
4778 2
4780 2
4781 2
4783 2
4784 3
4785 4
4786 3
4787 2
4788 4
4790 4
4791 1
4793 1
4795 1
4796 3
4797 5
4799 3
4800 2
4801 2
4802 1
4803 5
4805 3
4806 6
4807 1
4808 2
4809 2
4810 2
4811 2
4812 2
4813 2
4814 1
4815 6
4816 3
4817 2
4818 1
4819 1
4821 3
4822 4
4823 2
4824 4
4825 2
4826 3
4828 4
4829 2
4830 2
4831 5
4832 3
4833 3
4834 4
4835 5
4837 4
4838 3
4839 3
4841 3
4842 1
4843 2
4844 2
4845 2
4846 1
4847 2
4848 3
4849 3
4850 2
4851 2
4852 4
4853 1
4854 2
4855 5
4856 1
4857 4
4859 4
4860 3
4862 3
4863 6
4865 3
4866 4
4867 3
4868 1
4870 2
4871 1
4872 2
4873 3
4875 1
4876 1
4877 4
4878 3
4880 2
4881 2
4882 1
4883 1
4884 1
4885 3
4886 3
4887 2
4888 5
4889 5
4890 1
4891 2
4892 1
4893 1
4894 2
4896 1
4897 2
4898 2
4899 2
4901 2
4902 1
4903 1
4904 3
4905 2
4907 5
4909 4
4910 1
4911 3
4912 1
4914 2
4915 1
4916 3
4917 3
4918 5
4919 3
4920 3
4921 1
4922 2
4923 2
4924 4
4925 1
4926 1
4928 2
4929 3
4930 1
4932 3
4934 3
4936 3
4937 2
4938 3
4939 2
4940 1
4941 2
4943 1
4945 2
4946 1
4947 3
4950 2
4951 2
4952 3
4953 3
4955 2
4956 1
4959 3
4960 2
4961 2
4962 1
4963 3
4964 1
4965 4
4966 2
4967 1
4968 1
4969 1
4970 1
4971 1
4972 5
4973 4
4974 4
4975 3
4976 1
4977 4
4978 1
4979 3
4980 3
4981 3
4982 2
4983 3
4984 4
4985 6
4987 3
4990 3
4991 2
4992 2
4993 1
4994 3
4995 3
4997 5
4998 6
4999 3
5000 4
5001 2
5002 2
5003 3
5004 2
5006 5
5007 2
5008 5
5009 3
5010 3
5011 4
5012 3
5014 3
5016 2
5017 2
5019 2
5020 2
5021 2
5022 2
5023 1
5024 1
5025 3
5027 3
5028 4
5029 2
5030 2
5031 4
5033 1
5034 1
5035 1
5036 2
5038 1
5039 2
5040 3
5041 3
5042 1
5043 4
5044 1
5045 3
5046 4
5047 3
5048 3
5049 1
5051 1
5053 3
5054 2
5056 2
5057 2
5058 2
5059 2
5060 1
5061 2
5062 1
5063 1
5064 2
5066 1
5067 1
5068 3
5069 1
5070 1
5071 1
5072 2
5074 2
5075 3
5078 3
5079 1
5080 2
5081 2
5083 3
5084 2
5085 3
5086 1
5087 4
5089 4
5090 2
5091 1
5092 2
5093 4
5094 3
5095 1
5096 1
5097 1
5098 1
5099 3
5100 2
5102 1
5103 3
5104 2
5105 2
5106 1
5107 1
5108 4
5109 1
5110 1
5112 3
5113 1
5114 3
5115 1
5119 1
5120 1
5121 2
5122 1
5124 1
5125 2
5127 2
5128 2
5129 2
5130 4
5131 2
5132 2
5135 4
5137 1
5138 1
5139 1
5140 3
5141 2
5142 7
5143 3
5144 5
5147 3
5148 5
5149 8
5150 2
5151 2
5153 4
5154 2
5156 4
5157 2
5158 1
5159 1
5160 3
5161 1
5162 2
5163 1
5164 1
5165 3
5166 2
5167 3
5169 1
5170 1
5171 3
5172 4
5173 1
5174 2
5175 4
5176 2
5177 3
5178 1
5179 2
5180 3
5181 2
5182 5
5184 1
5185 2
5186 2
5188 1
5189 1
5191 1
5192 4
5193 2
5194 2
5195 3
5196 1
5197 1
5198 2
5199 2
5200 2
5202 3
5203 2
5204 1
5205 1
5208 4
5209 1
5210 2
5211 4
5212 1
5213 4
5214 1
5215 1
5216 3
5217 2
5218 2
5220 3
5221 1
5222 3
5223 1
5224 2
5226 3
5227 2
5228 4
5229 1
5230 1
5231 1
5232 1
5233 4
5234 1
5236 1
5237 1
5238 3
5239 2
5240 1
5241 1
5242 2
5244 2
5245 3
5246 4
5248 2
5249 1
5251 1
5252 1
5253 1
5254 1
5255 2
5256 1
5257 1
5258 2
5259 3
5260 2
5261 2
5263 1
5264 2
5265 2
5266 3
5267 1
5268 5
5269 1
5271 2
5272 1
5273 1
5275 2
5276 1
5278 3
5279 1
5281 3
5284 2
5285 1
5286 2
5287 1
5288 3
5289 1
5292 2
5293 1
5294 3
5295 2
5296 2
5298 1
5299 2
5300 3
5301 2
5303 2
5304 6
5306 1
5307 2
5308 2
5309 2
5310 2
5311 3
5312 1
5313 2
5314 1
5315 2
5317 1
5318 1
5319 3
5320 1
5321 6
5322 2
5323 1
5325 2
5326 3
5327 2
5328 1
5330 1
5331 1
5332 1
5333 1
5334 2
5335 3
5336 2
5337 2
5338 1
5339 1
5340 3
5343 1
5344 1
5345 2
5346 2
5347 1
5348 3
5350 1
5351 2
5352 1
5353 1
5354 2
5357 3
5358 2
5359 1
5361 1
5362 2
5363 3
5365 1
5366 3
5368 3
5369 2
5371 1
5374 2
5375 1
5377 1
5378 2
5379 3
5380 3
5381 2
5382 3
5383 2
5384 1
5385 1
5387 1
5388 3
5389 3
5390 1
5391 2
5392 2
5393 1
5394 1
5395 6
5397 1
5398 3
5400 2
5401 3
5402 2
5403 1
5404 2
5407 6
5409 1
5410 2
5411 1
5412 1
5414 1
5415 1
5416 2
5418 2
5419 4
5421 3
5422 1
5423 3
5424 4
5425 2
5426 1
5427 1
5428 2
5429 1
5430 2
5431 3
5433 1
5434 1
5437 1
5438 1
5439 1
5440 1
5441 1
5442 1
5444 1
5445 2
5446 3
5447 1
5448 1
5451 3
5452 1
5453 1
5454 1
5456 1
5457 1
5459 2
5460 2
5461 3
5462 2
5463 2
5464 2
5465 2
5466 2
5467 3
5468 2
5472 5
5474 3
5475 2
5476 4
5477 1
5479 2
5480 1
5481 1
5482 1
5483 3
5484 5
5486 2
5488 1
5489 4
5490 1
5491 4
5492 1
5493 2
5494 1
5495 1
5496 1
5497 1
5498 2
5499 1
5500 2
5501 1
5502 1
5503 2
5504 1
5505 2
5506 2
5507 1
5508 2
5509 2
5510 2
5511 2
5512 1
5513 2
5514 2
5515 1
5517 2
5518 1
5520 1
5521 1
5523 2
5524 2
5525 1
5526 1
5527 3
5528 1
5529 3
5531 1
5532 3
5534 2
5535 1
5536 1
5537 2
5538 1
5540 2
5541 1
5542 2
5543 1
5544 1
5545 1
5546 1
5547 3
5548 2
5549 2
5551 2
5552 1
5553 2
5557 2
5558 1
5559 3
5560 1
5562 1
5563 3
5564 1
5565 3
5566 1
5567 1
5568 4
5569 2
5570 2
5574 1
5575 1
5576 1
5577 3
5578 1
5581 4
5582 1
5584 2
5585 1
5586 1
5588 2
5589 1
5590 2
5591 3
5592 2
5593 1
5594 2
5595 4
5596 1
5597 3
5598 1
5599 1
5600 2
5601 2
5602 1
5603 3
5604 1
5606 1
5607 2
5608 2
5609 3
5610 1
5611 1
5612 3
5613 1
5616 2
5617 1
5618 2
5619 2
5620 1
5621 1
5623 1
5624 1
5626 1
5628 5
5630 1
5631 1
5632 2
5633 1
5634 1
5636 5
5637 2
5638 1
5639 3
5640 2
5641 1
5642 3
5643 1
5644 1
5645 3
5647 1
5648 2
5649 1
5650 2
5654 3
5655 2
5656 2
5657 1
5658 2
5659 2
5660 2
5661 1
5663 2
5665 1
5666 1
5667 2
5669 4
5671 4
5672 2
5673 3
5674 2
5678 1
5679 2
5681 1
5683 5
5684 1
5686 3
5687 1
5688 2
5689 2
5691 1
5692 3
5693 2
5694 2
5695 2
5696 1
5697 2
5698 1
5699 1
5701 3
5702 1
5703 2
5705 2
5706 3
5708 2
5710 2
5711 2
5712 1
5713 1
5714 1
5717 3
5718 1
5720 3
5721 3
5724 3
5726 2
5727 1
5728 1
5732 2
5733 2
5734 1
5735 3
5736 1
5737 2
5738 3
5739 1
5740 3
5742 2
5743 1
5744 1
5745 1
5747 2
5748 1
5749 2
5750 3
5751 2
5752 1
5753 1
5755 1
5757 3
5760 2
5761 2
5762 1
5763 3
5764 2
5765 2
5766 1
5767 1
5768 1
5770 2
5771 1
5774 2
5775 1
5776 2
5777 1
5781 2
5783 1
5785 1
5786 1
5788 1
5789 1
5790 2
5791 1
5792 3
5793 1
5794 1
5795 4
5796 2
5798 2
5799 1
5800 1
5801 2
5802 2
5803 4
5805 2
5808 1
5809 1
5810 1
5811 2
5813 1
5814 2
5817 1
5818 2
5819 1
5820 2
5821 1
5823 2
5824 2
5825 1
5826 1
5828 2
5829 2
5831 2
5832 3
5833 1
5834 2
5836 1
5837 2
5838 1
5839 2
5843 3
5845 1
5846 2
5847 2
5848 2
5850 3
5851 2
5852 3
5853 1
5854 1
5855 2
5856 1
5857 1
5858 4
5861 2
5862 3
5863 2
5864 1
5865 1
5866 1
5867 1
5868 1
5869 1
5870 1
5872 3
5875 3
5876 5
5877 1
5878 1
5880 2
5881 1
5882 2
5883 2
5885 1
5886 4
5887 1
5888 2
5889 1
5891 1
5892 2
5893 2
5894 1
5895 1
5897 3
5899 1
5900 1
5901 2
5902 1
5903 1
5904 1
5910 1
5911 3
5912 1
5913 1
5915 2
5919 1
5921 1
5922 1
5923 2
5925 1
5926 1
5927 1
5928 1
5929 1
5930 1
5931 1
5932 2
5934 1
5935 2
5938 1
5939 1
5943 3
5944 2
5947 3
5949 3
5952 3
5953 2
5955 1
5956 2
5957 2
5959 3
5960 2
5962 3
5963 4
5964 1
5966 1
5968 1
5969 3
5970 2
5971 1
5972 1
5973 4
5974 5
5975 2
5977 1
5978 1
5979 1
5980 2
5981 1
5984 4
5985 4
5986 1
5987 2
5988 2
5990 1
5991 2
5992 2
5995 1
5996 1
5998 4
6000 3
6001 2
6002 1
6004 4
6005 2
6006 1
6007 3
6008 2
6009 3
6010 1
6011 1
6015 1
6017 3
6018 1
6019 1
6020 1
6022 2
6023 1
6025 2
6027 1
6028 2
6029 1
6031 2
6032 1
6033 1
6034 3
6035 1
6036 4
6040 1
6041 1
6042 2
6043 1
6044 2
6045 3
6046 2
6047 2
6048 1
6051 2
6053 2
6055 2
6056 1
6057 1
6058 3
6059 1
6060 2
6061 1
6062 1
6064 1
6066 3
6068 2
6069 1
6070 1
6072 1
6074 2
6075 1
6076 2
6077 3
6078 3
6079 2
6082 2
6083 1
6084 3
6085 1
6086 3
6087 2
6088 2
6089 1
6092 2
6096 2
6097 2
6098 3
6100 3
6102 3
6103 1
6104 1
6105 1
6106 2
6108 2
6109 2
6110 1
6111 1
6113 1
6114 2
6115 4
6119 2
6120 1
6122 1
6123 1
6124 2
6128 3
6129 2
6130 2
6131 1
6134 2
6139 4
6140 1
6141 2
6144 1
6146 1
6148 1
6150 2
6151 2
6152 1
6153 2
6154 3
6156 1
6157 1
6160 2
6163 3
6164 3
6165 2
6166 1
6167 1
6168 1
6171 1
6172 1
6175 2
6177 1
6178 1
6179 1
6180 1
6181 1
6182 1
6183 1
6184 2
6185 2
6187 3
6188 2
6190 2
6191 3
6199 1
6201 1
6202 2
6203 3
6204 2
6205 1
6206 1
6207 1
6208 2
6209 1
6212 1
6213 3
6216 2
6217 2
6221 1
6222 2
6224 2
6226 1
6228 3
6229 2
6233 3
6234 2
6235 1
6236 1
6237 1
6238 2
6241 2
6242 1
6246 2
6248 1
6249 1
6250 1
6252 1
6254 3
6256 1
6257 1
6260 1
6262 1
6264 1
6266 2
6267 1
6268 1
6269 1
6270 4
6271 1
6273 1
6274 1
6276 2
6277 2
6279 1
6280 3
6283 1
6284 1
6285 1
6286 1
6287 1
6288 1
6291 2
6293 1
6294 4
6296 2
6298 1
6299 1
6300 2
6301 4
6303 1
6304 1
6305 1
6306 2
6308 1
6309 1
6310 1
6312 1
6314 1
6318 4
6319 1
6323 3
6325 1
6327 2
6329 2
6331 1
6333 2
6336 1
6337 1
6341 1
6342 1
6344 4
6346 1
6348 1
6349 5
6350 1
6351 2
6352 1
6353 4
6354 1
6355 3
6357 3
6359 1
6361 1
6362 1
6363 1
6364 2
6365 3
6367 2
6368 1
6370 3
6371 1
6373 1
6375 2
6376 1
6377 2
6379 1
6381 1
6382 1
6383 2
6384 1
6385 2
6386 2
6387 1
6391 1
6392 1
6394 1
6397 5
6398 2
6399 2
6400 1
6404 1
6405 1
6407 1
6408 2
6412 1
6413 1
6414 3
6415 4
6417 1
6418 1
6419 2
6420 2
6421 1
6422 1
6425 2
6427 1
6428 2
6429 2
6430 1
6431 1
6432 1
6437 2
6438 2
6443 1
6444 3
6445 1
6447 1
6448 1
6449 2
6450 1
6453 1
6454 2
6455 2
6456 1
6457 1
6460 1
6461 1
6463 2
6464 1
6468 3
6469 2
6472 2
6473 2
6475 1
6477 1
6478 2
6481 2
6483 1
6484 1
6485 2
6487 1
6488 1
6489 1
6491 3
6492 2
6493 2
6494 1
6496 2
6498 1
6501 1
6503 1
6504 1
6507 1
6509 1
6511 1
6512 2
6513 1
6514 2
6517 4
6518 1
6521 1
6522 1
6523 3
6524 3
6527 1
6528 1
6529 3
6530 1
6534 1
6535 1
6538 2
6541 1
6544 2
6545 1
6547 1
6552 1
6554 1
6555 2
6557 2
6558 2
6560 2
6562 2
6563 1
6565 1
6566 2
6571 3
6572 1
6573 1
6574 1
6575 2
6576 2
6580 4
6581 2
6582 2
6584 2
6585 1
6586 1
6587 1
6589 4
6590 1
6592 1
6594 1
6596 1
6598 3
6599 1
6601 1
6602 1
6603 2
6605 3
6606 1
6608 1
6609 1
6610 3
6611 1
6612 1
6617 1
6619 1
6625 1
6626 1
6630 1
6631 1
6632 1
6634 1
6637 2
6638 1
6641 2
6643 2
6646 2
6647 1
6649 1
6652 1
6653 1
6654 1
6655 2
6657 1
6660 1
6663 1
6664 2
6666 1
6669 1
6670 1
6673 3
6674 1
6675 1
6677 1
6678 1
6679 1
6681 1
6682 2
6684 1
6685 1
6687 1
6688 1
6690 1
6691 1
6692 1
6693 1
6694 1
6695 1
6696 1
6697 1
6698 1
6700 1
6701 1
6704 1
6705 1
6707 2
6708 1
6709 3
6712 1
6715 1
6722 1
6723 1
6724 2
6725 1
6727 2
6729 1
6730 2
6732 1
6733 1
6734 1
6737 1
6738 2
6739 1
6743 1
6745 2
6746 1
6747 1
6748 2
6749 2
6750 1
6751 1
6753 1
6755 1
6756 1
6757 1
6758 2
6760 1
6762 2
6765 1
6766 1
6767 1
6768 1
6772 2
6777 1
6783 1
6784 1
6785 1
6788 1
6789 1
6790 1
6791 1
6792 1
6793 1
6795 1
6797 3
6798 1
6799 1
6801 1
6803 1
6806 1
6807 1
6811 1
6814 1
6815 2
6817 1
6818 3
6819 2
6820 1
6821 1
6822 1
6823 1
6824 2
6827 1
6828 1
6829 1
6835 1
6837 1
6842 3
6846 1
6847 4
6848 1
6852 1
6853 2
6854 2
6857 2
6859 1
6860 1
6862 1
6865 2
6874 1
6875 1
6877 1
6878 1
6879 1
6880 2
6881 1
6882 1
6884 1
6885 1
6889 1
6890 2
6893 1
6895 1
6896 1
6897 2
6899 1
6901 1
6903 1
6904 1
6906 1
6908 2
6912 1
6915 1
6918 2
6920 1
6921 1
6923 1
6924 1
6928 1
6932 1
6933 1
6935 1
6936 1
6937 2
6940 2
6941 1
6943 1
6944 2
6945 1
6946 1
6947 1
6949 1
6950 1
6954 3
6956 1
6958 1
6959 1
6961 2
6964 1
6969 1
6972 2
6973 1
6974 2
6976 1
6978 2
6979 1
6982 1
6985 1
6987 2
6988 2
6989 1
6991 2
6992 1
6994 1
6996 1
6997 1
6999 1
7002 4
7005 1
7006 1
7007 1
7009 1
7010 1
7011 1
7012 1
7014 1
7019 1
7022 1
7023 2
7024 1
7026 2
7027 1
7032 2
7033 3
7037 1
7038 2
7041 1
7050 1
7053 2
7057 1
7058 2
7062 2
7063 1
7072 2
7073 2
7075 1
7077 1
7083 1
7090 1
7091 1
7092 1
7093 2
7094 1
7102 2
7110 1
7113 1
7116 1
7117 1
7118 2
7119 1
7122 1
7125 2
7126 1
7127 2
7131 1
7136 1
7138 1
7140 1
7142 2
7145 1
7148 1
7150 1
7151 1
7153 1
7157 2
7159 1
7161 1
7162 1
7163 1
7173 1
7176 1
7177 1
7178 1
7184 2
7187 3
7192 1
7195 1
7196 1
7197 1
7200 2
7206 1
7211 2
7213 1
7217 1
7218 1
7220 1
7221 2
7225 1
7231 1
7232 3
7236 1
7237 1
7239 1
7241 2
7242 1
7244 1
7246 1
7247 3
7248 1
7250 2
7252 2
7253 1
7255 1
7262 1
7264 2
7266 1
7268 1
7269 1
7270 1
7271 2
7273 1
7277 2
7278 2
7279 1
7281 1
7282 1
7284 1
7285 1
7287 1
7292 1
7293 1
7295 1
7298 1
7302 1
7303 1
7305 1
7307 2
7310 2
7311 1
7317 1
7326 1
7329 1
7332 1
7341 1
7343 1
7347 1
7351 2
7354 1
7356 2
7357 1
7359 1
7365 1
7369 1
7370 1
7371 1
7373 1
7383 2
7384 2
7385 1
7388 1
7390 1
7392 1
7394 2
7395 1
7397 1
7399 2
7403 1
7408 2
7412 1
7417 1
7418 1
7421 1
7426 1
7432 2
7433 1
7434 1
7439 2
7442 1
7445 1
7446 2
7447 1
7451 3
7452 1
7453 1
7455 1
7457 2
7458 1
7460 1
7463 1
7464 1
7465 1
7467 2
7469 1
7473 2
7474 1
7476 1
7479 1
7483 1
7484 2
7490 1
7491 1
7492 2
7494 1
7496 1
7497 1
7502 1
7505 1
7508 1
7509 1
7510 2
7512 1
7519 2
7520 2
7521 1
7523 1
7527 1
7531 1
7535 1
7536 1
7540 1
7541 1
7545 1
7548 1
7549 1
7551 2
7557 1
7565 2
7569 2
7570 1
7572 2
7576 1
7577 1
7578 2
7580 2
7581 1
7582 1
7584 1
7585 1
7588 2
7591 1
7592 2
7593 1
7596 1
7597 1
7600 1
7607 1
7610 1
7613 1
7617 2
7622 1
7625 1
7626 1
7627 1
7628 1
7632 1
7634 1
7637 1
7642 3
7643 1
7648 1
7651 2
7652 1
7653 2
7657 3
7662 2
7668 1
7673 1
7674 1
7679 1
7683 2
7687 2
7688 2
7689 1
7694 1
7697 1
7698 1
7702 1
7705 1
7707 1
7712 1
7713 1
7717 1
7724 1
7725 1
7729 1
7734 1
7735 1
7736 2
7740 2
7741 1
7746 1
7759 1
7761 2
7763 1
7764 2
7766 3
7776 1
7779 1
7782 1
7785 2
7786 1
7788 3
7790 1
7796 1
7797 1
7799 1
7807 1
7809 2
7810 2
7811 1
7815 1
7816 1
7820 1
7827 1
7830 1
7833 1
7834 1
7835 1
7837 2
7839 1
7843 2
7845 1
7847 1
7849 1
7853 1
7855 1
7858 1
7859 1
7860 1
7861 1
7863 1
7864 1
7865 3
7870 1
7874 1
7875 1
7877 1
7878 1
7881 1
7885 1
7887 1
7890 3
7897 1
7898 1
7901 1
7903 2
7904 1
7908 1
7913 1
7914 3
7919 2
7920 1
7922 1
7925 1
7929 1
7930 1
7937 1
7940 1
7941 2
7951 1
7956 2
7958 1
7959 1
7960 1
7965 1
7977 1
7984 1
7988 1
7989 1
7992 1
8001 2
8002 2
8010 1
8017 2
8023 1
8024 1
8025 1
8026 2
8027 1
8028 1
8031 1
8034 1
8037 1
8038 2
8042 1
8051 1
8053 1
8058 1
8064 1
8066 1
8068 1
8069 1
8072 2
8076 1
8078 1
8079 1
8098 2
8099 1
8112 1
8114 1
8115 1
8118 1
8121 1
8123 1
8125 1
8126 1
8129 1
8133 1
8137 1
8138 1
8139 2
8142 1
8144 1
8145 3
8149 1
8160 1
8166 1
8168 1
8170 1
8171 1
8176 1
8180 1
8183 1
8187 1
8192 1
8194 2
8196 1
8197 1
8202 1
8203 2
8210 1
8216 1
8221 1
8224 1
8225 1
8229 1
8230 2
8238 1
8239 1
8240 1
8245 1
8260 1
8264 1
8266 1
8267 2
8268 2
8269 1
8273 1
8284 1
8285 1
8292 1
8293 1
8300 3
8305 2
8306 2
8307 1
8308 1
8314 2
8319 2
8325 1
8329 1
8334 1
8336 1
8342 1
8343 1
8352 1
8360 1
8365 1
8370 1
8377 1
8378 1
8383 1
8384 1
8385 1
8393 2
8402 2
8405 1
8406 1
8408 1
8411 1
8424 1
8431 1
8436 1
8448 1
8449 1
8450 2
8459 1
8460 1
8466 1
8472 1
8474 2
8482 1
8487 1
8497 1
8500 2
8502 1
8508 1
8512 1
8518 1
8522 1
8531 1
8535 1
8536 1
8537 1
8538 1
8539 1
8543 1
8554 1
8561 1
8563 1
8569 1
8581 2
8583 1
8587 1
8592 1
8593 1
8596 1
8597 1
8601 1
8605 1
8606 1
8610 1
8611 1
8612 1
8616 1
8618 1
8627 1
8629 1
8630 1
8631 1
8632 1
8636 1
8639 1
8660 1
8662 1
8666 1
8669 1
8670 1
8671 1
8686 1
8696 1
8702 1
8703 1
8708 1
8718 1
8728 1
8731 1
8737 1
8740 1
8747 1
8750 1
8756 1
8758 2
8760 1
8763 1
8768 1
8774 1
8776 1
8779 1
8785 1
8794 1
8797 2
8798 1
8799 1
8800 1
8813 1
8818 1
8835 1
8854 1
8858 1
8863 1
8866 1
8867 1
8869 1
8883 1
8886 1
8888 1
8890 1
8901 1
8904 2
8907 1
8917 1
8922 1
8923 1
8926 1
8928 1
8932 1
8938 1
8939 1
8941 1
8944 1
8954 1
8958 1
8966 2
8971 1
8981 1
8982 1
8988 1
8996 1
9002 1
9021 1
9034 1
9050 1
9060 1
9076 1
9077 1
9078 1
9084 1
9089 1
9091 1
9093 2
9101 1
9107 1
9116 1
9127 1
9128 1
9130 1
9142 1
9144 1
9149 1
9151 1
9159 1
9160 1
9170 1
9172 1
9182 1
9188 1
9189 1
9191 1
9192 1
9202 1
9210 1
9212 1
9216 1
9218 1
9224 1
9231 1
9234 1
9238 1
9239 1
9253 1
9266 1
9272 1
9275 1
9279 3
9284 1
9286 1
9290 2
9296 2
9302 1
9307 1
9308 1
9309 1
9313 1
9318 1
9323 1
9324 1
9330 1
9347 2
9358 1
9360 1
9362 1
9377 1
9378 1
9383 1
9384 1
9390 2
9393 1
9405 1
9424 1
9441 2
9452 1
9455 1
9459 2
9465 1
9467 1
9468 1
9483 1
9487 1
9488 1
9489 1
9491 1
9495 1
9496 1
9503 1
9504 1
9506 1
9507 1
9512 1
9527 2
9530 1
9544 1
9547 1
9554 1
9561 2
9578 1
9580 1
9584 1
9594 1
9596 1
9611 1
9623 1
9625 1
9639 1
9646 1
9647 1
9650 1
9652 1
9654 1
9658 1
9659 1
9666 1
9686 2
9692 1
9697 1
9704 1
9709 1
9730 1
9739 1
9742 2
9760 1
9772 1
9776 1
9783 1
9784 2
9786 1
9792 1
9793 1
9798 1
9804 1
9805 1
9809 1
9814 1
9818 1
9831 1
9840 1
9851 1
9854 1
9857 1
9858 1
9862 1
9865 1
9873 1
9892 1
9901 1
9903 1
9906 1
9908 1
9922 1
9940 1
9944 1
9946 1
9949 2
9951 1
9955 1
9961 1
9964 2
9966 1
9976 1
9983 1
10000 1
10016 1
10017 1
10024 1
10027 1
10032 1
10033 1
10038 1
10039 1
10040 1
10067 1
10074 1
10077 2
10111 1
10117 1
10121 1
10133 1
10154 1
10156 1
10162 1
10170 1
10175 1
10199 1
10204 1
10206 1
10221 1
10224 1
10241 1
10252 2
10255 2
10269 1
10279 1
10281 1
10284 1
10294 1
10296 1
10298 1
10319 1
10339 1
10350 2
10352 1
10358 1
10359 1
10374 1
10380 1
10392 1
10425 1
10431 1
10448 1
10451 1
10486 1
10491 1
10501 2
10514 1
10519 1
10527 1
10543 1
10548 1
10555 1
10577 1
10588 1
10603 1
10608 1
10610 1
10616 1
10622 1
10651 1
10680 1
10684 1
10687 1
10701 1
10762 1
10780 1
10796 1
10802 1
10808 1
10809 1
10811 1
10822 1
10840 1
10848 1
10858 1
10860 1
10884 1
10885 1
10906 1
10909 1
10927 1
10932 1
10938 1
10964 1
10971 1
10979 1
10991 1
11020 1
11027 1
11053 1
11063 1
11071 1
11105 1
11106 1
11113 1
11118 1
11127 1
11132 1
11136 2
11138 1
11155 1
11167 1
11183 1
11189 1
11198 1
11201 1
11305 3
11306 1
11322 1
11339 1
11396 1
11446 1
11447 2
11450 1
11466 1
11470 1
11481 1
11494 1
11533 1
11538 1
11554 1
11604 1
11639 1
11645 1
11694 1
11700 1
11734 1
11744 1
11763 1
11771 1
11782 1
11819 1
11852 1
11855 1
11879 1
11880 1
11884 1
11888 1
11922 1
11958 1
11977 1
11993 1
11996 1
11998 1
12019 1
12026 1
12043 1
12151 1
12186 1
12212 1
12235 1
12238 1
12383 1
12429 1
12442 1
12455 1
12495 1
12525 1
12539 1
12545 1
12588 1
12691 1
12743 1
12746 1
12749 1
12767 1
12822 1
12823 1
12840 1
12882 1
12993 1
13139 1
13187 1
13318 1
13340 1
13365 1
13391 1
13441 1
13469 1
13478 1
13483 1
13542 1
13613 1
13637 1
13679 1
13693 1
13707 1
13725 1
13755 1
13760 1
13858 1
13909 1
13928 1
13930 1
13958 1
13989 1
14118 1
14271 1
14272 1
14281 1
14440 1
14473 1
14523 1
14556 1
14603 1
14638 1
14911 1
14912 1
15007 1
15166 1
15246 1
15383 1
15389 1
15455 1
15544 1
15815 1
15839 1
15930 1
16096 1
16140 1
16214 1
16323 1
16398 1
16530 1
16790 1
16859 1
16912 1
16915 1
17276 1
17481 1
17676 1
17754 1
17882 1
18175 1
18594 1
18716 1
19236 1
19408 1
19926 1
20183 1
20241 1
20466 1
21398 1
23377 1
