-1042 1
-1041 1
-1039 1
-1038 4
-1037 7
-1036 8
-1035 10
-1034 16
-1033 25
-1032 22
-1031 37
-1030 47
-1029 60
-1028 67
-1027 103
-1026 88
-1025 117
-1024 145
-1023 146
-1022 158
-1021 215
-1020 210
-1019 231
-1018 230
-1017 231
-1016 275
-1015 294
-1014 296
-1013 312
-1012 315
-1011 364
-1010 346
-1009 310
-1008 354
-1007 333
-1006 352
-1005 392
-1004 372
-1003 381
-1002 362
-1001 440
-1000 388
-999 366
-998 368
-997 345
-996 420
-995 429
-994 432
-993 425
-992 421
-991 387
-990 467
-989 494
-988 467
-987 529
-986 518
-985 527
-984 560
-983 582
-982 591
-981 566
-980 572
-979 578
-978 583
-977 613
-976 593
-975 631
-974 617
-973 622
-972 636
-971 566
-970 585
-969 630
-968 603
-967 666
-966 633
-965 660
-964 672
-963 674
-962 681
-961 698
-960 681
-959 705
-958 726
-957 756
-956 743
-955 738
-954 674
-953 721
-952 734
-951 777
-950 725
-949 758
-948 704
-947 790
-946 748
-945 736
-944 760
-943 775
-942 701
-941 738
-940 830
-939 745
-938 751
-937 803
-936 772
-935 807
-934 761
-933 796
-932 837
-931 836
-930 820
-929 858
-928 848
-927 773
-926 759
-925 795
-924 742
-923 766
-922 829
-921 816
-920 857
-919 849
-918 827
-917 867
-916 859
-915 874
-914 856
-913 857
-912 900
-911 892
-910 874
-909 864
-908 918
-907 877
-906 820
-905 933
-904 872
-903 937
-902 920
-901 1025
-900 1065
-899 1141
-898 1135
-897 1200
-896 1143
-895 1202
-894 1156
-893 1212
-892 1209
-891 1160
-890 1196
-889 1277
-888 1258
-887 1330
-886 1225
-885 1237
-884 1230
-883 1286
-882 1242
-881 1317
-880 1267
-879 1364
-878 1353
-877 1376
-876 1305
-875 1365
-874 1402
-873 1408
-872 1467
-871 1420
-870 1419
-869 1400
-868 1378
-867 1490
-866 1498
-865 1590
-864 1495
-863 1527
-862 1609
-861 1527
-860 1631
-859 1582
-858 1713
-857 1904
-856 2016
-855 2044
-854 2189
-853 2152
-852 2188
-851 2175
-850 2228
-849 2126
-848 2143
-847 2037
-846 2133
-845 2017
-844 1998
-843 1977
-842 2072
-841 2040
-840 2050
-839 2109
-838 2126
-837 2102
-836 2083
-835 2166
-834 2236
-833 2253
-832 2255
-831 2264
-830 2318
-829 2317
-828 2285
-827 2247
-826 2269
-825 2295
-824 2395
-823 2397
-822 2350
-821 2357
-820 2334
-819 2317
-818 2355
-817 2408
-816 2295
-815 2417
-814 2333
-813 2362
-812 2243
-811 2290
-810 2305
-809 2398
-808 2313
-807 2403
-806 2348
-805 2324
-804 2404
-803 2331
-802 2357
-801 2458
-800 2420
-799 2389
-798 2461
-797 2464
-796 2455
-795 2431
-794 2420
-793 2469
-792 2527
-791 2569
-790 2528
-789 2689
-788 2592
-787 2577
-786 2649
-785 2672
-784 2677
-783 2743
-782 2721
-781 2841
-780 2832
-779 2932
-778 2875
-777 2849
-776 2939
-775 2952
-774 2955
-773 2983
-772 2953
-771 3082
-770 3192
-769 3078
-768 3077
-767 3056
-766 3195
-765 3098
-764 3103
-763 3056
-762 3177
-761 3272
-760 3180
-759 3249
-758 3313
-757 3306
-756 3320
-755 3330
-754 3259
-753 3314
-752 3380
-751 3415
-750 3448
-749 3469
-748 3547
-747 3477
-746 3553
-745 3460
-744 3618
-743 3605
-742 3715
-741 3695
-740 3800
-739 3732
-738 3757
-737 3839
-736 3866
-735 3804
-734 3844
-733 3919
-732 3806
-731 3856
-730 3837
-729 3919
-728 3984
-727 4015
-726 3853
-725 3864
-724 3944
-723 3889
-722 4008
-721 4155
-720 4035
-719 4179
-718 4142
-717 4345
-716 4307
-715 4439
-714 4286
-713 4338
-712 4359
-711 4400
-710 4503
-709 4595
-708 4365
-707 4365
-706 4492
-705 4339
-704 4454
-703 4297
-702 4501
-701 4461
-700 4495
-699 4466
-698 4606
-697 4485
-696 4470
-695 4616
-694 4627
-693 4640
-692 4617
-691 4591
-690 4575
-689 4731
-688 4721
-687 4781
-686 4821
-685 4810
-684 4820
-683 4878
-682 4781
-681 4717
-680 4920
-679 4955
-678 5012
-677 4889
-676 5053
-675 5016
-674 4948
-673 4990
-672 5090
-671 5221
-670 5169
-669 5301
-668 5221
-667 5434
-666 5500
-665 5507
-664 5597
-663 5511
-662 5435
-661 5450
-660 5471
-659 5636
-658 5475
-657 5700
-656 5612
-655 5646
-654 5825
-653 5672
-652 5792
-651 5737
-650 5655
-649 5627
-648 5894
-647 5951
-646 5770
-645 5854
-644 5878
-643 5959
-642 6048
-641 5857
-640 5903
-639 5945
-638 5871
-637 5838
-636 6062
-635 5821
-634 5934
-633 5893
-632 6001
-631 5929
-630 6096
-629 6054
-628 6156
-627 6014
-626 6121
-625 6063
-624 6114
-623 6072
-622 6211
-621 6099
-620 6173
-619 6086
-618 6208
-617 6151
-616 6172
-615 6317
-614 6364
-613 6198
-612 6338
-611 6251
-610 6248
-609 6293
-608 6353
-607 6422
-606 6417
-605 6517
-604 6491
-603 6500
-602 6544
-601 6497
-600 6503
-599 6514
-598 6540
-597 6585
-596 6614
-595 6537
-594 6653
-593 6750
-592 6728
-591 6863
-590 6618
-589 6673
-588 6612
-587 6567
-586 6854
-585 6759
-584 6761
-583 6521
-582 6763
-581 6676
-580 6588
-579 6642
-578 6665
-577 6672
-576 6561
-575 6570
-574 6615
-573 6585
-572 6657
-571 6627
-570 6643
-569 6797
-568 6561
-567 6678
-566 6858
-565 6849
-564 6726
-563 6608
-562 6693
-561 6797
-560 6736
-559 6773
-558 6813
-557 6697
-556 6837
-555 6837
-554 6649
-553 6564
-552 6865
-551 6619
-550 6848
-549 6828
-548 6844
-547 6759
-546 6750
-545 6813
-544 6670
-543 6824
-542 6631
-541 6646
-540 6679
-539 6772
-538 6699
-537 6668
-536 6653
-535 6598
-534 6607
-533 6647
-532 6516
-531 6419
-530 6547
-529 6492
-528 6593
-527 6867
-526 6626
-525 6557
-524 6634
-523 6480
-522 6761
-521 6519
-520 6630
-519 6692
-518 6643
-517 6611
-516 6721
-515 6726
-514 6698
-513 6719
-512 6681
-511 6643
-510 6492
-509 6680
-508 6625
-507 6651
-506 6711
-505 6663
-504 6807
-503 6512
-502 6642
-501 6812
-500 6539
-499 6495
-498 6757
-497 6560
-496 6663
-495 6687
-494 6736
-493 6688
-492 6808
-491 6607
-490 6750
-489 6734
-488 6531
-487 6716
-486 6628
-485 6723
-484 6521
-483 6575
-482 6657
-481 6578
-480 6569
-479 6663
-478 6530
-477 6503
-476 6486
-475 6469
-474 6518
-473 6460
-472 6415
-471 6448
-470 6528
-469 6493
-468 6431
-467 6586
-466 6408
-465 6389
-464 6398
-463 6467
-462 6438
-461 6422
-460 6389
-459 6381
-458 6380
-457 6218
-456 6356
-455 6457
-454 6365
-453 6321
-452 6437
-451 6465
-450 6438
-449 6465
-448 6596
-447 6627
-446 6289
-445 6519
-444 6458
-443 6410
-442 6468
-441 6452
-440 6268
-439 6316
-438 6315
-437 6074
-436 6195
-435 6150
-434 6095
-433 6167
-432 6206
-431 6161
-430 6042
-429 6217
-428 6100
-427 6003
-426 5959
-425 6006
-424 5990
-423 5947
-422 5984
-421 5961
-420 5967
-419 6098
-418 6047
-417 6082
-416 6202
-415 6289
-414 6231
-413 6048
-412 6134
-411 6121
-410 5987
-409 6161
-408 5964
-407 6122
-406 5997
-405 6007
-404 6098
-403 6069
-402 5977
-401 5945
-400 6020
-399 5842
-398 5956
-397 5953
-396 6100
-395 6058
-394 5965
-393 6014
-392 5919
-391 6109
-390 6038
-389 5791
-388 5721
-387 5718
-386 5912
-385 5647
-384 5589
-383 5846
-382 5764
-381 5681
-380 5619
-379 5614
-378 5564
-377 5760
-376 5624
-375 5792
-374 5664
-373 5610
-372 5548
-371 5698
-370 5568
-369 5467
-368 5423
-367 5497
-366 5529
-365 5539
-364 5604
-363 5529
-362 5444
-361 5508
-360 5364
-359 5383
-358 5394
-357 5360
-356 5450
-355 5470
-354 5269
-353 5354
-352 5496
-351 5548
-350 5416
-349 5424
-348 5313
-347 5313
-346 5323
-345 5263
-344 5274
-343 5246
-342 5120
-341 5094
-340 5071
-339 5058
-338 5066
-337 4958
-336 4909
-335 5027
-334 4894
-333 4914
-332 4849
-331 4887
-330 4966
-329 4886
-328 5060
-327 4971
-326 4849
-325 4939
-324 4896
-323 4870
-322 4885
-321 4829
-320 4945
-319 4774
-318 4967
-317 4752
-316 4870
-315 4687
-314 4688
-313 4643
-312 4790
-311 4664
-310 4649
-309 4696
-308 4761
-307 4582
-306 4593
-305 4644
-304 4614
-303 4479
-302 4596
-301 4544
-300 4568
-299 4500
-298 4507
-297 4489
-296 4436
-295 4424
-294 4412
-293 4314
-292 4296
-291 4279
-290 4157
-289 4217
-288 4177
-287 4232
-286 4229
-285 4287
-284 4071
-283 4067
-282 4257
-281 4029
-280 4107
-279 4190
-278 4066
-277 4178
-276 4040
-275 4008
-274 4086
-273 3923
-272 4052
-271 3910
-270 3908
-269 3945
-268 3998
-267 3913
-266 3858
-265 3785
-264 3979
-263 3927
-262 3927
-261 3807
-260 3793
-259 3765
-258 3814
-257 3768
-256 3792
-255 3756
-254 3676
-253 3827
-252 3596
-251 3639
-250 3761
-249 3558
-248 3610
-247 3636
-246 3629
-245 3595
-244 3622
-243 3526
-242 3466
-241 3433
-240 3520
-239 3485
-238 3452
-237 3434
-236 3342
-235 3515
-234 3225
-233 3330
-232 3339
-231 3418
-230 3416
-229 3400
-228 3334
-227 3375
-226 3245
-225 3192
-224 3268
-223 3262
-222 3184
-221 3184
-220 3185
-219 3177
-218 3271
-217 3090
-216 3216
-215 3115
-214 3148
-213 3161
-212 3152
-211 3059
-210 3126
-209 2951
-208 3090
-207 3074
-206 3100
-205 3043
-204 3001
-203 3024
-202 2951
-201 2957
-200 2906
-199 3008
-198 2942
-197 2960
-196 2937
-195 2900
-194 2868
-193 2894
-192 2858
-191 2918
-190 2814
-189 2864
-188 2912
-187 2911
-186 2932
-185 2776
-184 2841
-183 2762
-182 2770
-181 2736
-180 2850
-179 2793
-178 2819
-177 2749
-176 2805
-175 2834
-174 2752
-173 2760
-172 2750
-171 2736
-170 2631
-169 2688
-168 2694
-167 2579
-166 2715
-165 2713
-164 2632
-163 2571
-162 2639
-161 2721
-160 2615
-159 2543
-158 2616
-157 2493
-156 2523
-155 2482
-154 2372
-153 2583
-152 2415
-151 2432
-150 2475
-149 2480
-148 2440
-147 2397
-146 2520
-145 2394
-144 2343
-143 2519
-142 2413
-141 2358
-140 2309
-139 2305
-138 2356
-137 2293
-136 2353
-135 2353
-134 2221
-133 2331
-132 2320
-131 2212
-130 2316
-129 2300
-128 2341
-127 2280
-126 2332
-125 2273
-124 2211
-123 2297
-122 2268
-121 2239
-120 2239
-119 2261
-118 2174
-117 2152
-116 2203
-115 2137
-114 2110
-113 2102
-112 2167
-111 2104
-110 2067
-109 2051
-108 2157
-107 2074
-106 2076
-105 2046
-104 2059
-103 2020
-102 2019
-101 1994
-100 1992
-99 1998
-98 2038
-97 2022
-96 2073
-95 1874
-94 2017
-93 1940
-92 1909
-91 1974
-90 1949
-89 1892
-88 1856
-87 1876
-86 1839
-85 1796
-84 1889
-83 1910
-82 1838
-81 1900
-80 1792
-79 1755
-78 1784
-77 1797
-76 1815
-75 1790
-74 1751
-73 1690
-72 1776
-71 1756
-70 1794
-69 1734
-68 1812
-67 1732
-66 1737
-65 1717
-64 1657
-63 1644
-62 1658
-61 1633
-60 1651
-59 1704
-58 1650
-57 1658
-56 1651
-55 1668
-54 1591
-53 1600
-52 1571
-51 1663
-50 1647
-49 1632
-48 1587
-47 1635
-46 1574
-45 1577
-44 1595
-43 1572
-42 1577
-41 1611
-40 1537
-39 1561
-38 1535
-37 1503
-36 1485
-35 1470
-34 1520
-33 1521
-32 1505
-31 1467
-30 1474
-29 1489
-28 1427
-27 1485
-26 1434
-25 1477
-24 1461
-23 1425
-22 1496
-21 1381
-20 1454
-19 1452
-18 1369
-17 1435
-16 1375
-15 1347
-14 1326
-13 1381
-12 1368
-11 1348
-10 1320
-9 1380
-8 1303
-7 1354
-6 1340
-5 1318
-4 1325
-3 1322
-2 1276
-1 1336
0 1326
1 1254
2 1256
3 1340
4 1248
5 1251
6 1164
7 1202
8 1233
9 1250
10 1209
11 1237
12 1254
13 1221
14 1143
15 1165
16 1144
17 1186
18 1202
19 1178
20 1136
21 1142
22 1121
23 1108
24 1128
25 1066
26 1049
27 1147
28 1106
29 1085
30 1013
31 1091
32 1001
33 1052
34 949
35 1052
36 998
37 998
38 965
39 997
40 977
41 1024
42 1008
43 974
44 994
45 947
46 1010
47 918
48 940
49 954
50 861
51 911
52 878
53 910
54 889
55 941
56 882
57 870
58 889
59 777
60 858
61 840
62 839
63 844
64 808
65 845
66 793
67 848
68 830
69 826
70 846
71 782
72 796
73 784
74 781
75 761
76 776
77 762
78 782
79 778
80 729
81 742
82 709
83 708
84 719
85 716
86 703
87 715
88 695
89 672
90 677
91 663
92 630
93 673
94 662
95 649
96 708
97 661
98 627
99 653
100 624
101 631
102 620
103 620
104 659
105 658
106 643
107 609
108 613
109 591
110 557
111 595
112 581
113 579
114 623
115 586
116 560
117 598
118 571
119 621
120 556
121 552
122 582
123 546
124 530
125 533
126 535
127 569
128 492
129 514
130 482
131 538
132 491
133 553
134 462
135 481
136 505
137 493
138 491
139 458
140 488
141 450
142 502
143 483
144 414
145 471
146 469
147 429
148 449
149 493
150 455
151 474
152 422
153 440
154 421
155 446
156 401
157 446
158 391
159 429
160 400
161 399
162 393
163 374
164 406
165 406
166 421
167 397
168 374
169 390
170 353
171 411
172 344
173 383
174 355
175 368
176 370
177 353
178 352
179 350
180 348
181 354
182 347
183 347
184 337
185 373
186 344
187 355
188 353
189 360
190 311
191 326
192 324
193 314
194 347
195 313
196 311
197 330
198 326
199 302
200 337
201 301
202 339
203 296
204 304
205 308
206 298
207 325
208 306
209 312
210 281
211 292
212 287
213 274
214 290
215 299
216 271
217 260
218 290
219 252
220 249
221 285
222 265
223 276
224 275
225 263
226 261
227 260
228 264
229 286
230 237
231 282
232 260
233 232
234 262
235 255
236 253
237 232
238 235
239 244
240 251
241 226
242 238
243 238
244 223
245 210
246 224
247 259
248 208
249 225
250 214
251 224
252 229
253 203
254 226
255 200
256 200
257 230
258 222
259 213
260 192
261 215
262 199
263 211
264 207
265 202
266 177
267 199
268 214
269 204
270 192
271 179
272 186
273 182
274 197
275 191
276 181
277 203
278 166
279 181
280 186
281 200
282 153
283 166
284 193
285 165
286 190
287 166
288 186
289 127
290 168
291 155
292 178
293 143
294 152
295 189
296 141
297 163
298 176
299 151
300 173
301 175
302 171
303 151
304 169
305 132
306 153
307 153
308 156
309 149
310 141
311 143
312 135
313 141
314 142
315 126
316 145
317 146
318 143
319 138
320 135
321 147
322 138
323 140
324 133
325 115
326 137
327 135
328 113
329 133
330 127
331 131
332 139
333 138
334 111
335 125
336 142
337 130
338 131
339 128
340 122
341 124
342 144
343 129
344 127
345 116
346 99
347 112
348 120
349 117
350 99
351 97
352 122
353 133
354 120
355 111
356 132
357 111
358 105
359 103
360 90
361 95
362 94
363 102
364 118
365 103
366 116
367 101
368 90
369 95
370 110
371 84
372 94
373 83
374 103
375 99
376 78
377 86
378 107
379 97
380 85
381 70
382 98
383 105
384 85
385 91
386 96
387 101
388 80
389 76
390 100
391 95
392 89
393 91
394 69
395 76
396 85
397 77
398 73
399 74
400 80
401 72
402 65
403 80
404 96
405 79
406 77
407 78
408 90
409 83
410 89
411 78
412 68
413 75
414 74
415 76
416 74
417 70
418 77
419 79
420 70
421 83
422 59
423 74
424 53
425 67
426 61
427 66
428 74
429 59
430 75
431 65
432 67
433 74
434 95
435 64
436 81
437 94
438 61
439 64
440 93
441 84
442 70
443 74
444 83
445 67
446 54
447 80
448 67
449 68
450 66
451 69
452 62
453 65
454 65
455 60
456 70
457 56
458 56
459 58
460 50
461 56
462 60
463 50
464 51
465 59
466 58
467 59
468 57
469 59
470 43
471 52
472 67
473 73
474 70
475 58
476 71
477 66
478 68
479 65
480 73
481 56
482 75
483 62
484 66
485 82
486 62
487 66
488 66
489 67
490 65
491 70
492 64
493 74
494 63
495 58
496 61
497 63
498 69
499 76
500 65
501 77
502 70
503 80
504 72
505 69
506 69
507 71
508 79
509 78
510 72
511 74
512 66
513 83
514 73
515 70
516 70
517 78
518 73
519 63
520 89
521 80
522 70
523 73
524 92
525 73
526 82
527 86
528 74
529 90
530 83
531 78
532 95
533 82
534 107
535 77
536 89
537 97
538 112
539 102
540 94
541 104
542 93
543 111
544 87
545 105
546 96
547 86
548 102
549 108
550 120
551 103
552 94
553 95
554 100
555 119
556 90
557 91
558 88
559 106
560 105
561 106
562 96
563 97
564 99
565 105
566 87
567 84
568 105
569 88
570 106
571 99
572 102
573 109
574 92
575 106
576 115
577 100
578 111
579 100
580 109
581 114
582 123
583 93
584 116
585 101
586 108
587 99
588 107
589 95
590 93
591 131
592 130
593 114
594 99
595 106
596 98
597 107
598 100
599 111
600 121
601 117
602 114
603 116
604 109
605 95
606 100
607 131
608 117
609 117
610 101
611 100
612 116
613 110
614 118
615 102
616 98
617 133
618 122
619 120
620 123
621 81
622 105
623 124
624 103
625 125
626 116
627 104
628 122
629 116
630 120
631 121
632 103
633 104
634 97
635 126
636 100
637 118
638 120
639 116
640 109
641 109
642 124
643 87
644 96
645 101
646 102
647 121
648 108
649 89
650 111
651 117
652 101
653 114
654 110
655 102
656 93
657 107
658 127
659 124
660 111
661 105
662 101
663 105
664 100
665 89
666 102
667 93
668 106
669 96
670 108
671 107
672 90
673 94
674 99
675 109
676 100
677 114
678 104
679 94
680 119
681 102
682 93
683 95
684 120
685 91
686 81
687 98
688 84
689 108
690 98
691 117
692 108
693 102
694 96
695 93
696 114
697 97
698 100
699 103
700 103
701 93
702 110
703 104
704 110
705 90
706 94
707 94
708 90
709 107
710 95
711 105
712 111
713 82
714 89
715 81
716 92
717 79
718 95
719 95
720 89
721 80
722 106
723 78
724 100
725 84
726 79
727 87
728 95
729 86
730 77
731 100
732 94
733 82
734 86
735 102
736 95
737 74
738 92
739 99
740 101
741 84
742 88
743 100
744 83
745 82
746 83
747 87
748 77
749 88
750 90
751 82
752 68
753 87
754 92
755 86
756 85
757 68
758 80
759 100
760 74
761 106
762 87
763 78
764 88
765 75
766 85
767 98
768 59
769 87
770 89
771 89
772 74
773 82
774 77
775 61
776 58
777 88
778 74
779 81
780 74
781 75
782 87
783 67
784 87
785 73
786 84
787 73
788 75
789 91
790 83
791 75
792 69
793 70
794 76
795 77
796 82
797 86
798 69
799 70
800 76
801 87
802 75
803 69
804 65
805 57
806 59
807 67
808 83
809 65
810 74
811 73
812 70
813 88
814 50
815 64
816 67
817 67
818 80
819 74
820 65
821 72
822 66
823 71
824 84
825 66
826 70
827 52
828 64
829 69
830 74
831 65
832 63
833 59
834 77
835 57
836 61
837 59
838 60
839 68
840 51
841 62
842 63
843 63
844 63
845 49
846 64
847 59
848 53
849 56
850 57
851 61
852 60
853 50
854 65
855 52
856 47
857 49
858 59
859 50
860 54
861 58
862 50
863 66
864 59
865 48
866 51
867 58
868 52
869 54
870 59
871 54
872 38
873 51
874 46
875 50
876 53
877 48
878 60
879 41
880 43
881 62
882 47
883 62
884 35
885 47
886 47
887 57
888 50
889 35
890 50
891 48
892 46
893 34
894 46
895 50
896 61
897 51
898 45
899 46
900 38
901 44
902 40
903 44
904 52
905 42
906 41
907 47
908 40
909 41
910 37
911 40
912 35
913 43
914 30
915 38
916 37
917 49
918 41
919 41
920 37
921 42
922 34
923 40
924 39
925 43
926 33
927 29
928 28
929 30
930 42
931 42
932 43
933 38
934 44
935 35
936 32
937 40
938 33
939 33
940 35
941 30
942 46
943 25
944 30
945 36
946 31
947 32
948 28
949 30
950 30
951 32
952 34
953 33
954 23
955 31
956 34
957 25
958 32
959 27
960 40
961 38
962 31
963 42
964 34
965 27
966 34
967 20
968 34
969 30
970 28
971 28
972 37
973 39
974 25
975 31
976 32
977 27
978 19
979 23
980 32
981 34
982 20
983 23
984 35
985 25
986 29
987 26
988 26
989 16
990 29
991 18
992 23
993 42
994 32
995 27
996 31
997 23
998 25
999 17
1000 24
1001 20
1002 15
1003 22
1004 17
1005 27
1006 25
1007 14
1008 29
1009 25
1010 25
1011 15
1012 30
1013 19
1014 20
1015 26
1016 26
1017 20
1018 29
1019 14
1020 17
1021 22
1022 21
1023 20
1024 25
1025 20
1026 25
1027 30
1028 23
1029 21
1030 17
1031 21
1032 19
1033 21
1034 22
1035 24
1036 23
1037 27
1038 22
1039 14
1040 15
1041 23
1042 15
1043 11
1044 17
1045 14
1046 14
1047 14
1048 22
1049 14
1050 14
1051 12
1052 19
1053 20
1054 18
1055 21
1056 14
1057 15
1058 16
1059 10
1060 23
1061 8
1062 14
1063 12
1064 10
1065 11
1066 19
1067 14
1068 15
1069 13
1070 19
1071 8
1072 15
1073 7
1074 15
1075 17
1076 18
1077 14
1078 12
1079 17
1080 12
1081 13
1082 11
1083 8
1084 19
1085 5
1086 13
1087 18
1088 13
1089 5
1090 14
1091 15
1092 15
1093 6
1094 12
1095 13
1096 17
1097 19
1098 11
1099 20
1100 9
1101 11
1102 15
1103 6
1104 11
1105 13
1106 10
1107 8
1108 9
1109 8
1110 11
1111 9
1112 7
1113 8
1114 12
1115 10
1116 12
1117 6
1118 8
1119 12
1120 13
1121 10
1122 10
1123 9
1124 8
1125 11
1126 11
1127 10
1128 2
1129 6
1130 10
1131 16
1132 8
1133 7
1134 13
1135 10
1136 7
1137 9
1138 4
1139 5
1140 8
1141 10
1142 4
1143 10
1144 9
1145 6
1146 5
1147 4
1148 9
1149 6
1150 6
1151 10
1152 5
1153 8
1154 7
1155 7
1156 6
1157 6
1158 7
1159 10
1160 9
1161 6
1162 10
1163 6
1164 3
1165 7
1166 7
1167 9
1168 6
1169 3
1170 2
1171 3
1172 6
1173 6
1174 9
1175 4
1176 4
1177 3
1178 3
1179 4
1180 10
1181 6
1182 6
1183 4
1184 7
1185 6
1186 4
1187 11
1188 6
1189 3
1190 3
1191 8
1192 5
1193 7
1194 3
1195 5
1196 3
1197 1
1198 7
1199 2
1200 2
1201 6
1202 2
1203 3
1204 4
1205 3
1206 6
1207 4
1208 2
1209 5
1210 2
1211 3
1212 6
1213 2
1214 6
1215 4
1216 3
1217 5
1218 3
1219 2
1220 3
1221 4
1222 3
1223 3
1224 6
1225 5
1226 2
1228 1
1229 10
1230 4
1231 5
1232 4
1233 3
1234 3
1235 5
1237 1
1238 4
1239 7
1241 1
1242 2
1243 1
1244 1
1246 3
1247 4
1249 3
1250 2
1251 4
1252 6
1253 5
1254 1
1255 2
1256 4
1258 4
1259 1
1260 2
1261 4
1262 1
1263 5
1264 1
1265 2
1266 2
1267 1
1268 3
1269 2
1270 1
1271 2
1272 5
1273 2
1274 5
1276 1
1277 3
1278 2
1279 2
1281 1
1282 5
1283 2
1284 1
1285 2
1286 1
1288 3
1289 1
1290 3
1291 3
1292 1
1294 2
1295 3
1296 2
1297 3
1298 2
1299 1
1300 1
1301 1
1302 1
1304 2
1305 3
1307 1
1309 1
1310 2
1311 1
1312 2
1314 3
1315 2
1317 2
1319 1
1320 2
1321 3
1322 1
1323 2
1324 3
1325 3
1326 1
1327 3
1328 1
1329 2
1330 1
1332 1
1333 1
1335 2
1337 1
1338 3
1341 1
1343 2
1344 2
1345 2
1346 3
1347 1
1349 1
1352 1
1354 2
1357 1
1358 1
1359 1
1364 1
1365 1
1367 1
1368 2
1374 1
1375 1
1378 1
1385 1
1388 1
1390 1
1394 1
1396 1
1397 1
1404 2
1405 1
1406 1
1407 1
1409 1
1412 2
1413 1
1415 1
1418 1
1420 1
1421 1
1426 2
1429 1
1431 1
1433 4
1440 2
1445 1
1451 1
1462 1
1468 1
1470 1
1481 1
1500 1
1501 1
1526 1
1531 1
1534 1
1573 1
1616 1
