403 1
404 3
405 3
406 9
407 8
408 8
409 6
410 9
411 4
412 10
413 5
414 9
415 6
416 3
417 6
418 6
419 3
420 9
421 4
422 5
423 6
424 9
425 16
426 11
427 12
428 22
429 24
430 37
431 36
432 51
433 57
434 69
435 66
436 86
437 81
438 82
439 81
440 94
441 108
442 105
443 141
444 175
445 217
446 230
447 251
448 255
449 275
450 293
451 306
452 330
453 344
454 401
455 446
456 397
457 485
458 506
459 539
460 612
461 619
462 675
463 676
464 727
465 771
466 819
467 840
468 949
469 970
470 1023
471 1124
472 1142
473 1290
474 1415
475 1492
476 1634
477 1713
478 1714
479 1855
480 2014
481 2169
482 2398
483 2420
484 2631
485 2636
486 2718
487 2765
488 2835
489 2970
490 3259
491 3257
492 3401
493 3661
494 3923
495 3918
496 4185
497 4335
498 4672
499 4921
500 5039
501 5065
502 5199
503 5456
504 5598
505 5943
506 6206
507 6014
508 6297
509 6379
510 6492
511 6676
512 6825
513 6923
514 7143
515 7287
516 7654
517 7854
518 7957
519 8493
520 8707
521 9032
522 9218
523 9194
524 9281
525 9505
526 9686
527 9830
528 10029
529 10252
530 10517
531 10918
532 11161
533 11252
534 11883
535 12082
536 12105
537 12278
538 12578
539 13038
540 12974
541 13096
542 13368
543 13646
544 14159
545 14238
546 14333
547 14807
548 15465
549 15670
550 15986
551 16550
552 16386
553 17137
554 17106
555 17499
556 18042
557 18572
558 17930
559 18023
560 17876
561 17813
562 18163
563 18638
564 18477
565 18214
566 18484
567 18103
568 18232
569 17953
570 18114
571 18045
572 18101
573 18257
574 18858
575 19192
576 19238
577 19721
578 20225
579 21089
580 21179
581 21058
582 21389
583 21905
584 22174
585 21577
586 21794
587 22367
588 22490
589 21961
590 21114
591 20587
592 20197
593 20477
594 21012
595 20781
596 21080
597 20806
598 20988
599 21027
600 21062
601 20373
602 20031
603 20080
604 20025
605 18976
606 18789
607 18614
608 18461
609 18401
610 18457
611 18573
612 18860
613 19305
614 19490
615 19472
616 19797
617 19599
618 19170
619 18882
620 18234
621 17715
622 17588
623 17463
624 17226
625 17504
626 17498
627 17037
628 16825
629 16295
630 15584
631 15450
632 14924
633 14742
634 14548
635 14503
636 14410
637 14249
638 14111
639 14181
640 14414
641 14308
642 13771
643 12970
644 12466
645 11970
646 11686
647 11491
648 11444
649 11189
650 11299
651 11172
652 10893
653 10800
654 10756
655 11137
656 10743
657 10491
658 10571
659 10363
660 10309
661 10170
662 10043
663 9788
664 9427
665 9211
666 9868
667 9770
668 9515
669 9155
670 8766
671 8739
672 8501
673 8288
674 7921
675 7472
676 7592
677 7288
678 7206
679 7243
680 7168
681 7137
682 6975
683 6897
684 6689
685 6619
686 6607
687 6689
688 6405
689 6258
690 6148
691 6159
692 6063
693 5927
694 5839
695 5713
696 5889
697 5879
698 5690
699 5730
700 5631
701 5580
702 5482
703 5515
704 5302
705 5312
706 5366
707 5197
708 5012
709 5054
710 5051
711 4911
712 4952
713 4983
714 4885
715 4699
716 4610
717 4460
718 4433
719 4261
720 4172
721 4264
722 4261
723 4228
724 4084
725 3979
726 3866
727 3790
728 3833
729 3790
730 3654
731 3700
732 3809
733 3726
734 3693
735 3729
736 3607
737 3546
738 3682
739 3448
740 3423
741 3415
742 3508
743 3462
744 3494
745 3543
746 3535
747 3698
748 3820
749 3602
750 3605
751 3801
752 3717
753 3708
754 3613
755 3658
756 3696
757 3519
758 3625
759 3539
760 3693
761 3669
762 3660
763 3633
764 3761
765 3703
766 3727
767 3730
768 3635
769 3693
770 3698
771 3613
772 3667
773 3953
774 4105
775 3999
776 3912
777 4049
778 3976
779 4197
780 4053
781 4131
782 4197
783 4142
784 4153
785 4004
786 3954
787 3977
788 4100
789 3921
790 3966
791 3993
792 3960
793 3973
794 4015
795 4027
796 3942
797 3881
798 3941
799 3863
800 3857
801 3760
802 3882
803 3953
804 3884
805 3911
806 3845
807 3963
808 3950
809 4046
810 3963
811 3925
812 3939
813 3954
814 4059
815 4014
816 4134
817 3991
818 4155
819 4072
820 4220
821 4003
822 3906
823 3969
824 3861
825 3964
826 3972
827 3824
828 4079
829 4044
830 3920
831 4045
832 3892
833 4105
834 4060
835 4037
836 4176
837 4003
838 4087
839 4101
840 3996
841 3945
842 3749
843 3916
844 3720
845 3774
846 3698
847 3647
848 3625
849 3624
850 3559
851 3564
852 3598
853 3544
854 3602
855 3473
856 3407
857 3491
858 3415
859 3433
860 3378
861 3408
862 3419
863 3282
864 3380
865 3340
866 3200
867 3354
868 3406
869 3243
870 3155
871 3197
872 3158
873 3167
874 3081
875 3227
876 3004
877 3075
878 3157
879 2991
880 2994
881 2934
882 2983
883 2996
884 2955
885 2904
886 2885
887 2950
888 2800
889 2905
890 2832
891 2720
892 2807
893 2670
894 2693
895 2762
896 2731
897 2604
898 2701
899 2726
900 2604
901 2620
902 2460
903 2560
904 2533
905 2503
906 2473
907 2537
908 2478
909 2480
910 2481
911 2480
912 2307
913 2411
914 2392
915 2427
916 2278
917 2381
918 2288
919 2243
920 2279
921 2216
922 2178
923 2216
924 2247
925 2079
926 2111
927 2120
928 2100
929 2050
930 2152
931 1987
932 2022
933 2012
934 1997
935 1956
936 1989
937 1978
938 1872
939 2000
940 2025
941 1984
942 1885
943 1912
944 1946
945 1909
946 1853
947 1837
948 1905
949 1915
950 1860
951 1786
952 1789
953 1862
954 1801
955 1830
956 1764
957 1768
958 1851
959 1794
960 1678
961 1723
962 1684
963 1694
964 1743
965 1705
966 1639
967 1666
968 1664
969 1699
970 1677
971 1633
972 1685
973 1625
974 1658
975 1648
976 1581
977 1586
978 1548
979 1582
980 1536
981 1534
982 1526
983 1606
984 1550
985 1589
986 1479
987 1477
988 1503
989 1452
990 1387
991 1474
992 1512
993 1485
994 1488
995 1468
996 1479
997 1448
998 1421
999 1509
1000 1426
1001 1428
1002 1391
1003 1391
1004 1398
1005 1394
1006 1392
1007 1414
1008 1359
1009 1415
1010 1328
1011 1404
1012 1357
1013 1302
1014 1296
1015 1326
1016 1303
1017 1322
1018 1299
1019 1283
1020 1286
1021 1298
1022 1232
1023 1217
1024 1244
1025 1181
1026 1160
1027 1179
1028 1257
1029 1205
1030 1185
1031 1073
1032 1191
1033 1173
1034 1153
1035 1105
1036 1189
1037 1176
1038 1168
1039 1102
1040 1119
1041 1099
1042 1076
1043 1096
1044 950
1045 1125
1046 1058
1047 1086
1048 1013
1049 1067
1050 1044
1051 988
1052 983
1053 979
1054 982
1055 977
1056 964
1057 949
1058 944
1059 986
1060 894
1061 981
1062 979
1063 1001
1064 939
1065 915
1066 954
1067 918
1068 919
1069 935
1070 990
1071 941
1072 867
1073 882
1074 912
1075 844
1076 864
1077 856
1078 835
1079 863
1080 869
1081 856
1082 876
1083 822
1084 849
1085 768
1086 889
1087 848
1088 816
1089 849
1090 798
1091 819
1092 765
1093 811
1094 836
1095 816
1096 804
1097 825
1098 780
1099 774
1100 720
1101 763
1102 727
1103 776
1104 705
1105 782
1106 771
1107 747
1108 768
1109 732
1110 754
1111 762
1112 675
1113 702
1114 810
1115 677
1116 738
1117 680
1118 711
1119 731
1120 708
1121 705
1122 688
1123 709
1124 707
1125 696
1126 630
1127 691
1128 722
1129 675
1130 669
1131 669
1132 693
1133 708
1134 665
1135 674
1136 693
1137 675
1138 763
1139 672
1140 710
1141 640
1142 626
1143 666
1144 642
1145 701
1146 685
1147 731
1148 677
1149 675
1150 649
1151 619
1152 670
1153 687
1154 692
1155 680
1156 629
1157 636
1158 625
1159 658
1160 619
1161 622
1162 602
1163 594
1164 614
1165 613
1166 614
1167 637
1168 612
1169 630
1170 607
1171 629
1172 558
1173 615
1174 590
1175 577
1176 608
1177 562
1178 559
1179 590
1180 616
1181 585
1182 543
1183 570
1184 529
1185 544
1186 524
1187 519
1188 570
1189 538
1190 507
1191 533
1192 535
1193 525
1194 505
1195 521
1196 496
1197 513
1198 541
1199 542
1200 523
1201 513
1202 477
1203 518
1204 498
1205 493
1206 484
1207 479
1208 504
1209 467
1210 457
1211 491
1212 479
1213 481
1214 467
1215 459
1216 439
1217 446
1218 441
1219 471
1220 452
1221 470
1222 481
1223 455
1224 457
1225 427
1226 437
1227 449
1228 431
1229 423
1230 430
1231 397
1232 374
1233 397
1234 398
1235 418
1236 394
1237 429
1238 432
1239 404
1240 429
1241 426
1242 385
1243 394
1244 413
1245 374
1246 435
1247 376
1248 434
1249 386
1250 361
1251 376
1252 352
1253 383
1254 353
1255 346
1256 399
1257 374
1258 382
1259 346
1260 376
1261 380
1262 334
1263 345
1264 333
1265 373
1266 378
1267 342
1268 371
1269 360
1270 354
1271 363
1272 310
1273 350
1274 286
1275 324
1276 324
1277 322
1278 348
1279 352
1280 336
1281 320
1282 329
1283 298
1284 330
1285 326
1286 316
1287 336
1288 290
1289 307
1290 349
1291 307
1292 282
1293 296
1294 304
1295 277
1296 288
1297 306
1298 301
1299 290
1300 284
1301 318
1302 269
1303 272
1304 292
1305 313
1306 286
1307 318
1308 271
1309 281
1310 298
1311 260
1312 283
1313 260
1314 292
1315 262
1316 235
1317 295
1318 258
1319 266
1320 236
1321 235
1322 255
1323 277
1324 259
1325 241
1326 266
1327 240
1328 238
1329 259
1330 207
1331 264
1332 263
1333 238
1334 225
1335 237
1336 222
1337 260
1338 237
1339 198
1340 218
1341 233
1342 200
1343 232
1344 269
1345 241
1346 236
1347 216
1348 231
1349 200
1350 192
1351 219
1352 236
1353 218
1354 210
1355 225
1356 208
1357 219
1358 212
1359 210
1360 213
1361 215
1362 243
1363 220
1364 210
1365 187
1366 200
1367 201
1368 188
1369 192
1370 200
1371 199
1372 181
1373 200
1374 208
1375 180
1376 170
1377 199
1378 194
1379 180
1380 188
1381 179
1382 165
1383 159
1384 177
1385 177
1386 182
1387 190
1388 192
1389 155
1390 166
1391 200
1392 149
1393 183
1394 193
1395 163
1396 165
1397 164
1398 164
1399 148
1400 175
1401 137
1402 161
1403 165
1404 154
1405 164
1406 162
1407 140
1408 144
1409 153
1410 137
1411 170
1412 149
1413 167
1414 136
1415 152
1416 155
1417 169
1418 146
1419 140
1420 151
1421 155
1422 155
1423 146
1424 135
1425 143
1426 139
1427 140
1428 130
1429 140
1430 135
1431 140
1432 147
1433 142
1434 125
1435 121
1436 121
1437 149
1438 119
1439 149
1440 137
1441 138
1442 140
1443 119
1444 128
1445 127
1446 117
1447 125
1448 125
1449 109
1450 127
1451 135
1452 112
1453 107
1454 111
1455 118
1456 108
1457 110
1458 118
1459 115
1460 118
1461 109
1462 98
1463 99
1464 107
1465 109
1466 90
1467 103
1468 102
1469 92
1470 124
1471 101
1472 124
1473 98
1474 110
1475 82
1476 101
1477 94
1478 79
1479 90
1480 115
1481 100
1482 103
1483 94
1484 99
1485 108
1486 92
1487 70
1488 78
1489 114
1490 92
1491 91
1492 96
1493 96
1494 86
1495 78
1496 81
1497 78
1498 93
1499 96
1500 66
1501 80
1502 77
1503 94
1504 92
1505 74
1506 100
1507 72
1508 90
1509 75
1510 78
1511 78
1512 95
1513 66
1514 78
1515 84
1516 79
1517 81
1518 78
1519 70
1520 66
1521 70
1522 60
1523 86
1524 85
1525 79
1526 78
1527 80
1528 67
1529 80
1530 69
1531 65
1532 72
1533 63
1534 74
1535 70
1536 89
1537 65
1538 74
1539 61
1540 75
1541 58
1542 80
1543 52
1544 59
1545 79
1546 85
1547 65
1548 62
1549 54
1550 61
1551 56
1552 56
1553 55
1554 69
1555 64
1556 52
1557 49
1558 61
1559 64
1560 53
1561 63
1562 66
1563 54
1564 50
1565 55
1566 55
1567 48
1568 58
1569 55
1570 55
1571 44
1572 59
1573 59
1574 50
1575 46
1576 37
1577 43
1578 54
1579 56
1580 55
1581 48
1582 44
1583 43
1584 47
1585 58
1586 44
1587 47
1588 45
1589 35
1590 24
1591 37
1592 42
1593 46
1594 71
1595 52
1596 41
1597 44
1598 40
1599 43
1600 46
1601 47
1602 38
1603 39
1604 40
1605 42
1606 42
1607 45
1608 41
1609 29
1610 39
1611 56
1612 36
1613 48
1614 44
1615 35
1616 26
1617 29
1618 41
1619 33
1620 36
1621 37
1622 41
1623 33
1624 26
1625 30
1626 26
1627 40
1628 35
1629 35
1630 37
1631 39
1632 47
1633 41
1634 40
1635 47
1636 38
1637 37
1638 33
1639 40
1640 29
1641 43
1642 25
1643 39
1644 30
1645 32
1646 30
1647 34
1648 35
1649 26
1650 27
1651 29
1652 25
1653 24
1654 31
1655 25
1656 32
1657 37
1658 33
1659 22
1660 40
1661 32
1662 33
1663 36
1664 43
1665 33
1666 20
1667 26
1668 29
1669 33
1670 28
1671 17
1672 35
1673 24
1674 18
1675 23
1676 30
1677 26
1678 36
1679 20
1680 13
1681 28
1682 27
1683 31
1684 23
1685 19
1686 23
1687 26
1688 29
1689 29
1690 15
1691 28
1692 28
1693 21
1694 20
1695 23
1696 17
1697 24
1698 23
1699 31
1700 24
1701 28
1702 24
1703 21
1704 24
1705 24
1706 27
1707 26
1708 26
1709 24
1710 17
1711 14
1712 20
1713 27
1714 21
1715 20
1716 25
1717 20
1718 19
1719 25
1720 22
1721 20
1722 18
1723 14
1724 21
1725 23
1726 22
1727 18
1728 14
1729 17
1730 20
1731 16
1732 19
1733 13
1734 14
1735 16
1736 30
1737 16
1738 18
1739 26
1740 20
1741 25
1742 22
1743 16
1744 18
1745 19
1746 18
1747 17
1748 8
1749 21
1750 24
1751 13
1752 16
1753 15
1754 14
1755 10
1756 17
1757 23
1758 19
1759 13
1760 16
1761 12
1762 19
1763 12
1764 13
1765 12
1766 13
1767 20
1768 10
1769 14
1770 13
1771 16
1772 8
1773 16
1774 12
1775 13
1776 12
1777 15
1778 12
1779 9
1780 14
1781 11
1782 6
1783 10
1784 13
1785 7
1786 9
1787 9
1788 12
1789 11
1790 5
1791 14
1792 11
1793 11
1794 8
1795 14
1796 6
1797 3
1798 6
1799 12
1800 7
1801 5
1802 7
1803 11
1804 11
1805 9
1806 12
1807 8
1808 6
1809 5
1810 7
1811 8
1812 10
1813 10
1814 8
1815 6
1816 12
1817 4
1818 4
1819 5
1820 6
1821 7
1822 8
1823 6
1824 11
1825 5
1826 4
1827 6
1828 8
1829 8
1830 8
1831 4
1832 2
1833 4
1834 8
1835 4
1836 3
1837 7
1838 6
1839 8
1840 3
1841 3
1842 6
1843 6
1844 2
1845 4
1846 6
1847 2
1848 6
1849 5
1850 2
1851 5
1852 4
1853 2
1854 10
1855 4
1856 5
1857 2
1858 5
1859 4
1860 6
1861 3
1862 3
1863 4
1864 3
1865 5
1866 5
1867 4
1868 3
1869 3
1870 2
1871 5
1872 4
1873 1
1874 2
1875 4
1877 1
1878 3
1879 2
1880 2
1881 1
1882 3
1883 3
1884 2
1885 4
1886 1
1887 3
1889 1
1891 3
1892 2
1893 1
1894 1
1895 2
1896 1
1897 1
1898 1
1899 3
1900 1
1901 1
1905 3
1906 1
1907 3
1908 1
1909 1
1910 1
1911 2
1912 2
1913 2
1914 2
1915 2
1916 1
1917 2
1918 2
1921 1
1925 1
1926 1
1927 1
1929 2
1934 1
1935 2
1941 1
1942 2
1944 1
1949 1
1953 1
1959 1
1972 1
1974 1
1990 1
