347 30
348 545
349 2096
350 4577
351 7468
352 11395
353 16347
354 22193
355 27550
356 32836
357 39616
358 48878
359 63670
360 87959
361 85980
362 102761
363 135648
364 210721
365 347198
366 501363
367 440399
368 335517
369 339285
370 237448
371 190225
372 111237
373 80444
374 67539
375 51429
376 41071
377 35599
378 26115
379 21239
380 18324
381 15914
382 13982
383 12541
384 11204
385 10239
386 9257
387 8510
388 7893
389 7247
390 6839
391 6749
392 6888
393 5818
394 5219
395 4722
396 4367
397 4057
398 3750
399 3534
400 3298
401 3035
402 2966
403 2695
404 2627
405 2474
406 2276
407 2264
408 2095
409 1970
410 1911
411 1838
412 1724
413 1646
414 1594
415 1521
416 1443
417 1409
418 1367
419 1277
420 1274
421 1172
422 1181
423 1162
424 1103
425 1055
426 1025
427 970
428 992
429 950
430 889
431 878
432 853
433 849
434 803
435 776
436 762
437 736
438 700
439 684
440 692
441 648
442 676
443 605
444 611
445 594
446 555
447 577
448 536
449 545
450 520
451 510
452 521
453 472
454 458
455 457
456 432
457 456
458 429
459 413
460 450
461 374
462 420
463 384
464 370
465 343
466 347
467 379
468 366
469 340
470 330
471 318
472 320
473 312
474 297
475 304
476 293
477 292
478 276
479 274
480 271
481 294
482 249
483 270
484 266
485 245
486 256
487 217
488 230
489 231
490 216
491 234
492 224
493 200
494 255
495 191
496 202
497 193
498 198
499 234
500 169
501 174
502 201
503 172
504 179
505 173
506 175
507 178
508 171
509 162
510 166
511 158
512 162
513 152
514 151
515 170
516 149
517 174
518 139
519 140
520 138
521 141
522 126
523 127
524 136
525 122
526 131
527 119
528 133
529 118
530 135
531 113
532 125
533 110
534 101
535 116
536 128
537 105
538 114
539 108
540 110
541 113
542 93
543 103
544 106
545 92
546 101
547 82
548 100
549 95
550 92
551 78
552 94
553 87
554 80
555 87
556 90
557 80
558 85
559 96
560 88
561 61
562 81
563 84
564 93
565 74
566 70
567 82
568 75
569 65
570 70
571 62
572 60
573 79
574 64
575 61
576 74
577 73
578 63
579 63
580 50
581 69
582 56
583 54
584 72
585 48
586 63
587 61
588 52
589 51
590 57
591 54
592 45
593 59
594 57
595 62
596 62
597 60
598 58
599 41
600 60
601 40
602 41
603 50
604 47
605 41
606 44
607 58
608 49
609 36
610 43
611 30
612 52
613 50
614 48
615 33
616 43
617 25
618 38
619 51
620 39
621 40
622 39
623 37
624 37
625 39
626 51
627 35
628 28
629 31
630 30
631 36
632 39
633 41
634 40
635 33
636 33
637 45
638 30
639 38
640 36
641 38
642 25
643 25
644 22
645 25
646 37
647 29
648 42
649 30
650 29
651 32
652 24
653 32
654 28
655 20
656 35
657 33
658 28
659 24
660 29
661 29
662 17
663 18
664 23
665 19
666 32
667 29
668 22
669 24
670 28
671 25
672 21
673 18
674 19
675 26
676 18
677 23
678 28
679 23
680 18
681 27
682 21
683 14
684 21
685 23
686 21
687 17
688 20
689 29
690 31
691 24
692 20
693 14
694 17
695 23
696 19
697 18
698 18
699 12
700 16
701 20
702 21
703 20
704 10
705 14
706 14
707 14
708 13
709 25
710 13
711 19
712 19
713 24
714 13
715 13
716 22
717 15
718 18
719 11
720 12
721 19
722 16
723 15
724 14
725 16
726 16
727 15
728 15
729 11
730 11
731 11
732 18
733 9
734 13
735 13
736 16
737 9
738 13
739 19
740 11
741 6
742 17
743 14
744 15
745 22
746 41
747 31
748 47
749 39
750 60
751 44
752 57
753 68
754 62
755 66
756 62
757 58
758 62
759 69
760 64
761 54
762 64
763 51
764 54
765 64
766 59
767 49
768 57
769 68
770 51
771 58
772 55
773 54
774 47
775 49
776 53
777 57
778 57
779 51
780 63
781 47
782 47
783 54
784 56
785 59
786 44
787 46
788 41
789 36
790 38
791 51
792 56
793 46
794 52
795 47
796 49
797 44
798 41
799 39
800 35
801 38
802 40
803 49
804 48
805 46
806 35
807 41
808 44
809 43
810 45
811 36
812 37
813 32
814 24
815 50
816 41
817 41
818 43
819 49
820 33
821 40
822 37
823 38
824 44
825 30
826 29
827 27
828 39
829 22
830 32
831 30
832 42
833 35
834 35
835 43
836 27
837 37
838 45
839 32
840 35
841 24
842 26
843 28
844 37
845 17
846 27
847 30
848 22
849 46
850 30
851 29
852 27
853 32
854 40
855 29
856 29
857 25
858 27
859 30
860 19
861 27
862 27
863 28
864 19
865 28
866 25
867 35
868 35
869 17
870 24
871 22
872 29
873 31
874 17
875 23
876 31
877 36
878 21
879 25
880 23
881 23
882 24
883 19
884 18
885 29
886 26
887 29
888 24
889 25
890 24
891 28
892 15
893 19
894 27
895 19
896 29
897 18
898 16
899 27
900 21
901 16
902 21
903 19
904 17
905 19
906 19
907 27
908 33
909 21
910 26
911 17
912 12
913 20
914 12
915 24
916 21
917 25
918 23
919 18
920 16
921 17
922 18
923 20
924 16
925 11
926 24
927 24
928 19
929 20
930 21
931 13
932 19
933 18
934 22
935 26
936 13
937 22
938 20
939 14
940 17
941 17
942 16
943 17
944 20
945 23
946 16
947 19
948 14
949 17
950 12
951 16
952 12
953 14
954 16
955 22
956 14
957 9
958 11
959 16
960 8
961 10
962 13
963 9
964 22
965 14
966 22
967 14
968 15
969 14
970 8
971 13
972 13
973 7
974 11
975 10
976 16
977 24
978 9
979 16
980 7
981 14
982 21
983 9
984 21
985 15
986 13
987 14
988 14
989 20
990 11
991 15
992 12
993 13
994 12
995 8
996 19
997 16
998 11
999 11
1000 13
1001 13
1002 16
1003 13
1004 16
1005 8
1006 9
1007 6
1008 5
1009 15
1010 12
1011 9
1012 10
1013 14
1014 9
1015 10
1016 14
1017 13
1018 19
1019 9
1020 12
1021 16
1022 5
1023 7
1024 9
1025 13
1026 8
1027 16
1028 9
1029 11
1030 11
1031 11
1032 8
1033 11
1034 11
1035 3
1036 10
1037 9
1038 2
1039 9
1040 15
1041 10
1042 12
1043 11
1044 5
1045 17
1046 9
1047 13
1048 11
1049 11
1050 8
1051 8
1052 8
1053 8
1054 4
1055 9
1056 6
1057 12
1058 5
1059 4
1060 8
1061 10
1062 7
1063 8
1064 6
1065 7
1066 4
1067 5
1068 11
1069 5
1070 4
1071 7
1072 10
1073 5
1074 9
1075 7
1076 3
1077 9
1078 5
1079 13
1080 14
1081 11
1082 10
1083 8
1084 8
1085 7
1086 7
1087 7
1088 11
1089 7
1090 4
1091 9
1092 15
1093 7
1094 6
1095 15
1096 8
1097 4
1098 8
1099 7
1100 4
1101 3
1102 8
1103 7
1104 6
1105 6
1106 7
1107 11
1108 6
1109 6
1110 6
1111 6
1112 3
1113 4
1114 4
1115 8
1116 7
1117 5
1118 3
1119 8
1120 4
1121 5
1122 15
1123 5
1124 9
1125 6
1126 4
1127 5
1128 5
1129 8
1130 5
1131 9
1132 5
1133 8
1134 7
1135 2
1136 10
1137 4
1138 6
1139 5
1140 3
1141 9
1142 6
1143 5
1144 6
1145 5
1146 9
1147 5
1148 7
1149 8
1150 7
1151 4
1152 9
1153 6
1154 8
1155 11
1156 7
1157 7
1158 5
1159 4
1160 9
1161 8
1162 9
1163 10
1164 11
1165 7
1166 5
1167 10
1168 7
1169 9
1170 8
1171 6
1172 8
1173 5
1174 8
1175 12
1176 9
1177 5
1178 7
1179 5
1180 9
1181 9
1182 7
1183 6
1184 8
1185 10
1186 9
1187 12
1188 7
1189 11
1190 10
1191 13
1192 16
1193 11
1194 13
1195 12
1196 12
1197 16
1198 11
1199 14
1200 13
1201 7
1202 10
1203 7
1204 6
1205 13
1206 7
1207 8
1208 8
1209 5
1210 10
1211 15
1212 9
1213 8
1214 8
1215 7
1216 8
1217 8
1218 7
1219 7
1220 5
1221 12
1222 11
1223 4
1224 7
1225 2
1226 5
1227 7
1228 5
1229 4
1230 9
1231 9
1232 1
1233 6
1234 7
1235 6
1236 7
1237 4
1238 6
1239 6
1240 7
1241 4
1242 6
1243 7
1244 8
1245 4
1246 1
1247 4
1248 6
1249 4
1250 2
1251 7
1252 5
1254 6
1255 2
1256 5
1257 3
1258 3
1259 3
1260 5
1261 2
1262 5
1263 5
1264 3
1265 6
1266 5
1267 5
1268 4
1269 9
1271 2
1272 6
1273 5
1274 4
1275 6
1276 3
1277 3
1278 3
1279 4
1280 5
1281 2
1282 4
1283 4
1284 1
1285 2
1286 3
1287 4
1288 3
1289 4
1290 2
1291 1
1292 4
1293 6
1294 1
1295 4
1296 3
1297 4
1298 3
1299 4
1300 1
1301 6
1302 2
1303 2
1304 3
1305 4
1306 3
1307 2
1308 1
1309 3
1310 2
1311 4
1312 2
1313 1
1314 3
1315 2
1316 2
1317 6
1318 3
1319 4
1320 5
1321 5
1322 2
1323 2
1324 1
1325 5
1326 2
1327 2
1328 1
1329 1
1330 4
1331 7
1332 3
1334 4
1335 1
1336 2
1337 2
1338 4
1339 1
1340 4
1341 1
1343 1
1344 6
1345 2
1346 2
1348 1
1349 7
1350 3
1351 2
1352 2
1353 3
1354 1
1355 2
1356 3
1357 1
1359 2
1360 2
1361 2
1362 3
1363 3
1364 1
1365 1
1368 3
1369 1
1371 1
1372 4
1374 4
1376 2
1377 1
1378 1
1379 3
1380 2
1381 1
1382 4
1383 1
1384 1
1385 1
1386 1
1387 3
1388 2
1389 2
1390 3
1391 2
1393 1
1395 1
1396 2
1397 3
1398 2
1399 1
1401 3
1402 2
1403 1
1404 1
1406 2
1407 1
1409 3
1410 1
1411 2
1412 3
1413 2
1414 1
1416 1
1417 2
1418 1
1419 3
1420 2
1421 1
1422 3
1423 2
1426 1
1427 1
1428 1
1429 1
1431 3
1433 1
1435 1
1436 1
1437 2
1438 1
1439 4
1440 2
1443 2
1445 1
1448 1
1450 1
1452 1
1453 1
1454 3
1455 1
1456 1
1457 1
1458 1
1459 1
1462 1
1465 1
1471 1
1472 1
1474 1
1477 1
1478 1
1480 1
1481 2
1483 1
1486 1
1487 1
1488 1
1493 1
1500 3
1501 1
1502 3
1504 2
1507 2
1508 2
1509 1
1510 2
1511 1
1512 2
1515 1
1518 3
1520 2
1521 2
1522 1
1523 1
1526 1
1527 1
1528 1
1530 1
1532 1
1539 2
1540 2
1545 1
1548 1
1550 1
1551 1
1554 2
1556 1
1559 1
1565 1
1569 2
1571 1
1572 1
1576 1
1577 2
1579 1
1583 1
1585 1
1587 1
1590 1
1592 1
1593 1
1596 1
1598 1
1601 1
1604 1
1605 1
1607 1
1616 1
1621 2
1623 1
1626 1
1630 1
1634 1
1637 2
1642 1
1643 1
1647 1
1655 1
1656 1
1662 1
1667 1
