-1114 1
-1112 1
-1111 1
-1110 2
-1109 5
-1107 2
-1106 12
-1105 12
-1104 16
-1103 26
-1102 19
-1101 27
-1100 41
-1099 53
-1098 47
-1097 75
-1096 68
-1095 84
-1094 72
-1093 82
-1092 93
-1091 96
-1090 97
-1089 101
-1088 99
-1087 108
-1086 141
-1085 98
-1084 135
-1083 133
-1082 143
-1081 162
-1080 148
-1079 176
-1078 174
-1077 189
-1076 225
-1075 242
-1074 243
-1073 232
-1072 255
-1071 264
-1070 257
-1069 293
-1068 286
-1067 296
-1066 269
-1065 292
-1064 283
-1063 292
-1062 306
-1061 302
-1060 316
-1059 295
-1058 338
-1057 340
-1056 329
-1055 369
-1054 355
-1053 379
-1052 393
-1051 429
-1050 446
-1049 467
-1048 510
-1047 465
-1046 493
-1045 447
-1044 518
-1043 512
-1042 522
-1041 546
-1040 560
-1039 486
-1038 489
-1037 470
-1036 514
-1035 539
-1034 545
-1033 555
-1032 543
-1031 538
-1030 562
-1029 576
-1028 591
-1027 586
-1026 571
-1025 597
-1024 612
-1023 580
-1022 627
-1021 629
-1020 613
-1019 644
-1018 629
-1017 655
-1016 652
-1015 697
-1014 698
-1013 708
-1012 744
-1011 753
-1010 769
-1009 786
-1008 719
-1007 777
-1006 803
-1005 823
-1004 779
-1003 792
-1002 779
-1001 776
-1000 839
-999 830
-998 806
-997 856
-996 801
-995 798
-994 823
-993 859
-992 939
-991 904
-990 994
-989 935
-988 915
-987 941
-986 945
-985 949
-984 930
-983 920
-982 950
-981 961
-980 912
-979 965
-978 874
-977 929
-976 946
-975 1021
-974 991
-973 937
-972 933
-971 905
-970 979
-969 981
-968 1001
-967 1017
-966 1081
-965 1014
-964 985
-963 1065
-962 1036
-961 1071
-960 1088
-959 1092
-958 1033
-957 1049
-956 1018
-955 1104
-954 1030
-953 1068
-952 1059
-951 1111
-950 1080
-949 1144
-948 1100
-947 1096
-946 1191
-945 1132
-944 1177
-943 1133
-942 1234
-941 1218
-940 1213
-939 1272
-938 1242
-937 1244
-936 1261
-935 1338
-934 1313
-933 1395
-932 1408
-931 1405
-930 1381
-929 1468
-928 1413
-927 1402
-926 1383
-925 1500
-924 1500
-923 1459
-922 1488
-921 1438
-920 1508
-919 1493
-918 1502
-917 1499
-916 1442
-915 1419
-914 1547
-913 1419
-912 1567
-911 1551
-910 1542
-909 1689
-908 1641
-907 1755
-906 1853
-905 1700
-904 1781
-903 1826
-902 1771
-901 1931
-900 1889
-899 1813
-898 1899
-897 1819
-896 1942
-895 1867
-894 1984
-893 1943
-892 1892
-891 1985
-890 2075
-889 2034
-888 2074
-887 2052
-886 2119
-885 2123
-884 2062
-883 2046
-882 2116
-881 2126
-880 2172
-879 2223
-878 2124
-877 2238
-876 2254
-875 2298
-874 2373
-873 2363
-872 2429
-871 2653
-870 2588
-869 2643
-868 2774
-867 2698
-866 2860
-865 2819
-864 2941
-863 2925
-862 2846
-861 3001
-860 2945
-859 2925
-858 2978
-857 2985
-856 2977
-855 2953
-854 2975
-853 2958
-852 3070
-851 3091
-850 3020
-849 3012
-848 3058
-847 3017
-846 3077
-845 3046
-844 3046
-843 3080
-842 3123
-841 3078
-840 3050
-839 3047
-838 3071
-837 3028
-836 3044
-835 3048
-834 3080
-833 3158
-832 3134
-831 3257
-830 3136
-829 3076
-828 3194
-827 3108
-826 3293
-825 3198
-824 3268
-823 3217
-822 3222
-821 3266
-820 3308
-819 3285
-818 3421
-817 3357
-816 3322
-815 3525
-814 3375
-813 3525
-812 3546
-811 3567
-810 3498
-809 3598
-808 3638
-807 3520
-806 3514
-805 3666
-804 3559
-803 3548
-802 3504
-801 3520
-800 3567
-799 3585
-798 3648
-797 3573
-796 3622
-795 3536
-794 3648
-793 3635
-792 3664
-791 3577
-790 3734
-789 3678
-788 3712
-787 3669
-786 3749
-785 3687
-784 3727
-783 3594
-782 3562
-781 3700
-780 3673
-779 3681
-778 3569
-777 3627
-776 3580
-775 3683
-774 3773
-773 3783
-772 3785
-771 3839
-770 3822
-769 3875
-768 3776
-767 3770
-766 3752
-765 3772
-764 3790
-763 3866
-762 3881
-761 3864
-760 3874
-759 3991
-758 4018
-757 4012
-756 3988
-755 3891
-754 3901
-753 3995
-752 4040
-751 3978
-750 3951
-749 3904
-748 3882
-747 3850
-746 4024
-745 3958
-744 3994
-743 3959
-742 3929
-741 3966
-740 3973
-739 3979
-738 4042
-737 4115
-736 4107
-735 4121
-734 4221
-733 4219
-732 4222
-731 4121
-730 4014
-729 4183
-728 4191
-727 4117
-726 4092
-725 4326
-724 4226
-723 4257
-722 4149
-721 4257
-720 4182
-719 4227
-718 4263
-717 4162
-716 4073
-715 4084
-714 4098
-713 4035
-712 4128
-711 4234
-710 4146
-709 4143
-708 4292
-707 4226
-706 4193
-705 4212
-704 4243
-703 4271
-702 4472
-701 4251
-700 4414
-699 4292
-698 4447
-697 4375
-696 4403
-695 4492
-694 4462
-693 4505
-692 4413
-691 4339
-690 4387
-689 4555
-688 4533
-687 4601
-686 4493
-685 4440
-684 4514
-683 4483
-682 4537
-681 4541
-680 4524
-679 4610
-678 4507
-677 4549
-676 4633
-675 4641
-674 4634
-673 4639
-672 4653
-671 4392
-670 4671
-669 4592
-668 4661
-667 4676
-666 4686
-665 4706
-664 4792
-663 4689
-662 4710
-661 4680
-660 4751
-659 4683
-658 4689
-657 4559
-656 4687
-655 4606
-654 4704
-653 4753
-652 4638
-651 4626
-650 4742
-649 4836
-648 4753
-647 4741
-646 4688
-645 4714
-644 4788
-643 4849
-642 4834
-641 4874
-640 4903
-639 4854
-638 4964
-637 4733
-636 4876
-635 4974
-634 4908
-633 4904
-632 4874
-631 4993
-630 4874
-629 4875
-628 4902
-627 4972
-626 5107
-625 5058
-624 5046
-623 4972
-622 5154
-621 5106
-620 5151
-619 5110
-618 5182
-617 5102
-616 5051
-615 5127
-614 5181
-613 5035
-612 5162
-611 5177
-610 5252
-609 5158
-608 5297
-607 5401
-606 5367
-605 5289
-604 5371
-603 5395
-602 5416
-601 5559
-600 5402
-599 5449
-598 5473
-597 5593
-596 5622
-595 5421
-594 5455
-593 5606
-592 5620
-591 5440
-590 5370
-589 5446
-588 5486
-587 5356
-586 5454
-585 5491
-584 5518
-583 5588
-582 5531
-581 5645
-580 5591
-579 5564
-578 5486
-577 5606
-576 5601
-575 5669
-574 5557
-573 5543
-572 5544
-571 5697
-570 5404
-569 5405
-568 5412
-567 5465
-566 5421
-565 5459
-564 5322
-563 5463
-562 5250
-561 5439
-560 5224
-559 5235
-558 5273
-557 5278
-556 5407
-555 5359
-554 5412
-553 5354
-552 5485
-551 5325
-550 5379
-549 5499
-548 5383
-547 5440
-546 5559
-545 5541
-544 5543
-543 5410
-542 5531
-541 5450
-540 5694
-539 5636
-538 5499
-537 5543
-536 5510
-535 5580
-534 5705
-533 5560
-532 5578
-531 5573
-530 5616
-529 5553
-528 5610
-527 5528
-526 5611
-525 5646
-524 5640
-523 5722
-522 5674
-521 5604
-520 5603
-519 5522
-518 5591
-517 5623
-516 5541
-515 5581
-514 5551
-513 5627
-512 5413
-511 5559
-510 5619
-509 5493
-508 5576
-507 5506
-506 5572
-505 5392
-504 5547
-503 5584
-502 5510
-501 5652
-500 5653
-499 5565
-498 5572
-497 5512
-496 5594
-495 5517
-494 5443
-493 5592
-492 5692
-491 5666
-490 5545
-489 5640
-488 5495
-487 5612
-486 5654
-485 5503
-484 5730
-483 5829
-482 5760
-481 5686
-480 5726
-479 5886
-478 5749
-477 5683
-476 5834
-475 5926
-474 5881
-473 6041
-472 5864
-471 5955
-470 5859
-469 5790
-468 5793
-467 5646
-466 5510
-465 5590
-464 5572
-463 5648
-462 5720
-461 5685
-460 5608
-459 5545
-458 5490
-457 5632
-456 5386
-455 5489
-454 5402
-453 5485
-452 5382
-451 5607
-450 5478
-449 5529
-448 5466
-447 5362
-446 5689
-445 5445
-444 5439
-443 5421
-442 5584
-441 5346
-440 5410
-439 5324
-438 5313
-437 5344
-436 5358
-435 5441
-434 5375
-433 5447
-432 5409
-431 5275
-430 5364
-429 5463
-428 5377
-427 5396
-426 5403
-425 5303
-424 5430
-423 5310
-422 5337
-421 5351
-420 5332
-419 5438
-418 5362
-417 5357
-416 5455
-415 5431
-414 5383
-413 5272
-412 5376
-411 5479
-410 5428
-409 5293
-408 5366
-407 5355
-406 5299
-405 5603
-404 5419
-403 5425
-402 5440
-401 5491
-400 5408
-399 5469
-398 5474
-397 5428
-396 5496
-395 5510
-394 5516
-393 5422
-392 5559
-391 5663
-390 5576
-389 5483
-388 5626
-387 5592
-386 5716
-385 5424
-384 5741
-383 5614
-382 5721
-381 5786
-380 5724
-379 5784
-378 5830
-377 5794
-376 5714
-375 5618
-374 5642
-373 5504
-372 5623
-371 5481
-370 5414
-369 5382
-368 5353
-367 5220
-366 5337
-365 5255
-364 5213
-363 5195
-362 5339
-361 5241
-360 5149
-359 5048
-358 5185
-357 5048
-356 5059
-355 5152
-354 5044
-353 4973
-352 5120
-351 4963
-350 5069
-349 5002
-348 4933
-347 4965
-346 4925
-345 4925
-344 4806
-343 4950
-342 4921
-341 4953
-340 4931
-339 4961
-338 4887
-337 4852
-336 4795
-335 4950
-334 4953
-333 4960
-332 4902
-331 4916
-330 4762
-329 4857
-328 4716
-327 4799
-326 4760
-325 4885
-324 4750
-323 4816
-322 4845
-321 4820
-320 4698
-319 4646
-318 4771
-317 4648
-316 4654
-315 4579
-314 4538
-313 4614
-312 4561
-311 4590
-310 4622
-309 4600
-308 4640
-307 4442
-306 4494
-305 4496
-304 4521
-303 4506
-302 4368
-301 4545
-300 4515
-299 4404
-298 4479
-297 4373
-296 4352
-295 4359
-294 4262
-293 4355
-292 4377
-291 4349
-290 4331
-289 4415
-288 4197
-287 4176
-286 4182
-285 4237
-284 4118
-283 4222
-282 4258
-281 4353
-280 4087
-279 4148
-278 4189
-277 4135
-276 4102
-275 4050
-274 3949
-273 3949
-272 4007
-271 4037
-270 3994
-269 3829
-268 3958
-267 3930
-266 3904
-265 3909
-264 4051
-263 3911
-262 3852
-261 3956
-260 3842
-259 3784
-258 3759
-257 3800
-256 3913
-255 3814
-254 3700
-253 3707
-252 3612
-251 3629
-250 3709
-249 3663
-248 3728
-247 3615
-246 3683
-245 3732
-244 3728
-243 3583
-242 3581
-241 3586
-240 3538
-239 3660
-238 3654
-237 3640
-236 3656
-235 3675
-234 3503
-233 3497
-232 3527
-231 3587
-230 3470
-229 3532
-228 3508
-227 3545
-226 3460
-225 3338
-224 3491
-223 3387
-222 3374
-221 3337
-220 3392
-219 3391
-218 3358
-217 3236
-216 3190
-215 3220
-214 3257
-213 3306
-212 3331
-211 3247
-210 3243
-209 3278
-208 3170
-207 3160
-206 3131
-205 3150
-204 3090
-203 3104
-202 3181
-201 3146
-200 3036
-199 3300
-198 3155
-197 3038
-196 3118
-195 3079
-194 3169
-193 3107
-192 3052
-191 2994
-190 3087
-189 2948
-188 2990
-187 2982
-186 3126
-185 3109
-184 2967
-183 2871
-182 2883
-181 2907
-180 2927
-179 2970
-178 2873
-177 2858
-176 2776
-175 2729
-174 2858
-173 2704
-172 2863
-171 2752
-170 2800
-169 2727
-168 2682
-167 2759
-166 2703
-165 2715
-164 2633
-163 2689
-162 2663
-161 2508
-160 2594
-159 2463
-158 2550
-157 2466
-156 2481
-155 2434
-154 2467
-153 2443
-152 2469
-151 2519
-150 2495
-149 2440
-148 2448
-147 2369
-146 2335
-145 2349
-144 2359
-143 2440
-142 2248
-141 2304
-140 2295
-139 2288
-138 2353
-137 2275
-136 2332
-135 2317
-134 2230
-133 2252
-132 2302
-131 2299
-130 2332
-129 2310
-128 2273
-127 2211
-126 2261
-125 2225
-124 2230
-123 2180
-122 2250
-121 2156
-120 2229
-119 2092
-118 2159
-117 2136
-116 2139
-115 2156
-114 2104
-113 2099
-112 2013
-111 2165
-110 2094
-109 2042
-108 2018
-107 2045
-106 2063
-105 1951
-104 2013
-103 1959
-102 1995
-101 1951
-100 1917
-99 1898
-98 1897
-97 1862
-96 1946
-95 1925
-94 1876
-93 1780
-92 1854
-91 1866
-90 1832
-89 1775
-88 1851
-87 1878
-86 1799
-85 1827
-84 1840
-83 1823
-82 1775
-81 1822
-80 1741
-79 1782
-78 1782
-77 1758
-76 1751
-75 1718
-74 1780
-73 1768
-72 1702
-71 1610
-70 1632
-69 1686
-68 1617
-67 1645
-66 1609
-65 1670
-64 1588
-63 1603
-62 1627
-61 1582
-60 1619
-59 1564
-58 1493
-57 1569
-56 1567
-55 1448
-54 1609
-53 1507
-52 1429
-51 1498
-50 1531
-49 1484
-48 1551
-47 1545
-46 1419
-45 1437
-44 1476
-43 1445
-42 1421
-41 1450
-40 1390
-39 1411
-38 1438
-37 1427
-36 1323
-35 1427
-34 1325
-33 1257
-32 1314
-31 1266
-30 1384
-29 1281
-28 1320
-27 1328
-26 1265
-25 1270
-24 1256
-23 1253
-22 1270
-21 1273
-20 1221
-19 1255
-18 1179
-17 1265
-16 1229
-15 1191
-14 1165
-13 1200
-12 1220
-11 1182
-10 1181
-9 1233
-8 1149
-7 1112
-6 1171
-5 1172
-4 1134
-3 1087
-2 1187
-1 1132
0 1099
1 1093
2 1140
3 1066
4 1141
5 1167
6 1072
7 1017
8 1080
9 1118
10 1043
11 1108
12 1139
13 1050
14 1054
15 1127
16 1016
17 1081
18 1155
19 1060
20 1045
21 1105
22 1027
23 1044
24 1059
25 1051
26 1025
27 1025
28 1010
29 1064
30 1000
31 988
32 1025
33 1018
34 955
35 1005
36 979
37 954
38 902
39 957
40 1017
41 945
42 944
43 907
44 925
45 987
46 983
47 876
48 905
49 923
50 902
51 876
52 864
53 896
54 904
55 836
56 884
57 861
58 883
59 858
60 862
61 858
62 840
63 827
64 824
65 828
66 784
67 813
68 775
69 755
70 760
71 845
72 786
73 779
74 786
75 827
76 797
77 803
78 742
79 784
80 769
81 762
82 711
83 726
84 741
85 709
86 722
87 703
88 728
89 739
90 679
91 701
92 697
93 692
94 689
95 682
96 696
97 654
98 623
99 690
100 668
101 668
102 664
103 682
104 600
105 685
106 649
107 646
108 641
109 646
110 643
111 649
112 635
113 648
114 617
115 593
116 592
117 675
118 618
119 619
120 573
121 611
122 574
123 576
124 590
125 622
126 592
127 579
128 605
129 539
130 557
131 547
132 578
133 542
134 540
135 516
136 558
137 503
138 500
139 522
140 529
141 518
142 520
143 509
144 476
145 513
146 509
147 499
148 485
149 488
150 468
151 506
152 450
153 505
154 470
155 480
156 485
157 446
158 439
159 471
160 438
161 443
162 471
163 457
164 463
165 453
166 447
167 400
168 487
169 414
170 451
171 450
172 425
173 409
174 433
175 457
176 452
177 459
178 406
179 414
180 443
181 443
182 436
183 452
184 404
185 365
186 409
187 375
188 409
189 372
190 357
191 401
192 380
193 404
194 379
195 391
196 366
197 364
198 349
199 372
200 349
201 354
202 310
203 350
204 360
205 372
206 346
207 351
208 316
209 333
210 333
211 345
212 321
213 342
214 340
215 322
216 309
217 314
218 314
219 293
220 324
221 309
222 272
223 296
224 290
225 279
226 289
227 324
228 290
229 291
230 313
231 297
232 287
233 282
234 274
235 267
236 265
237 265
238 260
239 289
240 273
241 282
242 305
243 295
244 273
245 274
246 267
247 295
248 275
249 288
250 264
251 239
252 270
253 244
254 268
255 260
256 250
257 231
258 269
259 245
260 250
261 219
262 224
263 246
264 244
265 207
266 230
267 247
268 245
269 244
270 254
271 221
272 214
273 234
274 259
275 233
276 270
277 233
278 235
279 228
280 247
281 226
282 245
283 238
284 219
285 215
286 222
287 237
288 219
289 243
290 249
291 222
292 241
293 212
294 231
295 222
296 224
297 200
298 246
299 224
300 249
301 238
302 227
303 241
304 238
305 213
306 214
307 214
308 244
309 242
310 248
311 235
312 261
313 243
314 256
315 262
316 258
317 241
318 253
319 241
320 259
321 244
322 252
323 250
324 254
325 258
326 251
327 207
328 247
329 223
330 221
331 267
332 254
333 257
334 218
335 295
336 254
337 223
338 271
339 272
340 260
341 251
342 247
343 224
344 239
345 255
346 213
347 252
348 244
349 268
350 234
351 282
352 248
353 246
354 255
355 254
356 274
357 249
358 230
359 269
360 273
361 284
362 256
363 228
364 238
365 290
366 285
367 266
368 246
369 244
370 262
371 254
372 259
373 257
374 244
375 265
376 263
377 243
378 295
379 259
380 279
381 288
382 294
383 277
384 280
385 309
386 310
387 304
388 257
389 274
390 285
391 285
392 319
393 302
394 285
395 288
396 304
397 264
398 318
399 290
400 291
401 282
402 283
403 284
404 292
405 280
406 306
407 321
408 267
409 288
410 307
411 285
412 286
413 293
414 257
415 269
416 300
417 287
418 300
419 286
420 322
421 312
422 319
423 282
424 284
425 285
426 307
427 298
428 310
429 273
430 302
431 284
432 293
433 318
434 296
435 300
436 297
437 232
438 276
439 294
440 326
441 309
442 255
443 288
444 298
445 316
446 291
447 308
448 281
449 256
450 286
451 302
452 297
453 268
454 286
455 274
456 297
457 240
458 285
459 284
460 283
461 285
462 271
463 244
464 279
465 262
466 300
467 292
468 308
469 280
470 282
471 313
472 260
473 268
474 297
475 304
476 282
477 276
478 286
479 279
480 260
481 290
482 257
483 289
484 248
485 289
486 300
487 264
488 265
489 248
490 265
491 235
492 288
493 265
494 258
495 253
496 265
497 286
498 298
499 250
500 262
501 272
502 264
503 240
504 266
505 214
506 249
507 245
508 243
509 262
510 244
511 262
512 262
513 254
514 250
515 222
516 250
517 232
518 254
519 280
520 240
521 260
522 253
523 226
524 251
525 231
526 253
527 258
528 230
529 220
530 243
531 249
532 248
533 210
534 251
535 246
536 240
537 231
538 236
539 238
540 233
541 255
542 203
543 234
544 222
545 207
546 239
547 226
548 225
549 216
550 216
551 207
552 212
553 205
554 260
555 218
556 212
557 210
558 185
559 227
560 202
561 192
562 213
563 222
564 179
565 233
566 232
567 202
568 219
569 224
570 216
571 200
572 212
573 209
574 211
575 190
576 215
577 198
578 185
579 202
580 184
581 190
582 206
583 173
584 175
585 188
586 207
587 178
588 201
589 190
590 196
591 200
592 193
593 178
594 191
595 202
596 199
597 207
598 200
599 178
600 194
601 180
602 223
603 193
604 199
605 175
606 191
607 187
608 176
609 174
610 173
611 187
612 186
613 183
614 176
615 176
616 159
617 168
618 177
619 175
620 190
621 193
622 190
623 169
624 181
625 170
626 152
627 161
628 157
629 166
630 140
631 182
632 162
633 169
634 201
635 166
636 171
637 183
638 162
639 167
640 162
641 171
642 176
643 159
644 181
645 166
646 161
647 155
648 149
649 159
650 153
651 181
652 140
653 160
654 168
655 146
656 156
657 170
658 175
659 157
660 163
661 154
662 161
663 159
664 153
665 145
666 156
667 173
668 152
669 147
670 175
671 155
672 150
673 162
674 150
675 137
676 161
677 136
678 146
679 140
680 153
681 162
682 165
683 141
684 136
685 140
686 143
687 157
688 142
689 173
690 136
691 146
692 132
693 148
694 164
695 143
696 150
697 127
698 144
699 141
700 141
701 132
702 151
703 102
704 142
705 117
706 137
707 157
708 134
709 137
710 144
711 132
712 139
713 142
714 143
715 133
716 144
717 128
718 149
719 127
720 131
721 131
722 130
723 127
724 130
725 123
726 124
727 143
728 109
729 110
730 143
731 127
732 133
733 101
734 131
735 131
736 117
737 131
738 108
739 120
740 129
741 120
742 121
743 121
744 99
745 112
746 111
747 113
748 121
749 128
750 113
751 127
752 123
753 114
754 117
755 113
756 105
757 99
758 103
759 114
760 119
761 100
762 121
763 108
764 127
765 117
766 97
767 107
768 111
769 107
770 101
771 89
772 102
773 90
774 99
775 104
776 100
777 95
778 103
779 114
780 104
781 100
782 98
783 115
784 110
785 88
786 96
787 90
788 100
789 97
790 95
791 83
792 98
793 83
794 106
795 94
796 105
797 95
798 94
799 81
800 97
801 89
802 96
803 96
804 92
805 104
806 85
807 83
808 88
809 95
810 84
811 89
812 85
813 83
814 79
815 83
816 80
817 78
818 99
819 89
820 80
821 93
822 92
823 79
824 85
825 87
826 83
827 63
828 89
829 82
830 82
831 65
832 91
833 85
834 79
835 78
836 93
837 98
838 78
839 86
840 76
841 90
842 84
843 87
844 65
845 84
846 75
847 87
848 65
849 66
850 71
851 78
852 78
853 88
854 65
855 58
856 66
857 69
858 66
859 64
860 68
861 85
862 61
863 70
864 66
865 57
866 57
867 68
868 61
869 63
870 75
871 65
872 56
873 76
874 57
875 54
876 75
877 65
878 64
879 57
880 75
881 68
882 66
883 79
884 56
885 55
886 62
887 65
888 78
889 66
890 52
891 45
892 54
893 67
894 54
895 66
896 54
897 47
898 50
899 45
900 65
901 57
902 57
903 80
904 63
905 61
906 42
907 56
908 56
909 59
910 56
911 54
912 66
913 57
914 43
915 66
916 50
917 42
918 47
919 60
920 59
921 48
922 56
923 54
924 56
925 43
926 58
927 33
928 59
929 60
930 55
931 58
932 50
933 38
934 62
935 40
936 49
937 50
938 48
939 41
940 51
941 40
942 50
943 49
944 61
945 49
946 44
947 50
948 48
949 50
950 45
951 36
952 72
953 39
954 48
955 51
956 32
957 33
958 56
959 40
960 49
961 45
962 38
963 50
964 47
965 54
966 48
967 41
968 38
969 25
970 39
971 38
972 45
973 47
974 31
975 38
976 36
977 42
978 37
979 41
980 42
981 45
982 42
983 29
984 34
985 48
986 33
987 31
988 36
989 39
990 36
991 28
992 40
993 28
994 42
995 43
996 37
997 39
998 39
999 39
1000 20
1001 43
1002 37
1003 32
1004 38
1005 39
1006 28
1007 34
1008 45
1009 27
1010 27
1011 26
1012 23
1013 35
1014 23
1015 23
1016 32
1017 34
1018 36
1019 27
1020 28
1021 36
1022 24
1023 32
1024 37
1025 20
1026 35
1027 23
1028 31
1029 33
1030 23
1031 20
1032 29
1033 35
1034 26
1035 21
1036 21
1037 24
1038 26
1039 17
1040 27
1041 22
1042 25
1043 18
1044 21
1045 24
1046 21
1047 30
1048 22
1049 27
1050 25
1051 29
1052 16
1053 26
1054 27
1055 33
1056 19
1057 16
1058 17
1059 19
1060 22
1061 24
1062 32
1063 22
1064 28
1065 27
1066 21
1067 18
1068 22
1069 19
1070 30
1071 21
1072 22
1073 20
1074 14
1075 25
1076 21
1077 14
1078 17
1079 13
1080 23
1081 29
1082 21
1083 23
1084 25
1085 17
1086 20
1087 15
1088 27
1089 14
1090 12
1091 16
1092 18
1093 15
1094 16
1095 21
1096 22
1097 17
1098 17
1099 11
1100 10
1101 13
1102 14
1103 17
1104 20
1105 16
1106 18
1107 19
1108 14
1109 13
1110 13
1111 17
1112 21
1113 16
1114 21
1115 9
1116 8
1117 17
1118 13
1119 10
1120 17
1121 15
1122 7
1123 10
1124 13
1125 16
1126 11
1127 15
1128 14
1129 12
1130 7
1131 10
1132 10
1133 16
1134 17
1135 17
1136 13
1137 16
1138 13
1139 16
1140 10
1141 9
1142 6
1143 13
1144 13
1145 10
1146 10
1147 14
1148 11
1149 9
1150 13
1151 14
1152 8
1153 10
1154 14
1155 8
1156 8
1157 15
1158 8
1159 11
1160 12
1161 5
1162 15
1163 12
1164 8
1165 7
1166 5
1167 15
1168 8
1169 7
1170 7
1171 11
1172 11
1173 11
1174 7
1175 7
1176 11
1177 9
1178 11
1179 10
1180 8
1181 13
1182 8
1183 9
1184 8
1185 10
1186 5
1187 11
1188 10
1189 11
1190 5
1191 7
1192 15
1193 10
1194 8
1195 11
1196 14
1197 5
1198 12
1199 5
1200 8
1201 11
1202 11
1203 9
1204 7
1205 9
1206 9
1207 9
1208 5
1209 14
1210 7
1211 13
1212 6
1213 5
1214 5
1215 3
1216 5
1217 6
1218 6
1219 4
1220 9
1221 6
1222 8
1223 7
1224 10
1225 10
1226 3
1227 9
1228 9
1229 10
1230 2
1231 5
1232 5
1233 5
1234 9
1235 13
1236 7
1237 6
1238 8
1239 11
1240 9
1241 5
1242 6
1243 7
1244 4
1245 5
1246 6
1247 6
1248 10
1249 4
1250 5
1251 5
1252 10
1253 7
1254 8
1255 2
1256 3
1257 3
1258 7
1259 5
1260 4
1261 7
1262 6
1263 5
1264 9
1265 7
1266 4
1267 2
1268 8
1269 10
1270 4
1271 6
1272 4
1273 4
1274 4
1275 4
1276 5
1277 4
1278 5
1279 6
1280 5
1281 4
1282 5
1283 4
1284 4
1285 6
1286 2
1287 3
1288 3
1289 4
1290 3
1291 2
1292 2
1293 1
1294 3
1295 4
1296 4
1297 3
1298 2
1299 5
1300 2
1301 7
1302 3
1303 3
1304 1
1305 1
1306 6
1308 2
1309 4
1310 1
1311 2
1312 4
1313 3
1314 2
1315 2
1316 4
1317 4
1318 5
1319 3
1320 3
1321 4
1322 6
1323 5
1324 2
1325 4
1326 1
1327 2
1328 1
1329 1
1330 3
1331 1
1332 3
1334 4
1335 2
1336 2
1338 6
1339 4
1340 4
1341 2
1342 6
1343 2
1344 2
1345 1
1346 2
1347 1
1348 5
1350 1
1352 2
1353 3
1355 2
1356 1
1357 2
1358 2
1359 1
1360 2
1361 1
1362 2
1363 2
1364 1
1366 2
1367 5
1369 1
1370 2
1371 1
1373 4
1374 1
1378 1
1380 3
1381 1
1383 1
1385 1
1387 1
1388 2
1389 1
1390 2
1392 4
1395 1
1396 2
1397 2
1399 2
1401 3
1402 2
1403 1
1404 1
1405 1
1406 1
1407 2
1409 1
1410 1
1411 2
1413 1
1415 2
1416 3
1417 2
1418 1
1419 1
1420 2
1421 3
1423 1
1424 3
1425 2
1426 2
1427 2
1428 1
1430 2
1433 1
1434 1
1435 2
1436 2
1437 1
1438 3
1440 1
1441 4
1442 2
1448 1
1454 1
1456 3
1457 2
1459 2
1463 1
1464 1
1465 1
1468 1
1470 3
1472 3
1474 2
1477 1
1479 1
1480 2
1481 2
1482 4
1483 3
1484 1
1486 1
1488 1
1490 1
1493 1
1494 1
1495 1
1501 1
1506 1
1507 1
1508 1
1512 2
1517 2
1528 1
1529 1
1532 1
1534 1
1536 1
1537 1
1543 1
1544 1
1551 1
1555 1
1570 1
1573 1
1581 1
1583 1
1589 1
1607 1
1610 1
1616 1
1637 1
1644 1
1665 1
