-758 2
-756 3
-755 2
-754 5
-753 10
-752 13
-751 19
-750 29
-749 45
-748 38
-747 48
-746 48
-745 62
-744 57
-743 62
-742 59
-741 58
-740 58
-739 70
-738 74
-737 70
-736 75
-735 66
-734 88
-733 72
-732 66
-731 83
-730 88
-729 81
-728 115
-727 114
-726 130
-725 127
-724 184
-723 184
-722 218
-721 265
-720 256
-719 273
-718 297
-717 267
-716 293
-715 303
-714 324
-713 312
-712 313
-711 291
-710 311
-709 301
-708 336
-707 330
-706 313
-705 352
-704 370
-703 422
-702 375
-701 421
-700 424
-699 404
-698 420
-697 457
-696 450
-695 444
-694 442
-693 432
-692 437
-691 485
-690 493
-689 453
-688 544
-687 512
-686 539
-685 509
-684 518
-683 515
-682 493
-681 545
-680 550
-679 523
-678 521
-677 544
-676 573
-675 626
-674 578
-673 610
-672 598
-671 621
-670 661
-669 693
-668 666
-667 687
-666 659
-665 698
-664 675
-663 727
-662 671
-661 690
-660 718
-659 713
-658 720
-657 756
-656 716
-655 775
-654 777
-653 762
-652 749
-651 756
-650 766
-649 774
-648 808
-647 826
-646 855
-645 904
-644 861
-643 857
-642 839
-641 831
-640 890
-639 864
-638 847
-637 830
-636 919
-635 864
-634 855
-633 854
-632 859
-631 813
-630 811
-629 836
-628 885
-627 818
-626 815
-625 851
-624 823
-623 837
-622 855
-621 883
-620 837
-619 897
-618 937
-617 945
-616 1017
-615 983
-614 1031
-613 985
-612 1042
-611 1041
-610 1054
-609 1045
-608 1024
-607 1101
-606 1056
-605 1012
-604 1029
-603 1088
-602 1039
-601 996
-600 1017
-599 1079
-598 1040
-597 1062
-596 1015
-595 1013
-594 1039
-593 1056
-592 1082
-591 1157
-590 1102
-589 1142
-588 1249
-587 1122
-586 1183
-585 1211
-584 1207
-583 1366
-582 1308
-581 1355
-580 1350
-579 1343
-578 1384
-577 1407
-576 1367
-575 1406
-574 1489
-573 1382
-572 1412
-571 1396
-570 1432
-569 1440
-568 1439
-567 1410
-566 1399
-565 1481
-564 1519
-563 1450
-562 1559
-561 1495
-560 1597
-559 1600
-558 1626
-557 1617
-556 1659
-555 1678
-554 1664
-553 1675
-552 1725
-551 1867
-550 1857
-549 1820
-548 1782
-547 1761
-546 1813
-545 1846
-544 1872
-543 1834
-542 1810
-541 1811
-540 1842
-539 1891
-538 1874
-537 1817
-536 1981
-535 1895
-534 1918
-533 1959
-532 1988
-531 1974
-530 1943
-529 2050
-528 2064
-527 2027
-526 2067
-525 1953
-524 2060
-523 2049
-522 2092
-521 2126
-520 2143
-519 2139
-518 2106
-517 2163
-516 2232
-515 2142
-514 2186
-513 2334
-512 2425
-511 2340
-510 2444
-509 2305
-508 2395
-507 2399
-506 2419
-505 2369
-504 2415
-503 2585
-502 2575
-501 2591
-500 2601
-499 2609
-498 2646
-497 2700
-496 2684
-495 2759
-494 2845
-493 2747
-492 2822
-491 2822
-490 2872
-489 2836
-488 2956
-487 2907
-486 3140
-485 3197
-484 3167
-483 3277
-482 3202
-481 3238
-480 3273
-479 3179
-478 3308
-477 3264
-476 3303
-475 3133
-474 3304
-473 3349
-472 3167
-471 3331
-470 3396
-469 3331
-468 3504
-467 3428
-466 3500
-465 3410
-464 3373
-463 3389
-462 3436
-461 3431
-460 3537
-459 3479
-458 3509
-457 3497
-456 3497
-455 3535
-454 3443
-453 3444
-452 3525
-451 3513
-450 3739
-449 3630
-448 3619
-447 3696
-446 3706
-445 3554
-444 3675
-443 3595
-442 3687
-441 3617
-440 3677
-439 3758
-438 3683
-437 3701
-436 3647
-435 3758
-434 3716
-433 3759
-432 3695
-431 3713
-430 3757
-429 3710
-428 3748
-427 3723
-426 3729
-425 3858
-424 3894
-423 3797
-422 3858
-421 3840
-420 3891
-419 3847
-418 3848
-417 3860
-416 3749
-415 3858
-414 3946
-413 3987
-412 3984
-411 3910
-410 3990
-409 4029
-408 3893
-407 3980
-406 3872
-405 3839
-404 3985
-403 4214
-402 4001
-401 4182
-400 4154
-399 4079
-398 4059
-397 4147
-396 4112
-395 4031
-394 4213
-393 4178
-392 4180
-391 4146
-390 4071
-389 4197
-388 4248
-387 4087
-386 4222
-385 4152
-384 4243
-383 4309
-382 4170
-381 4268
-380 4267
-379 4231
-378 4352
-377 4262
-376 4348
-375 4272
-374 4396
-373 4336
-372 4385
-371 4423
-370 4406
-369 4374
-368 4596
-367 4437
-366 4392
-365 4496
-364 4516
-363 4445
-362 4519
-361 4477
-360 4626
-359 4560
-358 4648
-357 4706
-356 4646
-355 4664
-354 4649
-353 4798
-352 4647
-351 4646
-350 4651
-349 4740
-348 4768
-347 4828
-346 4794
-345 4812
-344 4832
-343 4892
-342 4754
-341 4816
-340 4844
-339 4873
-338 4891
-337 5010
-336 4871
-335 5020
-334 5070
-333 4920
-332 5009
-331 5026
-330 5080
-329 5092
-328 5077
-327 5083
-326 5007
-325 5066
-324 5060
-323 5100
-322 5175
-321 5278
-320 5199
-319 5320
-318 5299
-317 5410
-316 5345
-315 5358
-314 5396
-313 5508
-312 5474
-311 5704
-310 5577
-309 5740
-308 5753
-307 6092
-306 6181
-305 6278
-304 6326
-303 6440
-302 6684
-301 6807
-300 6571
-299 6694
-298 6829
-297 6926
-296 6921
-295 6812
-294 6892
-293 6957
-292 6926
-291 6955
-290 7005
-289 7093
-288 6843
-287 6978
-286 6948
-285 6897
-284 7072
-283 7055
-282 7214
-281 7070
-280 7215
-279 7158
-278 7129
-277 7300
-276 7481
-275 7175
-274 7091
-273 7126
-272 7073
-271 7179
-270 7118
-269 7031
-268 7181
-267 6981
-266 7110
-265 7239
-264 7148
-263 7255
-262 7166
-261 7273
-260 7204
-259 7165
-258 7227
-257 6990
-256 7324
-255 7166
-254 7189
-253 7212
-252 7124
-251 7136
-250 7059
-249 7059
-248 7157
-247 7048
-246 6946
-245 6848
-244 6788
-243 6709
-242 6670
-241 6867
-240 6822
-239 6811
-238 6528
-237 6718
-236 6690
-235 6740
-234 7035
-233 6947
-232 6918
-231 7024
-230 6964
-229 6986
-228 6675
-227 6480
-226 6759
-225 6859
-224 6678
-223 6639
-222 6589
-221 6735
-220 6639
-219 6542
-218 6644
-217 6510
-216 6545
-215 6610
-214 6511
-213 6599
-212 6554
-211 6606
-210 6736
-209 6576
-208 6574
-207 6708
-206 6767
-205 7005
-204 6819
-203 6788
-202 6676
-201 6821
-200 6504
-199 6591
-198 6904
-197 6648
-196 6789
-195 6692
-194 6713
-193 6732
-192 6813
-191 6732
-190 6923
-189 6619
-188 6662
-187 6695
-186 6616
-185 6519
-184 6619
-183 6693
-182 6642
-181 6527
-180 6712
-179 6620
-178 6626
-177 6687
-176 6584
-175 6520
-174 6485
-173 6590
-172 6520
-171 6487
-170 6442
-169 6560
-168 6625
-167 6562
-166 6518
-165 6500
-164 6517
-163 6526
-162 6533
-161 6516
-160 6554
-159 6555
-158 6619
-157 6494
-156 6701
-155 6671
-154 6536
-153 6590
-152 6601
-151 6502
-150 6629
-149 6633
-148 6513
-147 6616
-146 6641
-145 6710
-144 6547
-143 6585
-142 6709
-141 6696
-140 6459
-139 6479
-138 6459
-137 6582
-136 6591
-135 6506
-134 6689
-133 6608
-132 6427
-131 6608
-130 6571
-129 6440
-128 6338
-127 6250
-126 6281
-125 6409
-124 6325
-123 6309
-122 6301
-121 6324
-120 6198
-119 6292
-118 6338
-117 6261
-116 6051
-115 6276
-114 6166
-113 6249
-112 6241
-111 6389
-110 6336
-109 6168
-108 5965
-107 6124
-106 6112
-105 6084
-104 6142
-103 6254
-102 6224
-101 6160
-100 6053
-99 6047
-98 6063
-97 5835
-96 5933
-95 6032
-94 5933
-93 5972
-92 5929
-91 6091
-90 5969
-89 5825
-88 5985
-87 5811
-86 5979
-85 5663
-84 5922
-83 5771
-82 5811
-81 5883
-80 5755
-79 5736
-78 5548
-77 5652
-76 5561
-75 5521
-74 5599
-73 5775
-72 5742
-71 5632
-70 5604
-69 5690
-68 5810
-67 5735
-66 5776
-65 5541
-64 5633
-63 5642
-62 5812
-61 5648
-60 5818
-59 5712
-58 5593
-57 5610
-56 5463
-55 5531
-54 5469
-53 5372
-52 5510
-51 5421
-50 5454
-49 5302
-48 5261
-47 5229
-46 5198
-45 5280
-44 5218
-43 5046
-42 5116
-41 5069
-40 5064
-39 4834
-38 4932
-37 5104
-36 4935
-35 4951
-34 5017
-33 4848
-32 4924
-31 4844
-30 4908
-29 5053
-28 4962
-27 5115
-26 4966
-25 5009
-24 5029
-23 4882
-22 4787
-21 4810
-20 4608
-19 4671
-18 4569
-17 4605
-16 4614
-15 4606
-14 4533
-13 4514
-12 4642
-11 4440
-10 4354
-9 4451
-8 4411
-7 4328
-6 4331
-5 4382
-4 4361
-3 4208
-2 4254
-1 4291
0 4286
1 4259
2 4160
3 4146
4 4167
5 4248
6 4143
7 4116
8 4121
9 4131
10 4165
11 4015
12 4024
13 3945
14 4028
15 4026
16 3979
17 3945
18 4007
19 3983
20 3993
21 4069
22 3935
23 3936
24 4049
25 3983
26 3849
27 4114
28 3930
29 3875
30 3930
31 3964
32 3859
33 3931
34 4013
35 3976
36 3867
37 4005
38 3948
39 3884
40 3824
41 3899
42 3839
43 3729
44 3748
45 3877
46 3931
47 3669
48 3863
49 3771
50 3684
51 3801
52 3793
53 3718
54 3774
55 3712
56 3711
57 3626
58 3624
59 3586
60 3632
61 3560
62 3611
63 3560
64 3552
65 3613
66 3496
67 3547
68 3418
69 3481
70 3554
71 3560
72 3430
73 3527
74 3411
75 3517
76 3471
77 3364
78 3442
79 3367
80 3337
81 3420
82 3387
83 3393
84 3350
85 3332
86 3388
87 3281
88 3313
89 3443
90 3357
91 3436
92 3356
93 3285
94 3273
95 3278
96 3208
97 3165
98 3162
99 3278
100 3165
101 3082
102 3085
103 3075
104 3118
105 3097
106 3057
107 3123
108 2949
109 2905
110 3046
111 2947
112 2968
113 3061
114 2948
115 2968
116 2932
117 2944
118 3002
119 2913
120 2943
121 2919
122 2860
123 2905
124 2796
125 2757
126 2709
127 2802
128 2813
129 2795
130 2858
131 2777
132 2764
133 2700
134 2803
135 2812
136 2703
137 2692
138 2689
139 2605
140 2617
141 2688
142 2547
143 2604
144 2585
145 2507
146 2529
147 2436
148 2516
149 2498
150 2587
151 2475
152 2547
153 2475
154 2504
155 2449
156 2471
157 2436
158 2476
159 2395
160 2485
161 2516
162 2474
163 2429
164 2508
165 2292
166 2387
167 2356
168 2354
169 2356
170 2331
171 2413
172 2383
173 2346
174 2402
175 2386
176 2335
177 2272
178 2357
179 2386
180 2318
181 2298
182 2267
183 2312
184 2208
185 2221
186 2289
187 2284
188 2270
189 2228
190 2225
191 2290
192 2289
193 2227
194 2276
195 2266
196 2150
197 2230
198 2129
199 2199
200 2102
201 2209
202 2204
203 2035
204 2119
205 2157
206 2189
207 2245
208 2116
209 2119
210 2118
211 2157
212 2133
213 2154
214 2024
215 1957
216 2022
217 1975
218 2056
219 1954
220 1965
221 1942
222 1967
223 2034
224 1871
225 1899
226 1876
227 1986
228 1866
229 1860
230 1813
231 1757
232 1884
233 1817
234 1932
235 1872
236 1800
237 1848
238 1753
239 1816
240 1734
241 1776
242 1713
243 1700
244 1685
245 1761
246 1714
247 1688
248 1738
249 1786
250 1748
251 1668
252 1658
253 1667
254 1660
255 1677
256 1626
257 1622
258 1611
259 1615
260 1616
261 1666
262 1545
263 1489
264 1545
265 1582
266 1504
267 1488
268 1535
269 1463
270 1499
271 1515
272 1476
273 1460
274 1471
275 1458
276 1392
277 1421
278 1389
279 1379
280 1387
281 1416
282 1362
283 1315
284 1412
285 1335
286 1351
287 1354
288 1282
289 1323
290 1268
291 1310
292 1303
293 1256
294 1281
295 1256
296 1293
297 1267
298 1238
299 1224
300 1229
301 1190
302 1204
303 1273
304 1258
305 1242
306 1191
307 1169
308 1155
309 1166
310 1201
311 1151
312 1181
313 1191
314 1140
315 1117
316 1219
317 1097
318 1093
319 1113
320 1146
321 1089
322 1166
323 1122
324 1017
325 1078
326 1139
327 1134
328 1084
329 1086
330 1072
331 1041
332 1061
333 1049
334 1059
335 1006
336 1004
337 985
338 1069
339 1016
340 978
341 1022
342 1031
343 991
344 1000
345 1031
346 981
347 966
348 1001
349 1000
350 986
351 931
352 929
353 942
354 893
355 928
356 960
357 918
358 943
359 866
360 911
361 926
362 865
363 930
364 854
365 920
366 895
367 905
368 828
369 853
370 842
371 889
372 908
373 857
374 865
375 838
376 742
377 856
378 895
379 829
380 818
381 812
382 804
383 773
384 779
385 784
386 753
387 769
388 810
389 763
390 795
391 762
392 732
393 741
394 701
395 750
396 781
397 757
398 749
399 718
400 747
401 732
402 722
403 758
404 710
405 706
406 734
407 696
408 673
409 704
410 653
411 692
412 700
413 720
414 641
415 678
416 714
417 680
418 672
419 610
420 636
421 700
422 693
423 666
424 607
425 647
426 652
427 622
428 635
429 636
430 634
431 633
432 620
433 595
434 645
435 589
436 581
437 646
438 632
439 634
440 597
441 588
442 590
443 594
444 553
445 568
446 567
447 593
448 631
449 586
450 564
451 561
452 603
453 576
454 601
455 597
456 560
457 564
458 519
459 579
460 531
461 556
462 520
463 518
464 530
465 514
466 547
467 553
468 537
469 534
470 508
471 531
472 478
473 512
474 542
475 474
476 507
477 464
478 459
479 525
480 451
481 475
482 451
483 473
484 482
485 470
486 457
487 460
488 456
489 454
490 483
491 454
492 501
493 430
494 459
495 426
496 464
497 466
498 412
499 432
500 422
501 419
502 407
503 412
504 457
505 424
506 433
507 420
508 389
509 406
510 420
511 408
512 435
513 429
514 441
515 393
516 449
517 423
518 377
519 438
520 405
521 383
522 406
523 382
524 393
525 394
526 367
527 403
528 380
529 368
530 396
531 381
532 350
533 326
534 363
535 349
536 335
537 335
538 348
539 320
540 370
541 366
542 338
543 353
544 363
545 307
546 327
547 353
548 318
549 309
550 311
551 319
552 318
553 318
554 331
555 330
556 290
557 332
558 333
559 322
560 335
561 312
562 323
563 284
564 263
565 296
566 325
567 315
568 324
569 274
570 317
571 285
572 272
573 299
574 298
575 275
576 289
577 274
578 288
579 272
580 262
581 262
582 293
583 250
584 283
585 264
586 285
587 251
588 245
589 251
590 267
591 265
592 270
593 268
594 260
595 247
596 230
597 263
598 264
599 271
600 252
601 247
602 228
603 242
604 225
605 243
606 219
607 240
608 259
609 223
610 273
611 238
612 225
613 221
614 237
615 192
616 256
617 196
618 216
619 227
620 217
621 214
622 204
623 199
624 184
625 212
626 186
627 177
628 217
629 213
630 202
631 187
632 181
633 200
634 213
635 210
636 211
637 207
638 176
639 209
640 195
641 186
642 195
643 181
644 166
645 173
646 173
647 157
648 189
649 171
650 179
651 182
652 183
653 183
654 190
655 174
656 148
657 172
658 175
659 165
660 165
661 162
662 164
663 135
664 158
665 146
666 159
667 154
668 168
669 171
670 152
671 152
672 150
673 189
674 147
675 162
676 151
677 147
678 135
679 156
680 150
681 164
682 146
683 150
684 134
685 147
686 120
687 139
688 153
689 154
690 149
691 139
692 136
693 143
694 123
695 137
696 125
697 132
698 147
699 130
700 138
701 121
702 136
703 104
704 120
705 133
706 131
707 139
708 127
709 127
710 118
711 134
712 116
713 114
714 109
715 104
716 110
717 130
718 126
719 101
720 127
721 107
722 127
723 113
724 117
725 123
726 110
727 104
728 108
729 115
730 100
731 108
732 98
733 122
734 107
735 113
736 104
737 121
738 117
739 111
740 106
741 97
742 88
743 102
744 104
745 105
746 75
747 95
748 89
749 111
750 104
751 85
752 94
753 79
754 99
755 89
756 90
757 74
758 82
759 88
760 82
761 92
762 94
763 97
764 109
765 84
766 77
767 89
768 100
769 75
770 83
771 86
772 83
773 77
774 75
775 76
776 86
777 86
778 72
779 78
780 68
781 59
782 89
783 67
784 69
785 92
786 63
787 75
788 67
789 61
790 51
791 77
792 74
793 80
794 65
795 75
796 77
797 80
798 69
799 72
800 68
801 74
802 63
803 50
804 67
805 69
806 62
807 71
808 62
809 71
810 50
811 70
812 59
813 58
814 72
815 63
816 70
817 61
818 51
819 51
820 58
821 65
822 68
823 62
824 66
825 56
826 56
827 63
828 57
829 54
830 62
831 55
832 64
833 50
834 52
835 36
836 49
837 46
838 61
839 52
840 39
841 44
842 50
843 52
844 48
845 49
846 57
847 44
848 45
849 47
850 58
851 62
852 48
853 57
854 42
855 53
856 34
857 51
858 47
859 52
860 57
861 45
862 72
863 50
864 37
865 41
866 55
867 48
868 48
869 48
870 55
871 50
872 58
873 43
874 52
875 57
876 43
877 41
878 54
879 34
880 44
881 32
882 37
883 41
884 39
885 48
886 31
887 52
888 35
889 32
890 55
891 34
892 42
893 39
894 38
895 26
896 47
897 43
898 38
899 26
900 36
901 30
902 50
903 40
904 37
905 50
906 29
907 36
908 36
909 38
910 29
911 31
912 32
913 45
914 56
915 20
916 24
917 39
918 38
919 47
920 33
921 40
922 38
923 36
924 33
925 44
926 37
927 30
928 28
929 31
930 36
931 36
932 29
933 27
934 30
935 33
936 25
937 33
938 31
939 34
940 26
941 39
942 41
943 34
944 29
945 34
946 34
947 42
948 28
949 24
950 22
951 44
952 30
953 30
954 31
955 32
956 28
957 26
958 26
959 31
960 32
961 30
962 30
963 24
964 29
965 21
966 26
967 39
968 24
969 39
970 29
971 30
972 28
973 32
974 28
975 26
976 46
977 24
978 31
979 31
980 31
981 25
982 30
983 23
984 28
985 27
986 31
987 34
988 31
989 26
990 29
991 32
992 26
993 38
994 36
995 24
996 27
997 34
998 27
999 25
1000 27
1001 24
1002 30
1003 32
1004 23
1005 34
1006 25
1007 30
1008 35
1009 27
1010 27
1011 25
1012 32
1013 24
1014 26
1015 21
1016 33
1017 25
1018 22
1019 22
1020 30
1021 24
1022 29
1023 27
1024 35
1025 34
1026 24
1027 27
1028 34
1029 36
1030 32
1031 33
1032 28
1033 21
1034 28
1035 31
1036 34
1037 32
1038 26
1039 28
1040 37
1041 37
1042 34
1043 31
1044 39
1045 38
1046 46
1047 30
1048 33
1049 36
1050 36
1051 28
1052 26
1053 31
1054 43
1055 33
1056 31
1057 30
1058 30
1059 30
1060 30
1061 36
1062 27
1063 34
1064 27
1065 30
1066 31
1067 34
1068 49
1069 20
1070 22
1071 26
1072 26
1073 40
1074 29
1075 27
1076 30
1077 24
1078 24
1079 38
1080 31
1081 30
1082 41
1083 36
1084 26
1085 24
1086 39
1087 30
1088 22
1089 30
1090 29
1091 30
1092 48
1093 25
1094 36
1095 29
1096 39
1097 28
1098 45
1099 25
1100 29
1101 31
1102 37
1103 33
1104 31
1105 36
1106 24
1107 26
1108 39
1109 35
1110 23
1111 37
1112 35
1113 39
1114 37
1115 37
1116 40
1117 37
1118 30
1119 33
1120 35
1121 40
1122 37
1123 27
1124 40
1125 39
1126 36
1127 36
1128 45
1129 52
1130 44
1131 31
1132 34
1133 39
1134 36
1135 46
1136 28
1137 43
1138 43
1139 40
1140 43
1141 31
1142 35
1143 38
1144 47
1145 45
1146 37
1147 46
1148 49
1149 44
1150 47
1151 42
1152 44
1153 58
1154 46
1155 45
1156 50
1157 51
1158 52
1159 52
1160 32
1161 51
1162 39
1163 46
1164 48
1165 50
1166 50
1167 42
1168 39
1169 54
1170 40
1171 48
1172 45
1173 48
1174 46
1175 38
1176 52
1177 47
1178 49
1179 48
1180 41
1181 44
1182 55
1183 39
1184 43
1185 53
1186 44
1187 39
1188 49
1189 46
1190 55
1191 46
1192 43
1193 42
1194 43
1195 44
1196 49
1197 56
1198 50
1199 50
1200 39
1201 41
1202 58
1203 45
1204 48
1205 41
1206 46
1207 47
1208 36
1209 47
1210 47
1211 50
1212 36
1213 43
1214 42
1215 42
1216 43
1217 58
1218 38
1219 46
1220 43
1221 40
1222 54
1223 37
1224 43
1225 38
1226 45
1227 42
1228 44
1229 38
1230 48
1231 35
1232 29
1233 40
1234 49
1235 50
1236 35
1237 43
1238 30
1239 37
1240 45
1241 42
1242 42
1243 47
1244 40
1245 32
1246 36
1247 39
1248 36
1249 50
1250 35
1251 33
1252 38
1253 39
1254 43
1255 47
1256 48
1257 44
1258 33
1259 30
1260 37
1261 36
1262 30
1263 36
1264 46
1265 35
1266 45
1267 43
1268 40
1269 33
1270 38
1271 42
1272 35
1273 37
1274 47
1275 36
1276 37
1277 40
1278 44
1279 33
1280 35
1281 34
1282 40
1283 40
1284 40
1285 37
1286 29
1287 39
1288 22
1289 39
1290 36
1291 35
1292 31
1293 37
1294 25
1295 32
1296 23
1297 42
1298 40
1299 43
1300 31
1301 27
1302 30
1303 39
1304 38
1305 27
1306 29
1307 27
1308 26
1309 30
1310 30
1311 27
1312 29
1313 36
1314 28
1315 25
1316 30
1317 33
1318 27
1319 33
1320 29
1321 29
1322 31
1323 25
1324 31
1325 26
1326 30
1327 32
1328 23
1329 27
1330 28
1331 26
1332 26
1333 15
1334 32
1335 27
1336 24
1337 19
1338 21
1339 21
1340 28
1341 23
1342 30
1343 31
1344 26
1345 26
1346 23
1347 28
1348 22
1349 22
1350 24
1351 29
1352 15
1353 26
1354 26
1355 23
1356 19
1357 17
1358 22
1359 26
1360 24
1361 14
1362 15
1363 29
1364 29
1365 24
1366 21
1367 18
1368 20
1369 16
1370 18
1371 22
1372 17
1373 23
1374 15
1375 16
1376 17
1377 22
1378 16
1379 21
1380 28
1381 27
1382 12
1383 15
1384 16
1385 23
1386 13
1387 18
1388 14
1389 20
1390 27
1391 14
1392 27
1393 17
1394 21
1395 17
1396 11
1397 13
1398 18
1399 24
1400 19
1401 17
1402 13
1403 18
1404 19
1405 17
1406 6
1407 15
1408 13
1409 14
1410 20
1411 13
1412 15
1413 13
1414 16
1415 17
1416 17
1417 13
1418 13
1419 11
1420 14
1421 14
1422 16
1423 14
1424 14
1425 17
1426 14
1427 15
1428 12
1429 12
1430 12
1431 13
1432 8
1433 18
1434 16
1435 10
1436 14
1437 12
1438 11
1439 13
1440 20
1441 18
1442 12
1443 10
1444 10
1445 6
1446 10
1447 10
1448 16
1449 6
1450 8
1451 12
1452 10
1453 10
1454 13
1455 11
1456 10
1457 15
1458 9
1459 12
1460 12
1461 8
1462 6
1463 7
1464 8
1465 13
1466 7
1467 9
1468 10
1469 6
1470 11
1471 6
1472 10
1473 3
1474 9
1475 5
1476 3
1477 11
1478 10
1479 7
1480 10
1481 11
1482 7
1483 5
1484 8
1485 13
1486 11
1487 6
1488 5
1489 5
1490 12
1491 7
1492 9
1493 6
1494 5
1495 6
1496 9
1497 7
1498 7
1499 6
1500 7
1501 2
1502 10
1503 7
1504 6
1505 7
1506 8
1507 4
1508 12
1509 10
1510 7
1511 10
1512 7
1513 4
1514 6
1515 5
1516 6
1517 4
1518 4
1519 5
1520 3
1521 7
1522 4
1523 5
1524 9
1525 7
1526 8
1527 5
1528 2
1529 8
1530 7
1531 7
1532 4
1533 5
1534 3
1535 5
1536 3
1537 6
1538 3
1539 3
1540 5
1541 3
1542 7
1543 1
1544 4
1545 4
1546 4
1547 4
1548 3
1549 5
1550 4
1551 3
1552 6
1553 8
1554 2
1555 5
1556 5
1557 6
1558 1
1559 6
1560 3
1561 5
1562 4
1563 1
1564 5
1565 5
1566 5
1567 5
1568 7
1569 5
1570 2
1571 3
1572 3
1573 4
1574 7
1575 4
1576 4
1577 2
1578 3
1579 4
1580 2
1581 3
1582 4
1583 3
1584 2
1586 4
1588 2
1589 1
1590 3
1591 3
1592 2
1593 1
1595 3
1596 4
1597 5
1598 6
1599 2
1600 3
1601 4
1602 1
1603 1
1605 4
1606 2
1607 1
1608 2
1610 1
1611 5
1613 4
1615 4
1616 3
1617 2
1619 1
1620 4
1621 1
1622 3
1623 1
1624 1
1625 2
1626 2
1628 3
1630 4
1631 4
1633 2
1634 4
1635 1
1636 1
1637 1
1638 2
1640 3
1641 2
1642 1
1643 1
1645 1
1647 1
1649 3
1650 1
1651 2
1652 2
1653 2
1654 4
1655 2
1656 1
1657 1
1658 2
1659 2
1660 2
1661 1
1663 4
1664 1
1665 1
1666 1
1667 2
1668 1
1669 1
1672 1
1673 1
1674 4
1675 2
1676 1
1677 3
1678 1
1679 1
1682 2
1683 2
1684 2
1686 1
1688 2
1689 1
1690 2
1691 2
1692 2
1693 2
1696 1
1700 1
1702 1
1704 1
1706 1
1707 2
1709 1
1710 2
1713 1
1714 1
1716 1
1718 1
1719 1
1720 1
1721 1
1724 1
1725 2
1728 3
1729 1
1733 1
1734 1
1735 1
1736 1
1737 2
1739 1
1742 2
1743 1
1744 1
1745 1
1749 1
1750 1
1751 2
1752 1
1764 1
1767 1
1769 1
1770 1
1772 1
1774 1
1777 1
1779 2
1780 1
1784 1
1786 1
1788 1
1793 1
1797 1
1800 3
1805 1
1807 1
1809 2
1831 4
1833 2
1837 2
1843 1
1845 1
1846 1
1858 1
1863 1
1873 1
1875 1
1890 1
1893 1
1913 1
1926 1
1944 1
1953 1
1961 1
1979 1
1986 1
2039 1
2097 1
