-869 1
-868 2
-867 2
-866 2
-865 4
-864 3
-863 8
-862 12
-861 11
-860 16
-859 18
-858 31
-857 36
-856 63
-855 68
-854 78
-853 88
-852 89
-851 125
-850 127
-849 115
-848 166
-847 163
-846 160
-845 168
-844 186
-843 173
-842 173
-841 200
-840 210
-839 205
-838 204
-837 232
-836 222
-835 221
-834 260
-833 257
-832 276
-831 250
-830 256
-829 296
-828 298
-827 325
-826 356
-825 409
-824 389
-823 423
-822 427
-821 414
-820 490
-819 502
-818 505
-817 505
-816 477
-815 491
-814 471
-813 480
-812 490
-811 461
-810 463
-809 513
-808 460
-807 484
-806 462
-805 458
-804 524
-803 522
-802 497
-801 540
-800 570
-799 554
-798 617
-797 568
-796 559
-795 593
-794 581
-793 611
-792 659
-791 571
-790 599
-789 588
-788 590
-787 613
-786 636
-785 622
-784 572
-783 603
-782 626
-781 596
-780 567
-779 567
-778 616
-777 627
-776 595
-775 614
-774 657
-773 622
-772 621
-771 623
-770 665
-769 663
-768 608
-767 637
-766 677
-765 656
-764 639
-763 630
-762 660
-761 627
-760 692
-759 703
-758 702
-757 707
-756 710
-755 731
-754 712
-753 730
-752 747
-751 765
-750 729
-749 756
-748 765
-747 777
-746 762
-745 770
-744 778
-743 782
-742 751
-741 770
-740 779
-739 815
-738 802
-737 790
-736 830
-735 818
-734 828
-733 824
-732 842
-731 783
-730 853
-729 888
-728 879
-727 877
-726 867
-725 846
-724 871
-723 826
-722 886
-721 864
-720 905
-719 909
-718 834
-717 862
-716 937
-715 893
-714 931
-713 951
-712 950
-711 917
-710 988
-709 971
-708 1034
-707 1032
-706 977
-705 1015
-704 1085
-703 1071
-702 1072
-701 1114
-700 1188
-699 1138
-698 1076
-697 1117
-696 1131
-695 1160
-694 1216
-693 1195
-692 1261
-691 1272
-690 1355
-689 1246
-688 1264
-687 1320
-686 1417
-685 1437
-684 1423
-683 1560
-682 1564
-681 1542
-680 1554
-679 1716
-678 1640
-677 1684
-676 1647
-675 1698
-674 1598
-673 1663
-672 1704
-671 1697
-670 1773
-669 1714
-668 1711
-667 1810
-666 1758
-665 1860
-664 1794
-663 1889
-662 1950
-661 1902
-660 1950
-659 1885
-658 1941
-657 1913
-656 1948
-655 2013
-654 2120
-653 2112
-652 2104
-651 2158
-650 2228
-649 2060
-648 2149
-647 2240
-646 2244
-645 2187
-644 2131
-643 2284
-642 2246
-641 2204
-640 2284
-639 2197
-638 2342
-637 2305
-636 2292
-635 2231
-634 2320
-633 2409
-632 2365
-631 2366
-630 2391
-629 2478
-628 2462
-627 2444
-626 2501
-625 2422
-624 2521
-623 2516
-622 2490
-621 2576
-620 2573
-619 2652
-618 2557
-617 2609
-616 2681
-615 2699
-614 2637
-613 2706
-612 2667
-611 2755
-610 2808
-609 2900
-608 2919
-607 2868
-606 2943
-605 3048
-604 3139
-603 3129
-602 3231
-601 3139
-600 3196
-599 3276
-598 3246
-597 3311
-596 3355
-595 3366
-594 3313
-593 3317
-592 3355
-591 3292
-590 3296
-589 3215
-588 3396
-587 3444
-586 3400
-585 3426
-584 3347
-583 3379
-582 3322
-581 3451
-580 3437
-579 3336
-578 3348
-577 3418
-576 3552
-575 3467
-574 3514
-573 3450
-572 3407
-571 3547
-570 3383
-569 3481
-568 3465
-567 3521
-566 3384
-565 3475
-564 3503
-563 3546
-562 3586
-561 3505
-560 3705
-559 3696
-558 3700
-557 3656
-556 3714
-555 3689
-554 3787
-553 3784
-552 3762
-551 3832
-550 3914
-549 3850
-548 4005
-547 3992
-546 4023
-545 3909
-544 3980
-543 3993
-542 3838
-541 3842
-540 3860
-539 3764
-538 3846
-537 3927
-536 3909
-535 3863
-534 3828
-533 3933
-532 3961
-531 3891
-530 3899
-529 3888
-528 3834
-527 3939
-526 3920
-525 3955
-524 3941
-523 3898
-522 3807
-521 3847
-520 3907
-519 3926
-518 3894
-517 3795
-516 3788
-515 3814
-514 3770
-513 3877
-512 3961
-511 3840
-510 3927
-509 3888
-508 3791
-507 3860
-506 3914
-505 3912
-504 3875
-503 3944
-502 3898
-501 3987
-500 3924
-499 3926
-498 3987
-497 3948
-496 3865
-495 3942
-494 4000
-493 3885
-492 3859
-491 3970
-490 4026
-489 3922
-488 4130
-487 4098
-486 4216
-485 4028
-484 4144
-483 4152
-482 4057
-481 4140
-480 4136
-479 4281
-478 4108
-477 4083
-476 4105
-475 4178
-474 4204
-473 4210
-472 4099
-471 4065
-470 4100
-469 4177
-468 4120
-467 4111
-466 4265
-465 4241
-464 4216
-463 3994
-462 4245
-461 4318
-460 4217
-459 4191
-458 4197
-457 4292
-456 4288
-455 4256
-454 4299
-453 4232
-452 4319
-451 4366
-450 4540
-449 4465
-448 4434
-447 4561
-446 4539
-445 4456
-444 4493
-443 4474
-442 4482
-441 4473
-440 4481
-439 4390
-438 4548
-437 4421
-436 4443
-435 4472
-434 4508
-433 4470
-432 4558
-431 4555
-430 4557
-429 4597
-428 4549
-427 4467
-426 4595
-425 4647
-424 4528
-423 4631
-422 4638
-421 4572
-420 4658
-419 4708
-418 4700
-417 4689
-416 4684
-415 4639
-414 4629
-413 4790
-412 4655
-411 4713
-410 4707
-409 4794
-408 4750
-407 4767
-406 4679
-405 4814
-404 4907
-403 4915
-402 4983
-401 5008
-400 4955
-399 4925
-398 5048
-397 4972
-396 5042
-395 4906
-394 5019
-393 5159
-392 5079
-391 5300
-390 5462
-389 5656
-388 5649
-387 5735
-386 5964
-385 5866
-384 5744
-383 5644
-382 5756
-381 5602
-380 5628
-379 5614
-378 5811
-377 5677
-376 5664
-375 5613
-374 5736
-373 5725
-372 5669
-371 5481
-370 5610
-369 5799
-368 5722
-367 5694
-366 5727
-365 5705
-364 5882
-363 5803
-362 5883
-361 5816
-360 5951
-359 5937
-358 5989
-357 5910
-356 6012
-355 6194
-354 6078
-353 6245
-352 6175
-351 6229
-350 6252
-349 6427
-348 6446
-347 6604
-346 6621
-345 6465
-344 6468
-343 6385
-342 6162
-341 6467
-340 6455
-339 6350
-338 6376
-337 6333
-336 6507
-335 6465
-334 6497
-333 6597
-332 6577
-331 6426
-330 6534
-329 6433
-328 6481
-327 6484
-326 6393
-325 6402
-324 6489
-323 6463
-322 6526
-321 6427
-320 6518
-319 6392
-318 6564
-317 6427
-316 6553
-315 6520
-314 6514
-313 6556
-312 6249
-311 6447
-310 6524
-309 6564
-308 6409
-307 6621
-306 6353
-305 6326
-304 6304
-303 6409
-302 6384
-301 6540
-300 6312
-299 6570
-298 6405
-297 6316
-296 6173
-295 6356
-294 6257
-293 6360
-292 6375
-291 6278
-290 6357
-289 6218
-288 6169
-287 6085
-286 6087
-285 6108
-284 6158
-283 6098
-282 6146
-281 6225
-280 6039
-279 6177
-278 6080
-277 6052
-276 6204
-275 6102
-274 6079
-273 6073
-272 5999
-271 6113
-270 5960
-269 5916
-268 6032
-267 5969
-266 6040
-265 5994
-264 6041
-263 6047
-262 6030
-261 6045
-260 6164
-259 6093
-258 5967
-257 5975
-256 5957
-255 6037
-254 6070
-253 6029
-252 5912
-251 5979
-250 5791
-249 5857
-248 5965
-247 5891
-246 5950
-245 6088
-244 6015
-243 5975
-242 5966
-241 5912
-240 6013
-239 6145
-238 6131
-237 6055
-236 6116
-235 6080
-234 6300
-233 6225
-232 6199
-231 6294
-230 6299
-229 6410
-228 6151
-227 6217
-226 6013
-225 6109
-224 6055
-223 5996
-222 6058
-221 6066
-220 6082
-219 5927
-218 6126
-217 6180
-216 6005
-215 5995
-214 6119
-213 6054
-212 6127
-211 6098
-210 6138
-209 6177
-208 6029
-207 6189
-206 6183
-205 6085
-204 6096
-203 5978
-202 5952
-201 5878
-200 5997
-199 5843
-198 5884
-197 5977
-196 5865
-195 5741
-194 5693
-193 5824
-192 5827
-191 5826
-190 5894
-189 5704
-188 5792
-187 5642
-186 5680
-185 5655
-184 5720
-183 5730
-182 5628
-181 5499
-180 5642
-179 5734
-178 5604
-177 5520
-176 5576
-175 5591
-174 5572
-173 5702
-172 5683
-171 5469
-170 5562
-169 5540
-168 5637
-167 5409
-166 5440
-165 5554
-164 5493
-163 5461
-162 5556
-161 5566
-160 5613
-159 5507
-158 5554
-157 5614
-156 5526
-155 5447
-154 5571
-153 5583
-152 5601
-151 5458
-150 5488
-149 5434
-148 5316
-147 5222
-146 5382
-145 5489
-144 5414
-143 5419
-142 5281
-141 5345
-140 5250
-139 5223
-138 5186
-137 5148
-136 5267
-135 5166
-134 5112
-133 5208
-132 5238
-131 5205
-130 5173
-129 5311
-128 5148
-127 5105
-126 5095
-125 5137
-124 5145
-123 4926
-122 5119
-121 4951
-120 4939
-119 4999
-118 4941
-117 4847
-116 4940
-115 5005
-114 4891
-113 4971
-112 4833
-111 4798
-110 4878
-109 5065
-108 4883
-107 4854
-106 4870
-105 4864
-104 4826
-103 4914
-102 4924
-101 4825
-100 4786
-99 4723
-98 4751
-97 4743
-96 4577
-95 4716
-94 4638
-93 4570
-92 4537
-91 4545
-90 4624
-89 4607
-88 4531
-87 4471
-86 4482
-85 4537
-84 4494
-83 4447
-82 4562
-81 4492
-80 4453
-79 4483
-78 4544
-77 4446
-76 4520
-75 4452
-74 4374
-73 4420
-72 4503
-71 4407
-70 4266
-69 4203
-68 4236
-67 4206
-66 4320
-65 4184
-64 4152
-63 4149
-62 4156
-61 4154
-60 4134
-59 4171
-58 3973
-57 4172
-56 4131
-55 4042
-54 4087
-53 4076
-52 4001
-51 4047
-50 4072
-49 4105
-48 4007
-47 3985
-46 3957
-45 4069
-44 3935
-43 3995
-42 3888
-41 3964
-40 3885
-39 3988
-38 3920
-37 3902
-36 3984
-35 3826
-34 3854
-33 3844
-32 3824
-31 3887
-30 3824
-29 3830
-28 3793
-27 3733
-26 3720
-25 3785
-24 3735
-23 3666
-22 3853
-21 3701
-20 3704
-19 3675
-18 3707
-17 3590
-16 3628
-15 3625
-14 3615
-13 3717
-12 3611
-11 3681
-10 3679
-9 3589
-8 3429
-7 3455
-6 3555
-5 3490
-4 3592
-3 3491
-2 3378
-1 3637
0 3359
1 3513
2 3408
3 3424
4 3398
5 3421
6 3363
7 3274
8 3295
9 3201
10 3346
11 3157
12 3124
13 3253
14 3166
15 3184
16 3099
17 3179
18 3197
19 3140
20 3101
21 3181
22 3152
23 3105
24 3173
25 3123
26 2964
27 3089
28 3034
29 3033
30 2952
31 2990
32 2974
33 3001
34 2976
35 2937
36 2962
37 2981
38 2929
39 2905
40 2964
41 2830
42 2875
43 2865
44 2843
45 2812
46 2825
47 2738
48 2790
49 2768
50 2745
51 2688
52 2693
53 2708
54 2678
55 2681
56 2570
57 2657
58 2660
59 2643
60 2564
61 2591
62 2548
63 2504
64 2600
65 2461
66 2464
67 2626
68 2492
69 2495
70 2408
71 2447
72 2452
73 2469
74 2373
75 2421
76 2424
77 2393
78 2455
79 2377
80 2305
81 2435
82 2369
83 2375
84 2281
85 2307
86 2281
87 2336
88 2302
89 2348
90 2274
91 2243
92 2184
93 2268
94 2254
95 2243
96 2225
97 2199
98 2085
99 2139
100 2130
101 2191
102 2173
103 2085
104 2110
105 2043
106 2099
107 2096
108 2092
109 2073
110 2004
111 2109
112 2040
113 2090
114 1972
115 1970
116 1967
117 2062
118 1975
119 1952
120 1917
121 1976
122 1910
123 1874
124 1920
125 1894
126 2003
127 1887
128 1882
129 1894
130 1875
131 1923
132 1869
133 1932
134 1875
135 1798
136 1823
137 1750
138 1793
139 1827
140 1747
141 1843
142 1788
143 1796
144 1733
145 1735
146 1757
147 1708
148 1695
149 1771
150 1713
151 1717
152 1769
153 1717
154 1724
155 1717
156 1737
157 1700
158 1709
159 1714
160 1684
161 1683
162 1694
163 1694
164 1679
165 1624
166 1614
167 1582
168 1599
169 1654
170 1641
171 1581
172 1623
173 1544
174 1618
175 1591
176 1596
177 1526
178 1593
179 1537
180 1550
181 1538
182 1470
183 1588
184 1548
185 1479
186 1556
187 1483
188 1408
189 1479
190 1518
191 1477
192 1507
193 1519
194 1457
195 1517
196 1485
197 1460
198 1469
199 1434
200 1408
201 1498
202 1476
203 1435
204 1384
205 1441
206 1401
207 1343
208 1409
209 1384
210 1411
211 1349
212 1311
213 1329
214 1339
215 1326
216 1374
217 1344
218 1287
219 1244
220 1267
221 1272
222 1295
223 1296
224 1244
225 1288
226 1260
227 1236
228 1237
229 1208
230 1282
231 1273
232 1265
233 1280
234 1220
235 1223
236 1210
237 1279
238 1206
239 1206
240 1164
241 1148
242 1137
243 1225
244 1146
245 1182
246 1177
247 1092
248 1157
249 1078
250 1131
251 1113
252 1083
253 1090
254 1102
255 1060
256 1049
257 1052
258 1053
259 1089
260 1080
261 1063
262 1099
263 1063
264 1106
265 1040
266 1038
267 1070
268 1065
269 1016
270 1063
271 971
272 915
273 1000
274 923
275 982
276 925
277 930
278 942
279 998
280 957
281 957
282 947
283 917
284 902
285 844
286 926
287 886
288 852
289 901
290 796
291 818
292 879
293 840
294 867
295 858
296 873
297 808
298 835
299 831
300 821
301 777
302 813
303 804
304 779
305 812
306 811
307 796
308 774
309 766
310 759
311 746
312 744
313 754
314 795
315 743
316 745
317 756
318 727
319 807
320 686
321 729
322 664
323 689
324 722
325 645
326 712
327 709
328 649
329 646
330 641
331 679
332 685
333 638
334 671
335 680
336 680
337 631
338 654
339 663
340 596
341 635
342 595
343 619
344 631
345 620
346 587
347 600
348 596
349 555
350 601
351 556
352 550
353 593
354 518
355 551
356 552
357 537
358 555
359 609
360 577
361 549
362 527
363 516
364 515
365 522
366 500
367 525
368 522
369 525
370 503
371 488
372 515
373 486
374 485
375 433
376 456
377 490
378 500
379 468
380 492
381 445
382 461
383 440
384 478
385 444
386 433
387 418
388 449
389 424
390 450
391 417
392 466
393 437
394 435
395 412
396 424
397 397
398 388
399 414
400 398
401 388
402 398
403 398
404 387
405 399
406 390
407 407
408 362
409 378
410 394
411 397
412 388
413 394
414 392
415 346
416 393
417 320
418 384
419 358
420 328
421 361
422 359
423 333
424 321
425 362
426 312
427 302
428 316
429 343
430 355
431 305
432 302
433 310
434 313
435 334
436 274
437 342
438 327
439 315
440 250
441 341
442 312
443 264
444 304
445 307
446 301
447 318
448 323
449 304
450 289
451 299
452 285
453 269
454 283
455 305
456 265
457 287
458 310
459 271
460 267
461 261
462 276
463 293
464 246
465 260
466 302
467 279
468 243
469 253
470 278
471 224
472 257
473 263
474 252
475 289
476 250
477 284
478 235
479 236
480 271
481 231
482 241
483 259
484 263
485 248
486 252
487 218
488 215
489 232
490 250
491 230
492 250
493 238
494 224
495 239
496 244
497 228
498 202
499 219
500 214
501 224
502 232
503 231
504 194
505 204
506 239
507 232
508 211
509 215
510 209
511 222
512 207
513 212
514 188
515 195
516 229
517 215
518 209
519 212
520 187
521 210
522 205
523 182
524 201
525 188
526 183
527 186
528 197
529 196
530 179
531 200
532 206
533 171
534 208
535 207
536 197
537 196
538 198
539 184
540 165
541 167
542 186
543 155
544 182
545 177
546 161
547 185
548 150
549 190
550 168
551 140
552 159
553 169
554 162
555 158
556 162
557 158
558 158
559 161
560 157
561 143
562 145
563 175
564 162
565 162
566 128
567 130
568 152
569 118
570 147
571 132
572 139
573 146
574 117
575 164
576 132
577 139
578 131
579 152
580 126
581 138
582 130
583 132
584 147
585 128
586 154
587 146
588 132
589 139
590 130
591 123
592 130
593 130
594 122
595 122
596 108
597 120
598 122
599 125
600 132
601 127
602 135
603 127
604 134
605 123
606 130
607 109
608 138
609 133
610 122
611 102
612 116
613 102
614 107
615 114
616 129
617 123
618 117
619 108
620 118
621 121
622 104
623 103
624 127
625 117
626 115
627 112
628 98
629 134
630 114
631 114
632 133
633 130
634 111
635 115
636 94
637 106
638 132
639 99
640 121
641 122
642 106
643 115
644 107
645 106
646 111
647 113
648 125
649 91
650 116
651 102
652 110
653 106
654 103
655 126
656 131
657 105
658 113
659 129
660 120
661 109
662 101
663 114
664 106
665 116
666 109
667 111
668 118
669 120
670 119
671 121
672 105
673 106
674 112
675 118
676 106
677 100
678 113
679 119
680 108
681 104
682 122
683 105
684 108
685 118
686 118
687 106
688 99
689 116
690 119
691 98
692 130
693 102
694 115
695 88
696 115
697 115
698 108
699 113
700 101
701 107
702 112
703 99
704 109
705 111
706 109
707 111
708 93
709 105
710 107
711 89
712 112
713 105
714 117
715 106
716 100
717 92
718 99
719 109
720 121
721 131
722 102
723 98
724 109
725 122
726 93
727 119
728 108
729 122
730 119
731 125
732 97
733 118
734 121
735 135
736 113
737 122
738 131
739 116
740 123
741 109
742 115
743 110
744 99
745 123
746 105
747 128
748 128
749 112
750 114
751 147
752 133
753 120
754 116
755 129
756 117
757 113
758 120
759 125
760 112
761 110
762 128
763 120
764 123
765 135
766 140
767 135
768 132
769 134
770 125
771 118
772 146
773 127
774 132
775 142
776 132
777 129
778 146
779 159
780 136
781 123
782 131
783 155
784 151
785 144
786 131
787 136
788 144
789 161
790 137
791 138
792 145
793 141
794 155
795 124
796 153
797 118
798 166
799 165
800 154
801 129
802 153
803 151
804 142
805 133
806 130
807 133
808 127
809 150
810 127
811 125
812 148
813 141
814 139
815 134
816 128
817 128
818 130
819 150
820 143
821 139
822 149
823 131
824 143
825 139
826 128
827 134
828 133
829 125
830 157
831 121
832 123
833 122
834 134
835 142
836 142
837 139
838 130
839 153
840 118
841 127
842 144
843 120
844 130
845 131
846 146
847 141
848 129
849 128
850 134
851 138
852 125
853 112
854 131
855 115
856 141
857 110
858 113
859 136
860 127
861 109
862 117
863 118
864 129
865 124
866 126
867 137
868 120
869 117
870 128
871 114
872 121
873 128
874 110
875 112
876 114
877 99
878 106
879 115
880 138
881 106
882 125
883 130
884 106
885 116
886 119
887 125
888 94
889 110
890 109
891 106
892 106
893 118
894 122
895 125
896 118
897 121
898 126
899 104
900 113
901 122
902 106
903 119
904 113
905 144
906 115
907 119
908 137
909 100
910 108
911 118
912 112
913 104
914 103
915 111
916 103
917 110
918 101
919 95
920 114
921 102
922 102
923 107
924 126
925 113
926 101
927 103
928 106
929 102
930 112
931 109
932 123
933 111
934 100
935 99
936 112
937 87
938 96
939 108
940 117
941 117
942 84
943 103
944 103
945 104
946 99
947 106
948 118
949 93
950 113
951 90
952 91
953 97
954 90
955 95
956 96
957 125
958 96
959 91
960 108
961 95
962 119
963 110
964 86
965 84
966 108
967 85
968 103
969 96
970 115
971 100
972 88
973 89
974 98
975 97
976 91
977 111
978 106
979 103
980 103
981 97
982 106
983 89
984 76
985 103
986 81
987 98
988 89
989 97
990 99
991 112
992 101
993 82
994 89
995 79
996 105
997 75
998 84
999 91
1000 80
1001 90
1002 77
1003 87
1004 100
1005 95
1006 96
1007 81
1008 76
1009 100
1010 91
1011 86
1012 88
1013 91
1014 75
1015 83
1016 84
1017 74
1018 87
1019 91
1020 87
1021 64
1022 79
1023 92
1024 71
1025 75
1026 71
1027 77
1028 82
1029 71
1030 85
1031 71
1032 87
1033 62
1034 67
1035 74
1036 77
1037 72
1038 82
1039 63
1040 65
1041 80
1042 70
1043 96
1044 87
1045 73
1046 78
1047 91
1048 79
1049 64
1050 70
1051 76
1052 85
1053 72
1054 74
1055 68
1056 77
1057 71
1058 73
1059 64
1060 79
1061 64
1062 68
1063 59
1064 68
1065 80
1066 80
1067 60
1068 66
1069 73
1070 70
1071 62
1072 57
1073 60
1074 80
1075 70
1076 49
1077 62
1078 64
1079 61
1080 58
1081 61
1082 67
1083 61
1084 67
1085 55
1086 66
1087 65
1088 73
1089 46
1090 74
1091 56
1092 61
1093 42
1094 50
1095 46
1096 50
1097 54
1098 61
1099 54
1100 70
1101 60
1102 48
1103 68
1104 59
1105 53
1106 57
1107 58
1108 68
1109 51
1110 53
1111 70
1112 69
1113 64
1114 49
1115 64
1116 36
1117 54
1118 55
1119 51
1120 56
1121 48
1122 45
1123 58
1124 51
1125 53
1126 46
1127 44
1128 55
1129 59
1130 43
1131 40
1132 51
1133 52
1134 47
1135 41
1136 51
1137 45
1138 31
1139 43
1140 41
1141 39
1142 37
1143 51
1144 42
1145 34
1146 50
1147 52
1148 48
1149 56
1150 42
1151 42
1152 42
1153 32
1154 34
1155 33
1156 45
1157 38
1158 52
1159 50
1160 38
1161 39
1162 51
1163 54
1164 41
1165 30
1166 40
1167 37
1168 43
1169 41
1170 42
1171 34
1172 42
1173 40
1174 43
1175 30
1176 38
1177 39
1178 46
1179 38
1180 33
1181 37
1182 31
1183 29
1184 30
1185 34
1186 40
1187 36
1188 34
1189 40
1190 24
1191 30
1192 43
1193 26
1194 34
1195 45
1196 30
1197 26
1198 41
1199 45
1200 34
1201 31
1202 31
1203 32
1204 33
1205 29
1206 45
1207 39
1208 33
1209 35
1210 26
1211 26
1212 26
1213 25
1214 38
1215 18
1216 17
1217 38
1218 23
1219 37
1220 28
1221 31
1222 32
1223 14
1224 31
1225 40
1226 31
1227 31
1228 28
1229 35
1230 29
1231 35
1232 24
1233 26
1234 28
1235 28
1236 35
1237 26
1238 25
1239 39
1240 18
1241 29
1242 34
1243 32
1244 31
1245 24
1246 25
1247 39
1248 30
1249 19
1250 26
1251 16
1252 26
1253 20
1254 30
1255 16
1256 22
1257 19
1258 26
1259 19
1260 22
1261 29
1262 22
1263 21
1264 23
1265 29
1266 18
1267 14
1268 26
1269 21
1270 22
1271 18
1272 15
1273 22
1274 20
1275 26
1276 23
1277 23
1278 26
1279 22
1280 13
1281 20
1282 25
1283 16
1284 18
1285 26
1286 18
1287 20
1288 22
1289 19
1290 14
1291 22
1292 24
1293 18
1294 13
1295 21
1296 22
1297 9
1298 14
1299 15
1300 14
1301 19
1302 20
1303 13
1304 14
1305 16
1306 12
1307 18
1308 21
1309 19
1310 23
1311 15
1312 18
1313 16
1314 18
1315 22
1316 12
1317 17
1318 20
1319 15
1320 10
1321 9
1322 17
1323 14
1324 16
1325 19
1326 17
1327 11
1328 13
1329 24
1330 15
1331 6
1332 12
1333 14
1334 18
1335 17
1336 20
1337 18
1338 12
1339 5
1340 16
1341 17
1342 14
1343 10
1344 19
1345 10
1346 7
1347 15
1348 11
1349 16
1350 10
1351 17
1352 15
1353 7
1354 5
1355 14
1356 14
1357 15
1358 13
1359 9
1360 12
1361 12
1362 13
1363 10
1364 11
1365 8
1366 13
1367 17
1368 15
1369 8
1370 9
1371 3
1372 12
1373 10
1374 11
1375 13
1376 7
1377 10
1378 14
1379 14
1380 6
1381 9
1382 11
1383 9
1384 9
1385 10
1386 11
1387 7
1388 7
1389 10
1390 13
1391 11
1392 13
1393 5
1394 9
1395 9
1396 8
1397 9
1398 5
1399 9
1400 8
1401 9
1402 12
1403 5
1404 5
1405 5
1406 8
1407 7
1408 13
1409 5
1410 8
1411 6
1412 13
1413 6
1414 9
1415 3
1416 8
1417 7
1418 4
1419 8
1420 5
1421 5
1422 9
1423 6
1424 8
1425 4
1426 11
1427 4
1428 3
1429 5
1430 2
1431 2
1432 5
1433 4
1434 9
1435 6
1436 8
1437 3
1438 4
1439 7
1440 13
1441 8
1442 4
1443 3
1444 5
1445 4
1446 6
1447 6
1448 9
1449 5
1450 2
1451 10
1452 4
1453 5
1454 3
1455 6
1456 6
1457 5
1458 5
1459 7
1460 2
1461 2
1462 7
1463 4
1464 2
1465 4
1466 3
1467 5
1468 4
1469 8
1470 5
1471 4
1472 3
1473 5
1474 5
1475 5
1476 1
1477 6
1478 7
1479 4
1480 1
1481 5
1482 5
1483 6
1484 2
1485 4
1486 6
1487 4
1488 5
1489 4
1490 5
1491 2
1492 4
1493 10
1494 2
1495 4
1496 4
1497 4
1498 3
1499 2
1500 3
1501 3
1502 1
1503 4
1504 3
1505 2
1506 1
1507 2
1508 4
1509 1
1510 2
1511 4
1512 6
1513 2
1514 2
1515 3
1516 5
1517 4
1518 6
1519 2
1520 3
1521 6
1522 3
1523 3
1524 4
1525 1
1526 2
1527 3
1528 3
1529 3
1530 3
1531 1
1532 3
1533 2
1534 1
1535 3
1536 2
1537 1
1538 2
1539 6
1540 1
1541 3
1542 3
1544 1
1545 2
1546 2
1547 7
1548 2
1549 1
1551 1
1552 5
1554 4
1555 3
1557 1
1559 1
1560 1
1561 2
1562 3
1563 1
1564 1
1565 2
1566 2
1567 1
1568 3
1569 1
1570 1
1571 2
1573 3
1574 3
1575 3
1576 3
1579 1
1580 1
1582 3
1583 1
1586 4
1588 1
1589 1
1590 1
1591 1
1592 1
1594 1
1595 1
1598 1
1599 1
1601 1
1603 1
1604 1
1605 1
1606 1
1607 2
1610 2
1612 1
1616 3
1618 1
1623 2
1624 1
1626 3
1627 1
1628 1
1630 1
1631 1
1637 1
1639 1
1643 1
1646 1
1648 1
1651 1
1654 1
1662 1
1663 1
1673 1
1676 1
1679 1
1683 1
1686 1
1687 1
1689 1
1702 1
1723 1
1731 1
1734 1
1749 1
1773 1
1798 1
