-521 1
-520 1
-519 2
-518 6
-517 10
-516 13
-515 20
-514 33
-513 28
-512 40
-511 51
-510 51
-509 60
-508 50
-507 39
-506 53
-505 43
-504 60
-503 59
-502 53
-501 54
-500 61
-499 45
-498 51
-497 55
-496 58
-495 53
-494 72
-493 76
-492 92
-491 98
-490 106
-489 124
-488 97
-487 123
-486 119
-485 116
-484 110
-483 116
-482 123
-481 118
-480 130
-479 128
-478 114
-477 156
-476 138
-475 159
-474 169
-473 159
-472 206
-471 231
-470 203
-469 235
-468 231
-467 235
-466 246
-465 265
-464 312
-463 285
-462 260
-461 299
-460 279
-459 334
-458 361
-457 389
-456 375
-455 386
-454 397
-453 384
-452 380
-451 409
-450 413
-449 454
-448 455
-447 470
-446 480
-445 466
-444 537
-443 537
-442 506
-441 542
-440 564
-439 489
-438 566
-437 592
-436 599
-435 636
-434 681
-433 620
-432 683
-431 690
-430 676
-429 632
-428 662
-427 638
-426 716
-425 747
-424 701
-423 729
-422 727
-421 752
-420 750
-419 731
-418 760
-417 753
-416 756
-415 742
-414 741
-413 815
-412 782
-411 744
-410 793
-409 779
-408 883
-407 890
-406 866
-405 948
-404 874
-403 876
-402 908
-401 940
-400 928
-399 1008
-398 977
-397 992
-396 1096
-395 1089
-394 1135
-393 1167
-392 1203
-391 1222
-390 1249
-389 1232
-388 1225
-387 1282
-386 1347
-385 1312
-384 1336
-383 1313
-382 1355
-381 1310
-380 1343
-379 1376
-378 1357
-377 1308
-376 1369
-375 1348
-374 1323
-373 1418
-372 1345
-371 1369
-370 1529
-369 1616
-368 1485
-367 1540
-366 1516
-365 1602
-364 1568
-363 1566
-362 1514
-361 1660
-360 1724
-359 1711
-358 1756
-357 1765
-356 1766
-355 1732
-354 1864
-353 1888
-352 1893
-351 1927
-350 1995
-349 2019
-348 1933
-347 2082
-346 1991
-345 2008
-344 2013
-343 2022
-342 2068
-341 2200
-340 2121
-339 2157
-338 2181
-337 2102
-336 2144
-335 2271
-334 2205
-333 2223
-332 2197
-331 2216
-330 2256
-329 2231
-328 2298
-327 2204
-326 2216
-325 2178
-324 2136
-323 2194
-322 2258
-321 2206
-320 2262
-319 2187
-318 2221
-317 2218
-316 2214
-315 2354
-314 2378
-313 2385
-312 2336
-311 2379
-310 2376
-309 2385
-308 2481
-307 2421
-306 2378
-305 2412
-304 2364
-303 2381
-302 2457
-301 2438
-300 2364
-299 2392
-298 2339
-297 2354
-296 2315
-295 2411
-294 2388
-293 2376
-292 2483
-291 2394
-290 2426
-289 2471
-288 2501
-287 2596
-286 2544
-285 2635
-284 2580
-283 2754
-282 2707
-281 2807
-280 2799
-279 2858
-278 3005
-277 2911
-276 2887
-275 2921
-274 2956
-273 3024
-272 3048
-271 3011
-270 2991
-269 2986
-268 2948
-267 2976
-266 3019
-265 3003
-264 3072
-263 3075
-262 3073
-261 3107
-260 3134
-259 3223
-258 3197
-257 3369
-256 3362
-255 3418
-254 3419
-253 3502
-252 3461
-251 3461
-250 3488
-249 3465
-248 3660
-247 3476
-246 3509
-245 3459
-244 3572
-243 3547
-242 3511
-241 3390
-240 3524
-239 3575
-238 3483
-237 3624
-236 3532
-235 3502
-234 3540
-233 3482
-232 3561
-231 3510
-230 3607
-229 3546
-228 3544
-227 3628
-226 3650
-225 3659
-224 3721
-223 3744
-222 3836
-221 3823
-220 3869
-219 3837
-218 3924
-217 3937
-216 4041
-215 4025
-214 3920
-213 4045
-212 4142
-211 4205
-210 4121
-209 4158
-208 4218
-207 4191
-206 4191
-205 4226
-204 4271
-203 4232
-202 4311
-201 4266
-200 4252
-199 4427
-198 4413
-197 4526
-196 4396
-195 4437
-194 4546
-193 4545
-192 4561
-191 4592
-190 4608
-189 4636
-188 4686
-187 4735
-186 4881
-185 4776
-184 4855
-183 4820
-182 4837
-181 4878
-180 4848
-179 4847
-178 4852
-177 4767
-176 4917
-175 4779
-174 4804
-173 4805
-172 4666
-171 4861
-170 4812
-169 4772
-168 4809
-167 4818
-166 4848
-165 4791
-164 4878
-163 4916
-162 5041
-161 4846
-160 4909
-159 5018
-158 5075
-157 5024
-156 5075
-155 5066
-154 5115
-153 5154
-152 5096
-151 5281
-150 5147
-149 5215
-148 5459
-147 5791
-146 5859
-145 5912
-144 5824
-143 5897
-142 5727
-141 5588
-140 5469
-139 5717
-138 5683
-137 5658
-136 5672
-135 5631
-134 5664
-133 5720
-132 5570
-131 5604
-130 5482
-129 5637
-128 5520
-127 5532
-126 5557
-125 5577
-124 5582
-123 5475
-122 5502
-121 5639
-120 5462
-119 5536
-118 5378
-117 5617
-116 5549
-115 5594
-114 5755
-113 5780
-112 5692
-111 5830
-110 5724
-109 5731
-108 5757
-107 5741
-106 5632
-105 5749
-104 5747
-103 5748
-102 5698
-101 5798
-100 5796
-99 5730
-98 5757
-97 5793
-96 5738
-95 5768
-94 5973
-93 5895
-92 6088
-91 5940
-90 6052
-89 6154
-88 6111
-87 6258
-86 6092
-85 6171
-84 6127
-83 6102
-82 6304
-81 6362
-80 6188
-79 6338
-78 6342
-77 6421
-76 6460
-75 6590
-74 6344
-73 6445
-72 6544
-71 6489
-70 6472
-69 6428
-68 6405
-67 6371
-66 6372
-65 6611
-64 6589
-63 6714
-62 6696
-61 6856
-60 6637
-59 6772
-58 6672
-57 6689
-56 6737
-55 6823
-54 7065
-53 7111
-52 6982
-51 6948
-50 7048
-49 6907
-48 7040
-47 6800
-46 7059
-45 6999
-44 6925
-43 7060
-42 6980
-41 7173
-40 7066
-39 7069
-38 7245
-37 6997
-36 7119
-35 7078
-34 7156
-33 7206
-32 7100
-31 7084
-30 7218
-29 7193
-28 7156
-27 7140
-26 7063
-25 7168
-24 6827
-23 7023
-22 6777
-21 6969
-20 7031
-19 6980
-18 7011
-17 6931
-16 6815
-15 6813
-14 6941
-13 6857
-12 6817
-11 6954
-10 6858
-9 6894
-8 6878
-7 6959
-6 6858
-5 6817
-4 6806
-3 7012
-2 6898
-1 6799
0 6802
1 6699
2 7047
3 7059
4 6749
5 6786
6 6841
7 6810
8 6624
9 6720
10 6728
11 6700
12 6594
13 6784
14 6690
15 6716
16 6836
17 6634
18 6770
19 6819
20 6676
21 6792
22 6718
23 6885
24 6832
25 6735
26 6641
27 6823
28 6725
29 6893
30 6745
31 6741
32 6733
33 6928
34 6765
35 6724
36 6493
37 6596
38 6619
39 6538
40 6559
41 6547
42 6534
43 6654
44 6537
45 6499
46 6431
47 6541
48 6597
49 6473
50 6440
51 6260
52 6509
53 6328
54 6344
55 6320
56 6254
57 6388
58 6233
59 6419
60 6170
61 6208
62 6214
63 6355
64 6144
65 6139
66 6236
67 6258
68 6173
69 6098
70 6234
71 6186
72 6108
73 6155
74 6024
75 6141
76 6141
77 6214
78 6084
79 6049
80 5910
81 6214
82 6021
83 6111
84 5982
85 6087
86 6017
87 6096
88 6033
89 6058
90 6011
91 5950
92 5963
93 6028
94 6105
95 6031
96 5920
97 6073
98 6039
99 6078
100 6085
101 5970
102 6006
103 5832
104 5825
105 5786
106 6022
107 5763
108 5860
109 5813
110 5762
111 5595
112 5790
113 5591
114 5609
115 5677
116 5637
117 5672
118 5563
119 5551
120 5519
121 5528
122 5565
123 5679
124 5620
125 5754
126 5615
127 5491
128 5403
129 5441
130 5351
131 5484
132 5416
133 5208
134 5299
135 5403
136 5376
137 5405
138 5282
139 5215
140 5347
141 5259
142 5154
143 5255
144 5146
145 5337
146 5090
147 5207
148 5250
149 5232
150 5128
151 5223
152 5256
153 5199
154 5123
155 5130
156 5028
157 5170
158 4967
159 5044
160 5090
161 5138
162 5174
163 5162
164 4980
165 5009
166 5002
167 4906
168 5039
169 4919
170 4993
171 5026
172 5050
173 4876
174 4892
175 4960
176 4923
177 4880
178 4828
179 4842
180 4747
181 4760
182 4805
183 4777
184 4781
185 4723
186 4810
187 4748
188 4732
189 4670
190 4744
191 4731
192 4715
193 4571
194 4652
195 4711
196 4585
197 4657
198 4660
199 4576
200 4635
201 4474
202 4535
203 4489
204 4622
205 4411
206 4449
207 4431
208 4526
209 4518
210 4491
211 4398
212 4547
213 4494
214 4488
215 4510
216 4331
217 4417
218 4459
219 4439
220 4424
221 4363
222 4359
223 4281
224 4310
225 4345
226 4356
227 4125
228 4167
229 4312
230 4250
231 4328
232 4121
233 4163
234 4323
235 4180
236 4153
237 4118
238 4114
239 4104
240 4151
241 4077
242 4085
243 4094
244 3992
245 3945
246 4083
247 4140
248 3988
249 3954
250 3940
251 3899
252 3794
253 3807
254 3912
255 3800
256 3873
257 3917
258 3816
259 3756
260 3722
261 3796
262 3766
263 3694
264 3714
265 3586
266 3705
267 3662
268 3690
269 3688
270 3550
271 3564
272 3506
273 3567
274 3556
275 3647
276 3461
277 3490
278 3446
279 3421
280 3417
281 3382
282 3478
283 3381
284 3265
285 3380
286 3437
287 3307
288 3225
289 3391
290 3254
291 3286
292 3308
293 3288
294 3111
295 3291
296 3110
297 3098
298 3081
299 3138
300 3106
301 3062
302 3196
303 3081
304 3042
305 3025
306 3162
307 3014
308 3026
309 3057
310 2915
311 2991
312 2948
313 2977
314 2896
315 3049
316 2883
317 2969
318 2875
319 3010
320 2923
321 2946
322 2951
323 2995
324 2911
325 2950
326 2789
327 2870
328 2774
329 2803
330 2683
331 2893
332 2767
333 2845
334 2798
335 2870
336 2750
337 2798
338 2854
339 2682
340 2728
341 2751
342 2760
343 2736
344 2638
345 2689
346 2688
347 2702
348 2643
349 2755
350 2726
351 2642
352 2715
353 2655
354 2795
355 2618
356 2625
357 2597
358 2619
359 2584
360 2577
361 2541
362 2528
363 2486
364 2581
365 2548
366 2589
367 2559
368 2428
369 2419
370 2500
371 2392
372 2424
373 2417
374 2399
375 2378
376 2396
377 2414
378 2288
379 2369
380 2419
381 2376
382 2350
383 2316
384 2326
385 2348
386 2276
387 2341
388 2269
389 2273
390 2235
391 2370
392 2240
393 2248
394 2142
395 2240
396 2229
397 2197
398 2147
399 2199
400 2185
401 2101
402 2180
403 2210
404 2129
405 2116
406 2020
407 2118
408 2062
409 2114
410 2044
411 2024
412 2018
413 2034
414 1994
415 2101
416 2035
417 2013
418 2022
419 1989
420 1966
421 1906
422 1999
423 1834
424 2046
425 1945
426 1910
427 1938
428 1948
429 1830
430 1873
431 1857
432 1815
433 1829
434 1746
435 1808
436 1795
437 1862
438 1879
439 1826
440 1829
441 1785
442 1761
443 1733
444 1811
445 1780
446 1665
447 1768
448 1704
449 1701
450 1728
451 1726
452 1757
453 1663
454 1616
455 1701
456 1722
457 1701
458 1641
459 1609
460 1663
461 1647
462 1589
463 1662
464 1647
465 1621
466 1575
467 1568
468 1623
469 1567
470 1566
471 1552
472 1579
473 1550
474 1521
475 1523
476 1501
477 1502
478 1506
479 1442
480 1480
481 1482
482 1485
483 1470
484 1487
485 1436
486 1399
487 1438
488 1355
489 1394
490 1405
491 1394
492 1399
493 1427
494 1345
495 1353
496 1429
497 1360
498 1352
499 1383
500 1331
501 1330
502 1342
503 1310
504 1303
505 1305
506 1287
507 1311
508 1308
509 1264
510 1299
511 1248
512 1251
513 1245
514 1351
515 1266
516 1256
517 1242
518 1319
519 1175
520 1242
521 1213
522 1201
523 1174
524 1282
525 1252
526 1256
527 1218
528 1192
529 1145
530 1192
531 1217
532 1109
533 1184
534 1148
535 1148
536 1174
537 1099
538 1116
539 1133
540 1174
541 1065
542 1176
543 1092
544 1129
545 1103
546 1152
547 1052
548 1116
549 1118
550 1096
551 1073
552 1027
553 1058
554 1078
555 1049
556 1021
557 1056
558 994
559 986
560 963
561 1039
562 994
563 1025
564 968
565 970
566 968
567 907
568 951
569 904
570 949
571 1001
572 966
573 918
574 937
575 883
576 922
577 924
578 950
579 906
580 931
581 946
582 877
583 924
584 921
585 879
586 888
587 809
588 846
589 859
590 859
591 887
592 873
593 835
594 832
595 846
596 870
597 836
598 813
599 815
600 857
601 853
602 848
603 775
604 841
605 788
606 834
607 821
608 758
609 787
610 749
611 764
612 780
613 775
614 744
615 709
616 731
617 801
618 754
619 718
620 739
621 687
622 702
623 759
624 720
625 689
626 684
627 723
628 693
629 669
630 702
631 669
632 658
633 702
634 647
635 709
636 659
637 681
638 607
639 608
640 643
641 673
642 647
643 641
644 678
645 626
646 591
647 603
648 588
649 628
650 649
651 605
652 575
653 555
654 556
655 593
656 585
657 579
658 542
659 586
660 556
661 556
662 558
663 587
664 558
665 514
666 586
667 543
668 589
669 515
670 579
671 557
672 515
673 519
674 502
675 530
676 516
677 489
678 506
679 492
680 438
681 505
682 524
683 467
684 498
685 512
686 531
687 467
688 499
689 463
690 488
691 437
692 486
693 512
694 469
695 465
696 460
697 407
698 466
699 478
700 468
701 450
702 434
703 445
704 403
705 449
706 460
707 421
708 449
709 443
710 453
711 393
712 440
713 410
714 407
715 405
716 424
717 387
718 402
719 390
720 412
721 411
722 410
723 393
724 441
725 377
726 408
727 386
728 392
729 389
730 351
731 345
732 381
733 374
734 367
735 360
736 363
737 386
738 377
739 349
740 362
741 389
742 348
743 384
744 354
745 315
746 356
747 332
748 343
749 341
750 321
751 369
752 335
753 314
754 296
755 333
756 334
757 326
758 337
759 304
760 310
761 341
762 305
763 308
764 333
765 330
766 299
767 301
768 323
769 264
770 300
771 314
772 311
773 319
774 279
775 284
776 286
777 294
778 286
779 295
780 258
781 247
782 248
783 288
784 293
785 256
786 273
787 247
788 259
789 247
790 262
791 280
792 289
793 234
794 258
795 246
796 244
797 265
798 257
799 256
800 254
801 256
802 236
803 236
804 256
805 267
806 242
807 206
808 236
809 236
810 228
811 228
812 222
813 237
814 191
815 239
816 255
817 238
818 221
819 222
820 220
821 200
822 214
823 181
824 200
825 202
826 184
827 214
828 189
829 205
830 178
831 217
832 169
833 215
834 211
835 207
836 213
837 183
838 210
839 200
840 176
841 187
842 188
843 173
844 181
845 196
846 192
847 181
848 210
849 195
850 184
851 177
852 173
853 177
854 159
855 179
856 167
857 190
858 170
859 164
860 197
861 166
862 176
863 156
864 153
865 137
866 169
867 175
868 172
869 172
870 176
871 162
872 167
873 168
874 155
875 166
876 138
877 158
878 167
879 146
880 127
881 162
882 169
883 135
884 156
885 128
886 148
887 125
888 178
889 154
890 159
891 135
892 150
893 162
894 165
895 140
896 138
897 141
898 127
899 150
900 120
901 151
902 139
903 116
904 149
905 125
906 135
907 116
908 99
909 120
910 117
911 106
912 129
913 125
914 146
915 113
916 133
917 123
918 104
919 108
920 124
921 119
922 114
923 128
924 103
925 96
926 129
927 139
928 107
929 106
930 92
931 79
932 94
933 93
934 106
935 112
936 112
937 104
938 107
939 110
940 96
941 111
942 120
943 123
944 112
945 94
946 95
947 92
948 91
949 100
950 114
951 101
952 87
953 91
954 95
955 99
956 84
957 86
958 83
959 96
960 89
961 82
962 86
963 71
964 94
965 74
966 78
967 77
968 84
969 81
970 82
971 93
972 78
973 103
974 78
975 90
976 80
977 71
978 89
979 84
980 94
981 67
982 67
983 81
984 89
985 74
986 86
987 71
988 74
989 67
990 72
991 75
992 70
993 89
994 67
995 79
996 55
997 74
998 71
999 72
1000 68
1001 74
1002 58
1003 58
1004 75
1005 69
1006 62
1007 59
1008 71
1009 64
1010 65
1011 80
1012 62
1013 71
1014 62
1015 57
1016 64
1017 49
1018 72
1019 72
1020 69
1021 61
1022 70
1023 53
1024 66
1025 69
1026 71
1027 54
1028 70
1029 52
1030 54
1031 48
1032 65
1033 58
1034 49
1035 57
1036 55
1037 69
1038 52
1039 63
1040 56
1041 54
1042 64
1043 51
1044 71
1045 47
1046 49
1047 49
1048 55
1049 48
1050 35
1051 44
1052 46
1053 48
1054 56
1055 51
1056 44
1057 42
1058 51
1059 57
1060 45
1061 55
1062 35
1063 49
1064 51
1065 45
1066 45
1067 41
1068 57
1069 56
1070 57
1071 39
1072 44
1073 37
1074 50
1075 48
1076 43
1077 43
1078 38
1079 37
1080 52
1081 39
1082 47
1083 52
1084 29
1085 43
1086 49
1087 37
1088 45
1089 46
1090 41
1091 43
1092 39
1093 38
1094 47
1095 46
1096 38
1097 38
1098 49
1099 43
1100 28
1101 45
1102 38
1103 40
1104 36
1105 39
1106 50
1107 45
1108 35
1109 44
1110 49
1111 40
1112 45
1113 32
1114 41
1115 41
1116 48
1117 38
1118 33
1119 39
1120 39
1121 38
1122 37
1123 44
1124 36
1125 38
1126 35
1127 41
1128 29
1129 39
1130 39
1131 50
1132 43
1133 43
1134 39
1135 33
1136 40
1137 44
1138 37
1139 31
1140 32
1141 36
1142 34
1143 27
1144 27
1145 25
1146 28
1147 27
1148 40
1149 29
1150 40
1151 37
1152 27
1153 34
1154 35
1155 28
1156 27
1157 29
1158 40
1159 32
1160 26
1161 29
1162 35
1163 30
1164 32
1165 32
1166 35
1167 31
1168 47
1169 33
1170 31
1171 31
1172 33
1173 25
1174 24
1175 36
1176 27
1177 30
1178 27
1179 28
1180 40
1181 26
1182 46
1183 39
1184 37
1185 20
1186 24
1187 23
1188 30
1189 33
1190 26
1191 26
1192 29
1193 34
1194 31
1195 34
1196 30
1197 29
1198 20
1199 33
1200 22
1201 26
1202 23
1203 31
1204 33
1205 27
1206 27
1207 32
1208 27
1209 33
1210 32
1211 26
1212 40
1213 22
1214 27
1215 29
1216 32
1217 27
1218 29
1219 23
1220 29
1221 28
1222 24
1223 31
1224 25
1225 28
1226 29
1227 32
1228 22
1229 26
1230 29
1231 17
1232 28
1233 23
1234 40
1235 39
1236 31
1237 28
1238 33
1239 30
1240 28
1241 30
1242 25
1243 30
1244 33
1245 28
1246 27
1247 31
1248 23
1249 23
1250 34
1251 34
1252 22
1253 27
1254 26
1255 34
1256 28
1257 21
1258 33
1259 30
1260 28
1261 26
1262 31
1263 34
1264 24
1265 28
1266 28
1267 22
1268 29
1269 26
1270 36
1271 39
1272 33
1273 36
1274 31
1275 27
1276 38
1277 36
1278 26
1279 37
1280 37
1281 22
1282 26
1283 30
1284 40
1285 44
1286 35
1287 25
1288 27
1289 27
1290 27
1291 49
1292 31
1293 30
1294 49
1295 28
1296 47
1297 37
1298 32
1299 40
1300 39
1301 33
1302 37
1303 34
1304 35
1305 22
1306 34
1307 42
1308 30
1309 42
1310 38
1311 28
1312 30
1313 32
1314 30
1315 35
1316 39
1317 29
1318 36
1319 27
1320 34
1321 42
1322 39
1323 43
1324 32
1325 39
1326 35
1327 41
1328 43
1329 44
1330 31
1331 31
1332 34
1333 44
1334 37
1335 40
1336 45
1337 43
1338 36
1339 43
1340 41
1341 32
1342 34
1343 35
1344 33
1345 40
1346 35
1347 36
1348 36
1349 53
1350 50
1351 35
1352 51
1353 39
1354 31
1355 31
1356 40
1357 45
1358 37
1359 63
1360 39
1361 36
1362 59
1363 49
1364 52
1365 48
1366 55
1367 34
1368 46
1369 52
1370 48
1371 46
1372 40
1373 60
1374 40
1375 50
1376 42
1377 53
1378 49
1379 38
1380 43
1381 47
1382 47
1383 35
1384 50
1385 45
1386 54
1387 49
1388 47
1389 31
1390 43
1391 51
1392 42
1393 47
1394 37
1395 57
1396 37
1397 37
1398 42
1399 54
1400 47
1401 49
1402 52
1403 38
1404 41
1405 44
1406 48
1407 45
1408 44
1409 47
1410 51
1411 43
1412 47
1413 40
1414 38
1415 44
1416 50
1417 47
1418 40
1419 36
1420 40
1421 38
1422 46
1423 51
1424 39
1425 47
1426 39
1427 42
1428 50
1429 38
1430 47
1431 40
1432 44
1433 37
1434 43
1435 42
1436 36
1437 38
1438 46
1439 48
1440 41
1441 42
1442 52
1443 42
1444 44
1445 53
1446 40
1447 54
1448 53
1449 44
1450 47
1451 47
1452 36
1453 38
1454 30
1455 48
1456 43
1457 40
1458 43
1459 51
1460 38
1461 39
1462 38
1463 43
1464 35
1465 40
1466 44
1467 34
1468 35
1469 41
1470 32
1471 40
1472 30
1473 32
1474 39
1475 29
1476 34
1477 43
1478 35
1479 42
1480 40
1481 38
1482 33
1483 35
1484 31
1485 36
1486 31
1487 34
1488 28
1489 34
1490 33
1491 29
1492 23
1493 29
1494 45
1495 30
1496 34
1497 35
1498 28
1499 29
1500 30
1501 24
1502 23
1503 40
1504 33
1505 30
1506 24
1507 37
1508 37
1509 28
1510 27
1511 24
1512 43
1513 28
1514 38
1515 27
1516 24
1517 28
1518 40
1519 40
1520 29
1521 33
1522 36
1523 31
1524 30
1525 30
1526 29
1527 19
1528 26
1529 33
1530 13
1531 26
1532 23
1533 30
1534 27
1535 26
1536 27
1537 23
1538 33
1539 29
1540 18
1541 21
1542 30
1543 33
1544 24
1545 33
1546 27
1547 20
1548 20
1549 28
1550 26
1551 29
1552 24
1553 26
1554 21
1555 23
1556 28
1557 19
1558 23
1559 18
1560 19
1561 26
1562 23
1563 26
1564 21
1565 12
1566 18
1567 22
1568 21
1569 22
1570 24
1571 16
1572 18
1573 20
1574 18
1575 23
1576 23
1577 16
1578 26
1579 15
1580 18
1581 25
1582 16
1583 30
1584 17
1585 13
1586 15
1587 23
1588 16
1589 25
1590 14
1591 15
1592 14
1593 21
1594 14
1595 14
1596 18
1597 20
1598 20
1599 14
1600 17
1601 16
1602 17
1603 19
1604 11
1605 12
1606 12
1607 22
1608 15
1609 14
1610 12
1611 19
1612 9
1613 7
1614 11
1615 17
1616 15
1617 18
1618 15
1619 14
1620 16
1621 10
1622 15
1623 10
1624 14
1625 10
1626 19
1627 19
1628 4
1629 12
1630 13
1631 8
1632 10
1633 13
1634 11
1635 14
1636 10
1637 7
1638 8
1639 9
1640 13
1641 8
1642 13
1643 14
1644 7
1645 10
1646 8
1647 16
1648 11
1649 13
1650 5
1651 9
1652 13
1653 6
1654 13
1655 10
1656 19
1657 14
1658 13
1659 11
1660 9
1661 11
1662 8
1663 8
1664 14
1665 4
1666 6
1667 9
1668 13
1669 11
1670 9
1671 6
1672 6
1673 6
1674 9
1675 7
1676 9
1677 3
1678 8
1679 8
1680 13
1681 14
1682 8
1683 12
1684 11
1685 3
1686 8
1687 6
1688 13
1689 9
1690 4
1691 6
1692 10
1693 5
1694 12
1695 6
1696 11
1697 8
1698 7
1699 7
1700 4
1701 5
1702 3
1703 8
1704 7
1705 5
1706 11
1707 7
1708 6
1709 10
1710 12
1711 6
1712 8
1713 5
1714 6
1715 9
1716 5
1717 5
1718 3
1719 9
1720 6
1721 10
1722 8
1723 7
1724 10
1725 10
1726 3
1727 9
1728 6
1729 6
1730 5
1731 3
1732 1
1733 6
1734 5
1735 9
1736 2
1737 6
1738 7
1739 1
1740 6
1741 13
1742 5
1743 6
1744 2
1745 4
1746 8
1747 6
1748 3
1749 7
1750 6
1751 4
1753 3
1754 4
1755 3
1756 6
1757 1
1758 1
1759 2
1760 5
1761 4
1762 3
1763 2
1764 4
1765 8
1766 3
1767 5
1768 1
1769 1
1770 6
1771 5
1772 3
1773 5
1774 3
1775 1
1776 3
1777 1
1778 3
1779 2
1780 7
1782 4
1783 3
1784 4
1785 5
1786 2
1787 4
1788 3
1789 5
1790 1
1791 3
1792 1
1793 4
1794 2
1795 3
1796 1
1797 4
1799 4
1800 1
1801 1
1802 1
1803 3
1804 4
1805 2
1806 2
1808 2
1809 2
1810 4
1811 2
1812 3
1813 4
1814 3
1815 1
1816 1
1817 2
1819 2
1820 3
1821 2
1822 3
1823 2
1824 1
1825 2
1828 1
1829 3
1830 1
1831 4
1832 3
1833 1
1834 2
1835 3
1837 4
1838 1
1840 1
1841 3
1842 3
1843 1
1844 2
1845 3
1847 2
1849 3
1850 2
1851 2
1852 4
1853 1
1854 1
1855 2
1856 2
1857 2
1859 2
1860 2
1861 2
1862 2
1863 2
1865 1
1866 2
1867 3
1869 1
1872 1
1873 1
1875 1
1877 2
1879 3
1880 1
1882 1
1883 3
1884 1
1885 2
1886 1
1887 4
1888 3
1890 5
1891 2
1892 1
1893 1
1894 1
1895 1
1897 1
1898 2
1899 1
1902 1
1904 1
1906 1
1910 1
1915 2
1916 1
1920 1
1924 1
1927 2
1930 1
1931 1
1932 2
1935 1
1936 1
1938 1
1942 1
1944 1
1946 1
1947 1
1950 1
1951 1
1953 1
1956 2
1960 1
1961 1
1962 1
1967 1
1968 1
1975 1
1981 1
1986 1
1991 1
1992 1
1995 1
2003 1
2008 2
2012 1
2023 1
2024 1
2034 1
2036 1
2044 1
2048 1
2070 1
2075 1
2088 1
2094 1
2125 1
