-952 1
-951 1
-950 2
-949 5
-948 4
-947 2
-946 5
-945 7
-944 10
-943 19
-942 15
-941 26
-940 29
-939 22
-938 27
-937 51
-936 57
-935 58
-934 65
-933 73
-932 74
-931 84
-930 103
-929 108
-928 116
-927 109
-926 128
-925 120
-924 141
-923 163
-922 147
-921 172
-920 197
-919 164
-918 206
-917 197
-916 189
-915 222
-914 216
-913 231
-912 226
-911 234
-910 244
-909 253
-908 231
-907 236
-906 250
-905 248
-904 234
-903 211
-902 215
-901 213
-900 239
-899 211
-898 236
-897 213
-896 202
-895 251
-894 247
-893 244
-892 222
-891 218
-890 244
-889 223
-888 234
-887 196
-886 240
-885 235
-884 234
-883 232
-882 227
-881 255
-880 255
-879 237
-878 273
-877 220
-876 300
-875 329
-874 341
-873 370
-872 322
-871 407
-870 404
-869 440
-868 457
-867 495
-866 489
-865 506
-864 511
-863 534
-862 545
-861 520
-860 478
-859 487
-858 494
-857 480
-856 455
-855 525
-854 530
-853 528
-852 522
-851 526
-850 564
-849 567
-848 562
-847 615
-846 597
-845 546
-844 604
-843 607
-842 640
-841 629
-840 603
-839 672
-838 679
-837 662
-836 696
-835 702
-834 699
-833 692
-832 681
-831 719
-830 772
-829 737
-828 774
-827 751
-826 798
-825 775
-824 803
-823 857
-822 831
-821 782
-820 767
-819 775
-818 812
-817 794
-816 773
-815 740
-814 805
-813 791
-812 789
-811 831
-810 875
-809 832
-808 874
-807 868
-806 843
-805 897
-804 928
-803 972
-802 1000
-801 1025
-800 1046
-799 1104
-798 1082
-797 1106
-796 1062
-795 1032
-794 1096
-793 1110
-792 1153
-791 1138
-790 1089
-789 1169
-788 1105
-787 1199
-786 1190
-785 1267
-784 1241
-783 1188
-782 1257
-781 1274
-780 1280
-779 1344
-778 1327
-777 1455
-776 1431
-775 1513
-774 1599
-773 1646
-772 1735
-771 1673
-770 1791
-769 1805
-768 1860
-767 1893
-766 1825
-765 1933
-764 1840
-763 1933
-762 1930
-761 1914
-760 1970
-759 1908
-758 1950
-757 2015
-756 1990
-755 1995
-754 1994
-753 2046
-752 2013
-751 1918
-750 1871
-749 1736
-748 1876
-747 1874
-746 1921
-745 2033
-744 2034
-743 1974
-742 1948
-741 2049
-740 2048
-739 1980
-738 1982
-737 2054
-736 1977
-735 2073
-734 2035
-733 2039
-732 2082
-731 2069
-730 2180
-729 2141
-728 2104
-727 2098
-726 2100
-725 2085
-724 2207
-723 2232
-722 2169
-721 2227
-720 2285
-719 2330
-718 2412
-717 2367
-716 2355
-715 2440
-714 2460
-713 2477
-712 2520
-711 2543
-710 2498
-709 2522
-708 2567
-707 2537
-706 2554
-705 2579
-704 2513
-703 2612
-702 2574
-701 2664
-700 2532
-699 2692
-698 2579
-697 2453
-696 2621
-695 2626
-694 2680
-693 2566
-692 2578
-691 2673
-690 2707
-689 2566
-688 2530
-687 2604
-686 2639
-685 2720
-684 2704
-683 2696
-682 2691
-681 2712
-680 2646
-679 2790
-678 2697
-677 2675
-676 2728
-675 2674
-674 2658
-673 2671
-672 2746
-671 2731
-670 2825
-669 2753
-668 2897
-667 2860
-666 2935
-665 2820
-664 2933
-663 2996
-662 2871
-661 2935
-660 3014
-659 3100
-658 3084
-657 3022
-656 3210
-655 3313
-654 3315
-653 3446
-652 3445
-651 3636
-650 3656
-649 3757
-648 3707
-647 3737
-646 3890
-645 3796
-644 3785
-643 3722
-642 3876
-641 3928
-640 3873
-639 3883
-638 3867
-637 3837
-636 3870
-635 3861
-634 3983
-633 4080
-632 3951
-631 3860
-630 3974
-629 3957
-628 3944
-627 3957
-626 3864
-625 4127
-624 4048
-623 4157
-622 4130
-621 4306
-620 4068
-619 4113
-618 4232
-617 4213
-616 4110
-615 4134
-614 4147
-613 4101
-612 4111
-611 4261
-610 4149
-609 4341
-608 4278
-607 4374
-606 4289
-605 4389
-604 4469
-603 4328
-602 4305
-601 4321
-600 4291
-599 4285
-598 4261
-597 4256
-596 4336
-595 4332
-594 4454
-593 4378
-592 4261
-591 4402
-590 4331
-589 4367
-588 4388
-587 4441
-586 4492
-585 4417
-584 4413
-583 4457
-582 4455
-581 4357
-580 4550
-579 4547
-578 4493
-577 4512
-576 4360
-575 4575
-574 4363
-573 4481
-572 4692
-571 4575
-570 4741
-569 4758
-568 4902
-567 4823
-566 4966
-565 4869
-564 4863
-563 5112
-562 4968
-561 4920
-560 4981
-559 4901
-558 5080
-557 4978
-556 5167
-555 5148
-554 5114
-553 5259
-552 5421
-551 5271
-550 5525
-549 5410
-548 5421
-547 5419
-546 5467
-545 5634
-544 5558
-543 5415
-542 5657
-541 5560
-540 5745
-539 5651
-538 5712
-537 5697
-536 5704
-535 5713
-534 5685
-533 5858
-532 5714
-531 5833
-530 5707
-529 5607
-528 5830
-527 5784
-526 5974
-525 5746
-524 5696
-523 5899
-522 5804
-521 5883
-520 6001
-519 6086
-518 5968
-517 5955
-516 5985
-515 6227
-514 6121
-513 6069
-512 6245
-511 6215
-510 6310
-509 6346
-508 6343
-507 6347
-506 6427
-505 6384
-504 6535
-503 6416
-502 6365
-501 6417
-500 6374
-499 6448
-498 6390
-497 6412
-496 6621
-495 6575
-494 6432
-493 6652
-492 6802
-491 6829
-490 6718
-489 6786
-488 6971
-487 6775
-486 6669
-485 6717
-484 6897
-483 6779
-482 6771
-481 6734
-480 6720
-479 6617
-478 6725
-477 6737
-476 6778
-475 6699
-474 6719
-473 6687
-472 6699
-471 6627
-470 6640
-469 6532
-468 6486
-467 6534
-466 6584
-465 6425
-464 6587
-463 6775
-462 6673
-461 6799
-460 6829
-459 6714
-458 6648
-457 6699
-456 6637
-455 6608
-454 6702
-453 6608
-452 6758
-451 6705
-450 6702
-449 6756
-448 6737
-447 6656
-446 6624
-445 6698
-444 6731
-443 6654
-442 6614
-441 6624
-440 6539
-439 6701
-438 6677
-437 6622
-436 6551
-435 6735
-434 6701
-433 6546
-432 6715
-431 6797
-430 6898
-429 6776
-428 6777
-427 6747
-426 6807
-425 6719
-424 6965
-423 6775
-422 6701
-421 6770
-420 6768
-419 6823
-418 6750
-417 6871
-416 6886
-415 6963
-414 6839
-413 6875
-412 6830
-411 6914
-410 6850
-409 6765
-408 6673
-407 6895
-406 6858
-405 6665
-404 6897
-403 6814
-402 6622
-401 6702
-400 6562
-399 6555
-398 6655
-397 6566
-396 6724
-395 6490
-394 6607
-393 6728
-392 6676
-391 6675
-390 6606
-389 6633
-388 6518
-387 6553
-386 6609
-385 6584
-384 6588
-383 6603
-382 6661
-381 6689
-380 6567
-379 6531
-378 6498
-377 6553
-376 6498
-375 6707
-374 6628
-373 6574
-372 6581
-371 6575
-370 6535
-369 6562
-368 6536
-367 6408
-366 6533
-365 6394
-364 6438
-363 6492
-362 6390
-361 6259
-360 6400
-359 6465
-358 6431
-357 6257
-356 6312
-355 6396
-354 6321
-353 6398
-352 6300
-351 6409
-350 6361
-349 6188
-348 6368
-347 6326
-346 6337
-345 6256
-344 6378
-343 6347
-342 6434
-341 6331
-340 6309
-339 6331
-338 6194
-337 6353
-336 6175
-335 6300
-334 6324
-333 6169
-332 6151
-331 6119
-330 6362
-329 6176
-328 6186
-327 6177
-326 6063
-325 6103
-324 6067
-323 6155
-322 5961
-321 6122
-320 6040
-319 6010
-318 5937
-317 5882
-316 6135
-315 5962
-314 5807
-313 6032
-312 5882
-311 5708
-310 5912
-309 5744
-308 5845
-307 5795
-306 5879
-305 5745
-304 5751
-303 5529
-302 5652
-301 5626
-300 5656
-299 5523
-298 5653
-297 5548
-296 5428
-295 5384
-294 5481
-293 5481
-292 5511
-291 5517
-290 5492
-289 5532
-288 5493
-287 5544
-286 5401
-285 5488
-284 5554
-283 5403
-282 5570
-281 5501
-280 5429
-279 5437
-278 5521
-277 5357
-276 5559
-275 5495
-274 5405
-273 5500
-272 5431
-271 5463
-270 5678
-269 5479
-268 5376
-267 5354
-266 5455
-265 5408
-264 5478
-263 5325
-262 5372
-261 5370
-260 5367
-259 5466
-258 5315
-257 5363
-256 5417
-255 5408
-254 5356
-253 5381
-252 5366
-251 5374
-250 5357
-249 5328
-248 5374
-247 5374
-246 5329
-245 5354
-244 5254
-243 5295
-242 5339
-241 5019
-240 5191
-239 5337
-238 5144
-237 5238
-236 5332
-235 5355
-234 5327
-233 5319
-232 5167
-231 5131
-230 5172
-229 5109
-228 5101
-227 4982
-226 5210
-225 4998
-224 5066
-223 5226
-222 5086
-221 5088
-220 4979
-219 4998
-218 4976
-217 5040
-216 4921
-215 4911
-214 4797
-213 4956
-212 4815
-211 4839
-210 4890
-209 4870
-208 4828
-207 4625
-206 4651
-205 4757
-204 4563
-203 4797
-202 4745
-201 4586
-200 4595
-199 4596
-198 4615
-197 4432
-196 4596
-195 4508
-194 4461
-193 4456
-192 4498
-191 4447
-190 4503
-189 4335
-188 4519
-187 4403
-186 4464
-185 4469
-184 4420
-183 4393
-182 4284
-181 4297
-180 4311
-179 4293
-178 4356
-177 4207
-176 4357
-175 4263
-174 4221
-173 4359
-172 4259
-171 4214
-170 4217
-169 4299
-168 4164
-167 4089
-166 4146
-165 4102
-164 4035
-163 4073
-162 4154
-161 4141
-160 4074
-159 4041
-158 4015
-157 3940
-156 3991
-155 3892
-154 3876
-153 4087
-152 4012
-151 3942
-150 3908
-149 3938
-148 3880
-147 3841
-146 4052
-145 3711
-144 3843
-143 3877
-142 3704
-141 3708
-140 3726
-139 3788
-138 3695
-137 3702
-136 3795
-135 3770
-134 3649
-133 3694
-132 3681
-131 3609
-130 3501
-129 3510
-128 3529
-127 3576
-126 3606
-125 3606
-124 3524
-123 3590
-122 3525
-121 3564
-120 3547
-119 3411
-118 3473
-117 3391
-116 3330
-115 3407
-114 3346
-113 3385
-112 3411
-111 3281
-110 3324
-109 3302
-108 3204
-107 3137
-106 3281
-105 3239
-104 3357
-103 3156
-102 3306
-101 3235
-100 3175
-99 3243
-98 3159
-97 3043
-96 3144
-95 3118
-94 3072
-93 2988
-92 3109
-91 2945
-90 2945
-89 2981
-88 2890
-87 2933
-86 2894
-85 2948
-84 3010
-83 3001
-82 2931
-81 2936
-80 2946
-79 2897
-78 2936
-77 2851
-76 2845
-75 2933
-74 2854
-73 2802
-72 2805
-71 2783
-70 2773
-69 2858
-68 2937
-67 2765
-66 2853
-65 2827
-64 2646
-63 2770
-62 2790
-61 2708
-60 2737
-59 2636
-58 2565
-57 2651
-56 2521
-55 2533
-54 2604
-53 2606
-52 2536
-51 2531
-50 2531
-49 2407
-48 2464
-47 2600
-46 2387
-45 2374
-44 2386
-43 2306
-42 2354
-41 2376
-40 2388
-39 2397
-38 2311
-37 2322
-36 2288
-35 2366
-34 2324
-33 2345
-32 2216
-31 2206
-30 2278
-29 2178
-28 2254
-27 2217
-26 2157
-25 2177
-24 2200
-23 2187
-22 2084
-21 2118
-20 2119
-19 2099
-18 2107
-17 2090
-16 2100
-15 2082
-14 2010
-13 2060
-12 2030
-11 2015
-10 2081
-9 1943
-8 1918
-7 2039
-6 1980
-5 1925
-4 1909
-3 1945
-2 1916
-1 1899
0 1924
1 1894
2 1848
3 1841
4 1820
5 1775
6 1829
7 1834
8 1805
9 1731
10 1816
11 1776
12 1778
13 1758
14 1657
15 1704
16 1742
17 1735
18 1702
19 1672
20 1747
21 1692
22 1631
23 1708
24 1684
25 1637
26 1645
27 1587
28 1576
29 1633
30 1546
31 1564
32 1593
33 1498
34 1584
35 1562
36 1536
37 1542
38 1562
39 1472
40 1509
41 1428
42 1434
43 1453
44 1448
45 1476
46 1405
47 1359
48 1377
49 1464
50 1491
51 1383
52 1452
53 1410
54 1336
55 1380
56 1384
57 1360
58 1401
59 1312
60 1361
61 1307
62 1369
63 1306
64 1311
65 1356
66 1321
67 1305
68 1215
69 1293
70 1247
71 1303
72 1279
73 1312
74 1271
75 1280
76 1261
77 1287
78 1160
79 1147
80 1170
81 1206
82 1163
83 1178
84 1115
85 1126
86 1166
87 1068
88 1083
89 1081
90 1060
91 1055
92 1032
93 1045
94 1031
95 1069
96 989
97 1050
98 1054
99 1012
100 1059
101 1019
102 971
103 942
104 963
105 1013
106 982
107 1016
108 938
109 972
110 962
111 970
112 939
113 927
114 912
115 938
116 926
117 899
118 913
119 835
120 881
121 906
122 877
123 854
124 855
125 839
126 844
127 783
128 848
129 859
130 837
131 757
132 809
133 836
134 785
135 831
136 775
137 740
138 724
139 774
140 837
141 761
142 748
143 736
144 737
145 733
146 735
147 727
148 725
149 693
150 758
151 722
152 722
153 728
154 749
155 691
156 738
157 695
158 693
159 663
160 694
161 659
162 675
163 649
164 663
165 653
166 656
167 667
168 654
169 661
170 678
171 695
172 660
173 628
174 622
175 620
176 638
177 650
178 638
179 623
180 583
181 573
182 605
183 622
184 590
185 577
186 545
187 585
188 590
189 548
190 568
191 580
192 570
193 519
194 527
195 528
196 511
197 529
198 545
199 542
200 527
201 529
202 529
203 559
204 489
205 533
206 511
207 489
208 474
209 510
210 502
211 518
212 487
213 457
214 479
215 450
216 437
217 445
218 465
219 483
220 417
221 464
222 453
223 471
224 428
225 430
226 445
227 449
228 445
229 423
230 418
231 409
232 390
233 403
234 406
235 417
236 433
237 395
238 385
239 429
240 371
241 369
242 392
243 416
244 361
245 393
246 414
247 388
248 379
249 361
250 350
251 419
252 361
253 367
254 369
255 322
256 394
257 345
258 372
259 303
260 338
261 325
262 365
263 332
264 362
265 329
266 364
267 320
268 298
269 342
270 302
271 324
272 306
273 329
274 312
275 317
276 288
277 321
278 338
279 327
280 303
281 299
282 286
283 314
284 270
285 294
286 281
287 292
288 306
289 265
290 263
291 275
292 287
293 264
294 236
295 274
296 280
297 278
298 250
299 261
300 259
301 280
302 266
303 236
304 258
305 220
306 253
307 260
308 230
309 259
310 234
311 270
312 279
313 277
314 275
315 279
316 260
317 261
318 263
319 247
320 269
321 253
322 247
323 276
324 267
325 254
326 234
327 218
328 262
329 250
330 253
331 226
332 263
333 251
334 245
335 247
336 282
337 285
338 271
339 287
340 261
341 247
342 256
343 265
344 264
345 286
346 254
347 275
348 258
349 250
350 285
351 281
352 310
353 258
354 282
355 278
356 258
357 303
358 272
359 259
360 283
361 253
362 252
363 236
364 273
365 262
366 261
367 262
368 274
369 252
370 268
371 253
372 237
373 283
374 278
375 268
376 256
377 239
378 286
379 284
380 267
381 282
382 291
383 285
384 274
385 278
386 317
387 308
388 300
389 290
390 286
391 297
392 275
393 302
394 321
395 303
396 319
397 312
398 348
399 349
400 305
401 329
402 301
403 321
404 292
405 292
406 345
407 306
408 290
409 331
410 309
411 300
412 290
413 346
414 312
415 344
416 329
417 295
418 336
419 331
420 346
421 304
422 321
423 306
424 347
425 361
426 361
427 338
428 336
429 323
430 337
431 340
432 344
433 338
434 333
435 319
436 323
437 345
438 328
439 304
440 348
441 314
442 353
443 299
444 356
445 326
446 346
447 328
448 323
449 374
450 338
451 311
452 342
453 311
454 313
455 355
456 332
457 316
458 323
459 333
460 321
461 329
462 319
463 344
464 317
465 348
466 319
467 357
468 315
469 311
470 314
471 332
472 368
473 304
474 333
475 318
476 333
477 343
478 350
479 327
480 348
481 277
482 326
483 379
484 320
485 339
486 361
487 347
488 316
489 372
490 372
491 358
492 326
493 309
494 355
495 321
496 372
497 314
498 381
499 356
500 336
501 340
502 328
503 353
504 337
505 320
506 335
507 350
508 330
509 325
510 336
511 362
512 356
513 374
514 339
515 383
516 310
517 348
518 376
519 319
520 346
521 330
522 300
523 336
524 313
525 343
526 307
527 329
528 339
529 341
530 270
531 335
532 337
533 332
534 322
535 336
536 302
537 325
538 284
539 330
540 304
541 321
542 295
543 335
544 315
545 295
546 320
547 295
548 349
549 310
550 293
551 296
552 290
553 324
554 306
555 287
556 315
557 298
558 312
559 308
560 324
561 298
562 314
563 295
564 299
565 286
566 304
567 296
568 327
569 302
570 331
571 287
572 325
573 282
574 309
575 313
576 257
577 276
578 308
579 285
580 283
581 277
582 269
583 280
584 262
585 265
586 322
587 286
588 280
589 255
590 285
591 267
592 263
593 262
594 263
595 258
596 278
597 295
598 267
599 256
600 249
601 267
602 271
603 269
604 258
605 255
606 242
607 247
608 254
609 271
610 226
611 260
612 250
613 272
614 239
615 237
616 255
617 229
618 254
619 243
620 243
621 272
622 268
623 244
624 252
625 250
626 262
627 257
628 243
629 247
630 244
631 235
632 247
633 249
634 250
635 280
636 242
637 267
638 239
639 269
640 227
641 235
642 222
643 233
644 227
645 226
646 237
647 228
648 225
649 219
650 190
651 209
652 227
653 239
654 241
655 250
656 203
657 199
658 223
659 191
660 238
661 222
662 228
663 211
664 213
665 218
666 220
667 219
668 209
669 201
670 213
671 208
672 212
673 215
674 233
675 205
676 227
677 183
678 193
679 192
680 181
681 203
682 211
683 195
684 201
685 201
686 210
687 201
688 239
689 192
690 200
691 189
692 199
693 199
694 188
695 201
696 196
697 223
698 206
699 211
700 191
701 205
702 171
703 198
704 204
705 174
706 195
707 182
708 182
709 182
710 194
711 177
712 206
713 203
714 194
715 196
716 195
717 176
718 183
719 188
720 175
721 187
722 160
723 170
724 185
725 192
726 179
727 176
728 193
729 181
730 166
731 190
732 192
733 173
734 179
735 159
736 181
737 191
738 157
739 187
740 169
741 176
742 183
743 183
744 154
745 178
746 172
747 165
748 170
749 183
750 161
751 176
752 170
753 161
754 162
755 166
756 173
757 150
758 157
759 155
760 143
761 135
762 168
763 164
764 145
765 142
766 140
767 172
768 151
769 142
770 169
771 165
772 135
773 138
774 144
775 142
776 138
777 132
778 152
779 151
780 154
781 152
782 154
783 135
784 139
785 127
786 123
787 157
788 153
789 152
790 150
791 148
792 145
793 132
794 140
795 139
796 134
797 148
798 154
799 143
800 137
801 128
802 139
803 131
804 127
805 145
806 142
807 142
808 123
809 142
810 121
811 135
812 125
813 143
814 117
815 100
816 118
817 130
818 152
819 123
820 135
821 140
822 118
823 138
824 117
825 121
826 119
827 115
828 133
829 109
830 111
831 107
832 115
833 109
834 110
835 115
836 143
837 100
838 90
839 107
840 101
841 112
842 130
843 136
844 103
845 92
846 121
847 130
848 113
849 119
850 115
851 104
852 121
853 104
854 108
855 94
856 93
857 102
858 95
859 115
860 95
861 108
862 98
863 99
864 107
865 108
866 94
867 89
868 96
869 95
870 100
871 106
872 93
873 102
874 91
875 91
876 84
877 99
878 85
879 86
880 102
881 89
882 76
883 96
884 90
885 85
886 92
887 76
888 80
889 104
890 99
891 86
892 66
893 91
894 79
895 77
896 84
897 85
898 81
899 94
900 90
901 76
902 75
903 76
904 84
905 89
906 90
907 93
908 94
909 88
910 85
911 84
912 81
913 80
914 97
915 85
916 78
917 67
918 73
919 78
920 74
921 83
922 85
923 77
924 73
925 76
926 79
927 69
928 79
929 82
930 76
931 67
932 56
933 74
934 63
935 76
936 70
937 52
938 77
939 75
940 68
941 70
942 74
943 62
944 63
945 63
946 75
947 59
948 80
949 73
950 72
951 70
952 50
953 70
954 66
955 67
956 59
957 68
958 63
959 61
960 54
961 52
962 52
963 73
964 66
965 51
966 61
967 61
968 52
969 50
970 69
971 55
972 42
973 64
974 60
975 43
976 50
977 54
978 62
979 47
980 41
981 67
982 49
983 55
984 46
985 57
986 60
987 65
988 48
989 43
990 60
991 45
992 34
993 46
994 48
995 35
996 44
997 53
998 58
999 34
1000 46
1001 40
1002 47
1003 45
1004 49
1005 45
1006 37
1007 24
1008 38
1009 55
1010 45
1011 45
1012 44
1013 34
1014 49
1015 43
1016 38
1017 39
1018 46
1019 42
1020 34
1021 39
1022 40
1023 48
1024 38
1025 41
1026 49
1027 38
1028 33
1029 37
1030 33
1031 36
1032 46
1033 40
1034 31
1035 47
1036 43
1037 42
1038 37
1039 24
1040 31
1041 49
1042 41
1043 28
1044 44
1045 38
1046 31
1047 35
1048 23
1049 46
1050 22
1051 38
1052 40
1053 32
1054 29
1055 35
1056 36
1057 33
1058 32
1059 32
1060 30
1061 35
1062 38
1063 30
1064 31
1065 30
1066 23
1067 31
1068 22
1069 28
1070 35
1071 39
1072 24
1073 32
1074 24
1075 19
1076 30
1077 20
1078 23
1079 27
1080 28
1081 23
1082 21
1083 31
1084 23
1085 23
1086 25
1087 25
1088 29
1089 22
1090 27
1091 20
1092 28
1093 27
1094 23
1095 30
1096 26
1097 21
1098 32
1099 26
1100 23
1101 24
1102 25
1103 25
1104 16
1105 22
1106 14
1107 31
1108 16
1109 23
1110 24
1111 18
1112 15
1113 26
1114 22
1115 27
1116 21
1117 20
1118 24
1119 22
1120 18
1121 27
1122 19
1123 16
1124 23
1125 19
1126 21
1127 23
1128 24
1129 21
1130 7
1131 20
1132 23
1133 15
1134 18
1135 23
1136 14
1137 15
1138 18
1139 18
1140 21
1141 18
1142 15
1143 13
1144 24
1145 13
1146 15
1147 14
1148 22
1149 18
1150 9
1151 12
1152 13
1153 19
1154 21
1155 13
1156 12
1157 12
1158 13
1159 16
1160 12
1161 16
1162 19
1163 8
1164 13
1165 6
1166 12
1167 16
1168 9
1169 12
1170 16
1171 14
1172 12
1173 16
1174 14
1175 15
1176 16
1177 15
1178 12
1179 15
1180 18
1181 14
1182 15
1183 13
1184 10
1185 15
1186 11
1187 11
1188 10
1189 11
1190 16
1191 11
1192 9
1193 11
1194 10
1195 11
1196 14
1197 11
1198 9
1199 6
1200 7
1201 10
1202 12
1203 5
1204 8
1205 14
1206 9
1207 10
1208 4
1209 8
1210 12
1211 16
1212 5
1213 12
1214 9
1215 13
1216 9
1217 11
1218 8
1219 8
1220 7
1221 17
1222 8
1223 10
1224 7
1225 7
1226 9
1227 7
1228 8
1229 5
1230 11
1231 11
1232 9
1233 10
1234 8
1235 10
1236 7
1237 10
1238 7
1239 8
1240 3
1241 9
1242 9
1243 5
1244 5
1245 2
1246 4
1247 9
1248 8
1249 9
1250 8
1251 5
1252 6
1253 6
1254 5
1255 6
1256 4
1257 5
1258 6
1259 6
1260 5
1261 3
1262 4
1263 4
1264 5
1265 3
1266 2
1267 4
1268 3
1269 5
1270 3
1271 11
1272 3
1273 2
1274 8
1275 3
1276 3
1277 1
1278 2
1279 7
1280 6
1281 5
1282 3
1283 3
1284 1
1285 8
1286 4
1287 5
1288 4
1289 4
1290 5
1291 6
1292 3
1293 2
1294 3
1295 2
1296 2
1297 4
1298 3
1299 1
1300 2
1301 4
1302 6
1303 4
1304 6
1305 2
1306 2
1308 4
1309 3
1310 3
1311 4
1312 4
1313 4
1314 7
1315 2
1316 2
1317 2
1318 1
1319 4
1320 1
1322 5
1323 1
1324 4
1325 5
1327 4
1328 3
1329 6
1330 3
1331 2
1332 1
1333 2
1334 1
1335 4
1336 3
1337 1
1338 2
1339 2
1340 2
1341 1
1345 2
1346 2
1347 4
1348 2
1350 3
1351 1
1352 2
1353 2
1354 1
1355 1
1356 1
1357 1
1358 1
1359 1
1361 1
1362 1
1363 2
1364 4
1365 2
1366 2
1367 3
1368 6
1369 3
1370 2
1374 1
1375 1
1376 4
1377 2
1378 2
1379 1
1381 1
1382 1
1386 1
1388 1
1391 1
1392 2
1393 1
1394 1
1397 1
1399 2
1400 2
1403 3
1404 1
1408 1
1409 1
1411 1
1412 1
1413 1
1416 1
1417 1
1418 2
1420 1
1423 1
1425 1
1426 2
1427 1
1430 1
1433 2
1437 1
1444 1
1449 2
1451 1
1452 1
1453 1
1464 1
1471 1
1476 2
1479 2
1483 1
1490 1
1492 1
1493 2
1502 1
1504 1
