56 2
57 23
58 249
59 485
60 540
61 599
62 747
63 649
64 680
65 758
66 1047
67 1808
68 2548
69 3061
70 3578
71 4322
72 5113
73 5735
74 6037
75 5654
76 5453
77 5463
78 5446
79 5499
80 5946
81 6449
82 6274
83 6407
84 6456
85 6164
86 6284
87 6731
88 6741
89 6565
90 6316
91 6471
92 6443
93 6266
94 6695
95 6882
96 7572
97 7609
98 7939
99 8479
100 9185
101 9096
102 9249
103 9266
104 9479
105 9590
106 10349
107 10882
108 11660
109 11480
110 11384
111 11773
112 12620
113 12431
114 12667
115 12802
116 12578
117 12660
118 12228
119 12207
120 12325
121 12281
122 12093
123 12056
124 11957
125 12483
126 12313
127 12483
128 12772
129 13049
130 13116
131 13079
132 13262
133 12705
134 12683
135 12613
136 12316
137 12190
138 12279
139 12171
140 12259
141 12469
142 12466
143 12696
144 12771
145 12644
146 12683
147 12515
148 12603
149 12566
150 12222
151 12334
152 12052
153 12024
154 12240
155 12281
156 12154
157 12189
158 11981
159 11894
160 12200
161 12213
162 12145
163 12189
164 12289
165 12816
166 12834
167 13089
168 13005
169 12775
170 12569
171 12467
172 12267
173 12438
174 12194
175 12312
176 12644
177 12675
178 13389
179 15304
180 16422
181 16002
182 15441
183 15228
184 15061
185 14806
186 14713
187 15126
188 14731
189 15130
190 14774
191 14543
192 14039
193 13711
194 13909
195 13788
196 13475
197 13534
198 13502
199 13610
200 13849
201 13575
202 13691
203 13720
204 13613
205 13838
206 14085
207 13791
208 13896
209 13826
210 13903
211 13857
212 13810
213 13900
214 13247
215 12999
216 13019
217 12721
218 12702
219 12649
220 12283
221 12277
222 11958
223 12098
224 11766
225 11623
226 11599
227 11704
228 11530
229 11378
230 11019
231 11195
232 10895
233 11134
234 11098
235 11020
236 11103
237 10838
238 11284
239 11037
240 11294
241 11445
242 11438
243 11552
244 11511
245 11164
246 11244
247 11089
248 10881
249 10939
250 10607
251 10701
252 10654
253 10581
254 10669
255 10524
256 10635
257 10304
258 10270
259 10151
260 10294
261 9911
262 9952
263 10077
264 9828
265 10025
266 9905
267 9736
268 9720
269 9695
270 9555
271 9627
272 9337
273 9506
274 9319
275 9373
276 9121
277 9010
278 8882
279 8874
280 8667
281 8752
282 8703
283 8611
284 8426
285 8260
286 8259
287 8172
288 8337
289 8195
290 8165
291 8276
292 8230
293 8217
294 8034
295 7834
296 7640
297 7922
298 7773
299 7879
300 7579
301 7866
302 7697
303 7616
304 7571
305 7532
306 7585
307 7372
308 7458
309 7349
310 7360
311 7211
312 7193
313 7290
314 7090
315 7094
316 6981
317 6937
318 7163
319 6931
320 6814
321 6907
322 6801
323 6711
324 6684
325 6721
326 6573
327 6652
328 6657
329 6676
330 6571
331 6539
332 6499
333 6401
334 6264
335 6183
336 6327
337 6383
338 6399
339 6542
340 6263
341 6339
342 6409
343 6264
344 6357
345 6191
346 6081
347 6065
348 6015
349 6064
350 5956
351 5839
352 5836
353 6003
354 5769
355 5803
356 5853
357 5637
358 5748
359 5671
360 5440
361 5540
362 5501
363 5600
364 5315
365 5573
366 5463
367 5370
368 5381
369 5367
370 5160
371 5248
372 5111
373 5066
374 4881
375 4880
376 4797
377 4851
378 4803
379 4882
380 4790
381 4727
382 4789
383 4754
384 4688
385 4678
386 4582
387 4525
388 4436
389 4438
390 4353
391 4307
392 4328
393 4323
394 4285
395 4286
396 4152
397 4236
398 4233
399 4255
400 4096
401 4149
402 3798
403 3936
404 4087
405 3974
406 3904
407 3857
408 3843
409 3886
410 3862
411 3807
412 3771
413 3725
414 3705
415 3742
416 3735
417 3687
418 3641
419 3577
420 3680
421 3448
422 3581
423 3555
424 3500
425 3526
426 3451
427 3411
428 3446
429 3345
430 3373
431 3375
432 3335
433 3229
434 3264
435 3251
436 3199
437 3224
438 3188
439 3197
440 3204
441 3189
442 3158
443 3140
444 3124
445 3009
446 3065
447 3070
448 3018
449 2782
450 2959
451 2899
452 3011
453 2949
454 2870
455 2817
456 2742
457 2881
458 2804
459 2840
460 2824
461 2838
462 2652
463 2790
464 2748
465 2636
466 2765
467 2651
468 2694
469 2723
470 2630
471 2664
472 2659
473 2693
474 2665
475 2619
476 2601
477 2553
478 2608
479 2484
480 2557
481 2483
482 2552
483 2505
484 2426
485 2494
486 2481
487 2421
488 2441
489 2341
490 2451
491 2450
492 2471
493 2389
494 2403
495 2353
496 2350
497 2331
498 2328
499 2339
500 2374
501 2286
502 2279
503 2206
504 2292
505 2162
506 2206
507 2231
508 2252
509 2194
510 2234
511 2177
512 2154
513 2125
514 2164
515 2099
516 2096
517 2039
518 1987
519 2056
520 2045
521 2037
522 1999
523 2011
524 2001
525 1961
526 1971
527 2002
528 1896
529 1987
530 2011
531 1962
532 1935
533 1825
534 1861
535 1858
536 1842
537 1868
538 1841
539 1895
540 1878
541 1817
542 1751
543 1804
544 1807
545 1721
546 1744
547 1787
548 1781
549 1825
550 1733
551 1829
552 1819
553 1720
554 1762
555 1776
556 1773
557 1722
558 1691
559 1732
560 1725
561 1701
562 1684
563 1589
564 1758
565 1684
566 1612
567 1705
568 1640
569 1643
570 1540
571 1580
572 1607
573 1527
574 1581
575 1552
576 1603
577 1621
578 1575
579 1550
580 1448
581 1475
582 1487
583 1493
584 1548
585 1490
586 1483
587 1487
588 1469
589 1446
590 1468
591 1460
592 1403
593 1391
594 1381
595 1408
596 1430
597 1354
598 1397
599 1396
600 1371
601 1409
602 1405
603 1373
604 1325
605 1280
606 1318
607 1419
608 1350
609 1267
610 1253
611 1217
612 1322
613 1215
614 1268
615 1243
616 1263
617 1269
618 1223
619 1212
620 1211
621 1195
622 1158
623 1154
624 1171
625 1226
626 1152
627 1168
628 1172
629 1183
630 1136
631 1128
632 1167
633 1129
634 1123
635 1163
636 1134
637 1178
638 1081
639 1143
640 1047
641 1115
642 1093
643 1082
644 1047
645 1062
646 1074
647 1040
648 1055
649 1052
650 1051
651 1010
652 1032
653 1094
654 1054
655 1064
656 1011
657 1011
658 1059
659 1012
660 1046
661 1042
662 1024
663 1036
664 988
665 1045
666 989
667 1008
668 1028
669 1021
670 956
671 964
672 1036
673 981
674 980
675 960
676 948
677 975
678 905
679 932
680 959
681 907
682 948
683 953
684 971
685 893
686 858
687 917
688 892
689 918
690 904
691 913
692 902
693 954
694 852
695 889
696 893
697 905
698 885
699 874
700 854
701 880
702 920
703 879
704 867
705 903
706 836
707 907
708 888
709 876
710 863
711 891
712 867
713 822
714 841
715 801
716 804
717 860
718 843
719 857
720 777
721 884
722 850
723 850
724 805
725 818
726 841
727 807
728 754
729 771
730 771
731 787
732 800
733 755
734 798
735 810
736 693
737 706
738 679
739 754
740 718
741 716
742 739
743 716
744 741
745 681
746 716
747 687
748 701
749 699
750 717
751 773
752 750
753 673
754 705
755 717
756 666
757 719
758 709
759 642
760 686
761 675
762 644
763 684
764 601
765 632
766 656
767 657
768 636
769 631
770 641
771 678
772 588
773 624
774 614
775 592
776 618
777 654
778 603
779 645
780 613
781 605
782 594
783 620
784 601
785 552
786 558
787 614
788 638
789 594
790 575
791 537
792 607
793 572
794 593
795 557
796 558
797 628
798 595
799 531
800 552
801 596
802 532
803 590
804 539
805 569
806 579
807 534
808 549
809 529
810 561
811 524
812 528
813 530
814 533
815 534
816 550
817 469
818 526
819 498
820 465
821 496
822 515
823 485
824 514
825 516
826 562
827 519
828 492
829 464
830 499
831 519
832 521
833 503
834 457
835 503
836 491
837 476
838 461
839 483
840 453
841 451
842 477
843 440
844 458
845 487
846 474
847 458
848 455
849 471
850 448
851 461
852 474
853 480
854 425
855 432
856 453
857 418
858 403
859 413
860 417
861 449
862 418
863 402
864 368
865 419
866 448
867 369
868 426
869 415
870 368
871 428
872 422
873 410
874 392
875 411
876 377
877 428
878 400
879 373
880 400
881 436
882 415
883 386
884 371
885 385
886 387
887 360
888 385
889 365
890 401
891 380
892 358
893 371
894 391
895 403
896 355
897 358
898 344
899 399
900 379
901 358
902 369
903 357
904 402
905 374
906 380
907 334
908 336
909 345
910 339
911 354
912 338
913 344
914 312
915 325
916 312
917 338
918 329
919 337
920 340
921 327
922 316
923 279
924 313
925 331
926 335
927 317
928 326
929 334
930 331
931 284
932 332
933 274
934 300
935 293
936 303
937 327
938 312
939 327
940 314
941 340
942 320
943 315
944 306
945 316
946 294
947 301
948 350
949 304
950 323
951 328
952 270
953 275
954 277
955 300
956 280
957 315
958 277
959 291
960 276
961 288
962 262
963 297
964 314
965 277
966 267
967 261
968 260
969 254
970 271
971 271
972 282
973 284
974 284
975 278
976 287
977 267
978 268
979 239
980 242
981 261
982 264
983 241
984 228
985 252
986 271
987 255
988 263
989 229
990 245
991 270
992 222
993 235
994 276
995 250
996 256
997 203
998 241
999 246
1000 257
1001 235
1002 228
1003 246
1004 228
1005 242
1006 233
1007 198
1008 231
1009 226
1010 249
1011 222
1012 251
1013 232
1014 224
1015 223
1016 208
1017 216
1018 232
1019 216
1020 239
1021 218
1022 213
1023 218
1024 231
1025 217
1026 232
1027 198
1028 216
1029 217
1030 227
1031 192
1032 193
1033 212
1034 198
1035 217
1036 213
1037 212
1038 200
1039 216
1040 181
1041 201
1042 188
1043 219
1044 182
1045 190
1046 225
1047 210
1048 194
1049 180
1050 205
1051 202
1052 201
1053 187
1054 198
1055 197
1056 186
1057 187
1058 218
1059 202
1060 191
1061 138
1062 198
1063 181
1064 170
1065 181
1066 175
1067 207
1068 208
1069 197
1070 193
1071 191
1072 177
1073 173
1074 192
1075 187
1076 178
1077 187
1078 160
1079 187
1080 173
1081 179
1082 174
1083 144
1084 185
1085 171
1086 166
1087 178
1088 193
1089 159
1090 178
1091 160
1092 162
1093 174
1094 199
1095 183
1096 140
1097 144
1098 158
1099 152
1100 168
1101 150
1102 140
1103 189
1104 171
1105 176
1106 156
1107 179
1108 170
1109 160
1110 142
1111 138
1112 155
1113 167
1114 176
1115 130
1116 153
1117 162
1118 148
1119 151
1120 157
1121 150
1122 150
1123 134
1124 155
1125 134
1126 138
1127 133
1128 150
1129 147
1130 150
1131 137
1132 176
1133 168
1134 140
1135 136
1136 136
1137 139
1138 157
1139 143
1140 127
1141 153
1142 124
1143 154
1144 137
1145 142
1146 137
1147 127
1148 142
1149 147
1150 141
1151 123
1152 154
1153 139
1154 133
1155 112
1156 134
1157 116
1158 146
1159 147
1160 148
1161 130
1162 129
1163 145
1164 125
1165 127
1166 134
1167 136
1168 137
1169 126
1170 129
1171 109
1172 132
1173 118
1174 132
1175 128
1176 126
1177 128
1178 106
1179 126
1180 133
1181 123
1182 117
1183 126
1184 116
1185 101
1186 105
1187 138
1188 106
1189 127
1190 101
1191 108
1192 118
1193 130
1194 112
1195 109
1196 117
1197 115
1198 119
1199 91
1200 107
1201 121
1202 114
1203 121
1204 127
1205 118
1206 98
1207 104
1208 107
1209 137
1210 105
1211 112
1212 116
1213 107
1214 116
1215 96
1216 101
1217 101
1218 101
1219 94
1220 103
1221 97
1222 99
1223 116
1224 120
1225 115
1226 88
1227 109
1228 106
1229 115
1230 103
1231 101
1232 93
1233 105
1234 114
1235 94
1236 116
1237 100
1238 89
1239 93
1240 83
1241 101
1242 96
1243 81
1244 85
1245 85
1246 104
1247 84
1248 86
1249 90
1250 86
1251 92
1252 98
1253 106
1254 90
1255 78
1256 88
1257 90
1258 93
1259 77
1260 108
1261 74
1262 90
1263 88
1264 99
1265 93
1266 85
1267 84
1268 81
1269 81
1270 71
1271 103
1272 81
1273 98
1274 98
1275 96
1276 87
1277 85
1278 80
1279 75
1280 68
1281 96
1282 94
1283 84
1284 90
1285 94
1286 84
1287 84
1288 87
1289 91
1290 87
1291 73
1292 77
1293 88
1294 69
1295 79
1296 81
1297 73
1298 65
1299 72
1300 74
1301 66
1302 75
1303 73
1304 70
1305 73
1306 72
1307 81
1308 80
1309 88
1310 70
1311 87
1312 78
1313 80
1314 76
1315 96
1316 72
1317 70
1318 63
1319 79
1320 81
1321 93
1322 85
1323 61
1324 78
1325 73
1326 57
1327 75
1328 79
1329 71
1330 80
1331 77
1332 60
1333 67
1334 85
1335 60
1336 82
1337 69
1338 74
1339 61
1340 67
1341 65
1342 79
1343 60
1344 83
1345 83
1346 65
1347 77
1348 60
1349 78
1350 71
1351 78
1352 74
1353 59
1354 69
1355 77
1356 60
1357 69
1358 62
1359 64
1360 58
1361 66
1362 54
1363 79
1364 69
1365 72
1366 74
1367 69
1368 76
1369 59
1370 69
1371 64
1372 72
1373 60
1374 66
1375 65
1376 60
1377 73
1378 82
1379 67
1380 61
1381 59
1382 58
1383 67
1384 66
1385 59
1386 62
1387 60
1388 63
1389 69
1390 73
1391 61
1392 59
1393 69
1394 41
1395 59
1396 62
1397 66
1398 67
1399 60
1400 69
1401 61
1402 43
1403 62
1404 59
1405 54
1406 45
1407 67
1408 62
1409 60
1410 57
1411 60
1412 61
1413 54
1414 53
1415 56
1416 57
1417 70
1418 48
1419 46
1420 67
1421 52
1422 48
1423 67
1424 58
1425 54
1426 52
1427 60
1428 57
1429 58
1430 57
1431 51
1432 50
1433 56
1434 57
1435 59
1436 64
1437 55
1438 43
1439 51
1440 72
1441 58
1442 76
1443 62
1444 50
1445 48
1446 61
1447 46
1448 35
1449 49
1450 48
1451 56
1452 61
1453 57
1454 51
1455 56
1456 64
1457 53
1458 46
1459 49
1460 50
1461 58
1462 41
1463 56
1464 56
1465 51
1466 54
1467 49
1468 63
1469 58
1470 53
1471 59
1472 49
1473 45
1474 59
1475 48
1476 49
1477 55
1478 46
1479 60
1480 43
1481 61
1482 53
1483 48
1484 51
1485 46
1486 54
1487 39
1488 42
1489 53
1490 54
1491 35
1492 46
1493 63
1494 45
1495 47
1496 41
1497 44
1498 48
1499 42
1500 36
1501 42
1502 44
1503 42
1504 54
1505 53
1506 46
1507 45
1508 40
1509 44
1510 48
1511 52
1512 42
1513 48
1514 40
1515 33
1516 41
1517 47
1518 46
1519 38
1520 44
1521 40
1522 45
1523 56
1524 51
1525 49
1526 49
1527 38
1528 49
1529 45
1530 47
1531 46
1532 41
1533 53
1534 44
1535 43
1536 41
1537 32
1538 34
1539 44
1540 47
1541 40
1542 45
1543 48
1544 30
1545 32
1546 45
1547 37
1548 42
1549 42
1550 47
1551 41
1552 33
1553 38
1554 52
1555 38
1556 47
1557 52
1558 38
1559 38
1560 46
1561 38
1562 28
1563 40
1564 40
1565 40
1566 50
1567 28
1568 33
1569 38
1570 42
1571 35
1572 44
1573 35
1574 48
1575 44
1576 34
1577 40
1578 40
1579 30
1580 38
1581 41
1582 39
1583 43
1584 40
1585 33
1586 34
1587 37
1588 33
1589 34
1590 43
1591 37
1592 36
1593 50
1594 30
1595 33
1596 37
1597 45
1598 38
1599 43
1600 34
1601 36
1602 36
1603 33
1604 38
1605 36
1606 30
1607 32
1608 24
1609 37
1610 35
1611 36
1612 34
1613 30
1614 37
1615 36
1616 39
1617 40
1618 26
1619 34
1620 37
1621 27
1622 31
1623 39
1624 46
1625 35
1626 33
1627 36
1628 34
1629 33
1630 38
1631 29
1632 35
1633 33
1634 35
1635 38
1636 30
1637 34
1638 29
1639 38
1640 46
1641 36
1642 32
1643 32
1644 35
1645 38
1646 35
1647 37
1648 38
1649 31
1650 33
1651 36
1652 34
1653 42
1654 34
1655 41
1656 36
1657 21
1658 39
1659 40
1660 23
1661 35
1662 37
1663 29
1664 41
1665 24
1666 36
1667 41
1668 23
1669 35
1670 30
1671 25
1672 36
1673 28
1674 16
1675 27
1676 29
1677 32
1678 30
1679 32
1680 28
1681 40
1682 29
1683 30
1684 31
1685 35
1686 23
1687 17
1688 29
1689 28
1690 39
1691 29
1692 29
1693 33
1694 27
1695 26
1696 25
1697 29
1698 21
1699 36
1700 26
1701 21
1702 22
1703 31
1704 25
1705 34
1706 23
1707 29
1708 31
1709 43
1710 33
1711 23
1712 37
1713 22
1714 29
1715 21
1716 12
1717 28
1718 34
1719 30
1720 30
1721 27
1722 30
1723 38
1724 32
1725 26
1726 16
1727 16
1728 27
1729 36
1730 27
1731 29
1732 26
1733 30
1734 20
1735 31
1736 23
1737 20
1738 29
1739 36
1740 35
1741 21
1742 19
1743 30
1744 26
1745 26
1746 24
1747 25
1748 19
1749 31
1750 30
1751 21
1752 30
1753 20
1754 23
1755 27
1756 34
1757 25
1758 29
1759 32
1760 23
1761 22
1762 25
1763 29
1764 27
1765 27
1766 33
1767 23
1768 25
1769 31
1770 21
1771 22
1772 28
1773 22
1774 25
1775 22
1776 23
1777 26
1778 26
1779 30
1780 28
1781 34
1782 31
1783 32
1784 31
1785 22
1786 33
1787 29
1788 24
1789 18
1790 19
1791 15
1792 34
1793 27
1794 21
1795 21
1796 29
1797 28
1798 20
1799 27
1800 27
1801 21
1802 28
1803 22
1804 31
1805 15
1806 35
1807 27
1808 27
1809 24
1810 18
1811 23
1812 22
1813 20
1814 25
1815 25
1816 22
1817 33
1818 24
1819 28
1820 22
1821 26
1822 28
1823 23
1824 21
1825 24
1826 23
1827 21
1828 27
1829 22
1830 21
1831 24
1832 21
1833 22
1834 23
1835 21
1836 23
1837 32
1838 19
1839 28
1840 27
1841 36
1842 25
1843 32
1844 23
1845 20
1846 30
1847 27
1848 42
1849 27
1850 32
1851 31
1852 32
1853 25
1854 28
1855 22
1856 26
1857 30
1858 30
1859 31
1860 33
1861 28
1862 28
1863 30
1864 34
1865 30
1866 28
1867 22
1868 22
1869 28
1870 30
1871 21
1872 30
1873 23
1874 26
1875 30
1876 21
1877 33
1878 26
1879 32
1880 24
1881 27
1882 25
1883 25
1884 15
1885 28
1886 28
1887 27
1888 26
1889 29
1890 27
1891 30
1892 24
1893 28
1894 25
1895 21
1896 25
1897 31
1898 21
1899 20
1900 31
1901 32
1902 22
1903 33
1904 23
1905 34
1906 26
1907 25
1908 31
1909 30
1910 26
1911 26
1912 23
1913 27
1914 29
1915 30
1916 23
1917 29
1918 22
1919 20
1920 16
1921 23
1922 13
1923 27
1924 23
1925 20
1926 26
1927 31
1928 24
1929 21
1930 32
1931 24
1932 24
1933 22
1934 25
1935 24
1936 30
1937 24
1938 27
1939 28
1940 21
1941 31
1942 30
1943 25
1944 28
1945 26
1946 19
1947 26
1948 20
1949 36
1950 26
1951 27
1952 23
1953 21
1954 28
1955 16
1956 45
1957 27
1958 32
1959 20
1960 33
1961 21
1962 28
1963 24
1964 25
1965 20
1966 23
1967 27
1968 22
1969 24
1970 34
1971 24
1972 25
1973 31
1974 29
1975 28
1976 20
1977 24
1978 16
1979 24
1980 18
1981 23
1982 16
1983 25
1984 25
1985 25
1986 17
1987 30
1988 28
1989 18
1990 27
1991 23
1992 23
1993 21
1994 22
1995 40
1996 18
1997 25
1998 25
1999 38
2000 15
2001 23
2002 24
2003 24
2004 12
2005 29
2006 27
2007 29
2008 24
2009 22
2010 28
2011 24
2012 18
2013 21
2014 28
2015 19
2016 24
2017 27
2018 18
2019 29
2020 25
2021 22
2022 19
2023 25
2024 20
2025 18
2026 14
2027 25
2028 21
2029 33
2030 20
2031 25
2032 39
2033 23
2034 21
2035 22
2036 16
2037 27
2038 34
2039 32
2040 18
2041 15
2042 18
2043 26
2044 26
2045 16
2046 22
2047 32
2048 26
2049 23
2050 18
2051 26
2052 23
2053 20
2054 20
2055 17
2056 21
2057 32
2058 18
2059 36
2060 18
2061 23
2062 32
2063 21
2064 25
2065 15
2066 26
2067 29
2068 25
2069 19
2070 24
2071 22
2072 24
2073 29
2074 11
2075 21
2076 22
2077 19
2078 25
2079 30
2080 27
2081 23
2082 29
2083 26
2084 29
2085 25
2086 30
2087 35
2088 22
2089 28
2090 36
2091 24
2092 24
2093 30
2094 17
2095 23
2096 25
2097 21
2098 23
2099 25
2100 27
2101 25
2102 21
2103 20
2104 25
2105 31
2106 23
2107 33
2108 23
2109 23
2110 23
2111 20
2112 21
2113 24
2114 31
2115 24
2116 18
2117 21
2118 22
2119 32
2120 25
2121 22
2122 29
2123 34
2124 24
2125 19
2126 14
2127 20
2128 23
2129 29
2130 23
2131 25
2132 22
2133 16
2134 28
2135 22
2136 26
2137 26
2138 23
2139 22
2140 26
2141 24
2142 22
2143 22
2144 28
2145 29
2146 32
2147 24
2148 30
2149 26
2150 20
2151 27
2152 18
2153 16
2154 22
2155 16
2156 29
2157 27
2158 19
2159 23
2160 21
2161 26
2162 27
2163 23
2164 19
2165 31
2166 24
2167 24
2168 19
2169 31
2170 32
2171 29
2172 17
2173 23
2174 19
2175 15
2176 19
2177 24
2178 23
2179 25
2180 24
2181 18
2182 26
2183 21
2184 32
2185 29
2186 29
2187 18
2188 19
2189 28
2190 23
2191 22
2192 17
2193 34
2194 25
2195 22
2196 23
2197 29
2198 10
2199 25
2200 14
2201 22
2202 18
2203 21
2204 23
2205 23
2206 31
2207 23
2208 26
2209 23
2210 21
2211 29
2212 22
2213 29
2214 32
2215 18
2216 24
2217 15
2218 24
2219 33
2220 12
2221 27
2222 19
2223 23
2224 20
2225 15
2226 18
2227 24
2228 15
2229 23
2230 24
2231 29
2232 22
2233 17
2234 26
2235 34
2236 24
2237 14
2238 19
2239 21
2240 20
2241 19
2242 23
2243 19
2244 26
2245 14
2246 25
2247 17
2248 23
2249 16
2250 19
2251 21
2252 16
2253 19
2254 20
2255 27
2256 31
2257 20
2258 30
2259 21
2260 20
2261 24
2262 30
2263 30
2264 18
2265 15
2266 20
2267 21
2268 25
2269 16
2270 29
2271 15
2272 20
2273 27
2274 27
2275 23
2276 20
2277 24
2278 22
2279 29
2280 14
2281 30
2282 18
2283 18
2284 28
2285 33
2286 27
2287 23
2288 20
2289 23
2290 12
2291 19
2292 18
2293 19
2294 17
2295 22
2296 28
2297 27
2298 19
2299 16
2300 17
2301 25
2302 28
2303 23
2304 29
2305 17
2306 25
2307 15
2308 21
2309 22
2310 27
2311 16
2312 20
2313 22
2314 18
2315 16
2316 20
2317 14
2318 25
2319 20
2320 28
2321 18
2322 16
2323 30
2324 30
2325 22
2326 26
2327 21
2328 24
2329 18
2330 17
2331 17
2332 26
2333 20
2334 27
2335 16
2336 21
2337 26
2338 28
2339 21
2340 22
2341 17
2342 24
2343 22
2344 23
2345 14
2346 19
2347 18
2348 19
2349 18
2350 15
2351 22
2352 23
2353 23
2354 18
2355 17
2356 16
2357 18
2358 15
2359 24
2360 22
2361 20
2362 23
2363 22
2364 15
2365 15
2366 21
2367 19
2368 23
2369 19
2370 16
2371 21
2372 16
2373 25
2374 31
2375 25
2376 18
2377 16
2378 21
2379 25
2380 20
2381 24
2382 28
2383 28
2384 22
2385 22
2386 27
2387 22
2388 17
2389 17
2390 19
2391 21
2392 18
2393 15
2394 17
2395 21
2396 19
2397 24
2398 27
2399 25
2400 26
2401 29
2402 17
2403 22
2404 25
2405 14
2406 18
2407 21
2408 30
2409 22
2410 15
2411 9
2412 28
2413 19
2414 27
2415 27
2416 25
2417 19
2418 20
2419 20
2420 14
2421 21
2422 21
2423 26
2424 21
2425 19
2426 9
2427 15
2428 28
2429 19
2430 27
2431 17
2432 25
2433 25
2434 19
2435 13
2436 17
2437 29
2438 24
2439 19
2440 16
2441 14
2442 19
2443 30
2444 13
2445 23
2446 23
2447 19
2448 29
2449 22
2450 21
2451 17
2452 26
2453 31
2454 24
2455 26
2456 23
2457 21
2458 14
2459 17
2460 27
2461 31
2462 18
2463 14
2464 14
2465 18
2466 24
2467 18
2468 22
2469 24
2470 21
2471 22
2472 21
2473 20
2474 23
2475 17
2476 13
2477 18
2478 13
2479 22
2480 36
2481 28
2482 22
2483 20
2484 17
2485 22
2486 26
2487 23
2488 20
2489 19
2490 26
2491 15
2492 35
2493 17
2494 22
2495 25
2496 19
2497 31
2498 22
2499 32
2500 21
2501 22
2502 24
2503 24
2504 16
2505 29
2506 29
2507 24
2508 30
2509 20
2510 30
2511 22
2512 22
2513 27
2514 20
2515 20
2516 21
2517 16
2518 27
2519 25
2520 19
2521 20
2522 23
2523 28
2524 27
2525 19
2526 21
2527 22
2528 19
2529 27
2530 17
2531 26
2532 24
2533 19
2534 24
2535 17
2536 18
2537 29
2538 18
2539 30
2540 28
2541 12
2542 23
2543 21
2544 23
2545 27
2546 30
2547 20
2548 22
2549 22
2550 28
2551 27
2552 26
2553 22
2554 17
2555 29
2556 19
2557 13
2558 23
2559 23
2560 31
2561 23
2562 23
2563 19
2564 17
2565 24
2566 30
2567 26
2568 30
2569 21
2570 28
2571 27
2572 26
2573 20
2574 26
2575 18
2576 29
2577 32
2578 18
2579 23
2580 27
2581 26
2582 23
2583 15
2584 21
2585 16
2586 17
2587 18
2588 23
2589 24
2590 22
2591 21
2592 21
2593 30
2594 12
2595 20
2596 25
2597 20
2598 21
2599 23
2600 30
2601 21
2602 27
2603 19
2604 24
2605 18
2606 28
2607 26
2608 21
2609 15
2610 24
2611 24
2612 26
2613 23
2614 27
2615 22
2616 30
2617 20
2618 29
2619 28
2620 21
2621 24
2622 24
2623 13
2624 25
2625 26
2626 23
2627 22
2628 16
2629 31
2630 18
2631 36
2632 25
2633 31
2634 32
2635 16
2636 29
2637 23
2638 35
2639 28
2640 29
2641 22
2642 24
2643 22
2644 22
2645 15
2646 26
2647 25
2648 26
2649 17
2650 12
2651 25
2652 29
2653 22
2654 30
2655 23
2656 31
2657 15
2658 27
2659 32
2660 21
2661 22
2662 21
2663 26
2664 27
2665 20
2666 16
2667 18
2668 25
2669 29
2670 19
2671 18
2672 20
2673 32
2674 22
2675 35
2676 26
2677 20
2678 25
2679 18
2680 21
2681 27
2682 25
2683 26
2684 16
2685 22
2686 17
2687 20
2688 20
2689 28
2690 26
2691 23
2692 20
2693 20
2694 24
2695 28
2696 25
2697 26
2698 31
2699 21
2700 26
2701 22
2702 19
2703 26
2704 23
2705 15
2706 29
2707 23
2708 32
2709 27
2710 16
2711 28
2712 21
2713 24
2714 23
2715 33
2716 23
2717 13
2718 29
2719 19
2720 30
2721 19
2722 26
2723 30
2724 21
2725 18
2726 21
2727 22
2728 11
2729 21
2730 20
2731 19
2732 17
2733 28
2734 23
2735 28
2736 22
2737 26
2738 21
2739 25
2740 15
2741 14
2742 19
2743 25
2744 25
2745 18
2746 26
2747 22
2748 18
2749 16
2750 29
2751 33
2752 18
2753 18
2754 22
2755 34
2756 24
2757 17
2758 20
2759 19
2760 20
2761 27
2762 22
2763 30
2764 26
2765 25
2766 25
2767 21
2768 23
2769 22
2770 24
2771 27
2772 22
2773 22
2774 19
2775 24
2776 28
2777 18
2778 17
2779 23
2780 29
2781 20
2782 28
2783 19
2784 22
2785 32
2786 25
2787 23
2788 17
2789 17
2790 23
2791 17
2792 25
2793 12
2794 15
2795 26
2796 19
2797 26
2798 32
2799 21
2800 20
2801 21
2802 27
2803 36
2804 21
2805 27
2806 23
2807 18
2808 24
2809 15
2810 27
2811 27
2812 28
2813 19
2814 17
2815 21
2816 27
2817 26
2818 23
2819 32
2820 23
2821 23
2822 18
2823 27
2824 23
2825 21
2826 22
2827 18
2828 18
2829 28
2830 25
2831 18
2832 23
2833 19
2834 12
2835 18
2836 22
2837 27
2838 29
2839 24
2840 19
2841 18
2842 17
2843 19
2844 21
2845 24
2846 20
2847 27
2848 14
2849 26
2850 24
2851 29
2852 14
2853 18
2854 20
2855 19
2856 18
2857 24
2858 17
2859 32
2860 23
2861 27
2862 27
2863 24
2864 27
2865 21
2866 25
2867 20
2868 25
2869 20
2870 22
2871 26
2872 23
2873 29
2874 16
2875 22
2876 22
2877 21
2878 29
2879 15
2880 21
2881 23
2882 22
2883 18
2884 20
2885 15
2886 18
2887 17
2888 16
2889 25
2890 26
2891 18
2892 24
2893 19
2894 22
2895 32
2896 24
2897 18
2898 25
2899 21
2900 22
2901 22
2902 22
2903 16
2904 22
2905 20
2906 25
2907 24
2908 25
2909 25
2910 24
2911 10
2912 33
2913 28
2914 23
2915 25
2916 24
2917 28
2918 20
2919 16
2920 19
2921 21
2922 18
2923 18
2924 22
2925 18
2926 26
2927 28
2928 28
2929 18
2930 16
2931 21
2932 18
2933 16
2934 24
2935 16
2936 19
2937 16
2938 22
2939 19
2940 12
2941 13
2942 34
2943 17
2944 23
2945 23
2946 13
2947 26
2948 14
2949 21
2950 21
2951 21
2952 14
2953 19
2954 16
2955 26
2956 16
2957 27
2958 16
2959 24
2960 19
2961 18
2962 25
2963 15
2964 25
2965 23
2966 21
2967 24
2968 17
2969 19
2970 15
2971 27
2972 21
2973 25
2974 21
2975 20
2976 30
2977 21
2978 12
2979 16
2980 14
2981 24
2982 26
2983 20
2984 22
2985 20
2986 24
2987 16
2988 20
2989 22
2990 22
2991 15
2992 31
2993 23
2994 24
2995 31
2996 20
2997 17
2998 27
2999 12
3000 24
3001 21
3002 18
3003 21
3004 22
3005 17
3006 19
3007 12
3008 20
3009 22
3010 22
3011 15
3012 23
3013 25
3014 16
3015 15
3016 17
3017 17
3018 19
3019 16
3020 18
3021 23
3022 19
3023 24
3024 21
3025 17
3026 18
3027 19
3028 19
3029 16
3030 20
3031 16
3032 14
3033 24
3034 22
3035 25
3036 20
3037 17
3038 23
3039 17
3040 16
3041 19
3042 17
3043 21
3044 15
3045 21
3046 13
3047 17
3048 23
3049 25
3050 25
3051 11
3052 25
3053 13
3054 14
3055 17
3056 27
3057 19
3058 18
3059 18
3060 9
3061 17
3062 27
3063 20
3064 11
3065 18
3066 24
3067 16
3068 30
3069 15
3070 17
3071 12
3072 25
3073 13
3074 20
3075 20
3076 16
3077 16
3078 23
3079 21
3080 20
3081 13
3082 24
3083 20
3084 13
3085 23
3086 15
3087 18
3088 16
3089 25
3090 15
3091 22
3092 14
3093 22
3094 17
3095 17
3096 20
3097 17
3098 19
3099 18
3100 24
3101 19
3102 22
3103 13
3104 20
3105 19
3106 27
3107 27
3108 24
3109 21
3110 16
3111 26
3112 24
3113 13
3114 26
3115 20
3116 20
3117 21
3118 13
3119 22
3120 19
3121 17
3122 18
3123 18
3124 20
3125 16
3126 13
3127 15
3128 15
3129 15
3130 29
3131 27
3132 16
3133 17
3134 13
3135 17
3136 17
3137 13
3138 19
3139 17
3140 24
3141 19
3142 18
3143 21
3144 16
3145 22
3146 17
3147 23
3148 14
3149 17
3150 23
3151 18
3152 22
3153 17
3154 14
3155 16
3156 20
3157 16
3158 18
3159 10
3160 23
3161 22
3162 14
3163 21
3164 23
3165 16
3166 13
3167 18
3168 20
3169 15
3170 9
3171 20
3172 8
3173 14
3174 13
3175 20
3176 16
3177 27
3178 18
3179 16
3180 10
3181 15
3182 17
3183 17
3184 14
3185 10
3186 16
3187 19
3188 19
3189 18
3190 17
3191 22
3192 12
3193 20
3194 21
3195 12
3196 22
3197 23
3198 23
3199 28
3200 10
3201 21
3202 18
3203 23
3204 20
3205 12
3206 20
3207 11
3208 19
3209 20
3210 15
3211 19
3212 15
3213 13
3214 13
3215 11
3216 17
3217 18
3218 17
3219 22
3220 14
3221 17
3222 17
3223 12
3224 14
3225 18
3226 17
3227 11
3228 19
3229 19
3230 31
3231 18
3232 19
3233 20
3234 18
3235 15
3236 15
3237 14
3238 12
3239 15
3240 21
3241 23
3242 13
3243 13
3244 11
3245 16
3246 11
3247 13
3248 24
3249 15
3250 18
3251 11
3252 17
3253 18
3254 14
3255 11
3256 17
3257 14
3258 17
3259 15
3260 13
3261 21
3262 21
3263 15
3264 17
3265 13
3266 23
3267 22
3268 16
3269 15
3270 16
3271 20
3272 17
3273 19
3274 23
3275 15
3276 18
3277 21
3278 14
3279 19
3280 17
3281 14
3282 23
3283 16
3284 17
3285 16
3286 24
3287 13
3288 11
3289 19
3290 25
3291 13
3292 16
3293 15
3294 18
3295 18
3296 14
3297 20
3298 12
3299 17
3300 13
3301 16
3302 13
3303 16
3304 12
3305 13
3306 17
3307 9
3308 20
3309 19
3310 9
3311 15
3312 17
3313 19
3314 19
3315 27
3316 16
3317 19
3318 19
3319 16
3320 14
3321 19
3322 14
3323 14
3324 20
3325 8
3326 9
3327 14
3328 19
3329 16
3330 18
3331 12
3332 23
3333 11
3334 21
3335 15
3336 6
3337 10
3338 12
3339 11
3340 14
3341 13
3342 11
3343 14
3344 14
3345 14
3346 17
3347 13
3348 12
3349 14
3350 18
3351 13
3352 12
3353 27
3354 14
3355 14
3356 20
3357 15
3358 15
3359 20
3360 12
3361 13
3362 16
3363 15
3364 17
3365 16
3366 20
3367 20
3368 17
3369 11
3370 10
3371 20
3372 13
3373 16
3374 17
3375 15
3376 22
3377 16
3378 14
3379 12
3380 17
3381 16
3382 9
3383 16
3384 13
3385 17
3386 15
3387 8
3388 16
3389 13
3390 13
3391 11
3392 17
3393 10
3394 16
3395 12
3396 14
3397 11
3398 11
3399 17
3400 10
3401 15
3402 13
3403 13
3404 22
3405 11
3406 23
3407 13
3408 17
3409 14
3410 21
3411 12
3412 11
3413 18
3414 15
3415 13
3416 9
3417 18
3418 16
3419 20
3420 14
3421 24
3422 24
3423 15
3424 15
3425 20
3426 10
3427 17
3428 15
3429 11
3430 8
3431 6
3432 19
3433 15
3434 11
3435 18
3436 12
3437 5
3438 15
3439 17
3440 11
3441 7
3442 16
3443 14
3444 17
3445 25
3446 12
3447 15
3448 19
3449 18
3450 18
3451 16
3452 12
3453 14
3454 17
3455 13
3456 18
3457 18
3458 11
3459 18
3460 13
3461 10
3462 12
3463 16
3464 11
3465 13
3466 16
3467 15
3468 15
3469 10
3470 11
3471 8
3472 11
3473 13
3474 10
3475 16
3476 9
3477 14
3478 16
3479 17
3480 14
3481 11
3482 9
3483 21
3484 20
3485 17
3486 10
3487 14
3488 17
3489 13
3490 16
3491 13
3492 16
3493 18
3494 19
3495 5
3496 13
3497 11
3498 15
3499 14
3500 21
3501 12
3502 8
3503 18
3504 19
3505 12
3506 13
3507 7
3508 13
3509 14
3510 10
3511 16
3512 7
3513 13
3514 14
3515 13
3516 16
3517 11
3518 11
3519 17
3520 11
3521 14
3522 10
3523 11
3524 8
3525 10
3526 11
3527 8
3528 11
3529 25
3530 9
3531 15
3532 13
3533 13
3534 14
3535 15
3536 14
3537 11
3538 10
3539 9
3540 10
3541 13
3542 18
3543 8
3544 19
3545 15
3546 13
3547 19
3548 21
3549 9
3550 12
3551 15
3552 11
3553 12
3554 10
3555 13
3556 12
3557 15
3558 10
3559 9
3560 10
3561 15
3562 15
3563 10
3564 9
3565 6
3566 4
3567 18
3568 9
3569 9
3570 18
3571 18
3572 13
3573 13
3574 14
3575 18
3576 14
3577 9
3578 7
3579 9
3580 8
3581 8
3582 16
3583 19
3584 13
3585 14
3586 13
3587 9
3588 11
3589 12
3590 6
3591 10
3592 23
3593 10
3594 13
3595 11
3596 16
3597 18
3598 4
3599 7
3600 11
3601 9
3602 9
3603 17
3604 15
3605 14
3606 14
3607 16
3608 15
3609 13
3610 19
3611 14
3612 6
3613 15
3614 16
3615 8
3616 12
3617 16
3618 13
3619 16
3620 8
3621 20
3622 7
3623 17
3624 9
3625 8
3626 11
3627 19
3628 6
3629 7
3630 11
3631 8
3632 11
3633 14
3634 11
3635 12
3636 19
3637 15
3638 14
3639 11
3640 11
3641 13
3642 9
3643 16
3644 19
3645 15
3646 14
3647 8
3648 14
3649 19
3650 14
3651 11
3652 9
3653 13
3654 16
3655 12
3656 16
3657 17
3658 13
3659 11
3660 11
3661 23
3662 12
3663 3
3664 13
3665 7
3666 13
3667 7
3668 14
3669 15
3670 15
3671 14
3672 11
3673 11
3674 15
3675 11
3676 13
3677 22
3678 10
3679 7
3680 8
3681 13
3682 12
3683 19
3684 14
3685 7
3686 13
3687 8
3688 5
3689 15
3690 10
3691 15
3692 20
3693 15
3694 10
3695 10
3696 15
3697 9
3698 16
3699 11
3700 10
3701 8
3702 16
3703 9
3704 14
3705 8
3706 16
3707 10
3708 12
3709 10
3710 10
3711 12
3712 13
3713 13
3714 17
3715 8
3716 10
3717 8
3718 10
3719 13
3720 12
3721 12
3722 15
3723 20
3724 13
3725 13
3726 14
3727 9
3728 8
3729 12
3730 11
3731 11
3732 12
3733 14
3734 13
3735 10
3736 9
3737 13
3738 11
3739 16
3740 11
3741 11
3742 13
3743 8
3744 10
3745 14
3746 11
3747 10
3748 19
3749 17
3750 9
3751 12
3752 8
3753 11
3754 10
3755 13
3756 12
3757 13
3758 12
3759 8
3760 7
3761 5
3762 20
3763 9
3764 20
3765 10
3766 8
3767 12
3768 7
3769 8
3770 7
3771 9
3772 11
3773 13
3774 9
3775 9
3776 11
3777 15
3778 11
3779 11
3780 14
3781 12
3782 7
3783 9
3784 17
3785 18
3786 15
3787 9
3788 8
3789 11
3790 11
3791 12
3792 8
3793 14
3794 3
3795 15
3796 14
3797 6
3798 10
3799 9
3800 16
3801 14
3802 13
3803 13
3804 10
3805 7
3806 8
3807 8
3808 12
3809 8
3810 16
3811 6
3812 11
3813 14
3814 8
3815 12
3816 12
3817 16
3818 10
3819 8
3820 10
3821 15
3822 11
3823 12
3824 7
3825 15
3826 10
3827 12
3828 8
3829 7
3830 14
3831 10
3832 13
3833 10
3834 20
3835 16
3836 12
3837 13
3838 10
3839 13
3840 14
3841 11
3842 10
3843 12
3844 14
3845 14
3846 9
3847 14
3848 7
3849 10
3850 8
3851 11
3852 13
3853 11
3854 11
3855 12
3856 13
3857 13
3858 12
3859 7
3860 12
3861 14
3862 12
3863 20
3864 11
3865 9
3866 10
3867 14
3868 10
3869 10
3870 13
3871 13
3872 17
3873 5
3874 12
3875 13
3876 10
3877 7
3878 6
3879 9
3880 12
3881 6
3882 8
3883 11
3884 10
3885 12
3886 14
3887 7
3888 7
3889 12
3890 6
3891 4
3892 17
3893 12
3894 9
3895 9
3896 7
3897 17
3898 7
3899 12
3900 14
3901 17
3902 9
3903 11
3904 3
3905 16
3906 11
3907 18
3908 12
3909 10
3910 10
3911 16
3912 18
3913 8
3914 14
3915 6
3916 9
3917 6
3918 14
3919 7
3920 9
3921 12
3922 15
3923 8
3924 14
3925 10
3926 12
3927 10
3928 10
3929 12
3930 15
3931 14
3932 16
3933 15
3934 8
3935 14
3936 7
3937 10
3938 9
3939 11
3940 10
3941 12
3942 6
3943 15
3944 10
3945 6
3946 11
3947 10
3948 16
3949 9
3950 10
3951 10
3952 14
3953 8
3954 15
3955 10
3956 6
3957 10
3958 9
3959 8
3960 14
3961 15
3962 15
3963 15
3964 13
3965 11
3966 9
3967 13
3968 5
3969 12
3970 8
3971 10
3972 11
3973 12
3974 13
3975 10
3976 13
3977 14
3978 8
3979 18
3980 14
3981 13
3982 12
3983 15
3984 10
3985 14
3986 9
3987 6
3988 9
3989 10
3990 6
3991 6
3992 14
3993 10
3994 12
3995 8
3996 10
3997 10
3998 15
3999 8
4000 13
4001 11
4002 4
4003 6
4004 7
4005 12
4006 15
4007 10
4008 9
4009 6
4010 5
4011 18
4012 7
4013 11
4014 7
4015 13
4016 13
4017 13
4018 6
4019 17
4020 7
4021 16
4022 15
4023 18
4024 7
4025 8
4026 15
4027 4
4028 11
4029 9
4030 15
4031 8
4032 8
4033 7
4034 9
4035 14
4036 11
4037 10
4038 8
4039 7
4040 7
4041 10
4042 13
4043 7
4044 12
4045 9
4046 9
4047 11
4048 7
4049 10
4050 10
4051 10
4052 8
4053 8
4054 12
4055 10
4056 10
4057 9
4058 17
4059 11
4060 12
4061 12
4062 11
4063 7
4064 12
4065 8
4066 8
4067 6
4068 10
4069 9
4070 13
4071 9
4072 5
4073 11
4074 11
4075 9
4076 15
4077 8
4078 6
4079 16
4080 3
4081 7
4082 14
4083 8
4084 5
4085 9
4086 13
4087 13
4088 5
4089 9
4090 17
4091 11
4092 5
4093 6
4094 6
4095 10
4096 9
4097 10
4098 10
4099 12
4100 12
4101 14
4102 14
4103 7
4104 11
4105 11
4106 10
4107 5
4108 4
4109 18
4110 8
4111 16
4112 16
4113 12
4114 11
4115 10
4116 11
4117 10
4118 8
4119 4
4120 5
4121 8
4122 4
4123 11
4124 9
4125 10
4126 15
4127 11
4128 4
4129 14
4130 9
4131 14
4132 11
4133 14
4134 9
4135 13
4136 7
4137 5
4138 6
4139 9
4140 11
4141 7
4142 8
4143 10
4144 11
4145 9
4146 12
4147 9
4148 13
4149 14
4150 14
4151 8
4152 11
4153 16
4154 6
4155 10
4156 10
4157 12
4158 15
4159 14
4160 10
4161 11
4162 7
4163 7
4164 11
4165 12
4166 11
4167 13
4168 3
4169 6
4170 5
4171 8
4172 11
4173 10
4174 6
4175 5
4176 5
4177 11
4178 5
4179 7
4180 11
4181 6
4182 10
4183 7
4184 8
4185 10
4186 9
4187 15
4188 9
4189 6
4190 15
4191 8
4192 7
4193 11
4194 3
4195 7
4196 13
4197 9
4198 8
4199 14
4200 12
4201 10
4202 13
4203 9
4204 12
4205 7
4206 7
4207 7
4208 12
4209 10
4210 14
4211 8
4212 6
4213 3
4214 8
4215 8
4216 15
4217 6
4218 11
4219 10
4220 4
4221 10
4222 8
4223 6
4224 7
4225 16
4226 6
4227 10
4228 10
4229 5
4230 9
4231 7
4232 7
4233 6
4234 9
4235 10
4236 8
4237 8
4238 5
4239 6
4240 9
4241 9
4242 9
4243 15
4244 7
4245 6
4246 8
4247 10
4248 11
4249 9
4250 8
4251 10
4252 9
4253 8
4254 15
4255 6
4256 9
4257 10
4258 8
4259 5
4260 9
4261 6
4262 6
4263 13
4264 11
4265 10
4266 3
4267 9
4268 9
4269 5
4270 7
4271 8
4272 9
4273 17
4274 7
4275 11
4276 7
4277 8
4278 11
4279 6
4280 7
4281 10
4282 6
4283 9
4284 11
4285 14
4286 9
4287 5
4288 9
4289 6
4290 6
4291 6
4292 4
4293 7
4294 11
4295 11
4296 4
4297 7
4298 15
4299 12
4300 14
4301 14
4302 13
4303 10
4304 13
4305 5
4306 10
4307 7
4308 8
4309 9
4310 2
4311 8
4312 11
4313 10
4314 3
4315 9
4316 9
4317 10
4318 8
4319 8
4320 4
4321 5
4322 8
4323 11
4324 9
4325 8
4326 7
4327 5
4328 4
4329 3
4330 9
4331 7
4332 10
4333 5
4334 11
4335 11
4336 8
4337 5
4338 5
4339 7
4340 10
4341 2
4342 8
4343 14
4344 8
4345 10
4346 7
4347 9
4348 7
4349 10
4350 3
4351 7
4352 6
4353 7
4354 3
4355 7
4356 12
4357 9
4358 6
4359 8
4360 10
4361 11
4362 5
4363 8
4364 13
4365 12
4366 10
4367 5
4368 7
4369 7
4370 14
4371 10
4372 6
4373 6
4374 7
4375 12
4376 11
4377 9
4378 10
4379 9
4380 11
4381 8
4382 16
4383 6
4384 12
4385 18
4386 11
4387 12
4388 9
4389 4
4390 7
4391 9
4392 11
4393 7
4394 12
4395 7
4396 8
4397 17
4398 5
4399 8
4400 5
4401 8
4402 8
4403 7
4404 4
4405 6
4406 17
4407 10
4408 8
4409 6
4410 11
4411 13
4412 11
4413 14
4414 6
4415 10
4416 5
4417 7
4418 9
4419 4
4420 6
4421 8
4422 7
4423 3
4424 10
4425 5
4426 10
4427 8
4428 8
4429 7
4430 5
4431 7
4432 12
4433 5
4434 8
4435 7
4436 14
4437 10
4438 8
4439 11
4440 3
4441 7
4442 7
4443 8
4444 20
4445 7
4446 4
4447 8
4448 8
4449 9
4450 10
4451 10
4452 8
4453 6
4454 8
4455 7
4456 10
4457 12
4458 8
4459 8
4460 8
4461 5
4462 11
4463 9
4464 8
4465 9
4466 8
4467 5
4468 16
4469 7
4470 11
4471 8
4472 11
4473 2
4474 8
4475 5
4476 9
4477 7
4478 7
4479 9
4480 10
4481 2
4482 6
4483 4
4484 5
4485 5
4486 9
4487 12
4488 8
4489 12
4490 10
4491 12
4492 10
4493 3
4494 8
4495 9
4496 6
4497 5
4498 15
4499 10
4500 11
4501 5
4502 6
4503 11
4504 9
4505 10
4506 10
4507 6
4508 5
4509 8
4510 7
4511 10
4512 3
4513 11
4514 10
4515 9
4516 9
4517 8
4518 6
4519 11
4520 11
4521 10
4522 5
4523 4
4524 6
4525 3
4526 12
4527 9
4528 8
4529 7
4530 11
4531 6
4532 4
4533 6
4534 8
4535 8
4536 9
4537 11
4538 8
4539 8
4540 6
4541 8
4542 3
4543 12
4544 8
4545 5
4546 4
4547 7
4548 11
4549 10
4550 5
4551 9
4552 13
4553 5
4554 7
4555 4
4556 8
4557 9
4558 5
4559 4
4560 10
4561 6
4562 5
4563 8
4564 7
4565 7
4566 6
4567 9
4568 11
4569 5
4570 9
4571 10
4572 6
4573 9
4574 8
4575 10
4576 8
4577 8
4578 10
4579 8
4580 8
4581 4
4582 5
4583 5
4584 10
4585 6
4586 5
4587 6
4588 8
4589 6
4590 8
4591 6
4592 4
4593 5
4594 4
4595 11
4596 11
4597 4
4598 8
4599 8
4600 7
4601 9
4602 9
4603 6
4604 11
4605 10
4606 8
4607 5
4608 11
4609 11
4610 8
4611 10
4612 10
4613 7
4614 10
4615 7
4616 9
4617 12
4618 9
4619 9
4620 7
4621 6
4622 7
4623 10
4624 8
4625 11
4626 8
4627 10
4628 7
4629 9
4630 4
4631 9
4632 9
4633 6
4634 9
4635 8
4636 11
4638 6
4639 9
4640 6
4641 5
4642 9
4643 8
4644 7
4645 11
4646 3
4647 6
4648 3
4649 5
4650 5
4651 14
4652 7
4653 8
4654 12
4655 7
4656 6
4657 6
4658 5
4659 3
4660 6
4661 6
4662 10
4663 11
4664 7
4665 7
4666 10
4667 7
4668 3
4669 4
4670 7
4671 10
4672 10
4673 10
4674 6
4675 5
4676 4
4677 5
4678 8
4679 6
4680 4
4681 1
4682 7
4683 8
4684 7
4685 8
4686 2
4687 7
4688 6
4689 9
4690 4
4691 6
4692 3
4693 12
4694 7
4695 6
4696 9
4697 5
4698 7
4699 2
4700 5
4701 6
4702 10
4703 9
4704 4
4705 4
4706 4
4707 6
4708 6
4709 5
4710 8
4711 10
4712 4
4713 5
4714 6
4715 8
4716 7
4717 6
4718 9
4719 10
4720 5
4721 2
4722 6
4723 3
4724 14
4725 11
4726 6
4727 10
4728 6
4729 14
4730 10
4731 4
4732 5
4733 10
4734 10
4735 6
4736 6
4737 7
4738 5
4739 6
4740 3
4741 10
4742 6
4743 4
4744 10
4745 7
4746 7
4747 6
4748 5
4749 5
4750 4
4751 8
4752 9
4753 10
4754 4
4755 6
4756 5
4757 6
4758 12
4759 6
4760 6
4761 4
4762 6
4763 8
4764 5
4765 5
4766 5
4767 1
4768 15
4769 8
4770 4
4771 4
4772 5
4773 9
4774 5
4775 7
4776 2
4777 10
4778 5
4779 10
4780 7
4781 3
4782 8
4783 5
4784 6
4785 9
4786 6
4787 10
4788 9
4789 7
4790 4
4791 9
4792 6
4793 14
4794 6
4795 5
4796 7
4797 6
4798 11
4799 2
4800 9
4801 7
4802 10
4803 4
4804 6
4805 7
4806 7
4807 9
4808 8
4809 9
4810 3
4811 6
4812 11
4813 4
4814 5
4815 8
4816 9
4817 10
4818 4
4819 3
4820 5
4821 3
4822 8
4823 5
4824 6
4825 5
4826 6
4827 5
4828 9
4829 3
4830 6
4831 9
4832 9
4833 6
4834 6
4835 5
4836 9
4837 4
4838 7
4839 3
4840 6
4841 5
4842 5
4843 8
4844 3
4845 4
4846 3
4847 4
4848 11
4849 9
4850 5
4851 4
4852 6
4853 7
4854 5
4855 7
4856 6
4857 6
4858 4
4859 4
4860 3
4861 7
4862 8
4863 4
4864 8
4865 7
4866 5
4867 7
4868 2
4869 1
4870 9
4871 18
4872 5
4873 3
4874 7
4875 11
4876 14
4877 4
4878 5
4879 8
4880 5
4881 6
4882 2
4883 5
4884 5
4885 7
4886 7
4887 5
4888 4
4889 9
4890 6
4891 5
4892 5
4893 9
4894 8
4895 3
4896 7
4897 12
4898 11
4899 13
4900 8
4901 6
4902 11
4903 4
4904 8
4905 12
4906 7
4907 9
4908 7
4909 4
4910 2
4911 7
4912 7
4913 7
4914 5
4915 10
4916 4
4917 7
4918 8
4919 4
4920 4
4921 6
4922 6
4923 8
4924 6
4925 6
4926 3
4927 5
4928 6
4929 3
4930 6
4931 6
4932 8
4933 5
4935 1
4936 10
4937 3
4938 8
4939 10
4940 11
4941 8
4942 7
4943 6
4944 4
4945 8
4946 6
4947 3
4948 7
4949 4
4950 7
4951 3
4952 3
4953 8
4954 9
4955 12
4956 4
4957 7
4958 7
4959 7
4960 7
4961 7
4962 3
4963 7
4964 14
4965 7
4966 6
4967 7
4968 3
4969 5
4970 4
4971 7
4972 4
4973 3
4974 11
4975 3
4976 4
4977 7
4978 5
4979 2
4980 7
4981 5
4982 5
4983 7
4984 3
4985 5
4986 4
4987 4
4988 5
4989 7
4990 11
4991 4
4992 6
4993 10
4994 3
4995 6
4996 7
4997 10
4998 5
4999 8
5000 8
5001 6
5002 5
5003 12
5004 7
5005 5
5006 9
5007 8
5008 3
5009 4
5010 7
5011 8
5012 1
5013 8
5014 4
5015 10
5016 2
5017 8
5018 10
5019 5
5020 5
5021 6
5022 6
5023 7
5024 6
5025 5
5026 7
5027 7
5028 10
5029 4
5030 9
5031 9
5032 2
5033 10
5034 5
5035 6
5036 7
5037 3
5038 4
5039 2
5040 3
5041 5
5042 7
5043 13
5044 10
5045 5
5046 5
5047 7
5048 11
5049 8
5050 7
5051 6
5052 12
5053 6
5054 3
5055 4
5056 4
5057 5
5058 5
5059 5
5060 9
5061 3
5062 5
5063 14
5064 1
5065 7
5066 8
5067 10
5068 9
5069 6
5070 4
5071 3
5072 8
5073 5
5074 6
5075 2
5076 3
5077 6
5078 8
5079 5
5080 8
5081 3
5082 5
5083 11
5084 8
5085 6
5086 2
5087 12
5088 4
5089 7
5090 8
5091 9
5092 7
5093 5
5094 5
5095 7
5096 3
5097 4
5098 3
5099 4
5100 3
5101 7
5102 11
5103 7
5104 7
5105 3
5106 6
5107 8
5108 8
5109 3
5110 7
5111 2
5112 6
5113 5
5114 11
5115 7
5116 6
5117 5
5118 8
5119 5
5120 8
5121 8
5122 5
5123 5
5124 2
5125 12
5126 3
5127 2
5128 3
5129 6
5130 10
5131 3
5132 5
5133 8
5134 5
5135 3
5136 6
5137 6
5138 5
5139 3
5140 9
5141 5
5142 5
5143 10
5144 1
5145 7
5146 6
5147 4
5148 3
5149 2
5150 6
5151 9
5152 6
5153 3
5154 12
5155 5
5156 11
5157 7
5158 4
5159 3
5160 5
5161 11
5162 12
5163 3
5164 6
5165 8
5166 4
5167 4
5168 5
5169 10
5170 9
5171 3
5172 2
5173 5
5174 6
5175 3
5176 3
5177 5
5178 4
5179 10
5180 2
5181 3
5182 8
5183 6
5184 8
5185 6
5186 3
5187 4
5188 6
5189 8
5190 4
5191 7
5192 10
5193 3
5194 6
5195 3
5196 3
5197 3
5198 8
5199 6
5200 3
5201 3
5202 2
5203 7
5204 3
5205 6
5206 6
5207 5
5208 7
5209 2
5210 5
5211 5
5212 3
5213 5
5214 9
5215 8
5216 6
5217 2
5218 7
5219 3
5220 6
5221 5
5222 8
5223 5
5224 5
5225 6
5226 8
5227 3
5228 3
5229 9
5230 7
5231 4
5232 4
5233 6
5234 7
5235 8
5236 6
5237 7
5238 9
5239 5
5240 7
5241 7
5242 7
5243 1
5244 6
5245 7
5246 4
5247 3
5248 8
5249 5
5250 8
5251 6
5252 4
5253 6
5254 13
5255 3
5256 4
5257 6
5258 6
5259 6
5260 4
5261 6
5262 5
5263 3
5264 4
5265 5
5266 4
5267 6
5268 8
5269 3
5270 7
5271 2
5272 6
5273 4
5274 7
5275 5
5276 6
5277 6
5278 3
5279 5
5280 7
5281 5
5282 3
5283 12
5284 6
5285 9
5286 6
5287 3
5288 6
5289 6
5290 7
5291 4
5292 10
5293 8
5294 3
5295 6
5296 2
5297 5
5298 4
5299 6
5300 4
5301 3
5302 5
5303 3
5304 2
5305 7
5306 6
5307 5
5308 5
5309 6
5310 4
5311 5
5312 7
5313 5
5314 7
5315 11
5316 7
5317 5
5318 6
5319 8
5320 8
5321 6
5322 2
5323 3
5324 2
5325 4
5326 9
5327 3
5328 2
5329 7
5330 6
5331 11
5332 7
5333 4
5334 4
5336 6
5337 5
5338 8
5339 8
5340 3
5341 6
5342 6
5343 6
5344 2
5345 8
5346 3
5347 4
5348 7
5349 4
5350 2
5351 1
5352 5
5353 4
5354 9
5355 5
5356 7
5357 6
5358 7
5359 2
5360 1
5361 6
5362 5
5363 4
5364 4
5365 4
5366 6
5367 3
5368 8
5369 8
5370 2
5371 5
5372 2
5373 9
5374 3
5375 10
5376 8
5377 3
5378 5
5379 3
5380 5
5381 4
5382 7
5383 7
5384 8
5385 2
5386 2
5387 5
5388 2
5389 8
5390 3
5391 5
5392 7
5393 5
5394 6
5395 4
5396 12
5397 5
5398 4
5399 4
5400 1
5401 4
5402 8
5403 4
5404 2
5405 3
5406 4
5407 8
5408 4
5409 3
5410 3
5411 7
5412 3
5413 8
5414 5
5415 8
5416 9
5417 3
5418 3
5419 6
5420 7
5421 5
5422 1
5423 4
5424 1
5425 2
5426 5
5427 6
5428 4
5429 7
5430 5
5432 5
5433 6
5434 5
5435 3
5436 3
5437 3
5438 5
5439 5
5440 4
5441 9
5442 7
5443 4
5444 3
5445 5
5446 3
5447 5
5448 5
5449 4
5450 6
5451 3
5452 4
5453 1
5454 4
5455 4
5456 8
5457 1
5458 3
5459 7
5460 9
5461 7
5462 9
5463 4
5464 4
5465 6
5466 4
5467 5
5468 2
5469 2
5470 5
5471 3
5472 3
5473 3
5474 3
5475 4
5476 3
5477 7
5478 3
5479 4
5480 7
5481 7
5482 7
5483 5
5484 4
5485 6
5486 5
5487 1
5488 5
5489 5
5490 5
5491 3
5492 4
5493 4
5494 8
5495 5
5496 3
5497 6
5498 7
5499 6
5500 4
5501 3
5502 6
5503 4
5504 5
5506 10
5507 4
5508 3
5509 5
5510 7
5511 5
5512 3
5513 6
5514 5
5515 9
5516 5
5517 3
5518 4
5519 4
5520 4
5521 4
5522 2
5523 6
5524 3
5525 8
5526 6
5527 7
5528 4
5529 4
5530 4
5531 2
5532 6
5533 10
5534 6
5535 2
5536 5
5537 6
5538 4
5539 7
5540 4
5541 6
5542 5
5543 4
5544 3
5545 4
5546 8
5547 3
5548 3
5549 7
5550 8
5551 2
5552 5
5553 4
5554 8
5555 6
5556 4
5557 6
5558 4
5559 3
5560 5
5561 6
5562 2
5563 4
5564 4
5565 6
5566 2
5567 5
5568 7
5569 5
5570 7
5571 3
5572 4
5573 4
5574 5
5575 2
5576 5
5577 8
5578 9
5579 8
5580 5
5581 4
5582 2
5583 5
5584 3
5585 4
5586 4
5587 5
5588 3
5589 4
5590 10
5591 5
5592 3
5593 6
5594 5
5595 4
5596 1
5597 7
5598 3
5599 5
5600 2
5601 4
5603 3
5604 3
5605 6
5606 1
5607 6
5608 6
5609 2
5610 2
5611 6
5612 7
5613 4
5614 2
5615 3
5616 11
5617 2
5618 5
5619 3
5620 4
5621 5
5622 4
5623 9
5624 4
5625 3
5626 4
5627 3
5628 3
5629 7
5630 3
5631 3
5632 5
5633 6
5634 2
5635 4
5636 5
5637 4
5638 2
5639 2
5640 3
5641 6
5642 4
5643 3
5644 3
5645 5
5646 3
5647 4
5648 3
5649 6
5650 7
5651 6
5652 6
5653 3
5654 6
5655 6
5656 3
5657 5
5658 4
5659 3
5660 8
5661 4
5662 2
5663 6
5664 8
5665 5
5666 4
5667 4
5668 8
5669 6
5670 5
5671 5
5672 8
5673 7
5674 7
5675 3
5676 1
5677 8
5678 8
5679 3
5680 8
5681 2
5682 6
5683 6
5684 2
5685 4
5686 3
5687 2
5688 7
5689 5
5690 5
5691 2
5692 2
5693 3
5694 5
5695 4
5696 2
5697 8
5698 3
5699 4
5700 2
5701 4
5702 6
5703 2
5704 3
5705 5
5706 3
5707 6
5708 1
5709 3
5710 2
5711 4
5712 3
5713 2
5714 1
5715 3
5716 4
5717 6
5718 3
5719 3
5721 6
5722 4
5723 6
5724 4
5725 3
5726 6
5727 2
5728 4
5729 10
5730 7
5732 4
5733 6
5734 3
5735 4
5736 4
5737 6
5738 7
5739 1
5740 2
5741 4
5742 1
5743 1
5744 2
5746 7
5747 3
5748 4
5749 5
5750 8
5751 2
5752 2
5753 4
5754 1
5755 4
5756 3
5757 4
5759 5
5760 4
5761 2
5762 2
5763 6
5764 4
5765 2
5766 8
5767 2
5768 4
5769 6
5770 3
5771 2
5772 3
5773 4
5774 4
5775 3
5776 6
5777 4
5778 4
5779 3
5780 3
5781 2
5782 2
5783 2
5784 1
5785 7
5786 2
5787 4
5788 8
5789 2
5790 8
5791 1
5792 3
5793 5
5794 2
5795 3
5796 8
5797 3
5798 4
5799 7
5800 3
5801 4
5802 3
5803 2
5804 3
5805 5
5806 8
5807 2
5808 5
5810 3
5811 3
5812 3
5813 5
5814 4
5815 4
5816 7
5817 3
5818 2
5819 2
5820 2
5821 3
5822 4
5823 3
5824 6
5825 4
5826 5
5827 1
5828 2
5829 4
5830 2
5831 2
5833 3
5834 2
5835 3
5836 8
5837 6
5838 2
5839 4
5840 3
5841 4
5842 3
5843 3
5844 2
5845 5
5846 1
5847 2
5848 4
5849 4
5850 6
5851 3
5852 3
5853 6
5854 2
5855 2
5856 4
5857 3
5858 2
5859 5
5860 7
5861 5
5862 3
5863 13
5864 6
5865 4
5866 5
5867 5
5868 5
5869 4
5870 5
5871 7
5872 5
5873 2
5874 3
5875 3
5876 1
5877 2
5878 3
5879 3
5880 2
5881 2
5882 3
5883 3
5884 3
5885 2
5886 4
5887 4
5888 4
5889 2
5891 2
5892 5
5893 3
5894 7
5895 4
5896 5
5897 4
5898 3
5899 1
5900 6
5901 4
5902 4
5904 7
5905 4
5906 7
5907 3
5908 2
5909 7
5910 1
5911 4
5912 1
5913 5
5914 2
5915 1
5917 7
5918 7
5919 1
5920 3
5921 5
5922 1
5923 3
5924 4
5925 2
5926 6
5927 3
5928 4
5929 3
5930 5
5931 4
5932 4
5933 5
5934 3
5935 6
5936 3
5937 5
5938 3
5939 5
5940 7
5941 1
5942 2
5943 4
5945 1
5946 5
5947 3
5948 7
5949 2
5950 1
5951 4
5952 1
5953 4
5954 1
5955 3
5956 3
5957 4
5958 6
5959 10
5960 4
5961 5
5963 4
5965 6
5966 6
5967 1
5968 1
5969 3
5970 1
5971 2
5972 3
5973 1
5974 3
5975 2
5976 2
5977 6
5978 4
5980 4
5981 2
5982 1
5984 4
5985 1
5986 1
5987 1
5988 5
5989 6
5990 7
5991 3
5992 2
5993 4
5994 4
5995 4
5996 2
5997 5
5998 2
5999 3
6000 3
6001 4
6002 2
6003 5
6004 9
6005 1
6006 2
6007 6
6008 5
6009 1
6010 3
6011 3
6012 2
6013 4
6014 7
6015 4
6016 2
6017 4
6018 1
6019 1
6020 3
6021 3
6022 1
6023 4
6024 5
6025 7
6028 2
6029 1
6030 4
6031 3
6032 6
6033 1
6034 2
6035 4
6036 4
6037 3
6038 2
6039 2
6040 4
6041 5
6042 2
6043 3
6044 5
6045 4
6046 4
6047 3
6048 2
6049 1
6050 3
6051 7
6052 3
6053 4
6054 6
6055 3
6056 1
6057 3
6058 1
6059 5
6060 4
6061 3
6062 7
6063 2
6064 3
6065 3
6066 6
6067 7
6068 4
6069 3
6070 3
6071 6
6072 2
6074 6
6075 7
6076 5
6077 3
6078 4
6079 1
6080 1
6081 3
6082 4
6083 4
6084 7
6085 5
6086 6
6087 1
6088 4
6089 1
6090 5
6091 3
6092 2
6093 5
6094 3
6095 4
6096 4
6097 4
6098 5
6099 5
6100 3
6101 2
6102 4
6103 3
6104 1
6106 2
6107 2
6108 2
6110 2
6111 1
6112 3
6113 6
6114 1
6115 4
6116 4
6117 3
6118 2
6119 2
6120 3
6121 3
6122 2
6123 4
6124 10
6125 4
6126 1
6127 4
6128 4
6129 2
6130 2
6131 2
6132 4
6133 4
6134 4
6135 3
6136 1
6137 2
6139 2
6140 8
6141 8
6142 2
6143 5
6144 2
6145 3
6146 1
6147 4
6148 3
6149 3
6150 1
6151 2
6152 5
6153 1
6154 2
6155 4
6156 2
6157 2
6158 3
6159 2
6160 5
6161 3
6162 1
6163 1
6164 1
6165 3
6166 2
6167 4
6168 2
6169 4
6170 5
6171 3
6172 3
6173 7
6174 5
6175 4
6176 4
6177 1
6178 3
6179 1
6180 3
6181 3
6182 4
6183 5
6184 2
6185 5
6186 1
6187 3
6188 6
6189 2
6190 3
6191 5
6192 1
6193 2
6195 5
6196 4
6197 2
6198 1
6199 6
6200 2
6201 4
6202 3
6203 2
6204 4
6205 3
6206 5
6207 3
6208 1
6209 7
6210 4
6211 6
6212 3
6213 2
6214 6
6215 6
6216 5
6217 1
6218 6
6219 5
6220 6
6221 3
6222 2
6223 2
6224 4
6225 3
6226 3
6227 2
6228 5
6229 9
6230 6
6231 4
6232 2
6233 3
6234 4
6235 3
6236 3
6237 1
6238 4
6239 1
6240 4
6241 5
6242 5
6243 1
6244 6
6245 1
6246 4
6247 4
6248 2
6249 4
6250 3
6251 4
6252 4
6253 3
6254 2
6255 5
6256 3
6257 3
6258 2
6259 4
6260 6
6261 1
6262 4
6263 1
6264 4
6265 3
6267 6
6268 3
6269 5
6270 3
6271 1
6272 8
6273 2
6274 4
6275 5
6276 7
6277 3
6278 1
6279 4
6280 3
6281 5
6282 3
6283 3
6284 5
6285 5
6286 2
6287 1
6288 5
6290 3
6291 3
6292 3
6293 3
6294 5
6295 1
6296 3
6297 1
6298 2
6299 1
6300 4
6301 2
6302 1
6303 2
6305 4
6307 3
6308 2
6309 3
6310 4
6311 1
6312 4
6313 5
6314 2
6315 1
6316 1
6317 2
6318 2
6319 2
6320 1
6322 6
6323 2
6324 2
6325 4
6326 4
6327 1
6328 4
6329 1
6330 8
6331 2
6332 5
6333 6
6334 2
6335 5
6336 2
6337 1
6338 3
6339 3
6340 2
6341 4
6342 4
6343 5
6344 4
6345 5
6346 3
6347 1
6348 2
6349 5
6350 3
6351 6
6352 3
6353 6
6354 6
6355 2
6356 6
6357 2
6358 2
6359 5
6360 3
6361 1
6362 3
6363 1
6364 2
6365 3
6366 4
6367 3
6368 2
6369 1
6370 1
6371 1
6372 1
6373 1
6374 3
6375 3
6376 1
6377 3
6378 3
6379 6
6380 5
6381 3
6383 1
6384 3
6385 7
6386 6
6387 4
6388 5
6389 1
6390 5
6391 1
6392 3
6393 3
6394 4
6395 3
6396 5
6397 4
6398 1
6399 3
6400 4
6402 1
6403 1
6404 3
6405 1
6406 2
6407 1
6408 1
6409 3
6410 4
6412 3
6413 1
6414 2
6415 5
6416 5
6417 1
6418 1
6419 3
6420 5
6421 3
6422 2
6423 7
6424 1
6425 2
6426 3
6427 3
6428 3
6429 1
6430 3
6431 1
6432 3
6433 1
6434 2
6435 4
6436 4
6437 6
6438 5
6439 1
6440 1
6441 1
6442 2
6443 9
6444 4
6445 4
6446 1
6447 5
6448 1
6450 2
6451 1
6452 9
6453 3
6454 2
6455 6
6456 2
6457 2
6458 2
6459 2
6460 3
6461 3
6462 2
6463 4
6465 2
6466 2
6468 4
6469 1
6470 1
6471 3
6472 1
6473 1
6474 2
6475 2
6476 9
6477 3
6478 2
6480 1
6481 4
6482 2
6483 8
6484 1
6485 2
6486 3
6487 3
6488 1
6489 2
6490 2
6491 4
6492 1
6493 4
6495 1
6496 5
6497 4
6498 4
6499 1
6500 1
6501 2
6502 1
6503 1
6504 2
6505 1
6506 2
6507 3
6508 2
6509 6
6510 2
6511 3
6512 1
6513 2
6514 6
6515 5
6516 3
6517 2
6518 1
6519 3
6520 3
6521 4
6522 2
6523 3
6524 2
6525 2
6527 3
6528 5
6529 3
6530 2
6531 4
6532 2
6533 1
6534 4
6535 5
6536 2
6537 2
6538 3
6539 3
6540 4
6541 3
6542 4
6543 3
6544 3
6545 4
6546 4
6547 1
6548 2
6550 3
6551 5
6552 7
6553 3
6554 2
6555 2
6556 3
6557 3
6558 2
6559 6
6561 3
6562 5
6563 2
6564 4
6565 1
6566 3
6567 1
6568 4
6569 6
6570 7
6571 5
6572 3
6573 3
6574 3
6575 1
6576 3
6577 1
6578 1
6579 1
6580 2
6581 1
6582 4
6583 2
6584 1
6585 3
6586 3
6587 6
6588 2
6589 3
6590 2
6591 3
6592 2
6593 1
6594 4
6595 4
6596 3
6597 2
6598 4
6599 3
6600 1
6601 5
6602 2
6603 3
6604 4
6605 3
6607 1
6608 3
6609 1
6610 7
6612 2
6613 1
6615 3
6616 1
6618 2
6619 2
6620 5
6621 2
6622 3
6623 2
6624 2
6625 3
6627 5
6628 4
6629 3
6630 2
6631 4
6632 3
6633 1
6635 4
6636 2
6637 5
6638 4
6639 1
6640 2
6641 4
6642 3
6643 2
6644 2
6645 2
6646 1
6647 3
6648 1
6649 3
6650 6
6651 1
6652 3
6653 3
6654 4
6655 3
6656 5
6657 2
6658 1
6659 6
6660 3
6661 3
6662 2
6663 2
6664 2
6665 2
6667 3
6668 4
6669 4
6671 5
6672 1
6673 2
6674 5
6675 3
6676 4
6677 2
6678 3
6679 1
6681 4
6682 2
6683 3
6684 4
6685 3
6686 3
6687 4
6688 2
6689 2
6690 1
6691 1
6692 2
6693 2
6694 2
6695 2
6696 2
6697 2
6698 5
6699 2
6700 2
6701 2
6702 6
6703 3
6704 4
6705 3
6706 2
6707 3
6709 2
6710 2
6711 2
6712 5
6713 1
6714 1
6716 2
6717 3
6718 1
6719 5
6721 2
6722 5
6724 3
6725 4
6726 2
6727 4
6728 7
6729 3
6730 2
6731 2
6732 4
6733 1
6735 4
6736 2
6737 1
6738 2
6739 2
6740 2
6741 1
6742 4
6744 3
6745 4
6746 5
6747 5
6748 3
6749 3
6751 5
6752 1
6753 4
6754 4
6755 2
6756 3
6757 1
6758 1
6759 3
6760 4
6761 7
6762 2
6763 2
6764 3
6765 2
6766 3
6767 2
6768 1
6769 2
6770 3
6771 1
6772 2
6773 2
6774 2
6775 6
6776 3
6777 1
6778 3
6780 2
6781 3
6782 2
6783 1
6784 4
6785 7
6786 1
6787 2
6788 2
6789 2
6790 6
6791 4
6793 1
6794 1
6795 3
6796 1
6797 2
6798 2
6799 7
6800 3
6801 1
6803 1
6804 1
6805 4
6806 2
6807 1
6808 4
6809 3
6810 3
6812 4
6813 3
6814 2
6815 1
6816 2
6817 3
6818 3
6819 4
6820 2
6821 1
6822 4
6823 1
6824 2
6825 5
6826 3
6827 3
6828 4
6829 1
6830 2
6831 3
6832 1
6833 3
6834 3
6835 2
6836 6
6837 3
6838 2
6839 3
6840 5
6841 1
6842 4
6843 5
6844 1
6845 3
6846 2
6847 2
6849 2
6852 2
6853 2
6854 3
6855 4
6856 1
6857 4
6858 1
6859 1
6860 5
6861 1
6862 3
6863 4
6864 2
6865 1
6866 1
6867 3
6868 2
6869 3
6871 3
6872 4
6873 2
6874 4
6875 1
6876 1
6878 2
6879 3
6880 1
6881 2
6882 3
6883 4
6884 3
6885 9
6886 3
6887 1
6888 2
6889 2
6890 2
6891 4
6892 1
6893 2
6895 1
6896 3
6898 3
6899 5
6900 2
6901 3
6902 4
6903 2
6904 4
6905 3
6907 3
6908 3
6909 1
6910 2
6911 1
6912 2
6913 2
6914 2
6915 2
6916 5
6917 1
6918 1
6919 1
6921 1
6922 3
6923 4
6924 2
6925 1
6926 5
6927 2
6928 1
6929 2
6930 2
6931 1
6932 2
6933 1
6934 6
6935 2
6936 1
6937 3
6938 1
6939 1
6941 2
6942 5
6943 5
6944 2
6945 4
6946 1
6947 3
6948 6
6949 1
6950 1
6951 3
6952 1
6953 3
6954 2
6955 2
6956 3
6957 6
6958 2
6959 1
6960 4
6961 2
6962 5
6963 3
6964 6
6965 3
6966 3
6967 1
6969 1
6970 3
6971 2
6972 1
6973 1
6974 1
6975 6
6976 4
6977 4
6978 3
6979 3
6980 1
6981 1
6982 1
6983 5
6984 2
6985 1
6986 2
6987 3
6988 1
6990 2
6991 1
6992 2
6993 2
6994 1
6995 3
6996 2
6997 2
6998 3
6999 4
7000 4
7001 1
7002 2
7003 3
7004 3
7006 3
7007 3
7008 2
7009 2
7010 1
7011 1
7012 3
7013 3
7014 4
7016 4
7017 3
7018 1
7019 4
7020 2
7021 1
7022 3
7024 2
7025 1
7026 3
7027 1
7028 2
7030 2
7031 2
7032 1
7033 3
7034 1
7035 2
7036 1
7037 3
7038 2
7039 3
7040 2
7041 2
7042 5
7043 2
7044 3
7045 2
7046 2
7047 1
7048 5
7049 3
7050 2
7051 1
7052 5
7053 2
7054 1
7055 2
7056 2
7057 3
7058 1
7059 1
7060 5
7061 1
7062 1
7063 2
7064 1
7065 2
7066 2
7067 1
7068 3
7069 5
7070 2
7072 1
7073 2
7074 4
7075 4
7076 4
7077 2
7078 5
7079 2
7080 3
7081 3
7082 3
7083 1
7084 2
7085 1
7086 2
7087 1
7088 1
7089 1
7090 1
7091 3
7092 2
7094 1
7095 4
7096 2
7097 3
7098 1
7101 1
7102 4
7103 5
7104 1
7105 2
7106 1
7107 2
7108 1
7109 3
7111 1
7112 3
7113 2
7114 4
7115 2
7116 2
7117 2
7118 3
7119 1
7120 4
7121 2
7123 5
7124 5
7125 2
7126 1
7127 4
7128 1
7129 3
7130 2
7131 3
7132 2
7133 4
7134 1
7135 1
7136 2
7137 1
7138 4
7139 3
7140 1
7141 3
7142 2
7143 3
7146 3
7147 3
7149 2
7150 3
7151 2
7152 2
7153 2
7154 4
7155 2
7156 1
7158 3
7159 7
7160 2
7161 1
7162 2
7163 2
7165 5
7166 1
7167 2
7168 2
7170 1
7171 2
7172 1
7173 3
7174 1
7175 2
7177 1
7178 2
7179 3
7180 3
7181 2
7182 3
7183 2
7184 1
7185 5
7186 2
7187 2
7189 1
7190 1
7192 1
7193 2
7194 1
7195 4
7196 1
7197 1
7198 4
7199 2
7200 4
7201 2
7203 1
7204 1
7205 3
7206 3
7207 5
7208 2
7209 2
7210 2
7211 4
7212 2
7213 1
7214 2
7215 2
7216 3
7217 4
7218 1
7219 3
7221 2
7222 1
7223 2
7224 2
7225 3
7226 1
7227 4
7228 3
7229 3
7230 1
7232 1
7233 6
7234 1
7235 1
7236 2
7239 3
7240 2
7241 1
7243 3
7245 1
7247 2
7248 2
7249 3
7251 3
7252 1
7253 2
7254 2
7255 1
7258 2
7259 3
7260 1
7261 2
7262 5
7263 1
7264 2
7266 3
7268 2
7269 3
7270 2
7272 3
7273 1
7274 1
7275 1
7276 5
7278 1
7279 2
7280 3
7281 1
7282 2
7283 2
7285 3
7286 1
7287 1
7289 3
7290 2
7291 2
7292 3
7293 1
7295 5
7296 2
7297 4
7298 6
7299 1
7300 2
7301 4
7302 1
7303 1
7304 2
7305 3
7306 1
7308 1
7309 4
7310 2
7311 4
7312 1
7313 2
7314 3
7316 3
7317 2
7318 3
7319 2
7320 4
7321 3
7322 1
7323 3
7325 3
7326 3
7328 1
7329 4
7330 1
7331 1
7333 4
7334 2
7335 2
7336 2
7337 1
7338 1
7339 1
7340 1
7341 2
7342 1
7343 2
7344 1
7345 2
7346 1
7347 2
7348 4
7350 2
7351 1
7352 2
7353 3
7354 4
7355 1
7356 1
7357 2
7358 3
7359 4
7361 3
7362 1
7363 2
7364 2
7365 2
7366 4
7367 3
7368 2
7369 4
7370 2
7371 3
7372 1
7373 1
7374 2
7375 1
7376 2
7377 3
7378 1
7379 1
7381 2
7383 4
7384 6
7385 2
7386 2
7387 3
7389 1
7390 2
7391 2
7392 1
7393 3
7394 2
7396 4
7397 4
7398 2
7399 3
7400 3
7401 2
7402 4
7404 1
7405 1
7407 2
7409 4
7412 3
7414 3
7415 4
7416 1
7417 2
7418 1
7419 2
7421 3
7422 3
7423 2
7424 3
7425 1
7426 2
7427 2
7429 1
7430 6
7431 3
7432 2
7433 1
7434 3
7435 2
7436 1
7437 3
7438 1
7439 2
7440 2
7441 4
7442 3
7443 5
7444 2
7445 1
7446 2
7447 2
7448 2
7449 4
7450 1
7451 1
7453 1
7454 2
7455 2
7456 2
7457 3
7458 3
7460 3
7461 2
7462 1
7464 1
7466 1
7467 2
7468 1
7469 2
7470 4
7471 1
7472 2
7473 2
7474 1
7476 2
7477 2
7478 2
7479 2
7480 1
7481 2
7482 2
7484 1
7485 3
7487 3
7488 2
7489 1
7490 2
7491 2
7492 2
7493 3
7494 4
7496 1
7497 2
7499 1
7500 1
7501 2
7502 1
7503 5
7504 3
7505 2
7507 1
7508 2
7509 4
7510 1
7511 2
7512 1
7513 1
7514 2
7515 3
7516 2
7517 1
7518 1
7519 2
7520 4
7521 2
7522 2
7523 1
7524 1
7525 2
7526 3
7528 2
7529 1
7530 2
7532 2
7533 1
7535 2
7536 2
7538 2
7540 3
7541 1
7542 2
7543 1
7544 2
7545 1
7546 1
7548 1
7549 4
7550 3
7551 2
7553 4
7554 3
7556 3
7557 1
7558 3
7559 1
7560 2
7562 1
7563 3
7564 1
7565 2
7566 1
7567 2
7568 2
7569 3
7570 4
7572 1
7573 1
7574 3
7575 1
7576 4
7577 3
7578 2
7579 3
7580 2
7581 1
7582 1
7583 1
7585 4
7586 3
7588 2
7589 4
7590 4
7591 2
7592 2
7593 2
7594 2
7595 1
7596 3
7597 2
7598 4
7600 5
7601 4
7602 5
7603 1
7604 3
7605 5
7606 5
7607 2
7608 5
7609 2
7610 3
7611 1
7613 2
7614 3
7615 3
7616 1
7617 3
7618 3
7619 3
7621 1
7622 3
7623 2
7624 2
7626 3
7627 2
7628 4
7629 3
7630 3
7631 1
7632 1
7633 2
7635 3
7636 1
7638 2
7639 2
7640 3
7641 4
7642 1
7643 2
7644 2
7645 1
7646 1
7647 3
7648 1
7649 2
7650 1
7651 3
7652 2
7653 1
7655 7
7656 2
7658 1
7659 1
7660 3
7661 1
7662 2
7663 6
7664 1
7666 1
7668 2
7669 2
7670 6
7671 1
7672 1
7673 2
7674 1
7675 1
7676 1
7677 4
7680 2
7681 2
7682 2
7683 1
7684 2
7685 1
7687 3
7688 1
7689 2
7690 1
7691 3
7692 2
7693 4
7696 1
7697 1
7698 1
7699 2
7700 4
7701 1
7703 1
7704 1
7705 1
7706 2
7707 1
7710 4
7713 1
7716 1
7717 2
7718 2
7719 4
7720 1
7721 2
7722 3
7723 2
7725 2
7726 2
7727 2
7728 4
7729 1
7730 3
7731 1
7732 2
7733 2
7734 5
7735 1
7737 3
7738 1
7739 2
7740 2
7741 1
7742 3
7743 1
7744 1
7745 1
7746 2
7748 1
7749 1
7750 1
7751 1
7752 1
7754 7
7756 2
7758 1
7759 2
7760 2
7761 1
7762 2
7763 2
7765 4
7766 1
7767 2
7769 3
7771 2
7772 4
7775 1
7776 2
7777 3
7778 4
7779 2
7781 2
7782 4
7784 1
7785 1
7786 1
7787 1
7788 1
7790 4
7791 4
7792 3
7793 1
7794 1
7795 1
7797 1
7798 1
7799 2
7800 1
7801 2
7802 2
7803 3
7805 2
7806 2
7807 2
7809 1
7811 2
7813 1
7814 1
7815 1
7818 4
7819 1
7820 3
7821 1
7822 2
7823 1
7824 2
7825 2
7826 3
7827 1
7828 1
7830 1
7831 1
7833 1
7834 3
7835 4
7836 2
7838 2
7839 1
7840 1
7841 1
7843 1
7844 3
7846 3
7847 3
7848 1
7849 1
7850 1
7852 1
7853 1
7854 2
7855 1
7856 4
7857 4
7858 1
7859 2
7863 1
7864 2
7865 1
7866 2
7867 1
7868 1
7869 2
7870 2
7871 1
7872 1
7873 1
7876 2
7878 1
7881 2
7882 1
7883 1
7884 2
7885 1
7887 2
7888 1
7889 1
7891 1
7893 1
7895 2
7897 3
7898 2
7900 2
7902 2
7903 1
7904 1
7905 3
7907 2
7910 1
7911 5
7913 1
7915 1
7916 1
7918 2
7921 1
7922 1
7923 1
7924 3
7925 1
7927 2
7928 1
7930 2
7931 2
7932 1
7933 1
7934 1
7935 1
7936 3
7937 6
7938 3
7939 2
7940 2
7941 2
7943 2
7944 1
7945 2
7946 1
7948 1
7949 1
7951 1
7952 2
7953 4
7954 4
7955 3
7956 1
7957 1
7959 1
7960 1
7961 1
7962 2
7963 1
7965 1
7966 2
7968 1
7969 2
7971 4
7973 3
7974 1
7975 3
7976 3
7977 1
7978 2
7979 1
7980 1
7981 1
7982 2
7984 1
7985 2
7986 3
7987 1
7988 2
7989 1
7991 1
7994 3
7995 2
7996 4
7997 1
7998 4
7999 2
8000 1
8001 1
8002 1
8003 1
8004 1
8007 1
8008 1
8009 2
8010 1
8012 2
8013 2
8014 3
8015 3
8019 2
8020 2
8022 5
8023 2
8025 2
8026 1
8028 2
8029 2
8030 4
8031 2
8033 1
8035 2
8037 1
8038 2
8040 2
8041 1
8043 3
8044 2
8045 3
8046 4
8048 4
8051 1
8052 1
8053 1
8055 2
8056 1
8057 2
8058 1
8059 1
8060 1
8061 2
8062 2
8063 2
8064 1
8065 4
8070 1
8073 4
8074 2
8075 1
8076 3
8078 2
8079 1
8080 2
8083 1
8084 2
8085 4
8086 2
8087 2
8088 3
8089 3
8091 1
8092 1
8093 2
8095 1
8096 1
8098 1
8099 2
8100 1
8102 2
8103 1
8104 2
8105 3
8106 1
8107 1
8108 2
8109 3
8113 1
8115 1
8116 1
8117 4
8120 1
8121 2
8123 3
8125 1
8126 1
8127 2
8128 1
8129 4
8131 2
8132 1
8133 2
8134 1
8135 1
8136 2
8137 2
8142 2
8143 1
8144 1
8145 2
8146 2
8147 1
8148 1
8149 1
8150 3
8151 1
8154 1
8159 1
8160 3
8162 1
8163 2
8164 1
8165 2
8166 1
8167 3
8168 1
8169 1
8170 1
8171 2
8172 1
8173 1
8174 2
8175 2
8177 5
8180 1
8181 1
8182 2
8183 1
8184 2
8185 1
8186 2
8188 2
8189 2
8190 1
8193 3
8194 1
8195 5
8196 1
8197 2
8200 1
8201 2
8202 2
8205 1
8206 3
8207 2
8208 2
8210 5
8213 2
8214 1
8216 1
8218 3
8219 1
8221 2
8222 1
8223 1
8225 1
8228 1
8229 1
8230 1
8233 1
8234 3
8236 2
8237 3
8238 3
8239 1
8240 3
8242 1
8243 1
8244 1
8245 3
8246 1
8248 1
8250 1
8251 2
8252 1
8254 1
8256 2
8257 2
8258 1
8259 1
8263 1
8265 1
8267 1
8268 2
8269 1
8270 2
8272 1
8274 1
8276 1
8277 1
8278 1
8279 3
8280 1
8281 2
8283 3
8285 1
8286 3
8287 1
8288 3
8289 1
8290 2
8291 1
8292 2
8293 2
8294 3
8295 2
8296 1
8297 2
8298 4
8299 1
8301 1
8303 3
8304 1
8305 2
8308 4
8309 1
8310 1
8311 2
8312 1
8313 1
8315 2
8316 1
8317 1
8320 1
8321 2
8322 2
8324 3
8325 2
8327 1
8328 4
8329 1
8330 1
8331 3
8332 1
8334 2
8335 2
8336 2
8337 2
8338 1
8339 1
8340 3
8341 2
8343 4
8344 3
8345 2
8348 1
8349 5
8350 1
8353 1
8354 3
8355 1
8357 1
8360 2
8361 2
8362 2
8363 3
8364 1
8366 1
8367 2
8368 2
8370 2
8371 1
8372 2
8373 1
8374 2
8377 2
8378 1
8380 1
8384 1
8385 2
8386 1
8389 1
8390 2
8391 2
8392 2
8393 1
8394 2
8395 1
8396 1
8397 4
8399 1
8400 1
8401 3
8402 1
8403 2
8404 3
8406 3
8407 3
8408 2
8409 1
8412 2
8416 2
8417 2
8418 1
8419 3
8420 3
8421 2
8422 1
8423 1
8425 2
8427 4
8428 1
8429 1
8430 1
8431 3
8435 1
8436 4
8437 1
8440 1
8442 2
8443 2
8444 1
8445 1
8447 2
8448 4
8450 1
8452 1
8453 3
8455 1
8456 3
8460 3
8464 2
8465 2
8468 2
8469 2
8470 3
8473 2
8474 1
8475 2
8476 1
8478 1
8479 2
8481 1
8483 2
8486 2
8487 2
8489 1
8491 2
8492 2
8493 1
8494 2
8495 1
8496 4
8497 1
8498 1
8503 1
8504 1
8505 2
8509 1
8511 1
8513 1
8514 1
8515 3
8516 2
8518 1
8519 1
8520 1
8521 2
8522 1
8523 1
8524 1
8525 1
8526 2
8527 2
8528 2
8529 2
8530 1
8532 1
8536 3
8539 2
8540 2
8541 1
8543 3
8544 1
8546 1
8547 2
8548 1
8549 5
8551 3
8553 1
8555 1
8556 1
8558 3
8559 2
8560 2
8561 2
8565 1
8566 2
8567 1
8568 1
8569 1
8570 1
8571 2
8573 1
8575 1
8577 1
8579 1
8580 1
8581 1
8582 2
8583 1
8584 1
8585 1
8586 2
8588 3
8589 2
8590 2
8592 1
8593 1
8595 3
8596 1
8597 3
8600 1
8601 4
8602 2
8603 2
8604 1
8605 1
8608 3
8611 1
8612 1
8613 1
8614 2
8615 1
8616 2
8617 2
8618 1
8619 1
8620 1
8622 1
8623 3
8624 1
8626 3
8627 1
8629 3
8630 3
8631 1
8632 1
8636 2
8638 2
8639 2
8640 1
8641 1
8643 1
8645 2
8646 2
8648 3
8649 2
8650 1
8651 1
8653 3
8657 2
8660 4
8661 1
8662 1
8663 2
8665 1
8666 1
8667 1
8669 1
8670 1
8671 1
8672 2
8673 1
8674 1
8675 1
8678 2
8680 3
8681 2
8682 1
8683 1
8684 2
8686 2
8687 1
8689 3
8690 1
8692 3
8693 2
8695 1
8696 2
8698 4
8699 1
8700 1
8703 2
8705 2
8707 1
8710 1
8711 1
8714 2
8715 3
8716 1
8719 1
8720 1
8724 1
8725 2
8727 1
8728 2
8729 1
8730 1
8731 3
8732 3
8735 2
8736 1
8737 1
8738 1
8741 2
8742 1
8747 3
8749 1
8752 1
8753 4
8754 3
8756 1
8757 1
8758 1
8760 3
8762 1
8763 1
8764 2
8766 2
8767 3
8768 1
8772 1
8773 1
8774 1
8780 1
8781 2
8782 1
8785 1
8786 1
8790 1
8792 2
8793 2
8794 2
8796 2
8797 1
8798 1
8799 1
8802 1
8803 1
8806 1
8807 3
8808 1
8809 1
8811 1
8812 1
8815 2
8817 1
8819 1
8820 2
8822 1
8823 1
8825 1
8828 5
8829 3
8832 1
8834 1
8835 1
8836 1
8838 1
8841 1
8842 1
8843 2
8844 1
8848 2
8851 2
8853 1
8854 1
8855 1
8856 1
8859 1
8860 1
8861 3
8862 1
8864 2
8865 1
8866 1
8867 3
8870 1
8871 1
8874 2
8875 1
8877 1
8879 2
8880 1
8881 2
8882 1
8884 1
8886 1
8887 2
8890 2
8891 2
8892 2
8894 1
8896 2
8897 2
8898 2
8901 2
8902 2
8903 1
8906 1
8909 1
8910 3
8911 1
8912 1
8913 1
8915 3
8916 1
8917 1
8918 1
8920 1
8921 2
8922 3
8923 3
8924 1
8926 1
8927 1
8928 1
8929 1
8930 2
8931 1
8934 1
8936 2
8937 1
8938 1
8941 1
8942 1
8946 1
8949 1
8951 4
8953 1
8955 1
8956 2
8958 1
8960 1
8961 2
8962 1
8963 1
8966 1
8967 1
8968 2
8970 3
8971 3
8972 1
8973 1
8975 2
8976 2
8978 1
8981 1
8982 2
8984 1
8985 1
8986 1
8987 2
8988 1
8991 1
8992 1
8997 1
8998 1
8999 1
9000 1
9002 1
9003 1
9004 1
9007 1
9008 2
9009 2
9010 1
9011 3
9012 1
9013 3
9014 1
9015 2
9016 1
9018 3
9023 1
9024 1
9025 2
9028 1
9029 1
9030 2
9031 1
9033 1
9034 2
9039 1
9040 1
9041 1
9043 1
9046 2
9047 1
9048 3
9049 1
9050 1
9051 1
9055 1
9056 1
9057 1
9058 1
9059 1
9060 2
9061 2
9063 1
9066 2
9067 1
9068 1
9070 2
9071 1
9072 1
9073 1
9077 1
9080 1
9083 3
9084 1
9088 2
9089 2
9092 1
9093 2
9094 1
9095 3
9096 1
9098 1
9107 1
9108 1
9110 1
9112 1
9113 1
9114 1
9116 4
9119 2
9121 2
9124 2
9126 1
9127 1
9129 1
9130 2
9131 2
9132 2
9133 1
9134 1
9135 1
9136 1
9137 1
9139 1
9140 2
9141 1
9143 1
9145 1
9147 1
9151 2
9152 1
9153 2
9154 1
9156 1
9158 1
9161 2
9165 1
9168 3
9169 1
9170 1
9171 1
9172 1
9174 1
9175 1
9177 1
9179 2
9182 1
9185 3
9186 1
9188 1
9190 2
9192 1
9193 2
9194 1
9196 1
9197 2
9198 1
9200 2
9202 1
9203 3
9204 1
9205 2
9208 2
9209 1
9210 1
9212 1
9214 2
9216 1
9218 1
9221 2
9223 2
9224 1
9226 1
9228 1
9229 1
9230 4
9232 1
9234 2
9236 1
9238 1
9239 1
9240 1
9242 1
9243 1
9244 1
9245 1
9246 3
9247 1
9248 3
9256 1
9259 1
9263 1
9264 1
9265 1
9266 2
9267 2
9275 2
9276 2
9277 1
9280 1
9281 5
9282 2
9284 2
9286 4
9287 2
9288 1
9290 1
9291 1
9293 1
9294 1
9295 2
9296 3
9297 3
9298 1
9300 1
9302 1
9308 2
9310 1
9313 2
9314 1
9315 1
9321 2
9322 2
9323 1
9327 1
9329 2
9330 2
9333 2
9336 1
9337 1
9338 1
9340 1
9341 2
9343 1
9344 2
9346 1
9347 2
9348 2
9349 1
9351 1
9352 1
9354 1
9355 1
9356 1
9362 1
9364 1
9365 1
9366 1
9370 2
9372 1
9375 1
9377 1
9378 1
9379 1
9381 3
9385 1
9388 2
9390 2
9393 1
9395 3
9397 1
9398 1
9399 2
9401 2
9406 2
9409 2
9410 1
9411 3
9412 1
9413 1
9414 2
9422 1
9426 3
9427 3
9428 3
9429 1
9430 1
9431 1
9434 2
9435 2
9436 1
9438 1
9439 1
9440 1
9441 2
9442 1
9444 1
9445 1
9446 2
9447 3
9448 2
9449 1
9451 1
9453 1
9455 1
9459 1
9463 1
9464 2
9466 1
9467 1
9471 1
9473 1
9474 1
9475 1
9476 1
9478 1
9479 3
9482 1
9484 1
9491 1
9499 1
9500 2
9505 2
9506 1
9507 1
9508 1
9509 1
9513 1
9514 1
9515 1
9518 2
9519 2
9521 1
9524 1
9525 2
9526 1
9528 1
9529 2
9530 1
9531 1
9532 1
9534 1
9537 1
9540 1
9545 1
9547 1
9550 1
9556 1
9557 1
9558 1
9560 1
9563 2
9567 2
9568 2
9569 1
9571 1
9572 1
9573 2
9574 1
9575 1
9576 2
9577 1
9579 2
9581 1
9582 1
9584 1
9585 2
9590 1
9593 1
9594 1
9595 1
9598 2
9599 1
9600 1
9601 1
9603 1
9604 2
9606 1
9607 1
9608 3
9610 2
9611 1
9614 1
9616 1
9617 1
9619 1
9620 1
9621 1
9634 2
9638 1
9640 2
9644 1
9645 1
9646 1
9647 1
9650 1
9654 1
9655 1
9658 1
9662 1
9663 2
9664 1
9665 1
9666 1
9667 1
9668 1
9669 1
9671 1
9672 1
9679 3
9681 1
9683 1
9684 1
9685 1
9686 1
9688 1
9692 1
9693 1
9694 1
9695 2
9697 2
9699 2
9700 1
9705 1
9706 1
9710 1
9714 2
9716 1
9718 1
9723 1
9725 1
9726 2
9728 1
9731 1
9732 1
9733 1
9740 1
9747 2
9748 1
9749 1
9750 1
9751 1
9753 1
9754 1
9755 1
9757 2
9758 4
9759 1
9760 1
9763 2
9764 2
9766 1
9767 3
9768 2
9770 2
9771 1
9772 1
9774 2
9778 1
9780 2
9786 1
9788 1
9789 1
9790 1
9791 1
9792 1
9793 1
9796 1
9798 1
9800 2
9801 1
9802 3
9803 1
9804 3
9811 1
9815 1
9822 1
9823 1
9825 1
9827 2
9828 1
9830 1
9833 2
9834 1
9836 1
9839 1
9840 1
9848 1
9849 1
9851 1
9853 2
9855 1
9857 1
9858 1
9859 2
9861 1
9866 2
9869 2
9871 1
9872 2
9873 1
9874 1
9875 1
9877 1
9878 3
9880 1
9881 1
9884 1
9886 1
9888 1
9889 1
9891 2
9892 1
9893 1
9896 1
9897 1
9899 1
9901 1
9903 1
9904 1
9906 3
9909 1
9910 1
9911 1
9912 2
9913 1
9916 3
9918 1
9919 1
9920 1
9921 1
9923 2
9924 1
9926 1
9928 1
9934 1
9937 1
9949 1
9951 1
9956 1
9957 2
9959 2
9961 1
9965 2
9970 1
9972 1
9974 3
9975 1
9982 1
9983 1
9987 2
9995 2
9998 1
10012 1
10013 1
10014 1
10015 1
10018 2
10019 2
10023 1
10024 1
10026 1
10029 2
10030 2
10032 1
10034 1
10041 1
10043 1
10047 1
10049 1
10050 1
10051 2
10054 1
10055 1
10057 1
10059 1
10062 1
10066 1
10069 3
10071 2
10073 1
10075 1
10076 1
10080 1
10084 1
10085 1
10091 2
10093 1
10094 2
10095 1
10098 2
10099 1
10101 1
10102 1
10107 2
10108 1
10111 1
10113 2
10116 1
10123 1
10128 3
10129 2
10130 1
10134 1
10135 1
10136 1
10138 1
10142 1
10144 1
10146 1
10149 1
10150 2
10152 1
10153 1
10154 1
10155 3
10156 2
10159 2
10160 2
10163 2
10165 2
10166 1
10167 1
10170 1
10173 2
10174 2
10175 1
10181 1
10182 1
10183 2
10186 1
10188 1
10189 1
10190 1
10191 1
10193 1
10195 2
10196 1
10206 1
10214 1
10216 1
10217 1
10219 1
10225 1
10226 1
10227 1
10236 1
10237 1
10239 1
10240 1
10241 1
10242 1
10243 1
10247 1
10248 1
10249 1
10250 1
10254 1
10255 1
10259 1
10268 1
10274 1
10277 1
10278 2
10280 3
10281 1
10284 1
10287 2
10288 1
10289 1
10290 1
10291 1
10296 1
10297 2
10298 1
10302 1
10306 1
10307 1
10308 3
10310 1
10312 1
10314 2
10315 1
10319 2
10321 2
10323 2
10325 1
10326 2
10329 1
10330 2
10333 2
10337 1
10338 1
10340 1
10341 1
10345 1
10347 1
10349 1
10350 2
10353 2
10356 2
10357 1
10358 1
10359 2
10366 1
10367 2
10372 1
10374 2
10375 1
10378 1
10380 3
10385 1
10394 1
10396 1
10399 1
10400 2
10402 1
10407 1
10408 1
10409 1
10410 1
10411 1
10412 1
10419 1
10428 2
10432 1
10440 1
10441 1
10444 1
10448 1
10453 2
10454 1
10455 2
10457 1
10459 1
10463 2
10465 1
10466 1
10467 1
10470 1
10475 1
10489 1
10494 1
10496 1
10497 1
10498 1
10501 1
10503 2
10507 2
10508 1
10510 2
10511 1
10513 1
10514 2
10516 1
10517 1
10518 1
10519 2
10520 1
10522 1
10523 3
10524 1
10531 1
10532 1
10533 1
10536 1
10538 2
10540 1
10543 1
10544 1
10545 1
10546 3
10547 3
10550 1
10551 1
10559 1
10560 2
10562 1
10563 1
10564 2
10565 1
10570 1
10573 1
10577 1
10578 1
10581 2
10582 1
10584 2
10588 1
10592 1
10594 3
10597 1
10602 1
10605 2
10606 1
10611 1
10612 1
10615 2
10618 1
10619 2
10621 2
10622 1
10623 1
10624 1
10626 1
10627 1
10631 1
10633 1
10637 2
10639 2
10643 2
10644 1
10648 1
10650 2
10653 1
10657 2
10660 1
10662 2
10665 1
10668 1
10670 1
10671 1
10672 1
10673 1
10674 3
10675 1
10676 3
10678 1
10684 1
10687 1
10694 1
10698 1
10703 1
10705 1
10706 1
10708 1
10716 1
10725 1
10742 1
10744 1
10745 1
10747 2
10748 1
10755 1
10758 1
10761 1
10762 1
10765 1
10766 1
10768 2
10769 2
10771 1
10774 1
10775 3
10777 1
10778 2
10784 1
10785 2
10786 2
10800 2
10802 2
10819 1
10821 2
10822 1
10824 1
10825 1
10827 1
10828 2
10831 1
10835 1
10841 1
10844 1
10851 1
10855 1
10858 2
10875 1
10877 1
10879 1
10884 2
10891 1
10892 3
10895 2
10896 1
10901 1
10902 1
10904 1
10905 1
10906 1
10913 1
10916 1
10920 1
10925 1
10929 1
10930 1
10936 1
10938 1
10940 1
10944 1
10948 1
10951 1
10952 1
10957 1
10963 1
10969 1
10970 1
10972 1
10973 1
10974 1
10977 1
10979 1
10981 1
10982 1
10989 1
10992 1
10997 1
11002 2
11003 2
11006 1
11007 1
11009 2
11013 1
11015 1
11017 1
11018 2
11027 1
11031 1
11037 2
11038 2
11040 1
11044 1
11047 1
11050 1
11053 1
11055 1
11057 2
11061 1
11062 1
11064 1
11065 1
11068 1
11072 2
11074 1
11078 1
11080 1
11081 1
11084 1
11088 1
11091 2
11092 1
11098 1
11100 1
11103 1
11106 1
11113 1
11115 1
11119 1
11122 1
11134 1
11135 2
11137 1
11141 1
11142 1
11143 1
11144 2
11145 2
11150 1
11154 1
11159 1
11161 1
11166 1
11173 1
11175 1
11177 2
11178 1
11181 1
11183 1
11187 1
11190 1
11191 1
11192 1
11196 1
11202 1
11203 1
11214 1
11215 1
11216 1
11221 2
11226 1
11231 1
11232 1
11233 1
11235 1
11243 1
11246 2
11248 1
11251 2
11252 1
11256 1
11257 1
11262 1
11264 1
11265 2
11266 1
11268 1
11270 2
11271 1
11274 1
11278 1
11280 1
11282 3
11283 1
11287 1
11289 1
11291 1
11293 1
11297 1
11298 1
11299 1
11301 1
11302 1
11306 1
11309 1
11311 1
11315 1
11316 1
11321 1
11325 1
11326 1
11329 1
11335 1
11339 1
11343 1
11349 1
11356 2
11358 1
11364 1
11367 1
11370 1
11375 1
11380 1
11381 1
11386 1
11397 1
11403 2
11404 1
11405 1
11406 2
11412 2
11415 1
11423 1
11425 2
11429 1
11431 1
11432 1
11435 2
11445 1
11446 1
11447 1
11448 1
11451 1
11454 1
11459 1
11460 1
11463 3
11471 1
11472 2
11475 1
11478 1
11479 1
11484 1
11486 1
11487 1
11489 1
11490 1
11492 1
11494 1
11496 1
11503 1
11504 1
11509 1
11510 1
11512 1
11514 1
11518 1
11520 1
11525 3
11528 1
11533 2
11537 1
11541 1
11543 1
11548 1
11553 1
11555 1
11556 1
11558 2
11564 1
11565 1
11573 1
11576 2
11579 1
11589 1
11593 1
11598 1
11608 1
11609 1
11614 3
11616 1
11617 2
11632 1
11636 1
11643 1
11648 2
11658 1
11665 1
11670 2
11672 1
11675 1
11677 1
11682 1
11684 1
11695 2
11696 1
11700 1
11701 1
11702 2
11704 1
11707 1
11713 2
11721 1
11722 1
11724 1
11730 1
11731 1
11733 1
11750 1
11755 1
11756 1
11762 1
11763 2
11768 1
11769 1
11782 2
11783 1
11785 1
11791 1
11807 1
11808 1
11814 1
11817 1
11818 1
11822 1
11824 1
11828 1
11834 1
11839 1
11841 1
11842 1
11843 2
11847 1
11852 1
11860 1
11877 1
11880 1
11883 2
11884 1
11886 1
11889 2
11891 1
11895 1
11897 1
11901 1
11903 1
11908 2
11910 1
11911 1
11914 1
11920 2
11922 1
11924 1
11926 1
11929 1
11931 2
11932 1
11935 1
11937 1
11947 1
11948 1
11951 1
11952 1
11954 1
11955 1
11958 1
11960 1
11963 1
11964 1
11968 1
11970 1
11971 2
11978 1
11979 1
11983 2
11985 2
12004 1
12009 1
12010 1
12015 1
12026 1
12029 1
12032 1
12035 1
12036 1
12041 1
12044 1
12046 1
12047 1
12051 1
12054 1
12060 1
12067 1
12076 2
12080 1
12084 1
12085 1
12086 1
12087 3
12089 1
12090 1
12091 1
12092 1
12101 1
12104 1
12111 1
12115 2
12124 1
12128 1
12129 1
12134 2
12141 1
12144 1
12156 1
12159 1
12166 1
12171 1
12172 1
12178 1
12180 1
12181 1
12184 1
12187 1
12198 1
12199 1
12210 2
12211 1
12213 1
12223 1
12224 1
12226 2
12235 1
12238 1
12240 2
12242 1
12246 1
12249 1
12251 1
12264 2
12270 1
12271 1
12272 1
12282 1
12283 1
12285 1
12290 1
12293 1
12301 1
12305 1
12311 1
12325 1
12334 1
12335 1
12336 1
12338 1
12341 2
12342 3
12343 1
12353 1
12355 1
12356 1
12363 1
12365 1
12371 1
12374 1
12378 1
12379 2
12386 1
12389 1
12393 1
12395 1
12401 1
12402 1
12408 1
12412 1
12417 1
12423 1
12425 1
12429 1
12432 1
12436 1
12439 1
12455 1
12457 1
12466 1
12470 1
12476 1
12494 1
12498 1
12503 1
12507 1
12511 1
12516 1
12519 1
12529 1
12535 1
12542 1
12545 1
12547 1
12552 1
12554 1
12557 1
12564 1
12566 1
12567 1
12570 1
12573 1
12579 1
12589 1
12596 1
12600 1
12606 1
12631 1
12632 1
12633 1
12636 1
12644 1
12650 1
12665 1
12671 2
12692 2
12694 1
12695 1
12696 1
12698 1
12701 2
12705 2
12708 1
12716 1
12718 1
12721 1
12727 1
12729 1
12732 1
12736 1
12745 1
12748 1
12751 1
12752 1
12754 1
12759 1
12763 1
12766 1
12767 1
12770 1
12771 1
12772 1
12775 1
12778 1
12787 2
12789 1
12790 2
12795 1
12800 1
12801 1
12803 1
12805 1
12824 1
12832 1
12843 1
12852 1
12855 1
12860 1
12861 1
12866 1
12868 1
12872 2
12875 1
12885 1
12886 1
12888 2
12892 1
12905 2
12910 1
12919 1
12921 1
12928 1
12938 1
12940 2
12943 1
12952 1
12957 1
12962 2
12965 1
12969 1
12982 1
12983 1
12997 1
13017 1
13020 1
13022 1
13028 1
13039 1
13041 1
13044 1
13049 1
13057 1
13063 1
13068 1
13073 1
13077 1
13093 2
13101 1
13106 2
13112 1
13113 1
13122 1
13130 1
13133 1
13134 1
13153 1
13156 1
13178 1
13186 1
13201 1
13211 1
13212 1
13217 1
13220 1
13222 1
13226 1
13231 1
13235 1
13237 1
13242 1
13247 1
13257 1
13262 1
13266 1
13268 1
13269 1
13271 1
13273 1
13284 1
13286 1
13289 1
13293 1
13294 1
13300 2
13312 1
13315 1
13319 2
13331 1
13335 1
13347 1
13349 1
13356 1
13359 1
13362 1
13372 1
13373 1
13377 1
13380 1
13382 1
13393 1
13395 1
13396 2
13400 1
13402 1
13404 1
13414 1
13430 2
13433 1
13441 1
13450 2
13455 1
13457 1
13462 2
13467 1
13475 1
13478 1
13481 1
13494 1
13495 1
13500 1
13505 1
13517 2
13521 1
13533 1
13534 2
13538 1
13543 2
13544 1
13551 1
13568 1
13569 1
13571 1
13585 1
13590 1
13591 1
13599 1
13601 1
13616 1
13632 1
13635 1
13637 1
13653 1
13665 1
13672 1
13678 1
13690 1
13694 1
13696 1
13698 1
13720 1
13722 1
13738 1
13748 1
13752 1
13755 1
13756 1
13771 1
13776 1
13779 1
13797 1
13806 1
13810 1
13820 1
13824 1
13831 1
13834 1
13851 1
13853 1
13854 1
13856 1
13858 1
13863 1
13868 1
13875 2
13878 1
13882 1
13890 1
13891 1
13897 1
13911 1
13914 1
13923 1
13924 1
13930 1
13957 1
13961 1
13966 1
13968 1
13971 1
13973 1
13974 1
13977 1
13998 1
14005 1
14031 1
14035 1
14041 2
14045 1
14048 2
14089 1
14099 1
14100 1
14102 2
14103 1
14108 1
14111 1
14113 1
14117 1
14131 1
14134 2
14140 1
14146 2
14147 1
14148 1
14160 2
14169 1
14171 1
14176 1
14191 1
14197 1
14204 1
14206 1
14219 1
14227 1
14232 1
14247 1
14251 1
14268 1
14276 1
14312 1
14313 1
14325 1
14331 1
14334 1
14355 1
14356 1
14357 1
14367 1
14397 1
14408 1
14414 1
14415 1
14426 1
14433 1
14439 2
14454 1
14463 1
14464 1
14472 1
14478 1
14495 1
14496 1
14499 1
14513 1
14524 1
14526 1
14528 1
14536 1
14539 1
14556 1
14564 1
14567 1
14578 1
14596 1
14608 1
14626 1
14631 1
14636 1
14661 1
14672 1
14676 1
14701 1
14715 1
14727 1
14732 1
14745 1
14746 1
14756 1
14762 1
14775 1
14777 1
14783 1
14806 1
14809 1
14820 1
14825 1
14834 1
14836 1
14841 1
14850 1
14857 2
14876 1
14901 1
14910 1
14911 1
14915 1
14918 1
14919 1
14930 1
14931 1
14938 2
14945 1
14953 1
14957 1
14971 1
14977 1
15003 1
15040 1
15049 1
15062 1
15065 1
15069 1
15087 1
15088 1
15101 1
15103 1
15105 1
15107 1
15122 1
15123 1
15130 1
15131 1
15134 1
15151 1
15187 1
15195 1
15220 1
15257 1
15258 1
15268 1
15269 1
15275 1
15325 1
15328 1
15354 1
15359 1
15364 1
15367 1
15386 1
15391 2
15400 1
15428 1
15433 1
15438 1
15451 1
15459 1
15486 1
15494 1
15498 1
15521 1
15530 2
15555 1
15559 1
15567 1
15583 1
15598 1
15606 1
15621 1
15636 1
15648 1
15661 1
15665 1
15680 1
15707 1
15711 1
15720 1
15736 3
15782 1
15787 1
15788 1
15796 1
15813 1
15839 2
15906 1
15926 1
15949 1
16033 1
16035 1
16039 1
16041 1
16070 1
16074 1
16098 1
16127 1
16140 1
16146 1
16154 1
16164 1
16170 1
16172 1
16197 1
16237 1
16262 1
16276 1
16284 1
16293 1
16308 1
16311 1
16321 1
16326 1
16343 1
16409 1
16412 1
16425 1
16453 1
16461 1
16484 1
16486 2
16524 1
16540 1
16571 1
16641 1
16654 1
16657 1
16662 1
16666 1
16697 1
16705 1
16716 1
16753 1
16789 1
16821 1
16833 1
16836 1
16837 1
16851 1
16893 1
16919 1
16931 1
16944 1
16949 1
16959 1
16987 1
17013 1
17037 1
17038 1
17045 1
17056 1
17059 1
17061 1
17068 1
17075 1
17091 1
17097 1
17130 1
17135 1
17180 1
17193 1
17203 1
17218 1
17223 1
17233 1
17269 1
17321 1
17354 1
17368 1
17413 1
17420 1
17424 1
17489 2
17513 1
17581 1
17586 1
17617 1
17620 1
17650 1
17710 1
17714 1
17729 1
17738 1
17758 1
17760 1
17771 1
17780 1
17783 3
17810 1
17856 1
17877 1
17903 1
17953 1
18009 1
18119 1
18164 1
18235 1
18252 1
18260 1
18307 1
18343 1
18355 1
18433 1
18452 1
18556 1
18559 1
18567 1
18584 1
18602 1
18605 1
18607 1
18625 1
18642 1
18660 1
18702 1
18753 1
18842 1
18849 1
18938 1
18941 1
18979 1
19051 1
19060 1
19129 1
19167 1
19174 1
19295 1
19306 1
19313 1
19370 1
19399 1
19420 1
19460 1
19594 1
19636 1
19716 1
19842 1
19919 1
19977 1
19982 1
20033 1
20126 1
20202 1
20335 1
20341 1
20367 1
20376 1
20397 1
20440 1
20461 1
20509 1
20511 1
20518 1
20561 1
20694 1
20836 1
20912 1
21092 1
21106 1
21270 1
21279 2
21289 1
21395 1
21417 1
21450 1
21516 1
21619 1
21772 1
21989 1
22001 1
22295 1
22390 1
22445 1
22638 1
22756 1
22919 1
23025 1
23127 1
23134 1
23325 1
23451 1
23457 1
23505 1
23728 1
23810 1
23940 1
24049 1
24200 1
24569 1
24842 1
24990 1
25196 1
25303 1
25516 1
26094 1
26335 1
26555 1
27723 1
28363 1
29009 1
29511 1
