-1061 1
-1060 1
-1057 7
-1056 6
-1055 6
-1054 17
-1053 25
-1052 31
-1051 51
-1050 55
-1049 71
-1048 96
-1047 94
-1046 124
-1045 149
-1044 197
-1043 214
-1042 248
-1041 268
-1040 319
-1039 334
-1038 342
-1037 388
-1036 352
-1035 408
-1034 447
-1033 455
-1032 473
-1031 462
-1030 469
-1029 537
-1028 482
-1027 553
-1026 577
-1025 613
-1024 624
-1023 644
-1022 683
-1021 673
-1020 778
-1019 834
-1018 888
-1017 827
-1016 868
-1015 817
-1014 795
-1013 830
-1012 847
-1011 936
-1010 909
-1009 976
-1008 1053
-1007 1111
-1006 1081
-1005 1047
-1004 1091
-1003 1113
-1002 1046
-1001 1085
-1000 1115
-999 1095
-998 1094
-997 1107
-996 1108
-995 1174
-994 1142
-993 1144
-992 1148
-991 1158
-990 1158
-989 1203
-988 1249
-987 1210
-986 1271
-985 1306
-984 1233
-983 1202
-982 1333
-981 1257
-980 1287
-979 1254
-978 1267
-977 1345
-976 1284
-975 1331
-974 1374
-973 1336
-972 1335
-971 1296
-970 1394
-969 1429
-968 1327
-967 1288
-966 1414
-965 1360
-964 1511
-963 1467
-962 1474
-961 1457
-960 1523
-959 1629
-958 1510
-957 1589
-956 1576
-955 1619
-954 1584
-953 1639
-952 1601
-951 1635
-950 1696
-949 1665
-948 1856
-947 1846
-946 1950
-945 1881
-944 1956
-943 2066
-942 2240
-941 2199
-940 2174
-939 2392
-938 2329
-937 2395
-936 2420
-935 2486
-934 2493
-933 2390
-932 2527
-931 2514
-930 2554
-929 2675
-928 2678
-927 2755
-926 2702
-925 2760
-924 2740
-923 2770
-922 2760
-921 2894
-920 2676
-919 2693
-918 2730
-917 2579
-916 2672
-915 2699
-914 2730
-913 2756
-912 2704
-911 2822
-910 2757
-909 2897
-908 2917
-907 2901
-906 2814
-905 2917
-904 2833
-903 2815
-902 2827
-901 2993
-900 2882
-899 2823
-898 2789
-897 2906
-896 2925
-895 2974
-894 2996
-893 2882
-892 2893
-891 3042
-890 2963
-889 2942
-888 3070
-887 2924
-886 2960
-885 2899
-884 2839
-883 2860
-882 2770
-881 2944
-880 2920
-879 2828
-878 2987
-877 2941
-876 3001
-875 2943
-874 3046
-873 3105
-872 3068
-871 3181
-870 3176
-869 3130
-868 3129
-867 3174
-866 3130
-865 3139
-864 3143
-863 3201
-862 3178
-861 3161
-860 3170
-859 3140
-858 3244
-857 3157
-856 3183
-855 3238
-854 3188
-853 3261
-852 3121
-851 3120
-850 3081
-849 3131
-848 3082
-847 3148
-846 3087
-845 3145
-844 3026
-843 3015
-842 3114
-841 3244
-840 3212
-839 3134
-838 3256
-837 3219
-836 3304
-835 3336
-834 3269
-833 3388
-832 3278
-831 3423
-830 3438
-829 3494
-828 3669
-827 3690
-826 3820
-825 3763
-824 3670
-823 3803
-822 3866
-821 3841
-820 3943
-819 4012
-818 4089
-817 4198
-816 4087
-815 4135
-814 4102
-813 4012
-812 4189
-811 4114
-810 4312
-809 4323
-808 4214
-807 4139
-806 4138
-805 4060
-804 4045
-803 3918
-802 4197
-801 4137
-800 4190
-799 4300
-798 4326
-797 4340
-796 4361
-795 4324
-794 4280
-793 4309
-792 4428
-791 4346
-790 4365
-789 4463
-788 4456
-787 4558
-786 4472
-785 4432
-784 4591
-783 4552
-782 4675
-781 4636
-780 4731
-779 4692
-778 4759
-777 4658
-776 4752
-775 4800
-774 4881
-773 4973
-772 4974
-771 4943
-770 5145
-769 5085
-768 5169
-767 5293
-766 5363
-765 5315
-764 5290
-763 5379
-762 5356
-761 5204
-760 5414
-759 5392
-758 5327
-757 5460
-756 5425
-755 5651
-754 5350
-753 5547
-752 5446
-751 5475
-750 5601
-749 5519
-748 5435
-747 5398
-746 5556
-745 5501
-744 5439
-743 5392
-742 5477
-741 5410
-740 5485
-739 5422
-738 5447
-737 5526
-736 5432
-735 5472
-734 5410
-733 5296
-732 5404
-731 5295
-730 5271
-729 5388
-728 5596
-727 5501
-726 5675
-725 5714
-724 5753
-723 5767
-722 5917
-721 5805
-720 5865
-719 5944
-718 5967
-717 6016
-716 6101
-715 6121
-714 5957
-713 6276
-712 6225
-711 6402
-710 6244
-709 6479
-708 6375
-707 6508
-706 6609
-705 6549
-704 6539
-703 6547
-702 6676
-701 6690
-700 6430
-699 6589
-698 6525
-697 6356
-696 6367
-695 6377
-694 6370
-693 6335
-692 6184
-691 6431
-690 6225
-689 6256
-688 6123
-687 6237
-686 6373
-685 6205
-684 6285
-683 6280
-682 6409
-681 6498
-680 6399
-679 6433
-678 6280
-677 6261
-676 6068
-675 6218
-674 6144
-673 6153
-672 6135
-671 6131
-670 5946
-669 6090
-668 6023
-667 6167
-666 6029
-665 6114
-664 6045
-663 5903
-662 5977
-661 6009
-660 6084
-659 6023
-658 5852
-657 5970
-656 6132
-655 6032
-654 5988
-653 6034
-652 6054
-651 5974
-650 6001
-649 6075
-648 6011
-647 6203
-646 6115
-645 6300
-644 6168
-643 6255
-642 6354
-641 6635
-640 6537
-639 6411
-638 6365
-637 6447
-636 6382
-635 6358
-634 6294
-633 6336
-632 6235
-631 6367
-630 6297
-629 6145
-628 6337
-627 6328
-626 6377
-625 6173
-624 6287
-623 6388
-622 6586
-621 6453
-620 6440
-619 6339
-618 6432
-617 6334
-616 6364
-615 6375
-614 6512
-613 6261
-612 6455
-611 6311
-610 6337
-609 6448
-608 6368
-607 6365
-606 6348
-605 6174
-604 6288
-603 6205
-602 6220
-601 6445
-600 6568
-599 6581
-598 6345
-597 6432
-596 6504
-595 6444
-594 6575
-593 6474
-592 6687
-591 6673
-590 6683
-589 6849
-588 6696
-587 6719
-586 6931
-585 6983
-584 7108
-583 7240
-582 7214
-581 7334
-580 7417
-579 7312
-578 7396
-577 7183
-576 7131
-575 7011
-574 7324
-573 7185
-572 7049
-571 7075
-570 7047
-569 7056
-568 7019
-567 6864
-566 6947
-565 7043
-564 6946
-563 6872
-562 6875
-561 6758
-560 6785
-559 6985
-558 6785
-557 6693
-556 6654
-555 6732
-554 6737
-553 6754
-552 6651
-551 6645
-550 6743
-549 6622
-548 6474
-547 6519
-546 6585
-545 6519
-544 6449
-543 6577
-542 6393
-541 6452
-540 6355
-539 6302
-538 6370
-537 6321
-536 6548
-535 6572
-534 6230
-533 6194
-532 6395
-531 6313
-530 6383
-529 6222
-528 6344
-527 6164
-526 6148
-525 6154
-524 6182
-523 6222
-522 6079
-521 6029
-520 6160
-519 6047
-518 5933
-517 6027
-516 5909
-515 5949
-514 5879
-513 5900
-512 5776
-511 5958
-510 5717
-509 5692
-508 5815
-507 5576
-506 5685
-505 5675
-504 5781
-503 5661
-502 5740
-501 5670
-500 5722
-499 5679
-498 5433
-497 5692
-496 5517
-495 5644
-494 5589
-493 5646
-492 5585
-491 5587
-490 5602
-489 5592
-488 5396
-487 5570
-486 5532
-485 5544
-484 5557
-483 5512
-482 5663
-481 5541
-480 5482
-479 5368
-478 5679
-477 5434
-476 5524
-475 5660
-474 5640
-473 5504
-472 5496
-471 5546
-470 5503
-469 5558
-468 5583
-467 5586
-466 5487
-465 5529
-464 5570
-463 5451
-462 5515
-461 5429
-460 5435
-459 5485
-458 5467
-457 5163
-456 5408
-455 5384
-454 5381
-453 5553
-452 5547
-451 5281
-450 5263
-449 5414
-448 5357
-447 5333
-446 5352
-445 5314
-444 5239
-443 5224
-442 5279
-441 5252
-440 5202
-439 5313
-438 5174
-437 5145
-436 5083
-435 5180
-434 4968
-433 5087
-432 5136
-431 5018
-430 5090
-429 5040
-428 4966
-427 4995
-426 4948
-425 5022
-424 5056
-423 4977
-422 4932
-421 5009
-420 5026
-419 4855
-418 4921
-417 5076
-416 4955
-415 4879
-414 4917
-413 4958
-412 4885
-411 4937
-410 4872
-409 4766
-408 4966
-407 4933
-406 4924
-405 4929
-404 4859
-403 4801
-402 4916
-401 4779
-400 4867
-399 4932
-398 4990
-397 4971
-396 4891
-395 4934
-394 4926
-393 5041
-392 4837
-391 4964
-390 4957
-389 4845
-388 4786
-387 4789
-386 4679
-385 4692
-384 4698
-383 4598
-382 4651
-381 4708
-380 4626
-379 4630
-378 4546
-377 4649
-376 4575
-375 4548
-374 4491
-373 4457
-372 4328
-371 4368
-370 4205
-369 4453
-368 4281
-367 4261
-366 4175
-365 4170
-364 4329
-363 4272
-362 4060
-361 4113
-360 4031
-359 4216
-358 4090
-357 3950
-356 3991
-355 3973
-354 3968
-353 4041
-352 3968
-351 3818
-350 3895
-349 3880
-348 3891
-347 4037
-346 4008
-345 3877
-344 3929
-343 3917
-342 4029
-341 3875
-340 3863
-339 3886
-338 3803
-337 3884
-336 3846
-335 3656
-334 3724
-333 3745
-332 3766
-331 3686
-330 3774
-329 3685
-328 3615
-327 3702
-326 3592
-325 3648
-324 3566
-323 3638
-322 3616
-321 3543
-320 3547
-319 3518
-318 3460
-317 3474
-316 3437
-315 3412
-314 3537
-313 3370
-312 3440
-311 3431
-310 3443
-309 3476
-308 3421
-307 3324
-306 3282
-305 3183
-304 3277
-303 3253
-302 3258
-301 3188
-300 3179
-299 3102
-298 3187
-297 3140
-296 3106
-295 3072
-294 3201
-293 3078
-292 3099
-291 2919
-290 3072
-289 3084
-288 3013
-287 3002
-286 3041
-285 2944
-284 2966
-283 2999
-282 2974
-281 2930
-280 2964
-279 2853
-278 2890
-277 2801
-276 2894
-275 2885
-274 2901
-273 2855
-272 2802
-271 2821
-270 2790
-269 2835
-268 2783
-267 2668
-266 2866
-265 2680
-264 2744
-263 2703
-262 2696
-261 2765
-260 2744
-259 2708
-258 2688
-257 2678
-256 2609
-255 2630
-254 2667
-253 2613
-252 2599
-251 2694
-250 2611
-249 2646
-248 2680
-247 2563
-246 2596
-245 2504
-244 2568
-243 2542
-242 2694
-241 2545
-240 2480
-239 2467
-238 2478
-237 2494
-236 2484
-235 2523
-234 2507
-233 2411
-232 2375
-231 2494
-230 2403
-229 2381
-228 2376
-227 2346
-226 2388
-225 2402
-224 2426
-223 2443
-222 2375
-221 2295
-220 2412
-219 2300
-218 2232
-217 2306
-216 2273
-215 2272
-214 2313
-213 2271
-212 2320
-211 2116
-210 2188
-209 2267
-208 2192
-207 2151
-206 2115
-205 2143
-204 2108
-203 2156
-202 2055
-201 2105
-200 2035
-199 2053
-198 2104
-197 2080
-196 2111
-195 2084
-194 1995
-193 1968
-192 2035
-191 2026
-190 2004
-189 1936
-188 1976
-187 1935
-186 1967
-185 1861
-184 1950
-183 1917
-182 1956
-181 1854
-180 1975
-179 1922
-178 1908
-177 1856
-176 1947
-175 1881
-174 1893
-173 1891
-172 1843
-171 1846
-170 1900
-169 1834
-168 1794
-167 1815
-166 1783
-165 1830
-164 1749
-163 1758
-162 1775
-161 1707
-160 1688
-159 1744
-158 1668
-157 1739
-156 1753
-155 1678
-154 1664
-153 1630
-152 1602
-151 1648
-150 1692
-149 1684
-148 1647
-147 1558
-146 1619
-145 1616
-144 1631
-143 1558
-142 1619
-141 1653
-140 1588
-139 1556
-138 1635
-137 1503
-136 1544
-135 1582
-134 1520
-133 1554
-132 1457
-131 1432
-130 1413
-129 1475
-128 1469
-127 1383
-126 1428
-125 1488
-124 1447
-123 1509
-122 1382
-121 1436
-120 1456
-119 1347
-118 1425
-117 1368
-116 1353
-115 1386
-114 1294
-113 1250
-112 1321
-111 1400
-110 1338
-109 1331
-108 1357
-107 1282
-106 1362
-105 1293
-104 1313
-103 1344
-102 1312
-101 1306
-100 1268
-99 1307
-98 1318
-97 1312
-96 1300
-95 1259
-94 1286
-93 1230
-92 1279
-91 1293
-90 1278
-89 1241
-88 1233
-87 1281
-86 1265
-85 1254
-84 1227
-83 1241
-82 1205
-81 1246
-80 1166
-79 1183
-78 1220
-77 1215
-76 1213
-75 1094
-74 1160
-73 1165
-72 1174
-71 1130
-70 1101
-69 1066
-68 1086
-67 1109
-66 1140
-65 1126
-64 1205
-63 1058
-62 1137
-61 1108
-60 1075
-59 1021
-58 1018
-57 1042
-56 1100
-55 1078
-54 1064
-53 1012
-52 1034
-51 1014
-50 1033
-49 973
-48 1008
-47 1005
-46 1022
-45 958
-44 976
-43 1012
-42 960
-41 946
-40 994
-39 980
-38 979
-37 967
-36 901
-35 987
-34 964
-33 887
-32 943
-31 894
-30 874
-29 904
-28 877
-27 897
-26 957
-25 920
-24 882
-23 953
-22 876
-21 885
-20 881
-19 810
-18 899
-17 829
-16 891
-15 858
-14 839
-13 878
-12 887
-11 818
-10 854
-9 850
-8 820
-7 789
-6 807
-5 822
-4 844
-3 814
-2 815
-1 758
0 828
1 791
2 820
3 830
4 795
5 763
6 758
7 746
8 751
9 821
10 751
11 751
12 774
13 739
14 781
15 726
16 726
17 756
18 718
19 725
20 738
21 757
22 716
23 687
24 775
25 729
26 683
27 764
28 699
29 682
30 745
31 699
32 658
33 726
34 715
35 715
36 720
37 653
38 661
39 645
40 659
41 699
42 695
43 705
44 699
45 641
46 639
47 673
48 695
49 669
50 679
51 664
52 624
53 680
54 639
55 592
56 608
57 604
58 616
59 618
60 633
61 590
62 635
63 582
64 602
65 584
66 659
67 558
68 595
69 568
70 587
71 586
72 600
73 580
74 588
75 558
76 593
77 590
78 527
79 550
80 585
81 497
82 556
83 553
84 535
85 533
86 545
87 527
88 513
89 510
90 499
91 518
92 495
93 503
94 522
95 511
96 503
97 521
98 502
99 512
100 477
101 465
102 502
103 470
104 504
105 489
106 483
107 450
108 491
109 437
110 445
111 476
112 524
113 437
114 461
115 460
116 465
117 455
118 438
119 450
120 423
121 412
122 446
123 471
124 431
125 471
126 404
127 431
128 438
129 412
130 406
131 399
132 421
133 435
134 390
135 407
136 420
137 444
138 419
139 380
140 373
141 398
142 405
143 389
144 394
145 383
146 429
147 367
148 391
149 347
150 410
151 414
152 412
153 381
154 347
155 391
156 410
157 376
158 362
159 353
160 362
161 394
162 333
163 377
164 365
165 348
166 372
167 348
168 355
169 340
170 366
171 382
172 344
173 331
174 342
175 322
176 340
177 333
178 335
179 346
180 324
181 329
182 324
183 355
184 279
185 296
186 308
187 309
188 301
189 303
190 318
191 306
192 304
193 291
194 288
195 304
196 301
197 284
198 322
199 293
200 304
201 269
202 287
203 283
204 265
205 274
206 275
207 280
208 280
209 242
210 238
211 281
212 256
213 251
214 245
215 232
216 241
217 267
218 251
219 262
220 228
221 256
222 234
223 238
224 245
225 241
226 261
227 229
228 247
229 237
230 253
231 253
232 225
233 241
234 255
235 216
236 232
237 244
238 232
239 209
240 223
241 235
242 210
243 229
244 216
245 225
246 216
247 204
248 195
249 234
250 200
251 198
252 196
253 213
254 198
255 223
256 216
257 186
258 197
259 206
260 174
261 184
262 201
263 207
264 211
265 175
266 207
267 188
268 192
269 175
270 183
271 178
272 170
273 182
274 193
275 167
276 167
277 178
278 175
279 177
280 189
281 176
282 186
283 170
284 161
285 186
286 153
287 158
288 154
289 147
290 173
291 161
292 181
293 163
294 173
295 166
296 143
297 140
298 147
299 178
300 152
301 135
302 171
303 135
304 152
305 156
306 170
307 143
308 143
309 149
310 149
311 148
312 139
313 148
314 130
315 158
316 125
317 143
318 139
319 134
320 144
321 121
322 125
323 131
324 112
325 126
326 157
327 138
328 122
329 125
330 118
331 136
332 127
333 131
334 111
335 112
336 127
337 134
338 114
339 134
340 109
341 111
342 131
343 119
344 107
345 129
346 106
347 122
348 107
349 110
350 99
351 120
352 109
353 123
354 106
355 91
356 103
357 105
358 99
359 117
360 112
361 104
362 110
363 95
364 92
365 94
366 98
367 95
368 94
369 103
370 92
371 102
372 106
373 107
374 96
375 89
376 106
377 101
378 100
379 75
380 79
381 93
382 80
383 83
384 76
385 86
386 92
387 89
388 85
389 85
390 85
391 92
392 110
393 95
394 68
395 104
396 86
397 93
398 81
399 84
400 79
401 92
402 86
403 80
404 71
405 88
406 96
407 71
408 97
409 79
410 83
411 95
412 73
413 71
414 72
415 72
416 58
417 74
418 74
419 75
420 74
421 75
422 73
423 62
424 73
425 64
426 59
427 80
428 78
429 77
430 72
431 81
432 86
433 87
434 68
435 78
436 67
437 51
438 76
439 67
440 84
441 66
442 63
443 60
444 56
445 76
446 63
447 57
448 70
449 78
450 53
451 60
452 52
453 50
454 65
455 65
456 70
457 66
458 44
459 72
460 65
461 50
462 51
463 54
464 57
465 53
466 60
467 59
468 51
469 44
470 74
471 65
472 52
473 53
474 44
475 68
476 55
477 48
478 66
479 46
480 51
481 60
482 48
483 59
484 51
485 54
486 56
487 54
488 50
489 54
490 56
491 67
492 43
493 44
494 38
495 54
496 55
497 54
498 43
499 51
500 52
501 53
502 45
503 49
504 42
505 59
506 42
507 42
508 40
509 41
510 40
511 39
512 48
513 40
514 42
515 50
516 32
517 41
518 42
519 38
520 46
521 42
522 49
523 37
524 39
525 50
526 29
527 37
528 44
529 45
530 35
531 31
532 54
533 36
534 25
535 34
536 50
537 44
538 42
539 32
540 49
541 39
542 27
543 40
544 51
545 32
546 40
547 35
548 39
549 32
550 29
551 39
552 29
553 44
554 27
555 26
556 36
557 41
558 34
559 40
560 30
561 41
562 33
563 29
564 35
565 33
566 42
567 35
568 45
569 30
570 35
571 30
572 28
573 42
574 32
575 29
576 22
577 33
578 27
579 31
580 24
581 45
582 25
583 38
584 33
585 29
586 30
587 29
588 34
589 28
590 24
591 39
592 25
593 24
594 22
595 35
596 31
597 45
598 20
599 34
600 25
601 35
602 30
603 24
604 36
605 25
606 24
607 19
608 25
609 30
610 24
611 23
612 20
613 21
614 28
615 19
616 29
617 41
618 22
619 25
620 25
621 22
622 29
623 29
624 36
625 18
626 31
627 28
628 30
629 22
630 26
631 27
632 23
633 30
634 25
635 23
636 24
637 28
638 25
639 24
640 21
641 26
642 26
643 22
644 33
645 23
646 29
647 24
648 25
649 15
650 29
651 29
652 23
653 24
654 28
655 42
656 28
657 21
658 29
659 20
660 18
661 24
662 21
663 27
664 33
665 22
666 29
667 33
668 20
669 19
670 20
671 28
672 30
673 22
674 22
675 25
676 20
677 29
678 28
679 20
680 18
681 25
682 22
683 23
684 23
685 17
686 30
687 21
688 28
689 30
690 29
691 22
692 27
693 29
694 27
695 27
696 24
697 32
698 17
699 24
700 28
701 31
702 40
703 29
704 28
705 36
706 36
707 38
708 30
709 23
710 28
711 27
712 25
713 28
714 21
715 25
716 25
717 28
718 25
719 23
720 24
721 33
722 21
723 31
724 26
725 31
726 26
727 29
728 38
729 33
730 26
731 30
732 25
733 23
734 28
735 35
736 28
737 31
738 22
739 36
740 20
741 34
742 34
743 23
744 32
745 28
746 28
747 31
748 22
749 32
750 25
751 24
752 28
753 32
754 38
755 35
756 28
757 33
758 36
759 38
760 24
761 19
762 31
763 28
764 35
765 22
766 31
767 30
768 31
769 17
770 27
771 33
772 31
773 37
774 31
775 32
776 28
777 43
778 40
779 33
780 33
781 26
782 44
783 37
784 40
785 38
786 36
787 37
788 33
789 34
790 33
791 22
792 35
793 46
794 38
795 43
796 27
797 35
798 27
799 38
800 31
801 39
802 36
803 29
804 42
805 28
806 34
807 32
808 38
809 36
810 39
811 36
812 40
813 43
814 37
815 43
816 46
817 50
818 49
819 37
820 50
821 40
822 35
823 37
824 40
825 30
826 45
827 37
828 38
829 43
830 41
831 38
832 46
833 42
834 37
835 35
836 35
837 38
838 36
839 35
840 40
841 42
842 39
843 31
844 35
845 37
846 41
847 42
848 40
849 32
850 21
851 41
852 38
853 37
854 42
855 41
856 37
857 45
858 29
859 42
860 42
861 42
862 57
863 37
864 32
865 35
866 28
867 41
868 31
869 43
870 37
871 32
872 30
873 36
874 35
875 45
876 33
877 26
878 24
879 34
880 43
881 49
882 42
883 39
884 27
885 42
886 37
887 29
888 33
889 35
890 30
891 40
892 25
893 27
894 40
895 29
896 24
897 33
898 33
899 33
900 29
901 39
902 33
903 29
904 36
905 32
906 32
907 24
908 33
909 32
910 31
911 34
912 34
913 34
914 35
915 26
916 33
917 36
918 34
919 29
920 38
921 40
922 32
923 37
924 30
925 26
926 24
927 28
928 30
929 28
930 33
931 35
932 28
933 31
934 34
935 43
936 31
937 29
938 24
939 38
940 22
941 35
942 36
943 38
944 37
945 27
946 28
947 36
948 29
949 32
950 29
951 33
952 33
953 22
954 26
955 31
956 29
957 32
958 29
959 22
960 22
961 19
962 30
963 33
964 21
965 24
966 24
967 29
968 20
969 23
970 20
971 25
972 23
973 23
974 24
975 29
976 23
977 23
978 27
979 17
980 23
981 20
982 22
983 20
984 25
985 22
986 20
987 24
988 20
989 21
990 26
991 21
992 26
993 25
994 24
995 23
996 18
997 22
998 25
999 20
1000 23
1001 29
1002 28
1003 27
1004 18
1005 22
1006 21
1007 20
1008 21
1009 23
1010 23
1011 18
1012 23
1013 17
1014 27
1015 21
1016 21
1017 16
1018 24
1019 18
1020 17
1021 13
1022 22
1023 18
1024 19
1025 25
1026 20
1027 24
1028 10
1029 17
1030 14
1031 18
1032 16
1033 20
1034 20
1035 14
1036 24
1037 23
1038 23
1039 15
1040 22
1041 6
1042 11
1043 20
1044 20
1045 23
1046 18
1047 16
1048 12
1049 14
1050 13
1051 14
1052 8
1053 12
1054 12
1055 16
1056 12
1057 17
1058 17
1059 7
1060 13
1061 10
1062 12
1063 15
1064 12
1065 23
1066 13
1067 19
1068 11
1069 15
1070 12
1071 19
1072 13
1073 20
1074 10
1075 15
1076 15
1077 11
1078 10
1079 18
1080 15
1081 7
1082 12
1083 7
1084 13
1085 12
1086 19
1087 12
1088 11
1089 13
1090 10
1091 18
1092 12
1093 11
1094 16
1095 8
1096 14
1097 10
1098 13
1099 16
1100 5
1101 15
1102 15
1103 11
1104 10
1105 11
1106 12
1107 12
1108 14
1109 11
1110 14
1111 17
1112 12
1113 11
1114 7
1115 10
1116 9
1117 15
1118 14
1119 11
1120 4
1121 11
1122 7
1123 13
1124 13
1125 8
1126 11
1127 5
1128 19
1129 15
1130 10
1131 14
1132 10
1133 10
1134 6
1135 6
1136 10
1137 11
1138 8
1139 9
1140 5
1141 7
1142 8
1143 6
1144 5
1145 5
1146 7
1147 11
1148 8
1149 11
1150 5
1151 15
1152 11
1153 7
1154 7
1155 7
1156 4
1157 9
1158 2
1159 4
1160 6
1161 10
1162 11
1163 6
1164 6
1165 9
1166 8
1167 8
1168 7
1169 10
1170 5
1171 6
1172 6
1173 4
1174 6
1175 7
1176 5
1177 4
1178 5
1179 8
1180 6
1181 11
1182 7
1183 3
1184 7
1185 6
1186 8
1187 4
1188 3
1189 5
1190 10
1191 4
1192 4
1193 6
1194 4
1195 3
1196 7
1197 7
1198 8
1199 3
1200 8
1201 11
1202 6
1203 9
1204 3
1205 3
1206 6
1207 4
1208 5
1209 6
1210 6
1211 5
1212 4
1213 7
1214 4
1215 8
1216 4
1217 7
1218 7
1219 7
1220 7
1221 5
1222 5
1223 6
1224 4
1225 5
1226 2
1227 4
1228 3
1229 1
1230 7
1231 8
1232 6
1233 4
1234 5
1235 2
1236 3
1237 6
1238 2
1239 6
1240 1
1241 2
1242 4
1243 5
1244 2
1245 3
1246 1
1247 4
1248 5
1249 1
1250 5
1251 8
1252 2
1253 4
1254 3
1255 4
1256 3
1257 1
1259 3
1260 6
1261 1
1262 6
1263 3
1265 3
1266 1
1268 5
1269 1
1270 2
1271 4
1272 2
1273 5
1274 4
1275 3
1276 1
1277 4
1278 4
1279 2
1280 3
1281 3
1282 6
1283 1
1284 4
1285 4
1286 1
1287 6
1288 4
1289 5
1290 2
1291 3
1292 4
1293 6
1294 1
1295 1
1296 3
1297 2
1298 3
1299 2
1300 2
1301 8
1302 1
1303 5
1304 2
1305 5
1306 3
1307 3
1308 2
1309 1
1310 5
1311 3
1312 1
1313 3
1315 3
1316 1
1317 1
1318 1
1319 4
1320 1
1322 1
1323 1
1324 3
1325 5
1327 4
1328 5
1330 4
1331 1
1332 2
1333 2
1334 1
1335 1
1336 1
1338 3
1342 2
1343 2
1344 1
1346 1
1347 1
1348 1
1349 1
1350 2
1352 1
1353 2
1354 1
1355 1
1357 1
1358 4
1359 1
1361 2
1362 2
1363 1
1364 2
1366 1
1367 2
1369 1
1371 1
1372 1
1373 2
1374 3
1378 2
1379 1
1380 1
1381 2
1382 3
1383 1
1385 1
1387 1
1388 1
1389 2
1391 1
1392 3
1393 3
1394 1
1395 2
1396 1
1397 1
1398 1
1399 2
1400 1
1401 3
1402 1
1403 2
1404 1
1405 1
1406 3
1407 1
1410 1
1412 2
1413 1
1415 2
1417 2
1420 1
1421 1
1422 1
1426 1
1428 1
1429 1
1430 1
1431 1
1434 1
1441 1
1444 1
1447 2
1450 2
1459 2
1460 2
1461 1
1465 1
1467 1
1468 1
1471 1
1475 1
1477 1
1479 1
1483 2
1485 1
1487 1
1490 1
1495 1
1496 1
1497 1
1499 1
1507 1
1510 1
1511 1
1514 1
1520 1
1530 1
1535 1
1542 1
1553 1
1565 1
1569 1
1570 1
1572 1
1596 1
1655 1
