-881 7
-880 11
-879 23
-878 18
-877 52
-876 87
-875 97
-874 100
-873 115
-872 113
-871 131
-870 151
-869 143
-868 159
-867 188
-866 188
-865 243
-864 241
-863 251
-862 220
-861 221
-860 189
-859 200
-858 192
-857 162
-856 200
-855 203
-854 210
-853 193
-852 203
-851 182
-850 192
-849 176
-848 180
-847 190
-846 190
-845 183
-844 187
-843 204
-842 187
-841 189
-840 212
-839 181
-838 198
-837 188
-836 166
-835 192
-834 158
-833 149
-832 143
-831 171
-830 172
-829 188
-828 220
-827 213
-826 197
-825 184
-824 176
-823 182
-822 188
-821 187
-820 194
-819 186
-818 173
-817 170
-816 176
-815 203
-814 208
-813 213
-812 205
-811 230
-810 215
-809 212
-808 228
-807 205
-806 202
-805 191
-804 218
-803 214
-802 207
-801 223
-800 202
-799 211
-798 193
-797 192
-796 242
-795 217
-794 259
-793 222
-792 251
-791 213
-790 231
-789 217
-788 226
-787 261
-786 246
-785 273
-784 277
-783 315
-782 282
-781 329
-780 316
-779 299
-778 314
-777 322
-776 330
-775 289
-774 309
-773 330
-772 301
-771 326
-770 318
-769 327
-768 329
-767 372
-766 375
-765 384
-764 371
-763 365
-762 369
-761 355
-760 365
-759 369
-758 360
-757 386
-756 363
-755 383
-754 369
-753 396
-752 369
-751 332
-750 384
-749 385
-748 350
-747 393
-746 366
-745 379
-744 406
-743 345
-742 364
-741 415
-740 414
-739 351
-738 368
-737 393
-736 404
-735 369
-734 363
-733 426
-732 377
-731 467
-730 443
-729 471
-728 408
-727 458
-726 487
-725 512
-724 514
-723 537
-722 535
-721 563
-720 562
-719 619
-718 621
-717 632
-716 594
-715 632
-714 642
-713 611
-712 647
-711 605
-710 588
-709 551
-708 618
-707 655
-706 570
-705 572
-704 616
-703 568
-702 676
-701 654
-700 629
-699 665
-698 629
-697 634
-696 631
-695 609
-694 679
-693 631
-692 612
-691 571
-690 580
-689 620
-688 542
-687 552
-686 563
-685 534
-684 560
-683 536
-682 578
-681 583
-680 563
-679 611
-678 652
-677 640
-676 640
-675 667
-674 619
-673 661
-672 608
-671 653
-670 537
-669 595
-668 589
-667 613
-666 593
-665 605
-664 674
-663 689
-662 733
-661 764
-660 756
-659 758
-658 716
-657 756
-656 784
-655 727
-654 751
-653 773
-652 729
-651 742
-650 760
-649 739
-648 738
-647 782
-646 739
-645 748
-644 714
-643 761
-642 762
-641 722
-640 809
-639 803
-638 774
-637 794
-636 715
-635 781
-634 757
-633 768
-632 820
-631 758
-630 781
-629 818
-628 796
-627 767
-626 882
-625 833
-624 891
-623 866
-622 882
-621 862
-620 865
-619 872
-618 842
-617 850
-616 798
-615 805
-614 813
-613 797
-612 828
-611 817
-610 773
-609 781
-608 838
-607 816
-606 767
-605 789
-604 794
-603 808
-602 834
-601 809
-600 841
-599 805
-598 871
-597 853
-596 822
-595 927
-594 847
-593 852
-592 942
-591 966
-590 1057
-589 1042
-588 1055
-587 1070
-586 1035
-585 1024
-584 1098
-583 1055
-582 1068
-581 1092
-580 1035
-579 1047
-578 1077
-577 1124
-576 1177
-575 1214
-574 1236
-573 1239
-572 1242
-571 1359
-570 1349
-569 1392
-568 1364
-567 1427
-566 1449
-565 1408
-564 1459
-563 1444
-562 1365
-561 1376
-560 1405
-559 1461
-558 1350
-557 1278
-556 1281
-555 1376
-554 1360
-553 1330
-552 1331
-551 1435
-550 1360
-549 1423
-548 1480
-547 1453
-546 1463
-545 1435
-544 1520
-543 1481
-542 1566
-541 1543
-540 1580
-539 1563
-538 1642
-537 1650
-536 1647
-535 1706
-534 1743
-533 1726
-532 1810
-531 1856
-530 1869
-529 1891
-528 1933
-527 1903
-526 1987
-525 1994
-524 1962
-523 1810
-522 2013
-521 1946
-520 1906
-519 1898
-518 1887
-517 1971
-516 1964
-515 2006
-514 1942
-513 2033
-512 2050
-511 2039
-510 2136
-509 2080
-508 2087
-507 2155
-506 2074
-505 2148
-504 2177
-503 2161
-502 2016
-501 2093
-500 2195
-499 2150
-498 2135
-497 2133
-496 2168
-495 2112
-494 2182
-493 2141
-492 2116
-491 2139
-490 2135
-489 2106
-488 2018
-487 2124
-486 2085
-485 2179
-484 2184
-483 2060
-482 2132
-481 2093
-480 2087
-479 2220
-478 2175
-477 2178
-476 2095
-475 2002
-474 2043
-473 2012
-472 2103
-471 1976
-470 2024
-469 1995
-468 2066
-467 2029
-466 1914
-465 2019
-464 2005
-463 1923
-462 1984
-461 1972
-460 1915
-459 1959
-458 1949
-457 1902
-456 1925
-455 1898
-454 1976
-453 1961
-452 1976
-451 2010
-450 2047
-449 1942
-448 1948
-447 1993
-446 2015
-445 1962
-444 1887
-443 1992
-442 1921
-441 1961
-440 1957
-439 1906
-438 1935
-437 1914
-436 1832
-435 1909
-434 1896
-433 1923
-432 1906
-431 1894
-430 1863
-429 1884
-428 1832
-427 1809
-426 1786
-425 1850
-424 1742
-423 1818
-422 1790
-421 1820
-420 1907
-419 1789
-418 1850
-417 1894
-416 1935
-415 1993
-414 2007
-413 1914
-412 1849
-411 1948
-410 1942
-409 1925
-408 1887
-407 1988
-406 1967
-405 1969
-404 1842
-403 1916
-402 1900
-401 2012
-400 1968
-399 1938
-398 1936
-397 1924
-396 1999
-395 1929
-394 1943
-393 2031
-392 1962
-391 1947
-390 1912
-389 1892
-388 1949
-387 1893
-386 1982
-385 1933
-384 1939
-383 1896
-382 1991
-381 2075
-380 1970
-379 1950
-378 1912
-377 2028
-376 2004
-375 2043
-374 1981
-373 2040
-372 2096
-371 2065
-370 2111
-369 2045
-368 2122
-367 2185
-366 2091
-365 2273
-364 2201
-363 2352
-362 2292
-361 2354
-360 2294
-359 2315
-358 2370
-357 2423
-356 2357
-355 2354
-354 2432
-353 2355
-352 2475
-351 2353
-350 2342
-349 2425
-348 2522
-347 2483
-346 2442
-345 2472
-344 2512
-343 2457
-342 2345
-341 2499
-340 2557
-339 2390
-338 2386
-337 2369
-336 2422
-335 2325
-334 2394
-333 2338
-332 2432
-331 2459
-330 2403
-329 2483
-328 2449
-327 2463
-326 2472
-325 2451
-324 2421
-323 2446
-322 2479
-321 2628
-320 2603
-319 2520
-318 2566
-317 2433
-316 2574
-315 2571
-314 2512
-313 2604
-312 2609
-311 2718
-310 2723
-309 2633
-308 2770
-307 2894
-306 2823
-305 3066
-304 2952
-303 3019
-302 2952
-301 2967
-300 3011
-299 3097
-298 3067
-297 2983
-296 3014
-295 2971
-294 2956
-293 3010
-292 3004
-291 3083
-290 2951
-289 3055
-288 3051
-287 3020
-286 3080
-285 3178
-284 3160
-283 3169
-282 3169
-281 3377
-280 3296
-279 3203
-278 3262
-277 3378
-276 3336
-275 3340
-274 3289
-273 3443
-272 3551
-271 3490
-270 3542
-269 3489
-268 3529
-267 3465
-266 3363
-265 3461
-264 3590
-263 3526
-262 3459
-261 3465
-260 3461
-259 3567
-258 3545
-257 3568
-256 3527
-255 3706
-254 3850
-253 3671
-252 3854
-251 3971
-250 3841
-249 3971
-248 3881
-247 3953
-246 4070
-245 3944
-244 3900
-243 3908
-242 3938
-241 3978
-240 3988
-239 4005
-238 4133
-237 4158
-236 4093
-235 4254
-234 4294
-233 4345
-232 4264
-231 4288
-230 4185
-229 4109
-228 4079
-227 4294
-226 4289
-225 4112
-224 4132
-223 4182
-222 4192
-221 4043
-220 4065
-219 4164
-218 4267
-217 4110
-216 4128
-215 4142
-214 4175
-213 4269
-212 4273
-211 4283
-210 4138
-209 4211
-208 4252
-207 4265
-206 4164
-205 4197
-204 4394
-203 4366
-202 4415
-201 4356
-200 4432
-199 4322
-198 4356
-197 4326
-196 4377
-195 4341
-194 4307
-193 4374
-192 4370
-191 4559
-190 4321
-189 4309
-188 4387
-187 4363
-186 4235
-185 4303
-184 4360
-183 4175
-182 4295
-181 4289
-180 4451
-179 4390
-178 4441
-177 4369
-176 4488
-175 4382
-174 4384
-173 4586
-172 4487
-171 4674
-170 4621
-169 4652
-168 4444
-167 4590
-166 4621
-165 4732
-164 4722
-163 4693
-162 4795
-161 4672
-160 4604
-159 4668
-158 4629
-157 4852
-156 4783
-155 4842
-154 4906
-153 4691
-152 4872
-151 4917
-150 4981
-149 5017
-148 4809
-147 4956
-146 5024
-145 5116
-144 4973
-143 5104
-142 5179
-141 5003
-140 5034
-139 5153
-138 5199
-137 5143
-136 5173
-135 5224
-134 5206
-133 5231
-132 5259
-131 5291
-130 5357
-129 5212
-128 5184
-127 5254
-126 5343
-125 5322
-124 5225
-123 5274
-122 5007
-121 5087
-120 5025
-119 4982
-118 5200
-117 5120
-116 5311
-115 5205
-114 4971
-113 5370
-112 5424
-111 5405
-110 5646
-109 5639
-108 5662
-107 5740
-106 5757
-105 5808
-104 5801
-103 5806
-102 5669
-101 5800
-100 5709
-99 5640
-98 5570
-97 5607
-96 5750
-95 5736
-94 5884
-93 5666
-92 5689
-91 5590
-90 5574
-89 5477
-88 5552
-87 5651
-86 5555
-85 5556
-84 5485
-83 5603
-82 5671
-81 5647
-80 5556
-79 5688
-78 5618
-77 5574
-76 5656
-75 5748
-74 5554
-73 5519
-72 5537
-71 5628
-70 5781
-69 5562
-68 5746
-67 5668
-66 5841
-65 5921
-64 6048
-63 5883
-62 5983
-61 6182
-60 6151
-59 6103
-58 6188
-57 6136
-56 6247
-55 6278
-54 6257
-53 6274
-52 6335
-51 6318
-50 6376
-49 6526
-48 6360
-47 6458
-46 6386
-45 6424
-44 6481
-43 6475
-42 6270
-41 6426
-40 6366
-39 6403
-38 6394
-37 6184
-36 6316
-35 6208
-34 6146
-33 6208
-32 6315
-31 6272
-30 6387
-29 6306
-28 6131
-27 6353
-26 6626
-25 6620
-24 6611
-23 6679
-22 6438
-21 6572
-20 6595
-19 6605
-18 6715
-17 6582
-16 6742
-15 6604
-14 6795
-13 6770
-12 6860
-11 6697
-10 6838
-9 6891
-8 6876
-7 7004
-6 7268
-5 7276
-4 7182
-3 7410
-2 7337
-1 7312
0 7452
1 7327
2 7397
3 7408
4 7301
5 7231
6 7387
7 7124
8 7270
9 7341
10 7220
11 7213
12 7152
13 7175
14 7162
15 7027
16 7206
17 7186
18 7228
19 7331
20 7256
21 7274
22 7357
23 7454
24 7393
25 7374
26 7414
27 7389
28 7514
29 7447
30 7604
31 7465
32 7396
33 7618
34 7545
35 7593
36 7590
37 7547
38 7702
39 7691
40 7582
41 7743
42 7729
43 7674
44 7746
45 7748
46 7672
47 7804
48 7726
49 7690
50 7835
51 7647
52 7701
53 7720
54 7621
55 7716
56 7694
57 7603
58 7587
59 7464
60 7694
61 7502
62 7542
63 7541
64 7495
65 7396
66 7307
67 7360
68 7494
69 7314
70 7440
71 7387
72 7322
73 7503
74 7392
75 7272
76 7395
77 7271
78 7226
79 7234
80 7187
81 7249
82 7066
83 6940
84 7089
85 7088
86 7112
87 6966
88 6956
89 6920
90 6936
91 6645
92 6843
93 6912
94 6757
95 6653
96 6544
97 6630
98 6602
99 6602
100 6488
101 6387
102 6611
103 6557
104 6542
105 6625
106 6574
107 6551
108 6607
109 6593
110 6482
111 6406
112 6449
113 6424
114 6550
115 6433
116 6423
117 6375
118 6521
119 6573
120 6375
121 6536
122 6589
123 6741
124 6663
125 6503
126 6605
127 6568
128 6481
129 6350
130 6343
131 6595
132 6362
133 6461
134 6261
135 6257
136 6215
137 6193
138 6132
139 6201
140 5952
141 6100
142 5956
143 6115
144 5908
145 5952
146 5799
147 5751
148 5783
149 5767
150 5861
151 5602
152 5588
153 5504
154 5558
155 5593
156 5564
157 5491
158 5587
159 5225
160 5278
161 5412
162 5258
163 5249
164 5383
165 5255
166 5140
167 5219
168 5029
169 5013
170 5062
171 5027
172 5043
173 4870
174 4853
175 4856
176 4834
177 4825
178 4906
179 4805
180 4839
181 4678
182 4661
183 4838
184 4776
185 4827
186 4832
187 4662
188 4788
189 4751
190 4618
191 4659
192 4687
193 4647
194 4633
195 4702
196 4538
197 4658
198 4482
199 4496
200 4560
201 4507
202 4418
203 4410
204 4442
205 4337
206 4397
207 4332
208 4307
209 4190
210 4222
211 4232
212 4175
213 4189
214 4029
215 4052
216 4086
217 4004
218 4010
219 3932
220 3868
221 3958
222 3976
223 3929
224 3832
225 3882
226 3811
227 3777
228 3625
229 3697
230 3644
231 3624
232 3753
233 3564
234 3489
235 3614
236 3617
237 3577
238 3441
239 3319
240 3271
241 3382
242 3360
243 3297
244 3288
245 3350
246 3297
247 3277
248 3186
249 3110
250 2987
251 3073
252 3033
253 3150
254 3032
255 3044
256 3047
257 2968
258 2960
259 2978
260 2963
261 2898
262 2850
263 2853
264 2810
265 2852
266 2735
267 2725
268 2746
269 2699
270 2663
271 2515
272 2666
273 2621
274 2498
275 2495
276 2481
277 2501
278 2444
279 2445
280 2424
281 2377
282 2325
283 2337
284 2369
285 2393
286 2264
287 2307
288 2306
289 2358
290 2280
291 2128
292 2184
293 2253
294 2022
295 2087
296 2046
297 2021
298 2080
299 2053
300 1983
301 1913
302 2033
303 1920
304 1953
305 1983
306 1892
307 1920
308 1884
309 1803
310 1799
311 1794
312 1788
313 1718
314 1622
315 1645
316 1649
317 1696
318 1604
319 1624
320 1623
321 1611
322 1525
323 1483
324 1559
325 1528
326 1521
327 1444
328 1418
329 1437
330 1481
331 1450
332 1390
333 1364
334 1376
335 1336
336 1309
337 1298
338 1369
339 1311
340 1302
341 1242
342 1246
343 1243
344 1173
345 1208
346 1149
347 1281
348 1218
349 1164
350 1133
351 1162
352 1205
353 1136
354 1092
355 1122
356 1103
357 1047
358 1098
359 1065
360 1079
361 1042
362 1000
363 1006
364 1014
365 1025
366 976
367 961
368 992
369 929
370 917
371 880
372 961
373 869
374 891
375 837
376 885
377 834
378 845
379 792
380 754
381 823
382 783
383 777
384 780
385 746
386 746
387 701
388 734
389 694
390 715
391 695
392 702
393 627
394 638
395 676
396 672
397 645
398 622
399 607
400 646
401 606
402 577
403 644
404 600
405 586
406 572
407 563
408 537
409 542
410 493
411 548
412 497
413 482
414 520
415 470
416 500
417 534
418 491
419 485
420 454
421 478
422 501
423 456
424 457
425 455
426 469
427 467
428 438
429 438
430 445
431 432
432 428
433 428
434 393
435 394
436 362
437 381
438 365
439 372
440 402
441 309
442 317
443 387
444 310
445 364
446 306
447 322
448 324
449 313
450 328
451 266
452 300
453 313
454 292
455 301
456 273
457 286
458 286
459 291
460 242
461 281
462 308
463 276
464 245
465 255
466 237
467 250
468 256
469 252
470 252
471 250
472 231
473 230
474 207
475 238
476 256
477 201
478 210
479 216
480 238
481 209
482 213
483 211
484 192
485 205
486 221
487 205
488 189
489 182
490 206
491 180
492 193
493 188
494 147
495 168
496 229
497 178
498 176
499 161
500 156
501 177
502 177
503 171
504 158
505 153
506 144
507 173
508 151
509 144
510 159
511 140
512 156
513 152
514 170
515 145
516 159
517 136
518 172
519 122
520 141
521 141
522 126
523 150
524 131
525 134
526 127
527 128
528 116
529 132
530 119
531 125
532 114
533 138
534 120
535 104
536 120
537 143
538 126
539 107
540 123
541 114
542 119
543 98
544 119
545 106
546 116
547 113
548 98
549 106
550 98
551 114
552 108
553 105
554 112
555 98
556 107
557 97
558 90
559 88
560 97
561 113
562 92
563 104
564 94
565 101
566 110
567 88
568 98
569 98
570 80
571 81
572 80
573 87
574 89
575 95
576 65
577 94
578 78
579 108
580 119
581 87
582 83
583 101
584 83
585 93
586 65
587 80
588 94
589 82
590 71
591 88
592 76
593 73
594 81
595 87
596 83
597 84
598 70
599 82
600 68
601 65
602 67
603 62
604 80
605 75
606 68
607 78
608 66
609 53
610 67
611 75
612 61
613 97
614 76
615 69
616 95
617 69
618 69
619 73
620 64
621 73
622 63
623 70
624 55
625 61
626 79
627 68
628 84
629 73
630 53
631 60
632 75
633 82
634 60
635 64
636 75
637 59
638 70
639 79
640 69
641 68
642 82
643 75
644 61
645 59
646 65
647 66
648 68
649 67
650 63
651 60
652 57
653 78
654 64
655 65
656 63
657 70
658 57
659 60
660 53
661 40
662 50
663 65
664 57
665 60
666 65
667 62
668 55
669 55
670 43
671 55
672 52
673 44
674 47
675 55
676 45
677 56
678 54
679 68
680 57
681 56
682 49
683 57
684 60
685 66
686 54
687 62
688 59
689 64
690 54
691 77
692 64
693 69
694 60
695 60
696 47
697 51
698 67
699 58
700 48
701 49
702 60
703 57
704 67
705 61
706 58
707 54
708 60
709 58
710 71
711 47
712 51
713 49
714 43
715 45
716 59
717 61
718 56
719 54
720 60
721 58
722 48
723 61
724 47
725 57
726 58
727 53
728 63
729 54
730 58
731 62
732 58
733 48
734 60
735 54
736 44
737 54
738 57
739 57
740 59
741 68
742 58
743 50
744 55
745 49
746 46
747 52
748 47
749 58
750 68
751 45
752 61
753 61
754 61
755 52
756 50
757 49
758 50
759 59
760 56
761 48
762 50
763 44
764 51
765 48
766 55
767 42
768 60
769 51
770 55
771 73
772 56
773 58
774 66
775 57
776 65
777 46
778 57
779 48
780 41
781 51
782 50
783 51
784 48
785 58
786 53
787 62
788 49
789 57
790 56
791 48
792 53
793 45
794 52
795 54
796 57
797 50
798 66
799 50
800 49
801 51
802 47
803 47
804 53
805 48
806 54
807 57
808 57
809 59
810 48
811 57
812 64
813 57
814 65
815 49
816 52
817 38
818 59
819 52
820 59
821 56
822 64
823 51
824 39
825 45
826 56
827 60
828 48
829 58
830 55
831 45
832 52
833 41
834 49
835 46
836 36
837 47
838 38
839 40
840 40
841 60
842 52
843 48
844 53
845 40
846 52
847 44
848 37
849 41
850 38
851 52
852 41
853 46
854 52
855 45
856 50
857 52
858 51
859 51
860 33
861 50
862 51
863 41
864 43
865 49
866 42
867 42
868 33
869 33
870 41
871 57
872 31
873 38
874 48
875 40
876 40
877 42
878 44
879 44
880 41
881 42
882 49
883 47
884 28
885 41
886 31
887 38
888 44
889 41
890 32
891 36
892 52
893 33
894 32
895 24
896 49
897 31
898 31
899 36
900 28
901 42
902 35
903 31
904 32
905 30
906 32
907 19
908 33
909 27
910 22
911 32
912 29
913 29
914 25
915 30
916 22
917 18
918 25
919 24
920 22
921 26
922 32
923 22
924 18
925 35
926 28
927 27
928 19
929 28
930 18
931 21
932 21
933 22
934 21
935 18
936 24
937 29
938 30
939 18
940 27
941 31
942 18
943 16
944 16
945 23
946 17
947 13
948 18
949 22
950 10
951 22
952 11
953 13
954 13
955 18
956 13
957 16
958 17
959 21
960 24
961 12
962 13
963 11
964 20
965 19
966 15
967 14
968 15
969 11
970 13
971 9
972 13
973 11
974 17
975 13
976 19
977 14
978 9
979 13
980 11
981 14
982 16
983 10
984 7
985 3
986 8
987 12
988 9
989 12
990 13
991 9
992 15
993 12
994 12
995 12
996 3
997 11
998 16
999 15
1000 9
1001 14
1002 12
1003 6
1004 6
1005 9
1006 16
1007 7
1008 12
1009 7
1010 10
1011 7
1012 8
1013 7
1014 6
1015 8
1016 10
1017 4
1018 13
1019 8
1020 10
1021 7
1022 8
1023 8
1024 10
1025 7
1026 5
1027 9
1028 11
1029 11
1030 8
1031 5
1032 6
1033 9
1034 6
1035 5
1036 7
1037 12
1038 3
1039 6
1040 4
1041 8
1042 6
1043 2
1044 6
1045 9
1046 10
1047 6
1048 6
1049 6
1050 3
1051 4
1052 4
1053 4
1054 5
1055 2
1056 3
1057 4
1058 4
1059 6
1060 9
1061 9
1062 3
1063 4
1064 5
1065 6
1066 2
1067 3
1068 7
1069 2
1070 7
1071 2
1072 3
1073 3
1074 5
1075 5
1077 6
1078 2
1079 2
1080 1
1081 1
1082 5
1083 4
1084 4
1085 2
1086 8
1088 3
1089 1
1090 1
1091 3
1092 5
1093 3
1094 2
1095 1
1096 2
1097 1
1098 3
1099 5
1100 4
1101 4
1102 3
1103 1
1104 3
1105 2
1106 1
1107 1
1108 3
1109 2
1110 1
1111 7
1112 2
1113 1
1114 4
1115 4
1116 2
1117 2
1118 2
1119 4
1120 2
1121 1
1122 6
1123 1
1124 1
1125 2
1126 2
1127 2
1128 2
1130 4
1131 3
1132 3
1133 1
1134 2
1136 4
1137 5
1138 2
1139 1
1140 3
1142 1
1143 3
1144 1
1145 3
1148 1
1152 2
1153 1
1155 3
1156 1
1158 2
1159 1
1160 1
1161 2
1162 1
1163 3
1166 2
1167 1
1168 5
1169 1
1172 2
1173 2
1174 2
1177 1
1178 2
1179 2
1181 2
1182 1
1184 2
1186 2
1188 1
1191 1
1193 1
1195 2
1197 2
1200 2
1201 1
1202 2
1205 1
1206 1
1208 2
1209 1
1210 2
1215 1
1216 1
1218 3
1220 1
1221 3
1222 2
1223 2
1224 2
1226 1
1228 1
1229 2
1231 2
1237 1
1242 1
1244 1
1245 1
1247 1
1254 1
1259 1
1260 1
1263 1
1267 1
1268 1
1269 1
1270 2
1272 1
1273 1
1275 1
1280 1
1284 1
1288 1
1291 1
1299 1
1301 1
1310 1
1312 1
1325 1
1330 1
1331 1
1335 1
1341 1
1345 1
1347 1
