-1131 1
-1130 1
-1129 13
-1128 9
-1127 14
-1126 10
-1125 15
-1124 19
-1123 22
-1122 25
-1121 31
-1120 41
-1119 46
-1118 48
-1117 62
-1116 64
-1115 68
-1114 73
-1113 80
-1112 85
-1111 94
-1110 96
-1109 90
-1108 104
-1107 120
-1106 105
-1105 118
-1104 110
-1103 126
-1102 108
-1101 150
-1100 106
-1099 122
-1098 136
-1097 151
-1096 141
-1095 135
-1094 140
-1093 159
-1092 144
-1091 128
-1090 150
-1089 147
-1088 145
-1087 154
-1086 127
-1085 123
-1084 119
-1083 117
-1082 118
-1081 99
-1080 118
-1079 93
-1078 108
-1077 103
-1076 120
-1075 113
-1074 106
-1073 164
-1072 140
-1071 108
-1070 118
-1069 139
-1068 141
-1067 141
-1066 136
-1065 148
-1064 148
-1063 149
-1062 147
-1061 141
-1060 124
-1059 135
-1058 165
-1057 147
-1056 124
-1055 149
-1054 137
-1053 147
-1052 128
-1051 115
-1050 147
-1049 116
-1048 100
-1047 120
-1046 138
-1045 128
-1044 137
-1043 130
-1042 120
-1041 136
-1040 130
-1039 161
-1038 144
-1037 162
-1036 190
-1035 168
-1034 168
-1033 178
-1032 160
-1031 167
-1030 153
-1029 141
-1028 165
-1027 156
-1026 163
-1025 138
-1024 187
-1023 165
-1022 164
-1021 181
-1020 167
-1019 167
-1018 146
-1017 144
-1016 147
-1015 144
-1014 156
-1013 179
-1012 159
-1011 145
-1010 157
-1009 214
-1008 196
-1007 190
-1006 196
-1005 206
-1004 261
-1003 268
-1002 293
-1001 268
-1000 275
-999 293
-998 282
-997 287
-996 292
-995 330
-994 288
-993 286
-992 340
-991 362
-990 359
-989 346
-988 408
-987 361
-986 352
-985 407
-984 410
-983 455
-982 493
-981 441
-980 456
-979 534
-978 469
-977 480
-976 460
-975 479
-974 510
-973 520
-972 578
-971 564
-970 618
-969 571
-968 589
-967 669
-966 639
-965 630
-964 650
-963 614
-962 628
-961 606
-960 625
-959 605
-958 678
-957 654
-956 614
-955 599
-954 615
-953 681
-952 743
-951 744
-950 745
-949 762
-948 742
-947 789
-946 815
-945 807
-944 821
-943 827
-942 853
-941 795
-940 793
-939 814
-938 810
-937 835
-936 856
-935 845
-934 824
-933 892
-932 862
-931 921
-930 940
-929 891
-928 985
-927 970
-926 1027
-925 1027
-924 1030
-923 1085
-922 1022
-921 1144
-920 1160
-919 1102
-918 1191
-917 1153
-916 1221
-915 1259
-914 1268
-913 1369
-912 1419
-911 1429
-910 1439
-909 1448
-908 1504
-907 1542
-906 1563
-905 1563
-904 1599
-903 1607
-902 1624
-901 1670
-900 1698
-899 1737
-898 1776
-897 1839
-896 1852
-895 1829
-894 1903
-893 1839
-892 1849
-891 1819
-890 1717
-889 1926
-888 1897
-887 1899
-886 1957
-885 1954
-884 2014
-883 2064
-882 2053
-881 2055
-880 2088
-879 2077
-878 2133
-877 2171
-876 2186
-875 2122
-874 2199
-873 2314
-872 2232
-871 2285
-870 2242
-869 2182
-868 2178
-867 2302
-866 2297
-865 2343
-864 2367
-863 2317
-862 2342
-861 2339
-860 2224
-859 2169
-858 2226
-857 2227
-856 2281
-855 2304
-854 2295
-853 2401
-852 2361
-851 2380
-850 2384
-849 2370
-848 2467
-847 2511
-846 2640
-845 2541
-844 2681
-843 2697
-842 2764
-841 2655
-840 2820
-839 2784
-838 2784
-837 2738
-836 2810
-835 3015
-834 2874
-833 2904
-832 2976
-831 2989
-830 3099
-829 3140
-828 3263
-827 3332
-826 3454
-825 3396
-824 3449
-823 3444
-822 3563
-821 3581
-820 3597
-819 3505
-818 3728
-817 3607
-816 3678
-815 3631
-814 3634
-813 3696
-812 3688
-811 3790
-810 3843
-809 3821
-808 3874
-807 3778
-806 3783
-805 3950
-804 3909
-803 3813
-802 3945
-801 3827
-800 3868
-799 3833
-798 3889
-797 3943
-796 3931
-795 3970
-794 4182
-793 4098
-792 4196
-791 4116
-790 4223
-789 4205
-788 4300
-787 4147
-786 4343
-785 4248
-784 4291
-783 4403
-782 4429
-781 4242
-780 4338
-779 4339
-778 4307
-777 4304
-776 4358
-775 4341
-774 4450
-773 4424
-772 4363
-771 4316
-770 4212
-769 4316
-768 4287
-767 4251
-766 4374
-765 4216
-764 4290
-763 4355
-762 4464
-761 4557
-760 4465
-759 4458
-758 4546
-757 4294
-756 4437
-755 4471
-754 4443
-753 4539
-752 4567
-751 4558
-750 4564
-749 4476
-748 4433
-747 4545
-746 4461
-745 4469
-744 4485
-743 4410
-742 4625
-741 4454
-740 4645
-739 4533
-738 4553
-737 4780
-736 4708
-735 4785
-734 4750
-733 4758
-732 4955
-731 4883
-730 4834
-729 4769
-728 4907
-727 4806
-726 4680
-725 4807
-724 4717
-723 4784
-722 4631
-721 4728
-720 4844
-719 4840
-718 4745
-717 4690
-716 4778
-715 4654
-714 4613
-713 4591
-712 4595
-711 4816
-710 4766
-709 4840
-708 4739
-707 4831
-706 4829
-705 4962
-704 4793
-703 4996
-702 4971
-701 5099
-700 5007
-699 5025
-698 5110
-697 5262
-696 5007
-695 5104
-694 5165
-693 5164
-692 5249
-691 5181
-690 5241
-689 5173
-688 5162
-687 5150
-686 5198
-685 5203
-684 5144
-683 5121
-682 5151
-681 5149
-680 5269
-679 5124
-678 5252
-677 5289
-676 5315
-675 5179
-674 5228
-673 5129
-672 5276
-671 5291
-670 5221
-669 5364
-668 5244
-667 5464
-666 5339
-665 5490
-664 5575
-663 5299
-662 5543
-661 5559
-660 5677
-659 5763
-658 5570
-657 5605
-656 5748
-655 5673
-654 5675
-653 5687
-652 5735
-651 5767
-650 5664
-649 5623
-648 5692
-647 5699
-646 5992
-645 5790
-644 5835
-643 5892
-642 5740
-641 5962
-640 5996
-639 5891
-638 5994
-637 5880
-636 6024
-635 6054
-634 6056
-633 6060
-632 6187
-631 6216
-630 6266
-629 6300
-628 6326
-627 6385
-626 6442
-625 6495
-624 6541
-623 6522
-622 6643
-621 6658
-620 6479
-619 6743
-618 6519
-617 6638
-616 6665
-615 6839
-614 6701
-613 6932
-612 6745
-611 6812
-610 6813
-609 6637
-608 6877
-607 6780
-606 6779
-605 6920
-604 6780
-603 6824
-602 6998
-601 6778
-600 7040
-599 6732
-598 6904
-597 6650
-596 6819
-595 6947
-594 6790
-593 6911
-592 6913
-591 6854
-590 7063
-589 6926
-588 6821
-587 6944
-586 6890
-585 6859
-584 6803
-583 6722
-582 6894
-581 7000
-580 6967
-579 6808
-578 6919
-577 6975
-576 6936
-575 6924
-574 6883
-573 6838
-572 6879
-571 6884
-570 6912
-569 6843
-568 6736
-567 6859
-566 6847
-565 6863
-564 6766
-563 6853
-562 7037
-561 7091
-560 6926
-559 6903
-558 6994
-557 6934
-556 7017
-555 6939
-554 7051
-553 6872
-552 6896
-551 7043
-550 6995
-549 7038
-548 7056
-547 6950
-546 7060
-545 6845
-544 7003
-543 7025
-542 6950
-541 7101
-540 6867
-539 6998
-538 6872
-537 6998
-536 6931
-535 6861
-534 6910
-533 6901
-532 6819
-531 6773
-530 6939
-529 6955
-528 6971
-527 6922
-526 6818
-525 6792
-524 6900
-523 7054
-522 7023
-521 6931
-520 6874
-519 6964
-518 7067
-517 6938
-516 6841
-515 6806
-514 6768
-513 6788
-512 6935
-511 6812
-510 6826
-509 6770
-508 7060
-507 6658
-506 6665
-505 6922
-504 6750
-503 6745
-502 6846
-501 6713
-500 6595
-499 6677
-498 6734
-497 6822
-496 6661
-495 6687
-494 6861
-493 6819
-492 6891
-491 6754
-490 6945
-489 6839
-488 6967
-487 6743
-486 6767
-485 6765
-484 6778
-483 6761
-482 6810
-481 6812
-480 6854
-479 6824
-478 6928
-477 6746
-476 6708
-475 6785
-474 6757
-473 6795
-472 6782
-471 6623
-470 6859
-469 6759
-468 6919
-467 6682
-466 6881
-465 6726
-464 6958
-463 6658
-462 6687
-461 6760
-460 6752
-459 6648
-458 6762
-457 6642
-456 6608
-455 6561
-454 6568
-453 6493
-452 6470
-451 6599
-450 6598
-449 6471
-448 6626
-447 6528
-446 6654
-445 6437
-444 6630
-443 6465
-442 6269
-441 6383
-440 6344
-439 6253
-438 6373
-437 6346
-436 6465
-435 6347
-434 6346
-433 6302
-432 6374
-431 6289
-430 6176
-429 6234
-428 6320
-427 6347
-426 6298
-425 6470
-424 6044
-423 6303
-422 6151
-421 6098
-420 6138
-419 6077
-418 6058
-417 6045
-416 6096
-415 6152
-414 6210
-413 6092
-412 6221
-411 6058
-410 6254
-409 6112
-408 6129
-407 6123
-406 6246
-405 5923
-404 6116
-403 6151
-402 6027
-401 6142
-400 5995
-399 6013
-398 5989
-397 5896
-396 5977
-395 5850
-394 5788
-393 5760
-392 5641
-391 5563
-390 5692
-389 5591
-388 5572
-387 5653
-386 5608
-385 5497
-384 5604
-383 5481
-382 5517
-381 5478
-380 5271
-379 5331
-378 5429
-377 5342
-376 5473
-375 5296
-374 5393
-373 5285
-372 5288
-371 5299
-370 5134
-369 5149
-368 5122
-367 5127
-366 5097
-365 5226
-364 4967
-363 5108
-362 5058
-361 4985
-360 5063
-359 5064
-358 4902
-357 4920
-356 4884
-355 4916
-354 4944
-353 4852
-352 4864
-351 4853
-350 4744
-349 4764
-348 4638
-347 4736
-346 4638
-345 4632
-344 4667
-343 4577
-342 4569
-341 4558
-340 4541
-339 4373
-338 4334
-337 4507
-336 4426
-335 4418
-334 4327
-333 4287
-332 4265
-331 4350
-330 4380
-329 4285
-328 4311
-327 4255
-326 4196
-325 4210
-324 4092
-323 4190
-322 4120
-321 4194
-320 4204
-319 4249
-318 4177
-317 4194
-316 4138
-315 4091
-314 4072
-313 4045
-312 4118
-311 4037
-310 3949
-309 4121
-308 4055
-307 4078
-306 4057
-305 3910
-304 3991
-303 3984
-302 3888
-301 3948
-300 3803
-299 3884
-298 3964
-297 3908
-296 3827
-295 3747
-294 3801
-293 3745
-292 3849
-291 3747
-290 3611
-289 3653
-288 3700
-287 3737
-286 3598
-285 3603
-284 3596
-283 3623
-282 3555
-281 3601
-280 3521
-279 3583
-278 3538
-277 3504
-276 3442
-275 3489
-274 3460
-273 3391
-272 3496
-271 3420
-270 3496
-269 3391
-268 3369
-267 3376
-266 3319
-265 3215
-264 3206
-263 3304
-262 3278
-261 3239
-260 3169
-259 3249
-258 3232
-257 3210
-256 3138
-255 3126
-254 3061
-253 2991
-252 3078
-251 3045
-250 3078
-249 3004
-248 3048
-247 2964
-246 2937
-245 2963
-244 2987
-243 2874
-242 3015
-241 2893
-240 2933
-239 2894
-238 2888
-237 2814
-236 2883
-235 2889
-234 2856
-233 2804
-232 2752
-231 2786
-230 2734
-229 2748
-228 2764
-227 2702
-226 2685
-225 2667
-224 2686
-223 2753
-222 2703
-221 2553
-220 2648
-219 2697
-218 2658
-217 2584
-216 2644
-215 2562
-214 2545
-213 2546
-212 2517
-211 2526
-210 2473
-209 2483
-208 2485
-207 2443
-206 2532
-205 2461
-204 2372
-203 2333
-202 2484
-201 2342
-200 2361
-199 2352
-198 2311
-197 2270
-196 2244
-195 2323
-194 2325
-193 2284
-192 2379
-191 2281
-190 2250
-189 2298
-188 2298
-187 2277
-186 2227
-185 2207
-184 2171
-183 2219
-182 2138
-181 2299
-180 2174
-179 2136
-178 2138
-177 2220
-176 2214
-175 2249
-174 2170
-173 2125
-172 2175
-171 2124
-170 2097
-169 2238
-168 2129
-167 2195
-166 2103
-165 2163
-164 2147
-163 2208
-162 2131
-161 2009
-160 2147
-159 1990
-158 2095
-157 2079
-156 2006
-155 2055
-154 2009
-153 2037
-152 2025
-151 1953
-150 2069
-149 2057
-148 2006
-147 2007
-146 1980
-145 1998
-144 1954
-143 1999
-142 1991
-141 2062
-140 2004
-139 1929
-138 2069
-137 2001
-136 1962
-135 1913
-134 1906
-133 1961
-132 1901
-131 1847
-130 1942
-129 1813
-128 1850
-127 1859
-126 1838
-125 1822
-124 1705
-123 1772
-122 1688
-121 1737
-120 1737
-119 1690
-118 1773
-117 1702
-116 1632
-115 1604
-114 1632
-113 1632
-112 1655
-111 1586
-110 1601
-109 1601
-108 1632
-107 1553
-106 1547
-105 1556
-104 1568
-103 1591
-102 1510
-101 1517
-100 1483
-99 1509
-98 1445
-97 1432
-96 1476
-95 1418
-94 1437
-93 1404
-92 1417
-91 1387
-90 1373
-89 1421
-88 1435
-87 1416
-86 1437
-85 1435
-84 1415
-83 1398
-82 1308
-81 1360
-80 1234
-79 1388
-78 1240
-77 1353
-76 1324
-75 1292
-74 1327
-73 1269
-72 1278
-71 1272
-70 1222
-69 1266
-68 1251
-67 1290
-66 1232
-65 1214
-64 1280
-63 1261
-62 1183
-61 1165
-60 1187
-59 1187
-58 1204
-57 1193
-56 1157
-55 1205
-54 1135
-53 1121
-52 1168
-51 1146
-50 1123
-49 1166
-48 1145
-47 1131
-46 1165
-45 1105
-44 1090
-43 1110
-42 1064
-41 1087
-40 1086
-39 1096
-38 1009
-37 1098
-36 1039
-35 1059
-34 1071
-33 1047
-32 1001
-31 1037
-30 1034
-29 967
-28 951
-27 1047
-26 1027
-25 971
-24 1010
-23 983
-22 985
-21 955
-20 956
-19 994
-18 1001
-17 1003
-16 984
-15 918
-14 987
-13 943
-12 948
-11 938
-10 968
-9 943
-8 971
-7 900
-6 895
-5 913
-4 867
-3 851
-2 904
-1 892
0 829
1 826
2 897
3 814
4 893
5 854
6 883
7 843
8 822
9 818
10 862
11 809
12 777
13 880
14 793
15 810
16 779
17 817
18 824
19 795
20 771
21 790
22 773
23 793
24 760
25 816
26 661
27 720
28 738
29 733
30 716
31 713
32 747
33 709
34 763
35 722
36 733
37 679
38 707
39 703
40 722
41 668
42 668
43 706
44 646
45 706
46 705
47 700
48 659
49 649
50 660
51 673
52 663
53 694
54 675
55 643
56 679
57 622
58 677
59 657
60 605
61 619
62 676
63 627
64 628
65 614
66 633
67 602
68 576
69 596
70 647
71 609
72 567
73 604
74 574
75 600
76 583
77 619
78 540
79 583
80 572
81 554
82 566
83 571
84 573
85 543
86 533
87 607
88 568
89 539
90 501
91 538
92 518
93 511
94 529
95 517
96 515
97 491
98 490
99 495
100 460
101 495
102 495
103 505
104 509
105 471
106 456
107 488
108 468
109 480
110 460
111 456
112 467
113 432
114 449
115 442
116 428
117 485
118 421
119 441
120 451
121 408
122 441
123 427
124 461
125 434
126 424
127 420
128 439
129 425
130 432
131 412
132 390
133 393
134 393
135 416
136 397
137 430
138 375
139 387
140 405
141 375
142 405
143 359
144 397
145 350
146 391
147 339
148 378
149 350
150 378
151 390
152 364
153 336
154 332
155 361
156 365
157 333
158 336
159 344
160 322
161 341
162 324
163 365
164 357
165 350
166 314
167 319
168 317
169 332
170 313
171 315
172 291
173 323
174 311
175 295
176 305
177 303
178 306
179 270
180 313
181 291
182 324
183 272
184 256
185 301
186 277
187 286
188 288
189 244
190 313
191 264
192 266
193 268
194 269
195 247
196 261
197 250
198 260
199 256
200 263
201 274
202 254
203 263
204 256
205 282
206 276
207 258
208 271
209 299
210 237
211 229
212 264
213 219
214 260
215 216
216 239
217 246
218 267
219 259
220 204
221 224
222 217
223 229
224 245
225 203
226 240
227 232
228 236
229 217
230 225
231 223
232 227
233 214
234 246
235 216
236 230
237 225
238 221
239 213
240 227
241 202
242 206
243 205
244 192
245 238
246 214
247 182
248 194
249 211
250 219
251 206
252 195
253 215
254 193
255 199
256 195
257 197
258 179
259 182
260 175
261 174
262 177
263 176
264 186
265 185
266 211
267 162
268 183
269 162
270 167
271 168
272 167
273 145
274 168
275 149
276 174
277 153
278 161
279 171
280 154
281 141
282 179
283 151
284 161
285 138
286 158
287 148
288 146
289 148
290 139
291 145
292 149
293 165
294 131
295 144
296 130
297 162
298 141
299 151
300 136
301 124
302 148
303 139
304 134
305 140
306 130
307 116
308 152
309 140
310 136
311 114
312 128
313 114
314 129
315 120
316 147
317 127
318 139
319 110
320 132
321 113
322 120
323 109
324 110
325 116
326 139
327 120
328 136
329 124
330 115
331 133
332 106
333 109
334 125
335 108
336 115
337 129
338 123
339 111
340 119
341 98
342 95
343 113
344 108
345 100
346 113
347 97
348 95
349 109
350 109
351 92
352 102
353 92
354 98
355 93
356 95
357 89
358 69
359 91
360 94
361 85
362 100
363 100
364 72
365 98
366 93
367 92
368 93
369 88
370 93
371 81
372 104
373 95
374 96
375 82
376 81
377 98
378 95
379 91
380 60
381 105
382 81
383 67
384 72
385 81
386 90
387 84
388 91
389 82
390 56
391 84
392 70
393 73
394 67
395 84
396 76
397 75
398 82
399 60
400 75
401 53
402 69
403 67
404 66
405 60
406 68
407 81
408 70
409 75
410 55
411 64
412 66
413 74
414 87
415 58
416 54
417 69
418 60
419 49
420 73
421 62
422 68
423 61
424 64
425 47
426 67
427 59
428 59
429 64
430 62
431 72
432 70
433 71
434 63
435 66
436 46
437 73
438 54
439 67
440 54
441 52
442 60
443 63
444 58
445 56
446 69
447 52
448 48
449 55
450 57
451 46
452 69
453 57
454 43
455 50
456 48
457 56
458 55
459 47
460 43
461 51
462 59
463 39
464 58
465 47
466 45
467 40
468 48
469 52
470 38
471 39
472 56
473 50
474 42
475 40
476 42
477 51
478 47
479 49
480 45
481 54
482 46
483 43
484 40
485 49
486 32
487 46
488 57
489 50
490 45
491 36
492 39
493 40
494 40
495 40
496 40
497 49
498 42
499 32
500 42
501 40
502 28
503 39
504 39
505 35
506 34
507 26
508 39
509 37
510 28
511 30
512 32
513 36
514 34
515 47
516 42
517 39
518 28
519 26
520 37
521 29
522 34
523 35
524 35
525 47
526 28
527 33
528 45
529 32
530 44
531 35
532 35
533 28
534 36
535 43
536 30
537 32
538 31
539 35
540 27
541 26
542 31
543 28
544 16
545 38
546 27
547 25
548 32
549 37
550 36
551 39
552 38
553 21
554 24
555 27
556 36
557 38
558 26
559 25
560 31
561 28
562 34
563 24
564 26
565 20
566 28
567 30
568 27
569 31
570 23
571 29
572 20
573 25
574 22
575 33
576 25
577 32
578 25
579 22
580 32
581 30
582 27
583 19
584 24
585 29
586 28
587 27
588 35
589 29
590 21
591 25
592 26
593 18
594 23
595 22
596 22
597 28
598 11
599 34
600 22
601 28
602 25
603 29
604 25
605 25
606 24
607 16
608 19
609 27
610 30
611 24
612 26
613 26
614 16
615 25
616 11
617 20
618 15
619 16
620 16
621 21
622 22
623 20
624 30
625 16
626 17
627 21
628 23
629 20
630 21
631 21
632 27
633 24
634 26
635 24
636 27
637 17
638 25
639 20
640 25
641 28
642 27
643 13
644 26
645 25
646 21
647 23
648 16
649 26
650 15
651 22
652 25
653 19
654 16
655 15
656 24
657 19
658 17
659 17
660 17
661 21
662 15
663 32
664 20
665 13
666 14
667 25
668 22
669 17
670 22
671 25
672 16
673 20
674 17
675 22
676 19
677 23
678 28
679 17
680 22
681 22
682 21
683 15
684 13
685 15
686 18
687 19
688 14
689 19
690 12
691 18
692 18
693 21
694 15
695 15
696 14
697 21
698 20
699 22
700 15
701 19
702 21
703 20
704 20
705 16
706 21
707 17
708 13
709 19
710 25
711 23
712 11
713 27
714 24
715 18
716 15
717 15
718 18
719 14
720 17
721 20
722 16
723 16
724 24
725 19
726 27
727 19
728 25
729 18
730 14
731 10
732 14
733 10
734 16
735 17
736 17
737 19
738 16
739 19
740 15
741 17
742 14
743 12
744 15
745 17
746 19
747 13
748 22
749 17
750 23
751 18
752 19
753 14
754 13
755 19
756 22
757 16
758 18
759 27
760 10
761 13
762 30
763 20
764 22
765 17
766 17
767 15
768 18
769 7
770 22
771 13
772 16
773 22
774 24
775 21
776 15
777 24
778 18
779 21
780 26
781 18
782 17
783 16
784 18
785 19
786 21
787 22
788 26
789 19
790 25
791 20
792 14
793 15
794 11
795 25
796 26
797 25
798 22
799 26
800 29
801 18
802 28
803 21
804 22
805 14
806 11
807 24
808 21
809 13
810 13
811 17
812 20
813 19
814 21
815 23
816 16
817 18
818 15
819 16
820 19
821 26
822 16
823 14
824 13
825 12
826 18
827 13
828 19
829 17
830 23
831 15
832 14
833 26
834 22
835 19
836 26
837 17
838 29
839 20
840 23
841 17
842 15
843 24
844 21
845 14
846 23
847 19
848 25
849 21
850 24
851 18
852 26
853 16
854 26
855 16
856 30
857 25
858 19
859 24
860 34
861 26
862 24
863 17
864 16
865 21
866 24
867 24
868 24
869 19
870 21
871 27
872 24
873 24
874 22
875 29
876 24
877 23
878 27
879 28
880 24
881 23
882 19
883 24
884 35
885 30
886 27
887 20
888 22
889 22
890 33
891 25
892 23
893 21
894 17
895 18
896 23
897 24
898 19
899 25
900 22
901 21
902 19
903 25
904 23
905 25
906 26
907 27
908 25
909 22
910 16
911 28
912 29
913 28
914 24
915 26
916 29
917 28
918 36
919 27
920 24
921 24
922 25
923 29
924 22
925 25
926 22
927 25
928 27
929 19
930 19
931 27
932 20
933 18
934 33
935 34
936 25
937 24
938 23
939 26
940 29
941 17
942 19
943 24
944 24
945 26
946 23
947 17
948 17
949 26
950 18
951 23
952 18
953 23
954 20
955 19
956 22
957 21
958 16
959 28
960 18
961 23
962 21
963 21
964 24
965 19
966 17
967 24
968 25
969 16
970 17
971 23
972 18
973 17
974 32
975 10
976 19
977 19
978 19
979 19
980 18
981 21
982 19
983 24
984 17
985 18
986 13
987 20
988 18
989 16
990 22
991 24
992 18
993 16
994 17
995 12
996 14
997 11
998 13
999 19
1000 11
1001 17
1002 19
1003 15
1004 13
1005 14
1006 16
1007 20
1008 23
1009 17
1010 13
1011 15
1012 10
1013 12
1014 14
1015 8
1016 9
1017 18
1018 7
1019 14
1020 16
1021 20
1022 15
1023 10
1024 16
1025 10
1026 18
1027 14
1028 15
1029 14
1030 13
1031 16
1032 13
1033 13
1034 8
1035 12
1036 13
1037 15
1038 14
1039 9
1040 9
1041 6
1042 10
1043 6
1044 11
1045 12
1046 16
1047 12
1048 14
1049 11
1050 12
1051 18
1052 11
1053 12
1054 11
1055 8
1056 9
1057 12
1058 10
1059 9
1060 10
1061 6
1062 13
1063 7
1064 11
1065 6
1066 11
1067 7
1068 12
1069 10
1070 8
1071 11
1072 4
1073 7
1074 13
1075 10
1076 8
1077 11
1078 6
1079 9
1080 5
1081 7
1082 6
1083 9
1084 9
1085 6
1086 7
1087 11
1088 11
1089 12
1090 7
1091 8
1092 7
1093 4
1094 7
1095 11
1096 8
1097 7
1098 6
1099 10
1100 14
1101 2
1102 5
1103 9
1104 13
1105 2
1106 8
1107 4
1108 4
1109 7
1110 4
1111 8
1112 8
1113 6
1114 9
1115 6
1116 5
1117 7
1118 1
1119 7
1120 6
1121 6
1122 4
1123 8
1124 1
1125 3
1126 3
1127 2
1128 6
1129 6
1130 10
1131 3
1132 4
1133 4
1134 6
1135 7
1136 3
1137 4
1138 5
1139 7
1140 3
1141 5
1142 4
1143 4
1144 4
1145 7
1146 6
1147 4
1148 7
1149 4
1150 8
1151 6
1152 6
1153 3
1154 2
1155 3
1156 4
1157 3
1158 2
1159 4
1160 2
1161 4
1162 2
1163 4
1164 7
1165 3
1166 2
1167 2
1168 2
1169 4
1170 5
1171 2
1172 4
1173 1
1174 2
1175 4
1176 6
1177 2
1178 1
1179 2
1180 5
1181 2
1182 5
1183 2
1184 1
1185 3
1186 3
1187 6
1188 2
1189 1
1190 1
1191 2
1192 3
1193 4
1194 2
1195 6
1196 1
1197 1
1198 2
1199 3
1200 2
1201 6
1202 2
1203 3
1204 3
1205 2
1206 1
1207 3
1208 1
1209 1
1210 5
1211 4
1212 4
1213 3
1214 3
1215 6
1216 2
1218 1
1219 1
1220 2
1221 1
1222 2
1224 2
1225 1
1226 3
1227 3
1228 1
1230 2
1231 3
1232 4
1233 2
1234 1
1235 3
1236 3
1237 5
1238 1
1239 4
1240 2
1241 5
1242 3
1243 2
1244 1
1245 2
1248 2
1249 1
1250 1
1251 2
1252 1
1253 3
1255 1
1256 1
1257 1
1258 1
1259 1
1260 2
1261 2
1262 2
1263 3
1265 1
1267 2
1268 1
1269 1
1271 2
1272 3
1273 1
1274 3
1275 2
1277 1
1278 1
1279 2
1281 1
1283 1
1285 2
1290 1
1292 3
1294 1
1295 1
1297 2
1298 1
1301 1
1302 1
1305 1
1306 2
1307 2
1309 1
1310 1
1311 2
1312 3
1313 1
1314 2
1315 1
1316 2
1319 2
1322 1
1323 1
1324 2
1325 1
1328 2
1330 2
1331 1
1332 1
1333 1
1336 1
1340 1
1341 1
1342 1
1347 1
1348 3
1352 2
1355 1
1357 2
1361 1
1362 1
1364 2
1368 2
1369 1
1371 1
1372 1
1377 1
1378 1
1381 1
1382 1
1384 1
1388 1
1389 1
1395 2
1399 1
1403 1
1404 1
1406 1
1408 1
1409 1
1410 1
1411 1
1412 1
1415 1
1416 1
1422 1
1428 1
1430 1
1431 1
1434 1
1436 1
1437 1
1441 1
1446 1
1449 1
1451 1
1454 1
1461 1
1465 2
1471 1
1490 1
1494 1
1495 1
1497 1
1511 1
1521 1
1526 1
1528 1
1539 1
1546 1
1596 1
