-1587 1
-1584 3
-1583 3
-1582 1
-1581 5
-1580 9
-1579 7
-1578 18
-1577 16
-1576 22
-1575 27
-1574 32
-1573 57
-1572 74
-1571 75
-1570 70
-1569 84
-1568 135
-1567 148
-1566 140
-1565 181
-1564 200
-1563 198
-1562 188
-1561 188
-1560 218
-1559 194
-1558 190
-1557 203
-1556 193
-1555 290
-1554 248
-1553 247
-1552 306
-1551 269
-1550 307
-1549 310
-1548 274
-1547 277
-1546 281
-1545 284
-1544 272
-1543 305
-1542 262
-1541 305
-1540 252
-1539 280
-1538 260
-1537 227
-1536 235
-1535 273
-1534 256
-1533 264
-1532 223
-1531 245
-1530 227
-1529 217
-1528 242
-1527 265
-1526 263
-1525 280
-1524 270
-1523 282
-1522 248
-1521 270
-1520 276
-1519 254
-1518 251
-1517 268
-1516 261
-1515 301
-1514 303
-1513 320
-1512 317
-1511 289
-1510 300
-1509 330
-1508 279
-1507 286
-1506 269
-1505 241
-1504 296
-1503 284
-1502 347
-1501 349
-1500 289
-1499 281
-1498 279
-1497 293
-1496 285
-1495 279
-1494 253
-1493 321
-1492 297
-1491 316
-1490 292
-1489 271
-1488 249
-1487 274
-1486 273
-1485 272
-1484 317
-1483 308
-1482 292
-1481 275
-1480 297
-1479 308
-1478 289
-1477 327
-1476 320
-1475 335
-1474 346
-1473 307
-1472 315
-1471 271
-1470 331
-1469 322
-1468 270
-1467 293
-1466 323
-1465 336
-1464 309
-1463 297
-1462 323
-1461 319
-1460 347
-1459 292
-1458 324
-1457 326
-1456 334
-1455 346
-1454 329
-1453 373
-1452 329
-1451 346
-1450 301
-1449 361
-1448 320
-1447 290
-1446 295
-1445 314
-1444 316
-1443 307
-1442 345
-1441 309
-1440 306
-1439 302
-1438 329
-1437 331
-1436 315
-1435 321
-1434 330
-1433 348
-1432 317
-1431 339
-1430 332
-1429 343
-1428 351
-1427 338
-1426 309
-1425 350
-1424 357
-1423 334
-1422 358
-1421 358
-1420 343
-1419 351
-1418 351
-1417 325
-1416 314
-1415 356
-1414 327
-1413 345
-1412 342
-1411 313
-1410 293
-1409 291
-1408 331
-1407 339
-1406 327
-1405 303
-1404 366
-1403 325
-1402 368
-1401 357
-1400 360
-1399 353
-1398 385
-1397 342
-1396 397
-1395 365
-1394 407
-1393 384
-1392 357
-1391 427
-1390 445
-1389 428
-1388 471
-1387 483
-1386 478
-1385 415
-1384 485
-1383 460
-1382 482
-1381 483
-1380 483
-1379 526
-1378 513
-1377 521
-1376 503
-1375 596
-1374 630
-1373 598
-1372 611
-1371 622
-1370 690
-1369 672
-1368 778
-1367 818
-1366 764
-1365 813
-1364 869
-1363 897
-1362 995
-1361 985
-1360 980
-1359 956
-1358 1037
-1357 1007
-1356 1072
-1355 1137
-1354 1090
-1353 1087
-1352 1170
-1351 1170
-1350 1172
-1349 1169
-1348 1197
-1347 1213
-1346 1220
-1345 1183
-1344 1168
-1343 1253
-1342 1155
-1341 1194
-1340 1212
-1339 1267
-1338 1196
-1337 1259
-1336 1206
-1335 1367
-1334 1430
-1333 1469
-1332 1469
-1331 1436
-1330 1608
-1329 1528
-1328 1572
-1327 1642
-1326 1700
-1325 1672
-1324 1645
-1323 1713
-1322 1711
-1321 1797
-1320 1851
-1319 1925
-1318 1890
-1317 1841
-1316 1988
-1315 2067
-1314 2203
-1313 2176
-1312 2213
-1311 2198
-1310 2197
-1309 2215
-1308 2230
-1307 2278
-1306 2357
-1305 2401
-1304 2492
-1303 2598
-1302 2462
-1301 2379
-1300 2534
-1299 2439
-1298 2460
-1297 2381
-1296 2436
-1295 2401
-1294 2468
-1293 2415
-1292 2458
-1291 2399
-1290 2380
-1289 2430
-1288 2425
-1287 2471
-1286 2467
-1285 2461
-1284 2455
-1283 2394
-1282 2554
-1281 2522
-1280 2347
-1279 2473
-1278 2360
-1277 2443
-1276 2329
-1275 2471
-1274 2509
-1273 2494
-1272 2573
-1271 2537
-1270 2561
-1269 2544
-1268 2515
-1267 2569
-1266 2598
-1265 2697
-1264 2673
-1263 2723
-1262 2680
-1261 2738
-1260 2750
-1259 2719
-1258 2928
-1257 2802
-1256 2870
-1255 2809
-1254 2904
-1253 2965
-1252 2967
-1251 3049
-1250 3174
-1249 3176
-1248 3265
-1247 3300
-1246 3200
-1245 3432
-1244 3280
-1243 3509
-1242 3524
-1241 3599
-1240 3546
-1239 3392
-1238 3606
-1237 3458
-1236 3686
-1235 3534
-1234 3493
-1233 3456
-1232 3463
-1231 3376
-1230 3528
-1229 3550
-1228 3510
-1227 3625
-1226 3616
-1225 3637
-1224 3724
-1223 3785
-1222 3882
-1221 3983
-1220 3847
-1219 3867
-1218 3834
-1217 3820
-1216 3902
-1215 3947
-1214 3960
-1213 3872
-1212 3929
-1211 3937
-1210 3934
-1209 3843
-1208 3862
-1207 3996
-1206 4055
-1205 3823
-1204 3861
-1203 4081
-1202 3922
-1201 4018
-1200 3935
-1199 3891
-1198 3931
-1197 4005
-1196 3909
-1195 3894
-1194 4011
-1193 4080
-1192 3882
-1191 3830
-1190 3845
-1189 3926
-1188 3897
-1187 3904
-1186 3934
-1185 3787
-1184 3826
-1183 4056
-1182 3935
-1181 3778
-1180 3908
-1179 3827
-1178 3805
-1177 3894
-1176 3961
-1175 3849
-1174 3984
-1173 3861
-1172 3871
-1171 3891
-1170 3915
-1169 3813
-1168 3925
-1167 4015
-1166 3845
-1165 3858
-1164 3970
-1163 3935
-1162 3883
-1161 3777
-1160 3914
-1159 4077
-1158 3901
-1157 3963
-1156 4008
-1155 4017
-1154 4082
-1153 3973
-1152 4147
-1151 4045
-1150 4097
-1149 4148
-1148 4081
-1147 4146
-1146 4078
-1145 4141
-1144 4077
-1143 4162
-1142 4104
-1141 4209
-1140 4165
-1139 4167
-1138 4334
-1137 4331
-1136 4272
-1135 4393
-1134 4348
-1133 4322
-1132 4425
-1131 4564
-1130 4557
-1129 4679
-1128 4717
-1127 4704
-1126 4732
-1125 4910
-1124 4916
-1123 4994
-1122 4850
-1121 4960
-1120 4811
-1119 5119
-1118 4992
-1117 4964
-1116 5160
-1115 5428
-1114 5337
-1113 5238
-1112 5380
-1111 5318
-1110 5456
-1109 5532
-1108 5487
-1107 5569
-1106 5440
-1105 5557
-1104 5599
-1103 5627
-1102 5743
-1101 5748
-1100 5801
-1099 5684
-1098 5768
-1097 6044
-1096 6185
-1095 6230
-1094 6495
-1093 6537
-1092 6487
-1091 6406
-1090 6513
-1089 6587
-1088 6499
-1087 6730
-1086 6692
-1085 6671
-1084 6683
-1083 6580
-1082 6505
-1081 6507
-1080 6326
-1079 6532
-1078 6510
-1077 6521
-1076 6476
-1075 6684
-1074 6569
-1073 6435
-1072 6653
-1071 6756
-1070 6806
-1069 6825
-1068 6872
-1067 6876
-1066 6772
-1065 7016
-1064 7018
-1063 7068
-1062 7159
-1061 7210
-1060 7268
-1059 7118
-1058 7370
-1057 7350
-1056 7285
-1055 7315
-1054 7246
-1053 7326
-1052 7435
-1051 7304
-1050 7538
-1049 7382
-1048 7249
-1047 7437
-1046 7477
-1045 7312
-1044 7395
-1043 7187
-1042 7288
-1041 7315
-1040 7335
-1039 7276
-1038 7397
-1037 7423
-1036 7509
-1035 7390
-1034 7506
-1033 7476
-1032 7426
-1031 7473
-1030 7541
-1029 7584
-1028 7796
-1027 7698
-1026 7554
-1025 7574
-1024 7627
-1023 7647
-1022 7762
-1021 7631
-1020 7728
-1019 7657
-1018 7485
-1017 7513
-1016 7413
-1015 7479
-1014 7311
-1013 7311
-1012 7609
-1011 7342
-1010 7236
-1009 7280
-1008 7124
-1007 7181
-1006 7158
-1005 7325
-1004 7338
-1003 7263
-1002 7467
-1001 7527
-1000 7533
-999 7566
-998 7660
-997 7656
-996 7773
-995 7848
-994 7883
-993 7825
-992 7723
-991 7685
-990 7730
-989 7682
-988 7450
-987 7636
-986 7660
-985 7556
-984 7473
-983 7289
-982 7445
-981 7294
-980 7361
-979 7285
-978 7498
-977 7405
-976 7226
-975 7253
-974 7477
-973 7470
-972 7325
-971 7126
-970 7253
-969 7184
-968 7122
-967 7366
-966 7235
-965 7058
-964 7183
-963 7036
-962 6865
-961 7041
-960 6989
-959 6983
-958 6931
-957 6983
-956 6848
-955 6939
-954 6917
-953 6740
-952 6825
-951 6738
-950 6763
-949 6765
-948 6694
-947 6682
-946 6540
-945 6693
-944 6636
-943 6583
-942 6442
-941 6444
-940 6305
-939 6536
-938 6397
-937 6293
-936 6358
-935 6247
-934 6287
-933 6293
-932 6188
-931 6277
-930 6276
-929 6264
-928 6333
-927 6371
-926 6393
-925 6369
-924 6486
-923 6463
-922 6353
-921 6412
-920 6482
-919 6536
-918 6330
-917 6432
-916 6451
-915 6414
-914 6314
-913 6384
-912 6328
-911 6282
-910 6222
-909 6194
-908 6082
-907 6181
-906 6106
-905 6037
-904 6138
-903 5962
-902 6204
-901 6173
-900 6177
-899 6054
-898 6024
-897 6222
-896 6093
-895 6294
-894 6079
-893 6100
-892 6183
-891 6223
-890 6178
-889 6040
-888 6107
-887 6174
-886 5984
-885 6014
-884 5940
-883 5801
-882 6034
-881 5880
-880 5939
-879 6012
-878 6043
-877 5904
-876 5971
-875 5886
-874 5866
-873 5875
-872 5897
-871 5755
-870 5937
-869 5836
-868 6102
-867 5995
-866 6083
-865 6055
-864 6006
-863 5992
-862 5830
-861 6071
-860 5864
-859 5768
-858 5918
-857 5793
-856 5794
-855 5931
-854 5950
-853 5798
-852 5797
-851 5778
-850 5866
-849 5727
-848 5737
-847 5782
-846 5905
-845 5844
-844 5848
-843 5871
-842 5744
-841 6013
-840 5942
-839 5858
-838 6011
-837 5877
-836 6088
-835 5944
-834 6100
-833 5785
-832 5709
-831 5737
-830 5707
-829 5641
-828 5575
-827 5736
-826 5706
-825 5687
-824 5532
-823 5625
-822 5557
-821 5725
-820 5824
-819 5769
-818 5618
-817 5703
-816 5626
-815 5551
-814 5534
-813 5624
-812 5496
-811 5364
-810 5500
-809 5254
-808 5479
-807 5349
-806 5341
-805 5229
-804 5126
-803 5190
-802 5083
-801 5035
-800 5028
-799 5134
-798 5062
-797 5104
-796 4965
-795 4975
-794 4961
-793 5104
-792 4998
-791 5041
-790 4873
-789 4916
-788 4908
-787 4957
-786 4827
-785 4838
-784 4789
-783 4716
-782 4703
-781 4707
-780 4656
-779 4699
-778 4869
-777 4795
-776 4598
-775 4586
-774 4548
-773 4450
-772 4419
-771 4523
-770 4346
-769 4405
-768 4465
-767 4324
-766 4452
-765 4326
-764 4505
-763 4317
-762 4305
-761 4150
-760 4211
-759 4298
-758 4193
-757 4307
-756 4268
-755 4241
-754 4108
-753 4151
-752 4188
-751 4082
-750 4071
-749 4176
-748 4116
-747 4147
-746 4051
-745 4001
-744 3984
-743 4041
-742 4047
-741 3986
-740 3884
-739 3981
-738 4030
-737 3929
-736 3934
-735 3939
-734 3790
-733 3927
-732 3817
-731 3846
-730 3726
-729 3868
-728 3800
-727 3852
-726 3892
-725 3745
-724 3726
-723 3678
-722 3738
-721 3713
-720 3773
-719 3750
-718 3692
-717 3889
-716 3740
-715 3756
-714 3659
-713 3644
-712 3619
-711 3647
-710 3651
-709 3612
-708 3602
-707 3467
-706 3582
-705 3547
-704 3520
-703 3578
-702 3561
-701 3453
-700 3495
-699 3496
-698 3437
-697 3452
-696 3386
-695 3454
-694 3435
-693 3427
-692 3306
-691 3451
-690 3350
-689 3413
-688 3432
-687 3384
-686 3341
-685 3300
-684 3246
-683 3297
-682 3093
-681 3139
-680 3267
-679 3174
-678 3118
-677 3144
-676 3192
-675 2992
-674 3096
-673 3006
-672 3136
-671 3100
-670 3064
-669 3032
-668 3030
-667 3020
-666 2922
-665 2802
-664 2867
-663 2840
-662 2860
-661 2843
-660 2877
-659 2834
-658 2800
-657 2786
-656 2735
-655 2787
-654 2876
-653 2851
-652 2888
-651 2746
-650 2767
-649 2816
-648 2790
-647 2732
-646 2644
-645 2642
-644 2752
-643 2770
-642 2748
-641 2858
-640 2667
-639 2715
-638 2544
-637 2619
-636 2601
-635 2703
-634 2626
-633 2563
-632 2605
-631 2577
-630 2489
-629 2453
-628 2574
-627 2519
-626 2548
-625 2383
-624 2421
-623 2365
-622 2371
-621 2389
-620 2467
-619 2326
-618 2301
-617 2390
-616 2301
-615 2299
-614 2341
-613 2241
-612 2277
-611 2309
-610 2262
-609 2198
-608 2193
-607 2249
-606 2213
-605 2100
-604 2173
-603 2185
-602 2117
-601 2126
-600 2107
-599 2034
-598 2092
-597 2071
-596 2115
-595 1965
-594 1970
-593 1957
-592 2034
-591 1989
-590 1961
-589 1945
-588 1971
-587 1979
-586 2028
-585 1987
-584 1865
-583 1951
-582 1834
-581 1956
-580 1766
-579 1888
-578 1779
-577 1907
-576 1818
-575 1775
-574 1794
-573 1877
-572 1800
-571 1789
-570 1864
-569 1771
-568 1749
-567 1724
-566 1780
-565 1823
-564 1780
-563 1746
-562 1753
-561 1722
-560 1823
-559 1779
-558 1768
-557 1792
-556 1719
-555 1673
-554 1665
-553 1777
-552 1756
-551 1714
-550 1674
-549 1664
-548 1688
-547 1699
-546 1674
-545 1702
-544 1669
-543 1655
-542 1545
-541 1606
-540 1543
-539 1538
-538 1503
-537 1551
-536 1584
-535 1518
-534 1510
-533 1594
-532 1543
-531 1516
-530 1516
-529 1490
-528 1461
-527 1517
-526 1441
-525 1429
-524 1478
-523 1386
-522 1402
-521 1386
-520 1420
-519 1357
-518 1374
-517 1321
-516 1377
-515 1394
-514 1292
-513 1262
-512 1349
-511 1289
-510 1355
-509 1278
-508 1250
-507 1293
-506 1264
-505 1332
-504 1266
-503 1215
-502 1300
-501 1219
-500 1215
-499 1176
-498 1233
-497 1192
-496 1206
-495 1159
-494 1157
-493 1147
-492 1132
-491 1183
-490 1078
-489 1122
-488 1080
-487 1135
-486 1102
-485 1137
-484 1048
-483 1116
-482 1067
-481 1089
-480 1031
-479 1021
-478 1007
-477 1027
-476 1025
-475 1016
-474 1018
-473 1013
-472 980
-471 988
-470 996
-469 1043
-468 987
-467 952
-466 972
-465 923
-464 957
-463 971
-462 966
-461 986
-460 901
-459 950
-458 930
-457 936
-456 881
-455 977
-454 955
-453 925
-452 940
-451 908
-450 888
-449 898
-448 912
-447 866
-446 882
-445 897
-444 884
-443 892
-442 872
-441 837
-440 853
-439 833
-438 874
-437 828
-436 843
-435 795
-434 860
-433 782
-432 830
-431 826
-430 807
-429 751
-428 809
-427 844
-426 789
-425 824
-424 804
-423 763
-422 788
-421 794
-420 784
-419 794
-418 714
-417 769
-416 742
-415 725
-414 718
-413 776
-412 746
-411 756
-410 709
-409 777
-408 709
-407 690
-406 753
-405 692
-404 739
-403 719
-402 760
-401 712
-400 748
-399 665
-398 703
-397 733
-396 688
-395 705
-394 708
-393 660
-392 677
-391 664
-390 675
-389 679
-388 673
-387 653
-386 636
-385 710
-384 643
-383 650
-382 620
-381 615
-380 671
-379 632
-378 672
-377 677
-376 605
-375 601
-374 623
-373 603
-372 644
-371 606
-370 682
-369 596
-368 641
-367 593
-366 591
-365 626
-364 620
-363 578
-362 575
-361 548
-360 593
-359 577
-358 575
-357 598
-356 571
-355 606
-354 580
-353 561
-352 577
-351 577
-350 583
-349 560
-348 540
-347 547
-346 515
-345 556
-344 555
-343 589
-342 572
-341 532
-340 557
-339 528
-338 529
-337 549
-336 513
-335 491
-334 500
-333 520
-332 520
-331 486
-330 523
-329 502
-328 532
-327 505
-326 496
-325 505
-324 507
-323 493
-322 475
-321 494
-320 511
-319 464
-318 514
-317 508
-316 507
-315 475
-314 476
-313 470
-312 454
-311 454
-310 473
-309 464
-308 464
-307 471
-306 456
-305 465
-304 441
-303 460
-302 455
-301 432
-300 411
-299 444
-298 429
-297 385
-296 446
-295 457
-294 449
-293 442
-292 442
-291 419
-290 432
-289 425
-288 437
-287 418
-286 405
-285 402
-284 415
-283 395
-282 412
-281 389
-280 381
-279 372
-278 410
-277 373
-276 341
-275 418
-274 397
-273 381
-272 378
-271 373
-270 353
-269 389
-268 368
-267 376
-266 369
-265 344
-264 349
-263 379
-262 395
-261 360
-260 354
-259 374
-258 367
-257 336
-256 350
-255 368
-254 358
-253 333
-252 331
-251 340
-250 320
-249 351
-248 325
-247 324
-246 353
-245 322
-244 341
-243 307
-242 328
-241 359
-240 318
-239 324
-238 290
-237 314
-236 333
-235 316
-234 315
-233 303
-232 282
-231 311
-230 346
-229 281
-228 318
-227 329
-226 299
-225 307
-224 302
-223 299
-222 275
-221 287
-220 275
-219 303
-218 278
-217 292
-216 302
-215 298
-214 257
-213 295
-212 277
-211 295
-210 253
-209 273
-208 279
-207 284
-206 286
-205 286
-204 275
-203 290
-202 277
-201 252
-200 248
-199 281
-198 254
-197 297
-196 263
-195 273
-194 295
-193 261
-192 283
-191 264
-190 239
-189 250
-188 247
-187 247
-186 232
-185 247
-184 257
-183 244
-182 248
-181 243
-180 261
-179 222
-178 237
-177 239
-176 222
-175 255
-174 246
-173 268
-172 259
-171 224
-170 274
-169 233
-168 230
-167 250
-166 228
-165 252
-164 221
-163 239
-162 208
-161 212
-160 216
-159 226
-158 207
-157 224
-156 226
-155 226
-154 212
-153 205
-152 188
-151 229
-150 221
-149 209
-148 210
-147 183
-146 212
-145 201
-144 185
-143 186
-142 211
-141 186
-140 193
-139 212
-138 181
-137 207
-136 222
-135 189
-134 193
-133 214
-132 195
-131 195
-130 180
-129 180
-128 192
-127 199
-126 169
-125 198
-124 187
-123 203
-122 173
-121 193
-120 177
-119 192
-118 165
-117 213
-116 186
-115 196
-114 186
-113 180
-112 194
-111 185
-110 187
-109 163
-108 164
-107 187
-106 161
-105 155
-104 169
-103 172
-102 173
-101 169
-100 169
-99 162
-98 152
-97 203
-96 189
-95 161
-94 185
-93 154
-92 160
-91 155
-90 174
-89 177
-88 156
-87 145
-86 178
-85 161
-84 146
-83 155
-82 157
-81 150
-80 172
-79 152
-78 166
-77 153
-76 151
-75 168
-74 137
-73 136
-72 144
-71 157
-70 173
-69 130
-68 130
-67 143
-66 144
-65 152
-64 154
-63 153
-62 157
-61 133
-60 137
-59 123
-58 153
-57 127
-56 137
-55 131
-54 145
-53 148
-52 147
-51 121
-50 110
-49 143
-48 147
-47 157
-46 111
-45 139
-44 134
-43 144
-42 103
-41 138
-40 122
-39 130
-38 123
-37 130
-36 136
-35 109
-34 140
-33 127
-32 132
-31 131
-30 112
-29 126
-28 125
-27 134
-26 120
-25 114
-24 127
-23 118
-22 132
-21 140
-20 125
-19 116
-18 131
-17 116
-16 109
-15 126
-14 115
-13 123
-12 119
-11 113
-10 125
-9 108
-8 125
-7 123
-6 125
-5 113
-4 114
-3 109
-2 108
-1 99
0 105
1 113
2 109
3 106
4 115
5 90
6 102
7 102
8 124
9 104
10 124
11 102
12 129
13 99
14 120
15 109
16 118
17 96
18 112
19 103
20 124
21 112
22 118
23 108
24 116
25 111
26 109
27 112
28 85
29 112
30 114
31 110
32 124
33 106
34 104
35 112
36 130
37 107
38 101
39 98
40 109
41 120
42 105
43 95
44 111
45 96
46 105
47 113
48 99
49 99
50 105
51 108
52 91
53 90
54 116
55 83
56 103
57 105
58 92
59 93
60 91
61 73
62 110
63 100
64 78
65 104
66 98
67 92
68 99
69 78
70 88
71 106
72 83
73 85
74 71
75 103
76 70
77 87
78 77
79 85
80 97
81 88
82 82
83 88
84 75
85 99
86 87
87 82
88 66
89 67
90 75
91 76
92 68
93 83
94 72
95 88
96 73
97 100
98 82
99 99
100 85
101 84
102 75
103 64
104 70
105 62
106 76
107 101
108 76
109 78
110 70
111 78
112 67
113 82
114 71
115 68
116 78
117 71
118 75
119 79
120 70
121 76
122 72
123 76
124 77
125 77
126 62
127 81
128 56
129 66
130 59
131 63
132 80
133 71
134 78
135 59
136 69
137 72
138 66
139 52
140 67
141 79
142 64
143 55
144 62
145 66
146 65
147 57
148 55
149 66
150 65
151 66
152 62
153 50
154 57
155 60
156 53
157 65
158 66
159 61
160 48
161 46
162 60
163 54
164 43
165 57
166 38
167 53
168 51
169 54
170 55
171 48
172 50
173 55
174 54
175 56
176 53
177 47
178 59
179 53
180 42
181 44
182 53
183 58
184 50
185 44
186 52
187 60
188 55
189 61
190 45
191 47
192 35
193 47
194 37
195 46
196 40
197 42
198 44
199 35
200 39
201 47
202 41
203 43
204 48
205 43
206 57
207 50
208 47
209 48
210 46
211 48
212 42
213 30
214 41
215 49
216 44
217 43
218 40
219 37
220 42
221 38
222 39
223 38
224 41
225 48
226 35
227 37
228 45
229 48
230 34
231 27
232 33
233 46
234 40
235 33
236 44
237 35
238 25
239 40
240 45
241 31
242 37
243 33
244 32
245 47
246 29
247 35
248 42
249 43
250 32
251 41
252 29
253 45
254 27
255 34
256 35
257 45
258 37
259 25
260 36
261 33
262 27
263 31
264 32
265 23
266 27
267 23
268 31
269 25
270 34
271 20
272 38
273 24
274 25
275 41
276 24
277 20
278 40
279 27
280 24
281 31
282 31
283 32
284 36
285 26
286 21
287 34
288 30
289 38
290 32
291 32
292 32
293 27
294 27
295 19
296 17
297 29
298 29
299 21
300 28
301 20
302 18
303 26
304 26
305 26
306 22
307 26
308 22
309 23
310 27
311 24
312 26
313 20
314 27
315 34
316 21
317 24
318 22
319 32
320 24
321 26
322 25
323 18
324 22
325 25
326 31
327 22
328 24
329 20
330 21
331 24
332 27
333 28
334 19
335 18
336 18
337 20
338 23
339 18
340 22
341 24
342 20
343 17
344 21
345 28
346 18
347 19
348 14
349 20
350 34
351 19
352 8
353 27
354 17
355 20
356 19
357 22
358 18
359 17
360 20
361 17
362 16
363 20
364 19
365 15
366 15
367 19
368 19
369 16
370 15
371 18
372 17
373 18
374 19
375 24
376 19
377 17
378 12
379 25
380 20
381 19
382 16
383 19
384 17
385 26
386 16
387 18
388 16
389 25
390 16
391 15
392 11
393 14
394 21
395 6
396 9
397 9
398 9
399 14
400 14
401 15
402 14
403 9
404 13
405 21
406 17
407 8
408 11
409 8
410 22
411 14
412 8
413 17
414 10
415 16
416 17
417 18
418 14
419 10
420 9
421 14
422 7
423 15
424 15
425 8
426 12
427 11
428 7
429 10
430 12
431 13
432 11
433 15
434 11
435 16
436 18
437 11
438 10
439 14
440 14
441 9
442 10
443 12
444 9
445 17
446 18
447 15
448 14
449 11
450 9
451 8
452 12
453 21
454 13
455 9
456 10
457 16
458 12
459 11
460 11
461 12
462 8
463 15
464 12
465 11
466 10
467 9
468 13
469 10
470 8
471 16
472 8
473 8
474 11
475 13
476 9
477 7
478 6
479 9
480 8
481 14
482 15
483 13
484 12
485 7
486 6
487 10
488 8
489 9
490 6
491 11
492 7
493 8
494 6
495 9
496 9
497 4
498 14
499 8
500 11
501 4
502 11
503 6
504 8
505 5
506 2
507 12
508 15
509 10
510 7
511 7
512 11
513 5
514 3
515 6
516 7
517 17
518 10
519 8
520 3
521 7
522 6
523 10
524 7
525 7
526 3
527 4
528 4
529 2
530 8
531 6
532 3
533 3
534 13
535 6
536 7
537 5
538 8
539 10
540 4
541 8
542 3
543 4
544 4
545 2
546 3
547 5
548 1
549 6
550 7
551 9
552 9
553 4
554 7
555 6
556 5
557 4
558 8
559 4
560 10
561 12
562 4
563 6
564 3
565 4
566 5
567 4
568 2
569 7
570 4
571 4
572 7
573 3
574 5
575 2
576 9
577 4
578 5
579 6
580 4
581 5
582 6
583 9
584 1
585 3
586 3
587 2
588 5
589 4
590 5
591 4
592 4
593 2
594 4
595 7
596 4
597 5
598 1
599 4
600 8
601 5
602 8
603 6
604 5
605 4
606 3
607 6
608 2
609 8
610 2
611 6
612 8
613 5
614 2
615 3
616 5
617 3
618 4
619 3
620 4
621 1
622 3
623 3
624 5
625 7
626 7
628 7
629 7
630 7
631 1
632 3
633 7
634 6
635 4
636 3
637 7
638 2
639 3
640 2
641 3
642 3
643 2
645 2
646 2
647 1
648 4
649 8
650 3
651 4
652 2
653 5
654 2
655 5
656 6
657 5
658 5
659 6
660 3
661 8
662 4
663 3
664 3
665 4
666 7
667 4
668 2
669 3
670 4
671 4
672 3
673 5
674 6
675 5
676 8
677 3
678 2
679 3
680 3
681 1
682 5
683 3
684 5
685 2
686 3
688 3
689 3
690 2
691 5
692 5
693 3
694 3
695 3
696 6
697 3
698 1
699 7
700 2
701 3
702 2
703 3
704 3
705 3
706 4
707 5
708 2
709 6
710 7
711 4
712 3
714 5
715 5
716 2
717 5
718 3
720 1
721 8
722 2
723 5
724 2
725 4
726 2
727 7
728 1
729 4
730 4
731 3
732 3
733 5
734 5
735 4
736 2
737 1
738 1
739 1
740 2
742 4
743 6
744 5
745 4
746 1
747 5
748 3
749 1
750 4
751 3
752 1
753 5
754 2
755 3
756 3
757 2
758 2
759 6
760 3
761 4
762 3
763 2
764 2
765 3
766 3
767 6
768 2
769 3
770 4
771 6
772 1
773 3
774 6
775 3
776 1
778 3
779 1
780 1
781 1
783 3
784 4
785 4
786 2
787 2
788 3
789 3
790 4
792 2
793 3
794 3
795 3
796 2
797 2
798 3
799 2
800 2
801 3
802 3
803 3
804 5
806 1
807 2
808 4
809 4
810 4
811 1
812 4
814 4
815 4
816 5
817 3
818 5
819 2
820 5
822 1
823 3
825 2
826 6
827 4
828 1
829 1
830 6
831 2
832 2
833 3
834 2
835 1
836 4
837 7
838 4
839 4
840 3
841 3
842 2
843 3
844 4
845 1
846 1
847 4
848 3
849 3
850 1
851 2
852 1
853 4
855 2
856 1
857 2
858 3
859 4
860 1
861 2
863 2
864 3
866 1
867 4
868 1
869 3
871 1
872 3
873 4
874 2
875 3
876 1
877 3
878 3
879 3
880 3
881 1
883 2
884 3
885 2
886 2
888 1
889 2
890 5
892 1
893 3
894 1
895 3
896 3
897 1
898 2
899 3
900 1
901 1
902 2
903 2
904 4
905 1
906 7
907 2
908 1
909 3
910 4
911 2
912 2
913 7
914 3
915 1
916 1
917 4
918 1
919 2
920 3
923 7
924 4
925 3
926 3
927 2
928 2
929 1
930 1
932 2
933 4
934 6
935 1
936 3
937 2
938 2
939 4
940 4
941 1
942 1
943 2
944 2
945 1
946 1
947 3
948 2
949 1
950 1
951 3
952 2
953 1
954 3
955 2
956 1
957 3
958 3
959 1
960 2
961 2
963 1
965 4
966 3
967 3
968 3
970 2
971 3
972 1
973 1
974 1
975 3
977 3
978 2
980 3
981 6
982 1
984 1
985 2
986 4
987 1
988 3
989 2
990 2
991 3
993 3
994 4
995 1
996 1
998 7
999 3
1000 4
1001 2
1002 2
1003 2
1004 2
1005 5
1006 1
1007 7
1008 1
1009 1
1010 1
1011 1
1012 2
1013 3
1014 6
1015 3
1017 1
1018 2
1020 4
1022 4
1023 1
1024 2
1025 2
1026 3
1027 5
1028 1
1029 3
1030 3
1031 1
1032 2
1033 3
1034 2
1035 2
1036 2
1038 1
1039 1
1041 3
1042 4
1044 3
1045 5
1046 4
1047 3
1048 4
1050 1
1051 3
1052 1
1053 2
1054 3
1055 1
1056 3
1057 2
1058 3
1059 3
1060 4
1061 1
1062 2
1063 3
1064 1
1065 2
1066 2
1067 3
1068 2
1069 2
1070 3
1071 1
1072 5
1073 1
1074 1
1075 3
1076 1
1078 3
1080 2
1081 1
1085 4
1086 3
1087 5
1088 5
1089 1
1090 3
1091 1
1092 1
1093 3
1095 1
1096 1
1097 3
1099 3
1100 4
1101 4
1103 2
1104 1
1105 1
1106 2
1108 1
1110 3
1111 1
1113 1
1115 2
1116 1
1117 2
1118 1
1119 1
1120 1
1121 3
1122 1
1123 1
1125 1
1126 3
1127 1
1128 1
1129 2
1130 1
1131 1
1132 3
1134 1
1135 1
1137 1
1139 2
1140 2
1141 2
1142 1
1143 1
1144 1
1147 1
1148 2
1149 1
1151 1
1152 1
1155 1
1156 1
1157 3
1160 1
1161 2
1163 1
1164 1
1166 1
1169 1
1173 2
1174 1
1175 2
1176 2
1177 2
1180 1
1181 1
1182 1
1183 3
1186 1
1189 2
1193 1
1194 1
1197 1
1201 1
1202 1
1204 1
1205 1
1207 1
1209 1
1214 2
1215 1
1237 2
1238 2
1240 1
1242 1
1248 1
1249 2
1256 1
1257 1
1272 1
1292 1
1325 1
1328 2
1349 1
1405 1
