60 29
61 227
62 722
63 1160
64 1389
65 1443
66 1170
67 1082
68 1237
69 1186
70 1325
71 1385
72 1234
73 1192
74 1250
75 1272
76 1341
77 1411
78 1451
79 1303
80 1173
81 1356
82 1239
83 1291
84 1152
85 1115
86 1239
87 1537
88 2115
89 2460
90 2866
91 3041
92 3338
93 3307
94 3165
95 3300
96 3675
97 4671
98 5406
99 6362
100 6725
101 6864
102 7302
103 7712
104 8159
105 8852
106 9427
107 9538
108 9891
109 9693
110 9928
111 10626
112 10774
113 10879
114 10452
115 10169
116 9969
117 10909
118 10707
119 10484
120 10491
121 10882
122 10870
123 11222
124 11866
125 12546
126 13509
127 13579
128 13629
129 13715
130 13698
131 13845
132 13758
133 13688
134 13715
135 13838
136 13799
137 13755
138 13711
139 13413
140 13647
141 13068
142 13109
143 12820
144 13087
145 12630
146 12999
147 13564
148 13565
149 13590
150 13938
151 13665
152 13667
153 13342
154 13521
155 13325
156 13170
157 13119
158 13025
159 13070
160 13539
161 13865
162 14034
163 14424
164 14265
165 14520
166 14058
167 14168
168 14511
169 14835
170 14521
171 14380
172 14487
173 14394
174 14198
175 14191
176 14282
177 14282
178 14432
179 14457
180 14367
181 14274
182 14007
183 13696
184 13936
185 14283
186 14194
187 14484
188 14154
189 14445
190 14474
191 14197
192 14287
193 14408
194 14682
195 14325
196 14731
197 14257
198 14010
199 14211
200 14085
201 14103
202 14183
203 14036
204 13944
205 14183
206 14157
207 13945
208 13959
209 13669
210 13640
211 13384
212 13749
213 13638
214 13912
215 14225
216 13965
217 13672
218 13896
219 13916
220 13762
221 13644
222 13375
223 13641
224 13377
225 13184
226 13342
227 13128
228 12781
229 12861
230 12822
231 12963
232 12884
233 13090
234 12979
235 13113
236 13274
237 12977
238 12700
239 12541
240 12287
241 12253
242 11978
243 12079
244 11931
245 11651
246 11804
247 11539
248 11672
249 11346
250 11244
251 11098
252 11314
253 11017
254 11257
255 11092
256 10927
257 11091
258 11031
259 11066
260 11185
261 10993
262 10854
263 10649
264 10680
265 10769
266 10647
267 10440
268 10372
269 10286
270 10286
271 10162
272 10177
273 9726
274 9831
275 9681
276 9621
277 9868
278 9885
279 9674
280 9656
281 9606
282 9720
283 9506
284 9502
285 9542
286 9588
287 9857
288 9710
289 9648
290 9468
291 9492
292 9634
293 9554
294 9362
295 9321
296 9390
297 9044
298 9139
299 9014
300 8878
301 8953
302 8906
303 8782
304 8468
305 8543
306 8596
307 8458
308 8524
309 8625
310 8577
311 8397
312 8387
313 8422
314 8038
315 7966
316 8005
317 8087
318 7941
319 7703
320 7735
321 7703
322 7475
323 7671
324 7457
325 7520
326 7470
327 7372
328 7511
329 7552
330 7362
331 7242
332 7293
333 7117
334 7125
335 7105
336 7035
337 7030
338 6953
339 6981
340 6997
341 6838
342 6827
343 6667
344 6659
345 6485
346 6528
347 6449
348 6224
349 6257
350 6240
351 6291
352 5997
353 6034
354 5970
355 5992
356 5778
357 5742
358 5704
359 5770
360 5813
361 5510
362 5665
363 5272
364 5648
365 5572
366 5465
367 5391
368 5299
369 5253
370 5248
371 5251
372 5144
373 5131
374 5142
375 5000
376 4945
377 5019
378 4892
379 4796
380 4852
381 4820
382 4824
383 4657
384 4621
385 4492
386 4625
387 4492
388 4498
389 4489
390 4601
391 4476
392 4444
393 4294
394 4260
395 4303
396 4249
397 4185
398 4259
399 4155
400 4165
401 4150
402 4141
403 4113
404 4106
405 4101
406 4048
407 4046
408 3874
409 3933
410 3998
411 3861
412 3874
413 3903
414 3682
415 3843
416 3892
417 3776
418 3673
419 3750
420 3702
421 3657
422 3833
423 3903
424 3557
425 3632
426 3583
427 3641
428 3540
429 3677
430 3589
431 3443
432 3473
433 3529
434 3353
435 3378
436 3298
437 3383
438 3426
439 3314
440 3339
441 3413
442 3266
443 3330
444 3305
445 3270
446 3247
447 3195
448 3170
449 3065
450 3182
451 3105
452 3131
453 3013
454 3076
455 2999
456 3022
457 3076
458 3020
459 3003
460 2920
461 2854
462 2936
463 2999
464 2852
465 2837
466 2817
467 2920
468 2770
469 2835
470 2678
471 2763
472 2776
473 2661
474 2799
475 2560
476 2693
477 2549
478 2558
479 2551
480 2570
481 2507
482 2569
483 2404
484 2517
485 2404
486 2404
487 2493
488 2453
489 2489
490 2526
491 2560
492 2403
493 2488
494 2410
495 2388
496 2358
497 2294
498 2463
499 2399
500 2353
501 2343
502 2282
503 2350
504 2341
505 2332
506 2298
507 2260
508 2182
509 2279
510 2188
511 2161
512 2157
513 2233
514 2277
515 2046
516 2139
517 2110
518 2111
519 2035
520 2015
521 2122
522 1961
523 2070
524 2011
525 2028
526 1972
527 1993
528 1982
529 1885
530 1918
531 1876
532 1941
533 1896
534 1918
535 1881
536 1841
537 1865
538 1832
539 1737
540 1704
541 1783
542 1835
543 1782
544 1784
545 1774
546 1769
547 1758
548 1772
549 1725
550 1695
551 1706
552 1683
553 1708
554 1686
555 1661
556 1697
557 1631
558 1600
559 1644
560 1600
561 1604
562 1612
563 1542
564 1602
565 1597
566 1593
567 1492
568 1645
569 1667
570 1585
571 1573
572 1573
573 1561
574 1570
575 1602
576 1548
577 1504
578 1440
579 1447
580 1421
581 1446
582 1586
583 1407
584 1408
585 1479
586 1445
587 1428
588 1423
589 1416
590 1412
591 1471
592 1490
593 1363
594 1354
595 1376
596 1404
597 1395
598 1391
599 1357
600 1314
601 1375
602 1264
603 1347
604 1332
605 1320
606 1247
607 1239
608 1295
609 1273
610 1272
611 1299
612 1194
613 1207
614 1242
615 1175
616 1191
617 1174
618 1245
619 1210
620 1115
621 1166
622 1162
623 1151
624 1159
625 1075
626 1164
627 1095
628 1102
629 1111
630 1098
631 1066
632 1131
633 1068
634 1081
635 1083
636 1026
637 1132
638 1037
639 1052
640 1113
641 1042
642 1040
643 1010
644 1030
645 1050
646 1019
647 977
648 968
649 1009
650 1072
651 957
652 957
653 1000
654 1018
655 1001
656 947
657 955
658 946
659 923
660 895
661 892
662 899
663 937
664 961
665 958
666 927
667 886
668 898
669 933
670 891
671 890
672 816
673 874
674 869
675 823
676 861
677 820
678 912
679 829
680 756
681 901
682 830
683 838
684 809
685 791
686 769
687 855
688 783
689 771
690 792
691 734
692 778
693 753
694 790
695 766
696 759
697 759
698 808
699 766
700 748
701 743
702 757
703 762
704 773
705 715
706 730
707 695
708 737
709 696
710 673
711 693
712 750
713 707
714 714
715 715
716 701
717 698
718 719
719 697
720 691
721 710
722 662
723 704
724 649
725 670
726 664
727 696
728 602
729 648
730 653
731 615
732 682
733 639
734 665
735 604
736 667
737 608
738 602
739 673
740 616
741 622
742 686
743 591
744 665
745 598
746 595
747 592
748 594
749 571
750 607
751 597
752 577
753 588
754 591
755 623
756 593
757 546
758 552
759 582
760 610
761 574
762 543
763 555
764 563
765 587
766 556
767 563
768 549
769 519
770 568
771 507
772 567
773 543
774 515
775 531
776 564
777 538
778 523
779 486
780 555
781 483
782 507
783 486
784 531
785 509
786 510
787 482
788 499
789 463
790 494
791 475
792 502
793 459
794 466
795 491
796 456
797 463
798 487
799 467
800 476
801 483
802 492
803 490
804 469
805 454
806 477
807 472
808 493
809 464
810 431
811 479
812 452
813 459
814 411
815 440
816 457
817 431
818 426
819 458
820 463
821 464
822 444
823 468
824 403
825 441
826 439
827 424
828 435
829 444
830 428
831 431
832 402
833 439
834 386
835 437
836 399
837 437
838 424
839 418
840 397
841 393
842 416
843 427
844 368
845 398
846 414
847 345
848 378
849 404
850 389
851 381
852 397
853 394
854 387
855 385
856 447
857 413
858 374
859 390
860 338
861 404
862 361
863 379
864 376
865 372
866 376
867 375
868 364
869 375
870 385
871 364
872 358
873 350
874 374
875 394
876 353
877 339
878 350
879 365
880 359
881 402
882 370
883 363
884 370
885 378
886 331
887 372
888 339
889 358
890 341
891 354
892 345
893 356
894 317
895 348
896 356
897 375
898 346
899 364
900 362
901 324
902 341
903 379
904 334
905 345
906 350
907 342
908 331
909 303
910 332
911 341
912 319
913 358
914 345
915 316
916 295
917 328
918 340
919 319
920 337
921 329
922 331
923 320
924 290
925 304
926 303
927 360
928 299
929 306
930 294
931 350
932 342
933 298
934 316
935 279
936 295
937 290
938 315
939 295
940 309
941 302
942 319
943 308
944 334
945 276
946 289
947 279
948 299
949 313
950 321
951 286
952 286
953 274
954 280
955 301
956 296
957 281
958 284
959 269
960 275
961 270
962 248
963 274
964 284
965 296
966 267
967 261
968 275
969 277
970 256
971 282
972 272
973 277
974 244
975 261
976 252
977 241
978 253
979 230
980 265
981 277
982 278
983 267
984 271
985 267
986 251
987 262
988 269
989 250
990 276
991 266
992 270
993 228
994 261
995 256
996 256
997 243
998 256
999 254
1000 230
1001 263
1002 247
1003 218
1004 231
1005 233
1006 240
1007 248
1008 260
1009 237
1010 240
1011 227
1012 220
1013 217
1014 230
1015 237
1016 239
1017 225
1018 220
1019 231
1020 230
1021 209
1022 213
1023 233
1024 204
1025 238
1026 214
1027 271
1028 235
1029 235
1030 228
1031 237
1032 217
1033 235
1034 194
1035 228
1036 239
1037 191
1038 208
1039 216
1040 201
1041 207
1042 201
1043 218
1044 213
1045 199
1046 218
1047 207
1048 209
1049 207
1050 202
1051 207
1052 216
1053 198
1054 193
1055 237
1056 224
1057 224
1058 213
1059 208
1060 178
1061 181
1062 198
1063 183
1064 187
1065 195
1066 174
1067 197
1068 174
1069 151
1070 176
1071 193
1072 202
1073 160
1074 175
1075 210
1076 204
1077 163
1078 208
1079 195
1080 201
1081 181
1082 189
1083 187
1084 195
1085 189
1086 167
1087 195
1088 183
1089 181
1090 192
1091 167
1092 174
1093 183
1094 184
1095 158
1096 175
1097 172
1098 206
1099 178
1100 173
1101 171
1102 187
1103 154
1104 168
1105 184
1106 192
1107 188
1108 182
1109 168
1110 190
1111 159
1112 171
1113 182
1114 175
1115 170
1116 186
1117 180
1118 170
1119 169
1120 145
1121 164
1122 178
1123 167
1124 164
1125 176
1126 153
1127 154
1128 171
1129 169
1130 169
1131 165
1132 150
1133 172
1134 163
1135 191
1136 169
1137 149
1138 152
1139 164
1140 175
1141 173
1142 159
1143 164
1144 174
1145 162
1146 147
1147 140
1148 152
1149 155
1150 148
1151 142
1152 157
1153 147
1154 134
1155 153
1156 165
1157 146
1158 142
1159 166
1160 152
1161 144
1162 174
1163 169
1164 152
1165 135
1166 157
1167 157
1168 166
1169 153
1170 156
1171 148
1172 154
1173 141
1174 144
1175 160
1176 132
1177 135
1178 160
1179 166
1180 153
1181 152
1182 147
1183 131
1184 140
1185 127
1186 140
1187 160
1188 132
1189 142
1190 136
1191 161
1192 148
1193 122
1194 132
1195 146
1196 127
1197 156
1198 129
1199 129
1200 129
1201 155
1202 127
1203 134
1204 139
1205 115
1206 124
1207 124
1208 144
1209 137
1210 146
1211 142
1212 127
1213 132
1214 131
1215 134
1216 122
1217 135
1218 136
1219 120
1220 122
1221 134
1222 132
1223 130
1224 113
1225 134
1226 129
1227 120
1228 126
1229 123
1230 120
1231 103
1232 116
1233 113
1234 142
1235 114
1236 133
1237 120
1238 116
1239 128
1240 111
1241 121
1242 125
1243 129
1244 120
1245 106
1246 122
1247 126
1248 115
1249 126
1250 115
1251 122
1252 136
1253 121
1254 108
1255 105
1256 151
1257 122
1258 122
1259 111
1260 91
1261 103
1262 120
1263 107
1264 101
1265 103
1266 129
1267 112
1268 126
1269 105
1270 111
1271 104
1272 98
1273 120
1274 134
1275 128
1276 131
1277 87
1278 104
1279 97
1280 111
1281 105
1282 112
1283 111
1284 111
1285 121
1286 114
1287 117
1288 121
1289 100
1290 96
1291 115
1292 105
1293 117
1294 104
1295 110
1296 112
1297 102
1298 103
1299 125
1300 92
1301 105
1302 98
1303 84
1304 105
1305 115
1306 104
1307 115
1308 100
1309 112
1310 95
1311 103
1312 101
1313 89
1314 91
1315 86
1316 103
1317 111
1318 99
1319 109
1320 121
1321 92
1322 88
1323 97
1324 94
1325 91
1326 92
1327 88
1328 94
1329 115
1330 103
1331 102
1332 98
1333 113
1334 81
1335 83
1336 105
1337 89
1338 95
1339 93
1340 93
1341 105
1342 91
1343 96
1344 79
1345 96
1346 83
1347 88
1348 73
1349 110
1350 82
1351 93
1352 90
1353 89
1354 95
1355 106
1356 94
1357 93
1358 109
1359 93
1360 85
1361 89
1362 83
1363 86
1364 73
1365 76
1366 90
1367 86
1368 76
1369 93
1370 91
1371 96
1372 83
1373 81
1374 83
1375 103
1376 100
1377 79
1378 93
1379 93
1380 82
1381 85
1382 94
1383 80
1384 67
1385 91
1386 92
1387 71
1388 69
1389 84
1390 89
1391 74
1392 75
1393 71
1394 81
1395 99
1396 62
1397 102
1398 77
1399 72
1400 78
1401 77
1402 84
1403 72
1404 86
1405 83
1406 77
1407 75
1408 76
1409 86
1410 87
1411 79
1412 62
1413 77
1414 68
1415 90
1416 74
1417 81
1418 76
1419 74
1420 89
1421 91
1422 85
1423 69
1424 70
1425 92
1426 67
1427 83
1428 68
1429 79
1430 73
1431 79
1432 68
1433 70
1434 62
1435 83
1436 77
1437 79
1438 71
1439 70
1440 69
1441 83
1442 72
1443 74
1444 78
1445 62
1446 73
1447 69
1448 76
1449 65
1450 73
1451 71
1452 74
1453 82
1454 82
1455 77
1456 87
1457 78
1458 63
1459 58
1460 78
1461 66
1462 81
1463 67
1464 73
1465 71
1466 75
1467 83
1468 63
1469 61
1470 63
1471 69
1472 69
1473 64
1474 61
1475 73
1476 66
1477 74
1478 61
1479 68
1480 57
1481 63
1482 68
1483 75
1484 73
1485 53
1486 70
1487 76
1488 75
1489 65
1490 66
1491 46
1492 51
1493 61
1494 70
1495 56
1496 66
1497 55
1498 66
1499 63
1500 70
1501 66
1502 81
1503 67
1504 74
1505 70
1506 69
1507 53
1508 64
1509 59
1510 54
1511 70
1512 68
1513 49
1514 60
1515 69
1516 49
1517 72
1518 56
1519 76
1520 56
1521 62
1522 60
1523 57
1524 68
1525 54
1526 59
1527 59
1528 59
1529 53
1530 64
1531 61
1532 64
1533 61
1534 61
1535 80
1536 55
1537 64
1538 52
1539 56
1540 61
1541 62
1542 81
1543 58
1544 60
1545 49
1546 68
1547 65
1548 60
1549 56
1550 58
1551 53
1552 58
1553 68
1554 52
1555 55
1556 63
1557 63
1558 47
1559 59
1560 44
1561 62
1562 55
1563 57
1564 49
1565 53
1566 41
1567 51
1568 63
1569 66
1570 57
1571 63
1572 59
1573 57
1574 53
1575 51
1576 41
1577 52
1578 50
1579 68
1580 43
1581 57
1582 64
1583 64
1584 34
1585 58
1586 54
1587 43
1588 56
1589 53
1590 53
1591 40
1592 50
1593 52
1594 55
1595 62
1596 44
1597 54
1598 61
1599 49
1600 43
1601 36
1602 49
1603 39
1604 50
1605 45
1606 55
1607 44
1608 55
1609 49
1610 52
1611 46
1612 55
1613 53
1614 58
1615 64
1616 45
1617 63
1618 44
1619 44
1620 56
1621 69
1622 41
1623 43
1624 49
1625 57
1626 48
1627 45
1628 50
1629 49
1630 47
1631 59
1632 49
1633 36
1634 54
1635 63
1636 51
1637 41
1638 53
1639 49
1640 44
1641 44
1642 42
1643 46
1644 50
1645 36
1646 47
1647 46
1648 46
1649 35
1650 45
1651 47
1652 38
1653 37
1654 31
1655 43
1656 41
1657 37
1658 49
1659 46
1660 55
1661 42
1662 46
1663 44
1664 44
1665 54
1666 43
1667 48
1668 48
1669 41
1670 49
1671 53
1672 52
1673 47
1674 44
1675 52
1676 41
1677 52
1678 43
1679 41
1680 49
1681 48
1682 43
1683 46
1684 56
1685 43
1686 41
1687 54
1688 50
1689 42
1690 49
1691 45
1692 41
1693 40
1694 41
1695 35
1696 43
1697 38
1698 57
1699 43
1700 50
1701 38
1702 48
1703 43
1704 45
1705 48
1706 45
1707 39
1708 41
1709 44
1710 43
1711 38
1712 37
1713 46
1714 39
1715 49
1716 43
1717 43
1718 40
1719 46
1720 27
1721 35
1722 39
1723 42
1724 42
1725 41
1726 36
1727 41
1728 57
1729 43
1730 34
1731 41
1732 34
1733 41
1734 40
1735 32
1736 33
1737 45
1738 33
1739 35
1740 36
1741 45
1742 43
1743 39
1744 45
1745 47
1746 30
1747 38
1748 51
1749 38
1750 29
1751 43
1752 42
1753 38
1754 36
1755 34
1756 40
1757 40
1758 48
1759 32
1760 45
1761 40
1762 39
1763 40
1764 38
1765 36
1766 49
1767 43
1768 29
1769 40
1770 43
1771 36
1772 33
1773 43
1774 32
1775 27
1776 40
1777 39
1778 49
1779 36
1780 38
1781 40
1782 29
1783 36
1784 29
1785 46
1786 37
1787 33
1788 36
1789 32
1790 44
1791 32
1792 44
1793 43
1794 39
1795 32
1796 43
1797 30
1798 39
1799 26
1800 35
1801 40
1802 35
1803 30
1804 37
1805 32
1806 34
1807 47
1808 28
1809 47
1810 45
1811 46
1812 29
1813 39
1814 34
1815 32
1816 46
1817 23
1818 34
1819 24
1820 27
1821 31
1822 24
1823 32
1824 32
1825 36
1826 30
1827 33
1828 36
1829 41
1830 28
1831 33
1832 32
1833 37
1834 40
1835 31
1836 31
1837 33
1838 27
1839 35
1840 25
1841 31
1842 40
1843 34
1844 36
1845 33
1846 33
1847 34
1848 24
1849 43
1850 34
1851 36
1852 36
1853 37
1854 37
1855 32
1856 34
1857 32
1858 41
1859 26
1860 35
1861 31
1862 29
1863 42
1864 22
1865 22
1866 24
1867 28
1868 27
1869 29
1870 32
1871 26
1872 29
1873 35
1874 35
1875 38
1876 29
1877 40
1878 34
1879 34
1880 32
1881 34
1882 41
1883 42
1884 34
1885 31
1886 23
1887 24
1888 33
1889 41
1890 28
1891 22
1892 18
1893 34
1894 28
1895 31
1896 30
1897 31
1898 30
1899 31
1900 42
1901 34
1902 27
1903 35
1904 25
1905 30
1906 36
1907 32
1908 23
1909 36
1910 28
1911 35
1912 41
1913 45
1914 34
1915 34
1916 30
1917 32
1918 37
1919 27
1920 38
1921 30
1922 30
1923 30
1924 26
1925 35
1926 34
1927 37
1928 28
1929 27
1930 27
1931 28
1932 32
1933 29
1934 26
1935 27
1936 29
1937 21
1938 25
1939 24
1940 28
1941 23
1942 25
1943 23
1944 26
1945 23
1946 29
1947 21
1948 31
1949 34
1950 32
1951 41
1952 26
1953 24
1954 28
1955 32
1956 27
1957 37
1958 31
1959 33
1960 31
1961 33
1962 28
1963 29
1964 17
1965 24
1966 28
1967 25
1968 28
1969 38
1970 29
1971 42
1972 25
1973 32
1974 16
1975 30
1976 26
1977 32
1978 35
1979 33
1980 25
1981 22
1982 23
1983 19
1984 24
1985 31
1986 35
1987 24
1988 30
1989 21
1990 24
1991 25
1992 35
1993 26
1994 30
1995 22
1996 24
1997 20
1998 27
1999 26
2000 19
2001 14
2002 21
2003 24
2004 20
2005 28
2006 26
2007 22
2008 28
2009 30
2010 34
2011 23
2012 23
2013 28
2014 27
2015 38
2016 21
2017 27
2018 20
2019 20
2020 25
2021 24
2022 22
2023 20
2024 21
2025 19
2026 30
2027 31
2028 26
2029 23
2030 25
2031 22
2032 30
2033 19
2034 22
2035 18
2036 19
2037 27
2038 23
2039 28
2040 28
2041 24
2042 22
2043 25
2044 21
2045 24
2046 26
2047 26
2048 26
2049 32
2050 15
2051 20
2052 20
2053 28
2054 22
2055 23
2056 28
2057 28
2058 23
2059 29
2060 18
2061 25
2062 20
2063 26
2064 33
2065 17
2066 21
2067 24
2068 22
2069 23
2070 24
2071 20
2072 21
2073 31
2074 21
2075 21
2076 30
2077 21
2078 20
2079 28
2080 25
2081 22
2082 26
2083 22
2084 20
2085 27
2086 22
2087 37
2088 25
2089 25
2090 25
2091 23
2092 32
2093 21
2094 35
2095 24
2096 24
2097 15
2098 23
2099 15
2100 29
2101 27
2102 26
2103 18
2104 22
2105 19
2106 22
2107 23
2108 23
2109 20
2110 18
2111 17
2112 19
2113 21
2114 28
2115 24
2116 16
2117 28
2118 21
2119 26
2120 19
2121 31
2122 29
2123 23
2124 27
2125 24
2126 25
2127 23
2128 22
2129 22
2130 28
2131 21
2132 16
2133 25
2134 26
2135 26
2136 27
2137 17
2138 23
2139 20
2140 15
2141 22
2142 18
2143 19
2144 18
2145 20
2146 19
2147 19
2148 34
2149 16
2150 32
2151 22
2152 20
2153 24
2154 24
2155 26
2156 17
2157 19
2158 25
2159 27
2160 16
2161 25
2162 12
2163 12
2164 22
2165 22
2166 20
2167 19
2168 20
2169 23
2170 22
2171 15
2172 17
2173 20
2174 15
2175 17
2176 25
2177 15
2178 23
2179 21
2180 14
2181 18
2182 18
2183 17
2184 18
2185 18
2186 23
2187 18
2188 20
2189 13
2190 22
2191 17
2192 22
2193 25
2194 18
2195 23
2196 13
2197 21
2198 10
2199 12
2200 19
2201 17
2202 15
2203 25
2204 12
2205 18
2206 17
2207 21
2208 28
2209 20
2210 18
2211 20
2212 24
2213 16
2214 22
2215 19
2216 16
2217 25
2218 19
2219 15
2220 18
2221 13
2222 18
2223 23
2224 14
2225 22
2226 22
2227 21
2228 25
2229 16
2230 24
2231 15
2232 12
2233 21
2234 15
2235 15
2236 18
2237 12
2238 20
2239 8
2240 18
2241 26
2242 16
2243 11
2244 15
2245 25
2246 20
2247 19
2248 13
2249 9
2250 21
2251 23
2252 16
2253 17
2254 17
2255 14
2256 23
2257 17
2258 22
2259 22
2260 18
2261 16
2262 18
2263 23
2264 12
2265 17
2266 18
2267 14
2268 15
2269 21
2270 8
2271 17
2272 15
2273 17
2274 22
2275 14
2276 13
2277 32
2278 26
2279 18
2280 19
2281 29
2282 14
2283 15
2284 25
2285 14
2286 19
2287 13
2288 16
2289 25
2290 16
2291 19
2292 18
2293 18
2294 18
2295 16
2296 16
2297 19
2298 10
2299 17
2300 23
2301 12
2302 14
2303 9
2304 21
2305 20
2306 11
2307 20
2308 18
2309 15
2310 15
2311 12
2312 14
2313 14
2314 20
2315 20
2316 16
2317 14
2318 11
2319 17
2320 16
2321 18
2322 14
2323 19
2324 16
2325 24
2326 14
2327 13
2328 17
2329 13
2330 13
2331 25
2332 14
2333 10
2334 10
2335 23
2336 16
2337 21
2338 26
2339 16
2340 17
2341 15
2342 21
2343 20
2344 14
2345 12
2346 17
2347 15
2348 15
2349 18
2350 17
2351 15
2352 12
2353 11
2354 13
2355 14
2356 15
2357 19
2358 15
2359 17
2360 14
2361 11
2362 20
2363 11
2364 15
2365 24
2366 12
2367 8
2368 15
2369 18
2370 13
2371 15
2372 12
2373 12
2374 14
2375 15
2376 14
2377 18
2378 13
2379 9
2380 15
2381 10
2382 8
2383 16
2384 10
2385 15
2386 11
2387 12
2388 10
2389 14
2390 8
2391 11
2392 18
2393 19
2394 11
2395 12
2396 10
2397 13
2398 12
2399 20
2400 15
2401 12
2402 15
2403 12
2404 23
2405 14
2406 16
2407 15
2408 20
2409 14
2410 15
2411 10
2412 6
2413 15
2414 7
2415 15
2416 10
2417 17
2418 16
2419 15
2420 9
2421 15
2422 4
2423 11
2424 14
2425 15
2426 11
2427 8
2428 16
2429 12
2430 14
2431 16
2432 12
2433 17
2434 11
2435 20
2436 13
2437 7
2438 10
2439 18
2440 13
2441 13
2442 11
2443 13
2444 6
2445 7
2446 9
2447 15
2448 13
2449 11
2450 9
2451 16
2452 13
2453 10
2454 13
2455 21
2456 16
2457 12
2458 15
2459 12
2460 12
2461 12
2462 14
2463 9
2464 9
2465 15
2466 10
2467 12
2468 11
2469 16
2470 16
2471 17
2472 12
2473 11
2474 14
2475 9
2476 19
2477 14
2478 12
2479 12
2480 10
2481 14
2482 14
2483 17
2484 8
2485 11
2486 13
2487 12
2488 5
2489 8
2490 8
2491 10
2492 11
2493 7
2494 10
2495 17
2496 12
2497 12
2498 10
2499 10
2500 10
2501 7
2502 11
2503 11
2504 10
2505 13
2506 14
2507 10
2508 5
2509 17
2510 16
2511 12
2512 9
2513 8
2514 7
2515 10
2516 12
2517 10
2518 12
2519 15
2520 12
2521 14
2522 5
2523 19
2524 13
2525 18
2526 9
2527 9
2528 14
2529 14
2530 12
2531 19
2532 15
2533 10
2534 9
2535 10
2536 15
2537 9
2538 10
2539 11
2540 8
2541 8
2542 9
2543 9
2544 9
2545 10
2546 10
2547 14
2548 12
2549 16
2550 10
2551 11
2552 11
2553 14
2554 14
2555 6
2556 8
2557 8
2558 10
2559 7
2560 12
2561 9
2562 20
2563 11
2564 16
2565 8
2566 8
2567 15
2568 13
2569 10
2570 9
2571 17
2572 19
2573 6
2574 13
2575 13
2576 10
2577 5
2578 10
2579 4
2580 7
2581 13
2582 6
2583 10
2584 8
2585 15
2586 15
2587 10
2588 8
2589 15
2590 9
2591 9
2592 12
2593 10
2594 13
2595 15
2596 7
2597 15
2598 16
2599 5
2600 10
2601 10
2602 10
2603 15
2604 8
2605 10
2606 6
2607 9
2608 8
2609 7
2610 15
2611 17
2612 5
2613 2
2614 16
2615 10
2616 9
2617 10
2618 8
2619 16
2620 5
2621 12
2622 13
2623 12
2624 4
2625 10
2626 14
2627 15
2628 13
2629 12
2630 11
2631 13
2632 14
2633 14
2634 16
2635 12
2636 12
2637 11
2638 11
2639 11
2640 9
2641 8
2642 15
2643 12
2644 10
2645 11
2646 11
2647 7
2648 8
2649 6
2650 6
2651 14
2652 14
2653 12
2654 10
2655 12
2656 10
2657 13
2658 11
2659 8
2660 7
2661 7
2662 7
2663 5
2664 6
2665 9
2666 8
2667 11
2668 9
2669 9
2670 9
2671 15
2672 13
2673 7
2674 13
2675 6
2676 11
2677 3
2678 15
2679 12
2680 7
2681 8
2682 9
2683 13
2684 9
2685 10
2686 12
2687 9
2688 7
2689 11
2690 6
2691 8
2692 4
2693 7
2694 12
2695 16
2696 10
2697 10
2698 8
2699 6
2700 9
2701 9
2702 10
2703 10
2704 14
2705 9
2706 10
2707 11
2708 8
2709 9
2710 11
2711 6
2712 6
2713 9
2714 5
2715 7
2716 11
2717 8
2718 7
2719 11
2720 7
2721 12
2722 13
2723 10
2724 6
2725 7
2726 6
2727 13
2728 8
2729 9
2730 1
2731 5
2732 15
2733 3
2734 15
2735 12
2736 4
2737 6
2738 9
2739 5
2740 5
2741 10
2742 6
2743 5
2744 10
2745 3
2746 8
2747 11
2748 6
2749 9
2750 15
2751 8
2752 6
2753 12
2754 5
2755 6
2756 10
2757 6
2758 4
2759 15
2760 10
2761 15
2762 10
2763 11
2764 8
2765 12
2766 12
2767 7
2768 5
2769 11
2770 6
2771 9
2772 8
2773 6
2774 7
2775 9
2776 6
2777 7
2778 15
2779 6
2780 9
2781 11
2782 6
2783 4
2784 10
2785 9
2786 9
2787 3
2788 6
2789 8
2790 14
2791 6
2792 7
2793 7
2794 8
2795 9
2796 12
2797 10
2798 7
2799 6
2800 8
2801 6
2802 6
2803 6
2804 5
2805 6
2806 8
2807 13
2808 11
2809 10
2810 3
2811 6
2812 13
2813 8
2814 14
2815 4
2816 6
2817 7
2818 10
2819 5
2820 4
2821 8
2822 10
2823 8
2824 6
2825 15
2826 9
2827 9
2828 5
2829 8
2830 6
2831 4
2832 7
2833 8
2834 3
2835 9
2836 12
2837 13
2838 5
2839 6
2840 8
2841 9
2842 3
2843 9
2844 13
2845 4
2846 8
2847 10
2848 5
2849 4
2850 13
2851 14
2852 8
2853 5
2854 5
2855 5
2856 7
2857 6
2858 4
2859 9
2860 13
2861 9
2862 11
2863 6
2864 5
2865 4
2866 8
2867 8
2868 11
2869 11
2870 5
2871 5
2872 8
2873 6
2874 8
2875 10
2876 11
2877 7
2878 6
2879 5
2880 8
2881 3
2882 7
2883 5
2884 10
2885 4
2886 5
2887 2
2888 7
2889 7
2890 9
2891 8
2892 12
2893 10
2894 6
2895 13
2896 8
2897 7
2898 12
2899 7
2900 12
2901 5
2902 4
2903 11
2904 7
2905 9
2906 6
2907 6
2908 8
2909 8
2910 7
2911 1
2912 8
2913 9
2914 8
2915 10
2916 5
2917 8
2918 6
2919 6
2920 7
2921 7
2922 6
2923 7
2924 6
2925 10
2926 9
2927 9
2928 12
2929 16
2930 2
2931 6
2932 2
2933 5
2934 5
2935 6
2936 5
2937 10
2938 12
2939 12
2940 10
2941 4
2942 4
2943 3
2944 4
2945 7
2946 3
2947 8
2948 10
2949 6
2950 7
2951 5
2952 8
2953 9
2954 7
2955 2
2956 4
2957 6
2958 4
2959 2
2960 6
2961 8
2962 11
2963 4
2964 6
2965 7
2966 3
2967 6
2968 11
2969 6
2970 5
2971 6
2972 4
2973 4
2974 4
2975 3
2976 7
2977 7
2978 4
2979 8
2980 3
2981 4
2982 7
2983 5
2984 6
2985 7
2986 10
2987 3
2988 7
2989 5
2990 1
2991 8
2992 4
2993 8
2994 8
2995 7
2996 7
2997 4
2998 5
2999 5
3000 10
3001 8
3002 5
3003 6
3004 3
3005 10
3006 6
3007 4
3008 6
3009 10
3010 5
3011 12
3012 5
3013 7
3014 8
3015 7
3016 6
3017 3
3018 3
3019 6
3020 10
3021 5
3022 6
3023 4
3024 7
3025 6
3026 3
3027 7
3028 3
3029 12
3030 3
3031 5
3032 7
3033 7
3034 9
3035 3
3036 6
3037 7
3038 5
3039 6
3040 7
3041 6
3042 10
3043 3
3044 5
3045 5
3046 9
3047 7
3048 11
3049 7
3050 5
3051 5
3052 7
3053 2
3054 7
3055 3
3056 7
3057 6
3058 6
3059 8
3060 8
3061 2
3062 5
3063 4
3064 9
3065 5
3066 3
3067 2
3068 8
3069 6
3070 2
3071 7
3072 10
3073 4
3074 3
3075 12
3076 4
3077 5
3078 3
3079 9
3080 5
3081 8
3082 3
3083 10
3084 4
3085 9
3086 9
3087 4
3088 8
3089 8
3090 3
3091 5
3092 8
3093 7
3094 5
3095 5
3096 9
3097 5
3098 5
3099 4
3100 3
3101 5
3102 3
3103 5
3104 8
3105 11
3106 5
3107 2
3108 4
3109 2
3110 1
3111 3
3112 5
3113 6
3114 6
3115 3
3116 8
3117 4
3118 5
3119 2
3120 4
3121 5
3122 9
3123 9
3124 4
3125 6
3126 4
3127 8
3128 9
3129 7
3130 2
3131 3
3132 5
3133 4
3134 7
3135 5
3136 6
3137 4
3138 7
3139 3
3140 2
3141 10
3142 2
3143 5
3144 7
3145 6
3146 5
3147 4
3148 4
3149 2
3150 8
3151 4
3152 5
3153 7
3154 5
3155 8
3156 8
3158 3
3159 6
3160 8
3161 5
3162 5
3163 7
3164 7
3165 1
3166 9
3167 13
3168 1
3169 4
3170 7
3171 5
3172 3
3173 5
3174 4
3175 6
3176 5
3177 7
3178 5
3179 8
3180 4
3181 3
3182 5
3183 6
3184 2
3185 7
3186 3
3187 6
3188 5
3189 4
3190 1
3191 5
3192 3
3193 7
3194 3
3195 7
3196 4
3197 6
3198 1
3199 6
3200 5
3201 8
3202 5
3203 2
3204 4
3205 2
3206 6
3207 4
3208 6
3209 4
3210 6
3211 7
3212 6
3213 6
3214 7
3215 2
3216 11
3217 2
3218 3
3219 3
3220 4
3222 5
3223 7
3224 4
3225 8
3226 7
3227 2
3228 8
3229 2
3230 6
3231 9
3232 2
3233 5
3234 5
3235 4
3236 3
3237 5
3239 5
3240 6
3241 8
3242 3
3243 7
3244 8
3245 7
3246 6
3247 5
3248 4
3249 5
3250 6
3251 2
3252 3
3253 5
3254 1
3255 5
3256 2
3257 1
3258 2
3259 7
3260 3
3261 6
3262 3
3263 6
3264 1
3265 4
3266 2
3267 6
3268 2
3269 3
3270 6
3271 2
3272 6
3273 2
3274 5
3275 3
3276 1
3277 8
3278 6
3279 5
3280 4
3281 6
3282 4
3283 4
3284 2
3285 5
3286 2
3287 7
3288 5
3289 2
3290 3
3291 5
3292 4
3293 1
3294 8
3295 7
3296 4
3297 4
3298 5
3299 5
3300 3
3301 5
3302 3
3303 5
3304 3
3305 4
3306 7
3307 5
3308 3
3309 4
3310 3
3311 1
3312 4
3313 1
3314 3
3315 3
3316 6
3317 3
3318 2
3319 7
3320 3
3321 4
3322 3
3323 2
3324 6
3325 4
3326 4
3327 8
3328 6
3329 4
3330 3
3331 5
3332 4
3333 5
3334 2
3335 1
3336 2
3337 4
3338 8
3339 4
3340 6
3341 1
3342 2
3343 5
3344 3
3345 4
3346 5
3347 1
3348 3
3349 5
3350 7
3351 4
3352 3
3353 6
3354 5
3355 4
3356 6
3357 4
3358 2
3359 4
3360 6
3361 5
3362 4
3363 4
3364 3
3365 2
3366 4
3367 8
3368 6
3369 5
3370 4
3371 8
3372 3
3373 1
3374 1
3375 3
3376 1
3377 5
3378 4
3379 6
3380 3
3381 2
3382 4
3383 4
3384 5
3385 2
3386 2
3387 1
3388 5
3389 5
3390 4
3391 7
3392 10
3393 4
3394 4
3395 4
3396 3
3397 2
3398 3
3399 6
3400 4
3401 3
3402 6
3403 7
3404 6
3405 5
3407 3
3408 2
3409 4
3410 5
3411 6
3412 3
3413 1
3414 8
3415 6
3416 5
3417 4
3418 5
3419 1
3420 3
3421 3
3422 2
3423 5
3424 7
3425 3
3426 6
3427 3
3428 2
3429 5
3430 4
3431 1
3432 3
3433 4
3434 2
3435 6
3436 3
3437 1
3438 4
3439 3
3440 7
3441 5
3442 3
3444 4
3445 3
3446 4
3447 1
3448 9
3449 3
3450 5
3451 7
3452 6
3453 4
3454 5
3455 7
3456 4
3457 3
3458 2
3459 4
3460 2
3461 1
3462 4
3463 3
3464 3
3465 4
3466 1
3467 2
3468 4
3469 3
3470 2
3471 5
3472 6
3473 3
3474 9
3475 2
3476 3
3477 3
3479 5
3480 4
3481 4
3482 1
3483 2
3484 2
3485 5
3486 3
3487 2
3488 2
3489 6
3490 9
3491 5
3492 4
3493 6
3494 4
3495 2
3496 4
3497 6
3498 3
3499 3
3500 3
3501 5
3502 5
3503 3
3504 5
3505 2
3506 2
3507 5
3508 3
3509 4
3510 2
3511 4
3512 3
3513 4
3514 1
3515 5
3516 6
3518 2
3519 3
3520 1
3521 3
3522 6
3523 7
3524 7
3525 3
3526 3
3527 7
3528 4
3529 8
3530 4
3531 2
3532 4
3533 3
3534 4
3535 5
3536 3
3537 7
3538 2
3539 5
3540 2
3541 7
3542 2
3543 5
3544 1
3545 5
3546 2
3547 3
3548 2
3549 3
3550 5
3551 5
3552 6
3553 2
3554 3
3555 5
3556 5
3557 3
3558 1
3559 7
3560 3
3561 5
3562 1
3563 2
3564 5
3565 5
3566 4
3567 4
3568 3
3569 4
3570 3
3571 3
3572 1
3573 4
3574 1
3575 3
3576 4
3577 1
3578 2
3579 1
3580 1
3581 3
3582 2
3583 1
3585 3
3586 2
3587 4
3588 4
3589 1
3590 4
3591 2
3592 5
3593 2
3594 4
3596 2
3597 4
3598 3
3599 5
3600 1
3601 3
3602 1
3603 3
3604 4
3605 9
3606 5
3607 5
3608 3
3609 2
3610 1
3611 8
3612 2
3613 2
3614 3
3615 1
3616 3
3617 5
3618 4
3619 4
3620 5
3621 5
3622 6
3623 7
3624 3
3625 2
3626 2
3627 9
3628 8
3629 2
3630 2
3631 2
3632 3
3633 1
3634 2
3635 1
3636 2
3637 3
3638 2
3639 3
3640 3
3641 1
3642 2
3643 4
3644 2
3645 3
3646 1
3647 4
3648 4
3649 6
3650 1
3651 2
3653 3
3654 5
3655 1
3656 5
3657 5
3659 5
3660 2
3661 4
3662 4
3663 1
3664 3
3665 2
3666 4
3667 1
3668 3
3669 5
3670 3
3671 2
3672 4
3673 4
3674 4
3676 1
3677 1
3678 2
3679 4
3681 3
3682 2
3683 5
3684 4
3685 2
3686 5
3687 3
3688 2
3689 6
3690 2
3691 2
3692 2
3693 2
3694 4
3695 3
3696 5
3697 4
3698 2
3699 4
3700 6
3701 4
3702 3
3703 2
3704 6
3705 1
3706 3
3707 2
3709 6
3710 4
3711 3
3713 4
3714 3
3715 3
3716 2
3717 5
3718 2
3719 1
3720 4
3721 3
3722 2
3723 4
3724 6
3725 5
3726 2
3727 2
3728 2
3729 3
3732 1
3733 2
3734 4
3735 4
3736 3
3737 3
3738 3
3739 1
3740 2
3741 5
3742 6
3743 4
3744 3
3745 4
3746 2
3747 5
3748 4
3749 4
3750 4
3751 3
3752 1
3753 5
3754 5
3755 1
3756 1
3757 1
3758 3
3759 6
3760 3
3761 3
3762 5
3763 5
3764 3
3765 3
3766 1
3768 6
3769 3
3770 3
3771 2
3772 3
3773 3
3774 4
3775 6
3776 1
3777 2
3778 2
3779 6
3780 4
3781 5
3782 2
3784 4
3785 3
3786 1
3787 3
3788 3
3789 4
3790 3
3791 4
3792 4
3793 2
3794 1
3795 3
3796 4
3797 3
3798 4
3799 2
3800 1
3802 1
3803 4
3804 3
3805 4
3806 2
3807 2
3808 3
3809 2
3810 7
3812 2
3814 3
3815 5
3816 5
3817 3
3818 5
3819 4
3820 3
3821 2
3822 4
3823 1
3824 7
3826 3
3827 3
3828 1
3829 2
3830 2
3831 3
3832 3
3833 4
3835 3
3836 3
3837 1
3838 3
3839 2
3840 2
3841 1
3842 2
3843 3
3844 2
3845 5
3846 1
3847 4
3848 3
3849 3
3850 2
3851 3
3852 3
3853 4
3854 2
3855 2
3856 1
3857 4
3858 2
3859 4
3860 2
3861 2
3862 1
3863 2
3864 2
3865 2
3867 2
3868 3
3869 1
3870 4
3871 2
3872 1
3873 2
3874 2
3875 5
3876 4
3877 3
3878 2
3879 3
3880 1
3881 6
3882 3
3883 3
3884 5
3885 3
3886 4
3887 3
3888 2
3889 2
3890 2
3891 1
3893 5
3894 1
3895 1
3896 3
3897 3
3898 2
3900 2
3901 1
3902 3
3903 4
3904 4
3905 2
3906 5
3907 1
3908 1
3909 2
3910 3
3911 1
3912 2
3913 3
3914 3
3916 3
3917 2
3918 6
3919 2
3920 2
3921 3
3922 3
3923 4
3924 3
3925 4
3926 2
3927 2
3928 5
3929 1
3930 1
3931 4
3932 3
3933 1
3934 3
3935 6
3936 2
3937 1
3938 2
3940 5
3941 1
3942 5
3943 2
3944 4
3945 3
3946 3
3947 1
3948 3
3949 1
3950 2
3951 1
3952 3
3954 4
3955 5
3956 1
3957 4
3958 4
3960 1
3961 1
3962 2
3963 1
3964 3
3965 3
3967 4
3968 4
3969 3
3971 2
3972 2
3973 3
3974 2
3975 3
3976 1
3977 2
3978 2
3979 1
3980 6
3981 1
3982 1
3983 8
3984 4
3985 1
3986 2
3987 4
3988 1
3989 3
3990 1
3991 1
3992 1
3993 4
3994 1
3995 2
3996 2
3997 1
3998 2
3999 2
4000 2
4001 2
4002 1
4003 3
4004 1
4005 6
4006 2
4007 3
4008 3
4009 4
4010 7
4011 1
4012 1
4013 1
4014 4
4015 1
4016 3
4017 2
4018 4
4019 1
4020 5
4021 2
4022 5
4024 7
4025 1
4026 2
4027 3
4028 2
4029 3
4030 2
4031 1
4032 3
4033 1
4034 5
4036 2
4037 1
4038 2
4039 6
4040 2
4041 1
4042 1
4043 2
4046 2
4047 2
4048 3
4049 2
4050 1
4051 1
4052 3
4053 2
4054 3
4055 7
4056 1
4057 3
4058 2
4059 2
4060 1
4062 1
4063 4
4064 2
4065 4
4066 4
4067 1
4068 3
4070 2
4071 2
4073 5
4074 4
4075 1
4076 3
4077 3
4078 1
4079 4
4080 1
4081 3
4082 2
4083 4
4084 2
4087 4
4088 2
4089 1
4090 2
4091 1
4093 3
4094 2
4095 1
4096 4
4097 2
4098 2
4099 5
4100 2
4102 3
4103 1
4104 1
4105 4
4106 3
4107 2
4108 6
4109 3
4111 2
4112 4
4113 1
4115 3
4116 6
4117 2
4118 3
4119 1
4120 2
4121 4
4122 4
4123 3
4124 1
4125 4
4126 2
4127 1
4128 4
4129 2
4130 1
4131 2
4132 3
4133 6
4134 2
4135 1
4136 1
4137 2
4138 1
4139 1
4140 1
4141 1
4142 1
4143 3
4146 2
4148 3
4149 1
4150 6
4151 3
4153 2
4154 3
4156 2
4157 2
4158 3
4159 3
4160 2
4161 1
4162 3
4163 3
4165 3
4166 1
4167 5
4169 4
4170 1
4171 3
4172 1
4173 3
4174 2
4175 3
4176 1
4177 4
4178 2
4179 3
4180 5
4181 5
4182 3
4183 2
4184 4
4185 1
4186 4
4187 2
4188 2
4189 1
4190 2
4191 4
4193 3
4194 3
4195 4
4196 1
4197 1
4198 1
4200 1
4201 1
4202 1
4203 1
4204 1
4205 2
4207 1
4208 5
4209 1
4211 4
4212 1
4213 1
4214 6
4215 1
4216 1
4217 2
4219 2
4220 2
4221 2
4222 2
4223 3
4224 2
4225 3
4226 1
4227 3
4229 4
4230 1
4231 4
4232 5
4233 3
4234 2
4235 2
4236 3
4237 2
4238 1
4239 2
4241 1
4242 1
4243 1
4244 1
4245 3
4246 3
4248 1
4249 2
4251 3
4252 2
4253 1
4258 1
4259 5
4260 4
4262 2
4263 5
4264 1
4265 2
4266 1
4267 2
4268 1
4269 5
4270 1
4271 1
4272 2
4273 1
4275 3
4276 3
4277 3
4278 5
4279 1
4281 2
4282 3
4283 3
4284 1
4286 2
4287 2
4288 6
4289 2
4290 2
4292 3
4293 1
4294 3
4295 2
4296 3
4297 4
4298 4
4300 3
4301 3
4303 4
4305 3
4306 1
4307 1
4308 1
4309 3
4310 4
4311 3
4312 4
4313 2
4314 1
4315 1
4317 2
4318 1
4320 1
4321 2
4322 3
4323 2
4325 5
4326 2
4327 2
4328 5
4329 1
4330 2
4331 4
4332 3
4333 1
4334 2
4336 6
4337 2
4338 2
4339 2
4340 1
4341 8
4342 2
4343 1
4345 4
4346 1
4347 2
4348 4
4349 2
4350 1
4351 1
4352 1
4353 2
4354 6
4355 3
4356 2
4357 1
4358 1
4360 1
4361 2
4362 1
4364 3
4365 3
4366 2
4367 3
4368 3
4370 4
4371 1
4372 2
4373 1
4376 1
4377 2
4379 1
4380 1
4381 2
4382 1
4383 2
4384 1
4385 2
4387 3
4388 1
4389 5
4390 2
4391 2
4392 1
4393 1
4394 1
4395 6
4396 1
4397 1
4398 6
4399 2
4401 5
4402 1
4403 1
4404 1
4405 3
4406 4
4407 2
4408 4
4409 2
4410 2
4411 1
4412 1
4413 2
4414 2
4415 3
4416 1
4417 1
4418 1
4419 1
4420 2
4421 1
4422 1
4424 2
4426 4
4427 1
4428 3
4429 2
4430 2
4431 2
4432 2
4433 2
4435 3
4436 3
4437 1
4438 2
4439 1
4440 2
4441 3
4442 3
4443 2
4444 2
4445 2
4446 4
4447 2
4448 1
4449 1
4450 1
4452 1
4453 1
4454 3
4455 1
4456 2
4457 1
4458 3
4460 5
4461 3
4462 1
4463 2
4464 1
4467 1
4468 2
4469 3
4470 1
4471 2
4473 2
4474 3
4475 5
4476 1
4477 1
4478 3
4479 3
4480 2
4482 2
4484 2
4485 1
4487 3
4488 1
4489 2
4490 1
4491 2
4492 1
4494 2
4495 1
4496 2
4497 4
4498 3
4499 1
4500 3
4501 5
4502 2
4503 2
4504 3
4505 2
4506 1
4507 3
4508 2
4510 2
4511 1
4512 2
4513 2
4515 4
4516 1
4517 3
4518 3
4519 1
4521 3
4522 1
4523 3
4525 4
4527 3
4528 1
4529 2
4530 4
4531 1
4532 6
4533 3
4534 1
4535 1
4536 4
4538 1
4539 2
4540 2
4541 2
4542 1
4543 4
4544 2
4546 2
4547 1
4549 1
4550 2
4552 2
4553 3
4554 1
4555 2
4556 2
4557 1
4559 2
4561 2
4565 3
4567 1
4568 1
4569 1
4570 2
4571 1
4572 1
4573 2
4574 1
4575 4
4576 2
4577 2
4579 3
4581 2
4582 1
4583 2
4584 4
4586 4
4587 4
4588 2
4590 3
4591 2
4592 2
4595 1
4596 4
4597 3
4598 2
4600 5
4601 2
4602 1
4603 2
4604 2
4605 3
4606 1
4607 2
4608 2
4609 1
4611 1
4612 4
4613 1
4614 1
4615 1
4616 2
4617 3
4618 1
4619 2
4620 3
4621 3
4622 3
4623 1
4624 1
4626 1
4627 2
4629 2
4630 1
4631 4
4632 1
4633 5
4634 1
4635 1
4636 1
4639 3
4640 1
4641 1
4642 4
4643 4
4644 4
4645 2
4646 1
4647 1
4648 1
4649 3
4650 1
4651 1
4652 1
4653 4
4654 1
4655 1
4656 2
4658 5
4659 4
4660 1
4661 2
4663 1
4665 1
4666 1
4667 3
4669 1
4670 1
4672 6
4674 3
4675 3
4678 2
4679 3
4680 1
4681 2
4682 1
4683 1
4684 1
4685 1
4686 2
4687 2
4689 2
4690 4
4691 2
4692 1
4694 1
4695 3
4696 2
4698 5
4699 1
4700 1
4702 2
4704 1
4705 2
4706 2
4708 3
4709 2
4710 1
4712 1
4713 2
4714 1
4715 1
4716 1
4717 3
4718 1
4719 1
4720 2
4721 2
4722 1
4723 1
4724 1
4725 3
4726 1
4727 1
4728 4
4729 1
4733 2
4734 5
4735 1
4736 1
4737 1
4738 1
4739 3
4740 3
4742 1
4743 2
4745 5
4746 2
4747 1
4749 1
4750 4
4752 2
4753 2
4754 3
4756 1
4757 2
4758 2
4759 3
4760 2
4761 2
4762 1
4763 5
4764 1
4765 1
4766 1
4767 3
4768 1
4769 2
4770 2
4771 2
4772 2
4773 1
4774 4
4775 3
4776 2
4778 1
4779 1
4780 2
4781 3
4782 1
4784 1
4785 1
4787 3
4788 2
4789 2
4790 2
4791 2
4792 2
4793 3
4795 1
4796 2
4797 3
4798 2
4799 1
4800 2
4801 3
4802 1
4804 1
4806 2
4808 1
4810 2
4811 4
4813 3
4814 1
4815 1
4818 3
4819 1
4820 2
4821 2
4822 3
4823 2
4825 3
4826 2
4828 1
4829 1
4830 3
4831 2
4832 2
4834 3
4835 2
4838 3
4839 3
4840 2
4842 2
4844 2
4845 1
4847 1
4848 2
4849 2
4852 2
4853 2
4854 3
4855 1
4856 4
4857 2
4858 2
4859 2
4860 2
4861 4
4862 1
4863 1
4864 1
4867 3
4868 2
4870 1
4871 2
4872 3
4873 2
4874 1
4875 1
4877 1
4879 1
4880 1
4881 2
4882 1
4884 2
4888 2
4889 1
4890 3
4891 2
4892 3
4893 1
4894 1
4895 3
4896 3
4897 1
4898 1
4899 2
4900 3
4901 2
4902 4
4903 3
4906 2
4908 1
4909 1
4910 2
4911 3
4912 1
4913 2
4914 1
4915 2
4917 2
4918 1
4919 1
4920 3
4921 2
4922 3
4923 1
4924 1
4925 3
4926 3
4927 2
4928 2
4929 3
4930 1
4931 3
4932 3
4933 4
4934 3
4935 2
4938 3
4941 2
4942 3
4943 1
4944 2
4945 1
4947 6
4950 1
4951 2
4952 1
4953 3
4954 1
4957 5
4958 1
4959 2
4960 1
4963 1
4965 1
4967 2
4969 1
4970 2
4971 2
4972 2
4973 1
4976 1
4977 4
4978 2
4980 1
4981 3
4982 2
4983 1
4984 1
4985 2
4986 1
4990 2
4991 1
4993 1
4994 1
4995 2
4996 3
4997 3
4998 2
5000 2
5001 2
5002 1
5005 1
5006 1
5009 1
5010 2
5011 1
5013 1
5014 2
5016 3
5017 1
5018 2
5019 3
5020 2
5021 2
5022 1
5024 1
5025 1
5026 1
5028 1
5030 3
5031 2
5032 2
5033 4
5034 3
5037 3
5038 2
5042 1
5043 1
5044 3
5045 1
5046 1
5048 3
5051 2
5053 2
5054 3
5055 1
5056 3
5059 1
5061 1
5063 1
5065 1
5067 2
5068 3
5069 1
5070 1
5072 4
5073 1
5076 1
5077 1
5078 1
5079 1
5083 1
5084 1
5085 2
5086 1
5088 2
5089 1
5091 1
5092 2
5093 2
5094 3
5095 2
5096 1
5097 1
5098 2
5099 1
5101 1
5103 1
5104 1
5106 1
5107 2
5108 2
5109 1
5111 2
5112 1
5113 3
5114 1
5115 1
5119 1
5120 1
5121 2
5125 2
5126 2
5127 1
5128 5
5130 3
5132 2
5133 1
5135 1
5137 2
5138 1
5139 1
5140 2
5141 2
5142 3
5143 1
5144 2
5145 2
5146 2
5147 3
5148 1
5149 2
5152 1
5153 1
5155 2
5156 2
5159 2
5163 3
5164 2
5165 1
5166 1
5168 1
5171 2
5172 1
5173 3
5175 2
5177 4
5178 2
5179 1
5181 1
5182 2
5183 1
5184 3
5185 3
5186 1
5187 1
5189 4
5192 2
5193 2
5194 2
5195 1
5196 3
5197 2
5199 1
5200 2
5201 1
5202 4
5204 2
5205 2
5206 1
5207 3
5209 2
5211 4
5212 1
5213 1
5214 1
5216 1
5219 1
5220 2
5221 1
5222 2
5223 1
5227 1
5229 3
5230 3
5231 3
5233 1
5234 2
5235 1
5236 2
5238 2
5239 1
5240 2
5241 2
5242 1
5243 2
5244 2
5248 1
5249 1
5251 1
5253 1
5254 1
5255 1
5256 1
5257 1
5258 2
5260 1
5262 1
5265 2
5266 1
5267 2
5268 2
5270 2
5272 1
5273 2
5276 3
5277 2
5278 2
5279 2
5280 1
5281 1
5282 1
5283 2
5285 2
5286 1
5288 3
5289 1
5291 3
5293 1
5294 1
5295 3
5296 1
5298 2
5300 1
5302 1
5303 1
5307 1
5308 1
5309 4
5310 1
5312 1
5314 1
5316 2
5317 1
5319 4
5320 1
5321 2
5322 1
5323 2
5325 2
5326 3
5327 1
5328 3
5329 1
5330 2
5332 3
5334 1
5335 3
5336 1
5337 1
5338 3
5339 1
5340 2
5341 3
5342 3
5343 2
5344 1
5347 4
5348 2
5349 1
5351 1
5352 1
5354 3
5356 3
5357 1
5360 4
5362 1
5363 1
5364 2
5367 2
5369 1
5371 4
5372 1
5373 1
5374 1
5375 3
5379 2
5382 1
5384 2
5385 2
5386 3
5389 1
5390 1
5391 1
5392 2
5395 2
5396 4
5398 3
5400 1
5402 1
5403 3
5404 1
5405 1
5407 2
5409 1
5410 1
5411 1
5416 4
5417 1
5418 2
5419 1
5420 2
5421 1
5423 1
5424 1
5425 2
5427 2
5429 1
5430 1
5431 2
5432 2
5434 1
5437 2
5438 3
5439 2
5440 1
5441 1
5442 3
5443 1
5444 2
5445 1
5446 1
5447 1
5449 1
5450 2
5451 1
5452 4
5453 2
5454 1
5455 3
5456 1
5457 1
5458 1
5459 2
5460 1
5462 1
5463 2
5467 5
5468 1
5469 4
5470 3
5471 1
5472 1
5475 2
5476 1
5477 1
5478 2
5479 1
5481 2
5483 1
5484 1
5486 1
5489 1
5490 1
5491 2
5492 1
5494 1
5495 2
5497 1
5499 1
5502 1
5503 3
5504 1
5505 3
5506 2
5507 2
5508 2
5509 1
5510 1
5511 1
5512 2
5514 1
5515 1
5516 1
5518 2
5520 1
5521 2
5523 1
5526 2
5527 2
5528 1
5529 2
5530 2
5531 2
5534 1
5535 1
5537 2
5538 1
5541 3
5542 2
5543 1
5544 1
5545 1
5547 1
5548 1
5549 1
5551 1
5552 1
5554 2
5555 1
5557 1
5558 2
5559 1
5561 2
5562 2
5564 1
5565 3
5566 2
5572 2
5573 2
5574 1
5575 1
5577 1
5578 1
5579 1
5580 1
5582 1
5583 1
5585 1
5587 2
5588 2
5589 2
5590 1
5593 2
5595 1
5596 2
5597 1
5598 2
5600 1
5602 1
5604 1
5605 2
5607 2
5608 5
5610 1
5611 1
5614 2
5615 5
5617 1
5619 1
5620 2
5623 1
5625 1
5626 1
5627 1
5628 1
5631 2
5632 1
5633 1
5634 1
5635 1
5637 1
5640 1
5643 1
5645 2
5646 1
5647 1
5649 3
5650 1
5652 4
5653 1
5654 1
5655 2
5656 1
5657 1
5658 2
5659 1
5660 2
5661 1
5663 1
5666 2
5668 1
5669 1
5671 1
5672 1
5673 3
5674 3
5679 1
5680 1
5681 1
5684 2
5685 1
5687 1
5688 1
5689 1
5691 1
5692 1
5694 2
5695 2
5696 1
5697 1
5699 1
5700 1
5706 2
5708 2
5709 2
5710 1
5711 1
5713 1
5714 1
5715 1
5717 1
5718 1
5719 1
5720 1
5722 1
5723 1
5727 1
5731 2
5732 2
5733 1
5734 1
5738 1
5739 1
5740 1
5741 1
5742 1
5743 1
5745 2
5746 1
5749 1
5750 2
5751 1
5754 1
5755 2
5756 1
5757 1
5759 2
5760 1
5761 2
5765 1
5767 1
5770 1
5771 3
5774 1
5775 1
5778 3
5779 1
5780 2
5783 3
5785 1
5788 2
5794 3
5795 2
5796 1
5797 2
5799 1
5806 1
5807 1
5808 2
5809 1
5811 1
5813 4
5815 3
5816 2
5817 2
5820 2
5821 1
5823 2
5826 1
5827 1
5829 1
5830 2
5831 4
5832 1
5833 1
5834 1
5836 2
5837 1
5843 1
5844 3
5845 2
5846 2
5848 1
5850 1
5852 2
5855 1
5856 1
5858 2
5860 2
5864 1
5865 2
5866 2
5867 2
5868 3
5869 1
5872 2
5873 1
5874 2
5877 1
5879 2
5882 2
5885 1
5886 1
5887 1
5888 1
5889 1
5890 2
5891 3
5892 1
5894 2
5896 2
5898 1
5899 1
5900 1
5901 1
5903 1
5908 2
5909 1
5914 1
5916 3
5917 1
5918 2
5919 2
5920 1
5923 1
5924 1
5926 1
5930 2
5932 1
5937 1
5938 1
5939 1
5940 1
5941 1
5943 3
5944 1
5945 1
5946 2
5947 1
5948 2
5949 1
5950 2
5951 1
5953 2
5956 2
5958 4
5959 2
5961 1
5963 2
5964 1
5965 1
5968 1
5971 2
5974 1
5975 1
5976 1
5978 1
5979 1
5980 2
5985 1
5987 3
5988 1
5989 1
5990 2
5991 1
5992 1
5994 3
5995 2
5996 1
5999 1
6001 1
6003 1
6004 1
6007 1
6009 3
6010 1
6014 3
6016 1
6017 2
6023 1
6025 1
6028 2
6029 1
6030 1
6031 1
6032 2
6033 1
6035 1
6037 1
6042 1
6047 5
6049 2
6051 1
6052 1
6053 1
6055 3
6058 1
6059 1
6060 2
6064 4
6065 1
6067 3
6069 1
6071 2
6073 1
6074 5
6077 4
6078 2
6079 1
6080 2
6081 1
6082 2
6084 2
6085 2
6086 1
6087 1
6089 2
6091 1
6092 1
6094 2
6097 1
6098 1
6100 1
6102 1
6104 2
6106 1
6107 1
6108 1
6110 2
6111 2
6114 1
6116 1
6117 1
6120 2
6121 2
6122 1
6123 1
6124 1
6125 1
6127 1
6128 1
6129 1
6130 1
6132 2
6133 3
6134 2
6136 1
6137 1
6140 1
6143 3
6144 1
6145 1
6147 2
6148 1
6150 2
6152 1
6153 1
6157 3
6160 1
6161 1
6163 2
6164 5
6166 1
6168 1
6169 2
6171 2
6172 2
6173 1
6176 2
6178 2
6179 1
6181 1
6185 1
6186 4
6189 3
6190 1
6192 2
6193 1
6197 3
6198 2
6199 1
6200 1
6201 3
6203 1
6204 2
6205 3
6206 2
6207 2
6209 1
6212 1
6215 1
6217 1
6219 1
6221 2
6224 2
6225 1
6227 2
6230 1
6231 2
6233 1
6235 1
6239 1
6240 1
6241 3
6242 1
6243 1
6244 1
6248 1
6249 1
6251 1
6252 2
6253 2
6254 4
6255 1
6256 1
6262 1
6263 1
6265 1
6267 1
6268 1
6269 1
6271 1
6272 2
6274 1
6275 2
6276 1
6278 1
6279 1
6280 1
6281 2
6282 2
6283 1
6284 2
6285 1
6286 1
6288 1
6289 1
6291 1
6293 2
6294 2
6298 3
6300 2
6302 2
6303 1
6305 1
6307 1
6310 1
6313 4
6314 1
6316 1
6317 1
6320 1
6321 3
6322 3
6324 1
6330 3
6334 3
6341 1
6342 1
6344 2
6345 1
6348 2
6352 3
6353 3
6355 1
6357 2
6358 3
6359 1
6361 1
6364 1
6365 1
6367 1
6368 2
6369 2
6370 2
6371 2
6372 2
6375 1
6377 1
6379 1
6380 2
6381 1
6385 1
6386 2
6387 4
6390 1
6391 1
6395 1
6398 2
6399 1
6400 1
6401 1
6403 1
6405 1
6406 1
6407 2
6409 1
6410 1
6411 2
6414 1
6415 1
6416 1
6418 1
6421 1
6422 1
6424 2
6426 3
6427 2
6428 1
6430 2
6431 1
6432 1
6435 2
6436 1
6438 1
6439 2
6445 1
6446 2
6447 2
6451 1
6452 1
6453 1
6455 2
6456 1
6457 2
6458 1
6459 1
6460 1
6461 2
6462 3
6467 1
6469 1
6471 1
6472 1
6473 1
6474 1
6475 1
6476 2
6478 1
6479 1
6480 2
6481 1
6482 1
6483 1
6485 2
6487 2
6488 1
6489 2
6490 1
6492 4
6496 1
6497 1
6498 1
6500 1
6501 2
6502 1
6503 1
6505 1
6506 2
6508 1
6510 1
6512 1
6514 2
6515 2
6517 2
6518 1
6520 2
6523 2
6527 2
6528 1
6530 3
6533 1
6536 1
6538 1
6544 1
6553 2
6555 1
6559 3
6560 2
6561 1
6564 1
6567 1
6568 3
6570 3
6571 4
6575 1
6578 1
6580 1
6583 1
6584 1
6585 2
6586 1
6588 2
6590 1
6592 3
6593 2
6594 2
6595 1
6599 1
6600 2
6601 1
6604 2
6606 1
6607 1
6609 1
6610 2
6612 1
6613 1
6614 1
6615 1
6616 1
6618 1
6619 1
6621 2
6622 2
6623 1
6624 1
6628 1
6630 1
6632 3
6634 1
6637 2
6640 1
6641 1
6642 2
6643 1
6646 1
6648 1
6650 1
6651 2
6652 2
6653 1
6655 1
6658 2
6660 1
6662 1
6664 1
6665 1
6666 1
6670 1
6671 1
6672 3
6674 2
6675 1
6679 1
6681 2
6682 1
6683 2
6684 3
6685 1
6687 1
6688 1
6690 1
6692 1
6697 1
6701 1
6705 1
6706 2
6710 3
6712 1
6713 1
6716 1
6719 1
6720 2
6721 2
6723 1
6724 2
6725 1
6727 1
6728 1
6729 1
6730 1
6731 1
6735 1
6737 2
6738 1
6739 1
6740 2
6741 1
6745 1
6746 1
6747 1
6749 1
6750 1
6752 1
6753 1
6754 2
6756 1
6759 2
6761 1
6768 1
6769 2
6770 1
6771 2
6773 2
6774 2
6775 2
6776 1
6777 1
6778 1
6787 1
6789 2
6791 1
6792 1
6794 2
6795 1
6796 1
6798 1
6801 2
6803 2
6805 1
6807 3
6808 1
6809 2
6811 1
6813 1
6814 1
6816 1
6818 1
6819 1
6822 1
6824 1
6826 1
6830 2
6832 2
6834 1
6835 1
6836 3
6837 3
6840 2
6841 2
6843 3
6844 1
6845 1
6846 1
6848 1
6849 1
6851 1
6852 1
6855 1
6856 4
6860 1
6861 1
6863 1
6864 1
6865 1
6866 1
6867 1
6872 1
6873 1
6875 1
6876 3
6877 1
6880 1
6884 1
6886 1
6889 1
6891 1
6894 1
6896 1
6905 1
6906 1
6907 1
6913 1
6915 2
6916 2
6917 1
6923 1
6925 2
6926 3
6927 1
6928 3
6929 2
6930 1
6931 1
6932 2
6936 1
6937 3
6938 3
6939 1
6942 1
6946 1
6951 2
6954 1
6956 1
6959 2
6960 1
6967 2
6968 1
6969 1
6972 1
6978 1
6979 1
6981 1
6983 1
6988 1
6989 1
6991 1
6992 1
6993 2
6994 1
6997 2
7003 2
7007 2
7008 1
7010 1
7013 1
7015 1
7016 1
7019 2
7020 1
7021 1
7022 1
7023 1
7025 1
7027 1
7028 1
7030 2
7031 3
7034 1
7037 1
7038 1
7040 1
7041 1
7043 1
7047 1
7048 2
7050 2
7053 1
7054 1
7058 2
7059 3
7061 1
7062 1
7063 1
7064 1
7067 1
7068 1
7070 1
7083 1
7084 1
7085 1
7086 1
7087 1
7092 1
7093 1
7094 2
7097 1
7102 2
7103 2
7104 2
7107 1
7112 1
7119 2
7121 2
7123 2
7126 1
7127 1
7128 1
7129 1
7130 3
7132 1
7133 2
7136 2
7137 1
7138 1
7140 1
7141 1
7143 3
7144 3
7147 1
7148 2
7149 3
7151 1
7152 1
7157 1
7159 1
7163 1
7164 2
7169 1
7171 1
7173 1
7176 1
7177 1
7178 2
7179 1
7182 1
7183 1
7187 1
7188 2
7189 3
7190 1
7193 1
7194 1
7196 2
7197 3
7198 2
7200 1
7201 1
7202 1
7203 1
7204 1
7207 1
7208 1
7209 2
7217 1
7220 2
7223 3
7224 2
7226 1
7229 2
7230 1
7231 1
7235 1
7237 1
7238 3
7240 1
7241 1
7243 1
7244 1
7245 3
7250 1
7255 2
7258 1
7259 1
7262 1
7264 1
7265 1
7266 1
7268 1
7269 2
7276 1
7278 1
7279 1
7281 1
7282 2
7284 1
7286 1
7287 1
7289 1
7290 3
7294 1
7296 2
7297 1
7301 2
7302 1
7303 2
7306 1
7308 1
7309 1
7310 2
7313 1
7318 1
7320 1
7323 1
7324 1
7326 2
7331 1
7333 1
7334 2
7335 1
7337 1
7339 2
7342 1
7343 1
7345 1
7346 2
7347 1
7348 1
7350 1
7351 1
7353 2
7354 3
7355 1
7356 1
7360 1
7361 1
7365 1
7366 4
7367 1
7368 1
7371 1
7373 3
7377 1
7378 1
7379 1
7380 2
7381 2
7384 1
7385 2
7386 2
7387 2
7392 3
7395 1
7399 1
7400 1
7403 2
7404 1
7408 2
7409 1
7414 1
7416 1
7422 1
7424 1
7425 3
7428 1
7432 1
7433 1
7434 1
7437 1
7438 1
7440 1
7443 1
7446 2
7449 1
7450 2
7451 2
7453 1
7457 1
7458 1
7459 3
7460 1
7461 2
7462 2
7463 1
7465 1
7467 2
7472 1
7474 1
7477 1
7478 3
7480 2
7481 2
7482 1
7483 3
7485 1
7487 2
7488 1
7492 1
7494 2
7495 1
7496 1
7497 1
7498 1
7502 2
7503 1
7506 1
7507 2
7508 2
7517 1
7518 1
7520 1
7521 1
7523 2
7526 1
7527 1
7530 1
7532 2
7533 1
7534 1
7535 1
7538 1
7539 2
7542 1
7546 1
7547 3
7548 1
7549 2
7551 1
7553 1
7558 1
7559 1
7561 3
7563 1
7565 2
7568 1
7569 1
7573 1
7574 1
7577 1
7580 2
7582 1
7585 1
7586 2
7587 2
7593 1
7594 1
7596 2
7599 1
7601 1
7606 1
7609 1
7610 1
7614 1
7617 1
7618 2
7620 1
7623 2
7625 1
7628 1
7629 1
7630 2
7632 1
7633 1
7634 2
7635 1
7637 1
7639 1
7646 2
7648 2
7649 1
7650 3
7654 2
7656 1
7662 3
7666 1
7668 1
7673 1
7674 3
7678 1
7679 1
7680 2
7682 1
7683 1
7689 1
7690 1
7691 1
7692 1
7695 3
7697 1
7698 1
7702 1
7703 2
7707 1
7708 2
7709 1
7711 1
7712 1
7714 2
7716 2
7719 1
7721 2
7722 2
7723 1
7725 1
7727 1
7728 1
7729 2
7731 1
7732 1
7733 1
7734 1
7736 2
7738 1
7740 1
7741 1
7743 1
7746 1
7749 1
7750 1
7753 2
7756 1
7759 2
7761 1
7762 1
7763 2
7764 1
7766 1
7771 1
7774 1
7782 1
7783 1
7785 2
7786 1
7790 2
7793 1
7797 1
7799 1
7800 1
7801 1
7803 1
7807 2
7808 1
7810 1
7813 1
7814 1
7816 1
7817 2
7819 1
7820 1
7822 1
7823 1
7824 1
7826 1
7828 3
7829 2
7830 1
7831 3
7832 1
7833 2
7834 2
7835 1
7836 1
7838 1
7839 1
7840 1
7843 3
7844 1
7847 1
7853 1
7855 1
7859 1
7864 1
7868 1
7869 1
7873 1
7875 1
7876 2
7877 1
7882 1
7883 1
7884 1
7886 2
7888 1
7895 1
7905 1
7909 2
7910 2
7912 1
7913 2
7915 1
7916 1
7920 1
7921 1
7925 1
7928 1
7929 1
7931 1
7933 1
7934 4
7935 1
7937 1
7938 2
7940 1
7942 1
7943 1
7944 1
7946 1
7949 3
7951 2
7952 1
7953 1
7957 3
7958 2
7959 2
7960 3
7962 2
7964 3
7965 1
7966 1
7968 1
7969 2
7970 1
7971 1
7972 1
7975 1
7977 1
7978 2
7980 1
7981 1
7988 2
7990 1
7993 2
7995 1
7997 1
8000 1
8002 1
8003 3
8004 1
8005 1
8007 1
8009 1
8010 2
8014 1
8016 1
8017 3
8018 1
8019 2
8020 2
8023 1
8024 1
8025 1
8026 1
8028 1
8032 2
8038 1
8040 1
8045 1
8046 1
8051 1
8054 1
8055 1
8057 1
8058 1
8060 2
8061 3
8066 1
8067 1
8069 1
8070 1
8073 2
8074 1
8077 1
8080 1
8083 1
8085 1
8089 2
8098 1
8104 1
8108 1
8109 1
8110 1
8112 1
8117 1
8119 1
8120 1
8121 1
8122 1
8123 3
8127 2
8130 1
8133 1
8135 2
8136 1
8138 1
8142 4
8143 1
8144 1
8146 2
8148 1
8149 1
8150 1
8151 2
8152 1
8156 1
8158 1
8161 2
8162 2
8167 1
8171 1
8177 2
8179 1
8182 1
8184 2
8185 2
8186 1
8187 1
8188 1
8190 1
8191 1
8192 4
8194 1
8195 2
8196 2
8199 2
8201 2
8203 1
8204 3
8205 1
8210 1
8211 1
8214 2
8217 1
8225 1
8230 3
8231 1
8235 1
8239 2
8240 1
8241 3
8244 1
8245 1
8249 1
8250 1
8251 1
8252 1
8253 1
8254 1
8255 2
8256 1
8260 1
8262 1
8263 2
8265 3
8266 1
8268 1
8271 1
8277 1
8280 1
8281 1
8282 1
8284 1
8285 2
8287 2
8290 1
8291 1
8293 1
8296 1
8304 1
8305 3
8306 2
8309 1
8310 1
8311 1
8314 1
8321 1
8322 2
8323 1
8324 1
8326 1
8327 2
8331 1
8333 1
8335 1
8343 1
8345 1
8346 1
8349 1
8350 1
8357 3
8358 1
8360 2
8364 1
8365 1
8366 2
8370 1
8372 2
8375 1
8384 1
8385 3
8387 1
8390 1
8391 2
8392 1
8393 1
8394 1
8396 1
8399 1
8400 2
8401 1
8403 1
8404 1
8405 1
8407 3
8412 2
8417 2
8418 1
8419 1
8421 1
8425 2
8426 1
8430 2
8432 1
8433 1
8434 2
8439 1
8443 1
8444 2
8445 2
8449 1
8450 1
8451 2
8452 2
8453 1
8454 2
8455 1
8456 1
8459 2
8461 1
8462 1
8463 1
8464 3
8466 1
8469 1
8470 1
8474 1
8475 2
8476 1
8477 1
8479 2
8480 2
8481 1
8483 3
8485 1
8487 1
8489 1
8490 1
8491 2
8493 3
8496 1
8497 2
8498 1
8499 1
8503 1
8509 3
8511 2
8513 2
8515 2
8517 3
8518 1
8519 2
8520 1
8526 1
8527 2
8528 1
8530 1
8531 1
8532 1
8534 1
8535 1
8536 1
8539 1
8540 1
8541 2
8548 1
8549 2
8551 1
8554 1
8555 1
8556 1
8562 1
8566 1
8567 1
8568 1
8569 2
8570 1
8571 1
8572 1
8573 1
8574 1
8575 1
8577 2
8580 1
8583 1
8584 1
8585 1
8586 2
8587 1
8590 1
8591 1
8593 1
8597 1
8600 1
8603 1
8605 1
8607 1
8611 1
8614 2
8618 1
8620 1
8625 2
8628 3
8629 1
8630 1
8636 2
8637 3
8639 1
8642 2
8643 1
8645 1
8646 1
8649 1
8653 1
8656 2
8661 1
8663 3
8669 1
8670 1
8671 1
8673 1
8678 2
8680 1
8681 3
8684 1
8700 1
8703 4
8704 1
8707 2
8710 1
8716 2
8717 1
8722 1
8723 2
8726 1
8729 3
8730 1
8735 1
8737 1
8738 2
8741 1
8742 1
8747 1
8748 1
8754 1
8756 1
8759 1
8769 3
8770 2
8772 1
8775 2
8781 1
8782 2
8786 1
8787 2
8789 2
8790 1
8791 1
8793 2
8795 1
8796 3
8797 1
8798 1
8800 1
8802 1
8806 1
8809 1
8810 2
8811 1
8813 1
8815 1
8819 1
8821 2
8822 2
8829 1
8832 1
8833 1
8834 1
8835 1
8838 1
8842 1
8843 1
8844 1
8845 1
8847 1
8849 1
8851 1
8854 1
8856 1
8857 3
8859 2
8861 2
8862 1
8863 1
8865 1
8866 1
8867 2
8869 2
8871 1
8874 1
8875 1
8876 1
8878 1
8879 1
8880 1
8884 2
8886 1
8887 1
8888 1
8889 2
8892 1
8894 1
8895 2
8902 1
8905 1
8909 2
8910 1
8915 1
8916 1
8918 1
8920 1
8921 1
8922 2
8923 1
8929 2
8931 2
8933 1
8935 1
8936 2
8941 1
8946 1
8948 1
8951 1
8952 2
8954 1
8957 1
8962 1
8963 1
8964 1
8965 1
8968 1
8969 1
8970 1
8976 1
8981 1
8983 1
8985 1
8986 1
8987 1
8988 2
8991 1
8992 1
8994 1
8999 1
9000 1
9001 1
9004 1
9007 1
9008 1
9009 1
9014 1
9016 1
9018 1
9019 1
9021 1
9022 2
9023 2
9028 2
9030 2
9038 1
9041 1
9042 1
9044 1
9046 1
9049 1
9052 1
9054 4
9055 1
9062 1
9066 1
9068 1
9070 2
9071 2
9074 1
9079 1
9083 1
9085 1
9086 1
9087 1
9089 2
9090 1
9093 1
9094 1
9111 1
9114 2
9118 1
9119 1
9120 1
9123 1
9124 1
9125 1
9130 2
9131 2
9133 1
9134 1
9136 1
9139 1
9141 1
9142 2
9145 1
9146 1
9152 2
9156 1
9158 2
9160 1
9161 1
9168 1
9169 1
9172 1
9174 1
9175 1
9176 1
9179 1
9182 2
9184 1
9185 1
9187 1
9188 1
9190 1
9191 1
9192 2
9198 1
9200 1
9201 1
9202 1
9203 1
9207 1
9209 1
9211 1
9213 1
9214 1
9216 1
9220 1
9222 2
9226 1
9228 1
9230 1
9236 1
9241 1
9248 1
9253 1
9255 1
9259 1
9260 1
9261 2
9263 3
9265 1
9267 1
9269 1
9272 1
9275 1
9279 1
9280 1
9285 2
9286 1
9288 1
9290 1
9293 1
9295 1
9298 2
9299 1
9301 2
9302 1
9303 1
9306 1
9307 1
9308 1
9310 1
9313 1
9316 1
9321 1
9324 1
9326 1
9328 1
9329 1
9332 1
9336 2
9337 1
9339 1
9340 2
9341 2
9342 1
9345 1
9347 2
9353 3
9354 1
9356 1
9357 1
9359 1
9361 1
9362 1
9363 1
9364 1
9365 1
9367 1
9373 2
9377 1
9380 1
9381 1
9392 1
9394 2
9397 1
9398 1
9402 1
9404 1
9405 3
9406 1
9407 1
9412 1
9414 1
9415 2
9421 2
9422 1
9423 1
9425 1
9428 1
9434 1
9435 1
9436 2
9439 1
9446 3
9448 1
9450 1
9451 1
9452 1
9453 1
9454 1
9457 1
9458 1
9461 1
9464 1
9467 2
9468 1
9472 1
9474 1
9479 2
9484 1
9489 1
9491 1
9495 1
9500 2
9501 1
9505 1
9506 1
9507 1
9508 1
9511 1
9513 2
9515 1
9516 1
9520 1
9521 1
9522 1
9523 1
9525 1
9526 1
9528 1
9531 1
9533 2
9534 2
9535 1
9537 1
9539 1
9547 1
9550 1
9551 1
9554 2
9555 2
9556 1
9557 1
9558 1
9560 1
9562 1
9565 1
9567 1
9568 1
9569 3
9571 1
9572 1
9573 1
9574 2
9576 2
9578 2
9579 1
9582 2
9586 3
9587 1
9591 1
9593 3
9595 2
9597 2
9598 1
9599 2
9600 1
9601 1
9605 1
9609 2
9612 1
9616 1
9619 1
9621 1
9623 1
9625 2
9626 1
9628 1
9629 3
9630 1
9631 1
9632 2
9635 1
9638 1
9639 1
9640 2
9644 2
9646 2
9647 1
9649 1
9654 1
9655 1
9657 1
9661 2
9662 2
9664 1
9665 1
9667 2
9675 2
9676 2
9677 1
9678 1
9681 1
9687 2
9691 2
9693 2
9695 3
9698 1
9701 1
9702 1
9705 1
9706 1
9707 1
9709 1
9712 2
9713 1
9716 1
9717 1
9718 1
9720 2
9721 1
9722 1
9724 1
9728 1
9729 1
9730 2
9732 1
9734 1
9737 1
9739 1
9740 1
9744 1
9745 1
9747 1
9754 1
9755 1
9756 1
9763 1
9764 1
9765 1
9768 1
9769 1
9774 2
9775 2
9776 1
9783 1
9789 1
9790 1
9795 1
9796 1
9797 1
9800 1
9805 1
9806 1
9808 1
9811 1
9813 2
9816 1
9820 1
9824 1
9825 2
9827 1
9830 1
9831 1
9832 1
9834 1
9835 2
9841 1
9842 1
9846 3
9849 1
9862 1
9863 1
9866 1
9867 1
9870 3
9871 1
9873 1
9877 1
9878 3
9879 1
9881 2
9882 1
9883 2
9885 2
9889 1
9892 1
9895 1
9896 1
9897 1
9898 1
9902 2
9906 2
9909 2
9910 1
9911 1
9912 1
9914 1
9915 1
9917 1
9919 1
9920 1
9921 1
9922 1
9925 1
9926 2
9929 1
9934 1
9936 1
9939 1
9941 1
9942 2
9945 1
9946 1
9951 1
9952 1
9953 2
9954 1
9955 1
9956 1
9957 2
9959 2
9960 3
9961 1
9962 1
9964 1
9965 1
9968 1
9969 3
9972 1
9973 1
9977 2
9979 2
9980 1
9985 1
9986 1
9987 1
9988 2
9989 2
9996 2
10003 3
10005 1
10006 1
10007 1
10016 1
10017 1
10018 1
10019 1
10027 1
10028 1
10029 2
10030 1
10031 1
10032 1
10034 1
10036 1
10037 1
10042 2
10045 1
10047 1
10050 1
10053 1
10054 2
10057 1
10058 1
10060 1
10061 1
10062 1
10063 1
10064 2
10065 1
10066 1
10067 1
10071 3
10073 1
10074 2
10076 1
10077 1
10079 1
10080 1
10082 1
10083 2
10085 1
10086 1
10092 1
10093 1
10095 1
10099 1
10102 1
10105 5
10107 1
10109 1
10110 1
10112 2
10115 1
10116 1
10117 1
10119 1
10120 3
10123 1
10126 2
10127 1
10129 2
10130 1
10131 1
10139 1
10141 1
10142 1
10144 3
10146 1
10151 1
10152 2
10153 1
10154 1
10156 1
10159 1
10161 1
10164 1
10167 2
10168 1
10170 3
10172 2
10173 1
10174 2
10175 2
10176 1
10177 1
10181 1
10185 1
10186 1
10187 2
10188 1
10189 2
10190 1
10194 1
10195 2
10196 1
10197 1
10198 3
10199 1
10203 1
10205 1
10207 2
10208 1
10211 2
10214 1
10215 2
10218 1
10220 1
10224 1
10228 1
10229 2
10232 1
10234 1
10237 1
10240 2
10243 1
10244 1
10250 1
10251 1
10254 1
10258 1
10262 1
10264 1
10265 2
10266 2
10267 1
10269 1
10272 1
10273 1
10275 1
10277 1
10278 1
10280 2
10283 1
10286 1
10288 1
10289 1
10293 1
10300 2
10301 3
10306 3
10308 1
10309 1
10310 1
10313 1
10316 1
10317 2
10319 1
10321 2
10322 1
10323 2
10325 1
10326 1
10328 1
10330 1
10331 1
10332 2
10333 3
10336 1
10346 1
10347 1
10348 1
10350 2
10352 1
10355 1
10356 1
10358 1
10359 1
10361 1
10364 2
10365 1
10370 1
10374 1
10376 1
10377 2
10379 1
10381 1
10387 1
10388 1
10393 1
10394 2
10395 1
10397 2
10398 2
10399 1
10400 1
10405 2
10409 1
10411 1
10412 2
10414 2
10419 1
10420 2
10422 1
10427 2
10432 1
10433 1
10434 2
10439 1
10442 1
10443 2
10448 1
10450 1
10451 3
10454 1
10456 1
10457 4
10458 1
10461 1
10462 1
10463 1
10469 1
10470 2
10472 1
10475 1
10476 1
10480 1
10481 1
10482 1
10484 1
10485 4
10488 1
10490 1
10492 1
10493 2
10494 2
10495 1
10498 1
10500 1
10502 1
10506 2
10511 2
10513 1
10520 1
10521 1
10523 1
10524 1
10525 1
10526 2
10530 2
10533 1
10535 1
10543 1
10544 1
10545 2
10554 2
10555 1
10559 2
10560 1
10561 2
10566 1
10568 1
10570 3
10573 1
10574 2
10576 1
10579 2
10580 2
10583 1
10585 2
10587 1
10590 1
10594 2
10604 1
10606 1
10609 1
10614 1
10615 2
10617 1
10618 1
10619 2
10620 1
10622 1
10623 1
10626 1
10628 1
10635 1
10636 1
10637 1
10639 1
10640 1
10641 1
10645 1
10646 1
10647 1
10648 2
10649 2
10651 2
10656 2
10658 1
10668 1
10671 1
10673 2
10676 1
10678 1
10679 1
10682 1
10683 1
10689 1
10692 2
10693 1
10699 1
10700 1
10701 1
10704 1
10705 1
10706 1
10709 2
10710 1
10711 2
10715 1
10717 2
10723 2
10724 1
10726 1
10728 2
10733 1
10734 2
10735 1
10742 1
10744 1
10750 1
10751 1
10753 1
10754 2
10756 1
10757 1
10759 1
10761 1
10762 1
10765 1
10766 1
10769 1
10770 2
10771 1
10774 1
10777 1
10780 1
10781 2
10784 1
10786 1
10788 2
10790 1
10791 1
10792 1
10793 1
10794 1
10795 2
10797 3
10804 1
10805 2
10806 1
10807 2
10809 1
10811 1
10812 2
10813 2
10814 2
10818 3
10821 1
10822 2
10827 1
10829 1
10830 2
10832 1
10837 1
10840 1
10841 1
10843 1
10845 2
10846 1
10847 1
10848 1
10851 2
10852 1
10853 1
10864 1
10865 1
10868 1
10869 1
10870 2
10872 1
10874 1
10877 1
10879 2
10883 3
10884 1
10888 1
10890 2
10892 1
10893 1
10895 1
10898 2
10906 2
10907 1
10908 1
10909 2
10910 1
10914 1
10916 1
10919 1
10924 1
10927 1
10929 3
10932 1
10936 1
10940 1
10946 1
10948 1
10950 2
10952 1
10956 1
10958 1
10960 1
10963 1
10965 1
10974 1
10975 2
10977 1
10981 1
10984 1
10985 1
10991 1
10994 1
10995 1
10998 1
10999 1
11000 1
11005 1
11007 1
11008 1
11009 1
11010 1
11011 1
11012 1
11013 1
11014 1
11020 2
11022 2
11023 1
11026 1
11028 1
11029 1
11030 1
11032 1
11033 1
11034 1
11041 1
11044 1
11045 1
11047 1
11048 1
11052 1
11056 2
11057 1
11058 1
11059 1
11060 1
11061 1
11062 1
11063 3
11064 1
11065 1
11069 1
11071 2
11073 1
11074 1
11075 2
11078 1
11079 1
11084 1
11085 1
11086 1
11087 2
11088 1
11089 1
11090 1
11093 1
11096 2
11097 2
11100 1
11101 1
11104 1
11109 1
11112 1
11113 1
11114 1
11115 1
11116 1
11118 1
11121 1
11122 1
11123 1
11124 3
11126 2
11127 1
11128 1
11130 1
11131 1
11134 1
11136 1
11145 2
11146 1
11149 1
11150 1
11153 1
11154 1
11155 2
11156 1
11157 1
11159 1
11160 1
11161 1
11174 1
11176 1
11179 1
11180 2
11181 1
11182 2
11183 1
11185 2
11187 2
11191 2
11195 1
11198 1
11202 1
11204 1
11208 1
11209 1
11210 1
11214 1
11217 2
11218 2
11219 2
11225 1
11230 2
11231 1
11241 1
11242 1
11244 1
11249 2
11250 2
11254 1
11257 2
11264 1
11269 1
11271 1
11272 1
11274 1
11279 1
11282 1
11285 1
11288 1
11291 1
11295 1
11299 1
11300 1
11309 1
11315 1
11319 1
11321 1
11324 1
11326 1
11328 1
11329 1
11337 1
11338 1
11339 1
11341 2
11346 1
11349 3
11351 1
11357 3
11358 3
11360 1
11362 1
11363 1
11368 1
11371 1
11372 1
11374 1
11376 1
11378 2
11379 1
11381 1
11382 1
11384 2
11385 2
11387 1
11390 1
11391 1
11397 1
11400 1
11403 2
11404 1
11405 1
11409 2
11410 1
11411 2
11412 1
11414 1
11418 1
11422 1
11423 1
11425 2
11426 1
11431 1
11432 1
11434 1
11439 1
11441 1
11442 2
11443 1
11444 2
11445 1
11448 2
11449 1
11461 1
11465 1
11467 1
11469 3
11472 2
11474 1
11479 1
11482 2
11484 3
11485 1
11488 1
11489 1
11490 1
11491 1
11492 1
11494 1
11496 1
11497 1
11509 1
11512 1
11514 1
11516 1
11518 2
11520 1
11521 1
11525 1
11537 1
11539 1
11541 2
11542 1
11543 1
11545 1
11546 2
11550 1
11554 1
11555 1
11560 1
11562 1
11563 2
11565 2
11568 2
11570 1
11572 1
11574 1
11577 1
11579 1
11581 1
11582 1
11583 1
11591 1
11593 1
11600 2
11603 1
11606 1
11614 1
11615 1
11616 1
11622 1
11624 2
11627 1
11628 1
11629 1
11631 1
11634 1
11640 1
11644 1
11645 1
11647 1
11649 1
11655 1
11657 1
11660 1
11661 1
11662 1
11670 1
11677 2
11682 1
11687 1
11690 1
11692 2
11693 1
11694 1
11696 1
11697 1
11703 1
11704 1
11708 1
11710 1
11712 2
11713 1
11717 1
11719 3
11720 1
11722 1
11727 1
11731 1
11732 2
11733 1
11735 1
11736 1
11737 1
11738 2
11742 1
11743 1
11745 1
11746 1
11749 2
11750 1
11751 1
11753 1
11756 1
11771 1
11772 2
11774 1
11775 2
11778 2
11780 2
11781 1
11789 1
11790 1
11792 1
11794 1
11796 1
11801 1
11808 1
11810 1
11811 2
11814 2
11817 1
11820 1
11822 1
11823 1
11824 1
11826 1
11827 1
11829 2
11830 1
11831 2
11836 1
11838 1
11839 1
11840 2
11842 1
11845 1
11847 1
11853 1
11857 3
11860 2
11862 3
11864 1
11867 2
11869 1
11870 1
11873 1
11874 1
11876 1
11886 1
11887 2
11888 2
11889 1
11891 1
11892 1
11893 1
11896 1
11904 1
11908 2
11911 1
11912 1
11913 2
11914 2
11917 1
11919 2
11920 1
11924 1
11925 1
11928 1
11929 1
11933 1
11935 2
11937 1
11943 1
11946 1
11947 1
11948 1
11950 2
11951 1
11962 1
11966 1
11968 2
11972 1
11977 1
11978 1
11980 1
11981 1
11986 1
11988 1
11990 1
11994 1
11995 1
11996 1
11997 1
11998 1
11999 1
12008 1
12011 1
12012 1
12017 1
12021 1
12023 1
12024 1
12025 1
12028 1
12030 1
12036 1
12037 1
12040 1
12042 1
12045 1
12046 1
12053 1
12054 1
12057 1
12059 1
12062 1
12066 1
12068 1
12072 1
12073 1
12077 1
12080 1
12081 1
12082 1
12083 1
12086 1
12087 1
12091 2
12100 1
12101 1
12103 2
12104 1
12108 1
12114 1
12115 1
12117 1
12118 1
12123 1
12124 1
12127 2
12129 1
12135 1
12138 1
12141 1
12149 1
12152 2
12153 1
12159 1
12162 1
12167 1
12168 1
12173 1
12176 1
12180 1
12182 1
12184 1
12187 2
12190 2
12194 2
12196 1
12197 2
12201 1
12206 2
12210 1
12216 1
12226 1
12227 1
12230 2
12234 1
12238 1
12245 1
12246 1
12249 1
12250 1
12258 2
12261 1
12265 1
12266 1
12271 1
12272 1
12276 1
12278 1
12282 1
12285 1
12290 1
12291 1
12292 1
12296 2
12300 1
12304 1
12305 1
12306 1
12309 1
12316 4
12323 1
12324 1
12326 1
12328 2
12335 1
12340 1
12341 1
12342 1
12344 1
12345 1
12346 1
12348 1
12350 4
12354 1
12355 1
12357 3
12363 2
12367 2
12377 1
12378 1
12379 1
12383 1
12384 1
12387 1
12388 1
12394 1
12397 1
12398 2
12406 1
12408 1
12409 1
12410 1
12413 1
12414 2
12417 1
12428 3
12429 1
12430 1
12433 1
12434 2
12440 2
12441 1
12443 1
12447 1
12454 1
12456 1
12462 2
12464 1
12477 3
12478 1
12481 1
12487 1
12489 1
12494 3
12499 1
12501 1
12502 1
12506 1
12509 1
12510 1
12524 2
12527 2
12528 1
12529 1
12546 2
12551 3
12556 1
12565 1
12566 2
12567 1
12570 1
12572 2
12574 1
12575 1
12576 1
12577 1
12590 1
12596 4
12597 1
12600 1
12608 2
12612 1
12614 1
12616 2
12619 1
12621 1
12622 1
12629 1
12631 1
12633 1
12634 1
12639 1
12644 1
12647 1
12649 1
12652 1
12656 1
12658 1
12667 1
12668 1
12670 1
12685 1
12686 1
12692 1
12694 1
12701 1
12704 1
12705 1
12706 1
12708 1
12710 1
12714 1
12717 1
12719 1
12725 1
12727 2
12736 1
12737 1
12740 1
12742 1
12744 1
12745 1
12746 1
12762 1
12763 1
12774 1
12778 1
12792 1
12794 1
12796 1
12798 2
12799 1
12801 1
12803 1
12804 1
12809 1
12813 1
12814 1
12819 1
12825 1
12831 1
12843 1
12846 1
12848 1
12851 1
12855 1
12857 1
12859 1
12867 1
12869 2
12871 1
12876 1
12884 1
12891 1
12892 1
12900 1
12911 1
12913 1
12916 1
12922 1
12923 1
12927 1
12931 1
12935 1
12946 1
12949 1
12951 1
12964 1
12967 2
12969 2
12971 1
12972 2
12982 2
12985 1
12986 1
12989 1
12994 1
13000 1
13005 1
13007 1
13008 1
13009 1
13010 1
13011 2
13016 1
13018 2
13023 1
13027 2
13032 1
13043 1
13046 1
13047 1
13057 1
13066 1
13068 1
13069 1
13077 1
13081 1
13082 1
13084 1
13087 1
13089 1
13091 2
13092 1
13100 1
13102 1
13105 1
13106 1
13110 2
13114 1
13119 1
13129 1
13147 1
13154 1
13161 1
13172 1
13173 1
13177 1
13183 1
13184 1
13185 1
13188 1
13200 2
13205 1
13208 1
13211 2
13212 1
13215 1
13227 1
13228 1
13232 1
13233 1
13236 1
13241 1
13243 1
13252 1
13260 1
13263 1
13267 1
13268 1
13270 1
13281 1
13282 1
13285 1
13296 1
13298 1
13309 1
13315 1
13321 1
13324 1
13330 3
13331 1
13345 1
13349 2
13351 1
13358 1
13365 1
13367 1
13369 1
13377 1
13378 1
13384 1
13385 1
13387 2
13398 1
13423 1
13424 1
13430 1
13431 1
13432 1
13435 1
13440 1
13442 1
13446 1
13450 1
13452 1
13453 1
13457 1
13462 1
13466 1
13468 1
13481 2
13486 1
13487 1
13488 1
13489 2
13498 1
13502 1
13504 1
13507 1
13511 1
13526 1
13538 1
13547 1
13548 1
13549 1
13560 1
13569 1
13571 1
13578 1
13582 2
13583 1
13587 1
13596 1
13598 1
13604 1
13630 1
13631 1
13632 1
13636 1
13638 1
13643 1
13651 1
13656 1
13660 1
13661 1
13676 1
13684 1
13716 1
13724 1
13737 1
13738 1
13742 1
13750 1
13752 1
13755 1
13764 1
13769 1
13784 1
13787 1
13794 3
13805 1
13817 1
13819 1
13826 2
13833 1
13834 1
13837 2
13844 1
13846 1
13848 1
13855 1
13857 2
13859 1
13869 1
13870 1
13874 1
13876 1
13881 1
13885 1
13889 2
13890 1
13897 1
13898 1
13900 1
13905 1
13916 1
13920 1
13921 1
13922 1
13923 1
13927 1
13933 1
13934 1
13936 1
13940 1
13943 1
13944 1
13951 1
13954 1
13958 1
13962 2
13967 1
13978 1
13979 1
13983 1
13990 1
13997 1
14011 1
14014 1
14023 1
14060 1
14061 1
14062 1
14080 1
14082 1
14086 1
14087 3
14091 1
14092 1
14095 1
14098 1
14099 1
14100 1
14123 3
14135 1
14137 1
14144 1
14150 1
14151 1
14157 1
14160 1
14164 1
14170 1
14172 1
14184 2
14195 1
14198 1
14208 1
14209 1
14215 1
14218 2
14220 1
14225 1
14233 1
14234 1
14249 1
14250 1
14257 1
14261 1
14268 1
14272 1
14281 1
14283 1
14290 2
14295 1
14321 1
14328 1
14330 1
14343 1
14351 1
14354 1
14364 1
14366 2
14368 1
14379 2
14380 1
14383 1
14386 1
14387 1
14389 1
14397 1
14399 1
14401 1
14413 1
14414 1
14416 1
14418 1
14430 1
14438 1
14442 1
14446 2
14454 1
14468 2
14488 2
14507 2
14513 2
14516 3
14517 2
14520 1
14526 1
14527 1
14531 1
14533 1
14534 1
14537 1
14539 1
14541 1
14542 1
14557 1
14560 1
14562 1
14564 1
14574 1
14575 1
14577 1
14586 1
14593 2
14594 1
14595 1
14601 1
14603 1
14607 3
14622 1
14641 3
14644 1
14648 1
14650 1
14666 1
14682 1
14686 1
14689 1
14691 1
14698 1
14699 1
14721 1
14724 2
14725 1
14728 1
14731 1
14740 1
14742 1
14744 1
14750 1
14752 2
14762 1
14765 1
14777 1
14780 1
14789 1
14796 1
14797 1
14800 3
14801 1
14805 1
14809 1
14812 1
14816 1
14819 1
14820 1
14840 1
14845 1
14876 1
14880 2
14885 1
14889 1
14892 1
14895 1
14910 1
14923 1
14934 1
14935 1
14939 1
14940 1
14941 1
14942 1
14946 1
14955 1
14964 1
14972 1
14975 2
14977 1
14978 1
14986 1
14995 1
14998 1
15015 1
15023 1
15035 1
15041 1
15048 1
15052 1
15054 2
15058 1
15059 1
15068 1
15095 1
15100 1
15110 1
15118 1
15135 1
15136 1
15146 1
15157 1
15164 1
15171 1
15176 1
15191 1
15192 1
15194 1
15200 1
15204 1
15210 1
15222 1
15223 1
15224 2
15232 1
15234 1
15247 1
15265 1
15275 1
15284 1
15287 2
15288 1
15291 1
15315 1
15332 2
15338 1
15352 1
15358 1
15364 1
15365 1
15367 1
15372 2
15373 1
15375 1
15383 1
15394 1
15396 1
15405 1
15409 1
15412 1
15417 1
15418 1
15426 1
15433 1
15450 1
15472 1
15486 1
15487 1
15498 1
15506 1
15510 1
15515 1
15517 1
15531 1
15532 1
15533 1
15544 1
15556 1
15562 1
15567 1
15571 1
15574 1
15578 1
15581 1
15586 1
15595 1
15598 1
15601 1
15603 1
15618 1
15635 1
15649 2
15651 1
15670 1
15676 1
15682 1
15688 1
15693 1
15697 1
15701 1
15702 1
15703 1
15710 1
15719 1
15735 1
15739 1
15746 1
15748 1
15765 1
15777 1
15836 1
15848 1
15859 1
15860 1
15861 1
15873 1
15887 1
15891 1
15894 1
15919 1
15946 1
15953 1
15955 1
15963 1
15976 2
15982 1
15984 1
15992 1
15993 1
15999 1
16006 1
16007 1
16008 1
16009 1
16015 1
16016 2
16021 1
16025 1
16032 1
16063 1
16066 1
16080 1
16082 1
16089 1
16091 2
16099 2
16126 1
16133 2
16140 1
16144 1
16151 1
16153 1
16158 1
16172 1
16184 1
16192 1
16211 1
16215 1
16237 1
16240 1
16267 1
16277 1
16310 1
16312 1
16316 1
16322 1
16328 1
16330 1
16332 1
16347 1
16362 1
16392 1
16396 1
16403 1
16414 1
16416 2
16420 1
16421 1
16460 1
16523 1
16540 1
16541 1
16547 1
16549 1
16562 1
16563 1
16577 1
16586 1
16591 2
16609 1
16612 1
16635 1
16641 1
16648 1
16649 1
16677 1
16681 1
16685 1
16688 1
16693 1
16726 1
16728 1
16730 1
16745 1
16754 1
16757 1
16771 1
16794 2
16808 1
16854 1
16856 1
16875 1
16876 1
16900 1
16907 1
16917 1
16920 1
16923 1
16938 1
16944 1
16995 1
17001 1
17032 1
17033 1
17041 1
17054 1
17068 1
17108 1
17122 1
17141 1
17155 1
17166 1
17168 1
17172 1
17181 1
17232 1
17241 1
17244 1
17260 1
17272 1
17274 1
17282 1
17295 1
17306 1
17322 1
17387 1
17394 1
17399 1
17408 1
17410 1
17426 1
17431 1
17470 1
17478 1
17502 1
17522 1
17533 1
17555 1
17595 1
17644 1
17645 1
17646 2
17670 1
17706 1
17713 1
17721 1
17753 1
17758 2
17780 1
17781 1
17782 1
17852 1
17897 1
17916 1
17939 1
17972 1
17988 1
17993 1
18005 1
18016 1
18047 1
18072 1
18082 1
18109 1
18121 1
18134 1
18171 1
18173 1
18208 1
18225 1
18276 1
18306 1
18314 1
18330 1
18337 1
18360 1
18371 1
18372 1
18381 1
18392 1
18393 1
18426 1
18431 1
18445 1
18486 2
18518 1
18526 1
18552 1
18575 1
18578 1
18579 1
18585 1
18592 1
18602 1
18606 1
18627 1
18631 1
18633 1
18663 1
18717 1
18725 1
18759 1
18765 1
18813 1
18825 1
18874 1
18898 1
18904 1
18929 1
18935 1
18941 1
18986 1
18997 1
19019 1
19064 1
19065 1
19069 1
19080 1
19090 1
19105 1
19108 1
19143 1
19187 1
19196 1
19201 1
19205 1
19213 1
19230 1
19234 1
19245 1
19266 1
19267 1
19303 1
19308 1
19503 1
19548 1
19606 1
19646 1
19660 1
19692 1
19708 1
19717 1
19780 1
19781 1
19783 1
19878 1
19941 1
19947 1
19949 1
19957 1
19968 1
20011 1
20052 1
20075 1
20076 1
20084 1
20106 1
20110 1
20127 1
20185 1
20221 1
20234 1
20251 1
20254 1
20262 1
20304 1
20332 1
20380 1
20400 1
20406 1
20434 1
20472 1
20569 1
20571 1
20585 1
20674 1
20752 1
20778 1
20785 1
20900 1
20918 1
20929 1
20965 1
20985 1
21001 1
21021 1
21025 1
21121 1
21129 1
21158 1
21207 1
21243 1
21276 1
21305 1
21333 1
21362 1
21367 1
21373 1
21436 1
21479 1
21525 1
21544 1
21638 1
21664 1
21687 1
21724 1
21763 1
21795 1
21840 1
21858 1
21873 1
21930 1
22008 1
22018 1
22026 1
22097 1
22165 1
22211 1
22330 1
22331 1
22359 1
22387 1
22398 1
22453 1
22479 1
22501 1
22680 1
22691 1
22706 1
22709 1
22738 1
22761 1
22777 1
22810 1
22812 1
22855 1
22914 1
23075 1
23101 1
23190 1
23215 1
23276 1
23308 1
23315 1
23427 1
23432 1
23508 1
23522 1
23563 1
23593 1
23662 1
23696 1
23706 1
23753 1
23799 1
23870 1
23908 1
24031 1
24040 1
24100 1
24242 1
24501 1
24638 1
24681 1
24693 1
24695 1
24815 1
24941 1
24979 1
25015 1
25065 1
25100 1
25332 1
25632 1
25656 1
25660 1
25702 1
25862 1
25904 1
26352 1
26640 1
26723 1
26782 1
27298 1
27665 1
28129 1
28540 1
28572 1
29032 1
29045 1
29122 1
29372 1
29677 1
30554 1
30813 1
31860 1
33118 1
33886 1
35284 1
38920 1
41419 1
50436 1
50743 1
