52 33
53 364
54 795
55 911
56 922
57 994
58 1398
59 2303
60 2810
61 3035
62 2850
63 2985
64 3890
65 4504
66 4682
67 5038
68 4830
69 4831
70 5032
71 4917
72 5701
73 6479
74 6708
75 6889
76 6964
77 7095
78 7584
79 7459
80 8074
81 7603
82 7860
83 7539
84 7551
85 7399
86 7553
87 7966
88 7969
89 8242
90 9290
91 9804
92 10553
93 10463
94 11188
95 11186
96 11037
97 11328
98 11538
99 11427
100 11516
101 11454
102 11453
103 11527
104 11455
105 11288
106 11183
107 11327
108 11427
109 11664
110 12116
111 12925
112 13525
113 13992
114 14375
115 14041
116 14080
117 13821
118 13764
119 13810
120 13484
121 13232
122 13525
123 13292
124 12818
125 12912
126 13035
127 12977
128 12973
129 13134
130 13625
131 13855
132 13972
133 13928
134 14363
135 13928
136 14043
137 14334
138 14527
139 14422
140 13938
141 13906
142 13970
143 13939
144 13805
145 15560
146 18977
147 18638
148 19080
149 19963
150 19080
151 18907
152 18777
153 18547
154 18965
155 18785
156 18495
157 18331
158 18401
159 17898
160 17610
161 17723
162 17917
163 17820
164 17381
165 17699
166 17743
167 17472
168 17909
169 17841
170 17568
171 17558
172 16937
173 16659
174 17242
175 17008
176 16915
177 16573
178 16127
179 15819
180 15644
181 15837
182 15200
183 14992
184 15147
185 15162
186 14690
187 14332
188 14462
189 14578
190 14842
191 14383
192 14608
193 14371
194 14044
195 13915
196 13871
197 13892
198 13729
199 13596
200 13687
201 13908
202 13793
203 13673
204 13333
205 13350
206 13163
207 12933
208 12828
209 12675
210 12666
211 12635
212 12438
213 12221
214 12251
215 12366
216 12341
217 11971
218 12338
219 12136
220 12194
221 12196
222 12210
223 12353
224 12424
225 12133
226 12177
227 12389
228 12173
229 12346
230 12156
231 12107
232 12133
233 11893
234 11706
235 11798
236 11651
237 11722
238 11610
239 11696
240 11479
241 11393
242 11428
243 11309
244 11093
245 11349
246 11220
247 11395
248 11165
249 10671
250 10872
251 10829
252 10410
253 10431
254 10329
255 10308
256 10351
257 10183
258 9946
259 9912
260 9798
261 9839
262 9952
263 10053
264 9865
265 9606
266 9558
267 9561
268 9490
269 9415
270 9581
271 9251
272 9379
273 9142
274 9056
275 8883
276 8857
277 8831
278 8611
279 8502
280 8541
281 8320
282 8174
283 8279
284 8347
285 8221
286 8501
287 8327
288 8086
289 7804
290 7859
291 7739
292 7618
293 7459
294 7447
295 7381
296 7230
297 7181
298 7056
299 7015
300 6908
301 7016
302 6862
303 6722
304 6546
305 6599
306 6607
307 6341
308 6348
309 6284
310 6282
311 6157
312 6044
313 6072
314 6034
315 6064
316 5853
317 5924
318 5783
319 5757
320 5730
321 5732
322 5741
323 5563
324 5463
325 5375
326 5546
327 5388
328 5212
329 5236
330 5099
331 5256
332 5062
333 5098
334 5109
335 5034
336 4886
337 5102
338 4846
339 4897
340 4922
341 4816
342 4800
343 4695
344 4753
345 4750
346 4845
347 4487
348 4634
349 4586
350 4584
351 4648
352 4573
353 4415
354 4365
355 4452
356 4329
357 4379
358 4380
359 4311
360 4269
361 4142
362 4145
363 4300
364 3970
365 4132
366 4083
367 3995
368 3916
369 4023
370 3920
371 3852
372 3942
373 3721
374 3817
375 3814
376 3891
377 3751
378 3797
379 3739
380 3635
381 3642
382 3545
383 3639
384 3519
385 3542
386 3526
387 3600
388 3517
389 3502
390 3540
391 3461
392 3447
393 3458
394 3359
395 3314
396 3436
397 3296
398 3330
399 3222
400 3319
401 3245
402 3198
403 3208
404 3173
405 3103
406 3157
407 3088
408 3186
409 3051
410 3144
411 3117
412 3048
413 3127
414 3063
415 3081
416 3050
417 3115
418 3055
419 3004
420 2925
421 3101
422 2995
423 2848
424 2932
425 2913
426 3058
427 2927
428 2815
429 2892
430 2823
431 2854
432 2821
433 2655
434 2768
435 2704
436 2699
437 2627
438 2572
439 2635
440 2553
441 2568
442 2607
443 2509
444 2562
445 2450
446 2519
447 2430
448 2393
449 2439
450 2356
451 2375
452 2413
453 2373
454 2307
455 2345
456 2287
457 2240
458 2243
459 2159
460 2183
461 2187
462 2245
463 2161
464 2178
465 2067
466 2110
467 2117
468 2142
469 2103
470 2169
471 2043
472 2123
473 2046
474 2026
475 2028
476 2012
477 1970
478 2036
479 2023
480 1987
481 1939
482 1955
483 1972
484 1953
485 1856
486 1937
487 1890
488 1969
489 1952
490 1933
491 1875
492 1817
493 1894
494 1879
495 1794
496 1765
497 1835
498 1805
499 1827
500 1820
501 1812
502 1734
503 1798
504 1804
505 1758
506 1787
507 1783
508 1693
509 1760
510 1763
511 1692
512 1719
513 1746
514 1661
515 1715
516 1577
517 1701
518 1623
519 1629
520 1682
521 1562
522 1581
523 1557
524 1578
525 1525
526 1558
527 1541
528 1542
529 1536
530 1569
531 1548
532 1556
533 1492
534 1518
535 1462
536 1507
537 1526
538 1442
539 1428
540 1415
541 1516
542 1416
543 1491
544 1484
545 1347
546 1507
547 1482
548 1414
549 1428
550 1398
551 1478
552 1428
553 1328
554 1401
555 1333
556 1333
557 1318
558 1407
559 1236
560 1343
561 1335
562 1275
563 1328
564 1294
565 1275
566 1325
567 1290
568 1325
569 1322
570 1260
571 1267
572 1226
573 1251
574 1278
575 1266
576 1272
577 1208
578 1201
579 1237
580 1251
581 1153
582 1216
583 1170
584 1250
585 1137
586 1173
587 1245
588 1130
589 1120
590 1120
591 1124
592 1131
593 1185
594 1127
595 1194
596 1132
597 1102
598 1111
599 1046
600 1089
601 1089
602 1057
603 1072
604 1059
605 1055
606 1089
607 994
608 1031
609 999
610 1015
611 1037
612 1009
613 927
614 1043
615 975
616 976
617 1045
618 960
619 957
620 975
621 1002
622 900
623 992
624 938
625 924
626 860
627 916
628 928
629 949
630 922
631 909
632 888
633 911
634 874
635 837
636 865
637 910
638 908
639 911
640 858
641 909
642 875
643 882
644 850
645 851
646 879
647 838
648 790
649 860
650 796
651 819
652 813
653 826
654 774
655 801
656 812
657 826
658 791
659 819
660 824
661 749
662 748
663 774
664 723
665 777
666 753
667 736
668 761
669 787
670 750
671 764
672 728
673 748
674 718
675 692
676 693
677 703
678 706
679 690
680 703
681 717
682 679
683 679
684 676
685 683
686 666
687 660
688 682
689 695
690 669
691 634
692 677
693 632
694 720
695 655
696 646
697 637
698 662
699 671
700 629
701 619
702 638
703 668
704 613
705 604
706 660
707 643
708 632
709 615
710 647
711 593
712 624
713 632
714 615
715 583
716 620
717 590
718 605
719 557
720 596
721 584
722 602
723 534
724 571
725 600
726 622
727 556
728 564
729 560
730 568
731 587
732 515
733 553
734 546
735 581
736 549
737 539
738 543
739 538
740 524
741 475
742 548
743 528
744 560
745 540
746 481
747 523
748 521
749 490
750 550
751 528
752 534
753 491
754 466
755 524
756 526
757 506
758 459
759 482
760 510
761 477
762 458
763 459
764 497
765 465
766 501
767 479
768 505
769 496
770 499
771 436
772 475
773 458
774 481
775 426
776 436
777 469
778 452
779 472
780 436
781 406
782 433
783 438
784 422
785 417
786 426
787 425
788 428
789 440
790 431
791 421
792 450
793 407
794 414
795 426
796 416
797 429
798 390
799 409
800 371
801 396
802 399
803 425
804 373
805 399
806 427
807 406
808 374
809 391
810 410
811 423
812 347
813 378
814 386
815 421
816 340
817 339
818 389
819 385
820 353
821 352
822 374
823 350
824 371
825 338
826 381
827 341
828 362
829 335
830 390
831 363
832 353
833 392
834 342
835 337
836 382
837 317
838 353
839 334
840 317
841 329
842 353
843 345
844 352
845 344
846 328
847 357
848 338
849 304
850 313
851 301
852 331
853 324
854 331
855 323
856 304
857 328
858 344
859 307
860 347
861 288
862 331
863 324
864 344
865 307
866 306
867 283
868 295
869 298
870 301
871 294
872 320
873 328
874 325
875 307
876 295
877 297
878 304
879 286
880 287
881 259
882 281
883 287
884 308
885 283
886 288
887 301
888 273
889 256
890 273
891 295
892 272
893 250
894 283
895 297
896 288
897 273
898 307
899 261
900 290
901 275
902 253
903 283
904 282
905 264
906 258
907 255
908 277
909 264
910 248
911 291
912 218
913 251
914 271
915 249
916 246
917 261
918 279
919 247
920 240
921 282
922 273
923 229
924 246
925 249
926 237
927 239
928 232
929 237
930 266
931 244
932 249
933 272
934 238
935 210
936 221
937 230
938 231
939 271
940 262
941 220
942 222
943 236
944 232
945 218
946 263
947 240
948 229
949 239
950 222
951 223
952 243
953 215
954 217
955 233
956 202
957 214
958 216
959 214
960 193
961 218
962 211
963 198
964 217
965 234
966 221
967 211
968 215
969 208
970 232
971 188
972 209
973 220
974 232
975 172
976 195
977 194
978 201
979 200
980 214
981 189
982 218
983 201
984 199
985 184
986 191
987 174
988 185
989 180
990 213
991 207
992 169
993 177
994 166
995 184
996 217
997 178
998 203
999 169
1000 187
1001 193
1002 161
1003 194
1004 185
1005 191
1006 210
1007 165
1008 202
1009 163
1010 168
1011 174
1012 183
1013 175
1014 173
1015 189
1016 170
1017 200
1018 160
1019 164
1020 171
1021 171
1022 181
1023 161
1024 167
1025 158
1026 169
1027 176
1028 196
1029 163
1030 194
1031 157
1032 168
1033 190
1034 140
1035 178
1036 159
1037 175
1038 157
1039 164
1040 180
1041 156
1042 155
1043 167
1044 167
1045 152
1046 161
1047 156
1048 140
1049 146
1050 158
1051 150
1052 142
1053 168
1054 146
1055 140
1056 156
1057 159
1058 126
1059 160
1060 172
1061 159
1062 163
1063 142
1064 136
1065 149
1066 137
1067 139
1068 145
1069 147
1070 129
1071 131
1072 119
1073 156
1074 140
1075 142
1076 149
1077 143
1078 155
1079 159
1080 155
1081 150
1082 144
1083 121
1084 148
1085 135
1086 132
1087 142
1088 142
1089 117
1090 136
1091 138
1092 139
1093 128
1094 148
1095 121
1096 143
1097 112
1098 113
1099 121
1100 118
1101 135
1102 141
1103 134
1104 146
1105 128
1106 129
1107 120
1108 151
1109 128
1110 140
1111 116
1112 128
1113 118
1114 129
1115 133
1116 130
1117 124
1118 131
1119 107
1120 114
1121 117
1122 125
1123 122
1124 137
1125 119
1126 128
1127 131
1128 120
1129 112
1130 132
1131 121
1132 128
1133 110
1134 121
1135 107
1136 102
1137 98
1138 107
1139 101
1140 108
1141 92
1142 107
1143 122
1144 94
1145 122
1146 127
1147 106
1148 120
1149 97
1150 116
1151 122
1152 104
1153 112
1154 113
1155 116
1156 84
1157 109
1158 114
1159 103
1160 120
1161 95
1162 102
1163 121
1164 103
1165 90
1166 109
1167 101
1168 110
1169 110
1170 118
1171 91
1172 101
1173 96
1174 108
1175 111
1176 100
1177 103
1178 109
1179 104
1180 89
1181 82
1182 88
1183 105
1184 104
1185 99
1186 96
1187 86
1188 100
1189 95
1190 97
1191 110
1192 106
1193 109
1194 96
1195 98
1196 86
1197 106
1198 95
1199 93
1200 96
1201 78
1202 78
1203 76
1204 95
1205 76
1206 102
1207 82
1208 91
1209 84
1210 83
1211 102
1212 77
1213 75
1214 80
1215 88
1216 105
1217 86
1218 90
1219 90
1220 84
1221 84
1222 85
1223 79
1224 74
1225 76
1226 83
1227 99
1228 92
1229 79
1230 75
1231 87
1232 91
1233 80
1234 95
1235 100
1236 77
1237 70
1238 71
1239 81
1240 107
1241 73
1242 80
1243 83
1244 76
1245 73
1246 85
1247 97
1248 87
1249 69
1250 91
1251 87
1252 82
1253 74
1254 75
1255 84
1256 80
1257 71
1258 86
1259 80
1260 78
1261 73
1262 81
1263 73
1264 75
1265 82
1266 71
1267 78
1268 82
1269 75
1270 75
1271 83
1272 76
1273 90
1274 71
1275 65
1276 76
1277 80
1278 85
1279 64
1280 65
1281 68
1282 83
1283 75
1284 80
1285 65
1286 78
1287 91
1288 61
1289 67
1290 67
1291 77
1292 61
1293 63
1294 66
1295 68
1296 67
1297 69
1298 60
1299 74
1300 69
1301 63
1302 66
1303 63
1304 71
1305 55
1306 69
1307 60
1308 74
1309 75
1310 69
1311 76
1312 85
1313 62
1314 81
1315 66
1316 68
1317 61
1318 69
1319 57
1320 84
1321 71
1322 77
1323 73
1324 66
1325 66
1326 66
1327 66
1328 68
1329 61
1330 66
1331 77
1332 66
1333 59
1334 57
1335 63
1336 50
1337 64
1338 55
1339 54
1340 64
1341 58
1342 65
1343 64
1344 60
1345 68
1346 65
1347 60
1348 56
1349 71
1350 63
1351 55
1352 62
1353 55
1354 61
1355 59
1356 57
1357 65
1358 50
1359 53
1360 56
1361 65
1362 65
1363 56
1364 55
1365 60
1366 64
1367 74
1368 54
1369 56
1370 57
1371 60
1372 57
1373 63
1374 43
1375 47
1376 53
1377 57
1378 66
1379 59
1380 74
1381 53
1382 65
1383 51
1384 64
1385 47
1386 51
1387 57
1388 57
1389 43
1390 56
1391 58
1392 58
1393 49
1394 51
1395 60
1396 42
1397 58
1398 58
1399 63
1400 57
1401 55
1402 57
1403 57
1404 57
1405 59
1406 54
1407 55
1408 46
1409 69
1410 38
1411 47
1412 58
1413 53
1414 54
1415 62
1416 55
1417 59
1418 42
1419 52
1420 44
1421 45
1422 42
1423 58
1424 47
1425 47
1426 41
1427 42
1428 59
1429 50
1430 62
1431 55
1432 54
1433 43
1434 59
1435 48
1436 37
1437 59
1438 52
1439 57
1440 43
1441 41
1442 53
1443 47
1444 47
1445 45
1446 53
1447 49
1448 49
1449 52
1450 38
1451 56
1452 56
1453 44
1454 45
1455 42
1456 45
1457 65
1458 60
1459 55
1460 41
1461 39
1462 42
1463 40
1464 60
1465 38
1466 44
1467 37
1468 52
1469 53
1470 45
1471 57
1472 48
1473 36
1474 31
1475 40
1476 39
1477 31
1478 43
1479 41
1480 39
1481 46
1482 43
1483 40
1484 54
1485 39
1486 30
1487 47
1488 43
1489 37
1490 44
1491 49
1492 46
1493 48
1494 43
1495 41
1496 47
1497 40
1498 37
1499 57
1500 52
1501 39
1502 47
1503 51
1504 48
1505 57
1506 40
1507 53
1508 49
1509 35
1510 47
1511 55
1512 41
1513 51
1514 37
1515 45
1516 32
1517 49
1518 32
1519 49
1520 39
1521 44
1522 44
1523 37
1524 45
1525 40
1526 47
1527 34
1528 43
1529 36
1530 48
1531 34
1532 36
1533 40
1534 50
1535 39
1536 53
1537 43
1538 34
1539 28
1540 45
1541 34
1542 45
1543 41
1544 37
1545 40
1546 28
1547 46
1548 36
1549 36
1550 50
1551 33
1552 43
1553 34
1554 42
1555 40
1556 45
1557 45
1558 39
1559 31
1560 34
1561 34
1562 38
1563 44
1564 41
1565 41
1566 37
1567 37
1568 36
1569 35
1570 43
1571 30
1572 36
1573 27
1574 39
1575 41
1576 40
1577 44
1578 42
1579 36
1580 38
1581 40
1582 44
1583 38
1584 37
1585 44
1586 44
1587 34
1588 39
1589 24
1590 41
1591 27
1592 36
1593 36
1594 33
1595 39
1596 41
1597 37
1598 34
1599 34
1600 20
1601 27
1602 32
1603 27
1604 34
1605 43
1606 41
1607 35
1608 37
1609 29
1610 22
1611 34
1612 30
1613 41
1614 25
1615 30
1616 28
1617 33
1618 28
1619 36
1620 33
1621 35
1622 36
1623 28
1624 31
1625 32
1626 31
1627 40
1628 25
1629 37
1630 27
1631 34
1632 33
1633 36
1634 32
1635 31
1636 42
1637 28
1638 25
1639 27
1640 20
1641 26
1642 29
1643 27
1644 37
1645 40
1646 30
1647 25
1648 35
1649 41
1650 34
1651 31
1652 34
1653 31
1654 37
1655 33
1656 31
1657 35
1658 36
1659 25
1660 16
1661 24
1662 40
1663 24
1664 29
1665 29
1666 34
1667 20
1668 22
1669 20
1670 39
1671 32
1672 26
1673 34
1674 37
1675 37
1676 32
1677 23
1678 30
1679 31
1680 26
1681 28
1682 27
1683 28
1684 37
1685 30
1686 40
1687 21
1688 23
1689 33
1690 27
1691 28
1692 34
1693 29
1694 22
1695 25
1696 29
1697 22
1698 30
1699 29
1700 30
1701 32
1702 26
1703 26
1704 26
1705 31
1706 37
1707 26
1708 29
1709 24
1710 22
1711 36
1712 25
1713 32
1714 33
1715 32
1716 26
1717 29
1718 23
1719 31
1720 26
1721 25
1722 13
1723 22
1724 27
1725 28
1726 22
1727 30
1728 22
1729 24
1730 28
1731 28
1732 27
1733 25
1734 19
1735 25
1736 28
1737 16
1738 19
1739 29
1740 17
1741 21
1742 22
1743 22
1744 23
1745 15
1746 25
1747 23
1748 23
1749 28
1750 16
1751 27
1752 15
1753 27
1754 24
1755 26
1756 19
1757 18
1758 32
1759 25
1760 20
1761 27
1762 29
1763 33
1764 26
1765 21
1766 21
1767 27
1768 26
1769 23
1770 28
1771 24
1772 26
1773 36
1774 19
1775 24
1776 25
1777 26
1778 23
1779 26
1780 15
1781 24
1782 26
1783 22
1784 31
1785 23
1786 31
1787 30
1788 24
1789 14
1790 25
1791 22
1792 24
1793 23
1794 24
1795 17
1796 29
1797 23
1798 18
1799 26
1800 19
1801 13
1802 17
1803 25
1804 12
1805 19
1806 25
1807 28
1808 18
1809 29
1810 24
1811 14
1812 16
1813 25
1814 37
1815 25
1816 22
1817 18
1818 18
1819 21
1820 26
1821 28
1822 32
1823 22
1824 22
1825 18
1826 28
1827 25
1828 19
1829 18
1830 22
1831 20
1832 24
1833 17
1834 13
1835 20
1836 26
1837 16
1838 12
1839 21
1840 17
1841 19
1842 22
1843 14
1844 25
1845 18
1846 18
1847 16
1848 15
1849 23
1850 18
1851 12
1852 22
1853 32
1854 25
1855 26
1856 30
1857 15
1858 14
1859 20
1860 16
1861 15
1862 23
1863 14
1864 11
1865 20
1866 19
1867 21
1868 23
1869 19
1870 23
1871 15
1872 20
1873 16
1874 22
1875 21
1876 20
1877 19
1878 17
1879 15
1880 16
1881 15
1882 12
1883 12
1884 23
1885 15
1886 14
1887 20
1888 29
1889 18
1890 27
1891 20
1892 22
1893 21
1894 14
1895 22
1896 19
1897 14
1898 12
1899 18
1900 18
1901 21
1902 14
1903 14
1904 15
1905 24
1906 10
1907 13
1908 27
1909 15
1910 14
1911 22
1912 13
1913 19
1914 9
1915 19
1916 15
1917 17
1918 10
1919 15
1920 22
1921 20
1922 17
1923 18
1924 14
1925 15
1926 9
1927 16
1928 13
1929 18
1930 13
1931 16
1932 20
1933 19
1934 11
1935 18
1936 10
1937 20
1938 14
1939 14
1940 15
1941 21
1942 11
1943 11
1944 23
1945 20
1946 20
1947 23
1948 12
1949 17
1950 16
1951 17
1952 20
1953 12
1954 14
1955 14
1956 21
1957 11
1958 17
1959 13
1960 17
1961 14
1962 11
1963 13
1964 19
1965 13
1966 19
1967 20
1968 17
1969 12
1970 14
1971 15
1972 16
1973 12
1974 16
1975 16
1976 15
1977 12
1978 9
1979 14
1980 15
1981 18
1982 14
1983 10
1984 10
1985 21
1986 21
1987 10
1988 7
1989 17
1990 16
1991 16
1992 12
1993 14
1994 15
1995 17
1996 15
1997 13
1998 15
1999 13
2000 15
2001 14
2002 12
2003 13
2004 15
2005 13
2006 12
2007 9
2008 18
2009 17
2010 10
2011 16
2012 18
2013 21
2014 18
2015 12
2016 15
2017 11
2018 16
2019 6
2020 16
2021 23
2022 16
2023 10
2024 12
2025 9
2026 20
2027 15
2028 12
2029 13
2030 11
2031 18
2032 6
2033 11
2034 17
2035 13
2036 7
2037 15
2038 14
2039 15
2040 13
2041 8
2042 10
2043 15
2044 12
2045 10
2046 13
2047 11
2048 11
2049 19
2050 19
2051 9
2052 9
2053 14
2054 15
2055 10
2056 6
2057 8
2058 11
2059 11
2060 13
2061 13
2062 9
2063 15
2064 11
2065 15
2066 12
2067 11
2068 16
2069 13
2070 16
2071 16
2072 13
2073 14
2074 14
2075 12
2076 9
2077 12
2078 9
2079 11
2080 10
2081 10
2082 11
2083 13
2084 15
2085 12
2086 7
2087 13
2088 15
2089 14
2090 7
2091 12
2092 13
2093 11
2094 13
2095 14
2096 10
2097 8
2098 16
2099 13
2100 13
2101 12
2102 13
2103 9
2104 11
2105 15
2106 14
2107 17
2108 17
2109 6
2110 8
2111 8
2112 9
2113 20
2114 12
2115 18
2116 9
2117 6
2118 8
2119 13
2120 8
2121 7
2122 12
2123 15
2124 8
2125 11
2126 13
2127 8
2128 5
2129 13
2130 14
2131 9
2132 13
2133 11
2134 11
2135 11
2136 6
2137 15
2138 14
2139 15
2140 17
2141 9
2142 9
2143 6
2144 14
2145 7
2146 11
2147 10
2148 8
2149 14
2150 16
2151 16
2152 14
2153 14
2154 16
2155 14
2156 11
2157 10
2158 11
2159 13
2160 11
2161 11
2162 20
2163 7
2164 11
2165 11
2166 7
2167 10
2168 11
2169 9
2170 12
2171 10
2172 12
2173 8
2174 9
2175 7
2176 11
2177 10
2178 11
2179 6
2180 10
2181 10
2182 9
2183 7
2184 9
2185 10
2186 4
2187 9
2188 8
2189 10
2190 11
2191 3
2192 7
2193 14
2194 6
2195 12
2196 7
2197 6
2198 8
2199 12
2200 16
2201 7
2202 9
2203 6
2204 8
2205 6
2206 15
2207 10
2208 9
2209 7
2210 9
2211 12
2212 11
2213 12
2214 13
2215 10
2216 9
2217 5
2218 5
2219 12
2220 8
2221 11
2222 10
2223 5
2224 10
2225 11
2226 14
2227 10
2228 11
2229 10
2230 4
2231 5
2232 12
2233 7
2234 3
2235 14
2236 6
2237 12
2238 15
2239 11
2240 12
2241 9
2242 5
2243 8
2244 7
2245 7
2246 8
2247 9
2248 6
2249 12
2250 7
2251 9
2252 15
2253 5
2254 8
2255 7
2256 9
2257 9
2258 12
2259 5
2260 8
2261 5
2262 11
2263 13
2264 5
2265 16
2266 10
2267 10
2268 5
2269 11
2270 8
2271 8
2272 7
2273 7
2274 8
2275 8
2276 9
2277 8
2278 7
2279 12
2280 7
2281 8
2282 7
2283 11
2284 14
2285 4
2286 9
2287 13
2288 5
2289 11
2290 6
2291 7
2292 13
2293 10
2294 14
2295 2
2296 11
2297 6
2298 12
2299 10
2300 8
2301 13
2302 7
2303 10
2304 4
2305 5
2306 7
2307 8
2308 9
2309 12
2310 7
2311 3
2312 9
2313 5
2314 12
2315 13
2316 6
2317 10
2318 11
2319 10
2320 15
2321 13
2322 12
2323 8
2324 21
2325 8
2326 7
2327 8
2328 7
2329 8
2330 7
2331 5
2332 10
2333 9
2334 6
2335 16
2336 6
2337 11
2338 12
2339 10
2340 2
2341 6
2342 6
2343 9
2344 11
2345 6
2346 5
2347 6
2348 12
2349 7
2350 10
2351 2
2352 9
2353 10
2354 8
2355 8
2356 12
2357 10
2358 7
2359 11
2360 6
2361 10
2362 3
2363 6
2364 9
2365 3
2366 10
2367 10
2368 2
2369 12
2370 9
2371 5
2372 5
2373 15
2374 6
2375 5
2376 7
2377 6
2378 7
2379 8
2380 4
2381 12
2382 6
2383 8
2384 7
2385 9
2386 3
2387 9
2388 6
2389 7
2390 8
2391 7
2392 4
2393 2
2394 6
2395 8
2396 10
2397 7
2398 6
2399 6
2400 5
2401 8
2402 12
2403 7
2404 10
2405 9
2406 5
2407 3
2408 2
2409 9
2410 6
2411 5
2412 13
2413 11
2414 9
2415 11
2416 7
2417 5
2418 14
2419 5
2420 5
2421 8
2422 6
2423 11
2424 7
2425 7
2426 9
2427 12
2428 10
2429 8
2430 5
2431 8
2432 8
2433 3
2434 6
2435 7
2436 10
2437 7
2438 7
2439 4
2440 10
2441 7
2442 7
2443 5
2444 4
2445 9
2446 6
2447 3
2448 8
2449 4
2450 8
2451 6
2452 7
2453 6
2454 7
2455 8
2456 10
2457 5
2458 3
2459 6
2460 8
2461 6
2462 6
2463 6
2464 9
2465 11
2466 6
2467 7
2468 6
2469 9
2470 4
2471 8
2472 5
2473 6
2474 4
2475 8
2476 6
2477 8
2478 8
2479 4
2480 9
2481 5
2482 6
2483 8
2484 3
2485 6
2486 4
2487 7
2488 4
2489 4
2490 5
2491 8
2492 7
2493 3
2494 3
2495 13
2496 6
2497 5
2498 3
2499 12
2500 6
2501 3
2502 6
2503 4
2504 7
2505 8
2506 6
2507 2
2508 5
2509 6
2510 6
2511 10
2512 6
2513 6
2514 11
2515 6
2516 7
2517 7
2518 2
2519 2
2520 4
2521 7
2522 9
2523 4
2524 3
2525 5
2526 6
2527 8
2528 13
2529 6
2530 3
2531 5
2532 4
2533 7
2534 7
2535 7
2536 9
2537 9
2538 4
2539 9
2540 9
2541 10
2542 6
2543 3
2544 4
2545 6
2546 5
2547 7
2548 4
2549 7
2550 4
2551 2
2552 16
2553 2
2554 10
2555 9
2556 2
2557 7
2558 5
2559 7
2560 6
2561 7
2562 5
2563 6
2564 7
2565 5
2566 9
2567 8
2568 6
2569 4
2570 5
2571 6
2572 5
2573 9
2574 6
2575 8
2576 2
2577 7
2578 9
2579 4
2580 5
2581 6
2582 9
2583 9
2584 12
2585 8
2586 7
2587 7
2588 6
2589 4
2590 6
2591 6
2592 6
2593 3
2594 8
2595 10
2596 3
2597 4
2598 7
2599 11
2600 6
2601 9
2602 7
2603 8
2604 7
2605 5
2606 4
2607 9
2608 11
2609 5
2610 6
2611 11
2612 2
2613 8
2614 7
2615 7
2616 5
2617 7
2618 5
2619 8
2620 6
2621 6
2622 3
2623 2
2624 3
2625 4
2626 5
2627 4
2628 8
2629 6
2630 7
2631 6
2632 4
2633 4
2634 6
2635 5
2636 4
2637 5
2638 4
2639 4
2640 3
2641 5
2642 5
2643 6
2644 4
2645 5
2646 8
2647 4
2648 4
2649 7
2650 4
2651 5
2652 2
2653 6
2654 5
2655 5
2656 2
2657 2
2658 5
2659 6
2660 12
2661 5
2662 4
2663 5
2664 4
2665 2
2666 1
2667 4
2668 9
2669 3
2670 5
2671 9
2672 6
2673 9
2674 5
2675 6
2676 5
2677 10
2678 9
2679 9
2680 7
2681 3
2682 4
2683 7
2684 4
2685 5
2686 4
2687 7
2688 1
2689 6
2690 4
2691 2
2692 8
2693 3
2694 7
2695 5
2696 4
2697 2
2698 6
2699 3
2700 5
2701 3
2702 9
2703 10
2704 9
2705 5
2706 8
2707 7
2708 5
2709 5
2710 11
2711 8
2712 6
2713 4
2714 4
2715 3
2716 5
2717 5
2718 9
2719 4
2720 4
2721 5
2722 8
2723 1
2724 7
2725 7
2726 5
2727 6
2728 6
2729 10
2730 2
2731 3
2732 5
2733 9
2734 6
2735 4
2736 5
2737 3
2738 5
2739 4
2740 4
2741 12
2742 7
2743 4
2744 4
2745 2
2746 5
2747 7
2748 4
2749 3
2750 2
2751 9
2752 6
2753 2
2754 7
2755 10
2756 2
2757 2
2758 4
2759 3
2760 7
2761 4
2762 6
2763 5
2764 6
2765 9
2766 4
2767 4
2768 7
2769 6
2770 7
2771 6
2772 1
2773 5
2774 7
2775 6
2776 5
2777 6
2778 8
2779 5
2780 5
2781 4
2782 1
2783 4
2784 7
2785 8
2786 7
2787 6
2788 8
2789 5
2790 3
2791 6
2792 5
2793 5
2794 5
2795 5
2796 4
2797 9
2798 3
2799 6
2800 5
2801 7
2802 8
2803 9
2804 6
2805 4
2806 6
2807 3
2808 8
2809 7
2810 3
2811 12
2812 3
2813 5
2814 4
2815 8
2816 4
2817 5
2818 6
2819 2
2820 1
2821 4
2822 3
2823 5
2824 4
2825 5
2826 8
2827 8
2828 3
2829 2
2830 10
2831 6
2832 4
2833 6
2834 4
2835 5
2836 4
2837 4
2838 6
2839 7
2840 6
2841 2
2842 5
2843 3
2844 8
2845 6
2846 4
2847 3
2848 1
2849 4
2850 5
2851 4
2852 2
2853 3
2854 4
2855 5
2856 6
2857 6
2858 9
2859 9
2860 4
2861 5
2862 2
2863 3
2864 5
2865 9
2866 4
2867 5
2868 10
2869 6
2870 3
2871 2
2872 8
2873 6
2874 10
2875 7
2876 4
2877 9
2878 3
2879 5
2880 6
2881 2
2882 9
2883 2
2884 3
2885 6
2886 3
2887 6
2888 4
2889 4
2890 4
2891 8
2892 6
2893 3
2894 3
2895 5
2896 4
2897 2
2898 6
2899 4
2900 5
2901 3
2902 9
2903 6
2904 9
2905 5
2906 4
2907 2
2908 2
2909 1
2910 6
2911 6
2912 7
2913 6
2914 7
2915 3
2916 2
2917 5
2918 1
2919 9
2920 2
2921 2
2922 7
2923 2
2924 5
2925 4
2926 6
2927 2
2928 3
2929 1
2930 3
2931 4
2932 6
2933 10
2934 7
2935 5
2936 4
2937 4
2938 4
2939 7
2940 6
2941 7
2942 4
2943 8
2944 6
2945 3
2946 5
2947 6
2948 6
2949 4
2950 3
2951 7
2952 5
2953 5
2954 3
2955 4
2956 5
2957 5
2958 9
2959 3
2960 5
2961 6
2962 7
2963 2
2964 2
2965 3
2966 4
2967 5
2968 6
2969 8
2970 4
2971 7
2972 4
2973 9
2974 7
2975 3
2976 3
2977 4
2978 2
2979 7
2980 3
2981 3
2982 2
2983 1
2984 2
2985 5
2986 9
2987 6
2988 6
2989 6
2990 7
2991 5
2992 5
2993 5
2994 9
2995 7
2996 5
2997 7
2998 5
2999 11
3000 8
3001 1
3002 1
3003 5
3004 7
3005 4
3006 3
3007 5
3008 2
3009 5
3010 6
3011 4
3012 7
3013 2
3014 6
3015 7
3016 5
3017 2
3018 4
3019 2
3020 6
3021 5
3022 3
3023 5
3024 4
3025 2
3026 6
3027 2
3028 4
3029 3
3030 4
3031 5
3032 6
3033 7
3034 5
3035 6
3036 12
3037 6
3038 9
3039 2
3040 3
3041 4
3042 7
3043 5
3044 4
3045 7
3046 11
3047 8
3048 7
3049 11
3050 3
3051 5
3052 1
3053 3
3054 6
3055 4
3056 3
3057 7
3058 7
3059 8
3060 1
3061 2
3062 7
3063 7
3064 5
3065 4
3066 5
3067 6
3068 8
3069 2
3070 6
3071 2
3072 7
3073 5
3074 4
3075 7
3076 3
3077 5
3078 5
3079 4
3080 1
3081 3
3082 7
3083 3
3084 4
3085 5
3086 3
3087 2
3088 5
3089 4
3090 5
3091 2
3092 5
3093 4
3094 4
3095 4
3096 7
3097 6
3098 8
3099 3
3100 7
3101 8
3102 5
3103 10
3104 6
3105 1
3106 6
3107 3
3108 4
3109 5
3110 4
3111 3
3112 4
3113 6
3114 4
3115 6
3116 4
3117 9
3118 2
3119 5
3120 4
3121 5
3122 5
3123 5
3124 1
3125 5
3126 6
3127 2
3128 3
3129 8
3130 6
3131 5
3132 5
3133 4
3134 11
3135 3
3136 3
3137 5
3138 5
3139 5
3140 2
3141 5
3142 7
3143 8
3144 3
3145 7
3146 4
3147 5
3148 6
3149 2
3150 7
3151 4
3152 3
3153 7
3154 1
3155 5
3156 4
3157 5
3158 4
3159 6
3160 6
3161 6
3162 6
3163 3
3164 6
3165 5
3166 8
3167 3
3168 4
3169 4
3170 5
3171 2
3172 7
3173 9
3174 5
3175 8
3176 2
3177 3
3178 5
3179 4
3180 5
3181 3
3182 8
3183 3
3184 7
3185 7
3186 2
3187 5
3188 5
3189 5
3190 5
3191 4
3192 9
3193 4
3194 4
3195 7
3196 4
3197 6
3198 6
3199 3
3200 4
3201 1
3202 5
3203 4
3204 4
3205 4
3206 8
3207 6
3208 6
3209 5
3210 2
3211 4
3212 8
3213 3
3214 3
3215 6
3216 4
3217 6
3218 4
3219 7
3220 8
3221 7
3222 3
3223 5
3224 10
3225 5
3226 4
3227 2
3228 2
3229 5
3230 4
3231 4
3232 1
3233 7
3234 6
3235 2
3236 6
3237 8
3238 3
3239 4
3240 1
3241 4
3242 7
3243 4
3244 7
3245 7
3246 5
3247 6
3248 6
3249 3
3250 4
3251 4
3252 4
3253 7
3254 2
3255 10
3256 7
3257 3
3258 4
3259 2
3260 8
3261 4
3262 9
3263 4
3264 4
3265 5
3266 11
3267 4
3268 4
3269 6
3270 6
3271 1
3272 4
3273 5
3274 6
3275 5
3276 5
3277 7
3278 3
3279 1
3280 5
3281 7
3282 4
3283 3
3284 2
3285 4
3286 4
3287 4
3288 6
3289 4
3290 4
3291 5
3292 5
3293 4
3295 6
3296 5
3297 9
3298 6
3299 2
3300 6
3301 2
3302 4
3303 5
3304 2
3305 3
3306 9
3307 2
3308 5
3309 1
3310 3
3311 6
3312 1
3313 4
3314 5
3315 5
3316 2
3317 2
3318 9
3319 4
3320 7
3321 2
3322 3
3323 4
3324 2
3325 3
3326 6
3327 2
3328 5
3329 5
3330 3
3331 6
3332 6
3333 3
3334 5
3335 6
3336 8
3337 3
3338 8
3339 3
3340 6
3341 5
3342 4
3343 4
3344 6
3345 6
3346 2
3347 4
3348 5
3349 5
3350 3
3351 4
3352 6
3353 3
3354 2
3355 4
3356 7
3357 6
3358 6
3359 7
3360 7
3361 2
3362 3
3363 7
3364 2
3365 3
3366 3
3367 5
3368 1
3369 1
3370 4
3371 2
3372 3
3373 4
3374 5
3375 6
3376 2
3377 7
3379 6
3380 4
3381 7
3382 5
3383 3
3384 9
3385 1
3386 3
3387 1
3388 2
3389 4
3390 6
3391 3
3392 2
3393 3
3394 6
3395 7
3396 6
3397 1
3398 5
3399 4
3400 7
3401 3
3402 2
3403 4
3404 6
3405 3
3406 6
3407 5
3408 3
3409 7
3410 5
3411 4
3412 2
3413 6
3414 7
3415 2
3416 5
3417 8
3418 2
3419 6
3420 3
3421 2
3422 3
3423 3
3424 4
3425 6
3426 4
3427 7
3428 3
3429 2
3430 6
3431 4
3432 3
3433 1
3434 4
3435 5
3436 4
3437 3
3438 1
3439 4
3440 5
3441 2
3442 1
3443 3
3444 4
3445 8
3446 2
3447 5
3448 9
3449 7
3450 4
3451 1
3452 4
3453 4
3454 7
3455 3
3456 6
3457 4
3458 7
3459 8
3460 4
3461 3
3462 4
3463 1
3464 6
3465 4
3466 6
3467 4
3468 2
3469 2
3470 4
3471 4
3472 3
3473 3
3474 7
3475 4
3476 8
3477 9
3478 5
3479 4
3480 3
3482 5
3483 4
3484 8
3485 3
3486 3
3487 7
3488 4
3489 3
3490 9
3491 6
3492 4
3493 5
3494 5
3495 2
3496 5
3497 7
3498 3
3499 3
3500 3
3501 3
3502 4
3503 3
3504 7
3505 2
3506 1
3507 6
3508 1
3509 6
3510 6
3511 5
3512 5
3513 8
3514 3
3515 1
3516 4
3517 5
3518 5
3519 6
3520 2
3521 3
3522 4
3523 11
3524 6
3525 6
3526 1
3527 5
3528 7
3529 4
3530 7
3531 4
3532 5
3533 8
3534 5
3535 1
3536 7
3537 5
3538 7
3539 5
3540 3
3541 4
3542 7
3543 6
3544 7
3545 5
3546 4
3547 3
3548 3
3549 5
3550 8
3551 8
3552 5
3553 1
3554 3
3555 5
3556 2
3557 5
3558 3
3559 7
3560 3
3561 7
3562 5
3563 3
3564 4
3565 5
3566 3
3567 1
3568 2
3569 4
3570 4
3571 5
3572 5
3573 7
3574 5
3575 4
3576 1
3577 4
3578 4
3579 1
3580 4
3581 7
3582 7
3583 5
3584 1
3585 7
3586 3
3587 2
3588 6
3589 1
3590 5
3591 3
3592 3
3593 4
3594 8
3595 5
3596 6
3597 4
3598 4
3599 6
3600 4
3601 6
3602 4
3603 4
3604 4
3605 5
3606 7
3607 4
3608 6
3609 5
3610 4
3611 4
3612 3
3613 7
3614 3
3615 6
3616 4
3617 10
3618 4
3619 2
3620 9
3621 7
3622 8
3623 7
3624 1
3625 6
3626 7
3627 7
3628 4
3629 7
3630 3
3631 2
3632 4
3633 2
3634 9
3635 5
3636 7
3637 2
3638 3
3639 2
3640 4
3641 4
3642 3
3643 5
3644 4
3645 4
3646 2
3647 8
3648 7
3649 8
3650 5
3651 6
3652 6
3653 9
3654 4
3655 6
3656 6
3657 5
3658 7
3659 6
3660 4
3661 8
3662 6
3663 4
3664 5
3665 5
3666 2
3667 4
3668 7
3669 7
3670 1
3671 4
3672 5
3673 2
3674 5
3675 5
3676 3
3677 10
3678 3
3679 5
3680 6
3681 4
3682 4
3683 2
3684 4
3685 3
3686 5
3687 4
3688 2
3689 7
3690 9
3691 6
3692 3
3693 3
3694 7
3695 4
3696 5
3697 1
3698 4
3699 7
3700 9
3701 4
3702 3
3703 4
3704 5
3705 4
3706 8
3707 3
3708 6
3709 6
3710 4
3711 5
3712 5
3713 5
3714 7
3715 4
3716 2
3717 8
3718 6
3719 2
3720 2
3721 4
3722 5
3723 3
3724 7
3725 4
3726 8
3727 11
3728 10
3729 3
3730 8
3731 3
3732 7
3733 6
3734 4
3735 5
3736 12
3737 7
3738 4
3739 7
3740 1
3741 6
3742 11
3743 3
3744 10
3745 1
3746 4
3747 8
3748 8
3750 4
3751 1
3752 3
3753 5
3754 6
3755 7
3756 5
3757 9
3758 3
3759 8
3760 9
3761 6
3762 4
3763 1
3764 3
3765 3
3766 7
3767 4
3768 6
3769 1
3770 6
3771 3
3772 9
3773 6
3774 6
3775 8
3776 5
3777 9
3778 4
3779 5
3780 4
3781 4
3782 2
3783 7
3784 6
3785 4
3787 7
3788 3
3789 4
3790 7
3791 6
3792 13
3793 13
3794 3
3795 4
3796 7
3797 5
3798 3
3799 4
3800 4
3801 3
3802 4
3803 11
3804 10
3805 4
3806 6
3807 15
3808 4
3809 6
3810 2
3811 5
3812 7
3813 6
3814 6
3815 7
3816 7
3817 5
3818 7
3819 10
3820 10
3821 8
3822 5
3823 6
3824 7
3825 4
3826 9
3827 3
3828 10
3829 4
3830 9
3831 2
3832 10
3833 7
3834 4
3835 9
3836 2
3837 7
3838 5
3839 8
3840 7
3841 2
3842 4
3843 9
3844 3
3845 7
3846 9
3847 10
3848 2
3849 6
3850 7
3851 3
3852 6
3853 7
3854 4
3855 7
3856 2
3857 5
3858 7
3859 7
3860 5
3861 5
3862 5
3863 9
3864 3
3865 4
3866 8
3867 5
3868 4
3869 7
3870 1
3871 12
3872 9
3873 5
3874 4
3875 6
3876 6
3877 6
3878 3
3879 8
3880 8
3881 6
3882 5
3883 12
3884 5
3885 5
3886 11
3887 9
3888 3
3889 6
3890 5
3891 6
3892 7
3893 11
3894 4
3895 6
3896 3
3897 4
3898 4
3899 4
3900 5
3901 6
3902 4
3903 9
3904 5
3905 6
3906 7
3907 6
3908 6
3909 8
3910 10
3911 6
3912 4
3913 7
3914 6
3915 2
3916 6
3917 6
3918 10
3919 5
3920 1
3921 6
3922 5
3923 10
3924 6
3925 4
3926 17
3927 6
3928 9
3929 8
3930 3
3931 2
3932 6
3933 5
3934 4
3935 11
3936 6
3937 3
3938 5
3939 4
3940 6
3941 7
3942 6
3943 5
3944 5
3945 3
3946 3
3947 4
3948 4
3949 7
3950 4
3951 8
3952 3
3953 8
3954 9
3955 7
3956 4
3957 7
3958 4
3959 3
3960 5
3961 5
3962 3
3963 5
3964 6
3965 10
3966 5
3967 5
3968 8
3969 5
3970 11
3971 4
3972 3
3973 4
3974 7
3975 4
3976 5
3978 4
3979 6
3980 5
3981 3
3982 5
3983 7
3984 3
3985 4
3986 4
3987 1
3988 4
3989 3
3990 5
3991 8
3992 7
3993 10
3994 2
3995 3
3996 6
3997 6
3998 5
3999 3
4000 10
4001 4
4002 4
4003 5
4004 9
4005 7
4006 8
4007 5
4008 5
4009 5
4010 7
4011 5
4012 5
4013 1
4014 3
4015 3
4016 4
4017 3
4018 8
4019 3
4020 4
4021 1
4022 5
4023 8
4024 5
4026 5
4027 4
4028 9
4029 4
4030 7
4031 7
4032 2
4033 4
4034 6
4035 2
4036 6
4037 4
4038 5
4039 7
4040 1
4041 4
4042 8
4043 4
4044 5
4045 5
4046 8
4047 3
4048 8
4049 6
4050 4
4051 8
4052 4
4053 8
4054 3
4055 5
4056 4
4057 6
4058 6
4059 7
4060 8
4061 7
4062 7
4063 5
4064 7
4065 5
4066 3
4067 11
4068 10
4069 7
4070 5
4071 5
4072 5
4073 5
4074 3
4075 5
4076 6
4077 6
4078 6
4079 3
4080 5
4081 8
4082 5
4083 8
4084 4
4085 6
4086 4
4087 4
4088 8
4089 3
4090 11
4091 5
4092 8
4093 6
4094 7
4095 2
4096 9
4097 8
4098 6
4099 5
4100 6
4101 6
4102 5
4103 4
4104 1
4105 8
4106 6
4107 6
4108 3
4109 9
4110 4
4111 5
4112 3
4113 7
4114 4
4115 6
4116 3
4117 5
4118 3
4119 9
4120 5
4121 6
4122 2
4123 4
4124 4
4125 7
4126 6
4127 4
4128 5
4129 10
4130 11
4131 4
4132 6
4133 8
4134 3
4135 5
4136 1
4137 6
4138 6
4139 3
4140 5
4141 3
4142 5
4143 8
4144 6
4145 4
4146 4
4147 9
4148 4
4149 8
4150 5
4151 4
4152 5
4153 9
4154 4
4155 3
4156 6
4157 5
4158 4
4159 2
4160 6
4161 6
4162 2
4163 6
4164 8
4165 5
4166 8
4167 3
4168 7
4169 9
4170 5
4172 4
4173 6
4174 7
4175 4
4176 2
4177 7
4178 3
4179 4
4180 6
4181 5
4182 5
4183 3
4184 3
4185 2
4186 4
4187 3
4188 5
4189 8
4190 4
4191 2
4192 4
4193 4
4194 1
4195 5
4196 3
4197 6
4198 3
4199 6
4200 3
4201 3
4202 8
4203 6
4204 2
4205 5
4206 5
4207 7
4208 7
4209 8
4210 6
4211 4
4212 8
4213 5
4214 7
4215 2
4216 7
4217 4
4218 6
4219 6
4220 3
4221 5
4222 2
4223 8
4224 2
4225 5
4226 6
4227 5
4228 5
4229 4
4230 6
4231 4
4232 5
4233 5
4234 3
4235 6
4236 4
4237 5
4238 6
4239 3
4240 5
4241 7
4242 5
4243 5
4244 3
4245 6
4246 6
4247 3
4248 7
4249 3
4250 8
4251 8
4252 7
4253 3
4254 2
4255 6
4256 2
4257 3
4258 5
4259 7
4260 7
4261 5
4262 6
4264 5
4265 5
4266 3
4267 5
4268 3
4269 5
4270 2
4271 4
4272 7
4273 7
4274 3
4275 6
4276 6
4277 5
4278 3
4279 3
4280 6
4281 4
4282 3
4283 5
4284 6
4285 5
4286 5
4287 6
4288 2
4289 1
4290 7
4291 2
4292 1
4293 5
4294 4
4295 4
4296 5
4297 4
4298 8
4299 8
4300 4
4301 5
4302 7
4303 5
4304 4
4305 6
4306 3
4307 3
4308 8
4309 5
4310 5
4311 7
4312 4
4313 2
4314 4
4315 6
4316 3
4317 7
4318 9
4319 7
4320 8
4321 4
4322 4
4323 5
4324 7
4325 4
4326 7
4327 10
4328 10
4329 3
4330 6
4331 2
4332 6
4333 9
4334 9
4335 5
4336 3
4337 6
4338 5
4339 9
4340 7
4341 4
4342 7
4343 2
4344 1
4345 6
4346 6
4347 9
4348 4
4349 5
4350 3
4351 4
4352 2
4353 10
4354 7
4355 6
4356 6
4357 9
4358 3
4359 4
4360 4
4361 3
4362 7
4363 5
4364 8
4365 4
4366 5
4367 8
4368 3
4369 2
4370 3
4371 9
4372 4
4373 6
4374 5
4375 5
4376 2
4377 4
4378 5
4379 9
4380 1
4381 4
4382 8
4383 6
4384 4
4385 7
4386 3
4387 1
4388 12
4389 7
4390 4
4391 4
4392 6
4393 5
4394 1
4395 4
4396 5
4397 3
4398 4
4399 6
4400 5
4401 2
4402 7
4403 5
4404 1
4405 1
4406 7
4407 10
4408 3
4409 6
4410 2
4411 4
4412 5
4413 5
4414 5
4415 3
4416 3
4417 3
4418 6
4419 7
4420 6
4421 5
4422 4
4423 4
4425 6
4426 2
4427 3
4428 4
4429 3
4430 8
4431 5
4432 2
4433 2
4434 6
4435 4
4436 2
4437 4
4438 5
4439 4
4440 9
4441 2
4442 4
4443 7
4444 8
4445 7
4446 5
4447 4
4448 7
4449 2
4451 11
4452 5
4453 6
4454 3
4455 6
4456 2
4457 3
4458 3
4459 6
4460 7
4461 2
4462 4
4463 4
4464 5
4465 8
4466 3
4467 4
4468 5
4469 3
4470 3
4471 4
4472 5
4473 8
4474 7
4475 5
4476 3
4477 3
4478 3
4479 4
4480 3
4481 3
4482 6
4483 5
4484 3
4485 5
4486 3
4487 8
4488 3
4489 6
4490 7
4491 4
4492 2
4493 4
4494 6
4495 3
4496 3
4498 5
4499 5
4500 5
4501 8
4502 2
4503 6
4504 4
4505 4
4506 9
4507 7
4508 9
4509 5
4510 6
4511 5
4512 4
4513 3
4514 6
4515 7
4516 5
4517 1
4518 5
4519 6
4520 4
4521 3
4522 2
4523 10
4524 5
4525 8
4526 5
4527 2
4528 4
4529 5
4530 3
4531 5
4532 7
4533 4
4534 3
4535 3
4537 2
4538 3
4539 3
4540 6
4541 8
4542 4
4543 3
4544 4
4545 4
4546 7
4547 4
4548 6
4549 4
4550 4
4551 1
4552 4
4553 2
4554 6
4555 9
4556 3
4557 4
4558 4
4559 3
4560 1
4561 7
4562 2
4563 2
4564 6
4565 7
4566 4
4567 3
4568 4
4569 6
4570 4
4571 5
4572 6
4573 5
4574 4
4575 4
4576 6
4577 3
4578 4
4579 10
4580 3
4581 6
4582 10
4583 4
4584 8
4585 5
4586 2
4588 4
4589 6
4590 8
4591 5
4592 3
4593 5
4594 2
4595 4
4596 2
4597 6
4598 2
4599 2
4600 6
4601 6
4602 8
4603 1
4604 5
4605 6
4606 3
4607 3
4608 7
4609 4
4610 9
4611 6
4612 5
4613 6
4614 2
4615 3
4616 3
4618 4
4619 1
4620 5
4621 5
4622 2
4623 3
4624 3
4625 6
4626 6
4627 5
4628 4
4629 3
4630 7
4631 6
4632 2
4633 3
4634 4
4635 3
4636 4
4637 4
4638 2
4639 2
4640 8
4641 5
4642 1
4643 5
4644 2
4646 7
4647 4
4648 2
4649 4
4650 4
4651 6
4652 5
4653 5
4654 1
4655 5
4656 5
4657 4
4658 2
4659 7
4660 6
4661 8
4662 5
4663 3
4664 4
4665 3
4666 6
4667 4
4668 6
4669 1
4670 4
4671 6
4672 5
4673 2
4674 7
4675 1
4676 2
4677 6
4678 2
4679 2
4680 9
4681 7
4682 4
4683 4
4684 2
4685 3
4686 6
4687 6
4688 4
4689 5
4690 4
4691 6
4692 2
4693 4
4694 4
4695 4
4696 5
4697 4
4698 3
4699 6
4700 7
4701 4
4702 6
4703 4
4704 2
4705 2
4706 3
4707 8
4708 1
4709 5
4710 5
4711 3
4712 4
4713 5
4714 6
4715 5
4716 9
4717 4
4718 6
4719 2
4720 2
4721 7
4722 4
4723 3
4724 5
4725 2
4726 5
4727 6
4728 9
4729 7
4731 3
4732 5
4733 4
4734 5
4735 8
4736 6
4737 2
4738 4
4739 3
4740 7
4741 6
4742 5
4743 6
4744 2
4745 4
4746 1
4747 2
4748 4
4749 3
4750 4
4751 4
4752 5
4753 5
4754 3
4755 7
4756 3
4757 3
4758 2
4759 5
4760 5
4761 5
4762 6
4763 5
4764 4
4765 2
4766 5
4767 5
4768 3
4769 4
4770 6
4771 10
4772 5
4773 2
4774 4
4775 6
4776 6
4777 7
4778 8
4779 3
4780 1
4782 3
4783 2
4784 4
4785 3
4786 2
4787 4
4788 1
4789 3
4790 1
4791 5
4792 7
4794 5
4795 4
4796 3
4797 3
4798 4
4799 5
4800 6
4801 4
4802 4
4803 7
4804 5
4805 4
4806 6
4807 5
4808 9
4809 4
4810 5
4811 3
4812 4
4813 1
4814 3
4815 1
4816 8
4817 4
4818 4
4819 8
4820 7
4821 7
4822 7
4823 4
4824 4
4825 3
4826 6
4827 4
4828 5
4829 5
4830 4
4831 3
4832 2
4833 6
4834 1
4835 2
4836 8
4837 2
4838 4
4839 2
4840 3
4841 4
4842 4
4843 6
4844 5
4845 3
4846 5
4847 2
4848 4
4849 4
4850 5
4851 5
4852 6
4853 2
4854 2
4855 4
4856 2
4857 2
4858 6
4859 5
4860 1
4861 4
4862 4
4863 8
4864 2
4865 3
4866 2
4867 2
4868 6
4869 7
4870 3
4871 2
4872 1
4873 3
4874 4
4875 2
4876 5
4877 5
4878 4
4879 8
4880 8
4881 5
4882 8
4883 5
4884 5
4885 5
4886 2
4887 4
4888 2
4889 6
4890 6
4891 3
4892 4
4893 2
4894 6
4895 5
4896 3
4897 6
4898 5
4899 5
4900 2
4901 6
4902 2
4903 6
4904 5
4905 3
4906 5
4907 3
4908 4
4909 6
4910 3
4911 3
4912 1
4913 2
4914 7
4915 5
4916 5
4917 1
4918 7
4919 6
4920 6
4921 2
4922 1
4923 6
4924 5
4925 4
4926 2
4927 3
4928 3
4929 3
4930 6
4931 4
4932 2
4933 5
4934 2
4935 2
4936 5
4937 5
4938 6
4939 6
4940 4
4941 5
4942 3
4943 3
4944 4
4945 5
4946 3
4947 2
4948 2
4949 4
4950 4
4951 4
4952 5
4953 3
4954 3
4955 3
4956 4
4957 3
4958 4
4959 3
4960 4
4961 3
4962 3
4963 3
4964 7
4965 5
4966 5
4967 6
4968 2
4970 2
4971 6
4972 1
4973 7
4974 2
4975 4
4976 3
4977 2
4978 7
4979 8
4980 1
4981 3
4982 3
4983 5
4984 7
4985 5
4986 4
4987 5
4988 6
4989 6
4990 4
4991 6
4992 2
4993 4
4994 6
4995 1
4996 3
4997 2
4998 7
4999 3
5000 2
5001 3
5002 2
5003 3
5004 3
5005 4
5006 4
5007 1
5008 3
5009 6
5010 2
5011 3
5012 2
5013 6
5014 4
5015 2
5016 6
5017 5
5018 5
5019 3
5020 6
5021 5
5023 7
5024 2
5025 5
5026 1
5027 6
5028 7
5029 6
5030 7
5031 6
5032 1
5033 3
5034 9
5035 2
5036 3
5037 6
5038 2
5039 3
5040 4
5042 7
5043 1
5044 5
5045 3
5046 5
5047 3
5048 3
5049 4
5050 3
5051 5
5052 2
5053 2
5054 2
5055 2
5056 4
5057 6
5058 1
5059 2
5060 3
5061 4
5062 6
5063 4
5064 2
5066 4
5067 5
5068 2
5069 4
5070 3
5071 5
5072 4
5073 4
5074 2
5075 3
5076 6
5077 5
5078 1
5079 5
5080 4
5081 4
5082 6
5083 4
5084 7
5085 7
5086 4
5087 8
5089 4
5090 4
5091 2
5092 4
5093 4
5094 5
5095 2
5096 5
5097 2
5098 4
5099 4
5100 6
5101 4
5102 3
5103 2
5104 2
5105 2
5106 5
5107 1
5108 4
5109 2
5110 4
5111 4
5112 6
5113 5
5114 3
5115 3
5116 2
5117 4
5118 8
5119 5
5120 2
5121 1
5122 6
5123 3
5124 3
5125 9
5126 4
5127 2
5128 4
5129 6
5130 4
5131 2
5132 3
5133 3
5134 2
5135 1
5136 3
5137 1
5138 4
5139 3
5140 6
5141 4
5142 3
5143 4
5144 6
5145 5
5146 3
5147 4
5148 5
5149 6
5150 3
5151 3
5152 3
5153 2
5154 7
5156 4
5157 5
5158 4
5159 9
5160 3
5161 1
5162 4
5163 2
5164 3
5165 5
5166 2
5167 4
5168 7
5169 3
5171 5
5172 3
5173 4
5174 2
5175 4
5176 10
5177 4
5178 10
5180 5
5181 1
5182 3
5183 1
5184 4
5185 2
5186 5
5187 3
5188 5
5189 3
5190 5
5192 3
5193 4
5194 3
5195 1
5196 9
5197 3
5198 3
5199 1
5200 7
5201 2
5202 7
5203 1
5204 4
5205 5
5206 2
5207 3
5208 1
5209 3
5210 1
5211 1
5212 1
5213 3
5214 3
5215 2
5216 1
5217 1
5218 3
5219 4
5220 4
5221 2
5223 3
5224 1
5225 1
5226 2
5227 2
5228 6
5229 5
5230 1
5231 2
5232 5
5233 5
5234 5
5235 3
5236 1
5237 6
5238 2
5239 3
5240 1
5241 4
5242 3
5243 5
5244 3
5245 3
5246 3
5247 6
5248 7
5249 3
5250 1
5251 5
5252 5
5253 4
5254 5
5255 7
5256 3
5257 3
5258 3
5259 5
5260 2
5261 7
5262 3
5263 1
5264 6
5265 2
5266 3
5267 4
5268 5
5269 1
5270 2
5271 1
5272 4
5273 4
5274 3
5275 3
5276 4
5277 4
5278 3
5279 3
5280 6
5281 1
5282 3
5283 3
5284 2
5285 2
5286 5
5287 5
5288 4
5289 1
5290 2
5291 2
5292 6
5293 2
5294 2
5295 4
5296 6
5297 7
5298 5
5299 3
5300 1
5301 3
5302 2
5303 6
5304 4
5305 4
5306 2
5307 4
5308 3
5309 4
5311 3
5312 4
5313 2
5314 2
5315 2
5317 1
5318 4
5319 7
5320 2
5321 5
5322 2
5323 2
5324 3
5325 8
5326 5
5327 3
5328 1
5329 3
5330 2
5331 3
5332 2
5333 3
5334 5
5335 3
5336 5
5338 3
5339 6
5340 7
5341 2
5342 4
5343 5
5344 6
5345 5
5346 4
5347 1
5348 3
5349 2
5350 4
5351 10
5352 3
5353 3
5354 4
5355 5
5356 1
5357 4
5358 4
5360 3
5361 3
5362 4
5363 9
5364 3
5365 2
5366 2
5367 2
5368 6
5369 3
5370 3
5371 5
5373 3
5374 4
5375 3
5376 3
5377 4
5378 4
5379 8
5380 3
5381 4
5382 4
5383 3
5384 1
5386 4
5387 5
5388 6
5389 7
5390 1
5391 6
5392 3
5393 3
5394 5
5395 1
5397 5
5398 2
5400 1
5401 3
5402 4
5403 6
5404 5
5406 1
5407 4
5409 1
5410 3
5411 3
5412 2
5413 1
5414 5
5415 6
5416 5
5418 2
5419 1
5420 2
5421 1
5422 2
5423 3
5424 2
5425 3
5426 3
5427 6
5428 4
5429 1
5430 5
5431 6
5432 9
5433 4
5434 3
5436 8
5437 2
5438 2
5439 6
5440 6
5441 2
5442 5
5443 8
5444 3
5445 1
5446 2
5447 1
5448 3
5449 3
5450 1
5451 2
5452 1
5453 4
5454 7
5455 3
5456 2
5457 1
5458 3
5459 1
5460 3
5461 3
5462 1
5463 4
5464 4
5465 1
5467 1
5468 2
5469 1
5470 3
5471 1
5472 2
5473 2
5474 4
5475 3
5476 6
5477 4
5478 1
5479 6
5480 2
5481 6
5482 3
5483 2
5484 5
5485 1
5486 4
5487 2
5488 3
5489 1
5490 3
5491 2
5492 5
5493 2
5494 2
5495 4
5496 1
5497 3
5498 3
5499 5
5500 1
5504 1
5505 5
5506 4
5507 1
5508 7
5509 1
5510 2
5512 4
5513 4
5514 2
5515 3
5516 8
5517 6
5518 2
5519 4
5520 1
5521 4
5522 5
5523 5
5524 3
5525 4
5526 3
5527 3
5528 4
5529 3
5530 2
5531 5
5532 6
5533 2
5534 4
5535 2
5536 4
5537 3
5538 3
5539 2
5540 3
5541 4
5542 3
5543 7
5544 2
5545 9
5546 3
5547 6
5548 2
5549 1
5550 3
5551 2
5552 2
5553 4
5554 3
5555 4
5556 6
5557 1
5558 3
5560 3
5561 6
5562 3
5563 3
5564 5
5565 1
5566 2
5567 2
5568 1
5569 1
5570 4
5571 1
5572 2
5573 2
5574 4
5575 4
5576 4
5577 6
5578 1
5579 1
5580 3
5581 2
5582 3
5583 2
5584 2
5585 3
5586 2
5587 2
5588 4
5589 5
5590 2
5591 1
5592 3
5593 3
5594 1
5595 2
5596 5
5597 4
5598 3
5599 2
5600 2
5601 4
5602 7
5603 1
5605 3
5606 3
5607 2
5608 3
5609 2
5610 4
5611 3
5612 3
5613 2
5614 3
5615 3
5616 2
5617 2
5618 1
5619 1
5622 3
5623 2
5624 6
5625 1
5626 6
5627 3
5628 4
5629 2
5630 2
5631 4
5633 3
5635 3
5636 3
5637 1
5638 4
5639 3
5640 2
5641 6
5642 4
5643 5
5644 6
5645 5
5646 2
5647 1
5648 3
5649 4
5650 1
5651 6
5652 1
5653 3
5654 9
5655 2
5656 2
5657 4
5658 2
5659 4
5660 4
5661 2
5662 1
5663 4
5664 2
5665 2
5666 1
5667 5
5668 5
5669 2
5670 2
5673 3
5674 1
5675 1
5676 4
5677 3
5678 3
5679 3
5680 3
5681 3
5682 5
5683 1
5684 1
5685 2
5686 2
5687 4
5688 1
5689 4
5690 2
5691 3
5692 5
5693 1
5694 3
5695 2
5696 1
5697 2
5698 4
5699 2
5701 3
5702 3
5703 2
5704 1
5705 3
5706 2
5707 1
5708 3
5709 4
5710 3
5711 6
5712 1
5713 6
5715 1
5716 1
5717 7
5718 5
5720 2
5721 2
5722 2
5723 3
5724 2
5725 1
5726 3
5727 4
5728 1
5729 4
5731 4
5732 4
5733 3
5734 3
5736 2
5737 2
5738 4
5739 2
5740 2
5742 4
5743 5
5744 3
5745 4
5746 1
5747 2
5748 2
5749 1
5750 6
5751 5
5752 2
5753 4
5754 4
5755 2
5756 2
5757 3
5758 2
5759 1
5760 4
5761 6
5762 3
5763 1
5764 4
5765 4
5766 1
5767 1
5768 1
5769 5
5770 4
5771 1
5772 1
5773 1
5774 3
5775 1
5776 4
5777 5
5778 3
5779 3
5780 2
5781 1
5782 5
5783 5
5784 4
5785 1
5786 3
5787 4
5788 3
5789 6
5790 1
5791 1
5792 2
5793 2
5794 6
5795 3
5796 1
5797 3
5798 1
5799 3
5800 1
5801 5
5802 2
5803 3
5804 2
5805 6
5806 2
5807 3
5808 3
5809 1
5810 3
5811 2
5812 5
5813 7
5814 2
5815 3
5816 3
5817 2
5818 2
5819 3
5820 5
5821 3
5822 1
5823 4
5824 4
5825 1
5826 2
5828 2
5829 1
5830 1
5831 3
5832 3
5833 2
5834 4
5835 2
5836 2
5837 4
5838 3
5839 6
5840 1
5841 4
5842 3
5843 6
5844 3
5845 2
5846 3
5847 5
5848 3
5849 5
5850 2
5851 2
5853 2
5854 2
5855 4
5856 1
5857 2
5858 4
5859 1
5860 4
5861 4
5862 1
5863 2
5864 2
5865 2
5866 2
5867 6
5868 3
5869 1
5870 3
5873 1
5874 2
5875 1
5876 3
5877 2
5878 2
5879 2
5880 2
5881 3
5882 3
5883 4
5884 1
5885 1
5886 2
5887 1
5889 5
5890 4
5891 2
5892 2
5893 2
5894 2
5896 3
5897 2
5898 1
5899 1
5900 4
5901 3
5902 1
5903 5
5904 3
5905 3
5906 3
5907 2
5908 1
5909 1
5910 5
5911 1
5912 2
5913 1
5914 2
5915 3
5916 1
5917 4
5919 2
5920 3
5921 5
5923 4
5924 4
5925 3
5926 3
5927 4
5928 3
5929 3
5930 2
5931 4
5932 3
5934 3
5935 2
5936 7
5937 2
5938 2
5939 1
5941 5
5942 4
5943 2
5944 3
5945 4
5946 3
5947 3
5948 1
5949 1
5950 2
5951 2
5953 1
5954 1
5955 2
5956 2
5957 2
5958 1
5959 1
5960 2
5961 4
5962 5
5964 4
5965 2
5966 1
5967 1
5969 6
5970 2
5971 4
5972 3
5973 4
5974 2
5975 4
5976 1
5977 3
5978 2
5979 3
5980 2
5981 2
5982 3
5983 3
5984 3
5985 1
5986 2
5987 1
5988 3
5989 3
5990 1
5991 3
5992 1
5993 1
5994 2
5995 2
5996 1
5997 2
5998 1
5999 2
6000 4
6001 3
6002 4
6003 1
6004 3
6005 4
6006 1
6007 4
6008 1
6009 2
6010 2
6011 4
6012 2
6014 1
6015 4
6016 2
6017 1
6018 1
6019 1
6020 3
6021 5
6023 3
6024 2
6026 2
6027 1
6028 2
6029 5
6030 3
6031 1
6032 3
6033 1
6034 3
6035 2
6036 3
6037 3
6038 3
6039 5
6040 3
6041 3
6044 4
6045 1
6046 4
6047 1
6048 3
6049 3
6050 2
6051 2
6053 1
6054 2
6056 4
6057 3
6058 3
6059 4
6060 3
6062 3
6063 8
6064 2
6065 7
6066 1
6067 1
6068 3
6070 1
6071 1
6073 4
6074 1
6075 1
6077 3
6078 1
6079 3
6080 1
6082 1
6083 1
6084 1
6085 4
6086 2
6087 2
6088 3
6089 2
6090 5
6091 1
6092 2
6093 4
6094 2
6095 3
6096 5
6097 1
6098 3
6099 3
6100 2
6101 3
6102 6
6103 2
6104 1
6105 2
6106 2
6108 3
6109 3
6110 4
6111 4
6112 3
6113 1
6114 3
6115 2
6116 1
6117 2
6119 3
6120 2
6121 1
6122 3
6123 1
6124 4
6125 3
6126 3
6128 6
6129 1
6130 5
6131 1
6132 2
6133 2
6134 1
6135 4
6136 4
6137 2
6139 1
6140 3
6141 1
6142 2
6143 2
6144 1
6145 3
6146 3
6147 5
6148 3
6149 1
6150 2
6151 4
6152 3
6153 2
6154 1
6155 3
6156 1
6157 3
6158 4
6159 1
6160 3
6161 3
6162 1
6163 1
6164 3
6165 3
6167 1
6168 3
6170 2
6171 2
6172 1
6173 2
6174 6
6175 4
6176 1
6177 3
6178 4
6179 3
6180 1
6181 1
6184 2
6186 3
6187 1
6188 3
6189 4
6190 1
6191 1
6192 3
6193 2
6194 2
6195 1
6196 2
6197 3
6198 1
6199 3
6200 2
6201 3
6203 3
6204 2
6205 1
6206 3
6207 3
6208 1
6209 5
6210 2
6211 2
6212 2
6213 2
6214 3
6216 3
6217 1
6218 1
6220 3
6221 3
6222 4
6224 2
6226 1
6227 4
6228 1
6229 3
6230 4
6231 2
6232 1
6233 1
6234 2
6235 3
6236 3
6237 2
6238 5
6239 1
6240 4
6241 3
6242 3
6243 1
6244 4
6245 2
6246 2
6247 3
6248 4
6249 3
6251 3
6252 2
6253 2
6254 2
6255 4
6256 1
6257 5
6258 6
6259 3
6260 2
6261 4
6262 1
6263 2
6264 1
6265 4
6266 4
6267 3
6268 2
6269 2
6270 3
6271 4
6273 5
6274 2
6275 3
6276 1
6277 3
6279 1
6280 4
6281 3
6282 5
6283 4
6284 3
6285 4
6286 6
6287 3
6288 2
6289 3
6290 4
6291 4
6292 4
6293 3
6294 6
6295 3
6296 1
6297 2
6298 3
6299 3
6300 1
6301 2
6302 5
6303 2
6305 2
6306 3
6307 3
6308 3
6309 3
6310 1
6311 4
6312 1
6313 1
6314 2
6315 2
6316 2
6317 3
6318 2
6319 4
6321 1
6322 7
6323 4
6324 3
6325 1
6326 2
6327 3
6328 2
6329 2
6330 1
6331 1
6333 1
6334 1
6336 2
6337 2
6338 2
6339 3
6340 1
6341 1
6342 4
6343 1
6344 1
6345 7
6346 2
6347 4
6348 1
6349 3
6350 1
6351 3
6352 2
6353 2
6354 2
6355 2
6357 2
6358 3
6359 3
6360 1
6361 1
6362 1
6363 3
6364 1
6365 4
6366 1
6367 1
6368 1
6369 2
6370 1
6371 3
6372 2
6373 3
6374 2
6375 2
6376 2
6377 1
6378 2
6379 4
6380 1
6381 1
6382 2
6383 3
6384 1
6385 6
6386 2
6389 2
6391 1
6392 1
6393 1
6395 2
6396 3
6397 2
6398 1
6399 1
6400 1
6401 3
6402 1
6403 1
6404 4
6405 1
6406 2
6407 2
6408 2
6409 3
6410 1
6413 2
6414 2
6415 2
6416 1
6417 6
6418 3
6419 1
6420 5
6421 3
6423 1
6424 4
6425 2
6427 4
6428 5
6429 2
6430 2
6431 3
6433 3
6435 1
6436 3
6437 1
6438 3
6441 1
6442 1
6443 3
6444 4
6446 1
6447 3
6448 2
6449 3
6450 2
6451 2
6452 2
6453 2
6456 2
6457 2
6458 2
6459 3
6460 2
6461 2
6462 3
6463 1
6464 1
6465 3
6467 1
6468 1
6469 3
6470 1
6472 4
6473 3
6474 2
6475 2
6477 2
6478 1
6479 1
6480 3
6481 2
6483 1
6484 1
6485 2
6486 1
6487 4
6488 4
6489 3
6490 3
6491 5
6492 2
6493 2
6494 1
6495 2
6496 4
6497 3
6498 4
6499 5
6501 4
6502 2
6503 2
6505 1
6506 1
6507 1
6508 2
6509 3
6510 3
6511 3
6512 1
6513 1
6515 3
6516 2
6517 2
6518 3
6519 4
6520 3
6521 3
6522 2
6523 2
6524 1
6526 1
6527 2
6528 1
6529 2
6530 3
6531 3
6532 4
6533 1
6535 2
6536 2
6537 1
6538 1
6539 2
6540 4
6541 1
6543 4
6544 2
6545 1
6547 3
6548 1
6549 3
6550 2
6551 2
6552 4
6554 4
6555 2
6558 2
6559 1
6560 2
6561 2
6562 1
6563 3
6564 5
6565 2
6566 2
6567 1
6568 2
6569 2
6570 1
6571 2
6572 2
6573 4
6574 5
6575 1
6576 3
6577 3
6578 3
6579 1
6580 1
6581 4
6582 1
6583 3
6584 1
6585 1
6586 1
6587 1
6588 3
6589 2
6590 1
6591 1
6592 2
6593 1
6595 2
6596 3
6597 1
6598 5
6599 2
6600 4
6601 2
6602 1
6603 2
6604 2
6605 2
6606 1
6608 2
6609 2
6610 3
6611 2
6613 2
6614 1
6615 3
6616 3
6618 1
6619 1
6620 3
6621 1
6623 2
6625 1
6627 2
6628 1
6629 2
6630 1
6631 2
6632 1
6633 1
6634 1
6635 1
6636 2
6637 2
6638 1
6639 1
6641 4
6642 2
6644 1
6646 2
6647 1
6649 3
6651 1
6653 3
6654 2
6655 4
6656 2
6657 1
6658 4
6659 3
6660 2
6661 1
6662 2
6663 1
6665 2
6666 2
6667 1
6668 2
6669 2
6670 4
6671 4
6673 2
6674 2
6675 2
6677 1
6678 1
6680 2
6681 1
6682 3
6684 1
6685 1
6688 1
6689 2
6690 2
6691 5
6693 2
6695 4
6696 4
6697 3
6698 1
6699 2
6701 1
6702 2
6705 1
6706 1
6708 2
6709 3
6710 4
6712 3
6713 1
6714 3
6715 1
6716 1
6717 2
6718 2
6719 1
6720 1
6721 1
6723 3
6724 1
6726 2
6728 8
6729 2
6730 1
6731 3
6732 4
6733 2
6734 2
6735 2
6736 2
6737 3
6738 1
6739 5
6741 1
6742 2
6743 1
6744 3
6745 2
6748 1
6749 5
6750 4
6751 1
6752 2
6753 3
6755 2
6758 4
6759 2
6761 1
6762 2
6763 3
6765 4
6766 4
6767 1
6768 1
6769 4
6770 1
6771 1
6773 1
6775 3
6776 2
6777 1
6779 1
6780 1
6783 4
6784 3
6785 2
6786 1
6787 3
6788 3
6789 1
6790 4
6792 1
6793 3
6795 2
6796 2
6797 1
6800 1
6802 2
6803 2
6804 2
6805 3
6806 3
6807 3
6808 1
6809 3
6810 2
6811 4
6812 1
6813 1
6815 3
6817 1
6818 1
6819 2
6820 1
6822 2
6824 3
6826 3
6828 2
6830 1
6831 4
6833 1
6834 3
6835 3
6836 1
6838 1
6839 1
6840 4
6844 2
6846 3
6847 1
6848 1
6849 1
6851 1
6853 1
6854 1
6855 2
6857 1
6859 1
6860 4
6861 3
6862 2
6864 3
6865 1
6866 1
6867 4
6868 2
6869 2
6870 1
6871 5
6872 2
6873 2
6875 3
6877 1
6878 2
6880 1
6881 1
6882 1
6883 1
6885 1
6886 1
6889 2
6890 1
6891 1
6892 1
6893 3
6894 1
6895 2
6896 1
6898 1
6901 2
6902 1
6903 2
6904 5
6905 3
6906 2
6908 2
6911 2
6912 1
6913 1
6914 2
6915 5
6916 1
6917 1
6918 2
6919 3
6920 1
6921 1
6922 1
6923 2
6924 3
6925 2
6927 1
6929 1
6930 1
6932 2
6935 3
6936 2
6937 1
6938 1
6940 1
6941 1
6944 2
6946 6
6947 1
6949 2
6950 1
6951 4
6952 1
6953 6
6954 1
6955 1
6956 2
6957 2
6959 3
6960 1
6962 2
6963 2
6964 1
6965 3
6966 2
6968 1
6969 2
6970 2
6971 1
6972 3
6974 3
6975 2
6976 1
6981 3
6982 4
6983 2
6984 2
6985 2
6986 3
6987 2
6988 1
6989 2
6990 2
6991 1
6992 1
6993 1
6994 1
6995 1
6996 1
7000 2
7002 1
7003 1
7006 4
7007 2
7008 4
7009 2
7010 2
7011 3
7013 1
7014 4
7015 1
7016 1
7017 1
7018 4
7020 1
7022 2
7023 3
7025 1
7032 1
7033 2
7034 1
7035 1
7038 2
7039 2
7040 2
7041 1
7043 2
7044 2
7045 1
7046 2
7047 2
7049 2
7051 1
7052 1
7053 1
7054 1
7057 2
7058 1
7059 2
7060 2
7061 3
7062 3
7063 2
7064 2
7065 5
7066 3
7069 2
7070 1
7071 2
7074 2
7075 1
7076 1
7078 1
7080 5
7081 3
7083 2
7084 2
7085 2
7086 1
7087 1
7089 1
7090 1
7091 1
7093 1
7095 2
7096 1
7097 3
7099 3
7101 2
7102 2
7103 3
7104 1
7105 3
7106 2
7108 2
7109 1
7113 4
7114 1
7115 1
7118 4
7119 1
7120 3
7121 2
7123 2
7124 2
7125 3
7126 2
7127 2
7128 2
7129 1
7130 4
7131 1
7134 1
7135 2
7136 6
7137 2
7138 2
7139 2
7140 5
7141 2
7144 1
7146 2
7147 4
7149 2
7150 1
7151 1
7153 2
7154 1
7155 1
7156 2
7158 1
7159 2
7160 1
7162 1
7163 1
7164 3
7165 2
7166 2
7168 1
7169 3
7170 2
7174 1
7175 2
7177 1
7180 3
7182 1
7183 1
7184 2
7185 1
7186 2
7187 3
7188 3
7189 1
7190 1
7191 3
7192 2
7193 2
7195 3
7196 1
7198 1
7199 3
7201 2
7202 2
7203 3
7205 2
7208 1
7209 1
7211 2
7212 1
7213 1
7214 2
7217 1
7219 1
7220 2
7221 1
7222 1
7225 3
7226 3
7229 1
7230 2
7231 4
7234 2
7235 3
7236 1
7237 2
7238 1
7239 1
7240 4
7241 1
7242 1
7243 2
7244 2
7245 1
7246 1
7248 1
7249 4
7252 2
7253 1
7254 2
7255 2
7258 1
7259 2
7260 2
7261 3
7262 3
7263 2
7265 1
7267 1
7268 2
7269 1
7272 1
7273 1
7274 1
7276 2
7277 1
7278 1
7279 2
7280 2
7283 2
7284 3
7286 3
7287 1
7288 1
7290 1
7291 4
7293 1
7294 4
7295 1
7297 2
7298 1
7299 1
7302 4
7303 2
7304 2
7305 1
7306 1
7307 1
7308 2
7311 3
7312 1
7313 1
7314 3
7316 4
7317 1
7318 1
7319 2
7320 1
7321 2
7322 2
7323 2
7324 1
7326 2
7327 1
7329 2
7331 1
7332 1
7335 2
7336 3
7337 1
7338 4
7342 3
7343 1
7344 2
7345 1
7346 1
7347 2
7348 1
7349 4
7353 1
7354 2
7355 2
7356 2
7357 1
7358 1
7359 1
7360 3
7362 1
7363 1
7365 2
7366 1
7367 1
7368 2
7370 2
7371 1
7373 1
7374 1
7375 1
7377 2
7378 1
7379 1
7380 3
7381 2
7382 6
7383 3
7384 1
7385 1
7387 1
7388 2
7389 2
7390 2
7391 2
7393 3
7395 5
7396 2
7397 1
7398 1
7399 1
7400 2
7404 2
7406 1
7408 1
7412 1
7415 3
7416 1
7418 2
7419 1
7420 2
7421 1
7422 1
7424 1
7426 1
7427 2
7428 1
7429 1
7430 2
7432 1
7433 1
7434 2
7435 2
7436 2
7438 2
7439 1
7440 2
7441 1
7442 2
7443 3
7444 2
7445 1
7446 2
7447 4
7448 1
7449 2
7450 1
7451 2
7452 4
7454 3
7455 1
7456 1
7457 2
7458 2
7459 2
7460 1
7462 1
7463 2
7464 1
7467 3
7468 2
7469 2
7470 1
7471 3
7472 2
7473 1
7474 1
7475 1
7476 1
7477 4
7478 2
7479 2
7480 1
7481 3
7482 1
7483 1
7484 2
7485 1
7486 1
7487 4
7488 1
7489 2
7492 2
7493 1
7495 1
7496 3
7498 2
7499 2
7501 1
7502 3
7503 1
7506 2
7507 2
7508 3
7510 1
7511 2
7513 1
7515 3
7516 2
7517 1
7519 2
7520 2
7521 1
7523 2
7525 1
7527 3
7528 1
7529 1
7531 1
7532 1
7533 2
7534 3
7535 2
7536 1
7537 1
7538 2
7540 2
7541 1
7542 1
7543 4
7545 1
7546 2
7549 3
7551 1
7553 1
7556 1
7558 2
7559 2
7560 2
7561 2
7562 1
7563 1
7564 1
7565 1
7568 2
7569 1
7573 4
7576 1
7579 3
7580 2
7582 2
7583 1
7586 1
7587 2
7589 1
7591 2
7592 3
7593 2
7594 2
7597 2
7598 3
7599 1
7600 1
7601 1
7602 1
7603 2
7604 1
7607 1
7608 1
7609 1
7610 2
7612 1
7613 3
7614 1
7615 1
7616 1
7617 1
7618 1
7620 2
7621 2
7624 1
7625 1
7627 2
7629 3
7632 1
7633 2
7635 3
7636 2
7637 1
7640 1
7641 1
7644 1
7645 2
7646 2
7647 1
7648 1
7649 1
7650 1
7652 2
7653 1
7654 2
7655 1
7660 1
7661 2
7662 2
7663 2
7665 2
7671 1
7673 1
7674 1
7675 2
7676 2
7677 2
7679 6
7681 2
7682 1
7684 2
7686 1
7687 4
7689 1
7692 3
7694 1
7696 2
7697 2
7699 1
7700 2
7701 2
7702 1
7703 2
7704 4
7705 2
7708 2
7711 2
7713 1
7714 1
7716 1
7717 2
7718 2
7720 2
7721 3
7723 1
7724 3
7727 1
7729 1
7732 1
7733 2
7734 1
7736 1
7737 1
7738 2
7739 3
7740 1
7741 1
7744 1
7745 1
7746 1
7747 3
7748 2
7749 1
7750 2
7752 1
7754 1
7755 1
7756 4
7757 1
7758 2
7759 1
7761 1
7763 2
7764 3
7765 1
7767 1
7769 1
7770 1
7771 1
7772 1
7774 1
7775 2
7777 1
7778 1
7781 2
7782 2
7783 3
7784 1
7785 1
7787 1
7788 1
7790 1
7793 3
7794 1
7795 3
7798 3
7799 2
7801 1
7802 1
7803 1
7804 2
7807 2
7808 2
7809 3
7810 1
7811 2
7814 1
7815 1
7816 1
7821 1
7822 1
7823 1
7824 1
7826 1
7827 2
7828 2
7829 2
7830 1
7832 2
7833 2
7834 1
7835 1
7836 2
7837 3
7839 3
7840 1
7841 2
7842 1
7843 1
7844 1
7847 2
7848 1
7849 1
7850 1
7851 1
7852 2
7853 3
7856 1
7857 1
7859 1
7860 1
7862 1
7867 2
7868 2
7869 1
7872 1
7874 1
7875 1
7876 1
7877 1
7881 1
7883 1
7885 1
7886 2
7887 2
7888 1
7889 1
7890 1
7891 2
7892 2
7893 1
7894 1
7895 1
7897 1
7898 1
7899 1
7901 2
7902 1
7904 1
7905 2
7907 2
7911 2
7912 2
7913 1
7914 3
7915 2
7920 3
7922 1
7923 1
7924 3
7925 2
7926 1
7927 1
7928 1
7929 1
7931 1
7932 1
7933 1
7936 4
7937 1
7939 1
7940 1
7941 3
7942 1
7943 2
7945 2
7947 2
7948 1
7950 2
7951 1
7954 1
7955 2
7959 1
7966 2
7967 2
7968 2
7969 1
7970 3
7971 1
7972 3
7973 2
7974 1
7975 1
7978 2
7980 1
7981 1
7982 1
7986 2
7987 2
7989 1
7991 2
7992 1
7996 1
7997 1
7999 2
8000 3
8002 1
8004 1
8005 1
8007 1
8008 3
8009 2
8010 2
8011 1
8014 2
8015 1
8018 2
8023 1
8024 3
8025 2
8027 3
8029 3
8030 2
8031 3
8035 1
8036 1
8037 1
8038 1
8039 1
8040 3
8041 1
8042 1
8043 1
8044 1
8049 1
8054 1
8055 1
8057 2
8060 1
8061 1
8062 2
8066 1
8067 1
8069 1
8070 1
8071 2
8072 1
8075 1
8076 2
8077 1
8078 1
8079 2
8081 2
8082 1
8084 1
8085 2
8089 1
8091 2
8092 1
8094 1
8098 1
8101 1
8102 4
8103 2
8104 1
8105 1
8106 1
8107 2
8108 1
8109 1
8110 1
8111 1
8113 1
8114 1
8115 2
8116 1
8118 1
8121 1
8124 3
8125 1
8126 2
8130 1
8135 2
8136 2
8137 2
8138 1
8139 1
8142 1
8143 1
8144 3
8145 2
8146 1
8147 3
8148 1
8149 1
8151 2
8152 1
8153 1
8154 2
8155 1
8157 2
8158 2
8159 2
8160 1
8161 3
8162 1
8164 1
8165 2
8167 2
8170 1
8171 2
8173 3
8174 3
8176 2
8177 1
8178 2
8179 3
8180 1
8181 1
8182 2
8183 1
8184 1
8185 1
8186 2
8187 2
8188 5
8189 2
8190 1
8192 1
8193 2
8196 1
8198 1
8199 3
8200 1
8201 1
8203 1
8204 2
8205 1
8206 5
8207 2
8208 1
8210 2
8211 1
8212 3
8213 1
8218 2
8219 1
8220 2
8221 2
8222 2
8227 1
8228 1
8229 2
8230 2
8232 1
8234 1
8235 1
8236 1
8237 4
8238 2
8239 2
8240 2
8243 2
8244 1
8245 1
8248 1
8249 2
8251 1
8252 1
8255 1
8256 1
8258 1
8259 1
8261 1
8262 1
8263 1
8265 1
8266 1
8267 1
8269 3
8270 1
8271 1
8273 2
8277 2
8280 1
8281 3
8282 1
8283 2
8285 1
8288 1
8289 1
8290 1
8291 1
8293 1
8296 3
8297 1
8299 1
8300 2
8301 3
8305 2
8306 1
8308 1
8309 2
8310 1
8311 1
8312 2
8313 1
8316 1
8317 1
8319 1
8324 1
8326 2
8327 1
8329 1
8330 2
8331 1
8332 1
8333 1
8334 2
8335 2
8336 1
8337 3
8338 1
8340 2
8344 1
8345 3
8346 1
8347 1
8348 1
8349 1
8351 3
8352 3
8355 2
8356 1
8358 1
8360 1
8361 1
8366 1
8367 2
8369 1
8371 1
8373 1
8374 1
8376 1
8377 1
8382 1
8384 1
8385 1
8386 2
8387 2
8388 1
8389 1
8392 1
8393 1
8394 1
8398 1
8399 1
8401 1
8403 3
8404 1
8405 1
8407 2
8408 3
8411 3
8412 1
8413 2
8414 1
8419 1
8420 2
8423 1
8424 1
8425 1
8426 3
8429 1
8431 1
8433 1
8434 1
8436 1
8438 1
8439 1
8440 1
8441 2
8445 1
8448 1
8451 1
8452 1
8453 1
8454 1
8456 2
8458 2
8459 1
8460 1
8461 4
8462 1
8463 2
8464 2
8465 1
8466 1
8467 1
8468 1
8469 1
8470 1
8471 1
8472 1
8474 1
8477 1
8478 2
8479 2
8480 1
8481 1
8483 2
8484 1
8485 1
8486 1
8489 2
8490 2
8493 1
8494 3
8495 2
8496 3
8497 1
8503 1
8506 2
8507 1
8511 1
8512 1
8513 1
8515 2
8516 2
8518 1
8519 1
8521 2
8524 2
8530 1
8531 1
8532 1
8535 1
8539 2
8540 1
8541 1
8542 1
8545 2
8547 1
8556 1
8558 1
8559 1
8562 2
8565 3
8566 1
8568 1
8569 1
8570 2
8572 2
8573 1
8574 1
8575 1
8577 1
8579 3
8581 1
8582 1
8584 1
8585 1
8586 3
8588 1
8592 1
8594 1
8595 1
8596 1
8600 1
8603 1
8606 2
8608 2
8609 1
8611 1
8613 1
8618 1
8619 2
8620 2
8623 1
8625 1
8626 2
8630 1
8631 1
8633 1
8634 1
8636 1
8638 1
8643 1
8644 1
8645 1
8646 2
8647 2
8648 1
8650 1
8651 3
8653 2
8654 1
8655 1
8657 1
8658 1
8659 1
8660 2
8661 3
8662 1
8665 1
8669 2
8670 2
8671 3
8672 1
8674 1
8675 1
8677 1
8679 1
8682 1
8683 1
8686 1
8688 1
8692 1
8693 2
8694 1
8698 1
8700 1
8701 1
8702 2
8703 1
8707 1
8709 1
8711 1
8714 1
8718 2
8719 2
8720 2
8724 1
8726 2
8727 1
8733 1
8734 2
8735 2
8738 1
8739 2
8741 2
8745 1
8746 1
8751 1
8752 1
8754 1
8755 2
8757 1
8759 2
8760 2
8761 1
8763 1
8764 1
8765 1
8766 2
8770 1
8771 2
8773 1
8774 1
8777 1
8779 1
8781 2
8782 5
8783 1
8786 1
8787 2
8788 1
8789 1
8793 2
8797 1
8798 1
8802 3
8803 1
8804 1
8806 1
8809 1
8810 1
8812 2
8814 2
8816 1
8818 1
8821 1
8826 2
8830 1
8831 2
8832 1
8833 1
8835 2
8839 1
8840 1
8841 1
8843 1
8844 1
8845 4
8846 1
8847 1
8848 1
8849 1
8853 1
8856 2
8857 1
8858 2
8859 1
8860 1
8864 2
8866 1
8868 2
8879 1
8881 3
8887 1
8888 2
8890 1
8891 1
8894 1
8895 1
8896 1
8897 2
8899 1
8900 3
8902 1
8905 2
8906 1
8908 1
8909 1
8912 2
8915 1
8922 1
8924 1
8927 2
8928 1
8935 1
8937 1
8938 2
8940 1
8943 3
8946 1
8948 1
8949 1
8950 1
8953 1
8955 1
8958 2
8959 1
8960 1
8961 2
8964 1
8970 1
8975 1
8977 1
8979 1
8981 1
8984 1
8986 2
8989 1
8991 1
8992 1
8995 1
8996 1
9000 1
9003 1
9005 1
9006 2
9009 1
9012 1
9013 2
9019 1
9023 1
9026 2
9030 1
9034 1
9037 1
9038 1
9040 1
9043 1
9045 1
9048 1
9049 2
9051 2
9052 1
9054 1
9065 1
9068 1
9071 1
9072 4
9075 1
9079 1
9080 2
9082 1
9084 1
9086 2
9089 1
9090 1
9093 1
9094 1
9096 1
9103 1
9104 1
9105 3
9106 1
9107 1
9108 1
9109 1
9110 1
9111 3
9116 2
9117 1
9118 1
9119 1
9121 1
9122 2
9124 1
9125 2
9126 1
9127 1
9128 1
9129 1
9131 1
9133 2
9135 1
9138 1
9139 1
9142 2
9145 2
9146 1
9148 1
9155 1
9158 1
9159 1
9162 3
9163 1
9164 1
9166 2
9167 1
9168 2
9171 1
9172 2
9173 1
9175 1
9177 1
9180 2
9182 1
9183 1
9184 2
9185 1
9189 1
9191 1
9192 3
9194 2
9196 2
9199 1
9200 1
9201 1
9203 2
9212 1
9214 1
9216 1
9219 1
9220 1
9232 1
9234 1
9237 2
9238 1
9239 1
9242 2
9243 1
9246 1
9247 1
9249 1
9253 1
9260 1
9262 1
9267 1
9270 2
9272 2
9273 1
9274 2
9279 1
9281 2
9286 2
9287 1
9288 1
9295 1
9297 1
9298 2
9301 1
9304 1
9305 2
9311 1
9312 1
9313 1
9314 1
9316 1
9323 1
9325 1
9326 2
9329 1
9330 1
9338 1
9339 1
9341 2
9346 1
9347 2
9351 1
9360 1
9364 1
9367 1
9368 1
9369 1
9371 2
9372 1
9375 1
9385 1
9386 1
9388 1
9390 1
9391 3
9392 1
9394 2
9401 1
9405 1
9407 1
9408 2
9409 1
9413 1
9415 1
9416 1
9418 1
9421 1
9424 2
9425 1
9426 1
9428 1
9433 1
9436 3
9441 1
9442 1
9447 1
9449 1
9450 1
9452 1
9459 3
9460 1
9463 1
9464 1
9465 1
9470 1
9472 1
9473 1
9481 1
9483 1
9489 1
9490 1
9491 1
9497 2
9499 1
9503 1
9504 3
9510 1
9512 1
9514 1
9516 1
9525 2
9526 1
9528 1
9529 1
9532 1
9533 1
9535 1
9538 1
9540 1
9541 3
9543 1
9547 1
9548 1
9549 1
9552 1
9555 1
9561 2
9567 1
9570 1
9572 1
9573 1
9574 1
9575 1
9576 1
9580 1
9583 2
9588 1
9589 1
9590 1
9591 2
9594 1
9601 1
9602 1
9604 1
9607 1
9613 1
9616 2
9617 1
9623 1
9626 1
9628 1
9631 1
9639 1
9642 2
9644 1
9651 1
9653 1
9654 1
9658 1
9659 1
9669 1
9671 1
9672 2
9674 1
9681 2
9682 1
9688 1
9693 1
9694 1
9696 1
9698 1
9699 1
9700 2
9703 1
9705 2
9709 1
9712 1
9714 1
9721 1
9725 2
9729 1
9731 2
9732 1
9736 1
9737 2
9742 1
9743 1
9747 1
9755 1
9757 2
9758 1
9764 1
9770 1
9777 1
9781 2
9782 1
9784 1
9786 1
9788 1
9789 1
9790 1
9792 2
9793 1
9794 1
9795 1
9809 2
9816 1
9817 2
9818 1
9819 1
9822 1
9823 1
9826 1
9828 2
9836 1
9838 1
9841 1
9843 1
9848 1
9851 2
9853 2
9857 1
9858 1
9860 1
9864 1
9867 1
9871 1
9878 1
9880 1
9883 1
9884 1
9898 1
9904 1
9905 1
9910 1
9916 1
9925 1
9926 1
9927 1
9934 1
9937 2
9941 1
9945 1
9951 1
9953 1
9956 1
9964 1
9965 1
9974 1
9977 1
9981 1
9985 1
9988 1
9989 1
9996 1
10001 1
10005 1
10008 1
10009 1
10012 1
10016 1
10021 2
10023 1
10031 1
10034 2
10035 1
10036 1
10042 1
10043 1
10045 1
10046 1
10051 1
10052 1
10054 1
10055 1
10056 1
10058 1
10062 2
10064 1
10065 1
10068 1
10072 1
10073 1
10074 2
10082 1
10083 1
10100 2
10101 2
10111 2
10116 1
10118 1
10119 1
10123 1
10125 1
10128 1
10130 1
10135 1
10136 1
10138 1
10147 1
10148 1
10175 1
10178 1
10181 1
10182 1
10185 1
10188 1
10190 1
10196 2
10198 1
10199 1
10200 2
10203 1
10205 1
10208 2
10209 1
10214 1
10219 1
10221 1
10222 1
10228 1
10231 1
10239 1
10243 1
10244 1
10246 1
10247 1
10252 1
10258 1
10260 1
10262 1
10263 1
10271 1
10272 1
10277 1
10282 1
10283 1
10294 1
10297 1
10298 1
10303 1
10310 2
10315 1
10319 1
10324 1
10326 1
10329 1
10337 1
10342 1
10343 1
10345 1
10347 1
10352 1
10363 1
10366 3
10373 1
10381 1
10386 1
10387 1
10395 2
10397 1
10403 2
10407 1
10408 1
10412 1
10414 1
10426 1
10434 1
10440 1
10443 1
10453 1
10455 1
10457 1
10458 1
10471 2
10473 1
10474 2
10475 1
10477 1
10479 1
10492 1
10505 1
10506 1
10507 1
10511 1
10518 1
10523 1
10524 1
10528 1
10544 1
10556 1
10558 2
10560 1
10565 1
10569 1
10571 1
10573 1
10574 2
10580 1
10582 1
10583 1
10584 1
10591 1
10593 1
10597 1
10599 1
10610 1
10612 1
10613 1
10619 1
10621 2
10624 1
10636 2
10637 1
10646 1
10647 1
10649 2
10651 2
10653 1
10655 1
10656 1
10661 1
10666 1
10669 2
10674 2
10675 1
10676 1
10679 1
10691 1
10692 1
10697 1
10702 1
10704 1
10710 1
10711 1
10722 1
10723 1
10725 1
10726 1
10731 2
10734 2
10742 1
10743 1
10751 1
10764 1
10765 1
10766 1
10768 2
10785 1
10786 1
10788 1
10789 1
10794 1
10801 1
10805 2
10810 1
10814 1
10816 1
10818 1
10832 1
10843 1
10850 1
10854 1
10860 1
10862 1
10866 1
10873 1
10874 1
10895 1
10906 1
10911 1
10919 1
10920 1
10933 1
10935 1
10936 2
10940 1
10941 1
10945 2
10956 1
10960 1
10963 1
10967 1
10969 1
10972 1
10997 1
11005 1
11006 1
11011 1
11013 1
11014 1
11020 1
11033 2
11038 1
11039 1
11040 1
11050 1
11054 1
11059 1
11060 1
11062 2
11063 2
11064 1
11067 2
11072 1
11089 1
11093 2
11109 1
11111 2
11114 1
11115 1
11116 2
11127 1
11138 1
11142 1
11144 1
11147 1
11156 2
11158 1
11159 1
11160 1
11163 1
11166 1
11183 1
11184 1
11188 1
11191 1
11193 1
11197 1
11207 1
11226 1
11229 1
11234 1
11242 1
11245 1
11251 1
11256 1
11277 1
11289 1
11298 1
11302 1
11313 2
11317 1
11318 1
11320 1
11321 1
11323 1
11327 1
11333 1
11337 1
11338 1
11340 1
11345 1
11349 1
11353 1
11367 1
11373 1
11379 1
11382 1
11388 1
11396 1
11398 1
11399 1
11413 3
11423 1
11429 2
11433 1
11437 1
11439 1
11440 1
11441 1
11443 1
11450 1
11454 1
11455 1
11458 1
11459 1
11470 1
11486 1
11490 1
11498 1
11500 1
11517 1
11520 1
11521 1
11529 1
11542 1
11547 1
11554 1
11555 1
11560 1
11566 1
11579 1
11598 1
11604 1
11607 1
11609 1
11622 1
11623 1
11637 1
11638 1
11647 1
11662 1
11663 1
11671 1
11681 1
11683 1
11689 1
11694 1
11698 1
11702 1
11703 1
11704 1
11705 1
11723 1
11726 1
11741 1
11743 1
11748 1
11750 2
11758 1
11769 1
11776 1
11779 1
11787 1
11795 1
11820 2
11823 1
11824 1
11834 1
11846 1
11847 1
11848 1
11856 1
11863 1
11864 1
11872 1
11873 1
11875 1
11913 1
11920 1
11932 1
11946 2
11948 1
11958 2
11960 1
11961 1
11976 1
11977 1
11979 1
11986 1
11996 1
12006 1
12015 1
12018 1
12028 1
12035 1
12040 1
12055 1
12058 1
12063 1
12071 1
12077 1
12085 1
12098 1
12101 1
12125 2
12126 1
12137 1
12139 2
12153 1
12159 1
12163 1
12175 3
12209 1
12216 1
12246 1
12248 1
12249 1
12256 1
12259 1
12297 1
12313 2
12314 1
12316 1
12318 1
12319 1
12322 1
12333 1
12337 1
12348 1
12351 1
12357 1
12362 1
12366 1
12378 1
12381 1
12382 1
12397 1
12401 1
12404 1
12408 1
12420 1
12422 1
12430 1
12432 1
12440 1
12491 1
12519 1
12526 1
12533 1
12534 1
12561 1
12563 1
12570 3
12572 1
12585 1
12591 1
12604 1
12617 1
12635 1
12636 1
12665 2
12674 1
12705 1
12719 1
12721 1
12723 1
12760 1
12775 1
12789 1
12806 1
12837 1
12838 1
12871 1
12880 1
12898 1
12916 1
12928 1
12933 1
12960 1
12962 1
12963 2
12979 1
12983 1
13012 1
13022 1
13025 1
13036 1
13060 1
13068 1
13070 1
13088 1
13096 1
13103 1
13117 1
13132 1
13185 1
13194 1
13198 1
13207 1
13224 1
13243 1
13250 1
13257 1
13273 1
13284 1
13286 1
13291 1
13314 1
13346 1
13347 1
13349 1
13380 1
13384 1
13385 1
13394 1
13410 1
13463 1
13470 1
13473 1
13477 1
13482 1
13491 1
13494 1
13512 1
13514 1
13518 1
13552 1
13593 1
13594 1
13608 1
13610 1
13624 1
13643 1
13644 1
13665 1
13676 1
13695 1
13696 1
13698 1
13730 1
13732 1
13736 1
13751 1
13769 1
13779 1
13821 1
13822 1
13828 1
13883 1
13887 1
13895 1
13947 1
13952 1
14004 1
14032 1
14078 2
14083 1
14162 1
14199 1
14228 1
14247 1
14264 1
14270 1
14274 1
14279 1
14287 1
14288 1
14326 1
14335 1
14337 1
14357 1
14389 1
14407 1
14475 1
14478 1
14486 1
14525 1
14532 1
14540 1
14541 1
14544 1
14563 1
14580 1
14582 1
14583 1
14599 1
14616 1
14639 1
14643 1
14646 1
14651 1
14668 1
14673 1
14682 1
14688 1
14702 1
14752 1
14754 1
14774 1
14776 1
14810 1
14823 1
14838 1
14841 1
14850 2
14923 1
14927 1
14970 1
15015 1
15029 1
15038 1
15105 1
15146 1
15151 1
15183 1
15184 1
15196 1
15200 1
15205 1
15215 1
15240 1
15241 1
15243 1
15292 1
15323 1
15326 1
15358 1
15395 1
15412 1
15425 1
15432 1
15445 1
15532 1
15553 1
15572 1
15584 1
15624 1
15645 1
15664 1
15665 1
15684 1
15695 1
15713 1
15772 1
15800 1
15829 1
15853 1
15870 1
15875 1
15881 1
15888 1
15933 1
16008 1
16022 1
16120 1
16150 1
16183 1
16319 1
16346 1
16396 1
16417 1
16433 1
16451 1
16497 1
16537 1
16554 1
16557 1
16559 1
16650 1
16911 1
16943 1
16948 1
16962 1
17117 1
17165 1
17265 1
17310 1
17343 1
17473 1
17501 1
17510 1
17517 1
17560 1
17579 1
17741 1
17754 1
17814 1
17937 1
17942 1
18068 1
18217 1
18230 1
18371 1
18438 1
18535 1
18640 1
18688 1
18761 1
18765 1
18845 1
18892 1
18925 1
18936 1
19233 1
19313 1
19323 1
19522 1
19595 1
19665 1
19733 1
19837 1
19954 1
20000 1
20121 1
20127 1
20297 1
20913 1
21014 1
21184 1
21186 1
21400 1
21538 1
21664 1
21691 1
21983 1
22930 1
23215 1
23388 1
