-1253 1
-1250 2
-1249 1
-1248 3
-1247 1
-1246 2
-1245 3
-1244 12
-1243 14
-1242 8
-1241 11
-1240 22
-1239 33
-1238 32
-1237 35
-1236 44
-1235 39
-1234 51
-1233 74
-1232 81
-1231 72
-1230 81
-1229 67
-1228 75
-1227 85
-1226 103
-1225 116
-1224 113
-1223 129
-1222 140
-1221 118
-1220 148
-1219 143
-1218 139
-1217 147
-1216 148
-1215 163
-1214 164
-1213 191
-1212 187
-1211 181
-1210 177
-1209 220
-1208 236
-1207 229
-1206 230
-1205 254
-1204 269
-1203 250
-1202 230
-1201 265
-1200 251
-1199 284
-1198 297
-1197 327
-1196 324
-1195 301
-1194 314
-1193 266
-1192 339
-1191 340
-1190 345
-1189 340
-1188 330
-1187 322
-1186 381
-1185 386
-1184 377
-1183 353
-1182 376
-1181 401
-1180 433
-1179 431
-1178 443
-1177 507
-1176 432
-1175 482
-1174 530
-1173 543
-1172 580
-1171 562
-1170 600
-1169 576
-1168 608
-1167 637
-1166 670
-1165 614
-1164 608
-1163 619
-1162 604
-1161 628
-1160 606
-1159 640
-1158 617
-1157 603
-1156 635
-1155 652
-1154 689
-1153 726
-1152 768
-1151 742
-1150 750
-1149 751
-1148 747
-1147 750
-1146 736
-1145 758
-1144 729
-1143 748
-1142 713
-1141 672
-1140 773
-1139 694
-1138 747
-1137 742
-1136 691
-1135 741
-1134 731
-1133 759
-1132 726
-1131 747
-1130 717
-1129 685
-1128 682
-1127 744
-1126 667
-1125 731
-1124 697
-1123 705
-1122 674
-1121 730
-1120 774
-1119 829
-1118 784
-1117 754
-1116 704
-1115 778
-1114 738
-1113 744
-1112 845
-1111 783
-1110 773
-1109 808
-1108 842
-1107 776
-1106 806
-1105 888
-1104 828
-1103 831
-1102 782
-1101 835
-1100 819
-1099 816
-1098 852
-1097 907
-1096 929
-1095 923
-1094 1029
-1093 989
-1092 1070
-1091 1071
-1090 1094
-1089 1158
-1088 1188
-1087 1219
-1086 1163
-1085 1231
-1084 1207
-1083 1172
-1082 1165
-1081 1241
-1080 1280
-1079 1231
-1078 1245
-1077 1288
-1076 1280
-1075 1295
-1074 1273
-1073 1346
-1072 1212
-1071 1252
-1070 1265
-1069 1236
-1068 1209
-1067 1246
-1066 1231
-1065 1236
-1064 1255
-1063 1316
-1062 1341
-1061 1319
-1060 1391
-1059 1374
-1058 1379
-1057 1373
-1056 1444
-1055 1338
-1054 1351
-1053 1389
-1052 1289
-1051 1359
-1050 1394
-1049 1408
-1048 1339
-1047 1414
-1046 1474
-1045 1398
-1044 1464
-1043 1473
-1042 1434
-1041 1466
-1040 1449
-1039 1438
-1038 1475
-1037 1443
-1036 1502
-1035 1509
-1034 1503
-1033 1449
-1032 1406
-1031 1490
-1030 1515
-1029 1534
-1028 1528
-1027 1516
-1026 1451
-1025 1429
-1024 1521
-1023 1494
-1022 1498
-1021 1467
-1020 1574
-1019 1577
-1018 1672
-1017 1571
-1016 1682
-1015 1563
-1014 1666
-1013 1769
-1012 1716
-1011 1726
-1010 1745
-1009 1747
-1008 1857
-1007 1867
-1006 1903
-1005 1855
-1004 1808
-1003 1884
-1002 1967
-1001 1948
-1000 1933
-999 2029
-998 2041
-997 2014
-996 2158
-995 2145
-994 2162
-993 2214
-992 2265
-991 2307
-990 2295
-989 2294
-988 2346
-987 2223
-986 2352
-985 2376
-984 2363
-983 2453
-982 2555
-981 2520
-980 2509
-979 2535
-978 2466
-977 2470
-976 2538
-975 2646
-974 2607
-973 2589
-972 2654
-971 2603
-970 2607
-969 2659
-968 2683
-967 2730
-966 2707
-965 2834
-964 2821
-963 2788
-962 2803
-961 2806
-960 2695
-959 2811
-958 2918
-957 2817
-956 2891
-955 2883
-954 2853
-953 2981
-952 3175
-951 3127
-950 3164
-949 3200
-948 3316
-947 3247
-946 3297
-945 3429
-944 3480
-943 3399
-942 3385
-941 3414
-940 3415
-939 3457
-938 3482
-937 3474
-936 3542
-935 3324
-934 3467
-933 3540
-932 3414
-931 3510
-930 3402
-929 3584
-928 3398
-927 3400
-926 3451
-925 3524
-924 3493
-923 3460
-922 3390
-921 3425
-920 3445
-919 3458
-918 3433
-917 3460
-916 3482
-915 3410
-914 3476
-913 3462
-912 3430
-911 3480
-910 3595
-909 3562
-908 3541
-907 3559
-906 3525
-905 3645
-904 3544
-903 3643
-902 3513
-901 3486
-900 3517
-899 3605
-898 3629
-897 3476
-896 3618
-895 3486
-894 3571
-893 3426
-892 3576
-891 3556
-890 3709
-889 3773
-888 3626
-887 3703
-886 3843
-885 3795
-884 3952
-883 4148
-882 3995
-881 4040
-880 4018
-879 4109
-878 4035
-877 4157
-876 4030
-875 4068
-874 3942
-873 4161
-872 4023
-871 3934
-870 3882
-869 3886
-868 4046
-867 3925
-866 4036
-865 4004
-864 3950
-863 3887
-862 3986
-861 3894
-860 4150
-859 4092
-858 3970
-857 4027
-856 4044
-855 3967
-854 3866
-853 4087
-852 4052
-851 4042
-850 4120
-849 4016
-848 4166
-847 4131
-846 4068
-845 3967
-844 4163
-843 4125
-842 4215
-841 3988
-840 4135
-839 4048
-838 4072
-837 4068
-836 4149
-835 4057
-834 4069
-833 4090
-832 4101
-831 4118
-830 4040
-829 4062
-828 4167
-827 4106
-826 4027
-825 4133
-824 4246
-823 4076
-822 4135
-821 4242
-820 4192
-819 4248
-818 4121
-817 4220
-816 4171
-815 4154
-814 4185
-813 4125
-812 4151
-811 4229
-810 4272
-809 4189
-808 4276
-807 4261
-806 4414
-805 4322
-804 4278
-803 4388
-802 4530
-801 4440
-800 4428
-799 4633
-798 4491
-797 4767
-796 4731
-795 4731
-794 4832
-793 4885
-792 5003
-791 5018
-790 5048
-789 4997
-788 5032
-787 5242
-786 5181
-785 5098
-784 5147
-783 5239
-782 5190
-781 5302
-780 5403
-779 5572
-778 5670
-777 5560
-776 5925
-775 5761
-774 5911
-773 5869
-772 6018
-771 5961
-770 5848
-769 5888
-768 5937
-767 5884
-766 5881
-765 5834
-764 5610
-763 5730
-762 5927
-761 6123
-760 6296
-759 6002
-758 6010
-757 6288
-756 6100
-755 6133
-754 6165
-753 6345
-752 6202
-751 6288
-750 6171
-749 6270
-748 6045
-747 5988
-746 5950
-745 6121
-744 6104
-743 6220
-742 6108
-741 5969
-740 6082
-739 6076
-738 5963
-737 6114
-736 6006
-735 6194
-734 6132
-733 6235
-732 6122
-731 6113
-730 6235
-729 6182
-728 6209
-727 6338
-726 6349
-725 6374
-724 6521
-723 6347
-722 6453
-721 6381
-720 6516
-719 6437
-718 6437
-717 6401
-716 6473
-715 6451
-714 6561
-713 6230
-712 6341
-711 6456
-710 6450
-709 6442
-708 6474
-707 6523
-706 6544
-705 6488
-704 6497
-703 6754
-702 6697
-701 6686
-700 6736
-699 6743
-698 6930
-697 6830
-696 6958
-695 6932
-694 6971
-693 6957
-692 6908
-691 6936
-690 6791
-689 6865
-688 6900
-687 6745
-686 6579
-685 6662
-684 6711
-683 6600
-682 6626
-681 6636
-680 6467
-679 6594
-678 6709
-677 6515
-676 6512
-675 6611
-674 6575
-673 6609
-672 6688
-671 6676
-670 6719
-669 6586
-668 6567
-667 6651
-666 6543
-665 6518
-664 6556
-663 6424
-662 6340
-661 6360
-660 6569
-659 6410
-658 6396
-657 6386
-656 6266
-655 6207
-654 6368
-653 6313
-652 6097
-651 6152
-650 6240
-649 6198
-648 6217
-647 6221
-646 6173
-645 6232
-644 5972
-643 6080
-642 6181
-641 6169
-640 6053
-639 6237
-638 6163
-637 5837
-636 5910
-635 5961
-634 6003
-633 6078
-632 6018
-631 6068
-630 6307
-629 6201
-628 6212
-627 6178
-626 6125
-625 6271
-624 6119
-623 6193
-622 6287
-621 6326
-620 6383
-619 6407
-618 6275
-617 6540
-616 6343
-615 6519
-614 6262
-613 6273
-612 6521
-611 6391
-610 6419
-609 6325
-608 6412
-607 6263
-606 6186
-605 6129
-604 5967
-603 5990
-602 5998
-601 5974
-600 5951
-599 5923
-598 5911
-597 5854
-596 5847
-595 5900
-594 5802
-593 5836
-592 5805
-591 5860
-590 5847
-589 5785
-588 5807
-587 5698
-586 5704
-585 5866
-584 5744
-583 5816
-582 5793
-581 5698
-580 5894
-579 5776
-578 5866
-577 5802
-576 5868
-575 5858
-574 5831
-573 5744
-572 5769
-571 5809
-570 5740
-569 5666
-568 5670
-567 5712
-566 5616
-565 5696
-564 5826
-563 5589
-562 5682
-561 5667
-560 5654
-559 5575
-558 5551
-557 5619
-556 5750
-555 5619
-554 5709
-553 5631
-552 5632
-551 5416
-550 5669
-549 5541
-548 5616
-547 5496
-546 5593
-545 5502
-544 5613
-543 5470
-542 5455
-541 5529
-540 5475
-539 5406
-538 5379
-537 5289
-536 5434
-535 5344
-534 5432
-533 5355
-532 5396
-531 5430
-530 5299
-529 5406
-528 5490
-527 5444
-526 5465
-525 5358
-524 5412
-523 5595
-522 5399
-521 5266
-520 5281
-519 5445
-518 5307
-517 5420
-516 5329
-515 5183
-514 5318
-513 5177
-512 5138
-511 5093
-510 5106
-509 5174
-508 5016
-507 5119
-506 5170
-505 5153
-504 5130
-503 5012
-502 5077
-501 5082
-500 5144
-499 5083
-498 4955
-497 5016
-496 5016
-495 5050
-494 5111
-493 4976
-492 5007
-491 5091
-490 5133
-489 5031
-488 5074
-487 4972
-486 4982
-485 5094
-484 4951
-483 4899
-482 4925
-481 4860
-480 4782
-479 4840
-478 4768
-477 4752
-476 4825
-475 4912
-474 4810
-473 4764
-472 4866
-471 4905
-470 4841
-469 4824
-468 4699
-467 4744
-466 4686
-465 4654
-464 4670
-463 4553
-462 4524
-461 4569
-460 4533
-459 4441
-458 4586
-457 4479
-456 4456
-455 4531
-454 4619
-453 4434
-452 4462
-451 4415
-450 4463
-449 4564
-448 4406
-447 4457
-446 4500
-445 4436
-444 4368
-443 4198
-442 4319
-441 4280
-440 4241
-439 4362
-438 4260
-437 4317
-436 4320
-435 4334
-434 4263
-433 4352
-432 4244
-431 4223
-430 4246
-429 4205
-428 4287
-427 4038
-426 4039
-425 3945
-424 4137
-423 4084
-422 4097
-421 4081
-420 3980
-419 4171
-418 4010
-417 3951
-416 3967
-415 4055
-414 3910
-413 3889
-412 3949
-411 3944
-410 3948
-409 3958
-408 3772
-407 3777
-406 3818
-405 3774
-404 3716
-403 3618
-402 3831
-401 3716
-400 3805
-399 3789
-398 3698
-397 3717
-396 3724
-395 3775
-394 3665
-393 3649
-392 3837
-391 3805
-390 3720
-389 3640
-388 3687
-387 3617
-386 3572
-385 3547
-384 3610
-383 3606
-382 3493
-381 3547
-380 3493
-379 3548
-378 3472
-377 3460
-376 3532
-375 3441
-374 3454
-373 3420
-372 3432
-371 3238
-370 3406
-369 3299
-368 3279
-367 3392
-366 3353
-365 3351
-364 3281
-363 3243
-362 3268
-361 3124
-360 3107
-359 3113
-358 3102
-357 3244
-356 3199
-355 3050
-354 3039
-353 3175
-352 3192
-351 3078
-350 3105
-349 3048
-348 3070
-347 3156
-346 3140
-345 3009
-344 3138
-343 3076
-342 3125
-341 3008
-340 3126
-339 3031
-338 3039
-337 3079
-336 2975
-335 2944
-334 2934
-333 2974
-332 2809
-331 2811
-330 2965
-329 2834
-328 2840
-327 2874
-326 2921
-325 2816
-324 2726
-323 2777
-322 2745
-321 2792
-320 2644
-319 2797
-318 2701
-317 2644
-316 2677
-315 2662
-314 2697
-313 2664
-312 2572
-311 2586
-310 2569
-309 2559
-308 2530
-307 2501
-306 2511
-305 2553
-304 2441
-303 2512
-302 2469
-301 2379
-300 2536
-299 2476
-298 2510
-297 2442
-296 2393
-295 2343
-294 2284
-293 2423
-292 2407
-291 2392
-290 2437
-289 2316
-288 2348
-287 2427
-286 2235
-285 2238
-284 2209
-283 2213
-282 2225
-281 2149
-280 2215
-279 2262
-278 2265
-277 2172
-276 2348
-275 2285
-274 2117
-273 2204
-272 2244
-271 2211
-270 2141
-269 2225
-268 2133
-267 2159
-266 2150
-265 2079
-264 2136
-263 2120
-262 2025
-261 2063
-260 2065
-259 2070
-258 2044
-257 2013
-256 2061
-255 2023
-254 2076
-253 2040
-252 1970
-251 1973
-250 1947
-249 1994
-248 1976
-247 1945
-246 1993
-245 1914
-244 2011
-243 1902
-242 1869
-241 1965
-240 1898
-239 1919
-238 1907
-237 1919
-236 1852
-235 1934
-234 1812
-233 1890
-232 1846
-231 1927
-230 1795
-229 1863
-228 1885
-227 1801
-226 1848
-225 1928
-224 1883
-223 1846
-222 1838
-221 1793
-220 1773
-219 1800
-218 1749
-217 1724
-216 1770
-215 1805
-214 1703
-213 1727
-212 1751
-211 1757
-210 1735
-209 1743
-208 1674
-207 1682
-206 1680
-205 1678
-204 1772
-203 1725
-202 1662
-201 1668
-200 1759
-199 1682
-198 1681
-197 1658
-196 1585
-195 1611
-194 1684
-193 1619
-192 1702
-191 1640
-190 1572
-189 1586
-188 1605
-187 1579
-186 1572
-185 1588
-184 1625
-183 1592
-182 1631
-181 1551
-180 1566
-179 1622
-178 1591
-177 1623
-176 1634
-175 1618
-174 1527
-173 1559
-172 1554
-171 1512
-170 1526
-169 1539
-168 1477
-167 1547
-166 1439
-165 1495
-164 1508
-163 1455
-162 1538
-161 1385
-160 1517
-159 1453
-158 1443
-157 1522
-156 1523
-155 1340
-154 1350
-153 1388
-152 1402
-151 1328
-150 1358
-149 1387
-148 1387
-147 1355
-146 1327
-145 1373
-144 1288
-143 1354
-142 1338
-141 1313
-140 1259
-139 1290
-138 1303
-137 1257
-136 1323
-135 1222
-134 1226
-133 1272
-132 1328
-131 1282
-130 1219
-129 1202
-128 1282
-127 1256
-126 1270
-125 1233
-124 1219
-123 1176
-122 1185
-121 1139
-120 1171
-119 1189
-118 1176
-117 1199
-116 1131
-115 1159
-114 1142
-113 1135
-112 1149
-111 1106
-110 1143
-109 1095
-108 1071
-107 1123
-106 1069
-105 1083
-104 1070
-103 1118
-102 1025
-101 1060
-100 1112
-99 1062
-98 1011
-97 1048
-96 1067
-95 1037
-94 1054
-93 1025
-92 962
-91 1020
-90 1012
-89 982
-88 902
-87 938
-86 1015
-85 935
-84 995
-83 1003
-82 1060
-81 979
-80 947
-79 978
-78 909
-77 962
-76 905
-75 946
-74 860
-73 879
-72 873
-71 928
-70 871
-69 931
-68 813
-67 855
-66 859
-65 897
-64 852
-63 837
-62 856
-61 847
-60 809
-59 852
-58 850
-57 863
-56 807
-55 767
-54 797
-53 827
-52 760
-51 816
-50 811
-49 815
-48 792
-47 752
-46 714
-45 742
-44 742
-43 706
-42 764
-41 734
-40 682
-39 729
-38 733
-37 715
-36 713
-35 745
-34 704
-33 723
-32 658
-31 672
-30 680
-29 665
-28 690
-27 686
-26 682
-25 657
-24 650
-23 674
-22 691
-21 647
-20 642
-19 591
-18 662
-17 598
-16 616
-15 576
-14 604
-13 559
-12 596
-11 567
-10 554
-9 566
-8 620
-7 585
-6 595
-5 550
-4 583
-3 524
-2 544
-1 570
0 564
1 565
2 549
3 548
4 563
5 554
6 541
7 480
8 533
9 511
10 504
11 496
12 497
13 509
14 509
15 527
16 526
17 460
18 458
19 503
20 486
21 472
22 511
23 451
24 461
25 460
26 451
27 460
28 434
29 407
30 422
31 438
32 387
33 410
34 407
35 436
36 476
37 388
38 405
39 410
40 426
41 379
42 417
43 400
44 395
45 382
46 385
47 383
48 390
49 393
50 381
51 351
52 367
53 357
54 348
55 348
56 365
57 359
58 345
59 368
60 358
61 359
62 364
63 381
64 327
65 330
66 341
67 323
68 340
69 354
70 320
71 328
72 325
73 312
74 317
75 319
76 296
77 315
78 300
79 303
80 318
81 302
82 316
83 331
84 298
85 313
86 317
87 274
88 281
89 269
90 272
91 309
92 291
93 279
94 309
95 258
96 268
97 276
98 261
99 231
100 285
101 269
102 265
103 288
104 280
105 252
106 266
107 241
108 248
109 235
110 256
111 213
112 273
113 257
114 253
115 240
116 253
117 252
118 215
119 256
120 251
121 236
122 219
123 226
124 209
125 262
126 220
127 238
128 236
129 212
130 200
131 209
132 223
133 201
134 230
135 214
136 205
137 220
138 219
139 212
140 208
141 231
142 225
143 173
144 176
145 216
146 233
147 195
148 189
149 195
150 179
151 172
152 192
153 180
154 186
155 166
156 187
157 164
158 218
159 179
160 185
161 185
162 180
163 147
164 177
165 187
166 180
167 178
168 180
169 165
170 162
171 150
172 159
173 158
174 184
175 170
176 163
177 177
178 152
179 153
180 174
181 179
182 152
183 146
184 149
185 158
186 157
187 162
188 148
189 136
190 164
191 148
192 132
193 152
194 163
195 146
196 129
197 156
198 139
199 150
200 163
201 132
202 166
203 138
204 141
205 154
206 142
207 143
208 161
209 140
210 131
211 153
212 130
213 145
214 131
215 142
216 134
217 139
218 135
219 122
220 119
221 133
222 138
223 100
224 134
225 139
226 125
227 130
228 122
229 115
230 113
231 95
232 134
233 123
234 130
235 115
236 139
237 114
238 105
239 108
240 116
241 133
242 116
243 132
244 110
245 124
246 104
247 97
248 125
249 113
250 88
251 106
252 102
253 125
254 99
255 108
256 99
257 125
258 98
259 111
260 104
261 102
262 94
263 117
264 113
265 90
266 108
267 125
268 106
269 100
270 111
271 103
272 102
273 119
274 114
275 83
276 106
277 94
278 89
279 93
280 104
281 92
282 82
283 128
284 93
285 89
286 81
287 115
288 93
289 85
290 109
291 97
292 119
293 107
294 119
295 112
296 115
297 109
298 108
299 104
300 117
301 120
302 118
303 109
304 98
305 108
306 103
307 127
308 119
309 102
310 112
311 95
312 80
313 103
314 121
315 97
316 108
317 106
318 83
319 98
320 105
321 106
322 126
323 95
324 81
325 74
326 107
327 101
328 98
329 90
330 81
331 85
332 94
333 98
334 83
335 92
336 88
337 85
338 99
339 71
340 113
341 88
342 81
343 102
344 84
345 94
346 90
347 103
348 94
349 102
350 90
351 84
352 101
353 103
354 83
355 114
356 110
357 99
358 105
359 114
360 95
361 93
362 101
363 101
364 89
365 93
366 88
367 113
368 115
369 96
370 102
371 101
372 97
373 100
374 94
375 111
376 99
377 110
378 103
379 106
380 108
381 85
382 109
383 97
384 112
385 149
386 107
387 95
388 86
389 89
390 105
391 107
392 99
393 118
394 116
395 86
396 106
397 127
398 106
399 106
400 117
401 112
402 121
403 104
404 115
405 103
406 132
407 130
408 120
409 115
410 109
411 110
412 116
413 118
414 119
415 134
416 126
417 117
418 122
419 105
420 128
421 137
422 134
423 127
424 109
425 130
426 123
427 118
428 129
429 147
430 136
431 119
432 128
433 128
434 127
435 143
436 130
437 118
438 140
439 141
440 147
441 133
442 140
443 127
444 131
445 142
446 139
447 144
448 103
449 127
450 108
451 127
452 132
453 109
454 138
455 128
456 146
457 131
458 150
459 128
460 133
461 128
462 122
463 140
464 125
465 117
466 113
467 130
468 123
469 129
470 145
471 157
472 129
473 138
474 126
475 127
476 106
477 126
478 122
479 148
480 139
481 121
482 133
483 120
484 118
485 136
486 114
487 126
488 131
489 130
490 124
491 132
492 126
493 115
494 116
495 130
496 117
497 104
498 118
499 112
500 120
501 120
502 136
503 104
504 116
505 112
506 109
507 112
508 115
509 113
510 109
511 125
512 117
513 117
514 112
515 111
516 122
517 106
518 121
519 104
520 109
521 107
522 132
523 112
524 111
525 114
526 141
527 108
528 100
529 103
530 131
531 94
532 117
533 104
534 89
535 99
536 112
537 95
538 108
539 105
540 104
541 98
542 101
543 105
544 94
545 99
546 127
547 99
548 101
549 117
550 120
551 108
552 105
553 96
554 110
555 108
556 120
557 109
558 112
559 96
560 107
561 97
562 100
563 87
564 102
565 87
566 81
567 110
568 94
569 96
570 100
571 94
572 102
573 108
574 114
575 100
576 120
577 87
578 106
579 88
580 101
581 97
582 83
583 77
584 93
585 92
586 96
587 97
588 98
589 102
590 84
591 99
592 97
593 92
594 83
595 110
596 87
597 107
598 91
599 88
600 83
601 94
602 98
603 90
604 91
605 86
606 97
607 105
608 102
609 89
610 100
611 93
612 85
613 90
614 86
615 100
616 75
617 92
618 99
619 91
620 90
621 97
622 92
623 79
624 95
625 86
626 88
627 81
628 88
629 108
630 88
631 90
632 84
633 91
634 83
635 83
636 83
637 63
638 96
639 95
640 100
641 81
642 86
643 94
644 89
645 82
646 101
647 66
648 79
649 98
650 79
651 107
652 90
653 92
654 63
655 83
656 88
657 81
658 67
659 90
660 88
661 85
662 93
663 80
664 88
665 91
666 62
667 91
668 77
669 76
670 88
671 73
672 63
673 78
674 85
675 71
676 79
677 67
678 76
679 74
680 73
681 64
682 76
683 66
684 58
685 70
686 62
687 67
688 66
689 72
690 60
691 76
692 69
693 50
694 54
695 83
696 70
697 66
698 76
699 70
700 83
701 76
702 69
703 60
704 72
705 65
706 65
707 72
708 72
709 74
710 64
711 58
712 59
713 54
714 67
715 53
716 74
717 52
718 61
719 67
720 66
721 84
722 46
723 59
724 63
725 82
726 63
727 50
728 59
729 79
730 59
731 59
732 44
733 59
734 49
735 64
736 58
737 56
738 47
739 72
740 65
741 70
742 66
743 68
744 60
745 46
746 58
747 54
748 50
749 57
750 47
751 43
752 48
753 40
754 57
755 50
756 59
757 50
758 60
759 63
760 39
761 49
762 40
763 60
764 47
765 61
766 46
767 54
768 48
769 47
770 53
771 44
772 60
773 47
774 35
775 63
776 46
777 47
778 60
779 35
780 40
781 35
782 55
783 41
784 45
785 47
786 49
787 56
788 57
789 40
790 49
791 46
792 43
793 34
794 44
795 48
796 44
797 37
798 55
799 43
800 42
801 56
802 34
803 40
804 49
805 28
806 31
807 43
808 42
809 40
810 49
811 33
812 38
813 45
814 45
815 38
816 40
817 41
818 31
819 33
820 44
821 38
822 39
823 40
824 36
825 48
826 41
827 34
828 35
829 41
830 37
831 31
832 27
833 38
834 40
835 44
836 39
837 35
838 36
839 33
840 25
841 32
842 39
843 35
844 30
845 28
846 37
847 38
848 37
849 27
850 37
851 31
852 36
853 27
854 27
855 31
856 35
857 27
858 34
859 37
860 24
861 31
862 28
863 30
864 22
865 34
866 33
867 16
868 24
869 28
870 36
871 24
872 30
873 35
874 31
875 33
876 27
877 28
878 30
879 21
880 26
881 24
882 24
883 26
884 28
885 28
886 19
887 40
888 24
889 30
890 24
891 23
892 37
893 35
894 24
895 24
896 21
897 23
898 20
899 26
900 18
901 23
902 14
903 33
904 26
905 23
906 22
907 25
908 19
909 21
910 20
911 28
912 24
913 21
914 17
915 18
916 28
917 25
918 18
919 22
920 22
921 22
922 16
923 29
924 22
925 18
926 17
927 13
928 19
929 20
930 13
931 20
932 16
933 14
934 20
935 20
936 22
937 15
938 20
939 21
940 21
941 14
942 14
943 17
944 16
945 18
946 16
947 20
948 16
949 17
950 18
951 17
952 16
953 24
954 11
955 14
956 10
957 26
958 12
959 11
960 16
961 12
962 18
963 15
964 21
965 18
966 10
967 12
968 12
969 16
970 14
971 18
972 14
973 11
974 12
975 18
976 16
977 13
978 13
979 19
980 21
981 15
982 14
983 11
984 15
985 15
986 15
987 14
988 11
989 13
990 23
991 8
992 10
993 13
994 10
995 10
996 26
997 11
998 6
999 19
1000 14
1001 19
1002 14
1003 17
1004 6
1005 17
1006 14
1007 13
1008 20
1009 11
1010 15
1011 7
1012 13
1013 13
1014 12
1015 15
1016 11
1017 10
1018 13
1019 11
1020 16
1021 4
1022 15
1023 15
1024 9
1025 12
1026 14
1027 7
1028 16
1029 15
1030 13
1031 14
1032 3
1033 13
1034 12
1035 7
1036 12
1037 11
1038 20
1039 6
1040 14
1041 8
1042 9
1043 13
1044 5
1045 14
1046 13
1047 5
1048 13
1049 8
1050 7
1051 8
1052 8
1053 5
1054 10
1055 8
1056 7
1057 5
1058 5
1059 14
1060 10
1061 12
1062 7
1063 13
1064 13
1065 9
1066 9
1067 13
1068 7
1069 11
1070 11
1071 6
1072 8
1073 8
1074 8
1075 7
1076 9
1077 5
1078 10
1079 6
1080 10
1081 10
1082 6
1083 5
1084 5
1085 4
1086 8
1087 6
1088 10
1089 7
1090 5
1091 6
1092 3
1093 7
1094 4
1095 7
1096 3
1097 5
1098 5
1099 10
1100 5
1101 3
1102 8
1103 5
1104 5
1105 6
1106 3
1107 5
1108 10
1109 3
1110 6
1111 3
1112 7
1113 6
1114 4
1115 8
1116 3
1117 6
1118 5
1119 4
1120 12
1121 5
1122 3
1123 7
1124 4
1125 3
1126 8
1127 9
1128 5
1129 4
1130 7
1131 7
1132 3
1133 7
1134 6
1135 6
1136 4
1137 5
1138 6
1139 6
1140 1
1141 8
1142 3
1143 4
1144 3
1145 4
1146 9
1147 5
1148 7
1149 4
1150 5
1151 3
1152 7
1153 8
1154 2
1155 2
1156 7
1157 4
1158 4
1159 5
1160 7
1161 2
1162 2
1163 5
1164 5
1165 6
1166 3
1167 3
1168 2
1169 1
1170 1
1171 5
1172 3
1173 2
1174 1
1175 3
1176 5
1177 1
1178 2
1179 3
1180 2
1181 6
1182 5
1183 1
1184 2
1185 3
1186 6
1187 4
1188 3
1189 5
1190 2
1191 3
1192 2
1193 1
1194 5
1195 8
1196 3
1197 4
1198 1
1199 8
1200 2
1201 1
1202 2
1203 2
1204 4
1205 3
1206 5
1207 2
1208 6
1209 2
1210 2
1211 1
1212 2
1213 2
1214 2
1215 2
1216 1
1217 2
1218 1
1219 1
1220 2
1221 1
1222 2
1223 3
1224 4
1225 1
1226 1
1227 2
1228 4
1229 2
1231 4
1233 5
1235 1
1236 2
1237 2
1239 2
1240 2
1242 2
1243 1
1244 2
1246 2
1247 1
1249 1
1250 2
1251 2
1254 1
1255 3
1256 4
1260 2
1262 1
1264 2
1265 2
1268 1
1269 1
1271 1
1272 2
1273 2
1274 5
1275 2
1276 1
1278 1
1279 1
1280 1
1281 1
1285 1
1286 1
1287 2
1288 2
1289 2
1292 1
1293 1
1294 2
1295 1
1296 2
1297 3
1299 1
1302 1
1303 1
1304 1
1305 1
1306 1
1307 3
1308 3
1310 1
1311 1
1312 1
1313 1
1314 1
1315 1
1316 1
1318 2
1319 2
1321 1
1322 1
1323 1
1324 1
1328 1
1329 2
1330 2
1333 1
1335 1
1340 2
1342 1
1348 1
1350 1
1351 1
1353 1
1356 1
1357 1
1358 1
1361 1
1362 1
1363 3
1366 1
1368 1
1374 1
1376 1
1383 1
1390 1
1401 1
1404 1
1406 1
1415 1
1424 1
1429 1
1431 1
1435 1
1449 1
1451 1
1469 1
1484 1
