56 6
57 54
58 299
59 595
60 931
61 1181
62 1552
63 1854
64 2132
65 2354
66 2721
67 3343
68 3932
69 3875
70 4170
71 4559
72 4429
73 4311
74 4249
75 4069
76 4343
77 4338
78 4478
79 4545
80 4867
81 5725
82 6326
83 6377
84 6611
85 6406
86 6286
87 6748
88 6826
89 6667
90 6850
91 6926
92 6996
93 6907
94 6881
95 6828
96 7353
97 7496
98 7987
99 8241
100 8580
101 9074
102 9695
103 9760
104 10238
105 10313
106 10611
107 10671
108 10995
109 11192
110 11098
111 11288
112 12191
113 12741
114 13010
115 13028
116 12902
117 12904
118 12744
119 12695
120 12386
121 12436
122 12264
123 12475
124 12449
125 12397
126 12247
127 12125
128 11931
129 12393
130 12672
131 13370
132 13350
133 13298
134 13067
135 12576
136 12816
137 12519
138 12713
139 12522
140 12356
141 12482
142 12595
143 12355
144 12446
145 12154
146 12178
147 12089
148 11993
149 11911
150 12026
151 12064
152 11919
153 11906
154 11668
155 11941
156 12005
157 11951
158 12286
159 12431
160 12883
161 13164
162 13460
163 13649
164 13625
165 13712
166 14234
167 14763
168 15103
169 15344
170 14997
171 14979
172 14449
173 14942
174 15311
175 15242
176 15286
177 15361
178 15135
179 14538
180 14696
181 14735
182 14465
183 14289
184 14440
185 14469
186 14448
187 14331
188 14797
189 14835
190 14615
191 14686
192 14561
193 14613
194 14121
195 14337
196 14379
197 14407
198 14557
199 14628
200 14692
201 14895
202 15044
203 14780
204 14566
205 14589
206 14005
207 14014
208 13888
209 13592
210 13615
211 13507
212 13518
213 13574
214 13521
215 13314
216 13193
217 12989
218 12633
219 12848
220 12645
221 12247
222 12477
223 11905
224 12091
225 11931
226 11954
227 11614
228 11680
229 11595
230 11642
231 11034
232 11205
233 11255
234 11414
235 11561
236 11290
237 11381
238 11263
239 11425
240 11529
241 11545
242 11540
243 11363
244 11341
245 11300
246 11338
247 11090
248 10829
249 10372
250 10456
251 10306
252 10183
253 10027
254 10115
255 9911
256 9894
257 9797
258 9810
259 9545
260 9721
261 9623
262 9479
263 9650
264 9616
265 9558
266 9624
267 9394
268 9274
269 9320
270 9039
271 9178
272 9004
273 9188
274 8968
275 8950
276 8773
277 8788
278 8883
279 8821
280 8756
281 8500
282 8677
283 8545
284 8410
285 8502
286 8443
287 8244
288 8312
289 8174
290 7994
291 8023
292 7950
293 7995
294 8052
295 7829
296 7993
297 7961
298 7929
299 7828
300 8006
301 7673
302 7626
303 7729
304 7723
305 7521
306 7444
307 7386
308 7158
309 7184
310 7187
311 7073
312 7232
313 7132
314 6927
315 6964
316 7054
317 6899
318 6866
319 6835
320 6837
321 6808
322 6793
323 6825
324 6840
325 6760
326 6628
327 6699
328 6587
329 6518
330 6400
331 6288
332 6318
333 6196
334 6285
335 6301
336 6192
337 6234
338 6279
339 6220
340 6073
341 6039
342 5958
343 5931
344 5804
345 5657
346 5718
347 5620
348 5667
349 5618
350 5544
351 5629
352 5585
353 5485
354 5427
355 5436
356 5519
357 5386
358 5480
359 5333
360 5229
361 5154
362 5135
363 5047
364 5224
365 5016
366 5188
367 5119
368 5045
369 5053
370 5060
371 4895
372 4956
373 4955
374 4715
375 4666
376 4655
377 4757
378 4716
379 4620
380 4595
381 4711
382 4615
383 4402
384 4525
385 4525
386 4371
387 4413
388 4439
389 4396
390 4390
391 4187
392 4197
393 4205
394 4095
395 4028
396 4162
397 4043
398 4163
399 4132
400 3993
401 4055
402 4031
403 4038
404 3932
405 4003
406 4089
407 4019
408 3847
409 3927
410 3840
411 3816
412 3738
413 3787
414 3780
415 3670
416 3689
417 3630
418 3659
419 3644
420 3565
421 3640
422 3552
423 3506
424 3470
425 3454
426 3355
427 3464
428 3336
429 3343
430 3430
431 3411
432 3282
433 3246
434 3278
435 3220
436 3083
437 3091
438 3101
439 3078
440 3243
441 3052
442 3010
443 2984
444 3178
445 3048
446 3044
447 3010
448 2946
449 2967
450 3091
451 2969
452 2894
453 2993
454 2955
455 2982
456 2834
457 3018
458 2870
459 2853
460 2937
461 2813
462 2771
463 2786
464 2723
465 2724
466 2639
467 2597
468 2786
469 2603
470 2629
471 2647
472 2667
473 2624
474 2514
475 2465
476 2590
477 2537
478 2462
479 2434
480 2506
481 2404
482 2397
483 2430
484 2347
485 2450
486 2401
487 2312
488 2305
489 2272
490 2294
491 2244
492 2226
493 2261
494 2160
495 2252
496 2192
497 2118
498 2166
499 2173
500 2039
501 2214
502 2124
503 2173
504 2130
505 2087
506 2057
507 1994
508 1971
509 2038
510 2070
511 2040
512 2041
513 2068
514 1968
515 1937
516 2048
517 1968
518 1856
519 1868
520 1850
521 1865
522 1788
523 1866
524 1777
525 1846
526 1867
527 1842
528 1849
529 1835
530 1933
531 1844
532 1745
533 1771
534 1824
535 1770
536 1801
537 1709
538 1792
539 1784
540 1730
541 1684
542 1762
543 1645
544 1682
545 1724
546 1699
547 1583
548 1611
549 1685
550 1575
551 1655
552 1645
553 1552
554 1605
555 1586
556 1584
557 1624
558 1586
559 1563
560 1537
561 1539
562 1515
563 1484
564 1559
565 1514
566 1479
567 1496
568 1518
569 1474
570 1532
571 1478
572 1392
573 1458
574 1500
575 1440
576 1416
577 1466
578 1443
579 1365
580 1484
581 1372
582 1419
583 1377
584 1396
585 1401
586 1385
587 1417
588 1400
589 1288
590 1385
591 1365
592 1359
593 1343
594 1336
595 1372
596 1383
597 1424
598 1303
599 1343
600 1336
601 1296
602 1267
603 1289
604 1296
605 1276
606 1245
607 1237
608 1239
609 1318
610 1239
611 1213
612 1201
613 1243
614 1243
615 1235
616 1241
617 1207
618 1222
619 1164
620 1188
621 1210
622 1186
623 1156
624 1167
625 1236
626 1213
627 1189
628 1121
629 1174
630 1172
631 1203
632 1149
633 1152
634 1169
635 1148
636 1100
637 1081
638 1057
639 1124
640 1163
641 1085
642 1175
643 1120
644 1126
645 1085
646 1022
647 1069
648 1069
649 1092
650 1015
651 1084
652 1033
653 1079
654 1030
655 1085
656 1031
657 1095
658 1074
659 1051
660 966
661 1060
662 1052
663 1028
664 1078
665 1053
666 1053
667 1084
668 1084
669 1017
670 962
671 1027
672 972
673 1020
674 962
675 982
676 999
677 959
678 993
679 965
680 973
681 976
682 906
683 930
684 966
685 961
686 927
687 915
688 969
689 952
690 909
691 883
692 950
693 900
694 930
695 884
696 951
697 922
698 961
699 903
700 828
701 830
702 850
703 876
704 813
705 879
706 823
707 814
708 839
709 879
710 820
711 834
712 851
713 825
714 788
715 841
716 811
717 825
718 773
719 812
720 814
721 824
722 744
723 807
724 798
725 726
726 780
727 775
728 764
729 740
730 800
731 770
732 727
733 748
734 719
735 731
736 729
737 754
738 803
739 780
740 738
741 726
742 722
743 708
744 689
745 765
746 763
747 705
748 764
749 696
750 710
751 696
752 717
753 678
754 661
755 668
756 704
757 654
758 668
759 667
760 690
761 656
762 672
763 667
764 703
765 622
766 659
767 677
768 638
769 663
770 610
771 640
772 644
773 663
774 610
775 625
776 620
777 617
778 644
779 616
780 580
781 620
782 623
783 617
784 562
785 605
786 600
787 594
788 616
789 599
790 595
791 554
792 572
793 599
794 579
795 615
796 603
797 551
798 526
799 579
800 559
801 571
802 585
803 557
804 576
805 562
806 545
807 576
808 534
809 530
810 509
811 557
812 562
813 519
814 509
815 539
816 481
817 491
818 503
819 488
820 563
821 511
822 512
823 498
824 498
825 559
826 527
827 538
828 549
829 495
830 515
831 502
832 507
833 487
834 528
835 485
836 479
837 490
838 505
839 467
840 473
841 506
842 459
843 451
844 449
845 449
846 428
847 448
848 473
849 452
850 513
851 435
852 452
853 461
854 438
855 395
856 428
857 426
858 453
859 437
860 446
861 474
862 439
863 416
864 399
865 423
866 456
867 411
868 431
869 437
870 400
871 390
872 427
873 411
874 421
875 439
876 420
877 424
878 414
879 418
880 360
881 375
882 394
883 406
884 394
885 406
886 388
887 375
888 369
889 410
890 404
891 406
892 368
893 390
894 405
895 373
896 394
897 356
898 374
899 346
900 345
901 369
902 353
903 360
904 355
905 319
906 353
907 358
908 358
909 348
910 358
911 333
912 335
913 344
914 343
915 328
916 344
917 348
918 357
919 327
920 355
921 320
922 360
923 341
924 325
925 343
926 338
927 335
928 303
929 313
930 325
931 290
932 325
933 308
934 343
935 286
936 319
937 286
938 345
939 324
940 318
941 318
942 318
943 307
944 296
945 299
946 289
947 303
948 288
949 342
950 301
951 316
952 299
953 297
954 298
955 305
956 284
957 268
958 271
959 297
960 298
961 257
962 289
963 272
964 279
965 263
966 276
967 250
968 265
969 277
970 247
971 244
972 252
973 271
974 268
975 243
976 260
977 254
978 235
979 246
980 251
981 301
982 270
983 242
984 267
985 248
986 273
987 255
988 257
989 221
990 276
991 243
992 248
993 223
994 220
995 250
996 227
997 263
998 228
999 268
1000 242
1001 244
1002 241
1003 241
1004 217
1005 250
1006 263
1007 232
1008 247
1009 236
1010 224
1011 245
1012 230
1013 242
1014 224
1015 232
1016 191
1017 210
1018 236
1019 222
1020 228
1021 222
1022 192
1023 223
1024 215
1025 202
1026 217
1027 228
1028 194
1029 216
1030 223
1031 194
1032 212
1033 209
1034 240
1035 218
1036 218
1037 209
1038 224
1039 205
1040 182
1041 205
1042 191
1043 184
1044 220
1045 194
1046 213
1047 181
1048 221
1049 191
1050 195
1051 205
1052 218
1053 191
1054 185
1055 190
1056 190
1057 194
1058 194
1059 169
1060 204
1061 178
1062 187
1063 183
1064 192
1065 180
1066 175
1067 193
1068 156
1069 169
1070 167
1071 158
1072 176
1073 178
1074 186
1075 167
1076 149
1077 148
1078 184
1079 150
1080 173
1081 172
1082 166
1083 168
1084 160
1085 192
1086 192
1087 188
1088 165
1089 160
1090 158
1091 156
1092 152
1093 186
1094 153
1095 147
1096 161
1097 174
1098 165
1099 154
1100 153
1101 156
1102 157
1103 169
1104 159
1105 153
1106 158
1107 159
1108 134
1109 155
1110 161
1111 138
1112 163
1113 144
1114 148
1115 157
1116 153
1117 156
1118 136
1119 153
1120 170
1121 128
1122 156
1123 141
1124 138
1125 144
1126 120
1127 155
1128 140
1129 134
1130 135
1131 133
1132 130
1133 139
1134 127
1135 130
1136 148
1137 138
1138 153
1139 114
1140 150
1141 131
1142 151
1143 126
1144 128
1145 132
1146 142
1147 116
1148 131
1149 161
1150 152
1151 134
1152 120
1153 126
1154 142
1155 150
1156 144
1157 139
1158 126
1159 117
1160 123
1161 122
1162 128
1163 127
1164 139
1165 114
1166 142
1167 107
1168 93
1169 136
1170 136
1171 121
1172 142
1173 130
1174 118
1175 121
1176 119
1177 118
1178 121
1179 126
1180 117
1181 115
1182 128
1183 105
1184 108
1185 122
1186 116
1187 113
1188 110
1189 123
1190 114
1191 95
1192 124
1193 118
1194 123
1195 99
1196 127
1197 96
1198 97
1199 109
1200 115
1201 104
1202 134
1203 110
1204 105
1205 120
1206 103
1207 106
1208 110
1209 119
1210 109
1211 140
1212 116
1213 85
1214 122
1215 101
1216 128
1217 106
1218 105
1219 127
1220 100
1221 109
1222 99
1223 75
1224 99
1225 108
1226 97
1227 106
1228 84
1229 111
1230 84
1231 98
1232 117
1233 110
1234 98
1235 112
1236 97
1237 92
1238 100
1239 91
1240 107
1241 120
1242 106
1243 102
1244 86
1245 86
1246 94
1247 92
1248 98
1249 92
1250 93
1251 94
1252 112
1253 66
1254 100
1255 71
1256 76
1257 89
1258 100
1259 93
1260 103
1261 90
1262 100
1263 84
1264 93
1265 99
1266 86
1267 97
1268 112
1269 82
1270 91
1271 115
1272 77
1273 84
1274 87
1275 86
1276 106
1277 89
1278 79
1279 78
1280 85
1281 84
1282 81
1283 83
1284 77
1285 79
1286 91
1287 89
1288 85
1289 79
1290 79
1291 68
1292 69
1293 89
1294 95
1295 87
1296 80
1297 84
1298 95
1299 82
1300 77
1301 97
1302 76
1303 90
1304 70
1305 98
1306 77
1307 81
1308 108
1309 61
1310 81
1311 72
1312 75
1313 76
1314 82
1315 80
1316 84
1317 73
1318 93
1319 80
1320 79
1321 84
1322 69
1323 76
1324 72
1325 79
1326 65
1327 75
1328 73
1329 63
1330 68
1331 68
1332 72
1333 85
1334 89
1335 87
1336 70
1337 78
1338 75
1339 71
1340 88
1341 70
1342 75
1343 76
1344 84
1345 75
1346 59
1347 61
1348 62
1349 63
1350 68
1351 70
1352 64
1353 71
1354 70
1355 57
1356 85
1357 55
1358 81
1359 52
1360 69
1361 80
1362 76
1363 64
1364 73
1365 67
1366 67
1367 62
1368 72
1369 66
1370 73
1371 61
1372 73
1373 70
1374 83
1375 55
1376 59
1377 73
1378 70
1379 72
1380 62
1381 69
1382 53
1383 75
1384 80
1385 67
1386 72
1387 62
1388 76
1389 45
1390 63
1391 56
1392 54
1393 49
1394 61
1395 61
1396 65
1397 75
1398 71
1399 63
1400 77
1401 66
1402 57
1403 57
1404 70
1405 69
1406 44
1407 62
1408 60
1409 60
1410 59
1411 59
1412 54
1413 55
1414 57
1415 55
1416 54
1417 46
1418 61
1419 50
1420 65
1421 53
1422 51
1423 57
1424 66
1425 50
1426 49
1427 69
1428 65
1429 48
1430 37
1431 58
1432 56
1433 54
1434 44
1435 50
1436 56
1437 63
1438 73
1439 53
1440 65
1441 58
1442 51
1443 50
1444 64
1445 61
1446 43
1447 60
1448 54
1449 53
1450 56
1451 46
1452 58
1453 55
1454 52
1455 47
1456 45
1457 43
1458 46
1459 48
1460 60
1461 58
1462 54
1463 56
1464 50
1465 44
1466 54
1467 65
1468 61
1469 50
1470 47
1471 52
1472 55
1473 57
1474 50
1475 42
1476 54
1477 44
1478 49
1479 52
1480 42
1481 44
1482 44
1483 47
1484 49
1485 44
1486 38
1487 49
1488 46
1489 48
1490 44
1491 48
1492 53
1493 59
1494 53
1495 51
1496 38
1497 53
1498 56
1499 50
1500 44
1501 45
1502 60
1503 49
1504 53
1505 43
1506 43
1507 39
1508 43
1509 42
1510 47
1511 47
1512 51
1513 49
1514 47
1515 48
1516 61
1517 54
1518 40
1519 46
1520 38
1521 41
1522 54
1523 47
1524 35
1525 32
1526 56
1527 48
1528 33
1529 38
1530 50
1531 37
1532 46
1533 49
1534 43
1535 40
1536 47
1537 37
1538 60
1539 50
1540 39
1541 44
1542 34
1543 45
1544 32
1545 38
1546 40
1547 43
1548 45
1549 49
1550 44
1551 55
1552 44
1553 36
1554 27
1555 40
1556 39
1557 35
1558 51
1559 36
1560 47
1561 39
1562 53
1563 43
1564 49
1565 38
1566 36
1567 45
1568 33
1569 38
1570 38
1571 35
1572 36
1573 41
1574 41
1575 45
1576 44
1577 42
1578 30
1579 39
1580 45
1581 49
1582 37
1583 38
1584 45
1585 49
1586 37
1587 32
1588 39
1589 36
1590 43
1591 42
1592 47
1593 52
1594 33
1595 34
1596 37
1597 38
1598 37
1599 36
1600 45
1601 44
1602 45
1603 33
1604 46
1605 36
1606 35
1607 47
1608 37
1609 39
1610 48
1611 38
1612 28
1613 56
1614 39
1615 33
1616 45
1617 37
1618 35
1619 39
1620 41
1621 30
1622 36
1623 32
1624 50
1625 35
1626 38
1627 43
1628 38
1629 31
1630 37
1631 34
1632 38
1633 46
1634 31
1635 33
1636 36
1637 36
1638 32
1639 37
1640 41
1641 38
1642 37
1643 42
1644 35
1645 39
1646 26
1647 36
1648 39
1649 37
1650 37
1651 32
1652 40
1653 36
1654 24
1655 29
1656 43
1657 29
1658 25
1659 37
1660 32
1661 30
1662 32
1663 36
1664 42
1665 33
1666 28
1667 35
1668 35
1669 40
1670 24
1671 27
1672 20
1673 33
1674 40
1675 33
1676 40
1677 29
1678 34
1679 32
1680 39
1681 37
1682 30
1683 32
1684 34
1685 31
1686 34
1687 38
1688 31
1689 32
1690 36
1691 29
1692 30
1693 25
1694 32
1695 32
1696 26
1697 34
1698 32
1699 26
1700 26
1701 26
1702 27
1703 25
1704 22
1705 23
1706 34
1707 39
1708 35
1709 30
1710 33
1711 33
1712 31
1713 35
1714 31
1715 37
1716 27
1717 29
1718 34
1719 23
1720 43
1721 23
1722 32
1723 39
1724 34
1725 28
1726 22
1727 30
1728 38
1729 27
1730 19
1731 29
1732 24
1733 20
1734 34
1735 33
1736 22
1737 30
1738 27
1739 31
1740 32
1741 37
1742 39
1743 22
1744 31
1745 28
1746 25
1747 29
1748 34
1749 34
1750 36
1751 33
1752 25
1753 27
1754 30
1755 30
1756 25
1757 31
1758 27
1759 32
1760 32
1761 27
1762 31
1763 18
1764 26
1765 21
1766 18
1767 31
1768 27
1769 38
1770 29
1771 32
1772 24
1773 30
1774 27
1775 25
1776 25
1777 18
1778 21
1779 19
1780 27
1781 31
1782 30
1783 21
1784 23
1785 33
1786 21
1787 28
1788 20
1789 33
1790 36
1791 21
1792 29
1793 30
1794 20
1795 16
1796 28
1797 32
1798 23
1799 34
1800 25
1801 19
1802 29
1803 27
1804 17
1805 19
1806 21
1807 38
1808 31
1809 32
1810 25
1811 20
1812 25
1813 26
1814 24
1815 27
1816 33
1817 24
1818 22
1819 25
1820 26
1821 23
1822 29
1823 19
1824 21
1825 27
1826 25
1827 20
1828 20
1829 28
1830 29
1831 29
1832 25
1833 24
1834 27
1835 26
1836 25
1837 29
1838 29
1839 23
1840 22
1841 20
1842 19
1843 28
1844 21
1845 29
1846 25
1847 23
1848 30
1849 31
1850 31
1851 26
1852 17
1853 23
1854 35
1855 26
1856 19
1857 22
1858 24
1859 27
1860 27
1861 33
1862 26
1863 23
1864 19
1865 20
1866 34
1867 22
1868 21
1869 19
1870 19
1871 21
1872 32
1873 28
1874 26
1875 31
1876 32
1877 23
1878 21
1879 28
1880 25
1881 31
1882 13
1883 23
1884 15
1885 22
1886 26
1887 26
1888 19
1889 26
1890 28
1891 18
1892 15
1893 32
1894 18
1895 26
1896 15
1897 27
1898 21
1899 16
1900 27
1901 11
1902 22
1903 20
1904 26
1905 27
1906 22
1907 26
1908 17
1909 23
1910 28
1911 21
1912 10
1913 14
1914 19
1915 20
1916 24
1917 22
1918 38
1919 27
1920 22
1921 29
1922 19
1923 24
1924 19
1925 21
1926 15
1927 26
1928 20
1929 22
1930 20
1931 8
1932 27
1933 18
1934 22
1935 28
1936 22
1937 26
1938 25
1939 25
1940 22
1941 19
1942 21
1943 19
1944 23
1945 15
1946 23
1947 15
1948 27
1949 17
1950 21
1951 30
1952 23
1953 25
1954 27
1955 24
1956 13
1957 31
1958 27
1959 17
1960 31
1961 21
1962 26
1963 24
1964 16
1965 28
1966 33
1967 17
1968 31
1969 22
1970 35
1971 23
1972 32
1973 19
1974 22
1975 26
1976 26
1977 20
1978 26
1979 22
1980 33
1981 18
1982 20
1983 24
1984 23
1985 22
1986 26
1987 22
1988 28
1989 29
1990 21
1991 20
1992 20
1993 31
1994 22
1995 28
1996 24
1997 24
1998 27
1999 28
2000 23
2001 29
2002 28
2003 30
2004 19
2005 20
2006 26
2007 30
2008 35
2009 19
2010 17
2011 21
2012 21
2013 19
2014 24
2015 18
2016 22
2017 28
2018 13
2019 28
2020 21
2021 23
2022 32
2023 19
2024 22
2025 17
2026 23
2027 30
2028 34
2029 26
2030 20
2031 20
2032 25
2033 25
2034 32
2035 23
2036 17
2037 27
2038 23
2039 26
2040 22
2041 18
2042 27
2043 21
2044 22
2045 24
2046 20
2047 25
2048 19
2049 16
2050 17
2051 9
2052 21
2053 19
2054 28
2055 25
2056 16
2057 22
2058 17
2059 31
2060 26
2061 25
2062 27
2063 18
2064 13
2065 21
2066 24
2067 21
2068 25
2069 31
2070 17
2071 15
2072 27
2073 21
2074 32
2075 21
2076 17
2077 22
2078 20
2079 15
2080 9
2081 23
2082 15
2083 18
2084 27
2085 18
2086 23
2087 22
2088 18
2089 25
2090 17
2091 26
2092 16
2093 17
2094 34
2095 23
2096 20
2097 29
2098 26
2099 31
2100 19
2101 25
2102 19
2103 18
2104 21
2105 18
2106 22
2107 21
2108 13
2109 16
2110 8
2111 23
2112 14
2113 18
2114 15
2115 14
2116 26
2117 19
2118 15
2119 28
2120 19
2121 17
2122 26
2123 11
2124 25
2125 26
2126 14
2127 18
2128 19
2129 26
2130 22
2131 17
2132 18
2133 15
2134 27
2135 14
2136 15
2137 18
2138 19
2139 17
2140 12
2141 12
2142 20
2143 20
2144 17
2145 18
2146 17
2147 24
2148 18
2149 16
2150 20
2151 23
2152 23
2153 22
2154 16
2155 18
2156 12
2157 11
2158 20
2159 19
2160 22
2161 14
2162 15
2163 28
2164 19
2165 10
2166 26
2167 10
2168 16
2169 25
2170 16
2171 19
2172 16
2173 20
2174 13
2175 15
2176 18
2177 20
2178 20
2179 19
2180 19
2181 11
2182 17
2183 10
2184 20
2185 19
2186 12
2187 13
2188 23
2189 37
2190 23
2191 14
2192 25
2193 20
2194 15
2195 14
2196 18
2197 21
2198 16
2199 15
2200 12
2201 21
2202 23
2203 19
2204 15
2205 20
2206 15
2207 14
2208 12
2209 22
2210 21
2211 18
2212 23
2213 18
2214 16
2215 15
2216 22
2217 22
2218 22
2219 9
2220 17
2221 19
2222 17
2223 21
2224 20
2225 21
2226 16
2227 18
2228 17
2229 16
2230 24
2231 20
2232 15
2233 18
2234 19
2235 26
2236 21
2237 19
2238 20
2239 19
2240 13
2241 14
2242 18
2243 20
2244 18
2245 14
2246 13
2247 19
2248 13
2249 21
2250 17
2251 27
2252 23
2253 18
2254 19
2255 19
2256 18
2257 18
2258 9
2259 17
2260 19
2261 22
2262 19
2263 24
2264 16
2265 22
2266 25
2267 24
2268 20
2269 20
2270 20
2271 21
2272 20
2273 19
2274 21
2275 18
2276 18
2277 19
2278 21
2279 19
2280 19
2281 20
2282 21
2283 20
2284 28
2285 15
2286 29
2287 19
2288 14
2289 20
2290 16
2291 20
2292 23
2293 14
2294 18
2295 22
2296 17
2297 16
2298 17
2299 18
2300 21
2301 15
2302 21
2303 15
2304 21
2305 23
2306 17
2307 20
2308 16
2309 22
2310 13
2311 19
2312 19
2313 19
2314 12
2315 15
2316 18
2317 20
2318 20
2319 15
2320 15
2321 14
2322 17
2323 15
2324 9
2325 28
2326 20
2327 24
2328 21
2329 19
2330 24
2331 16
2332 24
2333 23
2334 19
2335 20
2336 25
2337 9
2338 22
2339 16
2340 21
2341 19
2342 13
2343 20
2344 18
2345 15
2346 26
2347 20
2348 25
2349 19
2350 23
2351 12
2352 17
2353 12
2354 21
2355 16
2356 17
2357 19
2358 25
2359 20
2360 22
2361 17
2362 15
2363 19
2364 15
2365 11
2366 19
2367 20
2368 18
2369 16
2370 28
2371 17
2372 17
2373 18
2374 24
2375 18
2376 18
2377 15
2378 19
2379 19
2380 19
2381 24
2382 18
2383 24
2384 15
2385 18
2386 19
2387 17
2388 21
2389 19
2390 18
2391 20
2392 14
2393 27
2394 13
2395 21
2396 18
2397 20
2398 11
2399 28
2400 23
2401 18
2402 16
2403 16
2404 12
2405 18
2406 13
2407 18
2408 18
2409 23
2410 19
2411 28
2412 12
2413 21
2414 18
2415 14
2416 18
2417 20
2418 16
2419 16
2420 20
2421 26
2422 16
2423 21
2424 23
2425 29
2426 24
2427 24
2428 28
2429 30
2430 21
2431 23
2432 19
2433 18
2434 15
2435 18
2436 23
2437 17
2438 12
2439 17
2440 15
2441 13
2442 16
2443 10
2444 25
2445 14
2446 12
2447 15
2448 15
2449 19
2450 13
2451 20
2452 13
2453 16
2454 20
2455 23
2456 18
2457 20
2458 25
2459 12
2460 14
2461 16
2462 19
2463 27
2464 13
2465 13
2466 15
2467 26
2468 18
2469 15
2470 22
2471 30
2472 19
2473 15
2474 23
2475 17
2476 16
2477 20
2478 17
2479 28
2480 23
2481 15
2482 8
2483 13
2484 19
2485 20
2486 14
2487 21
2488 23
2489 22
2490 16
2491 17
2492 11
2493 24
2494 24
2495 22
2496 29
2497 19
2498 18
2499 21
2500 26
2501 15
2502 12
2503 19
2504 19
2505 25
2506 18
2507 22
2508 11
2509 18
2510 16
2511 15
2512 21
2513 29
2514 20
2515 13
2516 21
2517 21
2518 20
2519 18
2520 21
2521 19
2522 31
2523 21
2524 20
2525 17
2526 14
2527 14
2528 23
2529 15
2530 19
2531 20
2532 25
2533 14
2534 13
2535 19
2536 14
2537 28
2538 23
2539 12
2540 21
2541 17
2542 19
2543 17
2544 24
2545 23
2546 19
2547 23
2548 21
2549 23
2550 21
2551 17
2552 16
2553 29
2554 28
2555 24
2556 16
2557 23
2558 18
2559 18
2560 25
2561 23
2562 15
2563 27
2564 14
2565 14
2566 19
2567 26
2568 19
2569 18
2570 20
2571 19
2572 18
2573 17
2574 17
2575 19
2576 17
2577 22
2578 17
2579 22
2580 22
2581 21
2582 15
2583 20
2584 20
2585 18
2586 23
2587 17
2588 25
2589 23
2590 17
2591 13
2592 24
2593 14
2594 18
2595 20
2596 23
2597 26
2598 17
2599 17
2600 26
2601 23
2602 24
2603 21
2604 20
2605 24
2606 29
2607 18
2608 16
2609 22
2610 24
2611 18
2612 17
2613 22
2614 14
2615 22
2616 21
2617 19
2618 22
2619 22
2620 21
2621 17
2622 19
2623 13
2624 15
2625 20
2626 22
2627 12
2628 21
2629 22
2630 16
2631 24
2632 24
2633 18
2634 16
2635 24
2636 30
2637 23
2638 26
2639 18
2640 24
2641 31
2642 23
2643 17
2644 19
2645 18
2646 18
2647 16
2648 26
2649 21
2650 23
2651 23
2652 17
2653 16
2654 20
2655 16
2656 15
2657 20
2658 12
2659 17
2660 26
2661 21
2662 29
2663 29
2664 16
2665 20
2666 22
2667 15
2668 13
2669 28
2670 18
2671 17
2672 12
2673 22
2674 21
2675 23
2676 24
2677 26
2678 22
2679 20
2680 19
2681 21
2682 18
2683 21
2684 20
2685 26
2686 29
2687 20
2688 25
2689 31
2690 18
2691 22
2692 26
2693 19
2694 17
2695 17
2696 19
2697 15
2698 20
2699 20
2700 27
2701 20
2702 21
2703 20
2704 14
2705 22
2706 24
2707 20
2708 16
2709 23
2710 22
2711 20
2712 17
2713 25
2714 15
2715 20
2716 17
2717 28
2718 17
2719 25
2720 20
2721 20
2722 20
2723 18
2724 21
2725 33
2726 25
2727 23
2728 20
2729 13
2730 24
2731 22
2732 22
2733 21
2734 15
2735 17
2736 22
2737 17
2738 20
2739 21
2740 25
2741 22
2742 23
2743 21
2744 24
2745 16
2746 23
2747 18
2748 27
2749 26
2750 24
2751 23
2752 26
2753 17
2754 26
2755 20
2756 25
2757 22
2758 24
2759 18
2760 33
2761 15
2762 21
2763 18
2764 18
2765 23
2766 26
2767 31
2768 15
2769 17
2770 18
2771 18
2772 19
2773 26
2774 21
2775 22
2776 15
2777 12
2778 19
2779 26
2780 24
2781 15
2782 24
2783 29
2784 26
2785 25
2786 16
2787 25
2788 17
2789 17
2790 17
2791 31
2792 18
2793 15
2794 23
2795 25
2796 23
2797 24
2798 19
2799 33
2800 26
2801 16
2802 16
2803 13
2804 15
2805 19
2806 21
2807 13
2808 15
2809 18
2810 21
2811 19
2812 22
2813 21
2814 14
2815 19
2816 17
2817 15
2818 13
2819 16
2820 23
2821 17
2822 13
2823 24
2824 21
2825 16
2826 22
2827 21
2828 17
2829 19
2830 22
2831 22
2832 19
2833 15
2834 29
2835 14
2836 22
2837 17
2838 14
2839 16
2840 16
2841 18
2842 19
2843 21
2844 21
2845 19
2846 26
2847 19
2848 19
2849 22
2850 28
2851 16
2852 19
2853 22
2854 14
2855 26
2856 29
2857 14
2858 25
2859 25
2860 16
2861 19
2862 21
2863 24
2864 14
2865 18
2866 19
2867 21
2868 27
2869 21
2870 27
2871 14
2872 27
2873 21
2874 22
2875 21
2876 23
2877 18
2878 14
2879 16
2880 25
2881 20
2882 12
2883 16
2884 25
2885 27
2886 18
2887 19
2888 18
2889 17
2890 15
2891 22
2892 22
2893 23
2894 16
2895 21
2896 11
2897 17
2898 17
2899 26
2900 22
2901 11
2902 28
2903 25
2904 20
2905 21
2906 15
2907 23
2908 18
2909 17
2910 17
2911 26
2912 17
2913 16
2914 17
2915 17
2916 16
2917 17
2918 20
2919 18
2920 21
2921 13
2922 17
2923 14
2924 21
2925 18
2926 13
2927 18
2928 27
2929 18
2930 18
2931 22
2932 21
2933 14
2934 20
2935 18
2936 19
2937 14
2938 16
2939 21
2940 18
2941 19
2942 22
2943 13
2944 17
2945 10
2946 24
2947 27
2948 28
2949 28
2950 15
2951 15
2952 20
2953 26
2954 16
2955 18
2956 28
2957 20
2958 21
2959 29
2960 17
2961 27
2962 13
2963 17
2964 25
2965 22
2966 21
2967 17
2968 22
2969 21
2970 17
2971 17
2972 22
2973 24
2974 15
2975 20
2976 26
2977 17
2978 15
2979 18
2980 23
2981 12
2982 29
2983 21
2984 16
2985 13
2986 15
2987 19
2988 19
2989 16
2990 7
2991 13
2992 14
2993 22
2994 17
2995 18
2996 10
2997 20
2998 17
2999 21
3000 23
3001 12
3002 22
3003 20
3004 17
3005 18
3006 16
3007 18
3008 18
3009 19
3010 15
3011 16
3012 23
3013 13
3014 30
3015 30
3016 21
3017 27
3018 20
3019 13
3020 20
3021 20
3022 17
3023 23
3024 23
3025 20
3026 17
3027 16
3028 17
3029 14
3030 14
3031 20
3032 26
3033 14
3034 22
3035 22
3036 17
3037 11
3038 17
3039 14
3040 15
3041 22
3042 22
3043 14
3044 17
3045 16
3046 15
3047 21
3048 14
3049 23
3050 19
3051 9
3052 17
3053 27
3054 18
3055 19
3056 23
3057 18
3058 14
3059 15
3060 21
3061 12
3062 15
3063 12
3064 20
3065 19
3066 13
3067 20
3068 13
3069 21
3070 21
3071 16
3072 21
3073 27
3074 13
3075 19
3076 19
3077 12
3078 17
3079 24
3080 17
3081 14
3082 30
3083 19
3084 10
3085 17
3086 15
3087 23
3088 18
3089 15
3090 16
3091 14
3092 24
3093 15
3094 18
3095 22
3096 21
3097 20
3098 13
3099 18
3100 22
3101 15
3102 15
3103 20
3104 16
3105 18
3106 20
3107 12
3108 18
3109 16
3110 15
3111 21
3112 18
3113 19
3114 14
3115 12
3116 21
3117 18
3118 19
3119 17
3120 10
3121 11
3122 18
3123 16
3124 16
3125 20
3126 23
3127 15
3128 22
3129 15
3130 13
3131 14
3132 15
3133 17
3134 16
3135 18
3136 21
3137 21
3138 12
3139 19
3140 13
3141 14
3142 12
3143 13
3144 12
3145 16
3146 18
3147 16
3148 17
3149 9
3150 22
3151 15
3152 20
3153 11
3154 19
3155 13
3156 14
3157 18
3158 15
3159 18
3160 18
3161 15
3162 19
3163 14
3164 13
3165 19
3166 10
3167 17
3168 17
3169 20
3170 15
3171 18
3172 12
3173 21
3174 29
3175 15
3176 12
3177 16
3178 17
3179 25
3180 17
3181 10
3182 17
3183 16
3184 12
3185 11
3186 19
3187 15
3188 14
3189 24
3190 14
3191 14
3192 13
3193 18
3194 18
3195 10
3196 16
3197 13
3198 12
3199 8
3200 15
3201 18
3202 22
3203 24
3204 14
3205 17
3206 11
3207 13
3208 15
3209 11
3210 15
3211 15
3212 20
3213 16
3214 14
3215 15
3216 13
3217 12
3218 16
3219 12
3220 20
3221 13
3222 15
3223 18
3224 13
3225 16
3226 9
3227 15
3228 15
3229 21
3230 22
3231 13
3232 16
3233 11
3234 23
3235 12
3236 14
3237 9
3238 17
3239 13
3240 16
3241 13
3242 14
3243 17
3244 19
3245 12
3246 21
3247 22
3248 14
3249 15
3250 19
3251 14
3252 10
3253 21
3254 17
3255 25
3256 12
3257 16
3258 13
3259 17
3260 10
3261 19
3262 12
3263 16
3264 13
3265 16
3266 18
3267 16
3268 11
3269 13
3270 15
3271 18
3272 15
3273 9
3274 16
3275 17
3276 18
3277 9
3278 18
3279 14
3280 19
3281 10
3282 21
3283 17
3284 17
3285 11
3286 18
3287 6
3288 13
3289 17
3290 17
3291 17
3292 14
3293 25
3294 14
3295 11
3296 13
3297 23
3298 8
3299 15
3300 18
3301 14
3302 15
3303 18
3304 15
3305 11
3306 12
3307 9
3308 15
3309 14
3310 12
3311 17
3312 17
3313 9
3314 12
3315 19
3316 18
3317 11
3318 15
3319 10
3320 18
3321 14
3322 12
3323 24
3324 19
3325 15
3326 9
3327 23
3328 12
3329 19
3330 16
3331 13
3332 12
3333 16
3334 22
3335 11
3336 15
3337 16
3338 11
3339 9
3340 12
3341 16
3342 13
3343 16
3344 16
3345 16
3346 14
3347 19
3348 17
3349 16
3350 16
3351 14
3352 13
3353 12
3354 26
3355 15
3356 21
3357 19
3358 14
3359 20
3360 17
3361 15
3362 12
3363 12
3364 19
3365 13
3366 11
3367 15
3368 13
3369 12
3370 10
3371 13
3372 11
3373 15
3374 14
3375 14
3376 14
3377 10
3378 11
3379 13
3380 10
3381 20
3382 17
3383 16
3384 10
3385 18
3386 15
3387 7
3388 21
3389 17
3390 21
3391 17
3392 18
3393 15
3394 11
3395 14
3396 13
3397 11
3398 12
3399 8
3400 16
3401 19
3402 10
3403 14
3404 17
3405 22
3406 6
3407 12
3408 13
3409 10
3410 23
3411 16
3412 10
3413 17
3414 10
3415 8
3416 11
3417 15
3418 12
3419 11
3420 16
3421 9
3422 9
3423 9
3424 11
3425 8
3426 17
3427 11
3428 13
3429 11
3430 14
3431 16
3432 9
3433 17
3434 20
3435 10
3436 13
3437 9
3438 21
3439 12
3440 16
3441 14
3442 7
3443 19
3444 10
3445 9
3446 13
3447 8
3448 14
3449 10
3450 16
3451 8
3452 11
3453 17
3454 19
3455 13
3456 12
3457 14
3458 14
3459 12
3460 16
3461 14
3462 11
3463 12
3464 16
3465 13
3466 16
3467 11
3468 17
3469 14
3470 7
3471 12
3472 17
3473 11
3474 10
3475 19
3476 10
3477 9
3478 11
3479 9
3480 11
3481 14
3482 10
3483 12
3484 13
3485 19
3486 11
3487 12
3488 10
3489 23
3490 8
3491 15
3492 11
3493 13
3494 14
3495 10
3496 14
3497 15
3498 12
3499 10
3500 16
3501 6
3502 12
3503 9
3504 14
3505 24
3506 11
3507 10
3508 13
3509 9
3510 9
3511 8
3512 18
3513 16
3514 15
3515 17
3516 15
3517 19
3518 8
3519 17
3520 18
3521 17
3522 9
3523 10
3524 13
3525 14
3526 13
3527 5
3528 16
3529 9
3530 9
3531 15
3532 14
3533 5
3534 13
3535 18
3536 12
3537 18
3538 9
3539 10
3540 12
3541 16
3542 17
3543 13
3544 23
3545 18
3546 16
3547 11
3548 11
3549 9
3550 15
3551 18
3552 16
3553 13
3554 12
3555 22
3556 12
3557 15
3558 11
3559 11
3560 11
3561 15
3562 10
3563 11
3564 12
3565 9
3566 16
3567 11
3568 19
3569 11
3570 6
3571 9
3572 17
3573 11
3574 17
3575 13
3576 9
3577 13
3578 12
3579 16
3580 13
3581 11
3582 18
3583 10
3584 16
3585 13
3586 10
3587 12
3588 14
3589 20
3590 18
3591 10
3592 9
3593 8
3594 10
3595 13
3596 16
3597 17
3598 20
3599 15
3600 12
3601 11
3602 17
3603 9
3604 10
3605 13
3606 11
3607 16
3608 16
3609 17
3610 17
3611 13
3612 13
3613 15
3614 16
3615 8
3616 12
3617 16
3618 10
3619 18
3620 10
3621 8
3622 7
3623 14
3624 9
3625 4
3626 22
3627 12
3628 12
3629 11
3630 11
3631 15
3632 19
3633 11
3634 14
3635 4
3636 15
3637 11
3638 17
3639 12
3640 7
3641 18
3642 9
3643 12
3644 13
3645 14
3646 12
3647 12
3648 11
3649 10
3650 8
3651 12
3652 15
3653 8
3654 8
3655 10
3656 10
3657 9
3658 12
3659 11
3660 11
3661 16
3662 12
3663 12
3664 9
3665 12
3666 12
3667 11
3668 11
3669 12
3670 13
3671 5
3672 12
3673 10
3674 14
3675 11
3676 7
3677 9
3678 13
3679 10
3680 8
3681 12
3682 7
3683 7
3684 10
3685 11
3686 11
3687 15
3688 9
3689 15
3690 19
3691 15
3692 11
3693 9
3694 11
3695 17
3696 8
3697 15
3698 5
3699 10
3700 12
3701 12
3702 10
3703 14
3704 17
3705 6
3706 14
3707 9
3708 14
3709 9
3710 10
3711 6
3712 7
3713 11
3714 19
3715 5
3716 16
3717 11
3718 10
3719 14
3720 11
3721 16
3722 4
3723 8
3724 15
3725 9
3726 16
3727 12
3728 10
3729 14
3730 10
3731 14
3732 14
3733 12
3734 9
3735 6
3736 18
3737 11
3738 12
3739 14
3740 13
3741 20
3742 12
3743 9
3744 11
3745 8
3746 10
3747 8
3748 13
3749 8
3750 19
3751 14
3752 13
3753 20
3754 14
3755 11
3756 11
3757 15
3758 11
3759 8
3760 12
3761 13
3762 13
3763 17
3764 11
3765 14
3766 11
3767 9
3768 14
3769 13
3770 15
3771 18
3772 12
3773 12
3774 6
3775 6
3776 8
3777 11
3778 15
3779 13
3780 11
3781 20
3782 12
3783 7
3784 12
3785 15
3786 7
3787 12
3788 11
3789 7
3790 6
3791 9
3792 14
3793 14
3794 11
3795 7
3796 8
3797 12
3798 11
3799 14
3800 12
3801 12
3802 9
3803 13
3804 14
3805 13
3806 5
3807 16
3808 13
3809 9
3810 11
3811 8
3812 9
3813 18
3814 7
3815 12
3816 9
3817 6
3818 12
3819 8
3820 13
3821 8
3822 4
3823 10
3824 14
3825 13
3826 9
3827 8
3828 9
3829 8
3830 7
3831 7
3832 8
3833 12
3834 11
3835 9
3836 9
3837 9
3838 13
3839 7
3840 12
3841 12
3842 9
3843 12
3844 14
3845 4
3846 11
3847 13
3848 11
3849 9
3850 12
3851 10
3852 13
3853 10
3854 8
3855 10
3856 16
3857 7
3858 9
3859 12
3860 15
3861 13
3862 5
3863 11
3864 11
3865 12
3866 11
3867 12
3868 8
3869 7
3870 9
3871 12
3872 9
3873 10
3874 13
3875 12
3876 15
3877 16
3878 12
3879 11
3880 8
3881 13
3882 20
3883 10
3884 7
3885 7
3886 11
3887 9
3888 10
3889 7
3890 7
3891 15
3892 13
3893 6
3894 8
3895 9
3896 8
3897 7
3898 12
3899 8
3900 13
3901 16
3902 17
3903 10
3904 11
3905 13
3906 13
3907 13
3908 11
3909 14
3910 5
3911 10
3912 4
3913 9
3914 8
3915 12
3916 12
3917 8
3918 8
3919 9
3920 14
3921 9
3922 18
3923 12
3924 8
3925 12
3926 7
3927 8
3928 6
3929 9
3930 8
3931 10
3932 12
3933 15
3934 8
3935 7
3936 11
3937 13
3938 16
3939 17
3940 8
3941 10
3942 13
3943 9
3944 10
3945 6
3946 14
3947 8
3948 7
3949 11
3950 7
3951 12
3952 9
3953 20
3954 8
3955 20
3956 13
3957 7
3958 9
3959 17
3960 11
3961 10
3962 3
3963 9
3964 12
3965 13
3966 7
3967 8
3968 6
3969 9
3970 15
3971 14
3972 7
3973 9
3974 8
3975 7
3976 13
3977 10
3978 6
3979 7
3980 6
3981 14
3982 5
3983 13
3984 7
3985 14
3986 6
3987 12
3988 12
3989 11
3990 6
3991 4
3992 12
3993 15
3994 13
3995 8
3996 9
3997 12
3998 10
3999 10
4000 15
4001 12
4002 9
4003 11
4004 10
4005 9
4006 8
4007 10
4008 12
4009 13
4010 12
4011 5
4012 10
4013 10
4014 9
4015 15
4016 6
4017 13
4018 8
4019 4
4020 11
4021 7
4022 14
4023 5
4024 11
4025 16
4026 14
4027 7
4028 7
4029 9
4030 7
4031 7
4032 8
4033 7
4034 13
4035 12
4036 8
4037 9
4038 14
4039 12
4040 12
4041 6
4042 13
4043 13
4044 13
4045 7
4046 13
4047 12
4048 10
4049 10
4050 14
4051 12
4052 14
4053 17
4054 9
4055 10
4056 12
4057 9
4058 11
4059 6
4060 12
4061 7
4062 7
4063 11
4064 6
4065 10
4066 10
4067 10
4068 12
4069 8
4070 7
4071 3
4072 11
4073 17
4074 12
4075 11
4076 11
4077 11
4078 14
4079 12
4080 12
4081 13
4082 10
4083 2
4084 9
4085 10
4086 12
4087 12
4088 7
4089 12
4090 5
4091 7
4092 10
4093 14
4094 9
4095 11
4096 9
4097 7
4098 11
4099 12
4100 8
4101 9
4102 10
4103 6
4104 3
4105 10
4106 13
4107 8
4108 13
4109 8
4110 8
4111 10
4112 6
4113 13
4114 6
4115 9
4116 12
4117 7
4118 7
4119 10
4120 12
4121 10
4122 13
4123 13
4124 10
4125 12
4126 7
4127 4
4128 11
4129 5
4130 10
4131 12
4132 12
4133 5
4134 6
4135 7
4136 11
4137 15
4138 14
4139 12
4140 8
4141 9
4142 5
4143 5
4144 11
4145 6
4146 7
4147 17
4148 6
4149 9
4150 12
4151 12
4152 13
4153 10
4154 11
4155 12
4156 12
4157 13
4158 3
4159 9
4160 6
4161 11
4162 9
4163 7
4164 9
4165 8
4166 11
4167 12
4168 10
4169 8
4170 11
4171 7
4172 10
4173 9
4174 8
4175 10
4176 9
4177 14
4178 12
4179 12
4180 8
4181 10
4182 11
4183 9
4184 7
4185 9
4186 10
4187 6
4188 9
4189 9
4190 10
4191 8
4192 12
4193 15
4194 6
4195 12
4196 7
4197 9
4198 6
4199 5
4200 6
4201 10
4202 10
4203 11
4204 10
4205 5
4206 11
4207 13
4208 7
4209 7
4210 13
4211 12
4212 7
4213 6
4214 12
4215 12
4216 5
4217 13
4218 11
4219 5
4220 14
4221 4
4222 7
4223 11
4224 7
4225 10
4226 7
4227 9
4228 11
4229 11
4230 9
4231 8
4232 5
4233 8
4234 12
4235 14
4236 6
4237 5
4238 11
4239 4
4240 7
4241 11
4242 7
4243 12
4244 6
4245 9
4246 12
4247 10
4248 8
4249 5
4250 10
4251 11
4252 14
4253 10
4254 16
4255 12
4256 9
4257 14
4258 7
4259 10
4260 10
4261 9
4262 5
4263 5
4264 11
4265 7
4266 14
4267 8
4268 9
4269 7
4270 11
4271 14
4272 10
4273 11
4274 7
4275 8
4276 7
4277 8
4278 8
4279 10
4280 11
4281 4
4282 7
4283 13
4284 14
4285 5
4286 8
4287 7
4288 5
4289 12
4290 10
4291 12
4292 10
4293 8
4294 14
4295 10
4296 4
4297 10
4298 7
4299 9
4300 9
4301 8
4302 10
4303 4
4304 7
4305 13
4306 7
4307 6
4308 8
4309 10
4310 7
4311 9
4312 6
4313 10
4314 7
4315 6
4316 10
4317 9
4318 15
4319 6
4320 6
4321 9
4322 10
4323 4
4324 10
4325 9
4326 8
4327 6
4328 9
4329 12
4330 6
4331 7
4332 6
4333 3
4334 7
4335 6
4336 8
4337 5
4338 7
4339 9
4340 11
4341 9
4342 9
4343 14
4344 15
4345 6
4346 3
4347 7
4348 11
4349 9
4350 11
4351 10
4352 8
4353 8
4354 10
4355 7
4356 5
4357 10
4358 10
4359 13
4360 16
4361 9
4362 12
4363 7
4364 9
4365 8
4366 10
4367 12
4368 11
4369 10
4370 12
4371 10
4372 5
4373 7
4374 9
4375 9
4376 7
4377 4
4378 5
4379 11
4380 10
4381 12
4382 6
4383 8
4384 11
4385 7
4386 5
4387 10
4388 7
4389 7
4390 10
4391 9
4392 6
4393 11
4394 9
4395 5
4396 8
4397 5
4398 13
4399 15
4400 13
4401 13
4402 13
4403 9
4404 8
4405 15
4406 3
4407 7
4408 7
4409 9
4410 3
4411 5
4412 8
4413 12
4414 10
4415 11
4416 8
4417 9
4418 6
4419 7
4420 7
4421 1
4422 14
4423 6
4424 8
4425 7
4426 14
4427 13
4428 13
4429 14
4430 4
4431 11
4432 4
4433 5
4434 5
4435 5
4436 6
4437 4
4438 10
4439 13
4440 7
4441 6
4442 9
4443 9
4444 7
4445 6
4446 4
4447 9
4448 6
4449 7
4450 14
4451 7
4452 7
4453 9
4454 8
4455 6
4456 14
4457 8
4458 7
4459 11
4460 11
4461 13
4462 12
4463 15
4464 6
4465 6
4466 7
4467 5
4468 10
4469 6
4470 5
4471 6
4472 9
4473 6
4474 8
4475 11
4476 12
4477 13
4478 13
4479 11
4480 14
4481 5
4482 11
4483 7
4484 6
4485 14
4486 12
4487 8
4488 7
4489 7
4490 8
4491 9
4492 9
4493 9
4494 3
4495 15
4496 8
4497 4
4498 14
4499 3
4500 10
4501 14
4502 11
4503 4
4504 8
4505 4
4506 8
4507 11
4508 6
4509 3
4510 6
4511 4
4512 4
4513 8
4514 17
4515 9
4516 6
4517 8
4518 5
4519 5
4520 9
4521 7
4522 3
4523 10
4524 12
4525 9
4526 7
4527 6
4528 10
4529 5
4530 11
4531 10
4532 13
4533 4
4534 5
4535 6
4536 8
4537 11
4538 5
4539 6
4540 7
4541 6
4542 11
4543 14
4544 5
4545 8
4546 10
4547 5
4548 9
4549 6
4550 5
4551 4
4552 7
4553 5
4554 8
4555 4
4556 8
4557 7
4558 9
4559 10
4560 8
4561 8
4562 13
4563 10
4564 6
4565 6
4566 6
4567 9
4568 12
4569 7
4570 10
4571 9
4572 4
4573 10
4574 11
4575 8
4576 4
4577 8
4578 7
4579 8
4580 10
4581 10
4582 5
4583 4
4584 11
4585 13
4586 9
4587 6
4588 8
4589 13
4590 5
4591 10
4592 8
4593 8
4594 10
4595 7
4596 11
4597 12
4598 11
4599 8
4600 10
4601 8
4602 10
4603 3
4604 6
4605 4
4606 6
4607 7
4608 7
4609 11
4610 7
4611 5
4612 8
4613 13
4614 10
4615 10
4616 5
4617 6
4618 8
4619 10
4620 7
4621 13
4622 11
4623 10
4624 7
4625 8
4626 8
4627 5
4628 10
4629 5
4630 9
4631 1
4632 6
4633 2
4634 3
4635 11
4636 6
4637 6
4638 8
4639 7
4640 10
4641 7
4642 3
4643 7
4644 7
4645 9
4646 14
4647 7
4648 9
4649 13
4650 5
4651 8
4652 7
4653 9
4654 7
4655 6
4656 5
4657 3
4658 5
4659 11
4660 8
4661 10
4662 5
4663 10
4664 9
4665 8
4666 6
4667 5
4668 6
4669 8
4670 6
4671 6
4672 9
4673 7
4674 9
4675 7
4676 7
4677 9
4678 11
4679 9
4680 6
4681 11
4682 6
4683 10
4684 10
4685 5
4686 12
4687 4
4688 4
4689 8
4690 7
4691 5
4692 6
4693 4
4694 5
4695 8
4696 1
4697 3
4698 8
4699 6
4700 5
4701 12
4702 4
4703 6
4704 6
4705 5
4706 12
4707 7
4708 3
4709 6
4710 3
4711 9
4712 10
4713 6
4714 11
4715 10
4716 10
4717 7
4718 7
4719 11
4720 6
4721 5
4722 11
4723 6
4724 10
4725 6
4726 8
4727 7
4728 5
4729 9
4730 6
4731 4
4732 5
4733 6
4734 5
4735 7
4736 6
4737 12
4738 3
4739 9
4740 5
4741 5
4742 6
4743 11
4744 13
4745 6
4746 7
4747 3
4748 4
4749 4
4750 11
4751 6
4752 3
4753 4
4754 9
4755 6
4756 7
4757 11
4758 4
4759 6
4760 12
4761 7
4762 10
4763 9
4764 7
4765 5
4766 6
4767 4
4768 1
4769 7
4770 7
4771 10
4772 6
4773 6
4774 6
4775 4
4776 5
4777 8
4778 7
4779 8
4780 10
4781 2
4782 8
4783 9
4784 7
4785 6
4786 3
4787 9
4788 9
4789 6
4790 8
4791 2
4792 11
4793 6
4794 2
4795 6
4796 11
4797 6
4798 4
4799 4
4800 6
4801 6
4802 4
4803 8
4804 9
4805 8
4806 9
4807 7
4808 2
4809 6
4810 5
4811 6
4812 7
4813 9
4814 8
4815 3
4816 4
4817 5
4818 8
4819 7
4820 8
4821 5
4822 4
4823 5
4824 7
4825 6
4826 4
4827 7
4828 7
4829 7
4830 2
4831 5
4832 8
4833 4
4834 8
4835 4
4837 4
4838 9
4839 7
4840 6
4841 13
4842 7
4843 3
4844 6
4845 3
4846 8
4847 5
4848 4
4849 8
4850 4
4851 9
4852 6
4853 5
4854 5
4855 3
4856 4
4857 7
4858 6
4859 8
4860 4
4861 1
4862 7
4863 3
4864 8
4865 6
4866 8
4867 10
4868 8
4869 3
4870 6
4871 5
4872 2
4873 3
4874 7
4875 4
4876 15
4877 7
4878 8
4879 2
4880 5
4881 6
4882 4
4883 9
4884 1
4885 9
4886 9
4887 7
4888 12
4889 5
4890 6
4891 1
4892 6
4893 8
4894 5
4895 10
4896 3
4897 4
4898 5
4899 6
4900 4
4901 10
4902 3
4903 3
4904 5
4905 9
4906 10
4907 6
4908 7
4909 8
4910 6
4911 7
4912 6
4913 4
4914 7
4915 4
4916 5
4917 5
4918 6
4919 9
4920 7
4921 5
4922 5
4923 7
4924 8
4925 6
4926 5
4927 4
4928 8
4929 5
4930 3
4931 3
4932 2
4933 7
4934 4
4935 4
4936 3
4937 5
4938 5
4939 5
4940 4
4941 6
4942 5
4943 2
4944 5
4945 4
4946 4
4947 6
4948 6
4949 10
4950 6
4951 8
4952 6
4953 9
4954 7
4955 6
4956 5
4957 7
4958 7
4959 11
4960 4
4961 8
4962 6
4963 5
4964 4
4965 9
4966 6
4967 6
4968 7
4969 8
4970 5
4971 3
4972 7
4973 6
4974 4
4975 3
4976 9
4977 2
4978 6
4979 8
4980 6
4981 5
4982 8
4983 9
4984 2
4985 9
4986 6
4987 6
4988 4
4989 7
4990 6
4991 7
4992 5
4993 9
4994 9
4995 3
4996 6
4997 9
4998 3
4999 4
5000 4
5001 6
5002 6
5003 7
5004 5
5005 14
5006 4
5007 2
5008 12
5009 5
5010 3
5011 6
5012 7
5013 14
5014 8
5015 3
5016 14
5017 7
5018 5
5019 10
5020 6
5021 8
5022 4
5023 6
5024 6
5025 8
5026 6
5027 6
5028 6
5029 6
5030 7
5031 6
5032 6
5033 6
5034 4
5035 3
5036 7
5037 10
5038 7
5039 9
5040 3
5041 1
5042 9
5043 7
5044 6
5045 4
5046 5
5047 3
5048 6
5049 7
5050 6
5051 6
5052 1
5053 5
5054 4
5055 2
5056 6
5057 12
5058 4
5059 9
5060 8
5061 8
5062 6
5063 6
5064 4
5065 4
5066 3
5067 3
5068 6
5069 5
5070 8
5071 4
5072 3
5073 13
5074 7
5075 6
5076 4
5077 9
5078 3
5079 4
5080 5
5081 9
5082 5
5083 9
5084 10
5086 5
5087 3
5088 4
5089 7
5090 3
5091 6
5092 7
5093 6
5094 6
5095 5
5096 9
5097 4
5098 8
5099 10
5100 5
5101 7
5102 11
5103 4
5104 2
5105 3
5106 7
5107 5
5108 4
5109 7
5110 12
5111 2
5112 7
5113 11
5114 7
5115 3
5116 3
5117 6
5118 8
5119 2
5120 14
5121 7
5122 4
5123 5
5124 7
5125 3
5126 7
5127 4
5128 7
5129 5
5130 4
5131 8
5132 10
5133 1
5134 5
5135 4
5136 4
5137 4
5138 7
5139 5
5140 2
5141 6
5142 5
5143 4
5144 4
5145 6
5146 7
5147 5
5148 5
5149 4
5150 10
5151 6
5152 3
5153 10
5154 4
5155 3
5156 4
5157 3
5158 4
5159 5
5160 1
5161 8
5162 5
5163 6
5164 6
5165 3
5166 3
5167 5
5168 6
5169 3
5170 3
5171 5
5172 2
5173 10
5174 2
5175 4
5176 6
5177 8
5178 10
5179 4
5180 5
5181 5
5182 8
5183 1
5184 3
5185 5
5186 3
5187 4
5188 5
5189 3
5190 10
5191 4
5192 6
5193 2
5194 5
5195 7
5196 9
5197 6
5198 6
5199 6
5200 6
5201 5
5202 6
5203 7
5204 6
5205 5
5206 6
5207 4
5208 6
5209 4
5210 2
5211 1
5212 6
5213 6
5214 5
5215 4
5216 7
5217 3
5218 1
5219 7
5220 4
5221 3
5222 2
5223 5
5224 7
5225 6
5226 7
5227 5
5228 5
5229 5
5230 9
5231 5
5232 3
5233 7
5234 4
5235 10
5236 8
5237 6
5238 6
5239 3
5240 2
5241 7
5242 5
5243 6
5244 9
5245 3
5246 6
5247 3
5248 5
5249 6
5250 10
5251 4
5252 2
5253 3
5254 8
5255 5
5256 9
5257 8
5258 5
5259 9
5260 11
5261 8
5262 5
5263 7
5264 3
5265 8
5266 5
5267 2
5268 3
5269 1
5270 5
5271 10
5272 4
5273 2
5274 6
5275 3
5276 1
5277 4
5278 5
5279 3
5280 6
5281 6
5282 9
5283 3
5284 5
5285 3
5286 2
5287 4
5288 8
5289 3
5290 6
5291 7
5292 5
5293 3
5294 6
5295 5
5296 9
5297 4
5298 6
5299 4
5300 5
5301 5
5302 3
5303 5
5304 9
5305 8
5306 8
5307 2
5308 6
5309 6
5310 2
5311 8
5312 5
5313 11
5314 9
5315 8
5316 7
5317 3
5318 6
5319 4
5320 4
5321 8
5322 3
5323 7
5324 3
5325 5
5326 4
5327 6
5328 6
5329 2
5330 4
5331 2
5332 1
5333 8
5334 4
5335 3
5336 6
5337 7
5338 3
5339 3
5340 3
5341 5
5342 4
5343 5
5344 5
5345 5
5346 7
5347 5
5348 3
5349 7
5350 5
5351 4
5352 9
5353 5
5354 4
5355 3
5356 6
5357 8
5358 8
5359 5
5360 8
5361 7
5362 8
5363 8
5364 6
5365 1
5366 5
5367 4
5368 2
5369 11
5370 8
5371 3
5372 3
5373 3
5374 4
5375 5
5376 5
5377 4
5378 4
5379 2
5380 3
5381 4
5382 5
5383 7
5384 4
5385 4
5386 6
5387 7
5388 8
5389 4
5390 4
5391 3
5392 3
5393 2
5394 6
5395 8
5397 4
5398 3
5399 3
5400 4
5401 2
5402 5
5403 2
5404 4
5405 5
5406 7
5407 5
5408 3
5409 3
5410 6
5411 6
5412 7
5413 5
5414 1
5415 2
5416 4
5417 8
5418 1
5419 2
5420 3
5421 4
5422 6
5423 4
5424 8
5425 3
5426 3
5427 5
5428 3
5429 8
5430 6
5431 5
5432 2
5433 4
5434 5
5435 5
5436 11
5437 5
5438 4
5439 5
5440 1
5441 3
5442 5
5443 6
5444 6
5445 3
5446 4
5447 12
5448 2
5449 4
5450 6
5451 2
5452 8
5453 2
5454 3
5455 7
5456 6
5457 5
5458 4
5459 3
5460 3
5461 5
5462 5
5463 2
5464 5
5465 3
5466 6
5467 5
5468 5
5469 3
5470 5
5471 4
5473 4
5474 2
5475 5
5476 3
5477 4
5478 4
5479 6
5480 6
5481 5
5482 6
5483 8
5484 5
5485 3
5486 4
5487 11
5488 6
5489 5
5490 5
5491 1
5492 5
5493 9
5494 3
5495 3
5496 3
5497 4
5498 4
5499 15
5500 3
5501 5
5502 9
5503 5
5504 3
5505 4
5506 11
5507 5
5508 10
5509 4
5510 4
5511 6
5512 5
5513 5
5514 3
5515 3
5516 12
5517 5
5518 3
5519 8
5520 6
5521 3
5522 7
5523 4
5524 3
5525 6
5526 3
5527 4
5528 5
5529 3
5530 3
5532 8
5533 6
5534 3
5535 4
5536 9
5537 10
5538 7
5539 7
5540 6
5541 4
5542 2
5543 9
5544 3
5545 4
5546 3
5547 2
5548 8
5549 4
5550 3
5551 8
5552 6
5553 2
5554 3
5556 2
5557 5
5558 4
5559 2
5560 6
5561 5
5562 6
5563 7
5564 2
5565 2
5566 4
5567 3
5568 8
5569 5
5570 6
5571 2
5572 3
5573 3
5574 8
5575 7
5576 3
5577 2
5578 4
5579 3
5580 1
5581 6
5582 3
5583 1
5584 5
5585 6
5586 4
5587 4
5588 8
5589 8
5590 4
5591 2
5592 4
5593 3
5594 5
5595 9
5596 1
5597 5
5598 5
5600 4
5601 4
5602 4
5603 4
5604 2
5605 3
5606 8
5607 9
5608 6
5609 3
5610 5
5611 4
5612 1
5613 3
5614 8
5615 4
5616 1
5617 2
5618 6
5619 3
5620 2
5621 5
5622 1
5623 2
5624 2
5625 5
5626 5
5627 3
5628 4
5629 7
5630 4
5631 4
5632 2
5633 6
5634 3
5635 4
5636 4
5637 2
5638 2
5639 5
5640 2
5641 2
5642 4
5644 3
5645 6
5646 5
5647 2
5648 3
5649 5
5650 3
5651 6
5652 5
5653 2
5654 4
5655 2
5656 5
5657 2
5658 9
5659 2
5660 3
5661 3
5662 2
5663 5
5665 2
5666 3
5667 1
5668 3
5669 5
5670 6
5671 6
5672 5
5673 7
5674 2
5675 5
5676 3
5677 6
5678 1
5679 3
5680 2
5681 7
5682 5
5683 3
5684 5
5685 3
5686 5
5687 5
5688 4
5689 2
5690 2
5691 5
5693 5
5694 4
5695 4
5696 6
5697 3
5698 8
5699 3
5700 4
5701 6
5702 6
5703 5
5704 4
5705 5
5706 3
5707 2
5708 4
5709 1
5710 3
5711 6
5712 4
5713 6
5714 1
5715 5
5716 4
5717 3
5718 4
5719 5
5720 5
5721 3
5722 8
5723 6
5724 4
5725 6
5726 6
5727 6
5728 6
5729 2
5730 3
5731 2
5732 2
5733 6
5734 1
5735 6
5736 5
5737 5
5738 3
5739 6
5740 4
5741 2
5742 8
5743 3
5744 5
5745 5
5746 5
5747 5
5748 3
5749 5
5750 3
5751 2
5752 2
5753 1
5754 1
5755 6
5756 4
5757 5
5758 3
5760 3
5761 4
5762 1
5763 3
5764 7
5765 6
5766 3
5767 6
5768 4
5769 3
5770 1
5771 5
5772 5
5773 2
5774 2
5775 4
5776 4
5777 3
5778 5
5779 5
5780 2
5781 2
5782 2
5783 4
5784 2
5785 1
5786 2
5787 3
5788 2
5789 2
5790 3
5791 5
5792 4
5793 10
5794 5
5795 6
5796 5
5797 1
5798 4
5799 3
5800 4
5801 8
5802 6
5803 4
5804 7
5805 2
5806 2
5807 3
5808 4
5809 4
5810 7
5811 1
5812 2
5813 1
5814 3
5815 4
5816 5
5817 4
5818 5
5819 3
5820 6
5821 5
5822 5
5823 7
5824 4
5825 6
5826 2
5827 4
5828 4
5829 4
5830 2
5831 2
5832 7
5833 2
5834 3
5835 5
5836 2
5837 5
5839 1
5840 7
5841 4
5842 1
5843 2
5844 7
5845 2
5846 3
5847 3
5848 2
5849 6
5850 5
5851 5
5852 7
5853 6
5854 3
5855 4
5856 4
5857 5
5858 6
5859 6
5860 4
5861 5
5862 2
5863 4
5864 2
5865 1
5866 2
5867 4
5868 2
5869 4
5870 1
5871 4
5872 1
5873 4
5874 4
5875 6
5876 5
5877 5
5878 3
5879 2
5880 3
5881 3
5882 2
5883 4
5884 9
5885 5
5886 3
5887 5
5888 5
5889 5
5890 1
5891 2
5892 3
5893 3
5894 3
5895 4
5896 1
5897 4
5898 5
5899 4
5900 2
5901 5
5902 4
5903 4
5904 3
5905 3
5906 1
5907 5
5908 1
5909 4
5910 3
5911 5
5912 2
5913 7
5914 8
5915 5
5916 5
5917 2
5918 2
5919 3
5920 4
5921 6
5922 5
5923 2
5924 4
5925 5
5926 1
5927 1
5928 9
5929 5
5930 4
5931 6
5932 2
5933 1
5934 3
5935 2
5936 3
5937 2
5938 3
5939 3
5940 1
5941 1
5942 2
5943 3
5944 4
5945 4
5946 6
5947 3
5948 1
5949 1
5950 2
5951 4
5952 7
5953 4
5954 7
5955 3
5956 2
5957 3
5958 5
5959 5
5960 5
5961 5
5962 7
5963 4
5964 4
5965 5
5966 1
5967 1
5968 2
5969 2
5970 5
5971 5
5972 3
5973 1
5974 3
5975 5
5976 5
5977 4
5978 3
5979 2
5980 5
5981 1
5982 7
5983 4
5984 2
5985 3
5986 1
5987 6
5988 7
5989 1
5990 4
5991 3
5992 3
5993 7
5994 5
5995 5
5996 4
5997 4
5998 1
5999 2
6000 4
6001 3
6002 7
6003 4
6004 9
6005 1
6007 4
6008 1
6009 6
6010 5
6011 2
6012 3
6013 2
6014 2
6016 2
6017 3
6018 4
6019 2
6020 3
6021 3
6022 4
6024 4
6025 4
6026 2
6027 4
6028 4
6030 3
6031 5
6032 2
6033 2
6034 1
6035 1
6036 5
6037 2
6038 4
6039 1
6040 3
6042 4
6043 1
6044 3
6045 4
6046 4
6047 4
6048 6
6049 7
6050 2
6051 3
6052 5
6053 3
6054 4
6055 2
6056 4
6057 4
6058 5
6059 1
6060 5
6061 1
6062 3
6063 4
6064 1
6065 1
6066 3
6067 5
6068 4
6069 4
6070 4
6071 1
6072 3
6073 2
6074 5
6075 3
6076 2
6077 5
6078 2
6079 5
6080 4
6081 1
6082 4
6083 5
6084 4
6085 3
6086 1
6087 3
6088 3
6089 3
6090 6
6093 2
6094 5
6095 4
6096 4
6097 7
6098 4
6099 5
6100 1
6101 4
6102 2
6103 2
6104 6
6105 3
6106 3
6107 4
6108 1
6109 7
6110 4
6111 5
6112 3
6113 2
6114 5
6115 3
6116 1
6117 2
6118 4
6119 3
6120 4
6122 3
6123 3
6124 6
6125 8
6126 6
6127 2
6128 5
6129 7
6130 3
6131 7
6132 5
6133 3
6134 4
6135 4
6136 1
6137 3
6138 3
6139 4
6140 8
6142 4
6143 4
6144 7
6145 5
6146 1
6147 1
6148 3
6149 3
6150 3
6151 1
6152 4
6153 1
6154 3
6155 4
6156 3
6157 7
6158 1
6159 1
6160 2
6161 4
6162 5
6163 1
6164 7
6165 3
6166 2
6167 3
6168 1
6169 5
6170 6
6171 4
6172 5
6173 1
6174 1
6175 2
6176 1
6177 6
6178 4
6179 2
6180 6
6181 2
6182 4
6183 4
6184 4
6185 4
6186 3
6187 4
6188 1
6189 3
6190 2
6191 5
6192 2
6193 2
6194 1
6195 5
6196 2
6197 2
6198 3
6199 4
6200 2
6201 7
6202 4
6203 4
6204 3
6205 2
6206 2
6207 4
6208 3
6209 1
6211 3
6212 1
6213 1
6214 5
6215 1
6216 4
6217 3
6218 3
6219 2
6221 2
6222 4
6223 3
6224 4
6225 4
6226 2
6227 1
6228 7
6229 1
6230 5
6231 1
6232 2
6233 5
6234 2
6235 5
6236 3
6237 5
6238 6
6239 4
6240 1
6241 6
6242 4
6243 1
6244 2
6245 2
6246 2
6247 3
6248 5
6249 6
6250 2
6251 1
6252 2
6253 4
6254 3
6255 3
6256 3
6257 5
6258 1
6259 3
6260 1
6261 3
6262 3
6263 5
6264 1
6266 2
6267 2
6268 4
6269 5
6270 2
6271 3
6272 2
6273 4
6274 4
6275 6
6276 2
6277 3
6278 2
6279 6
6280 1
6281 3
6282 2
6283 4
6284 4
6285 4
6286 5
6287 7
6288 6
6289 7
6290 3
6291 2
6292 4
6293 3
6294 2
6295 2
6296 4
6297 4
6298 2
6299 1
6301 2
6302 2
6303 2
6304 2
6305 3
6306 2
6308 4
6309 8
6310 4
6311 4
6312 4
6313 1
6314 3
6315 2
6316 3
6317 2
6318 4
6319 3
6320 3
6321 1
6322 3
6323 6
6324 7
6325 3
6326 5
6327 4
6328 5
6329 3
6330 6
6331 1
6332 1
6333 3
6334 3
6336 3
6337 5
6338 2
6339 2
6340 3
6341 3
6342 1
6343 3
6344 1
6345 1
6346 3
6347 3
6348 1
6349 2
6350 3
6351 3
6352 4
6353 2
6354 2
6355 5
6356 1
6357 4
6358 3
6359 5
6360 2
6361 4
6362 6
6363 5
6364 2
6365 2
6366 6
6367 2
6368 1
6369 4
6370 4
6371 3
6372 2
6373 3
6374 3
6375 3
6376 1
6377 2
6378 2
6379 3
6380 1
6381 1
6382 1
6383 2
6384 3
6385 2
6386 3
6387 2
6388 1
6389 1
6390 2
6391 2
6392 3
6393 4
6394 1
6395 1
6396 1
6397 2
6398 1
6399 1
6400 3
6401 2
6402 4
6403 2
6404 4
6405 2
6406 3
6407 2
6408 2
6409 2
6410 1
6411 4
6412 4
6413 1
6414 3
6415 4
6416 2
6417 7
6418 1
6419 5
6420 4
6421 3
6422 5
6423 6
6424 1
6425 4
6426 3
6427 2
6429 4
6430 2
6431 1
6432 3
6433 4
6435 1
6436 5
6437 4
6438 2
6439 3
6442 1
6443 4
6444 1
6445 2
6446 5
6447 5
6448 3
6449 6
6450 3
6451 2
6452 6
6453 3
6454 4
6455 3
6456 4
6457 3
6458 3
6459 5
6460 1
6461 1
6462 4
6463 3
6464 2
6465 4
6466 4
6467 1
6468 3
6469 3
6470 1
6471 3
6472 1
6473 1
6474 3
6475 4
6476 2
6477 2
6478 1
6479 3
6480 3
6481 4
6482 4
6483 1
6484 5
6486 2
6487 1
6488 4
6489 2
6490 2
6491 3
6492 1
6493 2
6494 3
6495 1
6496 4
6497 4
6498 4
6499 2
6500 4
6501 2
6502 3
6503 7
6505 3
6506 2
6507 4
6508 2
6509 1
6510 1
6511 3
6512 3
6513 5
6514 6
6515 1
6516 3
6517 3
6518 1
6519 1
6520 3
6521 3
6522 5
6523 6
6524 4
6525 3
6526 2
6527 2
6528 3
6529 1
6530 5
6531 1
6532 2
6533 2
6534 3
6535 2
6536 2
6537 1
6538 5
6539 4
6540 2
6541 1
6542 1
6543 2
6544 4
6545 3
6546 1
6547 3
6548 3
6549 3
6550 3
6551 1
6552 8
6553 2
6554 4
6555 1
6556 2
6557 2
6558 4
6559 1
6560 4
6561 2
6562 2
6563 4
6564 4
6565 3
6566 2
6567 2
6568 3
6569 2
6570 2
6571 2
6572 4
6573 2
6574 4
6575 1
6576 2
6578 3
6579 1
6580 2
6582 3
6583 3
6584 1
6585 2
6586 2
6587 4
6588 1
6589 1
6590 1
6591 1
6592 4
6593 1
6594 3
6595 1
6596 4
6597 1
6598 3
6599 6
6600 3
6601 3
6602 2
6603 2
6605 3
6606 1
6607 6
6608 4
6609 3
6610 3
6611 6
6612 2
6613 2
6614 2
6615 2
6616 2
6617 5
6618 3
6620 3
6621 2
6622 4
6623 2
6624 4
6625 4
6626 1
6627 1
6629 3
6630 2
6631 3
6633 2
6634 1
6635 4
6636 3
6637 3
6638 1
6639 3
6640 2
6641 4
6642 6
6643 2
6644 3
6645 5
6646 2
6647 3
6648 2
6649 4
6650 4
6651 3
6652 4
6653 2
6654 3
6655 2
6656 1
6658 2
6659 3
6660 2
6661 2
6662 1
6663 1
6664 2
6665 1
6666 3
6667 3
6668 2
6669 5
6670 5
6671 1
6672 3
6673 1
6674 3
6675 2
6676 3
6677 4
6678 1
6680 6
6681 4
6682 2
6683 4
6684 1
6685 3
6686 6
6687 5
6688 4
6689 3
6690 1
6691 2
6692 5
6693 2
6694 1
6695 2
6696 2
6697 5
6698 2
6699 4
6700 4
6701 4
6702 2
6703 3
6704 2
6705 3
6707 3
6708 2
6709 3
6710 1
6711 1
6712 3
6713 2
6714 1
6715 5
6716 2
6717 1
6718 2
6719 6
6720 1
6721 1
6723 2
6724 2
6725 2
6726 1
6727 2
6728 3
6729 2
6730 2
6731 6
6732 3
6733 1
6734 3
6735 2
6736 2
6737 2
6739 3
6740 2
6741 5
6742 3
6743 2
6744 3
6745 3
6746 3
6747 6
6748 1
6750 1
6751 5
6752 2
6753 3
6754 5
6755 1
6756 1
6757 1
6758 3
6759 5
6760 1
6761 2
6762 2
6763 2
6764 1
6765 2
6766 3
6767 3
6768 4
6769 2
6770 5
6771 1
6772 3
6773 3
6775 2
6776 4
6777 2
6778 2
6780 2
6781 1
6782 1
6784 4
6786 4
6787 2
6788 1
6789 2
6790 1
6791 1
6792 1
6793 2
6794 2
6795 1
6796 2
6797 2
6798 3
6800 3
6801 2
6802 1
6803 4
6804 1
6805 1
6806 1
6807 5
6808 2
6809 6
6810 3
6811 3
6812 4
6813 1
6814 1
6815 2
6816 3
6817 1
6818 5
6819 5
6820 2
6821 3
6822 3
6823 2
6824 1
6825 1
6826 1
6827 2
6828 3
6829 3
6830 3
6831 2
6832 2
6833 4
6834 5
6835 3
6836 5
6837 2
6838 1
6839 2
6840 3
6841 4
6842 4
6844 2
6845 2
6846 4
6847 2
6848 3
6849 2
6850 2
6851 4
6852 4
6853 3
6854 2
6855 1
6856 1
6857 6
6858 3
6859 2
6860 1
6861 2
6862 1
6863 2
6864 2
6865 2
6866 4
6868 3
6869 2
6870 4
6871 1
6872 2
6873 2
6874 3
6875 1
6876 2
6877 1
6878 4
6879 4
6880 2
6881 1
6882 4
6883 3
6884 3
6885 3
6886 3
6887 1
6888 3
6890 2
6891 1
6892 1
6894 6
6895 2
6896 1
6898 2
6899 4
6900 3
6901 2
6902 1
6903 4
6904 2
6906 1
6907 4
6908 1
6909 2
6910 5
6911 1
6913 1
6914 1
6915 2
6916 1
6919 5
6920 3
6921 2
6922 2
6923 2
6924 2
6926 2
6927 2
6928 2
6929 2
6930 1
6932 1
6933 3
6934 2
6935 1
6936 2
6937 3
6938 1
6939 4
6940 2
6941 4
6942 4
6943 1
6944 4
6945 4
6946 4
6947 2
6948 2
6950 3
6951 2
6952 4
6953 1
6954 3
6955 3
6956 2
6957 2
6959 1
6960 1
6961 3
6962 1
6963 3
6964 3
6965 2
6968 3
6969 6
6970 6
6972 5
6974 2
6975 1
6976 3
6977 2
6978 2
6979 2
6980 3
6982 1
6983 1
6984 3
6985 1
6987 2
6988 1
6989 4
6990 3
6991 3
6992 1
6993 4
6994 1
6995 3
6996 2
6998 2
6999 1
7000 1
7001 2
7002 1
7003 2
7004 1
7005 2
7006 2
7007 3
7008 1
7009 2
7010 3
7011 1
7012 2
7014 1
7015 5
7016 3
7017 5
7018 3
7020 3
7021 1
7022 4
7023 2
7024 1
7025 2
7026 3
7027 3
7028 2
7029 2
7030 4
7031 2
7032 2
7034 5
7035 3
7036 2
7037 2
7038 2
7039 2
7040 4
7041 1
7042 1
7043 3
7044 1
7045 1
7046 3
7047 1
7048 3
7049 3
7050 5
7051 2
7052 3
7053 4
7054 1
7056 2
7057 2
7058 1
7059 1
7061 2
7062 2
7063 1
7064 1
7065 4
7067 1
7068 2
7069 3
7070 3
7071 2
7072 4
7073 3
7074 2
7075 1
7076 2
7077 3
7078 5
7079 3
7080 3
7083 2
7084 2
7085 3
7086 1
7087 3
7088 1
7089 3
7090 3
7091 2
7094 1
7095 4
7096 3
7097 3
7098 2
7099 1
7100 1
7101 4
7102 1
7103 2
7105 1
7106 2
7108 1
7109 1
7110 3
7111 4
7112 2
7113 2
7115 3
7116 3
7117 2
7118 4
7119 6
7120 3
7121 3
7122 1
7123 1
7124 3
7126 1
7127 2
7129 1
7130 4
7131 2
7132 2
7134 2
7135 2
7136 2
7138 3
7139 1
7140 2
7144 2
7145 3
7146 2
7147 1
7148 1
7149 2
7150 2
7151 3
7152 3
7153 2
7154 3
7155 6
7156 2
7157 2
7159 3
7160 3
7161 1
7162 2
7163 2
7164 1
7165 2
7166 1
7167 1
7168 2
7170 3
7171 3
7172 3
7174 1
7177 4
7178 2
7179 2
7180 3
7181 3
7183 4
7184 1
7185 4
7186 3
7187 3
7188 1
7189 1
7190 2
7191 1
7192 1
7195 1
7197 3
7198 3
7199 2
7200 3
7201 4
7202 1
7203 1
7204 2
7205 3
7206 2
7207 1
7208 1
7209 5
7210 2
7211 1
7212 4
7213 1
7214 2
7215 2
7217 3
7218 2
7219 2
7220 4
7221 1
7222 1
7223 5
7224 3
7226 3
7227 1
7228 3
7229 1
7230 4
7231 2
7232 4
7234 3
7235 1
7236 1
7237 1
7238 3
7239 1
7241 3
7243 1
7244 3
7245 2
7246 1
7248 3
7249 2
7250 1
7252 2
7253 3
7254 1
7255 2
7256 2
7257 2
7258 1
7259 3
7260 2
7261 2
7262 1
7263 3
7264 1
7265 3
7267 3
7268 3
7269 2
7270 2
7271 2
7273 3
7275 1
7276 1
7277 1
7279 1
7280 2
7281 4
7282 2
7283 1
7284 3
7285 2
7286 1
7287 1
7288 5
7289 2
7290 1
7292 1
7293 2
7294 1
7295 3
7296 3
7297 1
7298 3
7300 1
7301 2
7302 4
7303 2
7304 1
7305 2
7306 1
7308 2
7309 1
7310 2
7311 3
7312 1
7313 1
7314 1
7315 2
7318 1
7319 2
7321 3
7322 1
7323 2
7325 2
7326 2
7327 1
7328 2
7329 2
7330 3
7331 5
7332 3
7333 2
7335 3
7336 2
7337 3
7338 2
7339 2
7340 2
7341 5
7342 1
7343 1
7344 2
7345 4
7346 4
7347 5
7348 1
7351 1
7352 1
7355 1
7356 1
7357 1
7360 1
7361 1
7362 2
7363 2
7364 1
7365 2
7366 1
7367 2
7370 1
7372 3
7373 2
7375 2
7376 1
7378 1
7379 3
7381 1
7382 1
7383 1
7384 2
7385 2
7386 1
7387 4
7389 3
7390 2
7391 3
7392 1
7393 1
7394 1
7395 3
7396 2
7397 2
7399 2
7401 3
7402 3
7403 1
7404 1
7405 1
7406 2
7407 2
7408 1
7409 1
7410 5
7412 2
7413 3
7414 1
7415 3
7416 2
7417 2
7418 2
7419 4
7420 2
7421 2
7422 3
7423 2
7424 2
7426 1
7428 4
7429 1
7430 3
7431 3
7433 1
7434 2
7435 2
7438 1
7439 1
7440 3
7442 2
7443 3
7444 2
7445 1
7446 3
7449 2
7450 1
7451 3
7452 1
7453 3
7454 1
7455 2
7456 3
7457 3
7458 2
7460 1
7461 1
7462 4
7463 1
7464 2
7465 1
7466 2
7467 1
7468 4
7469 1
7470 3
7471 2
7472 5
7473 3
7474 2
7475 2
7476 2
7477 1
7478 2
7480 3
7481 1
7482 2
7483 2
7485 3
7486 1
7487 3
7488 2
7489 3
7492 1
7493 2
7494 2
7495 2
7497 1
7498 3
7499 2
7500 4
7502 4
7503 2
7504 1
7505 3
7506 2
7507 4
7508 1
7509 1
7510 1
7511 1
7512 3
7513 4
7514 1
7516 3
7517 1
7518 2
7521 1
7522 1
7523 4
7524 2
7525 1
7526 3
7527 3
7528 4
7529 1
7530 3
7531 1
7532 1
7533 1
7534 3
7537 3
7538 1
7539 2
7540 2
7542 1
7543 1
7544 1
7546 3
7547 1
7548 2
7549 3
7550 3
7551 1
7553 1
7555 2
7556 6
7557 1
7558 1
7559 2
7560 3
7561 1
7564 3
7566 1
7569 2
7570 2
7571 2
7574 2
7575 4
7576 2
7577 1
7578 4
7579 2
7580 1
7581 2
7582 1
7583 1
7585 2
7586 3
7592 3
7593 4
7594 2
7595 2
7596 1
7597 3
7598 1
7599 2
7600 1
7601 1
7603 3
7604 3
7605 1
7606 1
7607 1
7608 1
7609 1
7611 2
7613 3
7614 1
7615 1
7616 2
7617 2
7619 2
7620 1
7621 4
7623 2
7624 1
7625 2
7627 1
7629 2
7630 1
7631 2
7634 2
7635 4
7637 2
7639 2
7640 1
7641 3
7642 2
7643 4
7644 2
7647 2
7648 1
7649 1
7650 1
7651 1
7652 1
7653 1
7654 2
7655 3
7656 2
7657 1
7658 2
7660 1
7661 1
7662 4
7663 2
7664 2
7665 2
7666 2
7668 1
7670 2
7671 4
7672 2
7673 2
7676 1
7678 1
7679 2
7680 5
7681 2
7682 3
7683 2
7685 1
7686 1
7688 2
7689 1
7690 1
7691 3
7694 2
7695 1
7696 3
7699 1
7700 3
7702 1
7703 3
7705 2
7706 1
7707 4
7708 3
7709 2
7710 1
7711 3
7712 1
7713 3
7714 3
7715 3
7716 4
7717 4
7718 2
7720 1
7721 5
7722 2
7723 1
7724 1
7725 1
7726 2
7727 1
7728 2
7729 2
7731 2
7734 1
7736 2
7737 1
7738 1
7739 2
7740 1
7742 2
7743 1
7744 3
7746 3
7747 1
7748 4
7750 1
7751 4
7752 2
7753 3
7757 1
7758 2
7759 3
7760 1
7761 2
7762 2
7763 1
7764 1
7765 2
7766 2
7767 2
7768 1
7769 3
7770 1
7772 1
7774 1
7775 1
7776 3
7777 2
7779 1
7780 2
7782 3
7784 1
7785 2
7786 3
7787 2
7788 1
7789 2
7790 1
7791 2
7792 1
7793 1
7794 3
7795 4
7796 3
7798 1
7799 1
7801 3
7802 3
7803 1
7804 4
7805 3
7806 2
7807 3
7808 1
7809 3
7810 1
7811 1
7813 2
7814 4
7815 3
7816 1
7817 1
7818 3
7819 3
7820 4
7821 1
7822 1
7824 2
7825 3
7828 2
7829 2
7830 1
7831 2
7833 1
7834 1
7835 1
7836 2
7838 2
7839 1
7840 1
7841 3
7842 2
7843 4
7844 2
7845 4
7846 2
7847 2
7848 2
7851 2
7852 1
7853 2
7855 1
7856 3
7857 1
7859 1
7864 1
7865 4
7866 1
7867 1
7868 3
7869 1
7870 1
7871 1
7872 3
7875 1
7877 1
7878 2
7879 1
7882 5
7883 3
7884 1
7888 1
7889 1
7890 2
7891 1
7892 2
7893 4
7894 2
7897 1
7902 5
7903 2
7904 1
7906 3
7908 2
7909 1
7910 3
7911 1
7913 1
7916 3
7917 1
7918 2
7919 1
7920 1
7921 1
7922 2
7923 1
7924 2
7927 3
7928 2
7929 1
7930 3
7931 2
7932 2
7935 2
7936 1
7937 1
7941 1
7942 1
7943 2
7945 1
7946 1
7947 1
7948 1
7949 2
7950 1
7951 1
7952 2
7953 2
7954 1
7955 2
7956 1
7957 2
7958 1
7959 2
7960 4
7961 1
7962 1
7964 2
7966 1
7967 2
7968 1
7973 1
7977 1
7980 2
7981 3
7983 1
7984 1
7985 1
7987 3
7988 1
7990 1
7991 2
7992 3
7993 2
7994 1
7995 5
7996 2
7997 1
8000 1
8001 6
8002 5
8005 2
8007 2
8008 1
8010 5
8011 2
8012 2
8013 1
8014 4
8015 2
8016 1
8017 3
8022 2
8023 2
8024 1
8027 2
8028 1
8029 2
8030 2
8032 1
8037 2
8038 3
8039 3
8040 4
8041 1
8043 1
8044 1
8045 1
8046 1
8047 4
8049 1
8051 1
8053 1
8054 2
8055 1
8056 1
8059 1
8060 1
8061 3
8062 4
8063 2
8064 1
8065 2
8067 1
8068 2
8069 2
8070 3
8071 1
8072 1
8073 4
8074 2
8076 1
8077 2
8080 1
8082 1
8083 1
8085 4
8086 1
8088 2
8092 3
8093 1
8094 2
8095 1
8097 2
8099 1
8101 1
8102 1
8103 1
8104 1
8105 4
8106 1
8108 1
8110 3
8111 1
8114 1
8115 2
8116 2
8117 1
8119 1
8121 1
8122 2
8123 2
8124 3
8127 1
8128 3
8131 1
8133 2
8134 1
8135 2
8136 1
8137 1
8138 4
8139 1
8142 4
8143 1
8144 2
8145 3
8146 1
8147 2
8148 3
8149 1
8150 1
8152 3
8154 2
8159 4
8160 3
8161 2
8163 1
8166 1
8167 1
8168 2
8169 2
8170 1
8171 2
8172 2
8174 2
8175 1
8176 1
8177 2
8178 1
8179 2
8180 1
8181 1
8182 1
8183 1
8184 1
8185 1
8186 1
8188 1
8189 2
8190 3
8191 1
8192 1
8197 3
8198 2
8200 3
8201 2
8203 1
8205 2
8207 1
8208 2
8213 2
8218 1
8219 2
8220 1
8223 4
8224 1
8225 1
8226 1
8229 3
8230 1
8231 2
8232 1
8233 3
8234 1
8235 1
8236 2
8237 2
8238 2
8239 1
8240 2
8242 1
8243 2
8245 2
8246 1
8248 3
8250 4
8251 1
8253 2
8257 2
8258 2
8260 3
8261 1
8262 1
8263 1
8264 4
8266 2
8268 2
8269 4
8270 1
8272 2
8274 1
8275 1
8276 1
8278 1
8279 2
8281 3
8285 1
8286 2
8287 2
8289 1
8290 1
8291 1
8293 1
8294 3
8295 3
8297 3
8298 1
8299 1
8300 2
8302 1
8303 1
8304 1
8305 2
8308 1
8309 3
8312 3
8315 2
8316 1
8317 2
8319 1
8320 4
8322 2
8324 1
8325 1
8326 1
8327 1
8328 3
8331 2
8334 1
8335 1
8336 2
8337 2
8338 3
8339 3
8340 1
8341 1
8342 3
8351 1
8352 2
8353 1
8354 2
8355 1
8356 1
8358 1
8359 2
8365 5
8366 2
8367 3
8368 1
8369 4
8370 1
8371 1
8372 1
8373 2
8376 3
8378 1
8379 2
8380 1
8381 5
8382 1
8384 1
8387 2
8388 1
8389 1
8390 2
8392 1
8393 1
8394 1
8398 1
8399 2
8400 2
8401 1
8402 1
8403 3
8404 3
8405 1
8406 1
8407 1
8408 1
8409 1
8411 1
8413 1
8415 2
8416 3
8417 1
8419 1
8420 1
8421 2
8423 1
8424 1
8425 1
8426 1
8427 1
8428 1
8429 2
8433 2
8434 1
8435 2
8437 2
8438 1
8441 1
8442 1
8443 1
8444 1
8446 2
8450 1
8451 2
8452 1
8454 2
8457 1
8459 1
8460 1
8463 1
8464 3
8465 1
8466 1
8467 2
8468 1
8469 1
8470 1
8472 2
8473 1
8474 1
8475 1
8476 2
8478 1
8482 1
8483 2
8484 2
8485 3
8486 2
8488 1
8492 3
8493 2
8494 1
8496 2
8501 1
8506 1
8507 2
8508 2
8514 2
8516 2
8518 1
8519 1
8520 1
8521 2
8522 2
8524 1
8525 1
8527 3
8528 1
8530 1
8531 2
8532 3
8535 1
8536 1
8538 2
8540 1
8541 1
8543 1
8544 1
8545 1
8546 1
8547 2
8549 2
8551 1
8553 1
8555 1
8557 1
8558 1
8559 1
8560 1
8561 1
8564 2
8566 1
8567 2
8568 2
8569 1
8572 2
8578 2
8580 1
8581 2
8583 1
8584 2
8585 3
8589 2
8590 1
8591 3
8592 1
8594 1
8595 2
8598 1
8600 1
8601 1
8605 1
8607 1
8608 3
8612 3
8613 1
8614 1
8615 2
8616 1
8618 3
8619 1
8620 2
8621 3
8622 1
8625 2
8626 1
8627 2
8628 2
8630 1
8634 1
8636 4
8637 2
8638 1
8639 1
8640 2
8642 1
8643 1
8644 1
8647 2
8652 1
8656 2
8657 5
8659 1
8660 3
8661 1
8662 1
8664 2
8666 1
8667 1
8669 2
8670 3
8672 1
8673 1
8675 1
8676 1
8677 1
8679 1
8680 3
8682 1
8683 1
8684 1
8685 1
8688 2
8690 2
8691 2
8693 3
8694 1
8696 2
8699 1
8700 3
8701 1
8702 2
8704 3
8708 1
8709 1
8712 1
8713 1
8714 1
8715 1
8716 2
8717 1
8718 3
8719 1
8720 1
8721 1
8722 1
8724 1
8729 1
8730 3
8731 1
8732 1
8733 2
8736 1
8738 1
8744 1
8747 1
8748 4
8750 1
8751 1
8752 1
8753 2
8754 1
8758 2
8760 1
8761 1
8762 2
8763 1
8764 1
8767 1
8768 2
8769 2
8770 2
8773 1
8774 1
8780 3
8782 4
8783 1
8786 1
8787 1
8788 1
8790 1
8795 1
8798 4
8800 1
8802 1
8804 1
8806 2
8809 1
8810 2
8814 1
8815 1
8816 2
8817 3
8818 1
8819 1
8820 2
8821 2
8823 2
8824 1
8825 1
8826 2
8830 2
8831 3
8835 1
8837 1
8839 1
8841 1
8842 3
8846 2
8847 2
8850 2
8852 2
8853 1
8854 2
8855 1
8856 1
8857 1
8859 2
8862 1
8863 1
8865 2
8868 1
8869 2
8870 1
8873 2
8875 1
8876 2
8877 1
8878 1
8879 1
8883 1
8884 2
8885 1
8886 1
8887 1
8890 1
8891 2
8892 1
8894 1
8897 2
8898 2
8899 1
8900 1
8903 1
8906 2
8907 1
8911 2
8912 1
8913 1
8914 1
8915 2
8917 2
8918 1
8920 3
8921 1
8923 2
8924 1
8925 1
8926 3
8930 2
8932 1
8934 1
8936 2
8937 3
8938 1
8945 1
8946 1
8947 1
8948 1
8950 2
8954 1
8956 2
8960 1
8961 1
8962 1
8963 4
8964 1
8966 2
8967 1
8968 1
8969 1
8970 2
8973 1
8974 1
8975 1
8977 1
8979 2
8980 2
8981 1
8982 3
8984 3
8985 1
8988 1
8991 1
8993 1
8994 1
8997 2
8998 1
8999 1
9003 2
9004 1
9008 1
9009 1
9010 1
9011 2
9012 1
9014 1
9015 1
9020 2
9022 2
9023 1
9024 1
9032 1
9034 1
9035 1
9036 2
9037 1
9038 3
9046 1
9047 1
9048 3
9049 1
9050 1
9052 2
9053 2
9054 1
9055 1
9057 3
9058 1
9059 1
9060 1
9061 1
9062 1
9063 1
9065 1
9066 3
9067 1
9074 2
9077 1
9080 1
9081 2
9083 3
9084 1
9085 1
9087 1
9090 1
9091 1
9094 1
9095 1
9098 1
9102 1
9104 1
9105 1
9107 2
9109 1
9110 2
9111 1
9115 3
9116 1
9117 2
9118 1
9121 2
9122 1
9123 1
9129 1
9130 1
9131 3
9132 2
9134 1
9136 1
9141 1
9142 2
9145 1
9149 1
9152 2
9153 2
9154 1
9158 1
9160 2
9162 2
9163 1
9166 3
9167 1
9170 2
9171 1
9173 1
9179 1
9180 1
9182 1
9183 2
9184 1
9185 1
9186 1
9187 2
9189 1
9192 1
9193 1
9194 1
9195 2
9196 1
9198 2
9199 1
9200 1
9203 1
9207 3
9208 1
9209 1
9211 2
9212 2
9213 2
9215 2
9219 2
9222 1
9224 1
9225 4
9226 1
9227 1
9228 1
9230 1
9232 1
9233 3
9234 1
9236 1
9237 1
9238 1
9239 1
9243 1
9247 1
9248 2
9251 1
9252 1
9255 1
9258 3
9259 1
9260 2
9264 1
9268 1
9271 1
9273 1
9276 1
9277 1
9280 1
9282 1
9285 2
9287 2
9293 2
9294 2
9297 1
9300 1
9303 2
9304 3
9305 1
9307 3
9308 3
9311 1
9314 1
9316 1
9318 1
9322 1
9323 1
9325 3
9327 2
9335 2
9338 1
9339 1
9341 2
9343 1
9345 1
9346 2
9347 1
9352 1
9353 3
9354 1
9356 1
9358 2
9359 1
9361 1
9362 2
9364 1
9365 1
9366 1
9371 1
9373 1
9374 2
9378 2
9382 1
9383 1
9384 2
9385 2
9386 1
9387 1
9388 2
9391 1
9393 1
9394 1
9400 1
9403 2
9406 1
9408 2
9409 1
9410 1
9411 1
9416 1
9419 1
9422 3
9424 1
9425 2
9430 1
9432 1
9433 1
9436 1
9437 2
9438 2
9439 1
9440 2
9442 1
9443 1
9444 1
9446 2
9449 1
9451 1
9452 1
9457 1
9459 1
9461 1
9463 1
9464 2
9465 2
9466 1
9467 1
9468 1
9469 1
9471 2
9473 1
9475 2
9479 1
9481 1
9484 1
9486 1
9488 1
9489 1
9490 3
9491 1
9494 1
9497 1
9498 1
9499 1
9502 1
9503 1
9505 2
9507 1
9508 1
9511 1
9512 1
9516 1
9517 2
9518 1
9519 1
9521 1
9522 1
9523 1
9527 2
9529 1
9532 1
9533 1
9534 2
9535 2
9536 1
9538 2
9539 2
9540 1
9541 2
9544 3
9545 1
9546 1
9547 1
9549 2
9551 1
9552 1
9556 1
9557 1
9558 1
9559 1
9560 3
9561 2
9562 3
9566 1
9567 1
9569 2
9570 1
9571 2
9574 1
9576 1
9583 1
9584 1
9585 2
9587 1
9592 1
9593 3
9594 1
9599 1
9600 1
9601 2
9603 1
9605 1
9608 1
9613 1
9616 3
9617 1
9623 1
9627 3
9628 1
9630 1
9632 1
9635 2
9637 1
9638 1
9642 1
9643 2
9644 1
9645 2
9646 1
9648 1
9650 2
9656 1
9657 1
9660 2
9662 2
9664 3
9667 1
9668 1
9669 1
9670 1
9678 4
9683 2
9684 2
9689 4
9690 1
9691 1
9693 1
9695 1
9696 1
9705 1
9707 1
9708 1
9709 3
9711 1
9712 2
9714 1
9715 1
9716 1
9717 2
9719 1
9720 1
9723 1
9724 1
9725 1
9727 1
9728 1
9730 1
9735 1
9742 1
9745 2
9748 1
9750 1
9751 1
9752 1
9753 2
9755 1
9756 1
9760 1
9761 1
9762 2
9763 1
9766 1
9767 1
9768 2
9769 1
9770 2
9771 1
9775 1
9776 1
9777 1
9778 5
9779 1
9781 2
9783 1
9785 2
9787 1
9789 1
9797 1
9801 1
9803 1
9804 1
9807 1
9808 1
9809 1
9813 1
9815 1
9818 1
9822 2
9824 1
9827 1
9831 2
9832 1
9833 3
9835 1
9843 1
9846 2
9847 1
9851 2
9852 1
9853 1
9857 3
9862 1
9865 1
9868 1
9872 2
9880 1
9881 1
9885 2
9889 2
9890 2
9893 1
9895 1
9897 2
9898 1
9901 1
9902 2
9906 2
9907 1
9908 2
9909 2
9910 3
9911 2
9912 1
9914 1
9916 2
9917 1
9918 1
9919 2
9923 1
9926 2
9929 3
9930 1
9932 1
9934 1
9937 1
9940 1
9944 2
9946 1
9948 1
9950 1
9964 1
9967 2
9968 1
9969 1
9970 2
9971 1
9974 1
9975 4
9979 2
9982 1
9985 1
9986 1
9987 1
9988 1
9990 1
9993 2
9995 1
9996 1
9997 2
9999 1
10002 2
10007 1
10009 2
10012 2
10014 1
10017 1
10018 2
10019 1
10020 1
10021 1
10022 2
10023 2
10024 1
10028 1
10029 2
10030 1
10034 2
10036 2
10037 1
10038 1
10040 1
10041 1
10043 1
10044 1
10045 1
10046 1
10049 1
10053 1
10054 2
10058 1
10061 2
10062 2
10063 1
10065 1
10067 1
10068 1
10069 2
10070 1
10073 2
10076 1
10079 1
10081 1
10084 1
10085 1
10086 1
10089 1
10090 1
10102 1
10105 1
10106 1
10109 2
10110 1
10113 3
10117 2
10118 2
10120 1
10121 1
10122 1
10123 1
10127 1
10130 1
10131 1
10135 1
10136 3
10139 2
10140 2
10141 1
10144 1
10148 1
10150 1
10151 1
10153 2
10155 2
10156 2
10158 1
10163 1
10165 1
10166 1
10170 1
10171 1
10175 1
10176 1
10179 1
10181 2
10182 2
10183 1
10185 1
10186 1
10187 2
10188 1
10191 1
10192 1
10193 1
10194 1
10196 3
10201 1
10203 1
10208 1
10209 1
10211 2
10212 1
10215 1
10216 2
10221 2
10222 1
10224 1
10226 2
10227 1
10229 1
10230 1
10235 1
10236 1
10237 1
10238 1
10239 1
10240 1
10244 1
10245 1
10247 1
10249 2
10255 1
10259 1
10263 1
10268 2
10269 1
10271 1
10272 1
10274 3
10276 1
10282 1
10283 1
10285 1
10291 1
10297 2
10298 1
10299 1
10300 1
10302 1
10304 1
10305 1
10307 1
10309 1
10311 1
10312 1
10313 1
10319 1
10323 2
10324 1
10326 3
10329 1
10334 1
10336 1
10337 2
10343 1
10344 1
10348 2
10350 1
10351 1
10354 1
10355 1
10356 1
10358 1
10359 1
10360 1
10361 1
10363 2
10366 1
10369 1
10371 1
10372 1
10373 1
10381 4
10385 1
10386 1
10391 1
10392 1
10393 2
10394 1
10395 1
10397 1
10406 1
10408 1
10410 1
10413 1
10414 1
10416 1
10417 1
10419 1
10420 1
10421 1
10422 1
10423 1
10424 1
10428 1
10434 1
10435 1
10437 2
10438 3
10440 1
10441 1
10450 1
10454 1
10455 1
10458 1
10459 1
10460 1
10461 1
10463 1
10464 1
10466 2
10469 1
10473 1
10475 1
10479 1
10480 2
10482 2
10483 1
10494 1
10497 1
10502 1
10507 1
10508 2
10513 2
10514 2
10518 1
10522 2
10526 1
10527 1
10528 1
10530 3
10532 2
10534 1
10536 1
10537 1
10542 1
10543 2
10546 2
10547 1
10549 1
10551 2
10553 1
10560 1
10561 1
10562 1
10564 1
10565 1
10568 2
10571 1
10579 1
10581 2
10585 2
10586 1
10588 1
10594 1
10595 1
10598 1
10600 1
10603 2
10605 1
10607 2
10608 1
10609 1
10611 1
10612 1
10616 1
10617 1
10619 1
10621 1
10622 1
10623 1
10627 1
10631 1
10635 2
10636 1
10637 2
10644 1
10655 2
10656 1
10661 1
10663 1
10664 1
10665 1
10667 2
10668 1
10671 1
10673 1
10674 1
10675 1
10676 2
10679 1
10681 2
10684 2
10686 1
10688 1
10692 1
10693 1
10695 1
10696 1
10700 1
10701 3
10710 1
10712 2
10713 1
10715 1
10717 2
10718 2
10719 2
10721 1
10725 1
10728 1
10730 1
10731 1
10733 1
10734 1
10736 1
10743 2
10745 1
10747 1
10748 2
10750 1
10751 1
10757 1
10776 2
10777 1
10782 1
10784 1
10785 1
10786 1
10787 1
10788 1
10789 2
10792 1
10795 1
10796 1
10797 1
10803 1
10804 3
10808 1
10809 1
10812 1
10816 1
10817 1
10824 1
10825 1
10826 1
10830 1
10832 1
10833 1
10835 1
10836 2
10850 1
10853 1
10854 1
10859 1
10860 1
10861 2
10865 1
10868 1
10869 1
10873 1
10874 1
10876 1
10879 1
10884 1
10888 1
10892 1
10894 1
10895 1
10896 2
10898 1
10900 1
10902 2
10903 1
10910 2
10912 1
10913 1
10915 1
10916 1
10917 2
10919 1
10921 2
10922 2
10923 2
10924 2
10927 1
10937 1
10941 1
10948 1
10949 1
10950 1
10951 1
10952 1
10955 1
10958 1
10959 2
10964 1
10967 1
10968 1
10970 1
10971 1
10972 1
10973 1
10975 2
10983 1
10984 1
10992 1
10994 1
10995 1
10996 1
10997 1
10999 1
11011 1
11012 1
11013 1
11015 2
11016 1
11023 1
11026 2
11029 1
11031 2
11033 1
11035 1
11038 1
11040 1
11041 1
11045 1
11046 1
11047 1
11048 1
11052 1
11057 1
11060 2
11066 1
11076 1
11082 1
11084 1
11086 2
11087 1
11091 1
11095 1
11096 1
11097 1
11099 1
11101 1
11102 1
11103 2
11109 1
11110 1
11115 1
11116 1
11120 1
11122 3
11123 1
11124 1
11126 2
11128 1
11137 1
11145 1
11148 2
11154 1
11158 1
11160 1
11161 1
11162 2
11163 1
11164 1
11167 2
11169 1
11176 2
11177 1
11183 1
11185 1
11189 1
11198 1
11200 1
11201 1
11205 2
11210 1
11212 1
11215 1
11223 1
11226 1
11229 1
11231 1
11237 1
11238 2
11249 1
11250 1
11253 1
11256 1
11258 1
11262 1
11265 1
11269 1
11275 1
11276 1
11277 1
11281 1
11282 1
11288 1
11290 2
11294 1
11304 1
11312 1
11316 1
11317 2
11321 1
11323 1
11326 1
11332 1
11333 2
11345 2
11347 1
11353 1
11354 1
11355 1
11358 1
11361 1
11367 1
11376 1
11378 1
11379 1
11380 2
11382 1
11395 1
11403 1
11406 2
11409 1
11420 1
11426 1
11429 1
11438 1
11441 1
11445 1
11446 2
11450 1
11455 1
11459 1
11460 2
11462 1
11463 3
11467 1
11468 1
11469 1
11472 1
11477 1
11480 2
11490 4
11491 1
11500 1
11502 2
11503 1
11507 1
11509 1
11510 1
11511 1
11512 1
11515 1
11517 1
11519 1
11530 1
11531 1
11538 1
11541 1
11545 1
11546 1
11547 1
11549 1
11550 1
11554 1
11555 1
11558 1
11561 1
11564 1
11567 1
11569 1
11570 1
11572 3
11575 1
11576 2
11577 1
11578 1
11580 1
11583 1
11586 1
11596 2
11597 1
11598 1
11600 1
11603 2
11606 1
11607 1
11615 1
11619 2
11623 1
11624 1
11632 1
11633 1
11638 1
11640 1
11645 1
11646 1
11650 1
11651 1
11654 1
11655 1
11656 1
11658 1
11663 1
11667 1
11672 2
11673 1
11674 1
11675 1
11679 2
11680 1
11683 1
11685 1
11687 1
11697 1
11704 1
11705 1
11706 1
11713 1
11714 1
11718 1
11719 1
11721 1
11722 1
11723 1
11726 2
11731 2
11736 1
11746 1
11747 1
11748 1
11752 1
11755 2
11756 1
11757 1
11759 2
11764 1
11768 1
11773 2
11782 2
11796 2
11800 1
11806 1
11811 1
11816 2
11817 1
11823 1
11826 1
11827 1
11836 1
11839 1
11840 1
11842 1
11844 1
11845 2
11850 1
11857 1
11859 1
11860 1
11862 1
11868 1
11878 1
11884 1
11886 1
11887 1
11891 1
11892 2
11900 2
11904 1
11909 1
11912 1
11913 1
11914 1
11917 1
11926 1
11930 1
11933 1
11942 1
11944 1
11949 1
11954 1
11958 1
11963 1
11964 1
11968 1
11970 1
11972 1
11974 1
11981 3
11984 1
11986 1
12004 1
12008 2
12010 1
12011 1
12013 1
12014 1
12016 2
12020 1
12022 1
12025 1
12034 1
12037 2
12041 1
12043 1
12044 1
12055 1
12056 1
12057 1
12060 1
12062 1
12069 2
12070 1
12074 1
12077 1
12085 1
12104 1
12106 1
12109 1
12116 1
12120 1
12131 2
12135 1
12138 1
12146 1
12150 1
12151 1
12157 1
12173 1
12176 1
12179 1
12181 1
12183 1
12188 1
12194 1
12196 1
12199 1
12210 1
12215 1
12219 1
12220 1
12221 1
12231 1
12232 1
12238 1
12239 1
12245 1
12246 1
12247 3
12250 1
12251 1
12261 2
12263 1
12266 2
12285 2
12294 1
12298 1
12304 1
12309 1
12314 1
12318 1
12326 1
12329 1
12334 1
12336 1
12345 1
12350 1
12355 1
12359 1
12375 1
12376 1
12383 1
12385 1
12388 1
12389 1
12400 1
12405 1
12407 1
12408 1
12419 1
12432 1
12438 1
12448 1
12449 1
12454 1
12457 1
12459 1
12472 1
12473 1
12482 1
12492 1
12496 1
12510 1
12512 1
12514 1
12518 1
12521 1
12522 1
12523 1
12524 1
12549 1
12551 1
12552 1
12553 1
12554 1
12561 1
12563 1
12565 1
12567 2
12579 1
12586 1
12593 1
12600 1
12601 1
12612 1
12617 2
12645 1
12647 1
12649 1
12656 1
12657 1
12658 1
12660 1
12661 1
12668 1
12669 1
12675 1
12676 1
12689 1
12693 1
12695 1
12702 1
12712 1
12715 1
12725 1
12728 2
12732 1
12743 1
12745 1
12767 1
12774 1
12776 1
12781 1
12782 1
12786 1
12791 1
12796 1
12809 1
12810 1
12812 1
12814 1
12824 1
12831 1
12832 1
12833 1
12835 1
12837 1
12850 1
12853 1
12867 1
12868 1
12881 1
12883 1
12885 1
12886 1
12896 1
12911 1
12914 1
12920 1
12936 1
12937 1
12939 1
12946 1
12947 1
12951 1
12955 1
12958 1
12963 1
12965 1
12969 1
12978 1
12982 1
12991 1
13006 1
13012 2
13021 2
13027 1
13030 3
13033 1
13043 1
13061 1
13069 1
13076 1
13079 1
13082 1
13084 1
13089 1
13106 1
13107 1
13116 1
13124 1
13132 1
13133 1
13136 1
13139 1
13153 1
13163 2
13169 1
13174 1
13180 1
13181 1
13182 1
13184 1
13187 1
13188 1
13189 1
13192 1
13194 1
13197 1
13198 1
13210 1
13217 1
13223 1
13226 1
13234 1
13238 1
13242 1
13260 1
13262 1
13263 1
13271 1
13276 1
13279 1
13283 1
13289 1
13297 1
13298 1
13307 1
13330 1
13335 1
13340 1
13353 1
13360 1
13370 1
13374 1
13375 2
13376 1
13379 1
13384 1
13385 1
13387 1
13394 1
13397 1
13404 1
13407 1
13408 2
13421 1
13429 1
13430 1
13431 1
13441 1
13444 1
13451 1
13469 2
13478 1
13482 1
13494 1
13495 1
13496 1
13499 1
13505 2
13506 1
13513 1
13517 1
13524 2
13535 1
13548 1
13553 1
13565 1
13570 1
13574 1
13579 1
13580 2
13584 1
13589 1
13601 1
13602 1
13603 1
13622 1
13627 1
13628 1
13631 1
13636 1
13642 1
13647 1
13649 1
13661 1
13666 1
13673 1
13680 1
13681 1
13694 1
13700 1
13703 1
13714 1
13722 1
13728 1
13734 1
13740 1
13742 1
13746 1
13747 1
13761 1
13767 1
13769 1
13775 1
13777 1
13784 1
13798 1
13822 1
13833 1
13834 1
13836 1
13839 1
13840 1
13843 1
13849 1
13865 1
13869 1
13871 1
13884 1
13885 1
13887 1
13904 1
13920 1
13932 1
13936 1
13950 1
13953 1
13971 1
13975 1
13980 1
13984 1
13986 1
13987 1
13988 1
13995 1
14000 1
14007 1
14010 1
14018 1
14024 1
14027 1
14042 1
14043 1
14044 1
14046 1
14052 1
14057 1
14058 1
14066 1
14075 1
14078 1
14090 1
14095 1
14106 1
14114 1
14116 1
14117 1
14127 1
14130 1
14143 1
14160 1
14166 1
14178 1
14180 1
14184 1
14195 1
14200 2
14201 1
14207 1
14224 1
14228 1
14233 1
14234 1
14235 2
14238 1
14249 1
14263 1
14273 1
14295 1
14307 2
14317 1
14321 1
14331 2
14337 1
14356 1
14359 1
14362 2
14384 1
14385 2
14389 1
14415 2
14418 1
14422 1
14434 1
14443 1
14444 1
14452 1
14455 1
14459 1
14463 1
14468 1
14479 1
14494 1
14528 2
14538 1
14539 1
14554 1
14555 1
14568 1
14576 1
14582 1
14585 1
14598 1
14601 1
14606 1
14613 1
14616 1
14624 1
14627 1
14631 1
14653 1
14661 1
14672 1
14676 1
14679 1
14705 1
14710 1
14732 1
14768 1
14793 1
14822 1
14825 1
14826 1
14836 1
14840 1
14844 1
14846 1
14872 1
14879 1
14885 1
14936 1
14966 1
14978 1
14979 1
14980 1
14984 1
14987 1
15000 1
15010 1
15030 1
15060 1
15063 1
15090 1
15100 1
15105 1
15120 1
15146 1
15160 1
15161 1
15163 1
15172 1
15180 1
15187 1
15188 1
15191 1
15194 1
15205 1
15217 1
15237 1
15264 1
15267 1
15295 1
15300 1
15305 1
15331 2
15335 2
15345 1
15363 1
15370 1
15381 1
15391 1
15394 1
15403 1
15430 1
15431 1
15438 1
15461 1
15463 1
15464 1
15468 1
15474 1
15493 1
15507 1
15511 1
15513 1
15545 1
15564 1
15612 1
15617 1
15618 1
15622 1
15638 1
15639 1
15654 1
15660 1
15674 2
15677 1
15678 1
15682 1
15683 1
15700 1
15701 1
15720 1
15741 1
15747 1
15748 1
15756 1
15763 1
15798 1
15800 1
15805 1
15814 2
15820 1
15823 1
15830 1
15838 1
15841 1
15891 1
15933 1
15935 1
15946 1
15965 1
15990 1
16003 1
16005 1
16012 1
16022 1
16038 1
16046 1
16057 1
16060 1
16062 1
16071 1
16087 1
16093 1
16095 1
16126 1
16132 1
16135 1
16147 1
16155 1
16160 1
16166 1
16171 1
16200 1
16220 1
16248 1
16298 1
16300 1
16328 1
16348 1
16351 1
16354 1
16416 1
16423 1
16444 1
16467 1
16484 1
16517 1
16541 1
16578 1
16606 1
16645 1
16654 1
16681 1
16693 1
16709 1
16727 1
16741 1
16746 1
16750 1
16756 1
16781 1
16813 1
16861 1
16868 1
16893 1
16903 1
16909 1
16914 1
16927 1
16930 1
17005 1
17007 1
17022 1
17027 1
17089 1
17109 1
17112 2
17116 1
17194 1
17214 1
17237 1
17244 1
17263 1
17337 1
17346 1
17387 1
17388 1
17439 1
17453 1
17517 1
17556 1
17557 1
17626 1
17638 1
17655 1
17750 1
17784 1
17795 1
17818 1
17834 1
17939 1
17977 2
17992 1
18037 2
18041 1
18051 1
18187 1
18191 1
18288 1
18345 1
18362 1
18393 1
18406 1
18551 1
18577 1
18651 1
18695 1
18714 1
18755 1
18761 1
18782 1
18795 1
18798 1
18803 1
18806 1
18822 1
18844 1
18869 1
18988 1
19004 1
19055 1
19092 1
19262 1
19306 1
19346 1
19355 1
19401 1
19406 1
19450 1
19454 1
19587 1
19647 1
19665 1
19670 1
19734 1
19776 1
19792 1
19797 1
19825 1
19833 1
19924 1
20067 1
20108 1
20139 1
20161 1
20222 1
20254 1
20267 1
20299 1
20303 1
20323 1
20338 1
20401 1
20469 1
20511 1
20537 1
20628 1
20635 1
20682 1
20799 1
20810 1
20836 1
20849 1
20919 1
20983 1
21034 1
21104 1
21293 1
21317 1
21337 1
21383 1
21400 1
21551 1
21652 1
21853 1
21856 1
21977 1
22300 1
22382 1
22461 1
22556 1
22707 1
22755 1
22798 1
22957 1
22997 1
23055 1
23072 1
23083 1
23246 1
23337 1
23671 1
23786 1
24164 1
24559 1
25180 1
25325 1
25466 1
25998 1
26517 1
26871 1
26976 1
27228 1
28094 1
28260 1
29446 1
30501 1
