161 1
162 5
163 9
164 28
165 28
166 37
167 30
168 38
169 39
170 27
171 38
172 23
173 30
174 44
175 39
176 41
177 53
178 56
179 46
180 71
181 65
182 79
183 87
184 70
185 77
186 79
187 104
188 133
189 151
190 143
191 178
192 179
193 175
194 184
195 214
196 257
197 310
198 356
199 410
200 430
201 446
202 421
203 482
204 495
205 506
206 550
207 642
208 615
209 696
210 696
211 754
212 820
213 844
214 1099
215 1346
216 1342
217 1344
218 1341
219 1319
220 1224
221 1326
222 1341
223 1501
224 1545
225 1660
226 1747
227 1778
228 1831
229 1873
230 2007
231 2039
232 2065
233 2117
234 2190
235 2309
236 2442
237 2531
238 2517
239 2606
240 2680
241 2778
242 2914
243 3020
244 3279
245 3389
246 3549
247 3593
248 3811
249 3953
250 4064
251 4059
252 4270
253 4424
254 4672
255 4913
256 4843
257 5130
258 5183
259 5407
260 5484
261 5594
262 5661
263 6026
264 5981
265 6052
266 6028
267 6111
268 6239
269 6415
270 6466
271 6933
272 7388
273 7518
274 7455
275 7672
276 7772
277 7788
278 7982
279 8056
280 8247
281 8214
282 8283
283 8528
284 8581
285 8708
286 8615
287 8601
288 8923
289 9285
290 9126
291 8911
292 9041
293 9124
294 9150
295 9008
296 8978
297 9002
298 9193
299 9122
300 9396
301 9730
302 9782
303 9837
304 10062
305 10121
306 9928
307 10406
308 10326
309 10261
310 10418
311 10424
312 10233
313 10490
314 10563
315 10528
316 10466
317 10815
318 10769
319 11041
320 10725
321 10686
322 10391
323 10904
324 10662
325 10638
326 10442
327 10487
328 10625
329 10488
330 10538
331 10481
332 10583
333 10487
334 10412
335 10310
336 10270
337 10371
338 10111
339 10150
340 10335
341 10280
342 10111
343 10236
344 10540
345 10477
346 10284
347 10239
348 10171
349 10197
350 10021
351 9886
352 9838
353 9845
354 9570
355 9812
356 9729
357 9740
358 9978
359 9872
360 9852
361 10064
362 10152
363 10199
364 10065
365 10099
366 10310
367 10555
368 9953
369 9782
370 9815
371 9886
372 9694
373 9751
374 9495
375 9592
376 9347
377 9900
378 9812
379 9566
380 9262
381 9229
382 8985
383 9201
384 8993
385 9001
386 8915
387 8850
388 8807
389 8830
390 9003
391 9111
392 8735
393 8789
394 8479
395 8434
396 8399
397 8103
398 8063
399 8013
400 8025
401 7839
402 7744
403 7662
404 7758
405 7558
406 7588
407 7567
408 7824
409 7508
410 7488
411 7481
412 7285
413 7283
414 7264
415 7185
416 7233
417 7218
418 7155
419 7045
420 6847
421 6656
422 6519
423 6669
424 6526
425 6606
426 6411
427 6322
428 6116
429 6086
430 6236
431 6086
432 6023
433 6031
434 5954
435 6066
436 5885
437 5814
438 5737
439 5657
440 5621
441 5545
442 5711
443 5496
444 5378
445 5406
446 5612
447 5550
448 5454
449 5582
450 5424
451 5277
452 5516
453 5314
454 5313
455 5325
456 5214
457 5299
458 5165
459 5228
460 5228
461 5277
462 5244
463 5230
464 5028
465 5287
466 5019
467 4991
468 4943
469 4774
470 4858
471 4861
472 4765
473 4879
474 4830
475 4812
476 4589
477 4596
478 4827
479 4881
480 4689
481 4705
482 4718
483 4646
484 4512
485 4760
486 4631
487 4546
488 4491
489 4447
490 4528
491 4693
492 4840
493 4561
494 4547
495 4507
496 4600
497 4476
498 4552
499 4551
500 4735
501 4580
502 4526
503 4529
504 4504
505 4615
506 4622
507 4938
508 4777
509 4861
510 5022
511 5071
512 5051
513 4863
514 4971
515 5104
516 5089
517 5214
518 5271
519 5325
520 5286
521 5193
522 5241
523 5365
524 5362
525 5288
526 5355
527 5309
528 5240
529 5393
530 5420
531 5612
532 5683
533 5694
534 5832
535 5942
536 5959
537 6003
538 5766
539 5925
540 6054
541 6271
542 6248
543 6310
544 6116
545 6233
546 6089
547 6218
548 6120
549 6226
550 6392
551 6395
552 6371
553 6450
554 6616
555 6600
556 6504
557 6405
558 6443
559 6457
560 6392
561 6418
562 6527
563 6480
564 6179
565 6364
566 6118
567 6189
568 6167
569 6205
570 6199
571 6244
572 6484
573 6586
574 6387
575 6391
576 6336
577 6212
578 6282
579 6309
580 6245
581 6268
582 6320
583 6075
584 6237
585 5986
586 5992
587 6115
588 6003
589 6026
590 6124
591 6082
592 6092
593 5908
594 5995
595 6106
596 6087
597 6053
598 5883
599 5886
600 5898
601 6062
602 5995
603 5967
604 6093
605 5941
606 5960
607 5980
608 6044
609 5976
610 5932
611 5748
612 5867
613 5837
614 5847
615 5794
616 5881
617 5805
618 5890
619 5879
620 5810
621 5839
622 5764
623 5570
624 5647
625 5607
626 5452
627 5467
628 5385
629 5560
630 5434
631 5410
632 5255
633 5122
634 5167
635 5137
636 5147
637 5135
638 5106
639 5110
640 5116
641 5055
642 4942
643 4880
644 4839
645 4877
646 4860
647 4899
648 4916
649 4892
650 4926
651 4839
652 4830
653 4840
654 4687
655 4798
656 4726
657 4674
658 4738
659 4790
660 4597
661 4575
662 4536
663 4577
664 4538
665 4426
666 4479
667 4489
668 4532
669 4523
670 4518
671 4388
672 4524
673 4436
674 4412
675 4250
676 4426
677 4309
678 4358
679 4326
680 4379
681 4362
682 4229
683 4145
684 4138
685 4118
686 4210
687 4141
688 4298
689 4207
690 4358
691 4295
692 4217
693 4189
694 4266
695 4148
696 4204
697 4236
698 4178
699 4020
700 4047
701 4107
702 4007
703 4038
704 4111
705 3985
706 3976
707 4145
708 3969
709 3873
710 3864
711 4001
712 3961
713 3939
714 3973
715 3803
716 3890
717 3868
718 3901
719 3741
720 3683
721 3709
722 3767
723 3718
724 3776
725 3724
726 3754
727 3778
728 3707
729 3648
730 3793
731 3647
732 3698
733 3619
734 3618
735 3571
736 3545
737 3619
738 3509
739 3475
740 3522
741 3516
742 3528
743 3494
744 3422
745 3341
746 3366
747 3402
748 3310
749 3392
750 3440
751 3240
752 3260
753 3294
754 3271
755 3232
756 3178
757 3263
758 3305
759 3275
760 3122
761 3147
762 3177
763 3262
764 3189
765 3277
766 3246
767 3171
768 3199
769 3221
770 3234
771 3212
772 3264
773 3145
774 3064
775 3124
776 2988
777 3125
778 3093
779 3009
780 2963
781 2995
782 3000
783 2970
784 2937
785 2908
786 3046
787 2983
788 2838
789 2967
790 2882
791 2961
792 3002
793 2894
794 2897
795 2861
796 2956
797 2851
798 2831
799 2880
800 2819
801 2818
802 2827
803 2770
804 2789
805 2712
806 2732
807 2689
808 2665
809 2610
810 2694
811 2688
812 2635
813 2648
814 2566
815 2527
816 2535
817 2537
818 2581
819 2487
820 2534
821 2431
822 2387
823 2490
824 2427
825 2455
826 2449
827 2406
828 2424
829 2363
830 2390
831 2410
832 2247
833 2408
834 2289
835 2404
836 2250
837 2289
838 2339
839 2239
840 2235
841 2316
842 2204
843 2268
844 2187
845 2132
846 2188
847 2175
848 2173
849 2080
850 2127
851 2083
852 2047
853 2088
854 2210
855 2088
856 2105
857 2086
858 1979
859 2057
860 2035
861 2039
862 2122
863 2021
864 2096
865 2052
866 1917
867 2000
868 2032
869 1933
870 2051
871 1946
872 1938
873 2036
874 1943
875 1922
876 1906
877 1924
878 1889
879 1928
880 1872
881 1876
882 1828
883 1849
884 1859
885 1855
886 1815
887 1858
888 1869
889 1840
890 1706
891 1639
892 1932
893 1766
894 1756
895 1745
896 1851
897 1822
898 1664
899 1729
900 1745
901 1731
902 1765
903 1655
904 1678
905 1710
906 1626
907 1610
908 1580
909 1646
910 1577
911 1644
912 1632
913 1559
914 1653
915 1587
916 1629
917 1570
918 1575
919 1581
920 1574
921 1613
922 1534
923 1496
924 1535
925 1536
926 1646
927 1488
928 1518
929 1530
930 1506
931 1498
932 1463
933 1413
934 1501
935 1480
936 1378
937 1476
938 1453
939 1456
940 1519
941 1403
942 1409
943 1436
944 1485
945 1427
946 1411
947 1453
948 1434
949 1337
950 1385
951 1424
952 1348
953 1342
954 1358
955 1345
956 1348
957 1326
958 1309
959 1307
960 1339
961 1309
962 1376
963 1324
964 1332
965 1309
966 1352
967 1345
968 1330
969 1299
970 1226
971 1248
972 1262
973 1311
974 1306
975 1228
976 1254
977 1264
978 1245
979 1224
980 1236
981 1243
982 1268
983 1188
984 1209
985 1224
986 1123
987 1219
988 1227
989 1198
990 1209
991 1187
992 1133
993 1176
994 1191
995 1180
996 1121
997 1161
998 1114
999 1142
1000 1140
1001 1133
1002 1171
1003 1102
1004 1080
1005 1078
1006 1108
1007 1072
1008 1129
1009 1110
1010 1071
1011 1120
1012 1041
1013 1019
1014 1049
1015 1028
1016 1032
1017 1006
1018 1064
1019 1050
1020 1024
1021 1007
1022 1040
1023 977
1024 1018
1025 1015
1026 1003
1027 1044
1028 1010
1029 1009
1030 955
1031 1015
1032 1002
1033 904
1034 955
1035 887
1036 1000
1037 956
1038 1006
1039 954
1040 987
1041 996
1042 974
1043 908
1044 903
1045 961
1046 924
1047 886
1048 910
1049 936
1050 851
1051 828
1052 856
1053 886
1054 804
1055 909
1056 880
1057 837
1058 866
1059 850
1060 910
1061 882
1062 839
1063 798
1064 854
1065 850
1066 772
1067 885
1068 824
1069 806
1070 778
1071 840
1072 828
1073 854
1074 829
1075 757
1076 757
1077 843
1078 800
1079 791
1080 764
1081 743
1082 779
1083 795
1084 845
1085 766
1086 770
1087 750
1088 750
1089 736
1090 698
1091 765
1092 698
1093 751
1094 717
1095 733
1096 747
1097 763
1098 779
1099 748
1100 706
1101 706
1102 732
1103 738
1104 719
1105 729
1106 688
1107 685
1108 677
1109 694
1110 660
1111 701
1112 690
1113 672
1114 666
1115 663
1116 631
1117 681
1118 667
1119 631
1120 617
1121 700
1122 575
1123 623
1124 641
1125 641
1126 633
1127 654
1128 633
1129 587
1130 610
1131 583
1132 600
1133 601
1134 594
1135 673
1136 562
1137 632
1138 559
1139 597
1140 600
1141 539
1142 580
1143 572
1144 562
1145 546
1146 635
1147 548
1148 554
1149 535
1150 540
1151 514
1152 531
1153 552
1154 559
1155 537
1156 500
1157 509
1158 532
1159 527
1160 480
1161 467
1162 504
1163 536
1164 522
1165 527
1166 498
1167 502
1168 487
1169 483
1170 525
1171 497
1172 467
1173 482
1174 470
1175 420
1176 473
1177 460
1178 457
1179 469
1180 420
1181 438
1182 460
1183 514
1184 472
1185 444
1186 445
1187 447
1188 412
1189 431
1190 427
1191 423
1192 406
1193 396
1194 446
1195 409
1196 399
1197 444
1198 429
1199 442
1200 399
1201 409
1202 388
1203 427
1204 408
1205 412
1206 389
1207 390
1208 397
1209 386
1210 397
1211 373
1212 355
1213 365
1214 368
1215 370
1216 364
1217 382
1218 354
1219 399
1220 364
1221 366
1222 338
1223 329
1224 375
1225 352
1226 365
1227 339
1228 349
1229 326
1230 309
1231 322
1232 326
1233 362
1234 334
1235 349
1236 356
1237 332
1238 349
1239 310
1240 340
1241 348
1242 313
1243 363
1244 325
1245 318
1246 331
1247 293
1248 312
1249 298
1250 306
1251 331
1252 334
1253 260
1254 328
1255 300
1256 293
1257 351
1258 287
1259 293
1260 294
1261 278
1262 252
1263 298
1264 276
1265 249
1266 284
1267 260
1268 279
1269 278
1270 240
1271 263
1272 254
1273 260
1274 265
1275 244
1276 265
1277 246
1278 247
1279 234
1280 243
1281 243
1282 276
1283 265
1284 268
1285 246
1286 242
1287 216
1288 225
1289 252
1290 217
1291 231
1292 240
1293 232
1294 223
1295 191
1296 239
1297 244
1298 231
1299 208
1300 240
1301 204
1302 214
1303 211
1304 190
1305 215
1306 201
1307 226
1308 222
1309 188
1310 195
1311 201
1312 188
1313 202
1314 195
1315 205
1316 187
1317 207
1318 201
1319 160
1320 200
1321 174
1322 181
1323 174
1324 198
1325 209
1326 176
1327 186
1328 203
1329 173
1330 185
1331 161
1332 186
1333 159
1334 189
1335 211
1336 180
1337 166
1338 143
1339 160
1340 171
1341 153
1342 181
1343 160
1344 156
1345 164
1346 155
1347 138
1348 152
1349 164
1350 143
1351 144
1352 168
1353 142
1354 149
1355 138
1356 131
1357 131
1358 137
1359 126
1360 129
1361 160
1362 152
1363 149
1364 152
1365 141
1366 160
1367 131
1368 134
1369 148
1370 137
1371 143
1372 133
1373 123
1374 128
1375 119
1376 114
1377 126
1378 139
1379 119
1380 141
1381 121
1382 120
1383 113
1384 125
1385 115
1386 121
1387 114
1388 119
1389 101
1390 126
1391 113
1392 113
1393 117
1394 103
1395 105
1396 94
1397 105
1398 112
1399 98
1400 116
1401 122
1402 109
1403 98
1404 118
1405 115
1406 100
1407 90
1408 111
1409 104
1410 106
1411 106
1412 104
1413 90
1414 87
1415 90
1416 99
1417 86
1418 87
1419 107
1420 85
1421 92
1422 86
1423 95
1424 71
1425 93
1426 104
1427 86
1428 87
1429 89
1430 83
1431 75
1432 80
1433 75
1434 90
1435 79
1436 63
1437 86
1438 77
1439 60
1440 80
1441 61
1442 92
1443 63
1444 65
1445 72
1446 82
1447 66
1448 67
1449 91
1450 76
1451 74
1452 70
1453 77
1454 73
1455 69
1456 80
1457 67
1458 82
1459 67
1460 73
1461 80
1462 79
1463 47
1464 51
1465 81
1466 74
1467 66
1468 65
1469 64
1470 60
1471 71
1472 53
1473 60
1474 51
1475 58
1476 59
1477 63
1478 60
1479 54
1480 61
1481 57
1482 56
1483 65
1484 59
1485 61
1486 61
1487 51
1488 56
1489 39
1490 65
1491 51
1492 48
1493 52
1494 52
1495 50
1496 51
1497 40
1498 44
1499 53
1500 57
1501 51
1502 37
1503 33
1504 51
1505 39
1506 62
1507 45
1508 55
1509 48
1510 51
1511 50
1512 42
1513 45
1514 51
1515 53
1516 53
1517 39
1518 43
1519 37
1520 33
1521 39
1522 37
1523 50
1524 36
1525 39
1526 46
1527 46
1528 42
1529 46
1530 34
1531 40
1532 50
1533 44
1534 35
1535 43
1536 35
1537 30
1538 34
1539 38
1540 39
1541 42
1542 35
1543 28
1544 46
1545 36
1546 40
1547 24
1548 30
1549 36
1550 31
1551 30
1552 40
1553 33
1554 30
1555 23
1556 28
1557 29
1558 22
1559 38
1560 34
1561 26
1562 41
1563 26
1564 28
1565 39
1566 26
1567 29
1568 23
1569 32
1570 29
1571 32
1572 36
1573 16
1574 29
1575 29
1576 24
1577 31
1578 25
1579 24
1580 19
1581 15
1582 16
1583 19
1584 25
1585 16
1586 20
1587 30
1588 27
1589 23
1590 16
1591 17
1592 18
1593 17
1594 12
1595 20
1596 22
1597 23
1598 17
1599 16
1600 6
1601 19
1602 15
1603 15
1604 26
1605 21
1606 25
1607 25
1608 13
1609 16
1610 12
1611 12
1612 18
1613 15
1614 20
1615 15
1616 12
1617 18
1618 14
1619 17
1620 26
1621 13
1622 19
1623 17
1624 15
1625 19
1626 14
1627 11
1628 16
1629 14
1630 9
1631 18
1632 21
1633 14
1634 21
1635 7
1636 11
1637 16
1638 13
1639 12
1640 12
1641 9
1642 10
1643 10
1644 9
1645 14
1646 12
1647 10
1648 12
1649 13
1650 12
1651 8
1652 9
1653 3
1654 18
1655 17
1656 13
1657 14
1658 10
1659 8
1660 10
1661 10
1662 8
1663 10
1664 9
1665 2
1666 14
1667 14
1668 8
1669 10
1670 5
1671 6
1672 13
1673 11
1674 10
1675 15
1676 10
1677 10
1678 11
1679 6
1680 15
1681 13
1682 8
1683 9
1684 10
1685 6
1686 8
1687 8
1688 9
1689 5
1690 7
1691 8
1692 12
1693 8
1694 6
1695 6
1696 8
1697 7
1698 10
1699 6
1700 6
1701 9
1702 7
1703 10
1704 6
1705 3
1706 7
1707 9
1708 7
1709 3
1710 7
1711 11
1712 5
1713 6
1714 5
1715 6
1716 5
1717 4
1718 10
1719 5
1720 4
1721 5
1722 6
1723 5
1724 5
1725 6
1726 1
1727 5
1728 4
1729 5
1730 5
1731 7
1732 8
1733 6
1734 7
1735 3
1736 2
1737 3
1738 4
1739 2
1740 5
1741 3
1742 8
1743 6
1744 2
1745 3
1746 8
1747 4
1748 5
1749 3
1750 5
1751 3
1752 4
1753 3
1754 3
1755 4
1756 2
1758 1
1759 2
1760 2
1761 6
1762 1
1764 3
1765 4
1766 3
1767 1
1768 1
1769 4
1772 2
1773 4
1774 4
1776 2
1778 2
1779 3
1780 2
1782 2
1783 3
1785 2
1786 2
1788 1
1790 1
1793 1
1795 2
1796 1
1799 1
1800 1
1801 2
1803 1
1804 1
1805 2
1807 2
1808 1
1811 1
1815 2
1816 2
1820 1
1821 1
1822 1
1825 1
1827 1
1828 1
1829 1
1830 2
1832 1
1833 2
1835 1
1836 1
1837 1
1838 1
1839 1
1844 1
1848 1
1852 1
1853 1
1856 3
1861 1
1866 1
1868 1
1870 1
1871 1
1876 1
1880 1
1884 1
