124 2
125 23
126 72
127 140
128 297
129 373
130 436
131 520
132 648
133 689
134 698
135 787
136 830
137 856
138 831
139 774
140 792
141 804
142 771
143 757
144 772
145 851
146 977
147 1170
148 1225
149 1401
150 1673
151 1986
152 2113
153 2206
154 2329
155 2397
156 2437
157 2713
158 2835
159 3183
160 3551
161 3728
162 3694
163 3822
164 3764
165 3884
166 3962
167 3958
168 4062
169 4022
170 4018
171 3910
172 4046
173 4198
174 4536
175 4503
176 4724
177 4642
178 4710
179 4654
180 4672
181 4716
182 4941
183 5107
184 5307
185 5477
186 5653
187 5914
188 5936
189 5896
190 5791
191 5823
192 5711
193 5814
194 5664
195 5848
196 5871
197 5859
198 5758
199 5704
200 5887
201 5765
202 5962
203 5799
204 5699
205 5825
206 5986
207 6462
208 6570
209 6904
210 6951
211 7251
212 7015
213 7162
214 7310
215 7359
216 7595
217 7427
218 7337
219 7407
220 7839
221 8005
222 8297
223 8469
224 8468
225 8491
226 8579
227 8855
228 8910
229 8846
230 8732
231 8813
232 8903
233 8635
234 8762
235 8906
236 8935
237 9131
238 9055
239 9228
240 9167
241 9289
242 9295
243 9257
244 9053
245 9467
246 9188
247 9282
248 9166
249 9244
250 9268
251 9032
252 9419
253 9198
254 9367
255 9403
256 9230
257 9464
258 9575
259 9184
260 9429
261 9560
262 9394
263 9306
264 9007
265 9263
266 9106
267 8882
268 9007
269 8768
270 8789
271 8923
272 8550
273 8559
274 8652
275 8397
276 8216
277 8329
278 8323
279 8169
280 8012
281 8157
282 8222
283 8260
284 8354
285 8447
286 8671
287 9036
288 8836
289 8881
290 8872
291 9056
292 8888
293 8930
294 8744
295 8916
296 8766
297 8609
298 8537
299 8405
300 8460
301 8257
302 8189
303 8231
304 8321
305 8540
306 8388
307 8412
308 8630
309 8381
310 8383
311 8252
312 8223
313 8177
314 8165
315 8090
316 7825
317 7902
318 7827
319 8176
320 8078
321 8061
322 8064
323 8044
324 7947
325 7923
326 7949
327 7952
328 7892
329 8097
330 7934
331 7955
332 8012
333 7750
334 7844
335 7707
336 7839
337 7844
338 8020
339 7976
340 8050
341 7972
342 7873
343 8021
344 8012
345 7869
346 7881
347 7753
348 7752
349 7656
350 7718
351 7611
352 7894
353 7479
354 7337
355 7573
356 7417
357 7659
358 7633
359 7747
360 7628
361 7764
362 7545
363 7694
364 7573
365 7576
366 7530
367 7418
368 7571
369 7329
370 7203
371 7185
372 7077
373 7066
374 7076
375 6900
376 6908
377 6855
378 7009
379 6747
380 6724
381 6843
382 6837
383 6862
384 6773
385 6936
386 7139
387 7112
388 7043
389 7018
390 7146
391 6982
392 6891
393 6916
394 7112
395 6797
396 6792
397 6746
398 6730
399 6569
400 6552
401 6623
402 6466
403 6517
404 6593
405 6529
406 6414
407 6538
408 6479
409 6322
410 6514
411 6453
412 6447
413 6203
414 6351
415 6220
416 6215
417 6090
418 6124
419 6080
420 5964
421 5927
422 6073
423 5932
424 5955
425 5764
426 5755
427 5701
428 5719
429 5650
430 5749
431 5648
432 5765
433 5688
434 5671
435 5769
436 5583
437 5563
438 5640
439 5677
440 5779
441 5752
442 5824
443 5586
444 5633
445 5758
446 5854
447 5889
448 5753
449 5747
450 5775
451 5724
452 5696
453 5746
454 5704
455 5734
456 5618
457 5513
458 5540
459 5624
460 5498
461 5531
462 5580
463 5512
464 5439
465 5465
466 5492
467 5466
468 5539
469 5564
470 5473
471 5533
472 5481
473 5375
474 5517
475 5413
476 5346
477 5398
478 5466
479 5392
480 5550
481 5590
482 5639
483 5542
484 5628
485 5559
486 5567
487 5485
488 5376
489 5374
490 5386
491 5427
492 5314
493 5431
494 5380
495 5272
496 5290
497 5167
498 5289
499 5053
500 5230
501 5122
502 5172
503 5126
504 5202
505 5120
506 5084
507 5184
508 5049
509 5060
510 5014
511 4940
512 5157
513 4967
514 5152
515 5162
516 4996
517 5055
518 5158
519 5087
520 5068
521 5049
522 5107
523 5111
524 5102
525 5159
526 5008
527 5141
528 4983
529 5056
530 5166
531 5176
532 5091
533 5004
534 5028
535 5006
536 4977
537 5020
538 4903
539 4934
540 4852
541 4869
542 4705
543 4794
544 4894
545 4647
546 4702
547 4727
548 4774
549 4693
550 4757
551 4611
552 4564
553 4585
554 4576
555 4533
556 4681
557 4583
558 4624
559 4549
560 4596
561 4789
562 4586
563 4494
564 4585
565 4632
566 4510
567 4580
568 4686
569 4572
570 4571
571 4606
572 4540
573 4621
574 4588
575 4658
576 4613
577 4665
578 4577
579 4642
580 4454
581 4511
582 4502
583 4463
584 4447
585 4378
586 4437
587 4471
588 4402
589 4418
590 4411
591 4467
592 4509
593 4426
594 4552
595 4464
596 4408
597 4507
598 4589
599 4482
600 4448
601 4435
602 4585
603 4333
604 4411
605 4294
606 4314
607 4234
608 4496
609 4318
610 4286
611 4209
612 4256
613 4146
614 4187
615 4303
616 4212
617 4171
618 4056
619 4145
620 4127
621 3976
622 3974
623 4107
624 4083
625 4086
626 3962
627 4031
628 3851
629 4026
630 3845
631 3786
632 3866
633 3926
634 3819
635 3798
636 3708
637 3815
638 3708
639 3798
640 3529
641 3685
642 3670
643 3736
644 3680
645 3566
646 3693
647 3603
648 3501
649 3627
650 3605
651 3651
652 3551
653 3565
654 3574
655 3554
656 3557
657 3551
658 3544
659 3457
660 3454
661 3475
662 3381
663 3598
664 3510
665 3467
666 3392
667 3323
668 3324
669 3413
670 3287
671 3339
672 3303
673 3281
674 3152
675 3218
676 3123
677 3177
678 2982
679 3085
680 3116
681 3071
682 3098
683 2958
684 3067
685 3069
686 2972
687 3037
688 2940
689 2878
690 3062
691 2910
692 2839
693 2897
694 2931
695 2956
696 2921
697 2917
698 2864
699 2855
700 2768
701 2946
702 2882
703 2792
704 2865
705 2933
706 2945
707 2713
708 2874
709 2727
710 2748
711 2855
712 2773
713 2625
714 2684
715 2611
716 2544
717 2604
718 2625
719 2561
720 2608
721 2487
722 2519
723 2593
724 2504
725 2533
726 2490
727 2630
728 2487
729 2461
730 2551
731 2469
732 2474
733 2456
734 2365
735 2399
736 2371
737 2274
738 2269
739 2292
740 2308
741 2246
742 2302
743 2240
744 2257
745 2326
746 2237
747 2227
748 2188
749 2152
750 2269
751 2319
752 2226
753 2252
754 2209
755 2265
756 2230
757 2223
758 2136
759 2174
760 2159
761 2106
762 2172
763 2192
764 2083
765 2131
766 2244
767 2190
768 2206
769 2138
770 2163
771 2122
772 2124
773 2100
774 2113
775 2164
776 2085
777 2088
778 2100
779 2008
780 2145
781 2103
782 2135
783 2056
784 1997
785 2046
786 2059
787 2115
788 1996
789 2060
790 2078
791 1985
792 2057
793 2050
794 1992
795 1986
796 1941
797 2003
798 1886
799 1932
800 1966
801 2003
802 1907
803 1832
804 1938
805 2012
806 1934
807 1903
808 1818
809 1876
810 1855
811 1779
812 1879
813 1842
814 1831
815 1833
816 1830
817 1764
818 1759
819 1785
820 1836
821 1718
822 1723
823 1738
824 1753
825 1742
826 1731
827 1703
828 1614
829 1712
830 1636
831 1664
832 1665
833 1735
834 1703
835 1650
836 1611
837 1588
838 1623
839 1655
840 1514
841 1508
842 1603
843 1637
844 1682
845 1549
846 1602
847 1633
848 1593
849 1571
850 1481
851 1626
852 1554
853 1578
854 1480
855 1551
856 1544
857 1558
858 1557
859 1572
860 1501
861 1505
862 1585
863 1511
864 1524
865 1530
866 1557
867 1438
868 1428
869 1470
870 1494
871 1480
872 1500
873 1426
874 1378
875 1438
876 1390
877 1417
878 1436
879 1368
880 1379
881 1371
882 1347
883 1334
884 1405
885 1348
886 1353
887 1344
888 1281
889 1351
890 1291
891 1285
892 1275
893 1256
894 1239
895 1250
896 1277
897 1242
898 1236
899 1271
900 1271
901 1225
902 1227
903 1227
904 1217
905 1275
906 1189
907 1226
908 1128
909 1229
910 1162
911 1237
912 1291
913 1222
914 1206
915 1167
916 1153
917 1176
918 1146
919 1172
920 1142
921 1154
922 1114
923 1100
924 1137
925 1140
926 1116
927 1157
928 1087
929 1030
930 1090
931 1122
932 1037
933 1060
934 1077
935 1073
936 1125
937 1086
938 1073
939 1102
940 1112
941 1055
942 1056
943 1046
944 1086
945 1069
946 1047
947 1038
948 1097
949 1012
950 1021
951 1006
952 993
953 1028
954 1024
955 1011
956 1025
957 1010
958 983
959 969
960 972
961 965
962 987
963 933
964 975
965 974
966 987
967 1003
968 996
969 1001
970 884
971 946
972 967
973 969
974 905
975 947
976 925
977 882
978 960
979 898
980 885
981 865
982 878
983 893
984 900
985 931
986 840
987 853
988 893
989 888
990 902
991 835
992 869
993 901
994 894
995 818
996 855
997 817
998 859
999 782
1000 839
1001 805
1002 801
1003 850
1004 834
1005 797
1006 793
1007 842
1008 799
1009 799
1010 789
1011 783
1012 820
1013 820
1014 811
1015 782
1016 840
1017 736
1018 772
1019 754
1020 753
1021 759
1022 742
1023 762
1024 774
1025 707
1026 721
1027 738
1028 708
1029 812
1030 720
1031 736
1032 707
1033 727
1034 719
1035 719
1036 692
1037 774
1038 638
1039 713
1040 737
1041 626
1042 655
1043 693
1044 707
1045 665
1046 639
1047 693
1048 657
1049 609
1050 679
1051 678
1052 645
1053 637
1054 656
1055 629
1056 678
1057 723
1058 614
1059 656
1060 643
1061 639
1062 667
1063 633
1064 595
1065 677
1066 570
1067 612
1068 624
1069 587
1070 636
1071 564
1072 632
1073 610
1074 569
1075 588
1076 642
1077 600
1078 599
1079 588
1080 561
1081 583
1082 552
1083 557
1084 563
1085 579
1086 564
1087 576
1088 581
1089 564
1090 592
1091 611
1092 593
1093 538
1094 578
1095 575
1096 544
1097 569
1098 577
1099 539
1100 595
1101 513
1102 537
1103 475
1104 557
1105 572
1106 556
1107 512
1108 519
1109 564
1110 531
1111 509
1112 522
1113 508
1114 500
1115 528
1116 522
1117 516
1118 482
1119 531
1120 510
1121 541
1122 510
1123 484
1124 478
1125 498
1126 527
1127 497
1128 492
1129 486
1130 505
1131 504
1132 510
1133 506
1134 461
1135 468
1136 460
1137 462
1138 491
1139 499
1140 471
1141 510
1142 484
1143 495
1144 491
1145 456
1146 442
1147 465
1148 443
1149 460
1150 496
1151 419
1152 482
1153 457
1154 432
1155 455
1156 447
1157 471
1158 435
1159 455
1160 472
1161 447
1162 440
1163 463
1164 402
1165 421
1166 408
1167 445
1168 443
1169 436
1170 405
1171 400
1172 435
1173 428
1174 419
1175 380
1176 390
1177 398
1178 385
1179 417
1180 381
1181 362
1182 389
1183 374
1184 405
1185 400
1186 431
1187 362
1188 400
1189 378
1190 379
1191 377
1192 363
1193 351
1194 379
1195 359
1196 362
1197 358
1198 344
1199 339
1200 388
1201 359
1202 341
1203 355
1204 365
1205 339
1206 370
1207 312
1208 385
1209 363
1210 361
1211 344
1212 322
1213 380
1214 363
1215 352
1216 346
1217 339
1218 330
1219 335
1220 362
1221 339
1222 313
1223 369
1224 315
1225 320
1226 334
1227 307
1228 313
1229 311
1230 339
1231 319
1232 309
1233 351
1234 324
1235 323
1236 320
1237 305
1238 333
1239 348
1240 298
1241 310
1242 314
1243 320
1244 310
1245 329
1246 297
1247 300
1248 319
1249 323
1250 319
1251 293
1252 299
1253 281
1254 317
1255 289
1256 279
1257 333
1258 291
1259 299
1260 335
1261 294
1262 306
1263 329
1264 282
1265 291
1266 313
1267 281
1268 302
1269 312
1270 301
1271 298
1272 290
1273 278
1274 282
1275 282
1276 268
1277 272
1278 268
1279 257
1280 306
1281 273
1282 270
1283 260
1284 250
1285 271
1286 259
1287 267
1288 249
1289 277
1290 244
1291 247
1292 260
1293 271
1294 246
1295 250
1296 264
1297 264
1298 247
1299 278
1300 267
1301 265
1302 268
1303 307
1304 278
1305 258
1306 247
1307 284
1308 279
1309 243
1310 262
1311 278
1312 244
1313 230
1314 247
1315 247
1316 248
1317 233
1318 247
1319 232
1320 241
1321 234
1322 218
1323 253
1324 260
1325 258
1326 222
1327 262
1328 233
1329 260
1330 240
1331 241
1332 238
1333 224
1334 250
1335 233
1336 235
1337 226
1338 251
1339 210
1340 244
1341 208
1342 234
1343 231
1344 220
1345 238
1346 234
1347 222
1348 226
1349 216
1350 219
1351 219
1352 234
1353 232
1354 186
1355 206
1356 247
1357 235
1358 210
1359 194
1360 229
1361 215
1362 200
1363 221
1364 202
1365 217
1366 213
1367 206
1368 226
1369 178
1370 215
1371 216
1372 203
1373 189
1374 209
1375 201
1376 208
1377 214
1378 220
1379 188
1380 208
1381 189
1382 208
1383 203
1384 212
1385 200
1386 201
1387 204
1388 193
1389 202
1390 172
1391 168
1392 193
1393 195
1394 200
1395 202
1396 205
1397 185
1398 208
1399 182
1400 193
1401 186
1402 205
1403 196
1404 181
1405 185
1406 194
1407 192
1408 184
1409 186
1410 194
1411 192
1412 184
1413 209
1414 181
1415 194
1416 220
1417 167
1418 185
1419 158
1420 204
1421 173
1422 182
1423 190
1424 180
1425 163
1426 166
1427 170
1428 177
1429 172
1430 166
1431 178
1432 173
1433 181
1434 162
1435 177
1436 170
1437 193
1438 187
1439 173
1440 175
1441 172
1442 161
1443 187
1444 151
1445 147
1446 169
1447 144
1448 156
1449 171
1450 154
1451 135
1452 142
1453 150
1454 145
1455 172
1456 183
1457 163
1458 149
1459 156
1460 151
1461 148
1462 176
1463 135
1464 147
1465 135
1466 144
1467 161
1468 152
1469 147
1470 167
1471 161
1472 154
1473 145
1474 155
1475 131
1476 132
1477 132
1478 174
1479 162
1480 164
1481 155
1482 149
1483 155
1484 157
1485 162
1486 172
1487 150
1488 134
1489 119
1490 132
1491 144
1492 149
1493 120
1494 153
1495 145
1496 130
1497 121
1498 144
1499 121
1500 128
1501 111
1502 124
1503 132
1504 134
1505 132
1506 133
1507 134
1508 148
1509 125
1510 145
1511 112
1512 115
1513 125
1514 122
1515 121
1516 131
1517 131
1518 130
1519 111
1520 128
1521 128
1522 133
1523 108
1524 121
1525 113
1526 122
1527 122
1528 122
1529 117
1530 154
1531 124
1532 143
1533 131
1534 116
1535 151
1536 114
1537 106
1538 121
1539 121
1540 112
1541 131
1542 125
1543 95
1544 112
1545 113
1546 116
1547 125
1548 115
1549 135
1550 125
1551 126
1552 106
1553 86
1554 120
1555 105
1556 110
1557 104
1558 117
1559 104
1560 121
1561 106
1562 102
1563 121
1564 99
1565 101
1566 94
1567 136
1568 113
1569 108
1570 122
1571 140
1572 101
1573 109
1574 140
1575 115
1576 110
1577 97
1578 109
1579 99
1580 92
1581 96
1582 110
1583 107
1584 108
1585 118
1586 87
1587 110
1588 125
1589 115
1590 108
1591 88
1592 108
1593 107
1594 107
1595 102
1596 104
1597 103
1598 105
1599 91
1600 112
1601 82
1602 103
1603 96
1604 112
1605 91
1606 101
1607 112
1608 90
1609 88
1610 85
1611 107
1612 99
1613 85
1614 92
1615 113
1616 92
1617 114
1618 95
1619 83
1620 81
1621 88
1622 99
1623 93
1624 97
1625 99
1626 82
1627 87
1628 99
1629 97
1630 71
1631 94
1632 95
1633 83
1634 94
1635 96
1636 95
1637 92
1638 83
1639 93
1640 78
1641 90
1642 95
1643 109
1644 83
1645 95
1646 92
1647 89
1648 81
1649 102
1650 88
1651 87
1652 79
1653 94
1654 83
1655 91
1656 94
1657 102
1658 94
1659 71
1660 88
1661 90
1662 84
1663 91
1664 88
1665 81
1666 109
1667 75
1668 105
1669 89
1670 76
1671 84
1672 67
1673 85
1674 93
1675 89
1676 97
1677 65
1678 95
1679 89
1680 76
1681 77
1682 80
1683 97
1684 83
1685 88
1686 86
1687 69
1688 77
1689 96
1690 84
1691 71
1692 66
1693 89
1694 78
1695 70
1696 78
1697 71
1698 88
1699 93
1700 78
1701 82
1702 72
1703 83
1704 80
1705 82
1706 79
1707 79
1708 79
1709 87
1710 75
1711 78
1712 85
1713 94
1714 82
1715 79
1716 89
1717 66
1718 63
1719 80
1720 74
1721 71
1722 73
1723 75
1724 72
1725 82
1726 61
1727 76
1728 71
1729 82
1730 77
1731 80
1732 65
1733 62
1734 67
1735 64
1736 93
1737 60
1738 68
1739 86
1740 80
1741 70
1742 79
1743 64
1744 68
1745 71
1746 73
1747 78
1748 82
1749 77
1750 67
1751 84
1752 66
1753 89
1754 70
1755 67
1756 68
1757 67
1758 66
1759 67
1760 76
1761 66
1762 73
1763 64
1764 67
1765 62
1766 80
1767 77
1768 74
1769 64
1770 45
1771 75
1772 66
1773 60
1774 69
1775 75
1776 60
1777 71
1778 64
1779 63
1780 68
1781 61
1782 74
1783 72
1784 70
1785 60
1786 55
1787 62
1788 67
1789 54
1790 73
1791 60
1792 63
1793 65
1794 56
1795 68
1796 60
1797 71
1798 67
1799 70
1800 64
1801 61
1802 52
1803 64
1804 63
1805 71
1806 66
1807 63
1808 54
1809 57
1810 71
1811 63
1812 73
1813 58
1814 56
1815 67
1816 36
1817 53
1818 56
1819 56
1820 58
1821 48
1822 59
1823 55
1824 56
1825 63
1826 68
1827 65
1828 65
1829 70
1830 60
1831 58
1832 55
1833 54
1834 54
1835 52
1836 58
1837 64
1838 55
1839 48
1840 60
1841 45
1842 54
1843 65
1844 62
1845 46
1846 48
1847 50
1848 66
1849 69
1850 44
1851 62
1852 63
1853 61
1854 42
1855 54
1856 53
1857 44
1858 58
1859 56
1860 52
1861 45
1862 49
1863 68
1864 53
1865 40
1866 55
1867 43
1868 48
1869 49
1870 50
1871 64
1872 43
1873 53
1874 52
1875 58
1876 54
1877 56
1878 57
1879 40
1880 51
1881 49
1882 49
1883 64
1884 43
1885 47
1886 52
1887 56
1888 58
1889 56
1890 48
1891 54
1892 66
1893 72
1894 46
1895 55
1896 60
1897 47
1898 53
1899 56
1900 50
1901 45
1902 57
1903 48
1904 46
1905 61
1906 49
1907 55
1908 52
1909 49
1910 44
1911 42
1912 50
1913 47
1914 59
1915 49
1916 48
1917 48
1918 43
1919 48
1920 58
1921 41
1922 44
1923 45
1924 40
1925 56
1926 58
1927 52
1928 50
1929 45
1930 43
1931 39
1932 44
1933 50
1934 39
1935 45
1936 45
1937 46
1938 33
1939 33
1940 42
1941 48
1942 31
1943 49
1944 44
1945 61
1946 47
1947 49
1948 43
1949 44
1950 42
1951 51
1952 37
1953 43
1954 45
1955 47
1956 52
1957 37
1958 44
1959 40
1960 48
1961 35
1962 55
1963 40
1964 40
1965 35
1966 50
1967 41
1968 37
1969 46
1970 49
1971 29
1972 47
1973 29
1974 50
1975 44
1976 38
1977 34
1978 37
1979 34
1980 42
1981 49
1982 43
1983 46
1984 37
1985 43
1986 45
1987 46
1988 31
1989 52
1990 42
1991 48
1992 40
1993 41
1994 52
1995 38
1996 36
1997 42
1998 40
1999 38
2000 28
2001 35
2002 38
2003 36
2004 42
2005 37
2006 27
2007 42
2008 42
2009 40
2010 40
2011 47
2012 37
2013 27
2014 38
2015 39
2016 53
2017 32
2018 43
2019 42
2020 35
2021 28
2022 43
2023 39
2024 41
2025 32
2026 34
2027 46
2028 36
2029 39
2030 34
2031 42
2032 45
2033 35
2034 38
2035 24
2036 39
2037 35
2038 44
2039 36
2040 41
2041 37
2042 35
2043 27
2044 30
2045 34
2046 35
2047 44
2048 26
2049 27
2050 25
2051 37
2052 36
2053 33
2054 41
2055 37
2056 25
2057 31
2058 35
2059 41
2060 43
2061 34
2062 38
2063 34
2064 38
2065 35
2066 38
2067 48
2068 32
2069 41
2070 29
2071 34
2072 45
2073 38
2074 37
2075 39
2076 31
2077 19
2078 31
2079 39
2080 32
2081 31
2082 41
2083 51
2084 34
2085 45
2086 50
2087 35
2088 37
2089 36
2090 32
2091 32
2092 24
2093 40
2094 35
2095 34
2096 33
2097 19
2098 35
2099 33
2100 26
2101 35
2102 29
2103 40
2104 22
2105 40
2106 31
2107 36
2108 31
2109 27
2110 30
2111 22
2112 35
2113 33
2114 33
2115 31
2116 30
2117 25
2118 46
2119 34
2120 46
2121 35
2122 28
2123 36
2124 33
2125 26
2126 34
2127 31
2128 41
2129 37
2130 31
2131 38
2132 29
2133 28
2134 29
2135 24
2136 28
2137 31
2138 35
2139 34
2140 42
2141 35
2142 32
2143 21
2144 24
2145 14
2146 28
2147 35
2148 29
2149 31
2150 35
2151 28
2152 34
2153 30
2154 23
2155 27
2156 27
2157 25
2158 32
2159 33
2160 28
2161 27
2162 31
2163 41
2164 23
2165 25
2166 21
2167 37
2168 33
2169 34
2170 37
2171 36
2172 24
2173 27
2174 25
2175 36
2176 28
2177 22
2178 24
2179 40
2180 38
2181 29
2182 23
2183 24
2184 17
2185 33
2186 31
2187 34
2188 24
2189 23
2190 19
2191 35
2192 30
2193 26
2194 30
2195 24
2196 30
2197 26
2198 30
2199 24
2200 30
2201 25
2202 30
2203 37
2204 24
2205 27
2206 22
2207 20
2208 28
2209 28
2210 28
2211 25
2212 29
2213 19
2214 28
2215 21
2216 25
2217 22
2218 26
2219 23
2220 23
2221 26
2222 29
2223 24
2224 20
2225 26
2226 26
2227 29
2228 20
2229 30
2230 24
2231 30
2232 30
2233 19
2234 22
2235 32
2236 28
2237 20
2238 21
2239 24
2240 17
2241 18
2242 31
2243 21
2244 27
2245 28
2246 33
2247 27
2248 28
2249 24
2250 24
2251 20
2252 23
2253 23
2254 27
2255 25
2256 23
2257 26
2258 28
2259 42
2260 31
2261 19
2262 31
2263 14
2264 23
2265 26
2266 31
2267 29
2268 18
2269 29
2270 27
2271 27
2272 26
2273 29
2274 21
2275 22
2276 31
2277 28
2278 24
2279 16
2280 26
2281 24
2282 26
2283 29
2284 20
2285 28
2286 14
2287 18
2288 23
2289 24
2290 28
2291 29
2292 20
2293 16
2294 27
2295 27
2296 26
2297 29
2298 17
2299 32
2300 25
2301 24
2302 22
2303 20
2304 36
2305 24
2306 24
2307 29
2308 15
2309 23
2310 17
2311 14
2312 27
2313 18
2314 30
2315 24
2316 27
2317 17
2318 20
2319 18
2320 29
2321 24
2322 25
2323 16
2324 17
2325 26
2326 16
2327 27
2328 28
2329 18
2330 25
2331 28
2332 20
2333 28
2334 17
2335 27
2336 18
2337 28
2338 25
2339 23
2340 20
2341 18
2342 24
2343 22
2344 20
2345 23
2346 24
2347 11
2348 24
2349 19
2350 24
2351 20
2352 14
2353 22
2354 29
2355 19
2356 19
2357 17
2358 16
2359 15
2360 20
2361 17
2362 19
2363 20
2364 18
2365 23
2366 28
2367 20
2368 20
2369 18
2370 25
2371 23
2372 17
2373 22
2374 23
2375 22
2376 16
2377 21
2378 11
2379 16
2380 15
2381 16
2382 28
2383 22
2384 21
2385 23
2386 16
2387 18
2388 13
2389 19
2390 12
2391 25
2392 17
2393 24
2394 21
2395 15
2396 23
2397 18
2398 27
2399 20
2400 13
2401 21
2402 16
2403 27
2404 15
2405 22
2406 17
2407 17
2408 21
2409 16
2410 23
2411 25
2412 13
2413 21
2414 22
2415 17
2416 20
2417 16
2418 23
2419 22
2420 17
2421 22
2422 15
2423 17
2424 17
2425 17
2426 18
2427 17
2428 25
2429 10
2430 24
2431 18
2432 20
2433 23
2434 22
2435 17
2436 21
2437 14
2438 27
2439 21
2440 14
2441 21
2442 26
2443 13
2444 19
2445 14
2446 29
2447 12
2448 19
2449 25
2450 18
2451 30
2452 16
2453 15
2454 17
2455 19
2456 16
2457 21
2458 11
2459 27
2460 23
2461 17
2462 17
2463 27
2464 27
2465 12
2466 16
2467 14
2468 12
2469 17
2470 16
2471 28
2472 16
2473 14
2474 18
2475 23
2476 19
2477 19
2478 15
2479 14
2480 20
2481 15
2482 15
2483 18
2484 11
2485 19
2486 14
2487 17
2488 25
2489 16
2490 14
2491 21
2492 20
2493 17
2494 22
2495 18
2496 16
2497 24
2498 20
2499 16
2500 13
2501 25
2502 17
2503 18
2504 18
2505 20
2506 13
2507 15
2508 17
2509 15
2510 15
2511 13
2512 17
2513 18
2514 15
2515 19
2516 19
2517 12
2518 20
2519 13
2520 19
2521 17
2522 13
2523 16
2524 14
2525 14
2526 8
2527 12
2528 15
2529 26
2530 19
2531 14
2532 18
2533 15
2534 17
2535 21
2536 15
2537 9
2538 20
2539 15
2540 16
2541 18
2542 15
2543 18
2544 13
2545 14
2546 19
2547 11
2548 11
2549 19
2550 15
2551 14
2552 11
2553 14
2554 22
2555 13
2556 14
2557 19
2558 15
2559 17
2560 17
2561 21
2562 14
2563 17
2564 16
2565 13
2566 21
2567 13
2568 16
2569 17
2570 18
2571 20
2572 7
2573 9
2574 9
2575 14
2576 15
2577 16
2578 20
2579 19
2580 17
2581 18
2582 12
2583 12
2584 16
2585 12
2586 8
2587 13
2588 14
2589 10
2590 9
2591 15
2592 20
2593 15
2594 9
2595 16
2596 10
2597 12
2598 13
2599 13
2600 20
2601 16
2602 14
2603 16
2604 13
2605 9
2606 20
2607 11
2608 14
2609 18
2610 14
2611 13
2612 16
2613 18
2614 17
2615 13
2616 16
2617 17
2618 20
2619 7
2620 14
2621 11
2622 13
2623 12
2624 16
2625 12
2626 21
2627 17
2628 19
2629 14
2630 13
2631 16
2632 15
2633 13
2634 19
2635 9
2636 10
2637 13
2638 17
2639 14
2640 11
2641 10
2642 16
2643 15
2644 18
2645 8
2646 16
2647 12
2648 16
2649 10
2650 8
2651 11
2652 11
2653 11
2654 9
2655 10
2656 19
2657 20
2658 13
2659 10
2660 18
2661 7
2662 21
2663 16
2664 7
2665 12
2666 9
2667 16
2668 9
2669 18
2670 12
2671 4
2672 11
2673 16
2674 14
2675 18
2676 17
2677 8
2678 16
2679 19
2680 18
2681 14
2682 15
2683 17
2684 21
2685 8
2686 17
2687 15
2688 7
2689 13
2690 15
2691 16
2692 15
2693 17
2694 19
2695 13
2696 20
2697 15
2698 10
2699 13
2700 16
2701 16
2702 12
2703 10
2704 13
2705 11
2706 14
2707 16
2708 13
2709 13
2710 9
2711 10
2712 10
2713 12
2714 9
2715 9
2716 6
2717 11
2718 9
2719 16
2720 11
2721 16
2722 7
2723 12
2724 15
2725 14
2726 12
2727 15
2728 16
2729 8
2730 11
2731 9
2732 7
2733 13
2734 14
2735 8
2736 18
2737 15
2738 11
2739 12
2740 11
2741 16
2742 11
2743 15
2744 19
2745 9
2746 13
2747 19
2748 9
2749 9
2750 9
2751 15
2752 15
2753 10
2754 20
2755 13
2756 12
2757 6
2758 7
2759 16
2760 10
2761 10
2762 11
2763 7
2764 7
2765 16
2766 15
2767 6
2768 9
2769 7
2770 15
2771 8
2772 12
2773 11
2774 16
2775 20
2776 12
2777 15
2778 14
2779 11
2780 12
2781 16
2782 14
2783 13
2784 5
2785 11
2786 9
2787 10
2788 20
2789 12
2790 9
2791 13
2792 15
2793 11
2794 9
2795 12
2796 9
2797 5
2798 15
2799 11
2800 14
2801 7
2802 15
2803 8
2804 11
2805 8
2806 20
2807 9
2808 7
2809 12
2810 9
2811 13
2812 13
2813 11
2814 8
2815 9
2816 12
2817 11
2818 11
2819 13
2820 14
2821 9
2822 13
2823 8
2824 9
2825 14
2826 10
2827 16
2828 10
2829 10
2830 13
2831 13
2832 14
2833 14
2834 15
2835 15
2836 6
2837 12
2838 8
2839 8
2840 10
2841 10
2842 13
2843 13
2844 11
2845 10
2846 7
2847 8
2848 7
2849 5
2850 8
2851 7
2852 10
2853 12
2854 20
2855 14
2856 6
2857 10
2858 11
2859 16
2860 13
2861 8
2862 13
2863 12
2864 12
2865 9
2866 12
2867 12
2868 14
2869 11
2870 10
2871 13
2872 10
2873 13
2874 9
2875 9
2876 13
2877 5
2878 11
2879 12
2880 7
2881 11
2882 8
2883 11
2884 13
2885 7
2886 13
2887 12
2888 14
2889 16
2890 11
2891 9
2892 9
2893 10
2894 14
2895 7
2896 13
2897 3
2898 13
2899 8
2900 13
2901 14
2902 7
2903 12
2904 13
2905 13
2906 9
2907 10
2908 11
2909 8
2910 14
2911 8
2912 7
2913 9
2914 6
2915 11
2916 11
2917 8
2918 10
2919 7
2920 9
2921 7
2922 6
2923 7
2924 10
2925 8
2926 6
2927 13
2928 13
2929 12
2930 9
2931 9
2932 11
2933 12
2934 9
2935 9
2936 11
2937 12
2938 14
2939 12
2940 13
2941 11
2942 12
2943 11
2944 7
2945 10
2946 11
2947 5
2948 9
2949 15
2950 9
2951 15
2952 9
2953 9
2954 3
2955 11
2956 8
2957 5
2958 7
2959 14
2960 9
2961 6
2962 8
2963 10
2964 6
2965 8
2966 6
2967 11
2968 6
2969 8
2970 13
2971 8
2972 12
2973 8
2974 9
2975 7
2976 10
2977 6
2978 4
2979 6
2980 9
2981 16
2982 9
2983 9
2984 11
2985 7
2986 10
2987 5
2988 6
2989 5
2990 9
2991 8
2992 8
2993 9
2994 13
2995 10
2996 11
2997 11
2998 11
2999 12
3000 9
3001 9
3002 8
3003 6
3004 1
3005 9
3006 8
3007 13
3008 8
3009 4
3010 14
3011 17
3012 10
3013 9
3014 6
3015 9
3016 7
3017 3
3018 11
3019 11
3020 9
3021 10
3022 7
3023 7
3024 5
3025 9
3026 6
3027 13
3028 7
3029 9
3030 10
3031 8
3032 6
3033 9
3034 11
3035 10
3036 4
3037 8
3038 5
3039 11
3040 10
3041 7
3042 10
3043 4
3044 13
3045 5
3046 9
3047 11
3048 9
3049 8
3050 5
3051 9
3052 8
3053 7
3054 8
3055 9
3056 7
3057 3
3058 7
3059 4
3060 9
3061 12
3062 5
3063 7
3064 10
3065 8
3066 7
3067 12
3068 12
3069 6
3070 7
3071 7
3072 12
3073 5
3074 11
3075 10
3076 11
3077 9
3078 8
3079 7
3080 6
3081 5
3082 9
3083 5
3084 5
3085 12
3086 7
3087 5
3088 9
3089 7
3090 8
3091 8
3092 13
3093 7
3094 13
3095 8
3096 7
3097 8
3098 6
3099 6
3100 8
3101 10
3102 10
3103 2
3104 8
3105 12
3106 9
3107 9
3108 10
3109 7
3110 4
3111 7
3112 3
3113 5
3114 11
3115 5
3116 8
3117 10
3118 9
3119 8
3120 4
3121 9
3122 10
3123 8
3124 6
3125 10
3126 6
3127 12
3128 8
3129 6
3130 10
3131 1
3132 6
3133 5
3134 9
3135 12
3136 8
3137 5
3138 4
3139 3
3140 6
3141 4
3142 8
3143 9
3144 9
3145 14
3146 8
3147 8
3148 8
3149 13
3150 13
3151 8
3152 7
3153 5
3154 10
3155 5
3156 7
3157 11
3158 7
3159 4
3160 6
3161 6
3162 12
3163 11
3164 3
3165 8
3166 9
3167 4
3168 6
3169 4
3170 9
3171 11
3172 2
3173 7
3174 9
3175 4
3176 7
3177 4
3178 5
3179 4
3180 1
3181 4
3182 7
3183 1
3184 10
3185 10
3186 4
3187 6
3188 14
3189 14
3190 6
3191 8
3192 12
3193 7
3194 7
3195 4
3196 7
3197 6
3198 5
3199 5
3200 7
3201 7
3202 12
3203 12
3204 4
3205 11
3206 5
3207 8
3208 7
3209 6
3210 5
3211 5
3212 7
3213 4
3214 9
3215 6
3216 7
3217 8
3218 7
3219 6
3220 9
3221 7
3222 8
3223 8
3224 8
3225 10
3226 3
3227 11
3228 6
3229 13
3230 4
3231 9
3232 6
3233 5
3234 7
3235 8
3236 2
3237 10
3238 12
3239 7
3240 9
3241 4
3242 8
3243 8
3244 6
3245 5
3246 9
3247 4
3248 12
3249 6
3250 7
3251 4
3252 9
3253 4
3254 6
3255 9
3256 5
3257 9
3258 3
3259 3
3260 11
3261 9
3262 5
3263 5
3264 4
3265 8
3266 5
3267 8
3268 5
3269 8
3270 5
3271 7
3272 5
3273 6
3274 7
3275 9
3276 8
3277 4
3278 4
3279 13
3280 6
3281 5
3282 6
3283 4
3284 4
3285 4
3286 10
3287 6
3288 5
3289 9
3290 5
3291 9
3292 5
3293 8
3294 6
3295 4
3296 3
3297 3
3298 11
3299 6
3300 10
3301 2
3302 7
3303 4
3304 6
3305 10
3306 6
3307 5
3308 6
3309 4
3310 5
3311 5
3312 5
3313 6
3314 2
3315 10
3316 6
3317 5
3318 4
3319 12
3320 6
3321 9
3322 8
3323 8
3324 4
3325 8
3326 3
3327 6
3328 3
3329 6
3330 4
3331 2
3332 7
3333 7
3334 6
3335 4
3336 3
3337 4
3338 9
3339 3
3340 8
3341 4
3342 6
3343 11
3344 6
3345 4
3346 3
3347 8
3348 3
3349 9
3350 9
3351 7
3352 4
3353 9
3354 10
3355 8
3356 3
3357 7
3358 7
3359 8
3360 2
3361 7
3362 4
3363 8
3364 8
3365 7
3366 1
3367 4
3368 10
3369 6
3370 7
3371 5
3372 5
3373 7
3374 5
3375 8
3376 4
3377 8
3378 2
3379 7
3380 7
3381 6
3382 11
3383 5
3384 7
3385 8
3386 7
3387 4
3388 6
3389 5
3390 7
3391 5
3392 10
3393 5
3394 14
3395 8
3396 5
3397 8
3398 8
3399 9
3400 8
3401 7
3402 6
3403 5
3404 8
3405 3
3406 12
3407 6
3408 6
3409 7
3410 6
3411 9
3412 6
3413 5
3414 10
3415 3
3416 7
3417 8
3418 2
3419 5
3420 4
3421 4
3422 9
3423 7
3424 8
3425 7
3426 7
3427 3
3428 5
3429 2
3430 6
3431 5
3432 3
3433 5
3434 9
3435 2
3436 2
3437 5
3438 9
3439 3
3440 5
3441 6
3442 5
3443 4
3444 3
3445 7
3446 5
3447 3
3448 1
3449 6
3450 3
3451 7
3452 7
3453 3
3454 2
3455 6
3456 3
3457 7
3458 6
3459 7
3461 9
3462 5
3463 5
3464 8
3465 3
3466 6
3467 6
3468 5
3469 10
3470 8
3471 7
3472 6
3473 3
3474 2
3475 8
3476 8
3477 7
3478 7
3479 6
3480 7
3481 4
3482 1
3483 9
3484 5
3485 2
3486 7
3487 8
3488 8
3489 8
3490 10
3491 8
3492 10
3493 6
3494 3
3495 5
3496 5
3497 4
3498 5
3499 7
3500 5
3501 3
3502 2
3503 8
3504 2
3505 7
3506 10
3507 5
3508 3
3509 10
3510 7
3511 4
3512 6
3513 4
3514 6
3515 7
3516 6
3517 10
3518 4
3519 6
3520 5
3521 5
3522 3
3523 3
3524 6
3525 6
3526 6
3527 4
3528 4
3529 4
3530 7
3531 4
3532 1
3533 8
3534 4
3535 3
3536 2
3537 6
3538 1
3539 4
3540 2
3541 5
3542 6
3543 7
3544 6
3545 3
3546 4
3547 6
3548 5
3549 6
3550 3
3551 3
3552 4
3553 5
3554 2
3555 5
3556 4
3557 4
3558 7
3559 3
3560 5
3561 8
3562 7
3563 5
3564 5
3565 12
3566 5
3567 3
3568 7
3569 5
3570 5
3571 1
3572 2
3573 5
3574 4
3575 2
3576 4
3577 8
3578 2
3579 6
3580 2
3581 8
3582 6
3583 7
3584 5
3585 4
3586 7
3587 4
3588 3
3589 9
3590 5
3591 4
3592 3
3593 7
3594 6
3595 2
3596 7
3597 3
3598 4
3599 5
3600 4
3601 4
3602 3
3603 6
3604 5
3605 2
3606 3
3607 7
3608 3
3609 3
3610 4
3611 2
3612 7
3613 5
3614 6
3615 4
3616 4
3617 6
3618 1
3619 5
3620 9
3621 5
3622 7
3623 3
3624 1
3625 4
3626 10
3627 3
3628 6
3629 6
3630 2
3631 5
3632 4
3633 6
3634 3
3635 3
3636 5
3637 4
3639 5
3640 7
3641 5
3642 7
3643 10
3644 2
3645 4
3646 5
3647 5
3648 7
3649 6
3650 2
3651 4
3652 6
3653 2
3654 6
3655 4
3656 3
3657 3
3658 2
3659 5
3660 5
3661 4
3662 5
3663 4
3664 2
3665 7
3666 7
3667 2
3668 6
3669 3
3670 6
3671 5
3672 8
3673 6
3674 3
3675 8
3676 4
3677 4
3678 3
3679 3
3680 4
3681 6
3682 3
3683 5
3684 3
3685 3
3686 4
3687 2
3688 6
3689 2
3690 5
3691 5
3692 4
3693 4
3694 3
3695 5
3696 4
3697 4
3698 3
3699 5
3700 4
3701 4
3702 1
3703 3
3704 5
3705 2
3706 1
3707 2
3708 2
3709 5
3710 1
3711 5
3712 4
3713 4
3714 5
3715 4
3716 7
3717 2
3718 4
3719 5
3720 3
3721 4
3722 5
3723 8
3724 3
3725 6
3726 6
3727 7
3728 5
3729 1
3730 5
3731 4
3732 2
3733 5
3734 5
3735 7
3736 6
3737 8
3738 2
3739 3
3740 6
3741 4
3742 6
3743 5
3744 7
3745 4
3746 5
3748 3
3749 6
3750 6
3751 7
3752 3
3753 3
3754 3
3755 4
3756 2
3757 6
3758 5
3759 1
3760 4
3761 3
3762 9
3763 6
3764 5
3765 2
3766 5
3767 6
3768 7
3769 1
3770 4
3771 3
3772 7
3773 4
3774 3
3775 3
3777 1
3778 2
3779 3
3780 6
3781 3
3782 1
3783 5
3784 5
3785 6
3786 6
3787 2
3788 5
3789 3
3790 3
3791 1
3793 3
3794 3
3795 7
3796 1
3797 2
3798 5
3799 2
3800 4
3801 2
3802 1
3803 4
3804 3
3805 4
3806 2
3807 5
3808 2
3809 4
3810 2
3811 5
3812 1
3813 2
3814 9
3815 9
3816 5
3817 4
3818 6
3819 7
3820 5
3821 1
3822 2
3823 6
3824 2
3825 3
3826 2
3827 3
3828 7
3829 1
3830 6
3831 4
3832 9
3833 5
3834 6
3835 7
3836 6
3837 1
3838 3
3839 4
3840 2
3841 1
3842 3
3843 3
3844 6
3845 2
3846 2
3847 2
3848 5
3849 7
3850 1
3851 5
3852 3
3853 4
3854 6
3855 5
3856 2
3857 4
3858 2
3859 5
3860 4
3861 5
3862 3
3863 3
3864 3
3865 3
3866 4
3867 1
3868 3
3869 2
3870 4
3871 6
3872 4
3873 6
3874 7
3875 4
3876 2
3877 3
3878 4
3879 6
3880 4
3881 3
3882 2
3883 7
3884 7
3885 5
3886 1
3887 1
3888 2
3889 4
3890 6
3891 5
3892 3
3893 4
3894 4
3895 4
3896 4
3897 6
3898 3
3899 7
3900 6
3901 4
3902 4
3903 4
3904 6
3905 8
3906 4
3907 2
3908 4
3909 2
3910 2
3911 1
3912 4
3913 1
3914 3
3915 2
3916 3
3917 5
3918 4
3919 4
3920 3
3921 8
3922 3
3923 1
3924 3
3925 3
3926 1
3927 2
3928 3
3929 2
3930 6
3931 3
3932 3
3933 3
3934 2
3935 3
3936 3
3937 2
3938 3
3939 7
3940 5
3941 2
3942 4
3943 10
3944 4
3945 3
3947 7
3948 6
3949 2
3950 2
3951 3
3952 2
3953 3
3954 3
3955 3
3956 4
3957 6
3958 5
3959 2
3960 4
3961 2
3962 6
3963 1
3964 2
3965 2
3966 4
3967 1
3968 2
3969 1
3970 3
3971 2
3972 1
3973 6
3974 2
3975 4
3976 1
3977 2
3978 1
3979 2
3980 2
3981 2
3982 4
3983 3
3984 2
3985 4
3986 1
3987 4
3988 5
3989 4
3990 2
3991 2
3992 1
3993 2
3994 1
3995 2
3996 6
3997 5
3998 5
3999 4
4000 4
4001 3
4002 4
4003 4
4004 5
4005 4
4006 3
4007 3
4008 2
4009 2
4010 5
4011 2
4012 2
4013 8
4014 5
4015 3
4016 2
4017 5
4018 2
4019 3
4020 3
4021 2
4022 7
4023 2
4024 2
4025 8
4026 6
4027 2
4028 1
4029 1
4030 5
4031 2
4032 3
4033 3
4034 1
4035 4
4036 5
4037 1
4038 3
4039 3
4040 3
4041 2
4042 1
4043 1
4044 5
4045 3
4046 4
4047 1
4048 5
4049 4
4050 3
4051 3
4052 3
4053 5
4054 3
4055 4
4056 1
4057 6
4058 4
4059 2
4060 3
4061 3
4062 4
4063 5
4064 5
4065 3
4066 4
4067 1
4068 3
4069 4
4070 5
4072 3
4073 3
4074 4
4075 2
4076 2
4077 1
4078 1
4079 4
4080 3
4081 3
4082 4
4083 4
4084 4
4085 7
4086 4
4087 5
4088 1
4089 6
4090 4
4091 1
4092 4
4093 5
4094 4
4095 2
4096 2
4097 5
4098 1
4099 3
4100 4
4101 3
4102 7
4103 3
4104 5
4105 4
4106 5
4107 5
4108 1
4109 7
4110 3
4111 2
4112 3
4113 6
4114 5
4115 3
4116 5
4117 1
4118 6
4119 4
4120 1
4121 1
4122 5
4123 4
4124 4
4125 4
4126 3
4127 2
4128 3
4129 4
4130 1
4131 2
4132 1
4133 2
4134 7
4135 3
4136 1
4137 2
4138 7
4139 1
4140 4
4141 3
4142 2
4143 1
4144 1
4145 4
4146 1
4147 4
4148 5
4150 3
4151 2
4153 3
4154 2
4155 7
4156 2
4157 7
4158 3
4159 2
4160 3
4161 4
4162 4
4163 3
4164 6
4165 7
4166 5
4167 2
4168 3
4169 4
4170 1
4172 4
4173 5
4174 3
4175 1
4176 2
4177 8
4178 3
4179 4
4182 2
4183 2
4185 2
4186 2
4187 3
4188 2
4189 2
4190 3
4191 4
4192 3
4194 4
4195 1
4196 2
4197 2
4198 1
4199 3
4200 2
4201 7
4202 4
4203 6
4205 1
4206 4
4207 8
4208 3
4210 4
4211 1
4212 1
4213 1
4214 1
4215 3
4216 3
4217 3
4218 2
4219 5
4220 2
4221 5
4222 5
4223 1
4224 4
4225 3
4226 3
4227 1
4228 3
4229 4
4230 2
4231 2
4232 4
4233 4
4234 6
4235 5
4236 2
4237 3
4238 5
4239 2
4240 1
4241 5
4242 7
4243 3
4244 3
4246 5
4247 3
4248 2
4249 1
4250 1
4251 3
4252 2
4253 1
4254 2
4255 2
4256 3
4257 4
4258 6
4260 4
4261 4
4262 2
4263 2
4264 3
4265 4
4266 1
4267 3
4268 5
4269 1
4270 3
4271 1
4272 2
4273 1
4274 2
4275 3
4276 4
4277 4
4278 5
4280 1
4281 2
4282 3
4283 4
4284 4
4285 4
4286 3
4288 1
4289 4
4290 2
4292 3
4293 2
4295 3
4296 3
4297 4
4298 2
4299 1
4300 5
4301 3
4302 2
4303 4
4304 3
4305 1
4306 1
4307 4
4308 2
4310 1
4311 3
4312 2
4313 1
4315 1
4316 2
4317 4
4318 3
4319 2
4321 1
4322 1
4323 1
4324 1
4326 2
4327 3
4328 2
4329 2
4330 4
4331 2
4332 5
4333 1
4335 3
4336 2
4337 1
4339 2
4340 1
4341 1
4342 2
4343 6
4344 5
4345 1
4346 5
4347 1
4348 6
4349 3
4350 2
4351 3
4352 1
4353 3
4354 2
4355 4
4356 1
4358 4
4359 5
4360 3
4361 4
4362 3
4363 1
4364 4
4365 2
4368 6
4369 5
4370 2
4371 1
4372 2
4373 2
4374 3
4375 1
4376 4
4377 2
4378 2
4381 2
4382 2
4383 3
4384 3
4385 1
4386 1
4387 1
4388 3
4389 1
4390 1
4391 3
4392 1
4393 1
4394 6
4395 2
4396 4
4398 3
4399 2
4400 1
4401 1
4402 6
4403 1
4404 2
4405 2
4406 2
4407 4
4408 3
4409 5
4410 2
4411 2
4412 1
4413 1
4414 1
4415 2
4416 1
4417 1
4418 5
4419 7
4420 2
4421 3
4422 4
4423 3
4424 2
4425 1
4426 3
4427 1
4428 2
4429 2
4430 2
4431 2
4432 4
4433 7
4434 1
4435 3
4436 1
4437 3
4438 4
4439 5
4440 2
4441 2
4442 1
4443 1
4444 3
4445 4
4446 1
4447 3
4448 3
4449 3
4450 4
4451 5
4452 4
4453 2
4454 1
4455 5
4456 1
4457 3
4458 3
4459 5
4460 2
4461 2
4462 2
4463 3
4464 1
4465 2
4466 4
4467 4
4468 3
4469 1
4470 5
4471 3
4472 2
4473 3
4474 3
4475 2
4476 2
4477 1
4478 3
4480 3
4481 4
4482 4
4483 2
4484 3
4485 1
4486 7
4487 3
4488 4
4489 2
4490 2
4491 4
4492 1
4493 1
4494 3
4495 3
4496 4
4497 4
4498 1
4499 1
4500 1
4501 2
4503 4
4504 1
4505 4
4506 1
4507 1
4508 3
4509 3
4511 3
4512 3
4515 2
4516 2
4517 3
4518 2
4519 5
4520 1
4521 4
4522 3
4523 2
4524 5
4527 3
4528 2
4529 1
4530 3
4531 3
4532 2
4533 1
4535 3
4536 4
4537 3
4538 1
4539 1
4540 3
4541 2
4542 1
4543 3
4544 3
4546 2
4547 2
4548 1
4549 1
4550 2
4552 1
4553 2
4554 1
4556 2
4557 4
4558 1
4559 1
4560 2
4561 1
4562 4
4563 3
4565 4
4566 1
4567 3
4568 3
4569 3
4570 4
4572 2
4574 2
4575 3
4576 3
4577 3
4578 2
4579 1
4580 6
4581 2
4582 2
4583 3
4584 2
4586 4
4587 2
4588 3
4589 3
4591 2
4592 2
4593 2
4594 1
4595 4
4597 1
4599 3
4601 1
4602 3
4603 1
4604 2
4605 3
4606 1
4607 2
4608 3
4609 2
4610 2
4611 1
4612 2
4613 3
4614 2
4615 1
4616 2
4618 2
4619 1
4620 2
4621 4
4622 1
4623 1
4625 5
4626 3
4627 1
4629 1
4631 1
4632 1
4633 1
4635 4
4636 1
4637 5
4639 3
4640 4
4641 3
4642 3
4643 2
4644 4
4645 2
4646 1
4648 2
4649 2
4650 3
4651 2
4652 1
4653 1
4654 1
4655 4
4656 2
4657 2
4658 1
4659 1
4661 2
4662 1
4663 1
4664 1
4665 1
4666 2
4667 3
4668 2
4669 1
4670 3
4671 3
4672 2
4673 4
4675 2
4676 1
4678 4
4679 4
4681 1
4682 3
4683 1
4684 7
4685 2
4686 1
4687 3
4688 1
4689 1
4691 1
4692 6
4693 1
4694 2
4695 1
4696 5
4697 2
4698 1
4699 2
4700 1
4701 1
4702 3
4703 1
4704 1
4705 1
4707 2
4708 3
4709 4
4710 2
4711 1
4712 2
4713 3
4714 1
4715 1
4716 4
4717 1
4718 2
4719 4
4721 4
4722 2
4724 1
4725 2
4726 2
4728 4
4729 1
4730 3
4731 3
4732 2
4734 1
4735 2
4736 3
4737 2
4738 2
4739 1
4740 3
4741 1
4742 5
4743 1
4744 2
4745 1
4746 1
4747 3
4749 2
4750 2
4751 2
4752 1
4753 2
4754 3
4755 2
4756 4
4757 4
4758 2
4759 3
4760 3
4761 3
4763 1
4764 1
4765 3
4766 1
4767 2
4768 3
4769 3
4770 3
4773 3
4774 2
4775 1
4776 2
4777 4
4778 2
4779 4
4780 1
4781 3
4782 3
4783 1
4784 2
4785 3
4786 1
4787 1
4788 3
4789 3
4790 1
4791 3
4793 1
4794 1
4795 3
4796 4
4797 3
4798 1
4799 1
4800 2
4801 3
4802 3
4803 2
4804 4
4805 2
4806 1
4807 2
4808 2
4809 1
4810 1
4812 2
4813 3
4814 1
4815 2
4816 2
4817 1
4818 1
4819 2
4820 2
4821 2
4822 3
4823 4
4825 4
4826 2
4827 2
4829 1
4830 3
4831 3
4833 1
4834 1
4835 3
4836 1
4838 2
4839 1
4840 1
4841 1
4842 1
4843 2
4844 2
4845 3
4846 1
4847 1
4848 1
4849 3
4850 1
4851 1
4852 1
4853 1
4854 1
4855 3
4856 4
4857 1
4860 3
4862 2
4863 1
4864 2
4865 2
4866 1
4868 2
4870 1
4871 4
4872 2
4874 1
4875 2
4876 2
4877 1
4879 1
4880 1
4881 4
4882 3
4883 4
4884 5
4885 4
4886 2
4887 1
4888 1
4890 7
4892 1
4893 1
4894 3
4895 2
4896 1
4897 2
4898 4
4900 2
4901 5
4902 1
4904 1
4906 2
4907 1
4908 1
4909 3
4910 2
4911 1
4912 1
4913 1
4914 4
4915 1
4916 2
4917 4
4920 4
4921 3
4922 2
4923 5
4924 1
4925 1
4926 2
4927 1
4928 2
4929 4
4932 3
4933 2
4935 2
4936 4
4937 2
4938 3
4940 2
4941 2
4943 3
4944 3
4946 5
4948 1
4949 3
4950 1
4951 1
4952 1
4953 1
4954 2
4956 1
4957 3
4959 2
4960 4
4961 2
4963 2
4964 4
4966 2
4967 2
4971 4
4972 2
4974 4
4976 2
4977 2
4979 2
4980 3
4981 1
4984 2
4987 4
4988 1
4989 1
4990 1
4991 1
4993 2
4994 2
4995 2
4996 1
4997 1
4999 1
5000 1
5001 1
5002 2
5003 3
5004 1
5005 1
5006 1
5008 2
5010 1
5011 3
5012 1
5013 5
5014 4
5015 1
5016 1
5021 1
5023 2
5025 1
5027 2
5028 2
5029 2
5031 3
5033 2
5034 3
5035 3
5036 2
5038 2
5039 1
5040 2
5041 1
5043 1
5044 1
5046 1
5047 3
5048 2
5049 2
5050 2
5051 1
5054 2
5055 2
5056 1
5058 2
5059 1
5060 1
5061 1
5062 3
5063 4
5066 1
5067 1
5068 2
5070 1
5071 1
5073 1
5074 2
5076 1
5077 2
5078 2
5080 2
5081 3
5083 2
5084 4
5085 1
5086 2
5087 4
5093 2
5096 1
5097 1
5098 2
5099 1
5100 1
5101 2
5103 3
5104 1
5106 1
5107 1
5108 3
5109 3
5112 1
5113 3
5114 3
5115 5
5118 1
5119 3
5120 1
5121 1
5124 3
5125 1
5126 2
5129 2
5131 1
5133 3
5134 2
5135 5
5137 4
5140 1
5142 1
5145 2
5146 2
5147 2
5148 3
5149 2
5150 2
5151 2
5152 1
5153 1
5154 2
5155 1
5156 2
5159 1
5160 3
5162 1
5163 2
5164 4
5165 2
5166 2
5168 1
5169 3
5170 1
5171 1
5172 1
5174 1
5175 2
5176 2
5177 2
5178 1
5179 1
5181 1
5182 1
5183 4
5185 6
5186 3
5187 1
5188 1
5189 3
5190 1
5191 1
5193 2
5194 2
5195 3
5197 1
5198 2
5199 2
5200 1
5201 4
5205 4
5206 4
5207 1
5211 1
5214 4
5215 1
5216 1
5217 1
5218 2
5219 1
5222 4
5223 1
5225 2
5226 2
5227 3
5229 2
5230 1
5233 1
5234 2
5236 2
5237 1
5240 1
5241 2
5242 1
5243 1
5244 3
5246 2
5247 1
5248 1
5249 2
5251 1
5252 1
5253 1
5254 1
5255 1
5258 3
5260 2
5261 4
5262 2
5264 1
5265 1
5266 3
5268 3
5269 2
5270 1
5272 2
5273 2
5274 1
5275 5
5276 1
5277 2
5278 2
5279 1
5281 2
5282 2
5285 1
5287 1
5289 3
5290 4
5292 1
5294 1
5295 1
5297 1
5298 4
5299 1
5300 2
5303 1
5304 1
5305 1
5306 2
5307 2
5311 1
5312 2
5313 2
5315 1
5317 1
5318 2
5319 2
5320 2
5321 1
5322 2
5323 1
5325 2
5326 3
5328 1
5329 1
5331 3
5332 1
5333 1
5334 4
5335 2
5336 4
5339 1
5340 1
5341 2
5342 2
5343 3
5344 2
5345 1
5346 3
5347 1
5348 1
5349 1
5350 2
5352 3
5353 1
5354 1
5355 3
5356 1
5357 2
5358 1
5360 1
5361 2
5362 1
5363 2
5364 5
5365 1
5366 1
5369 1
5371 1
5372 3
5373 3
5374 1
5377 2
5379 1
5380 1
5381 1
5382 2
5386 1
5387 1
5388 1
5389 2
5390 1
5393 1
5394 2
5395 1
5396 4
5397 6
5398 2
5399 1
5400 1
5402 2
5403 3
5404 2
5405 1
5406 2
5408 1
5410 2
5411 1
5412 3
5413 4
5414 1
5416 1
5417 1
5420 2
5421 2
5423 3
5424 1
5425 3
5426 1
5427 1
5428 1
5429 4
5432 1
5433 2
5436 1
5437 1
5438 1
5439 2
5440 1
5441 2
5442 2
5444 2
5447 1
5448 1
5449 3
5450 1
5452 1
5455 2
5457 1
5458 2
5459 4
5460 3
5463 1
5464 1
5465 1
5466 1
5467 1
5469 1
5471 1
5473 2
5474 2
5475 1
5476 1
5477 1
5478 2
5480 1
5482 1
5483 1
5484 2
5485 2
5486 2
5487 1
5488 1
5489 1
5493 1
5494 2
5496 1
5497 2
5498 4
5499 1
5500 1
5501 1
5502 2
5503 4
5504 3
5505 2
5506 1
5508 1
5510 1
5511 1
5512 1
5513 2
5514 3
5515 2
5516 1
5517 1
5518 1
5520 2
5521 1
5522 1
5523 1
5524 1
5525 2
5526 1
5527 2
5528 1
5530 3
5531 2
5532 3
5536 1
5537 1
5541 1
5543 4
5545 1
5546 2
5548 2
5549 1
5550 1
5551 2
5552 2
5553 2
5554 1
5555 1
5557 1
5558 2
5559 1
5560 1
5561 4
5562 1
5563 1
5564 1
5566 1
5567 2
5568 2
5570 3
5572 2
5573 1
5575 3
5577 2
5578 1
5579 1
5580 2
5581 1
5582 1
5583 1
5584 2
5587 2
5589 3
5592 1
5593 1
5595 2
5596 1
5601 1
5602 1
5603 1
5605 2
5606 4
5607 1
5608 1
5609 2
5610 1
5612 1
5613 2
5614 4
5616 1
5617 1
5618 1
5622 3
5623 2
5625 1
5627 2
5628 1
5629 2
5630 1
5632 3
5633 1
5634 3
5635 1
5636 2
5638 1
5639 1
5642 3
5643 1
5645 1
5646 1
5647 1
5648 3
5649 2
5650 4
5652 1
5654 1
5655 1
5658 1
5659 1
5662 1
5663 2
5665 1
5667 1
5670 1
5673 1
5675 1
5676 3
5677 1
5678 1
5680 1
5681 2
5683 2
5684 2
5685 1
5686 1
5687 2
5690 1
5694 1
5695 2
5696 1
5697 2
5698 2
5700 4
5703 4
5705 2
5706 1
5707 1
5711 3
5712 1
5713 1
5717 3
5719 1
5721 3
5722 2
5723 1
5724 1
5728 1
5731 3
5732 1
5733 1
5735 1
5736 2
5738 1
5740 2
5741 1
5742 1
5743 1
5748 1
5749 2
5751 4
5753 2
5754 2
5755 1
5757 3
5758 1
5759 2
5760 1
5761 1
5764 1
5765 1
5766 1
5767 1
5769 1
5771 1
5772 2
5773 2
5775 1
5776 1
5778 1
5779 1
5781 2
5782 2
5783 2
5785 2
5786 2
5787 1
5788 1
5789 3
5790 1
5792 1
5793 1
5794 1
5795 1
5796 1
5797 2
5799 1
5801 1
5802 1
5803 1
5804 1
5807 1
5808 1
5809 1
5812 1
5817 1
5818 1
5819 2
5821 1
5822 1
5824 2
5826 1
5829 1
5830 1
5832 1
5835 1
5836 1
5837 1
5838 1
5840 1
5843 4
5846 3
5848 2
5851 2
5852 3
5853 1
5854 1
5855 1
5857 1
5861 1
5862 2
5863 1
5864 2
5865 2
5866 1
5869 2
5874 1
5875 1
5878 1
5879 1
5881 2
5883 2
5884 3
5889 3
5890 1
5893 2
5896 2
5898 1
5899 4
5900 1
5901 1
5903 2
5904 3
5905 2
5907 4
5908 1
5912 1
5914 3
5915 2
5916 3
5918 1
5919 1
5920 1
5921 1
5922 1
5923 1
5924 1
5926 1
5929 1
5930 1
5931 1
5932 1
5933 1
5934 2
5937 1
5938 1
5939 1
5940 2
5942 2
5943 2
5944 2
5945 1
5951 1
5953 1
5958 2
5962 3
5964 2
5965 3
5966 2
5967 1
5968 1
5969 1
5972 3
5973 2
5974 1
5977 1
5978 1
5980 1
5982 4
5983 2
5988 2
5989 1
5991 1
5992 2
5994 1
5998 1
5999 1
6001 1
6002 1
6003 2
6006 1
6007 1
6012 2
6016 1
6017 1
6018 1
6020 1
6021 1
6022 1
6024 1
6025 1
6026 3
6027 2
6029 2
6030 1
6032 3
6037 2
6041 1
6042 1
6043 3
6044 1
6045 1
6046 1
6047 1
6050 2
6052 2
6053 1
6055 1
6060 3
6061 1
6062 1
6064 1
6066 1
6068 2
6070 2
6072 4
6073 1
6075 2
6076 1
6078 1
6079 2
6080 1
6081 1
6082 2
6083 1
6084 2
6087 1
6089 4
6092 1
6094 1
6096 1
6097 2
6098 1
6099 1
6102 1
6103 1
6106 1
6108 1
6110 2
6111 1
6113 2
6114 1
6115 1
6116 2
6118 1
6119 1
6120 1
6122 1
6123 1
6124 2
6126 1
6130 1
6131 2
6133 1
6137 2
6138 3
6139 2
6140 1
6144 1
6146 2
6149 2
6152 1
6154 2
6156 1
6157 2
6159 1
6160 3
6161 1
6162 1
6163 2
6164 1
6165 2
6166 2
6167 1
6168 2
6169 2
6170 1
6171 1
6173 1
6176 1
6177 1
6180 2
6181 1
6183 1
6184 3
6185 1
6187 2
6188 1
6190 1
6191 1
6192 1
6193 3
6194 2
6197 1
6202 1
6203 1
6206 1
6207 1
6208 1
6209 3
6212 1
6213 2
6217 2
6218 1
6219 2
6222 1
6224 2
6225 1
6226 2
6230 1
6231 1
6232 3
6234 1
6236 1
6239 1
6240 1
6241 1
6242 3
6243 1
6244 1
6245 1
6246 1
6248 1
6249 1
6250 1
6251 2
6252 1
6255 1
6256 2
6258 2
6259 1
6260 1
6262 1
6263 1
6264 1
6266 1
6268 2
6269 3
6270 3
6273 1
6274 1
6276 1
6277 1
6278 2
6279 1
6280 1
6281 1
6282 1
6284 1
6285 1
6286 1
6287 2
6290 2
6291 2
6292 2
6293 1
6294 1
6296 1
6298 1
6301 1
6302 2
6304 1
6306 2
6308 1
6310 1
6314 3
6316 1
6317 2
6318 2
6319 1
6320 1
6323 2
6329 2
6332 1
6333 2
6335 2
6337 2
6340 1
6341 2
6342 2
6343 2
6346 1
6348 1
6350 1
6351 2
6352 1
6353 1
6354 3
6355 1
6356 2
6357 2
6358 1
6363 1
6364 1
6366 1
6369 3
6371 1
6372 1
6374 1
6375 1
6376 1
6378 2
6381 1
6382 1
6383 1
6385 2
6386 1
6389 2
6393 1
6402 1
6403 1
6407 1
6409 1
6410 2
6411 2
6413 1
6414 1
6415 2
6416 1
6419 1
6420 1
6421 1
6422 1
6423 1
6424 1
6426 1
6427 1
6428 1
6431 1
6435 1
6436 1
6437 2
6438 4
6439 1
6440 2
6441 2
6442 1
6443 1
6444 2
6445 1
6446 1
6451 3
6452 2
6454 2
6455 1
6458 3
6459 2
6460 2
6463 1
6466 1
6467 1
6468 2
6469 1
6470 1
6476 1
6477 2
6481 1
6485 1
6488 1
6489 1
6490 2
6492 1
6493 1
6496 2
6499 2
6502 1
6503 1
6507 2
6510 2
6511 1
6512 1
6513 2
6515 1
6517 2
6518 2
6519 1
6520 2
6521 1
6522 1
6523 1
6525 1
6526 2
6528 1
6533 1
6534 1
6536 1
6539 2
6541 1
6542 2
6543 1
6544 3
6549 1
6550 1
6553 1
6554 1
6556 1
6559 1
6560 1
6562 1
6563 1
6569 1
6572 1
6573 1
6574 2
6578 3
6581 1
6583 1
6586 1
6589 1
6590 3
6591 1
6592 1
6593 2
6594 1
6598 4
6600 1
6604 2
6606 1
6608 1
6609 1
6610 1
6614 2
6615 1
6617 1
6623 2
6624 1
6626 1
6627 3
6628 2
6632 2
6633 1
6635 1
6637 4
6640 1
6642 1
6645 1
6649 1
6650 1
6651 2
6653 1
6654 2
6660 1
6662 1
6666 1
6667 1
6670 1
6671 3
6675 1
6677 1
6679 1
6680 1
6683 1
6684 1
6689 3
6690 1
6692 1
6694 1
6697 1
6699 2
6700 2
6701 2
6702 1
6703 1
6709 1
6710 1
6711 1
6712 1
6715 1
6716 1
6717 1
6718 2
6723 1
6724 2
6725 1
6726 1
6729 2
6731 1
6735 2
6736 2
6738 3
6740 1
6741 1
6743 1
6751 2
6752 1
6753 1
6754 1
6755 1
6756 1
6761 1
6762 1
6763 2
6766 2
6768 1
6769 1
6771 2
6774 2
6775 2
6778 1
6779 2
6781 2
6782 1
6783 1
6784 1
6785 1
6787 3
6791 3
6792 1
6793 1
6797 2
6799 3
6800 2
6802 3
6803 1
6804 1
6806 1
6809 1
6810 2
6811 2
6812 1
6814 3
6815 1
6817 1
6818 1
6819 1
6820 1
6825 1
6826 1
6830 2
6832 1
6835 1
6836 1
6838 1
6839 1
6840 1
6841 1
6842 1
6847 1
6848 1
6849 1
6851 1
6852 1
6858 1
6861 1
6864 1
6870 1
6871 2
6873 1
6875 1
6876 1
6877 1
6879 1
6880 1
6881 2
6883 1
6885 2
6888 2
6890 1
6892 2
6893 2
6900 2
6902 2
6903 2
6904 1
6907 5
6910 1
6911 1
6914 1
6918 2
6919 2
6921 1
6923 1
6925 2
6929 1
6930 1
6931 1
6934 1
6937 1
6938 1
6941 1
6945 2
6946 2
6949 1
6950 1
6953 1
6954 2
6956 2
6964 1
6966 4
6967 1
6974 1
6976 1
6977 1
6978 1
6980 2
6981 1
6983 2
6985 3
6986 2
6987 3
6988 2
6998 1
7000 1
7003 1
7008 1
7009 1
7010 1
7012 1
7013 2
7014 1
7015 1
7020 2
7023 4
7024 1
7030 1
7032 1
7033 1
7036 1
7037 1
7038 1
7040 1
7042 1
7043 2
7044 1
7045 1
7052 1
7054 2
7060 2
7063 1
7066 1
7070 1
7072 2
7073 2
7074 1
7076 1
7077 1
7080 1
7081 1
7084 1
7089 1
7091 2
7094 1
7095 1
7096 2
7101 1
7104 1
7106 1
7111 1
7112 1
7113 1
7114 2
7116 2
7117 1
7118 1
7121 1
7126 2
7127 3
7130 1
7132 1
7133 1
7134 1
7135 1
7136 1
7138 2
7139 2
7140 1
7147 1
7148 1
7149 1
7152 2
7159 2
7161 1
7163 2
7164 1
7165 1
7168 1
7169 1
7172 4
7174 1
7175 2
7176 1
7177 2
7182 1
7189 2
7190 1
7193 1
7197 1
7199 1
7201 1
7203 1
7206 2
7212 3
7213 1
7215 1
7216 1
7218 1
7223 1
7227 1
7229 1
7232 1
7237 3
7238 3
7240 3
7241 2
7245 2
7246 1
7249 3
7250 1
7253 1
7254 2
7259 1
7266 2
7268 1
7269 1
7271 1
7272 1
7273 1
7274 1
7275 3
7277 2
7278 2
7279 1
7281 1
7282 1
7285 1
7286 1
7288 1
7289 1
7292 1
7296 2
7297 2
7298 2
7300 1
7309 2
7311 1
7314 1
7315 1
7319 1
7320 1
7323 1
7325 1
7333 1
7334 1
7335 1
7338 1
7339 1
7344 1
7346 1
7350 1
7351 1
7353 3
7356 1
7360 1
7361 1
7363 1
7364 1
7366 1
7368 2
7371 1
7372 1
7388 1
7390 1
7395 2
7397 1
7398 1
7399 1
7403 1
7405 1
7409 1
7414 2
7415 1
7421 1
7422 2
7423 1
7430 1
7434 1
7435 1
7440 1
7441 1
7445 2
7453 2
7456 1
7457 1
7458 1
7462 1
7463 1
7467 1
7470 1
7471 2
7477 1
7478 1
7479 1
7481 1
7482 1
7483 1
7484 1
7485 1
7488 1
7491 1
7492 2
7493 1
7497 1
7500 1
7504 1
7505 1
7506 1
7508 1
7514 1
7516 1
7519 2
7523 1
7525 1
7526 1
7527 2
7532 2
7536 1
7537 1
7540 2
7542 1
7544 1
7546 1
7547 1
7549 1
7553 1
7558 1
7561 1
7565 1
7568 1
7569 2
7574 1
7575 2
7577 1
7578 1
7582 2
7583 2
7590 2
7593 1
7596 1
7600 1
7604 1
7605 2
7607 1
7608 1
7611 1
7612 2
7616 1
7625 1
7627 1
7635 1
7638 2
7640 2
7641 1
7644 1
7651 2
7654 1
7655 1
7657 1
7660 1
7662 1
7666 1
7669 1
7676 1
7678 1
7680 2
7683 1
7687 2
7689 1
7697 2
7701 1
7704 1
7706 1
7711 1
7712 1
7717 1
7722 1
7725 1
7727 1
7731 1
7738 1
7747 1
7753 1
7759 1
7766 1
7770 1
7772 1
7773 2
7775 1
7776 1
7777 1
7778 1
7780 1
7784 1
7785 1
7788 2
7796 2
7799 1
7801 1
7805 1
7806 1
7807 1
7808 1
7814 1
7818 1
7820 1
7822 1
7834 1
7839 1
7842 1
7843 1
7846 1
7850 2
7853 1
7863 1
7865 1
7867 1
7888 1
7889 1
7890 1
7891 1
7892 1
7893 1
7895 1
7901 3
7905 1
7908 1
7913 1
7914 1
7916 1
7923 1
7927 1
7928 1
7938 1
7943 1
7946 1
7951 1
7952 1
7954 3
7955 1
7957 1
7958 1
7959 1
7960 1
7962 2
7969 1
7971 1
7972 1
7974 1
7976 1
7977 1
7978 1
7979 1
7980 1
7982 1
7984 1
7987 1
7990 2
7991 1
7995 2
7997 1
7998 1
8000 1
8002 1
8004 1
8005 1
8007 2
8011 1
8012 1
8019 2
8024 1
8034 1
8035 1
8045 1
8046 1
8047 2
8051 1
8052 1
8056 1
8060 1
8062 1
8063 1
8064 1
8067 1
8071 1
8073 1
8076 1
8080 1
8082 2
8086 1
8087 1
8088 1
8090 1
8094 1
8099 1
8104 1
8107 1
8115 1
8119 1
8121 1
8123 3
8131 1
8140 2
8142 1
8143 2
8153 2
8161 3
8163 2
8166 1
8172 1
8173 1
8182 1
8186 1
8187 2
8189 1
8191 1
8192 2
8196 2
8197 2
8201 1
8204 1
8208 1
8215 1
8223 1
8224 1
8225 1
8226 1
8228 1
8231 1
8232 1
8238 1
8239 1
8240 1
8241 1
8243 1
8248 1
8257 2
8259 2
8267 1
8268 1
8274 1
8277 1
8279 1
8280 1
8282 1
8283 1
8284 1
8285 1
8286 1
8291 1
8292 1
8295 1
8303 2
8305 1
8310 2
8315 1
8316 1
8317 1
8319 1
8324 4
8325 1
8328 1
8330 2
8337 1
8338 1
8339 1
8340 1
8343 1
8344 1
8345 1
8347 1
8349 1
8351 1
8353 1
8354 1
8355 1
8357 2
8360 1
8364 1
8367 1
8371 1
8381 2
8383 1
8388 2
8395 2
8396 1
8397 1
8405 1
8410 1
8411 2
8413 1
8418 1
8421 1
8423 1
8427 1
8428 1
8429 1
8433 1
8442 1
8470 1
8477 1
8482 1
8486 1
8493 1
8500 1
8513 1
8520 1
8523 1
8528 2
8531 2
8535 2
8537 1
8539 1
8540 1
8541 1
8544 2
8551 2
8554 1
8555 2
8556 1
8557 1
8566 1
8568 1
8569 1
8582 1
8583 1
8589 2
8591 2
8594 1
8596 1
8599 1
8608 1
8610 1
8613 1
8616 1
8622 1
8626 1
8627 1
8634 1
8637 1
8638 1
8643 1
8646 1
8648 1
8663 1
8669 1
8673 1
8679 1
8680 1
8688 1
8691 1
8695 1
8704 1
8709 1
8710 1
8725 1
8728 1
8734 1
8744 1
8746 1
8747 2
8749 1
8753 1
8756 1
8758 2
8766 1
8767 1
8770 1
8772 1
8775 1
8777 1
8786 1
8787 1
8789 1
8798 1
8799 1
8817 1
8818 1
8822 1
8823 1
8827 1
8828 1
8834 1
8835 1
8842 1
8847 1
8854 2
8857 2
8862 1
8868 1
8869 1
8876 1
8880 1
8881 1
8882 1
8883 1
8885 1
8886 1
8890 1
8905 1
8906 1
8912 1
8914 1
8915 1
8919 1
8929 1
8930 1
8934 1
8937 1
8944 1
8946 1
8949 1
8957 1
8966 2
8980 1
8983 1
8991 1
8994 1
8995 1
9002 1
9003 1
9007 1
9017 1
9018 1
9027 1
9029 1
9031 1
9038 1
9045 2
9046 1
9053 1
9054 1
9056 1
9060 1
9065 1
9070 1
9076 1
9080 1
9082 1
9084 1
9090 1
9100 1
9101 1
9104 1
9125 1
9139 2
9142 1
9153 1
9157 1
9162 1
9166 1
9167 1
9168 1
9176 1
9182 1
9186 1
9189 1
9192 1
9196 1
9197 1
9202 1
9203 1
9208 1
9212 2
9221 1
9227 1
9230 1
9237 1
9238 1
9241 1
9244 2
9245 1
9250 1
9254 1
9255 1
9257 1
9258 1
9263 1
9265 1
9268 1
9272 1
9273 1
9277 1
9293 1
9296 1
9297 1
9306 1
9311 2
9319 1
9326 2
9329 2
9330 1
9332 1
9333 2
9334 1
9346 1
9364 1
9365 1
9367 1
9368 1
9371 1
9372 3
9375 2
9376 1
9379 2
9383 1
9385 1
9386 1
9392 1
9393 1
9397 1
9401 1
9417 1
9437 1
9441 2
9452 1
9462 1
9464 1
9465 1
9470 1
9478 1
9481 1
9482 2
9488 2
9490 1
9496 1
9499 1
9502 1
9507 1
9518 2
9536 1
9538 1
9540 1
9544 1
9545 1
9557 1
9559 1
9566 1
9569 1
9572 1
9574 1
9587 1
9588 1
9590 1
9594 2
9595 2
9602 1
9606 1
9610 1
9612 1
9613 2
9619 2
9621 1
9622 2
9624 1
9630 1
9641 1
9647 1
9652 1
9655 1
9662 1
9682 1
9683 1
9684 1
9685 1
9688 1
9694 1
9703 1
9706 1
9713 1
9723 1
9725 1
9733 1
9740 1
9741 1
9751 2
9756 1
9757 2
9765 1
9766 2
9768 1
9782 1
9786 1
9797 1
9802 1
9806 1
9807 1
9812 1
9833 1
9835 1
9844 1
9845 1
9850 1
9853 1
9859 1
9868 1
9881 1
9885 1
9892 1
9895 1
9905 1
9908 1
9909 1
9910 1
9923 1
9929 1
9931 1
9936 1
9947 1
9951 1
9953 2
9955 1
9956 1
9959 1
9972 1
9976 1
9978 1
9980 1
9983 1
9997 1
10004 1
10008 1
10016 1
10023 1
10025 1
10036 1
10046 1
10050 1
10054 1
10064 1
10077 1
10084 1
10091 1
10095 1
10100 1
10103 1
10112 1
10114 1
10117 1
10125 1
10140 1
10155 1
10160 1
10169 1
10173 1
10176 2
10179 1
10182 1
10201 1
10202 2
10208 1
10217 1
10220 1
10222 1
10236 1
10239 1
10240 1
10243 1
10246 1
10248 2
10253 1
10257 1
10262 1
10264 1
10267 1
10269 1
10270 1
10284 1
10289 1
10294 1
10298 1
10304 2
10313 1
10318 1
10321 1
10335 1
10336 1
10337 1
10339 1
10356 1
10359 1
10362 1
10364 1
10375 1
10385 1
10389 1
10396 2
10399 1
10409 1
10413 1
10427 1
10431 1
10435 1
10449 1
10451 1
10461 1
10463 1
10464 1
10465 1
10471 1
10473 1
10478 1
10482 1
10488 1
10490 1
10491 1
10494 1
10500 1
10501 2
10507 1
10516 1
10530 1
10538 1
10543 1
10549 1
10557 1
10558 1
10575 1
10577 1
10580 1
10583 1
10584 1
10585 1
10586 1
10598 1
10599 1
10602 1
10603 1
10608 1
10609 2
10611 1
10613 1
10616 1
10621 1
10626 1
10629 1
10630 1
10635 1
10646 2
10647 1
10652 1
10653 1
10654 1
10655 1
10667 1
10669 1
10674 1
10675 1
10677 1
10679 1
10680 1
10701 1
10706 1
10723 1
10725 1
10737 1
10740 1
10759 1
10762 1
10785 1
10789 1
10791 1
10799 1
10804 1
10811 1
10818 1
10819 1
10822 1
10823 1
10838 1
10844 1
10846 1
10847 2
10861 1
10866 1
10868 1
10869 1
10870 1
10880 1
10886 1
10913 1
10919 1
10923 1
10930 1
10932 1
10939 1
10940 1
10945 2
10954 1
10990 1
10995 1
11000 1
11010 1
11027 1
11028 1
11039 1
11090 1
11092 1
11095 1
11103 1
11110 1
11118 1
11139 1
11140 1
11143 1
11147 1
11148 1
11150 1
11167 2
11169 1
11181 1
11189 1
11210 1
11215 1
11225 1
11226 1
11234 1
11236 1
11242 1
11252 1
11256 1
11270 1
11271 1
11273 1
11287 1
11291 1
11314 1
11324 1
11325 1
11326 1
11329 1
11339 2
11340 1
11341 1
11345 2
11349 1
11384 1
11385 1
11405 1
11408 1
11409 1
11411 1
11416 1
11426 1
11445 1
11452 1
11472 1
11478 1
11487 1
11494 1
11495 1
11535 1
11539 1
11547 1
11552 1
11557 1
11568 1
11580 1
11597 1
11613 1
11618 1
11636 1
11682 1
11692 1
11703 1
11704 1
11706 1
11712 1
11747 1
11749 1
11762 1
11766 1
11777 1
11791 1
11800 1
11801 1
11807 1
11822 2
11841 1
11847 1
11856 1
11869 2
11875 1
11877 1
11906 1
11910 1
11913 1
11916 1
11926 1
11929 1
11930 1
11938 1
11951 1
11954 1
11961 1
11969 1
11971 1
11976 1
11989 1
11997 1
12001 1
12010 1
12011 1
12016 1
12022 1
12024 1
12031 1
12045 1
12047 1
12076 1
12093 1
12101 1
12102 1
12106 1
12118 1
12121 1
12128 1
12177 1
12199 1
12204 1
12211 1
12220 1
12239 1
12241 1
12253 1
12256 1
12282 1
12291 1
12314 1
12316 1
12321 1
12326 1
12348 1
12371 1
12372 1
12375 1
12379 1
12402 1
12411 1
12438 1
12458 1
12484 1
12491 1
12496 1
12503 1
12508 1
12509 1
12532 1
12540 1
12547 1
12588 1
12602 1
12607 1
12611 2
12612 1
12622 1
12629 1
12654 1
12666 1
12681 1
12683 1
12704 1
12730 1
12746 3
12751 1
12787 1
12790 1
12824 1
12865 1
12870 1
12879 1
12895 1
12903 2
12911 1
12928 1
12939 1
12945 1
12949 1
12951 1
12972 1
12983 1
12986 1
13010 1
13015 1
13039 1
13044 1
13055 1
13064 1
13066 1
13101 1
13124 1
13125 1
13147 1
13152 1
13171 1
13173 1
13177 1
13182 1
13184 1
13219 1
13220 1
13236 1
13246 1
13247 1
13265 1
13266 1
13293 2
13308 1
13309 1
13329 1
13331 1
13341 1
13371 1
13379 1
13408 1
13420 1
13448 1
13450 1
13452 1
13479 1
13481 1
13490 1
13498 1
13528 1
13551 1
13553 1
13583 1
13586 1
13594 1
13596 1
13608 1
13611 1
13644 1
13649 1
13651 1
13656 1
13659 1
13662 1
13672 1
13676 1
13681 1
13696 2
13710 1
13714 1
13741 1
13743 1
13771 1
13780 1
13787 1
13794 1
13805 1
13822 1
13824 1
13827 1
13845 1
13900 1
13901 1
13916 1
13935 1
13947 1
13950 1
13997 1
14001 1
14009 1
14010 1
14018 1
14020 1
14025 1
14032 1
14035 1
14059 1
14086 1
14094 1
14113 1
14120 1
14153 1
14160 1
14164 1
14167 1
14177 1
14199 1
14217 1
14233 1
14234 1
14243 1
14252 1
14281 1
14283 1
14291 1
14294 1
14295 1
14316 1
14335 1
14371 1
14423 1
14449 1
14454 1
14493 1
14505 1
14539 1
14560 1
14566 1
14590 1
14620 1
14621 1
14635 1
14660 1
14682 1
14710 1
14775 1
14793 1
14824 1
14841 1
14845 1
14867 1
14883 1
14885 1
15008 1
15037 1
15056 1
15068 1
15077 1
15085 1
15095 1
15104 1
15132 1
15159 1
15160 1
15177 1
15180 1
15208 1
15211 1
15212 1
15237 1
15238 1
15250 1
15273 1
15284 1
15285 1
15293 1
15302 1
15304 1
15307 1
15309 1
15351 1
15362 1
15365 1
15396 1
15412 1
15437 1
15480 1
15508 1
15527 1
15531 1
15544 1
15552 1
15569 1
15576 1
15590 1
15591 1
15600 1
15610 1
15619 1
15628 1
15635 1
15668 1
15677 1
15679 1
15711 1
15718 1
15756 1
15757 1
15771 1
15779 1
15834 1
15858 1
15862 1
15865 1
15887 1
15923 1
15933 1
15948 1
16038 1
16069 1
16109 1
16114 1
16154 1
16172 1
16183 1
16195 1
16256 1
16280 1
16281 1
16282 1
16353 1
16401 1
16407 1
16453 1
16486 1
16505 1
16507 1
16515 1
16572 1
16579 1
16598 1
16604 1
16613 1
16623 1
16729 1
16740 1
16779 1
16829 1
16831 1
16859 1
16869 1
16876 1
16877 1
16958 1
17027 1
17028 1
17031 1
17054 1
17072 1
17149 1
17175 1
17197 1
17209 1
17252 1
17265 1
17305 1
17325 1
17400 1
17403 1
17409 1
17488 1
17502 1
17512 1
17539 1
17565 1
17583 1
17587 1
17655 1
17693 1
17712 1
17762 1
17881 1
17926 1
17927 1
17967 1
18040 1
18062 1
18118 1
18123 1
18188 1
18317 1
18371 1
18404 1
18416 1
18419 1
18421 1
18459 1
18461 1
18466 1
18530 1
18536 1
18578 1
18603 1
18658 1
18660 1
18678 1
18887 1
18917 1
18976 1
19017 1
19068 1
19095 1
19111 1
19158 1
19218 1
19223 2
19385 1
19395 1
19401 1
19423 1
19484 1
19490 1
19511 1
19521 1
19546 1
19558 1
19599 1
19650 1
19708 1
19773 1
19779 1
19828 1
19866 1
19876 1
19901 1
19957 1
20034 1
20061 1
20118 1
20194 1
20222 1
20253 1
20285 1
20343 1
20359 1
20762 1
20765 1
20796 1
20820 1
20883 1
20919 1
20950 1
21042 1
21056 1
21145 1
21316 1
21319 1
21452 1
21478 1
21490 1
21554 1
21563 1
21661 1
21682 1
21698 1
21709 1
21853 1
21931 1
22030 1
22054 1
22093 1
22102 1
22133 1
22139 1
22175 1
22284 1
22288 1
22349 1
22416 1
22450 1
22468 1
22521 1
22668 1
22727 1
22858 1
22886 1
22911 1
22952 1
22978 1
23019 1
23112 1
23148 1
23285 1
23374 1
23375 1
23596 1
23676 1
23708 1
23782 1
23794 1
23880 1
23899 1
23905 1
24001 1
24016 1
24075 1
24211 1
24215 1
24223 1
24333 1
24346 1
24498 2
24527 1
24660 1
24848 1
25025 1
25082 1
25168 1
25201 1
25682 1
25700 1
25819 1
25831 1
25854 1
25945 1
26050 1
26066 1
26144 1
26299 1
26586 1
26699 1
27140 1
27375 1
27423 1
27554 1
27652 1
27708 1
28105 1
28309 1
28512 1
28539 1
28989 1
29211 1
29306 1
29328 1
29718 1
29746 1
30398 1
30511 1
30679 1
31021 1
31022 1
31392 1
31445 1
31751 1
31808 1
31969 1
32282 1
32474 1
32570 1
32596 1
32972 1
33094 1
33252 1
33369 1
33419 1
33561 1
33579 1
35703 1
35889 1
35956 1
36139 1
37150 1
37504 1
37977 1
38078 1
38099 1
38153 1
38346 1
40489 1
40946 1
42940 1
43130 1
44559 1
46491 1
47034 1
50852 1
52379 1
53282 1
54897 1
54959 1
57375 1
59142 1
59889 1
72825 1
74094 1
79633 1
