-270 1
-269 3
-268 8
-267 17
-266 26
-265 36
-264 40
-263 74
-262 53
-261 65
-260 49
-259 53
-258 78
-257 58
-256 47
-255 71
-254 62
-253 54
-252 65
-251 76
-250 69
-249 67
-248 69
-247 64
-246 63
-245 70
-244 72
-243 69
-242 69
-241 94
-240 130
-239 128
-238 150
-237 157
-236 160
-235 187
-234 158
-233 136
-232 149
-231 157
-230 127
-229 116
-228 134
-227 115
-226 120
-225 118
-224 135
-223 155
-222 169
-221 178
-220 229
-219 216
-218 232
-217 222
-216 178
-215 209
-214 200
-213 194
-212 184
-211 232
-210 207
-209 233
-208 206
-207 206
-206 241
-205 231
-204 245
-203 253
-202 254
-201 264
-200 284
-199 323
-198 360
-197 347
-196 381
-195 369
-194 418
-193 500
-192 516
-191 581
-190 584
-189 611
-188 653
-187 574
-186 688
-185 645
-184 719
-183 758
-182 751
-181 821
-180 773
-179 768
-178 819
-177 835
-176 862
-175 910
-174 917
-173 966
-172 1034
-171 992
-170 990
-169 1004
-168 1029
-167 1019
-166 991
-165 1079
-164 1103
-163 1066
-162 1152
-161 1221
-160 1216
-159 1272
-158 1311
-157 1264
-156 1251
-155 1346
-154 1298
-153 1320
-152 1347
-151 1410
-150 1458
-149 1493
-148 1519
-147 1603
-146 1642
-145 1581
-144 1659
-143 1712
-142 1740
-141 1762
-140 1806
-139 1800
-138 1882
-137 1857
-136 1854
-135 1940
-134 1933
-133 1930
-132 1970
-131 1981
-130 1939
-129 2115
-128 2008
-127 2059
-126 2065
-125 1977
-124 2079
-123 2120
-122 2029
-121 2186
-120 2054
-119 2174
-118 2123
-117 2105
-116 2124
-115 2379
-114 2311
-113 2237
-112 2406
-111 2432
-110 2549
-109 2629
-108 2630
-107 2740
-106 2647
-105 2691
-104 2726
-103 2777
-102 2782
-101 2670
-100 2838
-99 2776
-98 2822
-97 3034
-96 2907
-95 3028
-94 3078
-93 3003
-92 3174
-91 3120
-90 3146
-89 3233
-88 3336
-87 3346
-86 3405
-85 3573
-84 3636
-83 3703
-82 3739
-81 3723
-80 3686
-79 3710
-78 3894
-77 3867
-76 3952
-75 4054
-74 3932
-73 4067
-72 4096
-71 4415
-70 4324
-69 4436
-68 4469
-67 4597
-66 4703
-65 4737
-64 4661
-63 4790
-62 4797
-61 4763
-60 4826
-59 4797
-58 4931
-57 5077
-56 5284
-55 5459
-54 5176
-53 5155
-52 5286
-51 5259
-50 5443
-49 5518
-48 5416
-47 5477
-46 5766
-45 5795
-44 6106
-43 6400
-42 6442
-41 6330
-40 6356
-39 6169
-38 6324
-37 6443
-36 6396
-35 6675
-34 6832
-33 6876
-32 7026
-31 6936
-30 7106
-29 7500
-28 7445
-27 7275
-26 7504
-25 7788
-24 7770
-23 7755
-22 7999
-21 8069
-20 8176
-19 8045
-18 8212
-17 8173
-16 8292
-15 8486
-14 8512
-13 8666
-12 8806
-11 9070
-10 9634
-9 10132
-8 9764
-7 9612
-6 9904
-5 10288
-4 9535
-3 9652
-2 9739
-1 9769
0 9767
1 9660
2 9579
3 9725
4 9790
5 9993
6 10311
7 10216
8 10078
9 10175
10 10239
11 10331
12 10285
13 10279
14 10450
15 10728
16 11038
17 11122
18 11464
19 12169
20 12543
21 12515
22 12514
23 12737
24 13105
25 13616
26 13350
27 13409
28 13384
29 14134
30 13990
31 13773
32 13523
33 13853
34 13638
35 13725
36 14209
37 14848
38 14599
39 14818
40 14746
41 15371
42 15992
43 16433
44 16760
45 16194
46 15923
47 15988
48 15971
49 16275
50 16182
51 15708
52 15619
53 15725
54 15755
55 16175
56 16706
57 16721
58 16152
59 16428
60 16529
61 16423
62 16471
63 17244
64 17482
65 17948
66 17720
67 18197
68 19030
69 17771
70 17460
71 17453
72 17009
73 16941
74 17038
75 17157
76 17415
77 17651
78 17626
79 18045
80 17932
81 17733
82 17766
83 17819
84 18047
85 18173
86 18312
87 18376
88 18905
89 19355
90 20048
91 20649
92 21634
93 21961
94 22227
95 24063
96 22930
97 22482
98 21322
99 20993
100 20868
101 20910
102 21322
103 20991
104 21085
105 21024
106 20944
107 21242
108 21799
109 23168
110 23149
111 23708
112 23006
113 23296
114 24740
115 23034
116 21487
117 20899
118 20302
119 20468
120 20707
121 21082
122 21911
123 23897
124 23625
125 23219
126 23377
127 25214
128 34015
129 24593
130 20386
131 18318
132 17069
133 16284
134 15458
135 14774
136 14496
137 14085
138 13603
139 13388
140 13096
141 12940
142 12911
143 12905
144 12626
145 12435
146 12676
147 12095
148 11999
149 11547
150 11431
151 11102
152 10769
153 10619
154 10453
155 10244
156 10199
157 10156
158 10350
159 10608
160 10250
161 10305
162 10096
163 9432
164 9010
165 8707
166 8591
167 8111
168 8163
169 8163
170 7665
171 7597
172 7356
173 7079
174 7059
175 6905
176 6865
177 6697
178 6610
179 6495
180 6317
181 6096
182 5990
183 6041
184 5730
185 5717
186 5719
187 5644
188 5431
189 5208
190 5134
191 4997
192 4921
193 4758
194 4616
195 4602
196 4385
197 4409
198 4299
199 4229
200 4140
201 4071
202 4039
203 4028
204 3886
205 3857
206 3795
207 3692
208 3703
209 3586
210 3435
211 3452
212 3403
213 3323
214 3297
215 3324
216 3208
217 3199
218 3239
219 3080
220 3040
221 2985
222 2948
223 2846
224 2841
225 2721
226 2749
227 2696
228 2733
229 2661
230 2640
231 2543
232 2592
233 2519
234 2515
235 2378
236 2400
237 2433
238 2383
239 2300
240 2344
241 2269
242 2248
243 2207
244 2214
245 2089
246 2183
247 2235
248 2230
249 2008
250 1993
251 2071
252 2152
253 2002
254 2070
255 2053
256 2007
257 1979
258 2012
259 1927
260 1982
261 1870
262 1846
263 1948
264 1873
265 1862
266 1820
267 1883
268 1835
269 1811
270 1760
271 1794
272 1777
273 1852
274 1673
275 1698
276 1713
277 1638
278 1606
279 1557
280 1546
281 1489
282 1555
283 1473
284 1427
285 1445
286 1430
287 1466
288 1336
289 1365
290 1317
291 1374
292 1312
293 1328
294 1299
295 1319
296 1279
297 1306
298 1264
299 1210
300 1278
301 1231
302 1197
303 1164
304 1198
305 1160
306 1181
307 1154
308 1092
309 1123
310 1048
311 1115
312 1084
313 1065
314 1039
315 1009
316 991
317 1002
318 1023
319 1023
320 980
321 927
322 1003
323 1012
324 943
325 1006
326 932
327 935
328 955
329 953
330 900
331 926
332 909
333 860
334 902
335 864
336 834
337 846
338 864
339 842
340 814
341 846
342 830
343 827
344 831
345 878
346 842
347 853
348 742
349 779
350 742
351 712
352 745
353 709
354 705
355 700
356 644
357 648
358 696
359 648
360 679
361 673
362 687
363 649
364 628
365 678
366 610
367 613
368 632
369 623
370 628
371 554
372 608
373 618
374 548
375 578
376 552
377 525
378 545
379 543
380 535
381 556
382 536
383 527
384 512
385 488
386 523
387 495
388 486
389 508
390 540
391 521
392 523
393 479
394 502
395 493
396 508
397 477
398 482
399 448
400 423
401 493
402 446
403 448
404 414
405 413
406 462
407 457
408 376
409 468
410 394
411 420
412 449
413 442
414 432
415 346
416 424
417 399
418 411
419 420
420 424
421 393
422 378
423 414
424 384
425 366
426 375
427 376
428 356
429 403
430 338
431 376
432 336
433 346
434 331
435 315
436 355
437 335
438 303
439 347
440 346
441 315
442 324
443 294
444 298
445 311
446 303
447 332
448 314
449 316
450 333
451 298
452 281
453 288
454 318
455 260
456 295
457 287
458 311
459 281
460 256
461 299
462 292
463 264
464 277
465 265
466 236
467 252
468 267
469 284
470 279
471 252
472 230
473 260
474 250
475 230
476 247
477 243
478 260
479 235
480 254
481 254
482 226
483 240
484 226
485 218
486 238
487 243
488 237
489 196
490 217
491 211
492 227
493 219
494 230
495 223
496 201
497 234
498 215
499 223
500 215
501 191
502 197
503 184
504 225
505 198
506 200
507 208
508 186
509 196
510 201
511 196
512 205
513 202
514 182
515 189
516 182
517 184
518 176
519 187
520 185
521 173
522 180
523 167
524 198
525 169
526 174
527 171
528 178
529 162
530 153
531 183
532 170
533 149
534 158
535 190
536 147
537 157
538 158
539 142
540 149
541 171
542 165
543 160
544 143
545 138
546 168
547 167
548 153
549 152
550 151
551 124
552 128
553 140
554 154
555 139
556 129
557 147
558 157
559 121
560 154
561 145
562 135
563 138
564 145
565 106
566 117
567 140
568 154
569 128
570 134
571 117
572 134
573 113
574 124
575 116
576 127
577 129
578 129
579 130
580 114
581 131
582 104
583 128
584 118
585 102
586 123
587 119
588 111
589 126
590 125
591 115
592 86
593 124
594 115
595 121
596 102
597 115
598 102
599 126
600 97
601 104
602 110
603 107
604 83
605 110
606 107
607 68
608 104
609 100
610 112
611 108
612 95
613 93
614 104
615 123
616 95
617 94
618 94
619 93
620 81
621 108
622 78
623 97
624 91
625 81
626 86
627 86
628 95
629 93
630 87
631 70
632 75
633 98
634 77
635 102
636 90
637 98
638 90
639 83
640 80
641 89
642 83
643 80
644 72
645 74
646 95
647 86
648 81
649 94
650 78
651 95
652 73
653 76
654 62
655 79
656 100
657 83
658 73
659 63
660 75
661 75
662 91
663 78
664 70
665 61
666 79
667 80
668 56
669 75
670 61
671 79
672 74
673 70
674 55
675 75
676 68
677 72
678 47
679 71
680 68
681 52
682 74
683 71
684 58
685 67
686 51
687 51
688 54
689 72
690 64
691 68
692 62
693 52
694 62
695 69
696 52
697 68
698 63
699 65
700 60
701 57
702 59
703 51
704 55
705 65
706 51
707 46
708 49
709 59
710 48
711 67
712 75
713 56
714 53
715 61
716 60
717 50
718 37
719 40
720 61
721 49
722 67
723 42
724 49
725 59
726 52
727 55
728 51
729 55
730 47
731 51
732 50
733 33
734 50
735 44
736 45
737 56
738 41
739 33
740 47
741 53
742 30
743 57
744 56
745 42
746 51
747 34
748 43
749 45
750 35
751 45
752 48
753 38
754 48
755 35
756 34
757 40
758 43
759 39
760 42
761 43
762 43
763 37
764 39
765 46
766 39
767 45
768 60
769 34
770 39
771 44
772 41
773 38
774 30
775 26
776 33
777 37
778 36
779 35
780 45
781 39
782 41
783 39
784 40
785 37
786 33
787 28
788 30
789 30
790 40
791 32
792 50
793 23
794 32
795 38
796 29
797 34
798 41
799 39
800 35
801 45
802 39
803 33
804 24
805 32
806 36
807 25
808 30
809 47
810 34
811 33
812 35
813 33
814 22
815 24
816 33
817 25
818 21
819 30
820 29
821 32
822 29
823 27
824 34
825 15
826 31
827 26
828 28
829 30
830 29
831 27
832 19
833 28
834 30
835 25
836 40
837 24
838 28
839 28
840 27
841 30
842 17
843 23
844 30
845 29
846 32
847 18
848 30
849 27
850 30
851 31
852 23
853 20
854 27
855 30
856 27
857 32
858 26
859 17
860 36
861 30
862 22
863 16
864 28
865 18
866 20
867 20
868 20
869 18
870 30
871 27
872 33
873 24
874 19
875 20
876 22
877 28
878 22
879 23
880 24
881 17
882 25
883 22
884 13
885 15
886 18
887 23
888 19
889 23
890 30
891 15
892 20
893 21
894 31
895 26
896 21
897 27
898 26
899 19
900 23
901 27
902 22
903 9
904 14
905 22
906 16
907 22
908 24
909 20
910 15
911 20
912 20
913 20
914 28
915 19
916 13
917 25
918 21
919 18
920 15
921 17
922 17
923 11
924 14
925 17
926 15
927 19
928 15
929 12
930 14
931 7
932 20
933 17
934 17
935 22
936 19
937 18
938 26
939 14
940 12
941 15
942 19
943 20
944 14
945 13
946 18
947 13
948 18
949 14
950 14
951 13
952 10
953 14
954 15
955 13
956 11
957 17
958 18
959 12
960 19
961 11
962 14
963 10
964 9
965 16
966 22
967 13
968 23
969 20
970 17
971 14
972 11
973 22
974 18
975 14
976 13
977 21
978 19
979 13
980 14
981 6
982 18
983 10
984 5
985 20
986 21
987 15
988 7
989 12
990 12
991 8
992 10
993 18
994 12
995 10
996 11
997 14
998 12
999 7
1000 9
1001 13
1002 10
1003 12
1004 13
1005 7
1006 15
1007 16
1008 12
1009 14
1010 10
1011 11
1012 12
1013 12
1014 6
1015 11
1016 8
1017 16
1018 6
1019 8
1020 9
1021 16
1022 10
1023 8
1024 9
1025 4
1026 11
1027 12
1028 9
1029 7
1030 10
1031 8
1032 13
1033 10
1034 9
1035 9
1036 7
1037 10
1038 9
1039 7
1040 12
1041 10
1042 11
1043 12
1044 7
1045 5
1046 14
1047 9
1048 9
1049 8
1050 9
1051 8
1052 11
1053 15
1054 7
1055 6
1056 6
1057 13
1058 10
1059 8
1060 12
1061 8
1062 11
1063 4
1064 6
1065 6
1066 5
1067 8
1068 5
1069 13
1070 14
1071 8
1072 10
1073 4
1074 6
1075 5
1076 6
1077 7
1078 11
1079 10
1080 7
1081 5
1082 6
1083 5
1084 7
1085 7
1086 9
1087 8
1088 6
1089 10
1090 5
1091 7
1092 9
1093 7
1094 7
1095 9
1096 11
1097 4
1098 9
1099 4
1100 11
1101 5
1102 5
1103 2
1104 5
1105 8
1106 6
1107 8
1108 7
1109 9
1110 3
1111 7
1112 5
1113 5
1114 8
1115 6
1116 8
1117 6
1118 7
1119 7
1120 5
1121 8
1122 8
1123 2
1124 6
1125 8
1126 5
1127 1
1128 3
1129 9
1130 3
1131 3
1132 2
1133 2
1134 5
1135 9
1136 7
1137 10
1138 4
1139 4
1140 3
1141 3
1142 4
1143 5
1144 6
1145 5
1146 8
1147 4
1148 5
1149 5
1150 6
1151 4
1152 5
1153 6
1154 7
1155 1
1156 6
1157 4
1158 7
1159 1
1160 2
1161 4
1162 12
1163 4
1164 7
1165 6
1166 1
1167 4
1168 7
1169 2
1170 2
1171 7
1172 3
1173 3
1174 1
1175 5
1176 4
1177 4
1178 2
1179 1
1180 2
1181 5
1182 4
1183 7
1184 8
1185 5
1186 5
1187 2
1189 6
1190 4
1191 5
1192 5
1193 5
1194 3
1195 2
1196 2
1197 2
1198 5
1199 3
1200 2
1201 6
1202 4
1203 8
1204 5
1205 6
1206 4
1207 6
1208 1
1209 2
1210 4
1211 1
1212 1
1213 5
1214 5
1215 3
1216 3
1218 1
1219 5
1220 4
1221 3
1222 5
1224 1
1225 2
1226 3
1227 4
1228 2
1229 3
1230 3
1231 3
1232 3
1233 2
1234 4
1235 5
1236 3
1237 2
1238 4
1239 3
1240 2
1241 1
1242 1
1243 2
1244 5
1245 3
1246 5
1247 3
1248 4
1249 2
1250 5
1251 1
1252 5
1253 4
1254 4
1256 3
1257 2
1258 2
1259 4
1260 3
1261 4
1262 1
1263 2
1264 4
1265 2
1266 7
1268 5
1269 2
1271 3
1272 3
1273 4
1274 6
1275 4
1276 2
1277 3
1278 3
1279 1
1280 1
1281 6
1282 1
1283 3
1284 1
1285 2
1286 1
1287 3
1288 2
1289 4
1290 3
1291 3
1292 1
1293 2
1294 2
1295 4
1296 2
1297 5
1298 1
1300 2
1301 2
1302 2
1303 2
1304 2
1305 3
1307 2
1308 2
1309 1
1311 4
1312 2
1313 2
1314 1
1317 6
1320 2
1322 2
1323 2
1324 2
1325 1
1326 2
1327 1
1328 3
1329 1
1331 1
1332 2
1333 1
1336 2
1337 2
1338 4
1339 2
1340 1
1343 3
1344 1
1345 2
1346 2
1347 3
1348 1
1349 2
1350 3
1351 1
1353 5
1355 2
1357 2
1358 1
1359 2
1360 2
1361 1
1362 3
1363 3
1364 4
1365 2
1366 4
1367 1
1368 2
1369 3
1370 1
1372 2
1373 1
1374 2
1375 1
1376 3
1377 2
1378 1
1380 2
1381 3
1382 2
1383 5
1384 4
1385 8
1386 1
1388 1
1389 1
1390 3
1391 2
1392 6
1393 1
1396 2
1398 1
1399 3
1400 2
1402 3
1403 3
1404 1
1405 1
1406 4
1407 3
1408 1
1411 2
1412 2
1413 1
1414 1
1415 3
1416 1
1417 2
1418 2
1419 1
1421 1
1423 3
1424 1
1427 2
1428 2
1429 2
1430 1
1431 2
1432 1
1434 2
1435 2
1437 2
1439 3
1440 2
1442 3
1443 3
1444 2
1446 2
1448 4
1449 2
1451 1
1453 1
1454 1
1455 2
1456 1
1458 1
1459 1
1460 1
1461 3
1462 1
1465 3
1466 2
1467 2
1468 1
1471 1
1472 2
1476 1
1478 1
1480 1
1482 1
1484 2
1485 1
1486 1
1487 1
1488 1
1489 1
1490 2
1496 1
1497 2
1502 2
1503 2
1508 1
1509 2
1510 1
1514 3
1515 2
1516 1
1517 1
1518 1
1519 3
1520 1
1521 1
1524 1
1529 4
1530 1
1532 1
1533 2
1534 1
1537 2
1538 1
1542 1
1545 2
1546 2
1548 1
1550 1
1551 2
1552 4
1554 3
1556 1
1557 2
1558 2
1559 2
1560 2
1564 2
1565 1
1566 1
1567 1
1571 1
1572 1
1574 1
1576 3
1577 1
1578 1
1579 1
1580 3
1581 1
1583 2
1584 1
1585 2
1586 2
1587 1
1588 2
1591 1
1592 2
1594 1
1595 1
1597 2
1598 1
1599 2
1600 3
1601 1
1602 1
1603 1
1604 1
1605 3
1607 2
1608 2
1609 1
1610 1
1611 1
1612 1
1613 1
1614 1
1615 1
1616 4
1617 3
1618 1
1619 2
1621 3
1624 1
1627 2
1630 2
1631 1
1632 1
1633 4
1634 3
1636 1
1638 2
1640 1
1641 3
1644 1
1645 4
1646 1
1647 2
1650 1
1651 1
1652 1
1653 1
1654 1
1655 2
1656 1
1657 1
1658 1
1659 2
1660 1
1661 2
1662 1
1663 2
1666 2
1667 1
1668 2
1670 3
1671 1
1672 2
1673 1
1675 1
1677 1
1680 3
1681 1
1682 1
1684 1
1685 1
1686 1
1688 1
1689 1
1690 2
1693 1
1695 1
1697 1
1700 1
1701 1
1702 1
1703 2
1704 2
1705 1
1706 1
1709 1
1711 3
1712 1
1715 1
1716 1
1717 1
1718 1
1721 1
1726 1
1729 1
1732 1
1733 2
1736 1
1741 2
1742 1
1744 1
1745 1
1746 2
1747 1
1748 1
1749 3
1750 1
1754 1
1755 1
1756 1
1759 3
1760 1
1764 1
1766 2
1767 1
1768 1
1773 1
1774 1
1775 1
1776 1
1778 1
1779 3
1782 1
1786 1
1787 1
1789 2
1793 1
1795 1
1797 2
1799 1
1800 1
1801 1
1802 2
1803 1
1808 1
1810 1
1814 1
1818 1
1819 2
1823 1
1825 1
1826 1
1827 1
1829 1
1831 1
1833 2
1835 1
1837 1
1838 1
1840 1
1843 1
1845 1
1847 1
1849 1
1855 1
1862 2
1864 1
1865 3
1868 2
1872 2
1874 1
1878 1
1880 1
1883 1
1884 1
1886 2
1895 1
1896 1
1906 1
1908 1
1913 1
1916 1
1927 1
1940 1
