-1289 1
-1288 3
-1287 1
-1286 4
-1285 4
-1284 13
-1283 7
-1282 18
-1281 16
-1280 22
-1279 30
-1278 36
-1277 33
-1276 47
-1275 51
-1274 55
-1273 64
-1272 61
-1271 69
-1270 87
-1269 85
-1268 84
-1267 93
-1266 103
-1265 112
-1264 108
-1263 133
-1262 148
-1261 137
-1260 152
-1259 165
-1258 188
-1257 190
-1256 198
-1255 232
-1254 257
-1253 234
-1252 262
-1251 329
-1250 299
-1249 359
-1248 310
-1247 367
-1246 360
-1245 329
-1244 373
-1243 359
-1242 387
-1241 336
-1240 381
-1239 363
-1238 416
-1237 408
-1236 409
-1235 339
-1234 327
-1233 348
-1232 373
-1231 318
-1230 312
-1229 360
-1228 347
-1227 357
-1226 321
-1225 370
-1224 332
-1223 400
-1222 373
-1221 344
-1220 390
-1219 439
-1218 418
-1217 439
-1216 432
-1215 379
-1214 370
-1213 393
-1212 423
-1211 384
-1210 338
-1209 385
-1208 405
-1207 413
-1206 437
-1205 441
-1204 399
-1203 407
-1202 431
-1201 427
-1200 390
-1199 405
-1198 374
-1197 417
-1196 444
-1195 465
-1194 467
-1193 487
-1192 450
-1191 477
-1190 474
-1189 488
-1188 481
-1187 520
-1186 524
-1185 564
-1184 531
-1183 549
-1182 529
-1181 530
-1180 500
-1179 630
-1178 629
-1177 623
-1176 647
-1175 648
-1174 615
-1173 642
-1172 670
-1171 698
-1170 670
-1169 677
-1168 691
-1167 686
-1166 714
-1165 693
-1164 765
-1163 752
-1162 741
-1161 720
-1160 707
-1159 746
-1158 818
-1157 813
-1156 824
-1155 777
-1154 813
-1153 806
-1152 833
-1151 852
-1150 850
-1149 827
-1148 829
-1147 821
-1146 934
-1145 884
-1144 869
-1143 862
-1142 932
-1141 953
-1140 916
-1139 1016
-1138 980
-1137 1092
-1136 990
-1135 1130
-1134 1090
-1133 1126
-1132 1124
-1131 1108
-1130 1011
-1129 1033
-1128 1131
-1127 1003
-1126 1045
-1125 1077
-1124 1057
-1123 1137
-1122 1125
-1121 1109
-1120 1229
-1119 1235
-1118 1216
-1117 1223
-1116 1249
-1115 1253
-1114 1162
-1113 1199
-1112 1224
-1111 1237
-1110 1324
-1109 1278
-1108 1343
-1107 1302
-1106 1332
-1105 1410
-1104 1384
-1103 1405
-1102 1465
-1101 1393
-1100 1382
-1099 1415
-1098 1461
-1097 1485
-1096 1466
-1095 1515
-1094 1515
-1093 1484
-1092 1597
-1091 1557
-1090 1560
-1089 1451
-1088 1489
-1087 1484
-1086 1384
-1085 1489
-1084 1466
-1083 1506
-1082 1443
-1081 1444
-1080 1571
-1079 1563
-1078 1449
-1077 1492
-1076 1527
-1075 1512
-1074 1571
-1073 1511
-1072 1462
-1071 1536
-1070 1505
-1069 1587
-1068 1577
-1067 1540
-1066 1622
-1065 1589
-1064 1587
-1063 1615
-1062 1572
-1061 1676
-1060 1659
-1059 1661
-1058 1620
-1057 1667
-1056 1565
-1055 1690
-1054 1583
-1053 1593
-1052 1619
-1051 1593
-1050 1653
-1049 1680
-1048 1716
-1047 1736
-1046 1715
-1045 1792
-1044 1844
-1043 1868
-1042 1917
-1041 2010
-1040 2007
-1039 2129
-1038 2322
-1037 2292
-1036 2252
-1035 2340
-1034 2347
-1033 2382
-1032 2457
-1031 2475
-1030 2480
-1029 2442
-1028 2496
-1027 2509
-1026 2535
-1025 2536
-1024 2560
-1023 2583
-1022 2683
-1021 2527
-1020 2574
-1019 2576
-1018 2551
-1017 2474
-1016 2672
-1015 2532
-1014 2569
-1013 2520
-1012 2587
-1011 2638
-1010 2608
-1009 2608
-1008 2718
-1007 2733
-1006 2701
-1005 2716
-1004 2798
-1003 2745
-1002 2815
-1001 2801
-1000 2996
-999 2905
-998 2961
-997 3142
-996 3122
-995 3059
-994 3122
-993 3124
-992 3047
-991 2907
-990 2955
-989 2957
-988 2984
-987 2910
-986 2994
-985 3095
-984 3027
-983 3092
-982 3008
-981 3000
-980 3041
-979 2937
-978 3014
-977 3122
-976 3077
-975 3155
-974 3069
-973 3087
-972 3140
-971 3121
-970 3199
-969 3073
-968 3103
-967 3235
-966 3221
-965 3330
-964 3165
-963 3150
-962 3165
-961 3179
-960 3132
-959 3100
-958 3095
-957 3244
-956 3331
-955 3372
-954 3312
-953 3397
-952 3292
-951 3403
-950 3584
-949 3464
-948 3429
-947 3552
-946 3468
-945 3600
-944 3669
-943 3756
-942 3862
-941 3703
-940 3776
-939 3707
-938 3708
-937 3819
-936 3687
-935 3719
-934 3824
-933 3780
-932 3745
-931 3890
-930 3812
-929 4004
-928 3838
-927 3883
-926 3935
-925 3916
-924 3912
-923 3860
-922 3997
-921 4036
-920 3858
-919 3756
-918 3905
-917 3748
-916 3901
-915 3819
-914 3831
-913 3858
-912 3743
-911 3784
-910 3886
-909 3801
-908 3822
-907 3759
-906 3875
-905 3806
-904 3817
-903 3898
-902 3892
-901 3912
-900 3795
-899 3752
-898 3771
-897 3806
-896 3866
-895 3764
-894 3807
-893 3838
-892 3787
-891 3852
-890 4064
-889 3995
-888 4062
-887 4192
-886 4229
-885 4094
-884 4255
-883 4402
-882 4269
-881 4419
-880 4368
-879 4409
-878 4459
-877 4480
-876 4390
-875 4449
-874 4467
-873 4405
-872 4323
-871 4339
-870 4177
-869 4328
-868 4425
-867 4391
-866 4480
-865 4436
-864 4310
-863 4492
-862 4495
-861 4611
-860 4528
-859 4648
-858 4660
-857 4560
-856 4647
-855 4611
-854 4628
-853 4681
-852 5015
-851 5364
-850 5840
-849 6087
-848 6216
-847 6491
-846 6886
-845 6960
-844 6999
-843 6885
-842 6588
-841 6199
-840 6251
-839 6486
-838 6362
-837 6453
-836 6488
-835 6237
-834 6337
-833 6105
-832 6390
-831 6335
-830 6247
-829 6245
-828 6311
-827 6407
-826 6346
-825 6453
-824 6527
-823 6670
-822 6745
-821 6905
-820 7012
-819 6968
-818 6844
-817 6803
-816 6754
-815 6717
-814 6825
-813 6977
-812 6848
-811 6727
-810 6742
-809 6884
-808 6736
-807 7014
-806 7029
-805 6967
-804 6920
-803 6663
-802 6602
-801 6662
-800 6492
-799 6616
-798 6591
-797 6628
-796 6498
-795 6527
-794 6500
-793 6535
-792 6579
-791 6406
-790 6521
-789 6385
-788 6456
-787 6519
-786 6496
-785 6520
-784 6411
-783 6347
-782 6470
-781 6454
-780 6534
-779 6486
-778 6472
-777 6386
-776 6545
-775 6359
-774 6424
-773 6614
-772 6534
-771 6542
-770 6666
-769 6570
-768 6774
-767 6741
-766 6752
-765 6828
-764 6877
-763 6891
-762 6905
-761 7036
-760 6977
-759 6851
-758 7019
-757 7002
-756 7143
-755 6950
-754 7015
-753 6924
-752 6896
-751 6618
-750 6785
-749 6760
-748 6717
-747 6678
-746 6692
-745 6887
-744 6662
-743 6696
-742 6728
-741 6906
-740 6951
-739 6799
-738 6795
-737 6716
-736 6572
-735 6765
-734 6716
-733 6620
-732 6653
-731 6526
-730 6836
-729 6808
-728 6780
-727 6874
-726 6745
-725 6915
-724 6836
-723 6727
-722 6777
-721 6590
-720 6846
-719 6754
-718 6593
-717 6568
-716 6667
-715 6587
-714 6514
-713 6621
-712 6681
-711 6607
-710 6697
-709 6700
-708 6681
-707 6544
-706 6505
-705 6678
-704 6616
-703 6524
-702 6745
-701 6714
-700 6768
-699 6981
-698 6896
-697 6884
-696 6858
-695 6757
-694 6716
-693 6806
-692 6839
-691 6681
-690 6628
-689 6531
-688 6508
-687 6533
-686 6491
-685 6563
-684 6746
-683 6642
-682 6496
-681 6555
-680 6478
-679 6577
-678 6350
-677 6476
-676 6369
-675 6271
-674 6337
-673 6274
-672 6263
-671 6178
-670 6200
-669 6337
-668 6236
-667 6168
-666 6093
-665 6065
-664 6269
-663 6330
-662 6351
-661 6243
-660 6348
-659 6105
-658 6231
-657 6091
-656 6314
-655 6288
-654 6175
-653 6141
-652 6197
-651 6167
-650 6300
-649 6279
-648 6197
-647 6128
-646 6140
-645 6266
-644 6219
-643 6203
-642 6236
-641 6150
-640 6304
-639 6487
-638 6541
-637 6528
-636 6475
-635 6485
-634 6275
-633 6385
-632 6504
-631 6414
-630 6266
-629 6427
-628 6458
-627 6506
-626 6410
-625 6299
-624 6309
-623 6351
-622 6179
-621 6378
-620 6361
-619 6336
-618 6274
-617 6192
-616 6177
-615 6226
-614 6275
-613 6199
-612 6099
-611 6128
-610 6253
-609 6089
-608 5992
-607 6153
-606 6284
-605 6155
-604 6160
-603 6200
-602 6100
-601 5956
-600 6024
-599 5987
-598 5935
-597 5990
-596 5868
-595 6007
-594 6059
-593 5961
-592 6038
-591 6027
-590 5921
-589 5909
-588 5983
-587 5898
-586 5703
-585 5795
-584 5600
-583 5758
-582 5745
-581 5633
-580 5716
-579 5596
-578 5679
-577 5644
-576 5467
-575 5508
-574 5525
-573 5384
-572 5342
-571 5245
-570 5387
-569 5312
-568 5288
-567 5222
-566 5242
-565 5316
-564 5202
-563 5370
-562 5489
-561 5404
-560 5567
-559 5603
-558 5513
-557 5385
-556 5404
-555 5197
-554 5310
-553 5143
-552 5201
-551 5138
-550 5043
-549 5135
-548 4989
-547 5000
-546 5029
-545 4966
-544 4917
-543 5012
-542 4978
-541 4849
-540 4798
-539 4826
-538 4754
-537 4799
-536 4756
-535 4829
-534 4750
-533 4843
-532 4788
-531 4801
-530 4815
-529 4670
-528 4676
-527 4546
-526 4734
-525 4605
-524 4685
-523 4511
-522 4582
-521 4537
-520 4414
-519 4394
-518 4454
-517 4356
-516 4293
-515 4303
-514 4351
-513 4381
-512 4413
-511 4183
-510 4314
-509 4334
-508 4220
-507 4303
-506 4148
-505 4195
-504 4184
-503 4236
-502 4265
-501 4098
-500 4242
-499 4140
-498 4118
-497 4144
-496 4105
-495 4065
-494 3929
-493 4018
-492 4034
-491 4068
-490 3959
-489 4040
-488 3756
-487 3864
-486 3839
-485 3862
-484 3784
-483 3724
-482 3797
-481 3727
-480 3798
-479 3714
-478 3657
-477 3773
-476 3687
-475 3723
-474 3650
-473 3749
-472 3630
-471 3744
-470 3609
-469 3552
-468 3658
-467 3652
-466 3619
-465 3609
-464 3571
-463 3539
-462 3655
-461 3585
-460 3524
-459 3561
-458 3409
-457 3475
-456 3525
-455 3482
-454 3392
-453 3601
-452 3390
-451 3473
-450 3388
-449 3401
-448 3391
-447 3503
-446 3257
-445 3556
-444 3298
-443 3402
-442 3295
-441 3317
-440 3313
-439 3361
-438 3331
-437 3335
-436 3300
-435 3335
-434 3281
-433 3334
-432 3304
-431 3339
-430 3372
-429 3298
-428 3390
-427 3171
-426 3130
-425 3209
-424 3154
-423 3318
-422 3211
-421 3105
-420 3215
-419 3186
-418 2986
-417 3087
-416 3164
-415 3154
-414 2990
-413 2908
-412 3159
-411 3082
-410 3063
-409 2940
-408 2952
-407 2891
-406 2944
-405 2941
-404 3041
-403 2947
-402 2961
-401 2947
-400 2954
-399 3057
-398 2984
-397 2971
-396 3111
-395 2975
-394 2943
-393 3015
-392 3007
-391 2901
-390 2865
-389 2816
-388 2797
-387 2814
-386 2784
-385 2758
-384 2850
-383 2800
-382 2699
-381 2788
-380 2725
-379 2688
-378 2712
-377 2731
-376 2739
-375 2742
-374 2784
-373 2763
-372 2653
-371 2744
-370 2774
-369 2745
-368 2673
-367 2773
-366 2724
-365 2580
-364 2602
-363 2662
-362 2617
-361 2535
-360 2573
-359 2604
-358 2466
-357 2543
-356 2571
-355 2563
-354 2521
-353 2530
-352 2455
-351 2588
-350 2496
-349 2522
-348 2528
-347 2478
-346 2521
-345 2514
-344 2507
-343 2413
-342 2478
-341 2355
-340 2360
-339 2390
-338 2341
-337 2327
-336 2276
-335 2314
-334 2376
-333 2308
-332 2304
-331 2409
-330 2350
-329 2360
-328 2300
-327 2284
-326 2219
-325 2234
-324 2246
-323 2297
-322 2255
-321 2211
-320 2206
-319 2246
-318 2172
-317 2198
-316 2187
-315 2238
-314 2133
-313 2214
-312 2065
-311 2123
-310 2174
-309 2101
-308 2117
-307 2143
-306 2037
-305 2063
-304 2160
-303 2078
-302 2056
-301 2007
-300 2096
-299 2089
-298 2037
-297 2058
-296 2067
-295 2098
-294 1978
-293 2127
-292 2066
-291 2025
-290 2044
-289 2038
-288 1931
-287 1951
-286 1994
-285 1901
-284 1823
-283 1871
-282 1932
-281 1796
-280 1882
-279 1861
-278 1895
-277 1872
-276 1865
-275 1885
-274 1887
-273 1903
-272 1796
-271 1692
-270 1810
-269 1786
-268 1762
-267 1809
-266 1815
-265 1731
-264 1705
-263 1777
-262 1696
-261 1649
-260 1670
-259 1690
-258 1629
-257 1665
-256 1699
-255 1725
-254 1619
-253 1701
-252 1560
-251 1644
-250 1640
-249 1622
-248 1637
-247 1568
-246 1515
-245 1478
-244 1567
-243 1500
-242 1471
-241 1494
-240 1392
-239 1515
-238 1420
-237 1498
-236 1452
-235 1390
-234 1462
-233 1387
-232 1410
-231 1422
-230 1426
-229 1408
-228 1422
-227 1358
-226 1402
-225 1365
-224 1375
-223 1352
-222 1406
-221 1272
-220 1286
-219 1384
-218 1303
-217 1241
-216 1305
-215 1310
-214 1275
-213 1284
-212 1251
-211 1234
-210 1302
-209 1255
-208 1192
-207 1258
-206 1302
-205 1281
-204 1207
-203 1253
-202 1207
-201 1246
-200 1259
-199 1159
-198 1129
-197 1165
-196 1232
-195 1199
-194 1183
-193 1134
-192 1173
-191 1176
-190 1138
-189 1165
-188 1095
-187 1107
-186 1144
-185 1173
-184 1087
-183 1063
-182 1180
-181 1098
-180 1112
-179 1093
-178 1067
-177 1084
-176 1088
-175 1094
-174 1010
-173 1083
-172 1084
-171 1023
-170 1089
-169 1034
-168 980
-167 970
-166 983
-165 1019
-164 989
-163 1013
-162 944
-161 968
-160 1000
-159 989
-158 1005
-157 948
-156 924
-155 945
-154 1002
-153 988
-152 975
-151 974
-150 931
-149 939
-148 901
-147 924
-146 957
-145 925
-144 930
-143 931
-142 896
-141 940
-140 866
-139 895
-138 894
-137 884
-136 874
-135 833
-134 854
-133 807
-132 894
-131 898
-130 822
-129 780
-128 881
-127 794
-126 831
-125 842
-124 759
-123 802
-122 832
-121 762
-120 838
-119 763
-118 792
-117 756
-116 757
-115 798
-114 813
-113 764
-112 792
-111 790
-110 760
-109 684
-108 772
-107 752
-106 778
-105 724
-104 684
-103 766
-102 710
-101 693
-100 766
-99 756
-98 690
-97 725
-96 732
-95 709
-94 677
-93 682
-92 669
-91 712
-90 682
-89 681
-88 688
-87 675
-86 646
-85 668
-84 624
-83 640
-82 640
-81 599
-80 649
-79 708
-78 628
-77 594
-76 646
-75 630
-74 647
-73 582
-72 581
-71 643
-70 569
-69 603
-68 598
-67 612
-66 561
-65 546
-64 558
-63 560
-62 536
-61 604
-60 571
-59 586
-58 585
-57 579
-56 560
-55 570
-54 567
-53 525
-52 507
-51 520
-50 568
-49 530
-48 569
-47 538
-46 530
-45 512
-44 466
-43 522
-42 493
-41 526
-40 515
-39 494
-38 527
-37 471
-36 462
-35 490
-34 520
-33 509
-32 483
-31 454
-30 514
-29 495
-28 498
-27 458
-26 479
-25 435
-24 456
-23 423
-22 464
-21 467
-20 465
-19 435
-18 437
-17 483
-16 411
-15 432
-14 439
-13 464
-12 422
-11 461
-10 407
-9 434
-8 429
-7 408
-6 442
-5 415
-4 440
-3 427
-2 410
-1 450
0 435
1 370
2 393
3 364
4 395
5 385
6 390
7 423
8 381
9 390
10 385
11 381
12 409
13 389
14 415
15 393
16 376
17 408
18 381
19 363
20 383
21 387
22 379
23 363
24 356
25 343
26 341
27 330
28 361
29 337
30 363
31 344
32 355
33 357
34 368
35 320
36 355
37 352
38 351
39 351
40 369
41 332
42 340
43 330
44 339
45 316
46 342
47 362
48 326
49 312
50 334
51 325
52 315
53 314
54 304
55 331
56 322
57 280
58 304
59 289
60 291
61 316
62 312
63 319
64 295
65 271
66 311
67 275
68 307
69 295
70 265
71 302
72 265
73 275
74 281
75 308
76 273
77 306
78 290
79 301
80 265
81 268
82 289
83 236
84 289
85 264
86 246
87 258
88 246
89 214
90 246
91 239
92 253
93 223
94 256
95 248
96 264
97 246
98 245
99 239
100 260
101 252
102 235
103 258
104 245
105 254
106 213
107 223
108 250
109 243
110 237
111 249
112 232
113 246
114 240
115 203
116 210
117 219
118 199
119 246
120 243
121 219
122 222
123 216
124 246
125 225
126 221
127 225
128 194
129 208
130 204
131 215
132 200
133 195
134 224
135 198
136 229
137 191
138 178
139 195
140 177
141 190
142 183
143 195
144 158
145 197
146 176
147 173
148 206
149 168
150 189
151 207
152 174
153 184
154 182
155 160
156 179
157 162
158 140
159 162
160 166
161 156
162 165
163 152
164 186
165 176
166 157
167 175
168 162
169 146
170 173
171 162
172 162
173 161
174 150
175 154
176 158
177 145
178 143
179 147
180 179
181 157
182 136
183 169
184 159
185 138
186 150
187 134
188 144
189 136
190 151
191 149
192 155
193 153
194 139
195 152
196 133
197 145
198 137
199 135
200 149
201 131
202 124
203 145
204 108
205 128
206 123
207 116
208 112
209 132
210 119
211 128
212 136
213 125
214 113
215 123
216 113
217 137
218 119
219 115
220 116
221 110
222 110
223 105
224 120
225 121
226 122
227 130
228 112
229 112
230 104
231 125
232 107
233 116
234 126
235 93
236 86
237 115
238 94
239 98
240 100
241 107
242 92
243 94
244 94
245 109
246 74
247 100
248 92
249 94
250 90
251 80
252 106
253 98
254 88
255 98
256 80
257 84
258 78
259 89
260 75
261 90
262 102
263 78
264 96
265 82
266 68
267 90
268 75
269 74
270 84
271 71
272 71
273 88
274 89
275 86
276 84
277 61
278 67
279 81
280 80
281 64
282 81
283 98
284 73
285 68
286 72
287 62
288 72
289 75
290 77
291 94
292 67
293 79
294 83
295 52
296 65
297 57
298 62
299 69
300 66
301 68
302 55
303 67
304 63
305 62
306 48
307 58
308 75
309 55
310 68
311 71
312 62
313 55
314 48
315 63
316 58
317 57
318 44
319 61
320 65
321 61
322 50
323 54
324 52
325 53
326 55
327 56
328 58
329 52
330 48
331 58
332 61
333 47
334 52
335 56
336 45
337 56
338 51
339 56
340 45
341 33
342 64
343 53
344 40
345 45
346 45
347 45
348 53
349 44
350 44
351 61
352 48
353 45
354 33
355 50
356 34
357 38
358 50
359 39
360 40
361 43
362 49
363 46
364 48
365 27
366 47
367 39
368 47
369 46
370 37
371 38
372 41
373 33
374 49
375 33
376 32
377 35
378 45
379 39
380 53
381 52
382 48
383 35
384 47
385 29
386 45
387 33
388 42
389 43
390 35
391 41
392 35
393 39
394 37
395 32
396 41
397 48
398 33
399 29
400 45
401 43
402 33
403 33
404 29
405 38
406 33
407 36
408 42
409 35
410 37
411 26
412 37
413 39
414 24
415 29
416 40
417 33
418 29
419 34
420 32
421 35
422 31
423 27
424 17
425 27
426 29
427 33
428 34
429 25
430 27
431 43
432 24
433 31
434 33
435 37
436 33
437 37
438 29
439 30
440 31
441 26
442 31
443 24
444 29
445 29
446 35
447 39
448 34
449 29
450 33
451 32
452 25
453 27
454 19
455 32
456 25
457 28
458 31
459 25
460 29
461 15
462 22
463 27
464 30
465 25
466 28
467 29
468 34
469 35
470 25
471 31
472 18
473 28
474 24
475 29
476 26
477 28
478 23
479 20
480 22
481 22
482 25
483 25
484 31
485 18
486 23
487 24
488 20
489 27
490 19
491 20
492 24
493 25
494 25
495 23
496 16
497 25
498 16
499 24
500 19
501 25
502 23
503 17
504 30
505 22
506 23
507 25
508 21
509 20
510 24
511 23
512 24
513 22
514 25
515 19
516 24
517 19
518 24
519 16
520 21
521 23
522 15
523 19
524 21
525 20
526 26
527 16
528 27
529 33
530 23
531 18
532 28
533 18
534 23
535 18
536 24
537 18
538 18
539 20
540 22
541 22
542 18
543 25
544 18
545 22
546 16
547 14
548 23
549 22
550 27
551 23
552 31
553 30
554 21
555 18
556 10
557 19
558 21
559 20
560 19
561 21
562 32
563 29
564 20
565 21
566 27
567 30
568 29
569 26
570 24
571 26
572 27
573 21
574 22
575 25
576 24
577 19
578 20
579 27
580 26
581 32
582 24
583 32
584 27
585 23
586 21
587 22
588 26
589 31
590 26
591 25
592 30
593 27
594 24
595 21
596 25
597 33
598 36
599 22
600 20
601 25
602 20
603 16
604 20
605 25
606 26
607 23
608 33
609 20
610 24
611 33
612 31
613 22
614 29
615 32
616 26
617 25
618 25
619 31
620 14
621 24
622 20
623 27
624 19
625 30
626 22
627 23
628 18
629 19
630 32
631 25
632 24
633 17
634 32
635 27
636 28
637 29
638 31
639 30
640 29
641 37
642 29
643 31
644 32
645 32
646 26
647 35
648 29
649 33
650 34
651 25
652 36
653 38
654 28
655 35
656 28
657 32
658 28
659 32
660 33
661 21
662 35
663 35
664 28
665 34
666 34
667 20
668 42
669 40
670 34
671 35
672 28
673 38
674 25
675 27
676 41
677 35
678 28
679 33
680 24
681 23
682 31
683 29
684 31
685 36
686 27
687 26
688 39
689 44
690 38
691 30
692 36
693 38
694 36
695 38
696 28
697 38
698 36
699 41
700 41
701 33
702 42
703 40
704 33
705 43
706 26
707 31
708 30
709 35
710 38
711 36
712 39
713 43
714 29
715 35
716 41
717 28
718 39
719 27
720 37
721 19
722 36
723 33
724 30
725 22
726 38
727 35
728 39
729 34
730 41
731 35
732 38
733 32
734 36
735 34
736 34
737 39
738 36
739 29
740 28
741 32
742 30
743 42
744 27
745 39
746 36
747 21
748 37
749 45
750 32
751 31
752 19
753 29
754 33
755 27
756 31
757 25
758 36
759 35
760 24
761 48
762 30
763 29
764 17
765 33
766 27
767 28
768 36
769 28
770 29
771 27
772 33
773 31
774 37
775 28
776 37
777 33
778 31
779 36
780 15
781 30
782 29
783 23
784 34
785 16
786 39
787 33
788 27
789 28
790 26
791 30
792 29
793 32
794 27
795 37
796 36
797 36
798 26
799 34
800 37
801 31
802 28
803 33
804 32
805 24
806 30
807 35
808 17
809 17
810 25
811 22
812 27
813 21
814 27
815 22
816 19
817 34
818 29
819 30
820 27
821 30
822 27
823 21
824 32
825 28
826 35
827 20
828 22
829 29
830 18
831 23
832 26
833 15
834 21
835 20
836 29
837 23
838 29
839 19
840 28
841 35
842 25
843 30
844 22
845 22
846 17
847 28
848 22
849 29
850 18
851 13
852 25
853 25
854 26
855 20
856 23
857 24
858 16
859 26
860 22
861 13
862 14
863 22
864 24
865 27
866 28
867 16
868 17
869 18
870 17
871 16
872 17
873 11
874 18
875 24
876 15
877 24
878 21
879 18
880 18
881 19
882 21
883 24
884 19
885 22
886 29
887 17
888 22
889 14
890 12
891 19
892 18
893 21
894 16
895 15
896 12
897 15
898 24
899 14
900 14
901 14
902 17
903 17
904 19
905 18
906 30
907 12
908 17
909 17
910 18
911 16
912 14
913 16
914 17
915 16
916 15
917 21
918 15
919 15
920 15
921 26
922 16
923 14
924 13
925 14
926 13
927 15
928 16
929 16
930 13
931 18
932 20
933 13
934 16
935 9
936 13
937 11
938 7
939 17
940 17
941 17
942 14
943 10
944 15
945 12
946 7
947 16
948 11
949 10
950 14
951 5
952 7
953 13
954 11
955 8
956 11
957 12
958 8
959 12
960 15
961 13
962 14
963 8
964 12
965 17
966 8
967 14
968 9
969 11
970 4
971 18
972 15
973 15
974 12
975 8
976 11
977 6
978 11
979 6
980 14
981 10
982 10
983 6
984 8
985 3
986 12
987 10
988 6
989 12
990 10
991 10
992 10
993 9
994 7
995 6
996 9
997 9
998 5
999 3
1000 4
1001 9
1002 6
1003 9
1004 7
1005 9
1006 6
1007 14
1008 3
1009 7
1010 8
1011 9
1012 11
1013 6
1014 9
1015 7
1016 8
1017 11
1018 4
1019 7
1020 3
1021 7
1022 5
1023 5
1024 4
1025 6
1026 4
1027 5
1028 8
1029 5
1030 4
1031 7
1032 5
1033 2
1034 4
1035 4
1036 10
1037 4
1038 6
1039 10
1040 2
1041 2
1042 9
1043 6
1044 9
1045 7
1046 6
1047 4
1048 4
1049 3
1050 4
1051 5
1052 4
1053 5
1054 3
1055 8
1056 8
1057 8
1058 5
1059 7
1060 7
1061 6
1062 6
1063 5
1064 3
1065 3
1066 1
1067 7
1068 3
1070 5
1071 8
1072 6
1073 4
1074 3
1075 4
1076 3
1077 3
1078 4
1079 3
1080 1
1081 5
1082 3
1083 3
1084 1
1085 2
1086 6
1087 3
1088 5
1089 6
1090 2
1091 1
1092 3
1093 3
1094 3
1095 3
1096 2
1097 4
1098 2
1099 3
1100 2
1101 3
1102 1
1103 3
1104 2
1105 3
1106 2
1107 1
1108 3
1109 3
1110 2
1111 5
1112 1
1113 3
1114 2
1115 1
1116 2
1117 6
1118 1
1119 1
1120 1
1121 3
1122 4
1124 3
1126 2
1127 1
1128 3
1129 2
1130 5
1131 3
1132 1
1133 1
1134 2
1135 1
1136 2
1137 2
1138 3
1139 2
1140 1
1141 3
1142 2
1143 3
1144 1
1145 2
1146 3
1147 1
1148 1
1149 3
1150 3
1151 3
1152 1
1153 1
1154 3
1156 3
1157 1
1158 1
1159 1
1160 3
1161 1
1162 2
1163 4
1164 1
1165 1
1166 1
1167 1
1168 2
1169 1
1170 2
1171 2
1172 3
1173 1
1174 1
1175 2
1176 1
1177 4
1178 2
1179 3
1181 1
1183 2
1184 2
1185 1
1187 1
1188 2
1193 2
1195 1
1196 2
1197 1
1203 2
1208 1
1210 2
1211 1
1212 1
1214 3
1215 1
1216 1
1217 1
1218 2
1220 2
1222 3
1224 1
1225 1
1227 1
1229 3
1231 4
1236 1
1237 1
1238 1
1241 1
1242 1
1243 1
1246 3
1249 1
1251 1
1258 3
1259 1
1260 1
1262 1
1264 1
1265 1
1268 1
1278 1
1279 2
1286 2
1288 1
1289 1
1300 1
1301 2
1309 1
1312 1
1313 1
1315 1
1326 2
1329 1
1331 1
1335 1
1338 1
1366 1
