-920 3
-919 1
-918 6
-917 6
-916 8
-915 13
-914 17
-913 17
-912 33
-911 16
-910 30
-909 40
-908 34
-907 47
-906 47
-905 44
-904 50
-903 55
-902 62
-901 66
-900 71
-899 60
-898 55
-897 51
-896 62
-895 66
-894 74
-893 73
-892 74
-891 71
-890 84
-889 80
-888 85
-887 81
-886 93
-885 106
-884 125
-883 149
-882 148
-881 164
-880 139
-879 155
-878 146
-877 149
-876 152
-875 170
-874 168
-873 146
-872 159
-871 183
-870 200
-869 211
-868 228
-867 233
-866 241
-865 242
-864 286
-863 248
-862 299
-861 268
-860 282
-859 334
-858 349
-857 367
-856 380
-855 338
-854 386
-853 428
-852 417
-851 401
-850 403
-849 427
-848 396
-847 420
-846 395
-845 373
-844 451
-843 456
-842 413
-841 454
-840 440
-839 491
-838 491
-837 514
-836 547
-835 535
-834 497
-833 592
-832 618
-831 592
-830 594
-829 653
-828 618
-827 627
-826 609
-825 606
-824 589
-823 600
-822 576
-821 561
-820 630
-819 566
-818 614
-817 581
-816 598
-815 628
-814 617
-813 613
-812 612
-811 684
-810 717
-809 693
-808 696
-807 780
-806 705
-805 796
-804 823
-803 862
-802 863
-801 891
-800 853
-799 844
-798 933
-797 939
-796 1013
-795 1012
-794 956
-793 956
-792 993
-791 995
-790 1043
-789 1048
-788 1007
-787 1018
-786 990
-785 1079
-784 1034
-783 1029
-782 1038
-781 1008
-780 1055
-779 1075
-778 1013
-777 1036
-776 1046
-775 1014
-774 972
-773 1045
-772 979
-771 1027
-770 1013
-769 1114
-768 1022
-767 1074
-766 1108
-765 1112
-764 1082
-763 1157
-762 1172
-761 1127
-760 1126
-759 1216
-758 1145
-757 1138
-756 1180
-755 1163
-754 1170
-753 1165
-752 1184
-751 1169
-750 1258
-749 1263
-748 1214
-747 1224
-746 1244
-745 1226
-744 1215
-743 1281
-742 1350
-741 1329
-740 1420
-739 1420
-738 1394
-737 1368
-736 1385
-735 1425
-734 1439
-733 1510
-732 1448
-731 1508
-730 1539
-729 1542
-728 1518
-727 1643
-726 1624
-725 1554
-724 1684
-723 1679
-722 1646
-721 1772
-720 1722
-719 1744
-718 1834
-717 1870
-716 1833
-715 1895
-714 1956
-713 1945
-712 2032
-711 2055
-710 2031
-709 2140
-708 2123
-707 2045
-706 2230
-705 2243
-704 2118
-703 2189
-702 2234
-701 2147
-700 2238
-699 2339
-698 2233
-697 2400
-696 2375
-695 2341
-694 2354
-693 2407
-692 2416
-691 2523
-690 2386
-689 2435
-688 2559
-687 2474
-686 2559
-685 2488
-684 2485
-683 2458
-682 2492
-681 2510
-680 2582
-679 2520
-678 2521
-677 2589
-676 2499
-675 2521
-674 2474
-673 2588
-672 2670
-671 2640
-670 2624
-669 2590
-668 2600
-667 2584
-666 2575
-665 2570
-664 2647
-663 2640
-662 2676
-661 2533
-660 2638
-659 2686
-658 2698
-657 2675
-656 2669
-655 2682
-654 2755
-653 2726
-652 2812
-651 2758
-650 2850
-649 2764
-648 2778
-647 2821
-646 2891
-645 3030
-644 3022
-643 3002
-642 3068
-641 2976
-640 3095
-639 3075
-638 3177
-637 3174
-636 3098
-635 3094
-634 3026
-633 3043
-632 3079
-631 3102
-630 3118
-629 3208
-628 3248
-627 3233
-626 3293
-625 3281
-624 3419
-623 3325
-622 3347
-621 3294
-620 3290
-619 3357
-618 3305
-617 3435
-616 3459
-615 3419
-614 3490
-613 3402
-612 3471
-611 3427
-610 3475
-609 3419
-608 3413
-607 3248
-606 3354
-605 3318
-604 3405
-603 3444
-602 3398
-601 3521
-600 3594
-599 3505
-598 3663
-597 3726
-596 3727
-595 3714
-594 3704
-593 3788
-592 3843
-591 3779
-590 3790
-589 3804
-588 3827
-587 3785
-586 3866
-585 3760
-584 3783
-583 3842
-582 3893
-581 3873
-580 3929
-579 3947
-578 4072
-577 4059
-576 4075
-575 4006
-574 4072
-573 4188
-572 4130
-571 4044
-570 4120
-569 4160
-568 4258
-567 4076
-566 4134
-565 4141
-564 4113
-563 4247
-562 4287
-561 4181
-560 4234
-559 4265
-558 4343
-557 4236
-556 4285
-555 4284
-554 4398
-553 4266
-552 4216
-551 4288
-550 4280
-549 4319
-548 4241
-547 4357
-546 4314
-545 4229
-544 4244
-543 4263
-542 4281
-541 4387
-540 4194
-539 4406
-538 4390
-537 4339
-536 4389
-535 4578
-534 4342
-533 4456
-532 4382
-531 4519
-530 4583
-529 4477
-528 4537
-527 4416
-526 4507
-525 4410
-524 4538
-523 4551
-522 4522
-521 4676
-520 4698
-519 4539
-518 4735
-517 4661
-516 4740
-515 4655
-514 4891
-513 4867
-512 4816
-511 4727
-510 4925
-509 4935
-508 4951
-507 4922
-506 5086
-505 4945
-504 4796
-503 4954
-502 5042
-501 4902
-500 4883
-499 5011
-498 5065
-497 4974
-496 5109
-495 4901
-494 5020
-493 5150
-492 5129
-491 5081
-490 5148
-489 5138
-488 5185
-487 5183
-486 5320
-485 5282
-484 5285
-483 5364
-482 5350
-481 5422
-480 5232
-479 5338
-478 5380
-477 5263
-476 5317
-475 5149
-474 5193
-473 5303
-472 5174
-471 5251
-470 5108
-469 5108
-468 5271
-467 5303
-466 5131
-465 5145
-464 5205
-463 5174
-462 5297
-461 5105
-460 5190
-459 5319
-458 5297
-457 5316
-456 5139
-455 5084
-454 5271
-453 5323
-452 5340
-451 5155
-450 5356
-449 5312
-448 5316
-447 5319
-446 5335
-445 5291
-444 5312
-443 5292
-442 5254
-441 5306
-440 5283
-439 5285
-438 5240
-437 5286
-436 5335
-435 5341
-434 5469
-433 5302
-432 5200
-431 5310
-430 5249
-429 5330
-428 5277
-427 5298
-426 5286
-425 5289
-424 5301
-423 5368
-422 5349
-421 5354
-420 5378
-419 5374
-418 5449
-417 5337
-416 5281
-415 5420
-414 5361
-413 5385
-412 5404
-411 5411
-410 5440
-409 5350
-408 5376
-407 5356
-406 5422
-405 5452
-404 5460
-403 5344
-402 5552
-401 5402
-400 5545
-399 5513
-398 5453
-397 5436
-396 5582
-395 5488
-394 5317
-393 5364
-392 5382
-391 5410
-390 5536
-389 5477
-388 5672
-387 5623
-386 5528
-385 5516
-384 5457
-383 5622
-382 5568
-381 5527
-380 5420
-379 5579
-378 5627
-377 5576
-376 5561
-375 5553
-374 5529
-373 5399
-372 5371
-371 5599
-370 5487
-369 5490
-368 5500
-367 5438
-366 5589
-365 5414
-364 5538
-363 5540
-362 5462
-361 5564
-360 5446
-359 5514
-358 5562
-357 5477
-356 5475
-355 5348
-354 5504
-353 5403
-352 5425
-351 5369
-350 5502
-349 5539
-348 5358
-347 5536
-346 5479
-345 5301
-344 5546
-343 5393
-342 5449
-341 5448
-340 5469
-339 5479
-338 5502
-337 5421
-336 5320
-335 5390
-334 5342
-333 5358
-332 5372
-331 5391
-330 5414
-329 5476
-328 5381
-327 5441
-326 5355
-325 5387
-324 5276
-323 5304
-322 5233
-321 5428
-320 5209
-319 5352
-318 5206
-317 5302
-316 5292
-315 5231
-314 5357
-313 5279
-312 5354
-311 5390
-310 5355
-309 5215
-308 5316
-307 5376
-306 5322
-305 5289
-304 5313
-303 5325
-302 5397
-301 5458
-300 5308
-299 5172
-298 5259
-297 5217
-296 5154
-295 5169
-294 5232
-293 5279
-292 5190
-291 5248
-290 5292
-289 5205
-288 5301
-287 5310
-286 5271
-285 5350
-284 5161
-283 5197
-282 5086
-281 5082
-280 5315
-279 5178
-278 5134
-277 5132
-276 5180
-275 5156
-274 5303
-273 5109
-272 5153
-271 5283
-270 5166
-269 5151
-268 5041
-267 5230
-266 5158
-265 5121
-264 5173
-263 5038
-262 4972
-261 4998
-260 5096
-259 4979
-258 5259
-257 5057
-256 5097
-255 5175
-254 4967
-253 5152
-252 5118
-251 4952
-250 5094
-249 5065
-248 5056
-247 4899
-246 5059
-245 5153
-244 5027
-243 5059
-242 5015
-241 5024
-240 4975
-239 5033
-238 5015
-237 4937
-236 5008
-235 5023
-234 5003
-233 5021
-232 5042
-231 5022
-230 5014
-229 5006
-228 4939
-227 4940
-226 4937
-225 4953
-224 4932
-223 5030
-222 4882
-221 4920
-220 4990
-219 4956
-218 4968
-217 4969
-216 4989
-215 4929
-214 4791
-213 4936
-212 4714
-211 4817
-210 4907
-209 4872
-208 4714
-207 4759
-206 4672
-205 4618
-204 4731
-203 4651
-202 4763
-201 4807
-200 4719
-199 4659
-198 4660
-197 4673
-196 4691
-195 4565
-194 4606
-193 4646
-192 4724
-191 4754
-190 4707
-189 4566
-188 4662
-187 4442
-186 4525
-185 4533
-184 4679
-183 4623
-182 4508
-181 4534
-180 4559
-179 4537
-178 4699
-177 4702
-176 4552
-175 4548
-174 4493
-173 4552
-172 4453
-171 4512
-170 4444
-169 4546
-168 4342
-167 4480
-166 4514
-165 4501
-164 4494
-163 4723
-162 4430
-161 4490
-160 4520
-159 4514
-158 4457
-157 4468
-156 4370
-155 4407
-154 4412
-153 4407
-152 4334
-151 4259
-150 4287
-149 4304
-148 4359
-147 4392
-146 4266
-145 4356
-144 4379
-143 4277
-142 4343
-141 4358
-140 4166
-139 4187
-138 4360
-137 4389
-136 4195
-135 4124
-134 4323
-133 4032
-132 4189
-131 4163
-130 4033
-129 4233
-128 4111
-127 4123
-126 4046
-125 4160
-124 4155
-123 4118
-122 3960
-121 4113
-120 4118
-119 4099
-118 4048
-117 4050
-116 4068
-115 4208
-114 4141
-113 4163
-112 4145
-111 4101
-110 4121
-109 4319
-108 4305
-107 4087
-106 4102
-105 4013
-104 3998
-103 4031
-102 3910
-101 3939
-100 3900
-99 3846
-98 3764
-97 3821
-96 3794
-95 3758
-94 3661
-93 3751
-92 3692
-91 3767
-90 3670
-89 3850
-88 3775
-87 3614
-86 3669
-85 3757
-84 3714
-83 3818
-82 3795
-81 3648
-80 3706
-79 3571
-78 3677
-77 3618
-76 3620
-75 3583
-74 3553
-73 3601
-72 3488
-71 3570
-70 3485
-69 3479
-68 3492
-67 3566
-66 3591
-65 3388
-64 3495
-63 3323
-62 3438
-61 3360
-60 3325
-59 3466
-58 3388
-57 3412
-56 3370
-55 3323
-54 3295
-53 3276
-52 3256
-51 3329
-50 3378
-49 3302
-48 3283
-47 3328
-46 3279
-45 3276
-44 3232
-43 3246
-42 3217
-41 3258
-40 3226
-39 3151
-38 3140
-37 3151
-36 3121
-35 3150
-34 3111
-33 3123
-32 3032
-31 3103
-30 3147
-29 3246
-28 3091
-27 3129
-26 3050
-25 3043
-24 2964
-23 3125
-22 3067
-21 3005
-20 2991
-19 3050
-18 2995
-17 2989
-16 2969
-15 3003
-14 3069
-13 2935
-12 2929
-11 2838
-10 2844
-9 2825
-8 2807
-7 2843
-6 2877
-5 2916
-4 2931
-3 2844
-2 2839
-1 2822
0 2767
1 2696
2 2684
3 2750
4 2702
5 2775
6 2692
7 2705
8 2739
9 2663
10 2666
11 2693
12 2649
13 2772
14 2711
15 2634
16 2640
17 2607
18 2683
19 2605
20 2562
21 2584
22 2610
23 2494
24 2496
25 2476
26 2475
27 2583
28 2494
29 2470
30 2543
31 2446
32 2498
33 2459
34 2483
35 2415
36 2424
37 2432
38 2345
39 2314
40 2410
41 2474
42 2341
43 2272
44 2357
45 2268
46 2352
47 2452
48 2270
49 2205
50 2397
51 2245
52 2324
53 2328
54 2289
55 2201
56 2308
57 2231
58 2205
59 2092
60 2187
61 2174
62 2221
63 2141
64 2101
65 2120
66 2291
67 2154
68 2148
69 2171
70 2150
71 2089
72 2051
73 2021
74 2117
75 2017
76 2093
77 2009
78 1940
79 2010
80 2034
81 2028
82 2046
83 1902
84 1938
85 1995
86 1957
87 1914
88 1913
89 1812
90 1811
91 1895
92 1873
93 1864
94 1828
95 1858
96 1810
97 1897
98 1837
99 1788
100 1833
101 1812
102 1683
103 1770
104 1745
105 1707
106 1716
107 1734
108 1613
109 1719
110 1636
111 1583
112 1754
113 1688
114 1630
115 1648
116 1687
117 1576
118 1637
119 1681
120 1629
121 1640
122 1608
123 1582
124 1600
125 1512
126 1571
127 1541
128 1562
129 1521
130 1527
131 1533
132 1465
133 1508
134 1541
135 1491
136 1530
137 1481
138 1432
139 1458
140 1570
141 1443
142 1405
143 1440
144 1406
145 1396
146 1483
147 1450
148 1371
149 1423
150 1493
151 1442
152 1370
153 1435
154 1402
155 1345
156 1331
157 1365
158 1311
159 1410
160 1325
161 1298
162 1372
163 1341
164 1310
165 1267
166 1284
167 1300
168 1309
169 1290
170 1318
171 1266
172 1318
173 1250
174 1240
175 1243
176 1243
177 1211
178 1261
179 1252
180 1189
181 1288
182 1176
183 1216
184 1229
185 1187
186 1198
187 1112
188 1153
189 1175
190 1156
191 1182
192 1163
193 1121
194 1178
195 1148
196 1157
197 1167
198 1084
199 1103
200 1104
201 1091
202 1079
203 1071
204 1053
205 1086
206 1058
207 1049
208 1037
209 1085
210 1023
211 1056
212 1017
213 1037
214 918
215 931
216 1025
217 953
218 933
219 943
220 976
221 977
222 952
223 1010
224 946
225 922
226 902
227 969
228 922
229 912
230 949
231 878
232 937
233 932
234 904
235 870
236 867
237 822
238 857
239 878
240 890
241 830
242 859
243 794
244 820
245 802
246 863
247 831
248 788
249 841
250 805
251 786
252 834
253 857
254 819
255 796
256 827
257 856
258 799
259 737
260 799
261 789
262 779
263 817
264 842
265 787
266 780
267 796
268 779
269 849
270 776
271 791
272 751
273 736
274 759
275 762
276 713
277 780
278 773
279 768
280 697
281 718
282 754
283 715
284 740
285 721
286 706
287 738
288 714
289 716
290 687
291 692
292 714
293 773
294 705
295 654
296 702
297 679
298 642
299 738
300 687
301 713
302 686
303 702
304 719
305 679
306 694
307 756
308 684
309 678
310 727
311 699
312 731
313 679
314 629
315 716
316 677
317 691
318 666
319 685
320 661
321 666
322 626
323 667
324 652
325 628
326 651
327 640
328 607
329 625
330 643
331 653
332 626
333 611
334 612
335 615
336 619
337 613
338 598
339 616
340 584
341 650
342 621
343 639
344 641
345 635
346 632
347 560
348 613
349 593
350 594
351 615
352 661
353 683
354 635
355 642
356 625
357 655
358 612
359 641
360 637
361 636
362 656
363 661
364 658
365 672
366 634
367 719
368 701
369 692
370 673
371 634
372 699
373 717
374 677
375 626
376 656
377 703
378 714
379 723
380 655
381 692
382 666
383 688
384 696
385 649
386 677
387 715
388 673
389 678
390 652
391 639
392 678
393 661
394 641
395 595
396 690
397 631
398 629
399 650
400 649
401 649
402 613
403 625
404 637
405 671
406 639
407 624
408 593
409 627
410 598
411 633
412 610
413 631
414 606
415 661
416 593
417 660
418 565
419 600
420 644
421 604
422 624
423 594
424 566
425 638
426 608
427 615
428 648
429 637
430 612
431 646
432 621
433 634
434 607
435 592
436 647
437 594
438 586
439 585
440 647
441 617
442 603
443 607
444 601
445 624
446 637
447 589
448 649
449 657
450 661
451 618
452 602
453 608
454 613
455 586
456 633
457 600
458 589
459 620
460 603
461 586
462 608
463 606
464 606
465 605
466 629
467 615
468 598
469 644
470 637
471 623
472 651
473 614
474 610
475 629
476 575
477 619
478 625
479 610
480 625
481 623
482 612
483 641
484 630
485 599
486 645
487 660
488 674
489 610
490 642
491 603
492 681
493 665
494 597
495 602
496 671
497 649
498 666
499 579
500 642
501 624
502 637
503 642
504 621
505 635
506 593
507 611
508 585
509 600
510 637
511 618
512 627
513 584
514 592
515 655
516 592
517 610
518 558
519 606
520 576
521 611
522 586
523 629
524 585
525 609
526 593
527 557
528 600
529 554
530 596
531 585
532 577
533 526
534 589
535 581
536 534
537 541
538 587
539 553
540 578
541 534
542 599
543 546
544 530
545 575
546 554
547 537
548 571
549 575
550 545
551 496
552 503
553 563
554 527
555 538
556 519
557 523
558 516
559 545
560 538
561 547
562 493
563 516
564 549
565 506
566 509
567 509
568 498
569 503
570 519
571 521
572 504
573 522
574 474
575 523
576 491
577 510
578 473
579 495
580 477
581 475
582 463
583 507
584 527
585 495
586 506
587 528
588 474
589 483
590 514
591 528
592 486
593 481
594 520
595 490
596 448
597 448
598 484
599 436
600 463
601 443
602 498
603 493
604 465
605 460
606 482
607 467
608 456
609 459
610 486
611 446
612 463
613 458
614 398
615 475
616 453
617 420
618 436
619 453
620 438
621 474
622 405
623 441
624 430
625 419
626 417
627 433
628 448
629 417
630 379
631 433
632 385
633 421
634 418
635 427
636 449
637 431
638 436
639 400
640 404
641 408
642 390
643 423
644 389
645 389
646 415
647 398
648 400
649 402
650 413
651 414
652 406
653 404
654 412
655 395
656 420
657 431
658 379
659 406
660 374
661 400
662 380
663 375
664 416
665 365
666 395
667 394
668 363
669 411
670 377
671 355
672 398
673 356
674 355
675 386
676 367
677 373
678 365
679 340
680 358
681 352
682 357
683 337
684 373
685 335
686 356
687 373
688 365
689 365
690 361
691 381
692 362
693 337
694 347
695 350
696 361
697 386
698 343
699 349
700 334
701 340
702 358
703 343
704 377
705 363
706 343
707 338
708 355
709 333
710 334
711 326
712 348
713 345
714 316
715 330
716 305
717 344
718 326
719 308
720 358
721 320
722 333
723 305
724 300
725 321
726 354
727 346
728 322
729 309
730 320
731 300
732 336
733 284
734 299
735 313
736 310
737 307
738 256
739 313
740 296
741 319
742 317
743 301
744 309
745 322
746 298
747 315
748 285
749 301
750 274
751 304
752 296
753 315
754 262
755 306
756 269
757 266
758 315
759 308
760 307
761 300
762 274
763 275
764 300
765 290
766 281
767 282
768 283
769 269
770 315
771 297
772 295
773 248
774 243
775 282
776 262
777 277
778 257
779 284
780 284
781 285
782 260
783 296
784 271
785 268
786 283
787 269
788 258
789 301
790 261
791 269
792 276
793 226
794 281
795 271
796 241
797 266
798 270
799 253
800 242
801 255
802 248
803 214
804 236
805 277
806 259
807 238
808 263
809 227
810 242
811 244
812 229
813 255
814 217
815 222
816 275
817 236
818 221
819 212
820 222
821 225
822 219
823 248
824 234
825 222
826 224
827 233
828 226
829 213
830 243
831 246
832 221
833 205
834 232
835 221
836 223
837 213
838 224
839 193
840 200
841 184
842 206
843 209
844 207
845 199
846 232
847 206
848 206
849 186
850 189
851 203
852 212
853 218
854 211
855 184
856 202
857 217
858 205
859 193
860 198
861 214
862 203
863 190
864 178
865 209
866 219
867 202
868 182
869 178
870 181
871 195
872 188
873 194
874 215
875 171
876 176
877 205
878 172
879 173
880 168
881 154
882 170
883 175
884 198
885 178
886 185
887 185
888 175
889 183
890 169
891 160
892 163
893 182
894 175
895 163
896 171
897 173
898 167
899 154
900 159
901 160
902 147
903 158
904 160
905 192
906 148
907 172
908 166
909 179
910 158
911 154
912 149
913 151
914 175
915 135
916 164
917 163
918 165
919 154
920 148
921 153
922 145
923 151
924 152
925 143
926 151
927 174
928 147
929 160
930 140
931 120
932 155
933 155
934 148
935 136
936 139
937 135
938 139
939 137
940 152
941 148
942 132
943 140
944 114
945 131
946 135
947 134
948 120
949 141
950 131
951 127
952 144
953 118
954 129
955 145
956 125
957 124
958 153
959 116
960 130
961 124
962 111
963 122
964 118
965 124
966 123
967 124
968 123
969 121
970 127
971 120
972 119
973 99
974 113
975 136
976 118
977 124
978 105
979 136
980 122
981 109
982 129
983 93
984 107
985 121
986 105
987 112
988 111
989 97
990 126
991 111
992 124
993 119
994 108
995 102
996 123
997 116
998 99
999 102
1000 95
1001 103
1002 98
1003 113
1004 106
1005 92
1006 97
1007 110
1008 116
1009 121
1010 102
1011 90
1012 87
1013 99
1014 106
1015 85
1016 99
1017 99
1018 87
1019 77
1020 111
1021 117
1022 101
1023 97
1024 84
1025 80
1026 108
1027 81
1028 75
1029 81
1030 92
1031 81
1032 87
1033 93
1034 90
1035 95
1036 96
1037 84
1038 99
1039 85
1040 77
1041 95
1042 63
1043 74
1044 84
1045 95
1046 75
1047 76
1048 83
1049 84
1050 99
1051 98
1052 74
1053 89
1054 82
1055 88
1056 78
1057 82
1058 80
1059 97
1060 89
1061 84
1062 99
1063 82
1064 85
1065 84
1066 72
1067 81
1068 82
1069 86
1070 92
1071 90
1072 84
1073 84
1074 68
1075 74
1076 82
1077 77
1078 87
1079 63
1080 70
1081 65
1082 84
1083 74
1084 65
1085 70
1086 65
1087 52
1088 62
1089 67
1090 67
1091 65
1092 61
1093 57
1094 76
1095 79
1096 68
1097 74
1098 54
1099 73
1100 53
1101 55
1102 67
1103 71
1104 77
1105 71
1106 54
1107 68
1108 60
1109 76
1110 78
1111 63
1112 64
1113 57
1114 56
1115 69
1116 58
1117 61
1118 61
1119 63
1120 67
1121 60
1122 54
1123 49
1124 58
1125 58
1126 61
1127 59
1128 66
1129 62
1130 59
1131 58
1132 66
1133 48
1134 69
1135 62
1136 53
1137 56
1138 41
1139 57
1140 45
1141 53
1142 48
1143 51
1144 56
1145 46
1146 51
1147 54
1148 70
1149 67
1150 53
1151 71
1152 61
1153 51
1154 58
1155 45
1156 47
1157 53
1158 49
1159 69
1160 45
1161 38
1162 46
1163 50
1164 51
1165 52
1166 37
1167 43
1168 53
1169 40
1170 49
1171 40
1172 39
1173 57
1174 43
1175 49
1176 46
1177 48
1178 46
1179 44
1180 33
1181 46
1182 40
1183 37
1184 42
1185 46
1186 48
1187 42
1188 40
1189 35
1190 31
1191 38
1192 35
1193 39
1194 35
1195 31
1196 40
1197 38
1198 41
1199 35
1200 46
1201 36
1202 35
1203 44
1204 38
1205 48
1206 45
1207 36
1208 36
1209 34
1210 42
1211 35
1212 30
1213 40
1214 36
1215 22
1216 28
1217 41
1218 37
1219 32
1220 28
1221 31
1222 37
1223 31
1224 25
1225 35
1226 27
1227 38
1228 34
1229 30
1230 30
1231 36
1232 38
1233 30
1234 32
1235 31
1236 24
1237 34
1238 24
1239 22
1240 34
1241 28
1242 30
1243 42
1244 28
1245 34
1246 31
1247 31
1248 34
1249 34
1250 34
1251 25
1252 29
1253 25
1254 27
1255 19
1256 28
1257 23
1258 32
1259 21
1260 29
1261 38
1262 28
1263 19
1264 30
1265 31
1266 27
1267 29
1268 23
1269 30
1270 23
1271 22
1272 24
1273 22
1274 20
1275 21
1276 26
1277 30
1278 20
1279 30
1280 21
1281 25
1282 24
1283 29
1284 14
1285 19
1286 26
1287 21
1288 40
1289 27
1290 23
1291 29
1292 26
1293 16
1294 23
1295 16
1296 15
1297 19
1298 17
1299 20
1300 28
1301 16
1302 13
1303 22
1304 24
1305 23
1306 18
1307 21
1308 20
1309 19
1310 19
1311 15
1312 17
1313 24
1314 14
1315 20
1316 24
1317 18
1318 19
1319 10
1320 17
1321 21
1322 18
1323 11
1324 20
1325 20
1326 21
1327 21
1328 14
1329 23
1330 20
1331 20
1332 17
1333 18
1334 14
1335 11
1336 22
1337 24
1338 15
1339 11
1340 20
1341 18
1342 21
1343 21
1344 17
1345 17
1346 22
1347 16
1348 22
1349 15
1350 21
1351 16
1352 16
1353 13
1354 18
1355 12
1356 10
1357 11
1358 12
1359 12
1360 14
1361 9
1362 14
1363 13
1364 14
1365 17
1366 13
1367 9
1368 8
1369 11
1370 14
1371 6
1372 10
1373 16
1374 11
1375 15
1376 15
1377 12
1378 10
1379 11
1380 17
1381 5
1382 13
1383 13
1384 10
1385 9
1386 11
1387 13
1388 12
1389 11
1390 20
1391 8
1392 10
1393 13
1394 16
1395 7
1396 10
1397 10
1398 16
1399 5
1400 9
1401 8
1402 6
1403 5
1404 14
1405 7
1406 7
1407 13
1408 10
1409 11
1410 15
1411 9
1412 8
1413 9
1414 6
1415 9
1416 9
1417 9
1418 6
1419 14
1420 8
1421 12
1422 11
1423 7
1424 6
1425 10
1426 6
1427 9
1428 5
1429 6
1430 9
1431 7
1432 10
1433 7
1434 17
1435 9
1436 10
1437 4
1438 5
1439 10
1440 3
1441 4
1442 10
1443 5
1444 5
1445 9
1446 6
1447 5
1448 11
1449 10
1450 7
1451 6
1452 3
1453 6
1454 8
1455 13
1456 4
1457 14
1458 11
1459 4
1460 6
1461 10
1462 12
1463 7
1464 5
1465 5
1466 4
1467 6
1468 2
1469 10
1470 5
1471 4
1472 2
1473 6
1474 6
1475 4
1476 9
1477 4
1478 5
1479 5
1480 5
1481 8
1482 3
1483 2
1484 2
1485 4
1486 5
1487 5
1488 5
1489 5
1490 2
1491 8
1492 3
1493 7
1494 5
1495 7
1496 5
1497 3
1498 3
1499 6
1500 3
1501 3
1502 3
1503 3
1504 3
1505 7
1506 3
1507 1
1508 7
1509 3
1510 6
1511 7
1512 3
1513 3
1514 6
1515 5
1516 4
1517 6
1518 2
1519 4
1520 6
1522 1
1523 6
1524 1
1525 6
1526 2
1527 4
1528 4
1529 3
1530 6
1532 6
1533 2
1534 3
1535 2
1536 7
1537 2
1538 1
1539 1
1540 1
1541 1
1542 3
1543 3
1544 2
1545 4
1546 2
1547 4
1548 4
1549 2
1550 2
1551 2
1552 3
1553 4
1554 4
1555 1
1556 6
1557 2
1558 3
1559 2
1560 2
1561 4
1563 5
1564 1
1565 2
1566 2
1567 2
1568 3
1570 1
1571 3
1572 3
1573 1
1574 1
1575 7
1576 2
1577 1
1578 3
1579 2
1580 2
1581 1
1582 4
1583 2
1584 4
1585 2
1586 1
1587 4
1588 3
1590 1
1591 2
1592 3
1593 1
1594 3
1595 2
1596 1
1597 2
1598 3
1599 1
1600 1
1601 3
1604 2
1605 2
1606 1
1608 2
1610 1
1611 1
1612 2
1616 1
1617 3
1618 2
1619 2
1620 1
1622 1
1627 1
1628 1
1629 2
1630 3
1631 2
1637 1
1638 3
1640 1
1642 1
1644 2
1645 1
1646 1
1648 2
1649 2
1651 1
1652 1
1653 2
1654 3
1655 1
1656 1
1659 1
1664 1
1675 1
1678 1
1689 1
1696 1
1697 1
1703 1
1704 1
1713 1
1726 2
1729 1
1730 1
1732 1
1733 1
1737 1
1738 2
1750 1
