-1349 1
-1347 4
-1346 1
-1345 1
-1344 2
-1343 4
-1342 6
-1341 4
-1340 8
-1339 16
-1338 12
-1337 12
-1336 18
-1335 36
-1334 45
-1333 41
-1332 40
-1331 53
-1330 57
-1329 56
-1328 93
-1327 72
-1326 103
-1325 97
-1324 129
-1323 149
-1322 136
-1321 150
-1320 156
-1319 191
-1318 192
-1317 202
-1316 252
-1315 265
-1314 282
-1313 303
-1312 338
-1311 387
-1310 374
-1309 409
-1308 408
-1307 451
-1306 485
-1305 487
-1304 512
-1303 533
-1302 529
-1301 541
-1300 601
-1299 541
-1298 564
-1297 549
-1296 544
-1295 560
-1294 578
-1293 507
-1292 560
-1291 592
-1290 588
-1289 566
-1288 613
-1287 616
-1286 620
-1285 600
-1284 588
-1283 579
-1282 615
-1281 562
-1280 617
-1279 623
-1278 607
-1277 662
-1276 695
-1275 674
-1274 603
-1273 640
-1272 626
-1271 619
-1270 583
-1269 592
-1268 611
-1267 594
-1266 620
-1265 663
-1264 651
-1263 607
-1262 602
-1261 639
-1260 664
-1259 652
-1258 630
-1257 618
-1256 611
-1255 685
-1254 622
-1253 696
-1252 701
-1251 688
-1250 716
-1249 692
-1248 740
-1247 720
-1246 824
-1245 822
-1244 845
-1243 812
-1242 765
-1241 836
-1240 799
-1239 730
-1238 838
-1237 819
-1236 878
-1235 860
-1234 816
-1233 812
-1232 834
-1231 786
-1230 779
-1229 837
-1228 862
-1227 862
-1226 885
-1225 891
-1224 876
-1223 921
-1222 925
-1221 881
-1220 855
-1219 903
-1218 934
-1217 907
-1216 969
-1215 930
-1214 937
-1213 975
-1212 956
-1211 1050
-1210 986
-1209 970
-1208 924
-1207 982
-1206 951
-1205 939
-1204 986
-1203 986
-1202 1046
-1201 1056
-1200 1025
-1199 997
-1198 1068
-1197 1021
-1196 1013
-1195 1039
-1194 1016
-1193 1064
-1192 1123
-1191 1108
-1190 1082
-1189 1092
-1188 1044
-1187 1152
-1186 1193
-1185 1248
-1184 1368
-1183 1337
-1182 1361
-1181 1371
-1180 1374
-1179 1392
-1178 1454
-1177 1511
-1176 1587
-1175 1639
-1174 1580
-1173 1662
-1172 1677
-1171 1661
-1170 1663
-1169 1825
-1168 1754
-1167 1681
-1166 1840
-1165 1725
-1164 1772
-1163 1775
-1162 1860
-1161 1774
-1160 1802
-1159 1806
-1158 1835
-1157 1780
-1156 1854
-1155 1883
-1154 1910
-1153 1943
-1152 1881
-1151 1886
-1150 1940
-1149 1863
-1148 1938
-1147 1986
-1146 1960
-1145 2064
-1144 1999
-1143 2082
-1142 2063
-1141 2046
-1140 2127
-1139 2133
-1138 2176
-1137 2191
-1136 2142
-1135 2110
-1134 2236
-1133 2207
-1132 2234
-1131 2223
-1130 2171
-1129 2253
-1128 2269
-1127 2345
-1126 2252
-1125 2292
-1124 2365
-1123 2352
-1122 2374
-1121 2234
-1120 2316
-1119 2508
-1118 2367
-1117 2441
-1116 2501
-1115 2566
-1114 2448
-1113 2484
-1112 2509
-1111 2591
-1110 2596
-1109 2638
-1108 2594
-1107 2638
-1106 2664
-1105 2852
-1104 2624
-1103 2708
-1102 2859
-1101 2692
-1100 2731
-1099 2743
-1098 2692
-1097 2824
-1096 2816
-1095 2858
-1094 2789
-1093 2830
-1092 2743
-1091 2778
-1090 2857
-1089 2812
-1088 2753
-1087 2759
-1086 2836
-1085 2865
-1084 2766
-1083 2829
-1082 2800
-1081 2773
-1080 2827
-1079 2907
-1078 2807
-1077 2817
-1076 2843
-1075 2858
-1074 2882
-1073 2869
-1072 3002
-1071 3005
-1070 2829
-1069 2791
-1068 2932
-1067 2822
-1066 2823
-1065 2817
-1064 2895
-1063 2872
-1062 2808
-1061 2916
-1060 2960
-1059 2938
-1058 2914
-1057 3031
-1056 2908
-1055 2962
-1054 2919
-1053 3029
-1052 2917
-1051 2941
-1050 3101
-1049 3011
-1048 3003
-1047 3005
-1046 2967
-1045 3117
-1044 3082
-1043 3123
-1042 3139
-1041 3073
-1040 2969
-1039 3044
-1038 2979
-1037 3123
-1036 3153
-1035 3255
-1034 3104
-1033 3232
-1032 3118
-1031 3163
-1030 3135
-1029 3115
-1028 3107
-1027 3243
-1026 3090
-1025 3139
-1024 3143
-1023 3256
-1022 3068
-1021 3247
-1020 3133
-1019 3134
-1018 3071
-1017 3135
-1016 3192
-1015 3221
-1014 3239
-1013 3317
-1012 3268
-1011 3246
-1010 3287
-1009 3376
-1008 3370
-1007 3416
-1006 3442
-1005 3494
-1004 3566
-1003 3436
-1002 3458
-1001 3543
-1000 3518
-999 3597
-998 3652
-997 3734
-996 3727
-995 3665
-994 3776
-993 3871
-992 3818
-991 3805
-990 3946
-989 3901
-988 3805
-987 3859
-986 3845
-985 3769
-984 3841
-983 3698
-982 3911
-981 3872
-980 3896
-979 3944
-978 4054
-977 3926
-976 4150
-975 4202
-974 4146
-973 4050
-972 4125
-971 4254
-970 4276
-969 4160
-968 4285
-967 4339
-966 4295
-965 4425
-964 4363
-963 4288
-962 4219
-961 4236
-960 4464
-959 4268
-958 4283
-957 4261
-956 4224
-955 4337
-954 4216
-953 4361
-952 4321
-951 4308
-950 4415
-949 4500
-948 4478
-947 4615
-946 4849
-945 4711
-944 4554
-943 4499
-942 4523
-941 4709
-940 4628
-939 4694
-938 4649
-937 4626
-936 4851
-935 4749
-934 4829
-933 4757
-932 4709
-931 4838
-930 4683
-929 4717
-928 4912
-927 5046
-926 4981
-925 5048
-924 5091
-923 5211
-922 5143
-921 5206
-920 5217
-919 5315
-918 5193
-917 5294
-916 5371
-915 5281
-914 5366
-913 5272
-912 5391
-911 5357
-910 5288
-909 5272
-908 5290
-907 5400
-906 5324
-905 5291
-904 5294
-903 5285
-902 5329
-901 5171
-900 5293
-899 5274
-898 5240
-897 5067
-896 5140
-895 5238
-894 5232
-893 5233
-892 5173
-891 5236
-890 5217
-889 5269
-888 5300
-887 5439
-886 5391
-885 5441
-884 5402
-883 5480
-882 5419
-881 5655
-880 5716
-879 5797
-878 5680
-877 5952
-876 5766
-875 5947
-874 5914
-873 6080
-872 6075
-871 6190
-870 6120
-869 6372
-868 6265
-867 6433
-866 6277
-865 6438
-864 6510
-863 6445
-862 6566
-861 6795
-860 6768
-859 6677
-858 6632
-857 6483
-856 6257
-855 6329
-854 6294
-853 6144
-852 6235
-851 6250
-850 6305
-849 6363
-848 6370
-847 6276
-846 6332
-845 6346
-844 6270
-843 6472
-842 6184
-841 6401
-840 6288
-839 6231
-838 6397
-837 6453
-836 6381
-835 6313
-834 6357
-833 6431
-832 6369
-831 6380
-830 6256
-829 6389
-828 6423
-827 6340
-826 6307
-825 6616
-824 6439
-823 6640
-822 6490
-821 6652
-820 6654
-819 6548
-818 6580
-817 6610
-816 6691
-815 6806
-814 6638
-813 6710
-812 6899
-811 6777
-810 6935
-809 6901
-808 6916
-807 6914
-806 6994
-805 6946
-804 7080
-803 7038
-802 7114
-801 6973
-800 7058
-799 6880
-798 6869
-797 6965
-796 7064
-795 6971
-794 7210
-793 7101
-792 7000
-791 7015
-790 7153
-789 7174
-788 7340
-787 7079
-786 7245
-785 7256
-784 7187
-783 7044
-782 7181
-781 7135
-780 7101
-779 7056
-778 7057
-777 6930
-776 7065
-775 7063
-774 7307
-773 7196
-772 6977
-771 7007
-770 6829
-769 6813
-768 7079
-767 6938
-766 7029
-765 6805
-764 6857
-763 6808
-762 6871
-761 6801
-760 6651
-759 6632
-758 6618
-757 6576
-756 6641
-755 6545
-754 6637
-753 6618
-752 6502
-751 6194
-750 6178
-749 6360
-748 6392
-747 6214
-746 6254
-745 6197
-744 6325
-743 6399
-742 6136
-741 6188
-740 6152
-739 6092
-738 5971
-737 6024
-736 6061
-735 6065
-734 6065
-733 5951
-732 5871
-731 5849
-730 5855
-729 5876
-728 5882
-727 5947
-726 5976
-725 5720
-724 5917
-723 5894
-722 5946
-721 5873
-720 5912
-719 5794
-718 5958
-717 5795
-716 5775
-715 5911
-714 5749
-713 5871
-712 5846
-711 5953
-710 5781
-709 5798
-708 5835
-707 5749
-706 5799
-705 5873
-704 5789
-703 5779
-702 5853
-701 5891
-700 5677
-699 5732
-698 5804
-697 5911
-696 5760
-695 5942
-694 5681
-693 5706
-692 5881
-691 5821
-690 5933
-689 5924
-688 5855
-687 6021
-686 6131
-685 6100
-684 6102
-683 6111
-682 6227
-681 6158
-680 6142
-679 5871
-678 6041
-677 6007
-676 6203
-675 6065
-674 6182
-673 6070
-672 6042
-671 6071
-670 6055
-669 5875
-668 6047
-667 5947
-666 6100
-665 5874
-664 6058
-663 6316
-662 6130
-661 6110
-660 6154
-659 5985
-658 6053
-657 6144
-656 6028
-655 5858
-654 5855
-653 5866
-652 6122
-651 6082
-650 6007
-649 5859
-648 6077
-647 6164
-646 6033
-645 6113
-644 5999
-643 5995
-642 5910
-641 6055
-640 5916
-639 5920
-638 5910
-637 5912
-636 5965
-635 5942
-634 5945
-633 5857
-632 6081
-631 5985
-630 5819
-629 5792
-628 5902
-627 5880
-626 5804
-625 5800
-624 5695
-623 5633
-622 5511
-621 5378
-620 5455
-619 5370
-618 5338
-617 5218
-616 5259
-615 5393
-614 5394
-613 5156
-612 5227
-611 5390
-610 5372
-609 5240
-608 5233
-607 5187
-606 5225
-605 5110
-604 5244
-603 5306
-602 5140
-601 5099
-600 4970
-599 5180
-598 4820
-597 4903
-596 4913
-595 4987
-594 4844
-593 4981
-592 4926
-591 4795
-590 4905
-589 4761
-588 4646
-587 4802
-586 4696
-585 4679
-584 4765
-583 4616
-582 4481
-581 4693
-580 4523
-579 4567
-578 4664
-577 4680
-576 4580
-575 4780
-574 4651
-573 4688
-572 4675
-571 4629
-570 4599
-569 4573
-568 4586
-567 4494
-566 4376
-565 4361
-564 4446
-563 4399
-562 4299
-561 4378
-560 4166
-559 4124
-558 4194
-557 4264
-556 4239
-555 4241
-554 4049
-553 4234
-552 4120
-551 4151
-550 4135
-549 4136
-548 4091
-547 4060
-546 4005
-545 4013
-544 4008
-543 3977
-542 3920
-541 3837
-540 3860
-539 3908
-538 3849
-537 3868
-536 3816
-535 3833
-534 3757
-533 3704
-532 3714
-531 3805
-530 3646
-529 3663
-528 3667
-527 3641
-526 3642
-525 3685
-524 3619
-523 3698
-522 3661
-521 3575
-520 3430
-519 3498
-518 3511
-517 3394
-516 3405
-515 3532
-514 3411
-513 3398
-512 3352
-511 3386
-510 3500
-509 3501
-508 3377
-507 3395
-506 3362
-505 3348
-504 3387
-503 3311
-502 3325
-501 3208
-500 3204
-499 3179
-498 3279
-497 3088
-496 3108
-495 3261
-494 3145
-493 3165
-492 3175
-491 3121
-490 3226
-489 3183
-488 3201
-487 3035
-486 3095
-485 3015
-484 3043
-483 3086
-482 3086
-481 3065
-480 2998
-479 2985
-478 2966
-477 2964
-476 3020
-475 2990
-474 2981
-473 3032
-472 2949
-471 2992
-470 2975
-469 2903
-468 2923
-467 2937
-466 2917
-465 2863
-464 2830
-463 2841
-462 2955
-461 2800
-460 2911
-459 2884
-458 2898
-457 2870
-456 2791
-455 2863
-454 2759
-453 2755
-452 2736
-451 2739
-450 2741
-449 2761
-448 2711
-447 2651
-446 2610
-445 2707
-444 2584
-443 2651
-442 2566
-441 2671
-440 2638
-439 2555
-438 2566
-437 2531
-436 2496
-435 2573
-434 2489
-433 2452
-432 2468
-431 2508
-430 2512
-429 2434
-428 2351
-427 2413
-426 2439
-425 2487
-424 2454
-423 2423
-422 2376
-421 2395
-420 2422
-419 2309
-418 2382
-417 2306
-416 2327
-415 2377
-414 2293
-413 2322
-412 2289
-411 2293
-410 2262
-409 2281
-408 2237
-407 2166
-406 2336
-405 2237
-404 2193
-403 2194
-402 2228
-401 2113
-400 2238
-399 2147
-398 2219
-397 2150
-396 2115
-395 2169
-394 2120
-393 2099
-392 2063
-391 2069
-390 2100
-389 2059
-388 2070
-387 2122
-386 2076
-385 2074
-384 2118
-383 2096
-382 2129
-381 2091
-380 2044
-379 1965
-378 2022
-377 1997
-376 1949
-375 1964
-374 1934
-373 1925
-372 1935
-371 1955
-370 1945
-369 1891
-368 1892
-367 1889
-366 1928
-365 1824
-364 1883
-363 1810
-362 1816
-361 1806
-360 1802
-359 1810
-358 1832
-357 1816
-356 1786
-355 1793
-354 1806
-353 1805
-352 1738
-351 1683
-350 1763
-349 1753
-348 1766
-347 1773
-346 1697
-345 1723
-344 1724
-343 1699
-342 1618
-341 1577
-340 1707
-339 1750
-338 1624
-337 1614
-336 1642
-335 1603
-334 1605
-333 1596
-332 1575
-331 1650
-330 1603
-329 1566
-328 1509
-327 1528
-326 1556
-325 1554
-324 1501
-323 1527
-322 1577
-321 1504
-320 1472
-319 1566
-318 1536
-317 1496
-316 1500
-315 1552
-314 1521
-313 1389
-312 1552
-311 1496
-310 1514
-309 1446
-308 1404
-307 1529
-306 1456
-305 1492
-304 1460
-303 1484
-302 1437
-301 1464
-300 1380
-299 1391
-298 1469
-297 1506
-296 1416
-295 1398
-294 1360
-293 1423
-292 1324
-291 1453
-290 1328
-289 1313
-288 1310
-287 1312
-286 1342
-285 1331
-284 1280
-283 1315
-282 1365
-281 1263
-280 1278
-279 1333
-278 1305
-277 1320
-276 1240
-275 1298
-274 1236
-273 1199
-272 1243
-271 1291
-270 1271
-269 1209
-268 1218
-267 1203
-266 1230
-265 1148
-264 1205
-263 1231
-262 1216
-261 1182
-260 1109
-259 1099
-258 1115
-257 1056
-256 1171
-255 1080
-254 1108
-253 1025
-252 1117
-251 1097
-250 1083
-249 1114
-248 1087
-247 1012
-246 1043
-245 1047
-244 1004
-243 1085
-242 1036
-241 1051
-240 980
-239 989
-238 977
-237 1080
-236 947
-235 983
-234 977
-233 960
-232 975
-231 925
-230 954
-229 954
-228 940
-227 876
-226 940
-225 872
-224 870
-223 979
-222 842
-221 895
-220 936
-219 925
-218 901
-217 882
-216 874
-215 869
-214 855
-213 807
-212 880
-211 865
-210 886
-209 837
-208 874
-207 799
-206 802
-205 852
-204 812
-203 843
-202 771
-201 830
-200 788
-199 835
-198 744
-197 777
-196 782
-195 756
-194 784
-193 805
-192 745
-191 721
-190 767
-189 717
-188 772
-187 750
-186 765
-185 718
-184 753
-183 720
-182 756
-181 723
-180 695
-179 703
-178 705
-177 658
-176 748
-175 698
-174 703
-173 662
-172 695
-171 727
-170 710
-169 701
-168 753
-167 687
-166 674
-165 704
-164 672
-163 644
-162 697
-161 690
-160 632
-159 616
-158 639
-157 608
-156 656
-155 637
-154 618
-153 622
-152 643
-151 613
-150 590
-149 570
-148 597
-147 618
-146 634
-145 583
-144 573
-143 591
-142 587
-141 620
-140 611
-139 608
-138 571
-137 569
-136 528
-135 590
-134 545
-133 557
-132 539
-131 548
-130 541
-129 517
-128 552
-127 548
-126 542
-125 516
-124 571
-123 524
-122 520
-121 557
-120 498
-119 533
-118 516
-117 513
-116 552
-115 500
-114 547
-113 507
-112 528
-111 501
-110 462
-109 523
-108 475
-107 500
-106 480
-105 453
-104 505
-103 523
-102 456
-101 447
-100 495
-99 467
-98 463
-97 429
-96 445
-95 441
-94 471
-93 425
-92 442
-91 452
-90 427
-89 440
-88 441
-87 413
-86 418
-85 421
-84 408
-83 422
-82 398
-81 394
-80 389
-79 409
-78 412
-77 383
-76 438
-75 425
-74 426
-73 389
-72 410
-71 377
-70 400
-69 397
-68 394
-67 407
-66 377
-65 372
-64 355
-63 363
-62 374
-61 382
-60 362
-59 377
-58 354
-57 360
-56 362
-55 364
-54 345
-53 361
-52 349
-51 373
-50 392
-49 331
-48 319
-47 346
-46 361
-45 338
-44 299
-43 325
-42 365
-41 278
-40 331
-39 282
-38 306
-37 309
-36 332
-35 313
-34 310
-33 299
-32 287
-31 314
-30 278
-29 323
-28 295
-27 273
-26 295
-25 293
-24 255
-23 279
-22 267
-21 252
-20 247
-19 295
-18 251
-17 260
-16 240
-15 262
-14 250
-13 269
-12 273
-11 255
-10 246
-9 263
-8 240
-7 237
-6 239
-5 245
-4 237
-3 222
-2 229
-1 218
0 247
1 233
2 239
3 239
4 216
5 217
6 238
7 248
8 233
9 199
10 216
11 230
12 209
13 205
14 209
15 208
16 201
17 217
18 213
19 211
20 240
21 209
22 191
23 225
24 197
25 209
26 177
27 182
28 185
29 162
30 187
31 195
32 211
33 180
34 182
35 182
36 197
37 213
38 161
39 197
40 160
41 194
42 182
43 162
44 164
45 182
46 151
47 160
48 173
49 182
50 154
51 175
52 153
53 167
54 150
55 182
56 146
57 147
58 168
59 167
60 136
61 147
62 162
63 162
64 146
65 182
66 162
67 122
68 151
69 143
70 143
71 129
72 140
73 126
74 136
75 135
76 121
77 140
78 145
79 154
80 117
81 136
82 147
83 130
84 127
85 136
86 127
87 115
88 140
89 119
90 124
91 124
92 132
93 124
94 123
95 106
96 124
97 121
98 131
99 128
100 119
101 114
102 124
103 134
104 119
105 91
106 104
107 116
108 96
109 98
110 114
111 112
112 99
113 105
114 109
115 116
116 118
117 118
118 121
119 118
120 85
121 112
122 108
123 116
124 120
125 119
126 108
127 113
128 116
129 80
130 83
131 91
132 108
133 105
134 93
135 99
136 109
137 95
138 89
139 89
140 82
141 79
142 89
143 90
144 88
145 92
146 114
147 77
148 79
149 102
150 89
151 93
152 73
153 90
154 76
155 87
156 85
157 69
158 85
159 64
160 73
161 83
162 73
163 65
164 84
165 72
166 76
167 77
168 75
169 71
170 48
171 85
172 93
173 92
174 65
175 72
176 70
177 67
178 64
179 66
180 73
181 70
182 64
183 74
184 80
185 75
186 77
187 59
188 71
189 79
190 81
191 64
192 56
193 84
194 58
195 64
196 73
197 73
198 74
199 62
200 70
201 63
202 74
203 58
204 69
205 53
206 60
207 63
208 57
209 71
210 66
211 70
212 68
213 57
214 66
215 61
216 66
217 62
218 64
219 48
220 60
221 49
222 45
223 64
224 64
225 61
226 56
227 58
228 54
229 52
230 55
231 54
232 47
233 58
234 54
235 44
236 50
237 46
238 48
239 47
240 49
241 38
242 54
243 51
244 59
245 55
246 46
247 56
248 48
249 42
250 55
251 46
252 40
253 35
254 52
255 52
256 48
257 54
258 46
259 47
260 51
261 47
262 46
263 45
264 43
265 53
266 52
267 49
268 55
269 44
270 51
271 42
272 34
273 53
274 42
275 46
276 38
277 51
278 48
279 29
280 40
281 60
282 43
283 47
284 62
285 48
286 43
287 43
288 43
289 64
290 61
291 50
292 75
293 56
294 61
295 50
296 73
297 52
298 50
299 53
300 55
301 47
302 50
303 45
304 54
305 54
306 52
307 44
308 45
309 55
310 55
311 53
312 56
313 52
314 55
315 50
316 52
317 40
318 55
319 47
320 51
321 35
322 42
323 48
324 63
325 44
326 40
327 47
328 44
329 44
330 46
331 33
332 55
333 38
334 40
335 45
336 50
337 34
338 43
339 39
340 40
341 39
342 37
343 47
344 40
345 38
346 52
347 41
348 33
349 51
350 36
351 36
352 39
353 39
354 41
355 40
356 32
357 35
358 39
359 58
360 49
361 50
362 45
363 33
364 37
365 42
366 52
367 36
368 42
369 44
370 47
371 40
372 55
373 44
374 43
375 49
376 41
377 50
378 64
379 37
380 44
381 34
382 42
383 53
384 46
385 38
386 48
387 36
388 49
389 49
390 56
391 41
392 62
393 61
394 53
395 34
396 57
397 65
398 43
399 54
400 44
401 57
402 40
403 41
404 53
405 54
406 61
407 50
408 64
409 67
410 54
411 56
412 58
413 53
414 60
415 61
416 57
417 64
418 63
419 58
420 65
421 54
422 68
423 52
424 75
425 76
426 58
427 65
428 58
429 58
430 60
431 55
432 65
433 68
434 63
435 67
436 52
437 56
438 78
439 51
440 63
441 84
442 63
443 66
444 56
445 68
446 55
447 71
448 49
449 56
450 70
451 79
452 73
453 69
454 58
455 58
456 62
457 58
458 69
459 66
460 72
461 73
462 60
463 73
464 60
465 81
466 83
467 44
468 51
469 70
470 79
471 62
472 61
473 70
474 61
475 65
476 66
477 44
478 60
479 67
480 59
481 69
482 65
483 53
484 58
485 53
486 51
487 54
488 68
489 72
490 60
491 61
492 67
493 56
494 49
495 61
496 67
497 85
498 75
499 63
500 49
501 57
502 68
503 53
504 64
505 49
506 52
507 61
508 64
509 59
510 50
511 69
512 39
513 51
514 60
515 60
516 50
517 57
518 63
519 50
520 68
521 53
522 53
523 50
524 50
525 59
526 63
527 40
528 51
529 61
530 62
531 47
532 61
533 48
534 51
535 52
536 56
537 64
538 59
539 53
540 46
541 49
542 43
543 64
544 52
545 45
546 62
547 46
548 44
549 43
550 69
551 49
552 44
553 47
554 42
555 41
556 43
557 41
558 54
559 57
560 52
561 43
562 40
563 47
564 52
565 63
566 49
567 40
568 59
569 57
570 49
571 57
572 50
573 50
574 55
575 58
576 55
577 44
578 48
579 49
580 33
581 47
582 59
583 51
584 59
585 45
586 42
587 37
588 58
589 62
590 41
591 36
592 44
593 44
594 35
595 56
596 46
597 44
598 40
599 34
600 51
601 40
602 60
603 42
604 46
605 46
606 50
607 40
608 55
609 45
610 53
611 55
612 39
613 46
614 45
615 46
616 58
617 55
618 42
619 51
620 38
621 52
622 38
623 36
624 38
625 35
626 42
627 48
628 46
629 32
630 38
631 40
632 45
633 34
634 41
635 37
636 43
637 38
638 37
639 45
640 34
641 44
642 44
643 35
644 49
645 47
646 42
647 36
648 36
649 29
650 45
651 35
652 32
653 54
654 35
655 41
656 40
657 38
658 43
659 47
660 28
661 33
662 35
663 37
664 39
665 40
666 35
667 47
668 34
669 41
670 39
671 45
672 43
673 45
674 28
675 28
676 31
677 31
678 41
679 35
680 37
681 38
682 31
683 29
684 44
685 34
686 25
687 40
688 30
689 29
690 36
691 31
692 23
693 31
694 39
695 43
696 27
697 40
698 32
699 29
700 25
701 37
702 28
703 24
704 19
705 22
706 42
707 29
708 21
709 25
710 18
711 32
712 35
713 30
714 25
715 22
716 25
717 28
718 27
719 43
720 26
721 31
722 31
723 30
724 21
725 28
726 24
727 24
728 32
729 35
730 24
731 21
732 29
733 27
734 26
735 26
736 16
737 20
738 27
739 24
740 19
741 20
742 30
743 15
744 21
745 17
746 31
747 26
748 22
749 32
750 22
751 28
752 18
753 20
754 20
755 25
756 33
757 22
758 21
759 19
760 23
761 17
762 21
763 13
764 23
765 25
766 24
767 26
768 19
769 13
770 24
771 15
772 26
773 22
774 30
775 22
776 18
777 16
778 22
779 25
780 16
781 25
782 14
783 15
784 26
785 22
786 13
787 12
788 21
789 26
790 15
791 20
792 19
793 17
794 14
795 9
796 12
797 14
798 16
799 14
800 20
801 24
802 18
803 12
804 20
805 25
806 20
807 18
808 23
809 16
810 12
811 15
812 11
813 14
814 9
815 17
816 14
817 17
818 18
819 14
820 14
821 11
822 16
823 8
824 13
825 11
826 20
827 13
828 15
829 18
830 14
831 14
832 15
833 12
834 12
835 15
836 11
837 14
838 10
839 14
840 16
841 12
842 19
843 15
844 14
845 19
846 11
847 10
848 12
849 11
850 10
851 16
852 14
853 13
854 13
855 7
856 13
857 13
858 15
859 17
860 10
861 18
862 7
863 10
864 10
865 9
866 13
867 12
868 11
869 7
870 13
871 11
872 11
873 16
874 14
875 13
876 13
877 15
878 12
879 9
880 12
881 8
882 12
883 6
884 11
885 10
886 15
887 8
888 13
889 11
890 12
891 3
892 5
893 11
894 9
895 9
896 11
897 6
898 11
899 3
900 7
901 3
902 12
903 11
904 6
905 12
906 7
907 5
908 7
909 5
910 4
911 10
912 7
913 4
914 12
915 4
916 9
917 10
918 9
919 12
920 6
921 9
922 9
923 8
924 3
925 5
926 10
927 7
928 6
929 11
930 5
931 6
932 4
933 6
934 4
935 10
936 7
937 3
938 7
939 6
940 4
941 3
942 3
943 6
944 5
945 3
946 5
947 3
948 6
949 8
950 7
951 5
952 5
953 5
954 3
955 10
956 2
957 11
958 5
959 7
960 9
961 6
962 10
963 8
964 6
965 11
966 5
967 8
968 4
969 9
970 6
971 5
972 4
973 5
974 5
975 7
976 5
977 6
978 5
979 6
980 4
981 5
982 4
983 3
984 4
985 7
986 7
987 2
988 8
989 6
990 1
991 2
992 5
993 6
994 7
995 7
996 3
997 4
998 5
999 4
1000 3
1001 4
1002 3
1003 2
1004 3
1005 4
1006 1
1007 4
1008 7
1009 2
1010 5
1011 7
1012 6
1013 5
1014 1
1015 5
1016 3
1017 4
1018 1
1019 3
1020 5
1021 10
1022 8
1023 4
1024 4
1025 5
1026 2
1027 2
1028 1
1029 3
1030 1
1031 4
1033 2
1034 2
1035 1
1036 3
1037 1
1038 2
1039 4
1040 3
1041 6
1042 3
1043 3
1044 3
1045 1
1046 1
1047 2
1048 3
1049 2
1050 2
1051 1
1052 1
1053 3
1054 1
1055 5
1056 1
1057 7
1058 1
1059 3
1060 3
1061 2
1062 3
1063 1
1064 1
1065 1
1066 3
1067 2
1068 1
1069 3
1071 2
1072 3
1073 3
1074 2
1075 3
1076 3
1077 3
1078 1
1079 2
1080 1
1082 5
1083 2
1084 1
1085 5
1086 1
1087 3
1088 2
1089 2
1090 2
1093 1
1094 1
1095 3
1096 1
1098 1
1099 3
1101 2
1102 2
1103 1
1104 3
1105 1
1106 1
1107 2
1108 2
1109 2
1110 3
1111 1
1113 2
1114 2
1115 1
1116 4
1117 2
1119 4
1122 1
1123 1
1124 1
1125 3
1126 3
1129 1
1130 2
1131 2
1132 1
1133 2
1134 2
1135 2
1136 1
1138 2
1140 3
1142 1
1143 1
1145 1
1146 2
1147 1
1148 1
1149 1
1154 3
1156 2
1159 2
1160 1
1161 2
1162 1
1163 1
1166 2
1167 1
1168 2
1169 2
1170 1
1172 1
1173 1
1174 1
1177 1
1178 3
1180 3
1184 2
1186 1
1187 1
1188 1
1189 1
1191 1
1192 1
1194 2
1195 1
1198 1
1199 2
1201 1
1202 1
1203 1
1204 1
1205 1
1210 1
1213 2
1216 1
1217 1
1218 1
1219 1
1220 1
1232 2
1233 1
1234 1
1235 1
1236 1
1239 1
1241 1
1256 1
1258 1
1260 1
1265 1
1268 1
1271 1
1272 1
1298 1
1302 1
1310 1
1312 1
1320 2
1324 1
1343 1
1349 1
1352 1
1378 1
1441 1
1445 1
