-1290 1
-1289 3
-1288 3
-1287 1
-1286 5
-1285 6
-1284 16
-1283 31
-1282 28
-1281 44
-1280 67
-1279 71
-1278 82
-1277 109
-1276 147
-1275 136
-1274 137
-1273 157
-1272 169
-1271 171
-1270 193
-1269 200
-1268 188
-1267 180
-1266 225
-1265 231
-1264 231
-1263 205
-1262 251
-1261 223
-1260 190
-1259 208
-1258 195
-1257 185
-1256 175
-1255 175
-1254 188
-1253 220
-1252 227
-1251 231
-1250 200
-1249 271
-1248 237
-1247 269
-1246 292
-1245 300
-1244 315
-1243 347
-1242 310
-1241 331
-1240 321
-1239 327
-1238 330
-1237 374
-1236 350
-1235 402
-1234 375
-1233 430
-1232 441
-1231 387
-1230 440
-1229 424
-1228 427
-1227 443
-1226 430
-1225 428
-1224 459
-1223 444
-1222 443
-1221 426
-1220 458
-1219 460
-1218 458
-1217 511
-1216 484
-1215 486
-1214 516
-1213 482
-1212 525
-1211 505
-1210 481
-1209 475
-1208 467
-1207 499
-1206 455
-1205 521
-1204 499
-1203 505
-1202 472
-1201 487
-1200 495
-1199 543
-1198 491
-1197 507
-1196 502
-1195 502
-1194 476
-1193 530
-1192 500
-1191 512
-1190 525
-1189 500
-1188 534
-1187 452
-1186 486
-1185 494
-1184 490
-1183 472
-1182 488
-1181 495
-1180 521
-1179 488
-1178 509
-1177 545
-1176 513
-1175 553
-1174 559
-1173 560
-1172 589
-1171 552
-1170 538
-1169 535
-1168 577
-1167 604
-1166 592
-1165 583
-1164 585
-1163 646
-1162 603
-1161 693
-1160 680
-1159 630
-1158 663
-1157 684
-1156 700
-1155 738
-1154 763
-1153 737
-1152 769
-1151 769
-1150 715
-1149 720
-1148 806
-1147 766
-1146 849
-1145 829
-1144 874
-1143 837
-1142 839
-1141 865
-1140 929
-1139 970
-1138 978
-1137 993
-1136 1015
-1135 1002
-1134 1029
-1133 1050
-1132 1151
-1131 1046
-1130 1216
-1129 1107
-1128 1199
-1127 1104
-1126 1139
-1125 1081
-1124 1145
-1123 1203
-1122 1149
-1121 1221
-1120 1252
-1119 1214
-1118 1180
-1117 1197
-1116 1204
-1115 1168
-1114 1197
-1113 1253
-1112 1310
-1111 1237
-1110 1296
-1109 1293
-1108 1309
-1107 1370
-1106 1418
-1105 1364
-1104 1386
-1103 1395
-1102 1413
-1101 1505
-1100 1381
-1099 1451
-1098 1448
-1097 1381
-1096 1472
-1095 1408
-1094 1421
-1093 1505
-1092 1489
-1091 1514
-1090 1514
-1089 1542
-1088 1482
-1087 1509
-1086 1473
-1085 1586
-1084 1541
-1083 1555
-1082 1640
-1081 1547
-1080 1558
-1079 1637
-1078 1631
-1077 1645
-1076 1739
-1075 1743
-1074 1746
-1073 1793
-1072 1683
-1071 1800
-1070 1858
-1069 1883
-1068 1877
-1067 1843
-1066 1919
-1065 1909
-1064 1944
-1063 1978
-1062 2044
-1061 2051
-1060 2063
-1059 2103
-1058 2122
-1057 2200
-1056 2140
-1055 2099
-1054 2259
-1053 2210
-1052 2317
-1051 2094
-1050 2202
-1049 2127
-1048 2140
-1047 2144
-1046 2258
-1045 2292
-1044 2232
-1043 2172
-1042 2370
-1041 2264
-1040 2266
-1039 2296
-1038 2226
-1037 2383
-1036 2248
-1035 2313
-1034 2393
-1033 2387
-1032 2377
-1031 2419
-1030 2342
-1029 2443
-1028 2368
-1027 2432
-1026 2491
-1025 2548
-1024 2464
-1023 2439
-1022 2493
-1021 2536
-1020 2433
-1019 2403
-1018 2586
-1017 2522
-1016 2585
-1015 2566
-1014 2612
-1013 2673
-1012 2726
-1011 2699
-1010 2692
-1009 2718
-1008 2667
-1007 2643
-1006 2691
-1005 2798
-1004 2771
-1003 2732
-1002 2801
-1001 2771
-1000 2752
-999 2665
-998 2732
-997 2696
-996 2783
-995 2755
-994 2841
-993 2923
-992 2881
-991 2869
-990 2880
-989 2958
-988 2803
-987 2953
-986 2863
-985 2880
-984 2886
-983 2910
-982 2977
-981 2916
-980 2926
-979 3056
-978 3042
-977 3075
-976 3021
-975 3063
-974 3016
-973 2995
-972 2999
-971 3047
-970 3124
-969 3219
-968 3283
-967 3403
-966 3434
-965 3404
-964 3463
-963 3465
-962 3413
-961 3524
-960 3556
-959 3440
-958 3500
-957 3582
-956 3413
-955 3521
-954 3616
-953 3577
-952 3640
-951 3634
-950 3815
-949 3849
-948 3857
-947 3875
-946 3768
-945 4088
-944 3908
-943 4019
-942 4172
-941 4058
-940 4052
-939 3972
-938 4026
-937 3953
-936 3899
-935 3851
-934 3807
-933 3876
-932 4006
-931 3897
-930 3919
-929 3890
-928 3998
-927 4022
-926 3974
-925 4076
-924 4016
-923 3923
-922 4019
-921 3969
-920 3893
-919 3957
-918 3993
-917 4082
-916 3992
-915 3992
-914 3875
-913 4017
-912 3891
-911 3932
-910 3915
-909 3988
-908 3907
-907 3932
-906 3904
-905 4027
-904 3970
-903 4100
-902 3968
-901 4003
-900 4090
-899 4071
-898 4172
-897 4106
-896 4012
-895 4217
-894 4109
-893 4086
-892 4086
-891 4033
-890 4083
-889 4068
-888 4082
-887 4173
-886 4133
-885 4151
-884 4184
-883 4179
-882 4284
-881 4130
-880 4295
-879 4116
-878 4200
-877 4198
-876 4295
-875 4329
-874 4366
-873 4316
-872 4245
-871 4371
-870 4391
-869 4433
-868 4476
-867 4468
-866 4471
-865 4491
-864 4619
-863 4459
-862 4666
-861 4637
-860 4570
-859 4677
-858 4853
-857 4849
-856 4653
-855 4648
-854 4712
-853 4640
-852 4772
-851 4636
-850 4732
-849 4843
-848 4758
-847 4697
-846 4853
-845 4804
-844 4921
-843 4920
-842 5023
-841 4837
-840 4865
-839 4917
-838 5041
-837 5039
-836 4917
-835 5003
-834 5068
-833 5075
-832 5098
-831 4964
-830 5082
-829 5013
-828 5020
-827 5118
-826 5108
-825 5018
-824 5100
-823 5339
-822 5251
-821 5483
-820 5476
-819 5610
-818 5626
-817 5415
-816 5577
-815 5619
-814 5602
-813 5618
-812 5570
-811 5596
-810 5502
-809 5574
-808 5765
-807 5668
-806 5751
-805 5782
-804 5958
-803 5767
-802 5906
-801 5703
-800 5790
-799 5694
-798 5791
-797 5941
-796 5734
-795 5779
-794 5850
-793 6145
-792 6391
-791 6555
-790 6517
-789 6466
-788 6478
-787 6523
-786 6365
-785 6233
-784 6479
-783 6539
-782 6493
-781 6497
-780 6384
-779 6636
-778 6573
-777 6530
-776 6557
-775 6606
-774 6668
-773 6594
-772 6692
-771 6638
-770 6760
-769 6871
-768 6784
-767 6675
-766 6733
-765 6593
-764 6878
-763 7100
-762 6718
-761 6751
-760 6883
-759 6848
-758 6957
-757 6850
-756 6762
-755 6817
-754 6731
-753 6841
-752 6868
-751 7075
-750 7167
-749 7147
-748 7138
-747 7101
-746 7314
-745 7313
-744 7103
-743 7146
-742 7146
-741 7176
-740 7128
-739 7244
-738 7083
-737 7087
-736 7089
-735 7066
-734 7055
-733 6912
-732 6919
-731 6828
-730 7006
-729 7028
-728 6995
-727 6948
-726 6817
-725 6709
-724 6775
-723 6694
-722 6834
-721 6721
-720 6714
-719 6775
-718 6626
-717 6607
-716 6496
-715 6641
-714 6540
-713 6633
-712 6608
-711 6570
-710 6489
-709 6606
-708 6591
-707 6652
-706 6409
-705 6477
-704 6433
-703 6478
-702 6508
-701 6434
-700 6544
-699 6420
-698 6412
-697 6491
-696 6469
-695 6415
-694 6441
-693 6279
-692 6288
-691 6543
-690 6419
-689 6606
-688 6560
-687 6686
-686 6532
-685 6712
-684 6842
-683 6647
-682 6772
-681 6661
-680 6904
-679 7148
-678 7015
-677 7101
-676 7357
-675 7139
-674 7086
-673 7152
-672 7108
-671 6975
-670 6800
-669 6856
-668 6775
-667 6814
-666 6671
-665 6697
-664 6847
-663 6676
-662 6565
-661 6706
-660 6523
-659 6468
-658 6639
-657 6608
-656 6583
-655 6755
-654 6682
-653 6467
-652 6531
-651 6506
-650 6410
-649 6430
-648 6273
-647 6258
-646 6302
-645 6151
-644 6229
-643 6206
-642 6241
-641 6138
-640 6078
-639 6192
-638 6109
-637 6156
-636 6259
-635 6075
-634 6120
-633 6099
-632 6045
-631 6046
-630 6010
-629 6064
-628 6088
-627 5891
-626 6022
-625 6001
-624 5986
-623 5964
-622 5883
-621 5936
-620 5894
-619 5866
-618 5665
-617 5725
-616 5739
-615 5731
-614 5782
-613 5618
-612 5601
-611 5659
-610 5706
-609 5642
-608 5678
-607 5486
-606 5587
-605 5511
-604 5431
-603 5473
-602 5648
-601 5575
-600 5740
-599 5647
-598 5720
-597 5398
-596 5552
-595 5368
-594 5574
-593 5633
-592 5515
-591 5378
-590 5383
-589 5413
-588 5525
-587 5549
-586 5341
-585 5437
-584 5400
-583 5311
-582 5412
-581 5349
-580 5265
-579 5269
-578 5297
-577 5250
-576 5263
-575 5421
-574 5250
-573 5166
-572 5200
-571 5147
-570 5192
-569 5213
-568 5086
-567 5131
-566 5288
-565 5123
-564 5125
-563 5171
-562 5033
-561 5339
-560 5142
-559 5192
-558 5131
-557 5129
-556 5178
-555 5121
-554 5148
-553 5021
-552 4999
-551 5080
-550 4979
-549 4969
-548 5093
-547 5054
-546 4907
-545 4979
-544 4900
-543 4878
-542 4834
-541 4973
-540 4920
-539 4999
-538 4882
-537 4769
-536 4923
-535 5023
-534 4956
-533 4897
-532 4881
-531 4917
-530 4903
-529 4813
-528 4883
-527 4788
-526 4874
-525 4961
-524 4838
-523 4855
-522 4895
-521 4668
-520 4788
-519 4674
-518 4602
-517 4748
-516 4698
-515 4713
-514 4703
-513 4809
-512 4573
-511 4658
-510 4692
-509 4627
-508 4623
-507 4598
-506 4523
-505 4471
-504 4399
-503 4560
-502 4455
-501 4431
-500 4403
-499 4522
-498 4282
-497 4395
-496 4278
-495 4341
-494 4208
-493 4182
-492 4207
-491 4230
-490 4270
-489 4145
-488 4151
-487 4142
-486 4060
-485 4225
-484 4055
-483 4131
-482 3970
-481 4114
-480 3980
-479 4011
-478 3911
-477 4025
-476 3952
-475 3806
-474 3980
-473 3927
-472 3799
-471 3806
-470 3775
-469 3890
-468 3821
-467 3781
-466 3904
-465 3826
-464 3783
-463 3766
-462 3772
-461 3720
-460 3703
-459 3696
-458 3644
-457 3680
-456 3654
-455 3641
-454 3552
-453 3706
-452 3687
-451 3599
-450 3612
-449 3571
-448 3539
-447 3700
-446 3554
-445 3535
-444 3563
-443 3462
-442 3482
-441 3462
-440 3388
-439 3415
-438 3370
-437 3444
-436 3298
-435 3308
-434 3356
-433 3192
-432 3326
-431 3261
-430 3264
-429 3304
-428 3157
-427 3186
-426 3261
-425 3153
-424 3075
-423 3191
-422 3110
-421 3158
-420 3113
-419 3000
-418 3150
-417 3148
-416 3030
-415 3082
-414 3060
-413 3102
-412 3063
-411 2992
-410 2971
-409 2965
-408 2922
-407 3032
-406 2865
-405 2887
-404 2984
-403 3003
-402 2892
-401 2914
-400 2873
-399 2942
-398 2925
-397 2847
-396 2901
-395 2851
-394 2868
-393 2981
-392 2840
-391 2949
-390 2861
-389 2879
-388 2875
-387 2755
-386 2953
-385 2850
-384 2753
-383 2812
-382 2722
-381 2806
-380 2859
-379 2724
-378 2692
-377 2724
-376 2671
-375 2693
-374 2660
-373 2721
-372 2751
-371 2778
-370 2767
-369 2683
-368 2628
-367 2660
-366 2672
-365 2618
-364 2489
-363 2745
-362 2626
-361 2618
-360 2571
-359 2561
-358 2575
-357 2689
-356 2541
-355 2514
-354 2534
-353 2571
-352 2537
-351 2554
-350 2587
-349 2573
-348 2545
-347 2481
-346 2419
-345 2468
-344 2457
-343 2469
-342 2360
-341 2500
-340 2529
-339 2428
-338 2490
-337 2412
-336 2407
-335 2379
-334 2396
-333 2362
-332 2283
-331 2286
-330 2401
-329 2246
-328 2370
-327 2276
-326 2262
-325 2291
-324 2338
-323 2273
-322 2338
-321 2249
-320 2205
-319 2240
-318 2347
-317 2119
-316 2193
-315 2189
-314 2084
-313 2223
-312 2181
-311 2185
-310 2211
-309 2134
-308 2095
-307 2132
-306 2105
-305 2086
-304 2058
-303 1981
-302 2049
-301 2096
-300 1985
-299 1988
-298 2030
-297 1983
-296 2000
-295 1968
-294 2025
-293 1954
-292 1974
-291 1950
-290 1959
-289 2054
-288 1905
-287 1981
-286 1876
-285 1862
-284 1945
-283 1917
-282 1832
-281 1950
-280 1913
-279 1887
-278 1854
-277 1946
-276 1842
-275 1879
-274 1885
-273 1795
-272 1865
-271 1793
-270 1738
-269 1777
-268 1769
-267 1822
-266 1867
-265 1744
-264 1736
-263 1783
-262 1698
-261 1826
-260 1713
-259 1710
-258 1800
-257 1729
-256 1729
-255 1691
-254 1654
-253 1774
-252 1673
-251 1706
-250 1706
-249 1705
-248 1697
-247 1729
-246 1637
-245 1612
-244 1665
-243 1626
-242 1674
-241 1611
-240 1628
-239 1552
-238 1583
-237 1555
-236 1584
-235 1532
-234 1598
-233 1564
-232 1542
-231 1550
-230 1476
-229 1561
-228 1534
-227 1470
-226 1508
-225 1503
-224 1451
-223 1463
-222 1445
-221 1367
-220 1399
-219 1477
-218 1360
-217 1374
-216 1344
-215 1376
-214 1436
-213 1371
-212 1429
-211 1346
-210 1367
-209 1353
-208 1336
-207 1335
-206 1409
-205 1383
-204 1319
-203 1328
-202 1271
-201 1370
-200 1332
-199 1318
-198 1329
-197 1283
-196 1255
-195 1231
-194 1255
-193 1317
-192 1237
-191 1246
-190 1335
-189 1318
-188 1243
-187 1244
-186 1269
-185 1182
-184 1228
-183 1254
-182 1235
-181 1280
-180 1221
-179 1225
-178 1251
-177 1189
-176 1208
-175 1146
-174 1159
-173 1117
-172 1114
-171 1099
-170 1153
-169 1184
-168 1156
-167 1162
-166 1146
-165 1117
-164 1107
-163 1176
-162 1064
-161 1078
-160 1009
-159 1062
-158 1101
-157 1066
-156 1086
-155 1026
-154 1053
-153 1077
-152 1026
-151 1085
-150 997
-149 1023
-148 1029
-147 1065
-146 997
-145 994
-144 1042
-143 936
-142 1069
-141 938
-140 962
-139 932
-138 1022
-137 972
-136 919
-135 978
-134 936
-133 986
-132 910
-131 911
-130 979
-129 974
-128 915
-127 926
-126 953
-125 936
-124 918
-123 868
-122 900
-121 912
-120 872
-119 906
-118 852
-117 800
-116 864
-115 827
-114 913
-113 861
-112 851
-111 826
-110 840
-109 817
-108 806
-107 832
-106 805
-105 825
-104 826
-103 795
-102 830
-101 825
-100 799
-99 804
-98 810
-97 822
-96 810
-95 790
-94 815
-93 773
-92 803
-91 764
-90 791
-89 781
-88 768
-87 716
-86 785
-85 690
-84 725
-83 739
-82 736
-81 733
-80 732
-79 711
-78 722
-77 728
-76 749
-75 765
-74 736
-73 709
-72 744
-71 731
-70 738
-69 689
-68 692
-67 680
-66 695
-65 659
-64 672
-63 644
-62 616
-61 678
-60 617
-59 640
-58 575
-57 615
-56 670
-55 623
-54 642
-53 588
-52 588
-51 613
-50 560
-49 539
-48 611
-47 590
-46 582
-45 544
-44 618
-43 571
-42 551
-41 576
-40 517
-39 533
-38 490
-37 534
-36 536
-35 533
-34 563
-33 553
-32 515
-31 509
-30 498
-29 513
-28 515
-27 496
-26 455
-25 527
-24 519
-23 453
-22 462
-21 500
-20 448
-19 481
-18 476
-17 500
-16 454
-15 440
-14 505
-13 479
-12 476
-11 485
-10 452
-9 442
-8 459
-7 428
-6 449
-5 456
-4 433
-3 454
-2 426
-1 430
0 419
1 455
2 423
3 441
4 441
5 415
6 384
7 413
8 438
9 422
10 445
11 394
12 372
13 410
14 410
15 388
16 343
17 359
18 385
19 363
20 317
21 354
22 350
23 353
24 379
25 346
26 356
27 353
28 322
29 338
30 341
31 316
32 291
33 307
34 330
35 319
36 290
37 326
38 314
39 320
40 289
41 302
42 361
43 298
44 320
45 321
46 277
47 276
48 261
49 287
50 324
51 282
52 276
53 281
54 260
55 297
56 285
57 301
58 271
59 300
60 266
61 243
62 242
63 274
64 262
65 246
66 278
67 263
68 249
69 242
70 253
71 269
72 256
73 263
74 246
75 272
76 220
77 217
78 252
79 218
80 233
81 215
82 225
83 238
84 238
85 206
86 245
87 222
88 229
89 213
90 239
91 196
92 197
93 236
94 199
95 184
96 216
97 196
98 219
99 216
100 214
101 184
102 216
103 200
104 188
105 207
106 218
107 202
108 196
109 189
110 213
111 226
112 184
113 210
114 188
115 194
116 168
117 206
118 174
119 189
120 210
121 160
122 188
123 189
124 160
125 154
126 154
127 173
128 186
129 177
130 198
131 170
132 179
133 162
134 169
135 174
136 161
137 150
138 150
139 169
140 151
141 153
142 178
143 190
144 145
145 163
146 140
147 155
148 157
149 131
150 150
151 132
152 141
153 148
154 146
155 141
156 144
157 141
158 136
159 147
160 148
161 128
162 125
163 152
164 139
165 135
166 137
167 140
168 134
169 125
170 141
171 138
172 122
173 102
174 124
175 129
176 144
177 140
178 126
179 139
180 108
181 134
182 133
183 113
184 137
185 108
186 106
187 116
188 111
189 136
190 117
191 120
192 99
193 114
194 122
195 91
196 119
197 104
198 108
199 102
200 103
201 99
202 116
203 110
204 96
205 102
206 92
207 118
208 94
209 94
210 120
211 105
212 101
213 102
214 103
215 103
216 108
217 86
218 96
219 103
220 92
221 107
222 104
223 90
224 97
225 87
226 106
227 91
228 97
229 76
230 91
231 84
232 79
233 102
234 70
235 75
236 86
237 97
238 85
239 74
240 74
241 82
242 87
243 80
244 100
245 78
246 86
247 69
248 84
249 87
250 78
251 75
252 88
253 79
254 68
255 70
256 77
257 80
258 66
259 88
260 67
261 78
262 87
263 70
264 62
265 75
266 79
267 71
268 77
269 63
270 71
271 80
272 58
273 71
274 79
275 83
276 58
277 66
278 64
279 67
280 72
281 64
282 69
283 52
284 59
285 69
286 57
287 57
288 56
289 59
290 63
291 79
292 63
293 68
294 58
295 61
296 73
297 53
298 71
299 71
300 69
301 61
302 89
303 68
304 82
305 93
306 85
307 83
308 85
309 81
310 89
311 82
312 93
313 89
314 73
315 101
316 89
317 80
318 72
319 93
320 86
321 106
322 67
323 84
324 75
325 92
326 84
327 71
328 83
329 87
330 73
331 72
332 81
333 61
334 81
335 88
336 86
337 96
338 76
339 88
340 82
341 90
342 83
343 95
344 74
345 82
346 100
347 97
348 96
349 90
350 88
351 75
352 80
353 82
354 91
355 77
356 81
357 85
358 76
359 93
360 83
361 103
362 84
363 71
364 75
365 90
366 85
367 74
368 78
369 79
370 94
371 74
372 90
373 88
374 75
375 84
376 79
377 92
378 90
379 88
380 88
381 76
382 71
383 66
384 75
385 94
386 93
387 90
388 85
389 83
390 101
391 111
392 88
393 116
394 104
395 103
396 98
397 88
398 87
399 97
400 87
401 104
402 79
403 100
404 111
405 88
406 111
407 96
408 95
409 104
410 108
411 97
412 81
413 103
414 96
415 106
416 93
417 102
418 100
419 95
420 93
421 98
422 125
423 117
424 108
425 99
426 104
427 109
428 109
429 110
430 111
431 96
432 124
433 111
434 126
435 107
436 108
437 122
438 112
439 95
440 108
441 107
442 123
443 101
444 104
445 109
446 101
447 113
448 104
449 110
450 89
451 129
452 97
453 106
454 90
455 102
456 108
457 122
458 105
459 98
460 106
461 111
462 107
463 112
464 102
465 108
466 126
467 98
468 100
469 102
470 113
471 120
472 118
473 93
474 101
475 115
476 96
477 91
478 105
479 86
480 85
481 102
482 95
483 101
484 113
485 104
486 92
487 106
488 105
489 101
490 88
491 101
492 92
493 79
494 97
495 96
496 109
497 94
498 96
499 108
500 80
501 99
502 87
503 116
504 105
505 79
506 96
507 96
508 100
509 100
510 79
511 87
512 104
513 98
514 80
515 87
516 93
517 84
518 87
519 98
520 89
521 87
522 77
523 94
524 100
525 78
526 91
527 103
528 103
529 97
530 90
531 82
532 83
533 91
534 94
535 89
536 79
537 106
538 97
539 81
540 88
541 81
542 80
543 92
544 75
545 79
546 88
547 75
548 78
549 84
550 84
551 88
552 97
553 104
554 91
555 73
556 66
557 86
558 91
559 80
560 84
561 95
562 84
563 91
564 76
565 104
566 72
567 78
568 89
569 86
570 75
571 85
572 77
573 84
574 93
575 89
576 78
577 86
578 69
579 97
580 86
581 79
582 78
583 60
584 80
585 75
586 86
587 79
588 85
589 74
590 86
591 85
592 81
593 76
594 93
595 78
596 67
597 77
598 71
599 86
600 84
601 76
602 74
603 57
604 66
605 79
606 89
607 75
608 85
609 59
610 74
611 71
612 81
613 36
614 66
615 63
616 83
617 69
618 75
619 74
620 66
621 66
622 58
623 68
624 80
625 62
626 71
627 73
628 74
629 76
630 73
631 57
632 68
633 71
634 65
635 75
636 76
637 70
638 80
639 62
640 69
641 77
642 84
643 63
644 64
645 73
646 66
647 63
648 80
649 59
650 66
651 59
652 71
653 85
654 56
655 64
656 55
657 66
658 64
659 65
660 50
661 66
662 63
663 63
664 62
665 66
666 52
667 62
668 63
669 58
670 69
671 69
672 51
673 62
674 47
675 66
676 53
677 61
678 55
679 61
680 59
681 70
682 43
683 54
684 61
685 51
686 55
687 45
688 64
689 60
690 63
691 65
692 51
693 56
694 61
695 42
696 53
697 51
698 49
699 68
700 49
701 60
702 50
703 58
704 46
705 56
706 48
707 49
708 47
709 50
710 45
711 61
712 47
713 40
714 47
715 50
716 62
717 45
718 40
719 52
720 57
721 32
722 49
723 40
724 46
725 45
726 41
727 46
728 47
729 55
730 34
731 46
732 54
733 44
734 33
735 43
736 51
737 42
738 53
739 51
740 50
741 38
742 47
743 37
744 48
745 40
746 49
747 34
748 45
749 38
750 43
751 37
752 47
753 50
754 44
755 43
756 48
757 44
758 34
759 41
760 44
761 43
762 45
763 47
764 42
765 47
766 43
767 42
768 44
769 31
770 41
771 38
772 40
773 33
774 29
775 41
776 46
777 35
778 39
779 44
780 41
781 24
782 28
783 40
784 42
785 37
786 34
787 22
788 38
789 30
790 33
791 26
792 34
793 28
794 27
795 32
796 32
797 39
798 28
799 28
800 29
801 29
802 38
803 26
804 32
805 38
806 39
807 39
808 22
809 32
810 34
811 42
812 29
813 28
814 31
815 22
816 27
817 26
818 30
819 26
820 21
821 33
822 29
823 20
824 32
825 23
826 31
827 24
828 30
829 30
830 31
831 25
832 26
833 13
834 20
835 25
836 28
837 28
838 19
839 30
840 20
841 27
842 22
843 25
844 26
845 22
846 18
847 20
848 28
849 28
850 31
851 19
852 25
853 27
854 20
855 18
856 29
857 24
858 24
859 21
860 27
861 28
862 22
863 32
864 34
865 29
866 18
867 22
868 21
869 21
870 18
871 10
872 25
873 23
874 19
875 15
876 22
877 22
878 21
879 24
880 21
881 25
882 22
883 19
884 14
885 15
886 16
887 25
888 12
889 21
890 25
891 20
892 19
893 22
894 21
895 12
896 16
897 19
898 14
899 19
900 21
901 17
902 12
903 15
904 14
905 19
906 15
907 16
908 18
909 15
910 18
911 19
912 17
913 13
914 18
915 13
916 11
917 11
918 11
919 12
920 16
921 11
922 16
923 16
924 11
925 17
926 16
927 13
928 13
929 9
930 7
931 10
932 15
933 15
934 12
935 9
936 6
937 17
938 15
939 12
940 9
941 14
942 13
943 15
944 19
945 16
946 12
947 12
948 7
949 13
950 14
951 16
952 17
953 4
954 9
955 8
956 9
957 13
958 16
959 11
960 8
961 7
962 10
963 16
964 18
965 8
966 9
967 9
968 11
969 12
970 13
971 6
972 12
973 13
974 5
975 8
976 16
977 11
978 7
979 8
980 8
981 10
982 10
983 11
984 5
985 13
986 9
987 6
988 13
989 8
990 7
991 5
992 3
993 7
994 6
995 7
996 6
997 7
998 8
999 10
1000 10
1001 9
1002 8
1003 11
1004 6
1005 9
1006 5
1007 5
1008 2
1009 6
1010 12
1011 6
1012 10
1013 7
1014 8
1015 4
1016 4
1017 8
1018 6
1019 9
1020 2
1021 5
1022 5
1023 4
1024 5
1025 9
1026 6
1027 3
1028 3
1029 5
1030 7
1031 2
1032 6
1033 6
1034 7
1035 4
1036 3
1037 3
1038 5
1039 9
1040 4
1041 6
1042 3
1043 3
1044 6
1045 5
1046 3
1047 7
1048 3
1049 6
1050 5
1051 2
1052 5
1053 4
1054 8
1055 4
1056 5
1057 3
1058 4
1059 8
1060 3
1061 6
1062 3
1063 6
1064 5
1065 4
1066 5
1067 3
1068 4
1069 6
1070 3
1071 3
1072 5
1073 8
1074 2
1075 3
1076 4
1077 3
1078 4
1079 3
1080 1
1081 1
1082 3
1083 4
1084 4
1085 2
1086 1
1087 2
1088 2
1089 5
1090 1
1091 5
1092 1
1093 4
1094 2
1095 2
1096 3
1097 3
1098 5
1099 3
1100 4
1101 2
1102 2
1103 6
1104 1
1105 2
1106 5
1107 2
1108 2
1109 2
1111 2
1112 4
1113 4
1114 1
1115 1
1116 2
1117 3
1118 2
1119 1
1120 2
1121 5
1122 1
1123 1
1124 3
1125 3
1127 1
1128 2
1129 1
1130 1
1131 1
1132 2
1133 5
1135 5
1136 1
1137 4
1139 1
1140 4
1142 3
1143 2
1145 1
1146 3
1147 3
1148 1
1149 3
1150 1
1153 1
1154 3
1155 1
1156 1
1157 3
1158 1
1160 3
1161 2
1162 1
1163 2
1164 2
1166 1
1167 1
1168 2
1169 1
1171 2
1172 3
1174 2
1177 3
1178 1
1179 1
1180 2
1182 2
1183 3
1184 1
1185 2
1186 2
1188 3
1189 2
1190 3
1191 4
1195 3
1196 2
1199 1
1200 2
1201 1
1202 1
1203 1
1204 3
1206 1
1207 1
1209 1
1211 2
1213 1
1215 3
1216 2
1217 2
1220 1
1222 1
1223 3
1225 2
1227 2
1228 2
1229 1
1230 2
1234 1
1236 1
1237 2
1238 1
1239 1
1240 1
1241 2
1243 1
1244 1
1245 1
1251 1
1254 1
1255 2
1257 1
1259 1
1261 1
1263 1
1265 4
1266 1
1267 1
1268 1
1269 1
1274 1
1279 2
1280 2
1283 1
1284 4
1285 1
1286 2
1289 3
1290 1
1297 1
1298 2
1300 1
1302 1
1310 1
1314 1
1316 1
1321 1
1326 1
1327 1
1331 1
1384 1
1385 1
1386 1
1388 1
1403 1
1423 1
1434 1
1442 1
1483 1
