-332 1
-331 2
-330 4
-329 12
-328 20
-327 29
-326 47
-325 46
-324 50
-323 56
-322 58
-321 59
-320 54
-319 30
-318 37
-317 52
-316 46
-315 46
-314 54
-313 52
-312 49
-311 60
-310 47
-309 65
-308 49
-307 49
-306 57
-305 52
-304 58
-303 60
-302 86
-301 100
-300 93
-299 83
-298 95
-297 119
-296 115
-295 103
-294 100
-293 110
-292 126
-291 148
-290 165
-289 166
-288 176
-287 176
-286 179
-285 184
-284 167
-283 229
-282 232
-281 235
-280 257
-279 294
-278 284
-277 275
-276 280
-275 329
-274 344
-273 307
-272 348
-271 345
-270 337
-269 342
-268 399
-267 396
-266 392
-265 403
-264 422
-263 420
-262 484
-261 443
-260 450
-259 540
-258 488
-257 464
-256 479
-255 515
-254 501
-253 497
-252 524
-251 524
-250 511
-249 562
-248 517
-247 517
-246 527
-245 509
-244 533
-243 550
-242 538
-241 525
-240 549
-239 546
-238 534
-237 542
-236 544
-235 575
-234 590
-233 542
-232 584
-231 558
-230 617
-229 546
-228 553
-227 609
-226 527
-225 565
-224 608
-223 558
-222 568
-221 601
-220 622
-219 618
-218 599
-217 610
-216 622
-215 657
-214 636
-213 635
-212 651
-211 578
-210 586
-209 642
-208 697
-207 667
-206 616
-205 697
-204 666
-203 711
-202 758
-201 780
-200 720
-199 834
-198 845
-197 831
-196 838
-195 849
-194 938
-193 866
-192 869
-191 954
-190 1003
-189 969
-188 960
-187 1014
-186 1030
-185 1090
-184 1049
-183 1082
-182 1067
-181 1081
-180 1068
-179 1123
-178 1222
-177 1149
-176 1200
-175 1219
-174 1242
-173 1206
-172 1245
-171 1298
-170 1265
-169 1264
-168 1308
-167 1358
-166 1359
-165 1316
-164 1363
-163 1361
-162 1420
-161 1395
-160 1399
-159 1385
-158 1502
-157 1405
-156 1440
-155 1407
-154 1452
-153 1479
-152 1497
-151 1543
-150 1605
-149 1500
-148 1627
-147 1624
-146 1589
-145 1777
-144 1803
-143 1716
-142 1756
-141 1711
-140 1779
-139 1808
-138 1793
-137 1789
-136 1842
-135 1820
-134 1820
-133 1786
-132 1812
-131 1917
-130 1776
-129 1858
-128 1887
-127 1911
-126 1791
-125 1917
-124 1926
-123 1879
-122 1997
-121 1939
-120 1987
-119 2013
-118 1898
-117 1951
-116 1961
-115 2047
-114 1967
-113 1993
-112 2049
-111 2057
-110 2037
-109 2095
-108 2092
-107 2025
-106 2070
-105 2121
-104 2123
-103 2124
-102 2201
-101 2127
-100 2088
-99 2178
-98 2146
-97 2205
-96 2117
-95 2113
-94 2201
-93 2204
-92 2174
-91 2134
-90 2294
-89 2233
-88 2304
-87 2321
-86 2395
-85 2428
-84 2346
-83 2395
-82 2488
-81 2421
-80 2499
-79 2589
-78 2596
-77 2545
-76 2520
-75 2589
-74 2578
-73 2668
-72 2635
-71 2667
-70 2716
-69 2699
-68 2701
-67 2780
-66 2808
-65 2698
-64 2867
-63 2824
-62 2771
-61 2753
-60 2715
-59 2717
-58 2877
-57 2805
-56 2714
-55 2817
-54 2836
-53 2854
-52 2796
-51 2849
-50 2785
-49 2863
-48 2853
-47 2925
-46 2934
-45 2780
-44 2991
-43 3097
-42 3100
-41 3188
-40 3179
-39 3239
-38 3391
-37 3380
-36 3434
-35 3406
-34 3489
-33 3484
-32 3458
-31 3411
-30 3439
-29 3503
-28 3489
-27 3484
-26 3533
-25 3599
-24 3643
-23 3629
-22 3554
-21 3596
-20 3608
-19 3800
-18 3565
-17 3603
-16 3639
-15 3649
-14 3847
-13 3838
-12 3797
-11 3881
-10 3891
-9 3832
-8 3905
-7 3990
-6 3996
-5 4024
-4 3946
-3 3953
-2 3977
-1 3962
0 4107
1 3980
2 3909
3 4046
4 3950
5 4085
6 4164
7 3993
8 4219
9 4025
10 4102
11 4124
12 4206
13 4215
14 4178
15 4158
16 4143
17 4349
18 4155
19 4205
20 4255
21 4135
22 4351
23 4281
24 4337
25 4371
26 4388
27 4437
28 4423
29 4350
30 4389
31 4485
32 4408
33 4365
34 4556
35 4545
36 4542
37 4564
38 4499
39 4496
40 4450
41 4627
42 4514
43 4591
44 4819
45 4643
46 4833
47 4755
48 4573
49 4804
50 4715
51 4813
52 4762
53 4815
54 4769
55 4842
56 4767
57 4806
58 4845
59 4759
60 4918
61 4877
62 4980
63 4956
64 4954
65 4891
66 5001
67 4919
68 4867
69 5011
70 4870
71 5072
72 4942
73 4944
74 4920
75 4852
76 5015
77 4895
78 4964
79 4948
80 4920
81 4999
82 4877
83 4885
84 5021
85 4976
86 4877
87 4869
88 5034
89 4856
90 4976
91 5094
92 4996
93 4932
94 4992
95 4942
96 5117
97 4988
98 5067
99 5167
100 5135
101 5265
102 5280
103 5195
104 5121
105 5023
106 5220
107 5220
108 5363
109 5257
110 5202
111 5266
112 5300
113 5140
114 5135
115 5393
116 5334
117 5188
118 5222
119 5310
120 5328
121 5414
122 5288
123 5302
124 5442
125 5371
126 5392
127 5443
128 5427
129 5593
130 5456
131 5488
132 5362
133 5531
134 5302
135 5525
136 5527
137 5630
138 5644
139 5721
140 5732
141 5786
142 5785
143 6033
144 5774
145 5906
146 5881
147 6013
148 6087
149 6037
150 6249
151 6225
152 6220
153 6093
154 6148
155 6098
156 6131
157 6114
158 6058
159 6193
160 6061
161 6348
162 6180
163 6192
164 6160
165 6184
166 6328
167 6205
168 6334
169 6389
170 6404
171 6419
172 6384
173 6410
174 6497
175 6419
176 6605
177 6424
178 6594
179 6530
180 6656
181 6456
182 6559
183 6681
184 6596
185 6774
186 6759
187 6760
188 6671
189 6705
190 6637
191 6722
192 6622
193 6558
194 6807
195 6635
196 6688
197 6541
198 6644
199 6616
200 6589
201 6489
202 6678
203 6571
204 6806
205 6632
206 6677
207 6770
208 6863
209 6639
210 6680
211 6587
212 6648
213 6511
214 6529
215 6706
216 6415
217 6533
218 6561
219 6436
220 6661
221 6588
222 6458
223 6397
224 6461
225 6533
226 6301
227 6490
228 6645
229 6552
230 6551
231 6648
232 6579
233 6664
234 6541
235 6661
236 6541
237 6564
238 6439
239 6437
240 6416
241 6463
242 6390
243 6439
244 6412
245 6355
246 6650
247 6455
248 6614
249 6687
250 6641
251 6756
252 6723
253 6582
254 6609
255 6657
256 6565
257 6744
258 6748
259 6542
260 6708
261 6485
262 6773
263 6799
264 6672
265 6859
266 6726
267 6689
268 6610
269 6621
270 6626
271 6509
272 6663
273 6667
274 6718
275 6612
276 6597
277 6484
278 6417
279 6557
280 6371
281 6336
282 6393
283 6370
284 6356
285 6434
286 6410
287 6499
288 6416
289 6370
290 6284
291 6437
292 6479
293 6382
294 6470
295 6375
296 6398
297 6316
298 6338
299 6320
300 6384
301 6284
302 6139
303 6300
304 6279
305 6383
306 6260
307 6180
308 6046
309 6085
310 6131
311 6176
312 6167
313 6040
314 5994
315 6075
316 5910
317 5902
318 5941
319 6095
320 6093
321 5832
322 6040
323 6064
324 5896
325 5989
326 6207
327 5967
328 6001
329 6204
330 5943
331 5929
332 5950
333 5992
334 5800
335 5934
336 5878
337 5954
338 6014
339 6011
340 5843
341 5982
342 5760
343 5904
344 5810
345 5870
346 5867
347 5709
348 5831
349 5804
350 6099
351 5819
352 5902
353 5937
354 5873
355 5882
356 5971
357 5864
358 5898
359 5800
360 5921
361 5876
362 5724
363 5930
364 5854
365 5732
366 5744
367 5654
368 5598
369 5647
370 5631
371 5503
372 5548
373 5605
374 5402
375 5568
376 5473
377 5408
378 5431
379 5373
380 5359
381 5271
382 5408
383 5457
384 5433
385 5231
386 5467
387 5374
388 5128
389 5436
390 5230
391 5184
392 5407
393 5213
394 5302
395 5275
396 5285
397 5123
398 5152
399 5169
400 5078
401 5237
402 5120
403 5163
404 5042
405 4792
406 5040
407 5036
408 4941
409 4914
410 4941
411 4936
412 4919
413 4873
414 4945
415 4940
416 4937
417 4879
418 4872
419 4759
420 4861
421 4873
422 4794
423 4851
424 4750
425 4609
426 4587
427 4706
428 4601
429 4666
430 4743
431 4624
432 4591
433 4697
434 4613
435 4650
436 4542
437 4599
438 4620
439 4610
440 4583
441 4536
442 4434
443 4406
444 4445
445 4457
446 4327
447 4351
448 4472
449 4425
450 4271
451 4307
452 4201
453 4245
454 4251
455 4140
456 4183
457 4235
458 4173
459 4215
460 4112
461 4056
462 4175
463 4144
464 4120
465 4197
466 4137
467 4150
468 4032
469 4322
470 4113
471 4051
472 4026
473 4005
474 4069
475 3955
476 4024
477 3958
478 3939
479 4013
480 3943
481 3952
482 3863
483 3906
484 3864
485 3920
486 3903
487 3812
488 3806
489 3890
490 3842
491 3783
492 3783
493 3866
494 3750
495 3631
496 3728
497 3640
498 3691
499 3786
500 3677
501 3594
502 3583
503 3696
504 3596
505 3634
506 3612
507 3613
508 3604
509 3456
510 3478
511 3557
512 3573
513 3487
514 3525
515 3493
516 3516
517 3486
518 3447
519 3344
520 3423
521 3320
522 3381
523 3304
524 3281
525 3255
526 3313
527 3201
528 3260
529 3273
530 3233
531 3235
532 3109
533 3164
534 3097
535 3090
536 3111
537 3049
538 3106
539 3109
540 3066
541 3035
542 2939
543 2922
544 2872
545 2958
546 2938
547 2984
548 3004
549 2894
550 2876
551 2941
552 2868
553 2907
554 2832
555 2887
556 2881
557 2692
558 2817
559 2836
560 2744
561 2766
562 2727
563 2833
564 2808
565 2795
566 2720
567 2736
568 2699
569 2798
570 2714
571 2681
572 2682
573 2618
574 2658
575 2632
576 2655
577 2663
578 2681
579 2648
580 2642
581 2647
582 2614
583 2758
584 2592
585 2574
586 2613
587 2590
588 2483
589 2575
590 2584
591 2573
592 2570
593 2511
594 2554
595 2493
596 2474
597 2502
598 2395
599 2366
600 2398
601 2350
602 2268
603 2387
604 2329
605 2409
606 2371
607 2387
608 2234
609 2305
610 2304
611 2340
612 2244
613 2226
614 2294
615 2244
616 2264
617 2194
618 2199
619 2187
620 2238
621 2141
622 2279
623 2265
624 2149
625 2222
626 2137
627 2264
628 2159
629 2095
630 2166
631 2119
632 2134
633 2103
634 2120
635 2104
636 2123
637 2056
638 2020
639 2089
640 2096
641 2058
642 1997
643 2026
644 1901
645 1891
646 1954
647 1926
648 1979
649 1947
650 1908
651 1933
652 1927
653 1807
654 1872
655 1836
656 1814
657 1912
658 1887
659 1799
660 1786
661 1736
662 1834
663 1838
664 1785
665 1772
666 1776
667 1709
668 1747
669 1781
670 1678
671 1694
672 1693
673 1669
674 1565
675 1741
676 1662
677 1689
678 1703
679 1681
680 1649
681 1598
682 1627
683 1580
684 1699
685 1552
686 1648
687 1550
688 1593
689 1542
690 1534
691 1476
692 1575
693 1483
694 1599
695 1427
696 1500
697 1461
698 1408
699 1458
700 1424
701 1569
702 1477
703 1481
704 1453
705 1399
706 1385
707 1379
708 1390
709 1398
710 1381
711 1320
712 1347
713 1346
714 1331
715 1328
716 1354
717 1341
718 1328
719 1261
720 1276
721 1282
722 1282
723 1244
724 1257
725 1310
726 1272
727 1272
728 1256
729 1239
730 1303
731 1175
732 1300
733 1243
734 1225
735 1167
736 1245
737 1152
738 1178
739 1179
740 1095
741 1111
742 1176
743 1186
744 1161
745 1126
746 1174
747 1127
748 1141
749 1175
750 1116
751 1101
752 1058
753 1039
754 1092
755 1082
756 1113
757 1033
758 1043
759 1134
760 1029
761 1091
762 1113
763 972
764 1063
765 1039
766 1009
767 996
768 1008
769 1031
770 982
771 1035
772 1010
773 979
774 980
775 971
776 933
777 967
778 883
779 949
780 934
781 940
782 940
783 928
784 934
785 884
786 889
787 914
788 906
789 893
790 819
791 897
792 875
793 913
794 855
795 882
796 890
797 860
798 825
799 839
800 881
801 795
802 813
803 780
804 864
805 846
806 863
807 746
808 812
809 784
810 813
811 785
812 753
813 746
814 816
815 809
816 760
817 769
818 753
819 777
820 771
821 792
822 745
823 792
824 779
825 752
826 772
827 760
828 737
829 718
830 768
831 729
832 753
833 748
834 709
835 701
836 674
837 749
838 676
839 713
840 679
841 717
842 713
843 681
844 654
845 653
846 671
847 653
848 672
849 613
850 658
851 642
852 675
853 615
854 666
855 640
856 631
857 620
858 653
859 623
860 596
861 569
862 604
863 640
864 644
865 608
866 617
867 633
868 607
869 582
870 556
871 570
872 611
873 553
874 586
875 571
876 567
877 583
878 544
879 559
880 527
881 576
882 588
883 542
884 547
885 559
886 542
887 569
888 488
889 465
890 533
891 543
892 527
893 554
894 537
895 517
896 518
897 490
898 534
899 527
900 522
901 515
902 458
903 465
904 460
905 497
906 486
907 464
908 460
909 480
910 474
911 430
912 511
913 466
914 475
915 494
916 489
917 477
918 454
919 411
920 458
921 438
922 458
923 409
924 431
925 428
926 416
927 434
928 463
929 428
930 432
931 434
932 407
933 448
934 397
935 453
936 393
937 441
938 366
939 396
940 410
941 396
942 376
943 383
944 413
945 415
946 379
947 373
948 395
949 357
950 388
951 426
952 355
953 371
954 401
955 381
956 347
957 369
958 367
959 353
960 362
961 375
962 384
963 348
964 354
965 345
966 346
967 348
968 384
969 406
970 339
971 330
972 315
973 336
974 313
975 325
976 307
977 323
978 283
979 350
980 315
981 317
982 309
983 326
984 320
985 311
986 308
987 326
988 299
989 300
990 306
991 309
992 285
993 270
994 288
995 311
996 291
997 281
998 268
999 273
1000 285
1001 304
1002 291
1003 236
1004 253
1005 290
1006 300
1007 258
1008 268
1009 247
1010 286
1011 249
1012 259
1013 247
1014 246
1015 232
1016 258
1017 267
1018 270
1019 233
1020 246
1021 228
1022 247
1023 246
1024 247
1025 240
1026 240
1027 246
1028 222
1029 239
1030 267
1031 243
1032 224
1033 257
1034 248
1035 231
1036 254
1037 203
1038 232
1039 210
1040 207
1041 205
1042 217
1043 193
1044 212
1045 244
1046 230
1047 202
1048 203
1049 197
1050 190
1051 198
1052 190
1053 187
1054 202
1055 197
1056 204
1057 187
1058 210
1059 174
1060 182
1061 196
1062 193
1063 185
1064 184
1065 190
1066 160
1067 189
1068 172
1069 155
1070 165
1071 181
1072 172
1073 179
1074 183
1075 160
1076 179
1077 175
1078 167
1079 162
1080 163
1081 177
1082 150
1083 180
1084 158
1085 153
1086 174
1087 168
1088 145
1089 144
1090 183
1091 168
1092 164
1093 148
1094 167
1095 147
1096 144
1097 141
1098 141
1099 129
1100 160
1101 130
1102 145
1103 157
1104 135
1105 144
1106 131
1107 134
1108 117
1109 136
1110 126
1111 118
1112 140
1113 140
1114 127
1115 138
1116 126
1117 142
1118 140
1119 129
1120 116
1121 133
1122 138
1123 130
1124 110
1125 137
1126 127
1127 117
1128 122
1129 130
1130 126
1131 96
1132 119
1133 133
1134 117
1135 126
1136 104
1137 122
1138 112
1139 112
1140 112
1141 117
1142 88
1143 95
1144 114
1145 121
1146 107
1147 94
1148 109
1149 106
1150 115
1151 103
1152 89
1153 81
1154 104
1155 112
1156 95
1157 92
1158 95
1159 112
1160 105
1161 92
1162 106
1163 100
1164 102
1165 94
1166 77
1167 100
1168 118
1169 69
1170 109
1171 98
1172 87
1173 70
1174 68
1175 103
1176 87
1177 83
1178 65
1179 76
1180 102
1181 76
1182 93
1183 79
1184 96
1185 92
1186 85
1187 87
1188 89
1189 84
1190 79
1191 98
1192 87
1193 81
1194 82
1195 76
1196 75
1197 74
1198 68
1199 75
1200 72
1201 60
1202 66
1203 95
1204 73
1205 65
1206 84
1207 89
1208 78
1209 76
1210 82
1211 78
1212 59
1213 77
1214 91
1215 60
1216 78
1217 68
1218 71
1219 78
1220 64
1221 58
1222 65
1223 66
1224 64
1225 67
1226 56
1227 67
1228 72
1229 61
1230 67
1231 69
1232 61
1233 69
1234 67
1235 59
1236 76
1237 71
1238 53
1239 70
1240 65
1241 64
1242 50
1243 48
1244 73
1245 54
1246 59
1247 64
1248 60
1249 43
1250 57
1251 69
1252 57
1253 56
1254 58
1255 63
1256 62
1257 60
1258 59
1259 52
1260 49
1261 56
1262 50
1263 59
1264 58
1265 48
1266 47
1267 66
1268 66
1269 46
1270 50
1271 43
1272 46
1273 51
1274 56
1275 58
1276 43
1277 59
1278 52
1279 51
1280 38
1281 58
1282 58
1283 41
1284 50
1285 49
1286 56
1287 46
1288 46
1289 51
1290 51
1291 38
1292 52
1293 60
1294 28
1295 39
1296 50
1297 49
1298 37
1299 30
1300 49
1301 51
1302 51
1303 40
1304 51
1305 39
1306 47
1307 47
1308 34
1309 50
1310 43
1311 35
1312 34
1313 32
1314 39
1315 42
1316 41
1317 45
1318 37
1319 36
1320 53
1321 45
1322 45
1323 47
1324 47
1325 47
1326 39
1327 32
1328 48
1329 43
1330 41
1331 39
1332 34
1333 34
1334 29
1335 51
1336 41
1337 38
1338 39
1339 53
1340 44
1341 45
1342 45
1343 45
1344 35
1345 42
1346 38
1347 50
1348 40
1349 35
1350 29
1351 33
1352 37
1353 42
1354 39
1355 29
1356 46
1357 36
1358 40
1359 46
1360 39
1361 38
1362 26
1363 47
1364 26
1365 42
1366 42
1367 43
1368 36
1369 36
1370 48
1371 36
1372 37
1373 39
1374 36
1375 35
1376 46
1377 35
1378 38
1379 39
1380 36
1381 36
1382 27
1383 35
1384 36
1385 38
1386 40
1387 32
1388 37
1389 42
1390 35
1391 35
1392 41
1393 33
1394 40
1395 51
1396 40
1397 28
1398 36
1399 36
1400 29
1401 53
1402 33
1403 41
1404 44
1405 44
1406 39
1407 47
1408 44
1409 33
1410 40
1411 32
1412 42
1413 39
1414 30
1415 36
1416 35
1417 52
1418 38
1419 32
1420 40
1421 35
1422 53
1423 41
1424 56
1425 33
1426 38
1427 56
1428 34
1429 37
1430 39
1431 37
1432 46
1433 43
1434 30
1435 52
1436 41
1437 33
1438 41
1439 46
1440 41
1441 49
1442 33
1443 42
1444 49
1445 49
1446 48
1447 44
1448 53
1449 45
1450 45
1451 43
1452 49
1453 48
1454 38
1455 39
1456 40
1457 51
1458 37
1459 41
1460 26
1461 51
1462 37
1463 36
1464 40
1465 47
1466 40
1467 46
1468 41
1469 43
1470 48
1471 46
1472 43
1473 51
1474 36
1475 42
1476 52
1477 38
1478 45
1479 56
1480 48
1481 42
1482 36
1483 41
1484 40
1485 50
1486 34
1487 52
1488 40
1489 45
1490 50
1491 42
1492 38
1493 41
1494 40
1495 41
1496 41
1497 24
1498 39
1499 42
1500 27
1501 45
1502 45
1503 46
1504 39
1505 56
1506 37
1507 49
1508 51
1509 44
1510 53
1511 53
1512 46
1513 52
1514 63
1515 48
1516 59
1517 60
1518 59
1519 54
1520 46
1521 52
1522 61
1523 45
1524 54
1525 48
1526 46
1527 38
1528 52
1529 58
1530 70
1531 38
1532 58
1533 57
1534 57
1535 43
1536 50
1537 57
1538 62
1539 59
1540 57
1541 45
1542 64
1543 50
1544 59
1545 56
1546 62
1547 49
1548 60
1549 60
1550 76
1551 56
1552 67
1553 54
1554 54
1555 70
1556 59
1557 45
1558 54
1559 50
1560 67
1561 52
1562 56
1563 57
1564 56
1565 52
1566 50
1567 53
1568 52
1569 55
1570 70
1571 60
1572 66
1573 51
1574 66
1575 47
1576 53
1577 60
1578 61
1579 57
1580 48
1581 50
1582 74
1583 61
1584 48
1585 54
1586 52
1587 55
1588 51
1589 50
1590 57
1591 55
1592 54
1593 52
1594 53
1595 47
1596 53
1597 58
1598 61
1599 54
1600 49
1601 48
1602 46
1603 59
1604 57
1605 53
1606 53
1607 55
1608 49
1609 57
1610 47
1611 52
1612 50
1613 44
1614 52
1615 46
1616 51
1617 57
1618 49
1619 41
1620 42
1621 52
1622 44
1623 51
1624 53
1625 58
1626 59
1627 60
1628 66
1629 36
1630 49
1631 38
1632 64
1633 55
1634 48
1635 52
1636 41
1637 53
1638 43
1639 59
1640 37
1641 34
1642 61
1643 39
1644 48
1645 53
1646 40
1647 42
1648 50
1649 56
1650 34
1651 61
1652 46
1653 42
1654 40
1655 44
1656 40
1657 41
1658 45
1659 65
1660 43
1661 46
1662 47
1663 34
1664 43
1665 40
1666 46
1667 37
1668 40
1669 44
1670 40
1671 46
1672 48
1673 39
1674 38
1675 36
1676 34
1677 31
1678 41
1679 50
1680 35
1681 47
1682 45
1683 44
1684 42
1685 28
1686 36
1687 32
1688 26
1689 42
1690 38
1691 41
1692 28
1693 39
1694 38
1695 40
1696 35
1697 33
1698 40
1699 36
1700 38
1701 38
1702 27
1703 39
1704 30
1705 40
1706 30
1707 37
1708 28
1709 39
1710 36
1711 28
1712 36
1713 24
1714 32
1715 30
1716 33
1717 38
1718 37
1719 27
1720 29
1721 34
1722 36
1723 36
1724 22
1725 25
1726 23
1727 35
1728 28
1729 22
1730 30
1731 34
1732 27
1733 31
1734 23
1735 31
1736 37
1737 35
1738 28
1739 29
1740 31
1741 24
1742 29
1743 15
1744 28
1745 27
1746 24
1747 28
1748 22
1749 27
1750 23
1751 21
1752 28
1753 21
1754 24
1755 20
1756 30
1757 35
1758 25
1759 19
1760 17
1761 36
1762 18
1763 27
1764 25
1765 15
1766 27
1767 27
1768 21
1769 22
1770 24
1771 25
1772 17
1773 27
1774 23
1775 24
1776 17
1777 27
1778 23
1779 19
1780 18
1781 17
1782 17
1783 20
1784 18
1785 26
1786 17
1787 8
1788 24
1789 19
1790 23
1791 27
1792 19
1793 18
1794 19
1795 17
1796 13
1797 12
1798 20
1799 13
1800 14
1801 15
1802 11
1803 16
1804 11
1805 18
1806 9
1807 7
1808 21
1809 9
1810 15
1811 21
1812 16
1813 17
1814 17
1815 8
1816 13
1817 14
1818 16
1819 21
1820 14
1821 18
1822 18
1823 17
1824 14
1825 19
1826 8
1827 13
1828 14
1829 19
1830 9
1831 15
1832 13
1833 12
1834 10
1835 14
1836 10
1837 14
1838 12
1839 9
1840 11
1841 15
1842 13
1843 10
1844 14
1845 13
1846 11
1847 10
1848 7
1849 12
1850 5
1851 14
1852 6
1853 10
1854 15
1855 11
1856 8
1857 12
1858 7
1859 6
1860 11
1861 10
1862 8
1863 10
1864 11
1865 4
1866 10
1867 5
1868 8
1869 11
1870 12
1871 7
1872 5
1873 11
1874 8
1875 5
1876 7
1877 12
1878 9
1879 9
1880 5
1881 11
1882 10
1883 5
1884 9
1885 13
1886 6
1887 11
1888 8
1889 13
1890 10
1891 11
1892 9
1893 3
1894 6
1895 3
1896 9
1897 9
1898 3
1899 7
1900 6
1901 5
1902 11
1903 4
1904 9
1905 8
1906 4
1907 2
1908 7
1909 12
1910 7
1911 6
1912 7
1913 2
1914 8
1915 1
1916 3
1917 8
1918 5
1919 2
1920 6
1921 5
1922 7
1923 7
1924 4
1925 5
1926 7
1927 7
1928 9
1929 7
1930 5
1932 7
1933 6
1934 5
1935 7
1936 10
1937 3
1938 4
1939 4
1940 4
1941 5
1942 9
1943 4
1944 4
1945 3
1946 5
1947 4
1948 1
1949 2
1950 4
1951 3
1952 4
1953 5
1954 5
1955 6
1956 1
1957 8
1958 2
1959 2
1960 11
1961 5
1962 2
1963 6
1964 3
1965 6
1966 4
1967 4
1968 7
1969 4
1970 3
1971 5
1972 3
1973 4
1974 6
1975 1
1976 5
1977 2
1978 4
1979 1
1980 1
1981 3
1982 4
1983 4
1984 3
1985 4
1986 4
1987 3
1988 3
1989 2
1990 3
1991 3
1992 1
1993 2
1994 4
1995 4
1996 2
1997 5
1998 2
1999 2
2000 3
2002 2
2003 2
2004 5
2005 1
2006 2
2007 1
2008 1
2009 2
2010 3
2012 1
2013 2
2014 2
2015 3
2016 3
2017 4
2018 3
2019 1
2020 1
2021 4
2022 2
2023 2
2024 2
2027 1
2028 2
2029 1
2030 5
2031 2
2032 2
2033 1
2034 1
2035 2
2036 3
2037 2
2038 1
2039 1
2040 4
2041 1
2042 1
2043 1
2045 3
2047 1
2049 1
2050 1
2051 2
2052 4
2053 1
2054 1
2056 1
2057 1
2058 1
2059 1
2062 2
2063 2
2064 1
2066 1
2068 1
2069 2
2070 2
2071 2
2075 2
2076 1
2077 1
2079 3
2083 2
2087 1
2088 1
2090 2
2091 2
2092 1
2094 2
2096 2
2098 1
2103 1
2105 2
2107 1
2109 2
2111 2
2113 3
2115 1
2116 2
2117 3
2121 1
2124 2
2126 1
2131 2
2132 1
2135 3
2139 1
2141 2
2143 1
2144 1
2145 2
2146 1
2147 1
2151 1
2152 1
2156 1
2159 1
2162 1
2178 1
2182 1
2183 1
2184 1
2200 1
2214 1
2219 1
2223 1
2225 1
2227 1
2228 1
2235 1
2236 1
2242 1
2246 1
2247 1
2249 1
2251 1
2268 1
2277 1
2314 1
