-963 3
-962 2
-961 4
-960 10
-959 12
-958 19
-957 20
-956 26
-955 39
-954 44
-953 53
-952 54
-951 42
-950 61
-949 59
-948 79
-947 73
-946 53
-945 71
-944 88
-943 81
-942 81
-941 86
-940 82
-939 77
-938 74
-937 83
-936 76
-935 86
-934 79
-933 81
-932 90
-931 77
-930 85
-929 95
-928 76
-927 91
-926 80
-925 67
-924 84
-923 77
-922 93
-921 89
-920 87
-919 92
-918 96
-917 91
-916 81
-915 86
-914 81
-913 98
-912 76
-911 87
-910 81
-909 77
-908 85
-907 101
-906 93
-905 98
-904 104
-903 92
-902 101
-901 110
-900 99
-899 122
-898 135
-897 133
-896 150
-895 153
-894 171
-893 214
-892 202
-891 200
-890 261
-889 239
-888 244
-887 282
-886 319
-885 330
-884 363
-883 398
-882 405
-881 477
-880 500
-879 490
-878 548
-877 547
-876 605
-875 661
-874 605
-873 661
-872 697
-871 675
-870 674
-869 660
-868 716
-867 722
-866 748
-865 701
-864 691
-863 699
-862 768
-861 741
-860 799
-859 784
-858 833
-857 753
-856 780
-855 759
-854 786
-853 755
-852 756
-851 777
-850 782
-849 835
-848 815
-847 847
-846 780
-845 791
-844 791
-843 814
-842 858
-841 869
-840 897
-839 883
-838 908
-837 868
-836 898
-835 883
-834 889
-833 897
-832 901
-831 864
-830 830
-829 855
-828 879
-827 907
-826 925
-825 859
-824 862
-823 914
-822 910
-821 922
-820 948
-819 982
-818 965
-817 966
-816 986
-815 940
-814 953
-813 914
-812 910
-811 864
-810 918
-809 898
-808 937
-807 936
-806 931
-805 884
-804 958
-803 881
-802 858
-801 920
-800 1000
-799 965
-798 1014
-797 978
-796 972
-795 898
-794 945
-793 938
-792 984
-791 999
-790 1054
-789 1037
-788 1115
-787 1081
-786 1207
-785 1216
-784 1322
-783 1287
-782 1283
-781 1333
-780 1375
-779 1397
-778 1387
-777 1406
-776 1348
-775 1408
-774 1429
-773 1529
-772 1539
-771 1551
-770 1554
-769 1602
-768 1625
-767 1686
-766 1703
-765 1667
-764 1675
-763 1693
-762 1710
-761 1695
-760 1724
-759 1848
-758 1808
-757 1868
-756 1895
-755 1883
-754 1834
-753 1936
-752 1867
-751 1994
-750 1845
-749 1812
-748 1760
-747 1787
-746 1781
-745 1821
-744 1855
-743 1799
-742 1747
-741 1782
-740 1823
-739 1872
-738 1824
-737 1874
-736 1779
-735 1832
-734 1853
-733 1780
-732 1804
-731 1858
-730 1922
-729 1816
-728 1885
-727 1891
-726 1827
-725 1974
-724 1867
-723 1839
-722 1898
-721 1960
-720 2037
-719 2049
-718 2135
-717 2077
-716 2055
-715 2012
-714 2149
-713 2041
-712 2028
-711 2139
-710 2145
-709 2176
-708 2194
-707 2262
-706 2334
-705 2327
-704 2330
-703 2358
-702 2366
-701 2234
-700 2312
-699 2300
-698 2377
-697 2318
-696 2326
-695 2398
-694 2364
-693 2411
-692 2366
-691 2357
-690 2420
-689 2309
-688 2351
-687 2353
-686 2411
-685 2413
-684 2343
-683 2365
-682 2359
-681 2400
-680 2340
-679 2354
-678 2268
-677 2368
-676 2335
-675 2390
-674 2316
-673 2363
-672 2384
-671 2337
-670 2345
-669 2375
-668 2353
-667 2507
-666 2472
-665 2439
-664 2545
-663 2454
-662 2385
-661 2568
-660 2453
-659 2491
-658 2630
-657 2575
-656 2584
-655 2694
-654 2720
-653 2620
-652 2809
-651 2667
-650 2761
-649 2633
-648 2768
-647 2852
-646 2736
-645 2890
-644 2914
-643 2940
-642 2913
-641 3017
-640 3068
-639 3093
-638 3101
-637 3209
-636 3162
-635 3244
-634 3251
-633 3299
-632 3427
-631 3212
-630 3239
-629 3275
-628 3342
-627 3411
-626 3571
-625 3467
-624 3434
-623 3518
-622 3510
-621 3576
-620 3586
-619 3677
-618 3707
-617 3732
-616 3784
-615 3878
-614 3772
-613 3873
-612 3880
-611 3892
-610 3962
-609 3923
-608 4001
-607 3955
-606 4112
-605 4031
-604 4182
-603 4216
-602 4379
-601 4316
-600 4475
-599 4372
-598 4466
-597 4442
-596 4614
-595 4506
-594 4529
-593 4695
-592 4572
-591 4639
-590 4663
-589 4631
-588 4637
-587 4664
-586 4747
-585 4766
-584 4760
-583 4586
-582 4848
-581 4708
-580 4707
-579 4681
-578 4640
-577 4726
-576 4753
-575 4706
-574 4863
-573 4781
-572 4762
-571 4720
-570 4733
-569 4582
-568 4738
-567 4873
-566 4734
-565 4747
-564 4772
-563 4838
-562 4591
-561 4741
-560 4683
-559 4784
-558 4722
-557 4781
-556 4873
-555 4782
-554 4981
-553 4893
-552 4960
-551 4970
-550 5167
-549 5199
-548 5221
-547 5264
-546 5315
-545 5359
-544 5315
-543 5357
-542 5344
-541 5398
-540 5370
-539 5320
-538 5456
-537 5445
-536 5420
-535 5359
-534 5369
-533 5401
-532 5424
-531 5513
-530 5442
-529 5562
-528 5471
-527 5495
-526 5589
-525 5628
-524 5464
-523 5620
-522 5545
-521 5543
-520 5595
-519 5601
-518 5508
-517 5553
-516 5591
-515 5592
-514 5543
-513 5731
-512 5687
-511 5479
-510 5650
-509 5610
-508 5643
-507 5674
-506 5667
-505 5789
-504 5729
-503 5705
-502 5580
-501 5773
-500 5842
-499 5801
-498 5799
-497 5815
-496 5861
-495 5973
-494 6049
-493 5925
-492 5900
-491 5734
-490 5730
-489 5824
-488 5807
-487 5857
-486 5829
-485 5804
-484 5909
-483 5878
-482 5897
-481 5894
-480 5969
-479 6031
-478 6068
-477 6084
-476 6139
-475 6160
-474 6131
-473 6142
-472 6194
-471 6099
-470 6161
-469 6257
-468 6352
-467 6319
-466 6135
-465 6299
-464 6145
-463 6103
-462 6238
-461 6263
-460 6007
-459 6235
-458 6215
-457 6130
-456 5942
-455 6155
-454 6044
-453 5963
-452 6121
-451 6141
-450 5965
-449 6127
-448 6053
-447 6102
-446 6056
-445 6107
-444 6168
-443 6082
-442 6210
-441 6042
-440 6308
-439 6201
-438 6090
-437 6163
-436 6179
-435 6166
-434 6265
-433 6286
-432 6488
-431 6343
-430 6221
-429 6237
-428 6255
-427 6286
-426 6199
-425 6217
-424 6246
-423 6315
-422 6494
-421 6342
-420 6691
-419 6473
-418 6540
-417 6509
-416 6534
-415 6632
-414 6613
-413 6492
-412 6584
-411 6575
-410 6556
-409 6406
-408 6703
-407 6541
-406 6582
-405 6718
-404 6698
-403 6714
-402 6598
-401 6715
-400 6751
-399 6651
-398 6690
-397 6616
-396 6661
-395 6590
-394 6664
-393 6688
-392 6660
-391 6627
-390 6552
-389 6651
-388 6785
-387 6845
-386 6747
-385 6929
-384 6673
-383 6828
-382 6771
-381 6813
-380 6790
-379 6651
-378 6684
-377 6775
-376 6777
-375 6824
-374 6738
-373 6975
-372 6743
-371 6734
-370 6768
-369 6903
-368 6666
-367 6675
-366 6483
-365 6675
-364 6532
-363 6695
-362 6661
-361 6593
-360 6630
-359 6672
-358 6634
-357 6692
-356 6542
-355 6538
-354 6628
-353 6558
-352 6540
-351 6388
-350 6520
-349 6447
-348 6371
-347 6422
-346 6400
-345 6367
-344 6455
-343 6337
-342 6277
-341 6349
-340 6419
-339 6344
-338 6310
-337 6310
-336 6382
-335 6457
-334 6280
-333 6410
-332 6359
-331 6344
-330 6375
-329 6298
-328 6247
-327 6266
-326 6423
-325 6333
-324 6274
-323 6201
-322 6257
-321 6260
-320 6105
-319 6317
-318 6209
-317 6315
-316 6317
-315 6199
-314 6089
-313 6124
-312 6365
-311 6166
-310 6150
-309 6097
-308 6109
-307 6038
-306 6099
-305 6228
-304 6130
-303 6127
-302 6002
-301 5997
-300 6015
-299 6031
-298 5977
-297 6096
-296 5922
-295 6056
-294 6087
-293 5779
-292 5871
-291 5875
-290 5830
-289 5778
-288 6072
-287 5928
-286 5824
-285 5917
-284 5754
-283 5932
-282 5877
-281 5700
-280 5689
-279 5749
-278 5823
-277 5643
-276 5678
-275 5850
-274 5817
-273 5710
-272 5806
-271 5698
-270 5914
-269 5892
-268 5723
-267 5598
-266 5568
-265 5556
-264 5631
-263 5545
-262 5490
-261 5454
-260 5507
-259 5468
-258 5464
-257 5365
-256 5429
-255 5409
-254 5227
-253 5305
-252 5232
-251 5300
-250 5328
-249 5195
-248 5367
-247 5386
-246 5395
-245 5178
-244 5168
-243 5319
-242 5326
-241 5226
-240 5170
-239 5208
-238 5344
-237 5113
-236 4992
-235 5061
-234 5133
-233 5137
-232 5119
-231 4997
-230 5036
-229 5029
-228 5141
-227 5177
-226 5060
-225 5129
-224 5122
-223 4992
-222 5061
-221 5123
-220 4844
-219 4853
-218 4893
-217 4887
-216 5025
-215 4921
-214 4975
-213 4883
-212 4890
-211 4826
-210 4971
-209 4884
-208 4784
-207 4922
-206 4784
-205 4887
-204 4881
-203 4938
-202 4815
-201 4755
-200 5020
-199 4850
-198 4988
-197 4966
-196 4877
-195 4876
-194 4839
-193 4907
-192 4926
-191 4883
-190 4921
-189 4970
-188 4862
-187 4902
-186 4870
-185 4788
-184 4743
-183 4886
-182 4843
-181 4724
-180 4826
-179 4714
-178 4708
-177 4800
-176 4772
-175 4715
-174 4639
-173 4644
-172 4531
-171 4687
-170 4612
-169 4532
-168 4484
-167 4532
-166 4402
-165 4446
-164 4486
-163 4502
-162 4487
-161 4464
-160 4396
-159 4348
-158 4312
-157 4239
-156 4161
-155 4211
-154 4286
-153 4198
-152 4157
-151 4159
-150 4180
-149 4232
-148 4092
-147 4019
-146 4204
-145 3986
-144 4048
-143 4013
-142 4060
-141 4048
-140 3885
-139 4004
-138 3900
-137 3892
-136 3900
-135 3775
-134 3795
-133 3944
-132 3876
-131 3830
-130 3801
-129 3703
-128 3833
-127 3760
-126 3625
-125 3663
-124 3666
-123 3770
-122 3645
-121 3599
-120 3633
-119 3676
-118 3574
-117 3498
-116 3557
-115 3482
-114 3544
-113 3477
-112 3466
-111 3403
-110 3455
-109 3563
-108 3518
-107 3466
-106 3466
-105 3443
-104 3270
-103 3226
-102 3300
-101 3305
-100 3276
-99 3318
-98 3371
-97 3214
-96 3344
-95 3275
-94 3239
-93 3177
-92 3237
-91 3262
-90 3195
-89 3222
-88 3243
-87 3194
-86 3235
-85 3159
-84 3173
-83 3107
-82 3056
-81 3165
-80 3083
-79 3061
-78 3102
-77 3083
-76 3110
-75 3100
-74 3121
-73 3082
-72 3028
-71 3017
-70 3110
-69 3180
-68 3157
-67 3177
-66 3057
-65 3093
-64 3049
-63 2963
-62 2994
-61 2999
-60 2953
-59 3070
-58 2922
-57 2824
-56 2834
-55 2987
-54 2844
-53 2877
-52 2873
-51 2925
-50 2880
-49 2839
-48 2801
-47 2788
-46 2762
-45 2882
-44 2727
-43 2862
-42 2700
-41 2764
-40 2748
-39 2873
-38 2685
-37 2744
-36 2709
-35 2718
-34 2693
-33 2761
-32 2685
-31 2665
-30 2707
-29 2609
-28 2615
-27 2558
-26 2654
-25 2514
-24 2544
-23 2496
-22 2549
-21 2475
-20 2592
-19 2437
-18 2481
-17 2434
-16 2466
-15 2421
-14 2380
-13 2445
-12 2427
-11 2335
-10 2282
-9 2365
-8 2344
-7 2305
-6 2357
-5 2202
-4 2293
-3 2323
-2 2231
-1 2282
0 2218
1 2211
2 2273
3 2208
4 2204
5 2196
6 2136
7 2150
8 2227
9 2196
10 2121
11 2208
12 2193
13 2142
14 2086
15 2119
16 2098
17 2137
18 2031
19 2128
20 2063
21 2063
22 2052
23 2022
24 2045
25 2026
26 2020
27 2018
28 2008
29 1959
30 1887
31 1968
32 1947
33 1881
34 2004
35 1840
36 1897
37 1903
38 1871
39 1969
40 1852
41 1866
42 1931
43 1857
44 1806
45 1853
46 1907
47 1757
48 1884
49 1863
50 1886
51 1824
52 1946
53 1830
54 1857
55 1804
56 1823
57 1774
58 1811
59 1779
60 1813
61 1690
62 1790
63 1801
64 1815
65 1635
66 1768
67 1668
68 1720
69 1689
70 1734
71 1732
72 1620
73 1701
74 1662
75 1679
76 1649
77 1573
78 1581
79 1648
80 1621
81 1535
82 1640
83 1571
84 1550
85 1557
86 1615
87 1570
88 1528
89 1619
90 1548
91 1567
92 1583
93 1573
94 1524
95 1555
96 1580
97 1535
98 1450
99 1460
100 1499
101 1486
102 1483
103 1450
104 1459
105 1527
106 1419
107 1345
108 1385
109 1337
110 1423
111 1409
112 1309
113 1363
114 1322
115 1297
116 1365
117 1271
118 1295
119 1314
120 1291
121 1296
122 1241
123 1257
124 1202
125 1272
126 1274
127 1288
128 1226
129 1187
130 1209
131 1145
132 1204
133 1215
134 1179
135 1163
136 1223
137 1152
138 1173
139 1155
140 1135
141 1195
142 1188
143 1208
144 1083
145 1127
146 1094
147 1127
148 1082
149 1036
150 1121
151 1073
152 1071
153 1049
154 1050
155 1027
156 1061
157 1049
158 1031
159 996
160 1046
161 955
162 1024
163 1021
164 1035
165 998
166 1014
167 996
168 1030
169 1009
170 972
171 904
172 918
173 924
174 905
175 974
176 872
177 964
178 913
179 882
180 906
181 864
182 935
183 885
184 906
185 894
186 856
187 832
188 879
189 829
190 908
191 810
192 855
193 855
194 829
195 806
196 863
197 837
198 863
199 788
200 802
201 778
202 802
203 796
204 777
205 736
206 777
207 780
208 798
209 762
210 777
211 779
212 786
213 738
214 737
215 755
216 744
217 711
218 690
219 705
220 702
221 723
222 681
223 695
224 682
225 710
226 710
227 706
228 668
229 657
230 644
231 650
232 671
233 656
234 666
235 669
236 644
237 607
238 674
239 621
240 683
241 619
242 636
243 635
244 583
245 648
246 589
247 590
248 590
249 620
250 561
251 603
252 601
253 550
254 587
255 565
256 560
257 547
258 532
259 552
260 549
261 560
262 509
263 545
264 527
265 586
266 591
267 527
268 526
269 532
270 520
271 540
272 545
273 558
274 483
275 522
276 505
277 562
278 510
279 484
280 454
281 463
282 463
283 512
284 491
285 491
286 475
287 480
288 505
289 466
290 462
291 463
292 478
293 459
294 432
295 473
296 422
297 414
298 408
299 396
300 447
301 449
302 467
303 413
304 447
305 409
306 457
307 428
308 450
309 423
310 371
311 386
312 423
313 400
314 402
315 391
316 359
317 405
318 390
319 373
320 384
321 388
322 345
323 346
324 384
325 354
326 369
327 385
328 365
329 360
330 370
331 353
332 377
333 374
334 345
335 363
336 319
337 340
338 345
339 357
340 330
341 333
342 330
343 314
344 372
345 357
346 345
347 293
348 323
349 326
350 315
351 325
352 322
353 275
354 314
355 330
356 314
357 330
358 279
359 320
360 280
361 308
362 279
363 261
364 298
365 287
366 327
367 298
368 283
369 317
370 301
371 299
372 240
373 273
374 278
375 257
376 253
377 246
378 224
379 268
380 251
381 254
382 264
383 238
384 263
385 243
386 247
387 249
388 242
389 236
390 248
391 228
392 240
393 239
394 246
395 228
396 242
397 233
398 238
399 236
400 243
401 217
402 229
403 209
404 207
405 205
406 219
407 205
408 215
409 178
410 187
411 199
412 188
413 204
414 192
415 206
416 204
417 183
418 206
419 188
420 188
421 212
422 189
423 190
424 191
425 193
426 199
427 172
428 185
429 160
430 177
431 198
432 178
433 179
434 185
435 186
436 166
437 156
438 155
439 198
440 132
441 176
442 159
443 166
444 162
445 167
446 143
447 169
448 187
449 156
450 142
451 152
452 150
453 138
454 147
455 148
456 131
457 158
458 137
459 159
460 132
461 146
462 143
463 126
464 145
465 148
466 132
467 131
468 121
469 144
470 120
471 150
472 120
473 114
474 138
475 131
476 127
477 147
478 126
479 144
480 128
481 143
482 107
483 110
484 124
485 120
486 129
487 123
488 104
489 134
490 126
491 118
492 113
493 106
494 130
495 105
496 109
497 125
498 126
499 123
500 137
501 115
502 99
503 120
504 115
505 126
506 92
507 93
508 117
509 98
510 103
511 114
512 89
513 98
514 111
515 103
516 125
517 114
518 103
519 98
520 111
521 91
522 105
523 105
524 98
525 110
526 102
527 94
528 105
529 94
530 100
531 88
532 104
533 91
534 89
535 86
536 93
537 78
538 94
539 91
540 94
541 91
542 97
543 89
544 67
545 68
546 73
547 90
548 81
549 98
550 93
551 79
552 95
553 68
554 91
555 71
556 85
557 72
558 83
559 79
560 65
561 102
562 82
563 76
564 75
565 75
566 84
567 68
568 76
569 78
570 85
571 69
572 72
573 79
574 80
575 68
576 76
577 71
578 81
579 78
580 68
581 77
582 89
583 81
584 88
585 69
586 91
587 61
588 79
589 68
590 76
591 70
592 73
593 71
594 78
595 80
596 58
597 71
598 67
599 52
600 61
601 89
602 59
603 63
604 67
605 56
606 58
607 63
608 60
609 69
610 73
611 59
612 61
613 60
614 52
615 59
616 56
617 59
618 53
619 66
620 72
621 61
622 54
623 54
624 53
625 52
626 40
627 40
628 43
629 65
630 44
631 74
632 65
633 46
634 46
635 45
636 42
637 42
638 60
639 52
640 62
641 40
642 42
643 46
644 52
645 48
646 49
647 57
648 59
649 40
650 42
651 50
652 41
653 39
654 45
655 45
656 50
657 50
658 54
659 43
660 57
661 47
662 49
663 51
664 59
665 49
666 50
667 43
668 36
669 38
670 49
671 47
672 27
673 41
674 48
675 28
676 47
677 49
678 46
679 40
680 29
681 43
682 39
683 34
684 52
685 54
686 37
687 38
688 49
689 45
690 43
691 39
692 48
693 44
694 41
695 37
696 49
697 44
698 43
699 40
700 41
701 45
702 37
703 34
704 42
705 46
706 42
707 44
708 47
709 46
710 37
711 50
712 47
713 42
714 52
715 35
716 58
717 47
718 56
719 49
720 52
721 39
722 63
723 54
724 51
725 52
726 55
727 56
728 51
729 52
730 43
731 60
732 53
733 74
734 68
735 53
736 58
737 59
738 57
739 78
740 59
741 59
742 50
743 55
744 67
745 52
746 56
747 53
748 61
749 59
750 59
751 59
752 50
753 52
754 62
755 40
756 57
757 51
758 56
759 56
760 61
761 41
762 50
763 64
764 59
765 60
766 57
767 59
768 57
769 52
770 58
771 56
772 47
773 59
774 46
775 53
776 53
777 63
778 43
779 47
780 52
781 67
782 52
783 57
784 46
785 45
786 66
787 55
788 52
789 57
790 59
791 50
792 62
793 60
794 46
795 41
796 71
797 40
798 55
799 50
800 55
801 53
802 42
803 53
804 61
805 45
806 63
807 49
808 51
809 44
810 49
811 52
812 61
813 48
814 65
815 65
816 49
817 69
818 50
819 57
820 50
821 52
822 65
823 60
824 67
825 49
826 59
827 59
828 56
829 66
830 65
831 59
832 71
833 63
834 68
835 55
836 56
837 66
838 66
839 60
840 60
841 53
842 74
843 67
844 71
845 59
846 52
847 48
848 56
849 59
850 67
851 74
852 47
853 67
854 68
855 72
856 63
857 58
858 65
859 50
860 63
861 80
862 61
863 58
864 61
865 74
866 71
867 56
868 62
869 50
870 54
871 64
872 58
873 69
874 71
875 72
876 46
877 57
878 70
879 63
880 64
881 73
882 65
883 80
884 60
885 56
886 53
887 66
888 66
889 67
890 63
891 66
892 67
893 62
894 58
895 74
896 49
897 72
898 54
899 62
900 63
901 49
902 84
903 57
904 66
905 64
906 66
907 53
908 61
909 55
910 57
911 70
912 74
913 66
914 65
915 55
916 52
917 47
918 65
919 54
920 64
921 54
922 59
923 61
924 63
925 58
926 69
927 52
928 62
929 57
930 55
931 73
932 66
933 78
934 51
935 51
936 54
937 63
938 67
939 61
940 59
941 49
942 67
943 71
944 52
945 43
946 46
947 69
948 63
949 65
950 57
951 57
952 52
953 43
954 53
955 59
956 59
957 60
958 59
959 69
960 54
961 54
962 68
963 44
964 66
965 45
966 65
967 55
968 56
969 54
970 37
971 53
972 42
973 46
974 56
975 54
976 62
977 73
978 80
979 60
980 49
981 50
982 51
983 53
984 46
985 50
986 55
987 42
988 53
989 52
990 41
991 38
992 41
993 45
994 45
995 55
996 50
997 61
998 33
999 46
1000 47
1001 48
1002 48
1003 38
1004 56
1005 55
1006 55
1007 54
1008 51
1009 36
1010 40
1011 51
1012 34
1013 37
1014 47
1015 42
1016 43
1017 53
1018 42
1019 48
1020 45
1021 51
1022 39
1023 38
1024 31
1025 40
1026 46
1027 40
1028 30
1029 31
1030 32
1031 49
1032 40
1033 38
1034 41
1035 45
1036 36
1037 47
1038 42
1039 27
1040 34
1041 50
1042 44
1043 42
1044 34
1045 30
1046 32
1047 28
1048 36
1049 33
1050 29
1051 27
1052 37
1053 47
1054 46
1055 41
1056 33
1057 33
1058 26
1059 30
1060 33
1061 41
1062 39
1063 39
1064 33
1065 44
1066 30
1067 32
1068 34
1069 38
1070 37
1071 38
1072 24
1073 24
1074 40
1075 32
1076 30
1077 33
1078 28
1079 32
1080 32
1081 26
1082 31
1083 31
1084 29
1085 41
1086 24
1087 38
1088 36
1089 28
1090 30
1091 25
1092 25
1093 28
1094 32
1095 32
1096 36
1097 37
1098 24
1099 28
1100 23
1101 28
1102 29
1103 38
1104 33
1105 30
1106 21
1107 35
1108 30
1109 26
1110 18
1111 28
1112 28
1113 26
1114 26
1115 38
1116 31
1117 17
1118 27
1119 23
1120 30
1121 19
1122 32
1123 27
1124 23
1125 22
1126 28
1127 28
1128 22
1129 14
1130 15
1131 20
1132 14
1133 13
1134 23
1135 20
1136 17
1137 15
1138 22
1139 22
1140 24
1141 21
1142 25
1143 23
1144 10
1145 16
1146 30
1147 20
1148 20
1149 15
1150 17
1151 22
1152 17
1153 14
1154 16
1155 16
1156 20
1157 14
1158 21
1159 15
1160 17
1161 17
1162 18
1163 14
1164 18
1165 17
1166 9
1167 15
1168 11
1169 19
1170 19
1171 11
1172 15
1173 18
1174 19
1175 16
1176 20
1177 18
1178 14
1179 17
1180 16
1181 9
1182 13
1183 16
1184 13
1185 15
1186 11
1187 14
1188 13
1189 6
1190 18
1191 9
1192 17
1193 8
1194 9
1195 10
1196 16
1197 9
1198 14
1199 6
1200 14
1201 10
1202 16
1203 24
1204 21
1205 17
1206 12
1207 18
1208 15
1209 9
1210 12
1211 12
1212 11
1213 8
1214 14
1215 11
1216 24
1217 20
1218 13
1219 12
1220 14
1221 7
1222 14
1223 13
1224 4
1225 8
1226 8
1227 11
1228 10
1229 10
1230 15
1231 14
1232 9
1233 3
1234 9
1235 12
1236 12
1237 13
1238 9
1239 12
1240 6
1241 9
1242 8
1243 11
1244 12
1245 8
1246 15
1247 10
1248 6
1249 8
1250 9
1251 11
1252 12
1253 11
1254 9
1255 6
1256 9
1257 9
1258 5
1259 7
1260 13
1261 6
1262 8
1263 10
1264 11
1265 7
1266 10
1267 11
1268 10
1269 6
1270 8
1271 7
1272 8
1273 5
1274 3
1275 3
1276 8
1277 4
1278 10
1279 6
1280 7
1281 7
1282 6
1283 6
1284 6
1285 10
1286 7
1287 6
1288 5
1289 4
1290 6
1291 6
1292 7
1293 8
1294 6
1295 7
1296 2
1297 7
1298 2
1299 8
1300 12
1301 2
1302 9
1303 6
1304 4
1305 6
1306 5
1307 3
1308 10
1309 4
1310 5
1311 9
1312 7
1313 5
1314 2
1315 7
1316 5
1317 4
1318 6
1319 7
1320 4
1321 4
1322 8
1323 7
1324 7
1325 8
1326 5
1327 11
1328 2
1329 5
1330 8
1331 4
1332 5
1333 6
1334 2
1335 6
1336 3
1337 2
1338 5
1339 4
1340 8
1341 4
1342 5
1343 3
1344 3
1345 7
1346 2
1347 4
1348 3
1349 4
1350 2
1351 6
1352 2
1353 3
1354 1
1355 5
1356 7
1358 9
1359 5
1360 6
1361 5
1362 6
1363 3
1364 1
1365 5
1366 4
1367 3
1368 2
1369 5
1370 5
1372 2
1373 2
1374 3
1375 2
1376 7
1378 5
1379 6
1380 4
1381 3
1382 3
1383 4
1384 1
1385 2
1386 3
1387 6
1388 5
1389 1
1390 2
1391 5
1392 2
1393 2
1394 3
1395 6
1396 2
1397 2
1398 2
1399 1
1400 2
1401 1
1402 2
1403 2
1404 3
1405 2
1406 4
1407 1
1408 3
1409 1
1410 3
1411 2
1413 3
1414 1
1416 3
1417 2
1418 2
1419 2
1420 1
1421 3
1422 2
1423 2
1424 3
1426 4
1427 3
1428 4
1429 3
1430 2
1431 2
1432 2
1433 4
1434 1
1436 2
1438 2
1439 2
1440 1
1443 2
1444 2
1446 2
1447 2
1448 1
1450 3
1451 2
1452 1
1453 1
1454 2
1458 3
1459 2
1460 3
1461 2
1462 1
1467 2
1469 2
1470 2
1471 2
1474 1
1475 1
1476 1
1477 1
1478 1
1479 1
1481 1
1483 2
1485 3
1486 1
1488 4
1489 1
1493 1
1494 2
1496 2
1497 1
1499 2
1502 3
1505 1
1506 1
1507 1
1509 3
1510 2
1512 1
1513 1
1514 1
1515 2
1516 2
1517 2
1521 1
1522 2
1524 1
1525 2
1526 1
1527 1
1529 2
1530 1
1531 1
1533 1
1534 1
1538 1
1539 4
1542 1
1554 1
1555 1
1557 1
1558 1
1564 1
1566 1
1568 2
1571 1
1575 1
1576 1
1578 1
1588 1
1595 1
1596 1
1598 2
1599 1
1604 1
1607 1
1608 2
1609 1
1610 1
1617 1
1629 1
1635 1
1654 2
1669 1
1714 1
1740 1
1759 1
