1127 2
1128 5
1129 6
1130 8
1131 6
1132 9
1133 7
1134 10
1135 8
1136 9
1137 8
1138 11
1139 11
1140 12
1141 12
1142 14
1143 13
1144 11
1145 15
1146 11
1147 16
1148 17
1149 14
1150 15
1151 19
1152 14
1153 16
1154 16
1155 15
1156 14
1157 16
1158 15
1159 17
1160 14
1161 17
1162 15
1163 15
1164 16
1165 16
1166 13
1167 17
1168 17
1169 12
1170 15
1171 14
1172 17
1173 15
1174 12
1175 13
1176 16
1177 11
1178 13
1179 13
1180 16
1181 13
1182 12
1183 12
1184 11
1185 18
1186 21
1187 28
1188 25
1189 22
1190 24
1191 19
1192 23
1193 22
1194 20
1195 20
1196 13
1197 21
1198 24
1199 21
1200 23
1201 17
1202 23
1203 14
1204 29
1205 14
1206 34
1207 24
1208 30
1209 20
1210 28
1211 20
1212 22
1213 23
1214 26
1215 31
1216 36
1217 23
1218 29
1219 26
1220 24
1221 44
1222 32
1223 49
1224 39
1225 39
1226 59
1227 49
1228 63
1229 68
1230 68
1231 106
1232 103
1233 116
1234 143
1235 134
1236 122
1237 131
1238 153
1239 173
1240 182
1241 164
1242 172
1243 185
1244 183
1245 189
1246 220
1247 226
1248 264
1249 234
1250 233
1251 246
1252 267
1253 262
1254 295
1255 319
1256 341
1257 340
1258 338
1259 328
1260 359
1261 353
1262 388
1263 389
1264 440
1265 418
1266 398
1267 505
1268 486
1269 502
1270 495
1271 511
1272 572
1273 598
1274 596
1275 618
1276 642
1277 633
1278 684
1279 723
1280 720
1281 756
1282 734
1283 753
1284 896
1285 839
1286 898
1287 944
1288 857
1289 934
1290 928
1291 998
1292 1025
1293 1042
1294 1150
1295 1128
1296 1222
1297 1246
1298 1329
1299 1283
1300 1400
1301 1423
1302 1454
1303 1509
1304 1593
1305 1649
1306 1662
1307 1756
1308 1946
1309 2002
1310 2087
1311 2036
1312 2119
1313 2112
1314 2168
1315 2162
1316 2194
1317 2385
1318 2343
1319 2398
1320 2443
1321 2519
1322 2619
1323 2790
1324 2738
1325 2869
1326 2979
1327 2885
1328 2986
1329 3236
1330 3322
1331 3287
1332 3446
1333 3547
1334 3655
1335 3697
1336 3877
1337 3992
1338 4037
1339 4037
1340 4267
1341 4233
1342 4603
1343 4838
1344 4919
1345 4896
1346 4959
1347 4894
1348 5066
1349 5303
1350 5434
1351 5551
1352 5716
1353 5512
1354 5542
1355 5730
1356 5872
1357 6196
1358 6186
1359 6287
1360 6480
1361 6832
1362 7061
1363 7202
1364 7470
1365 7661
1366 8066
1367 7912
1368 7921
1369 8013
1370 8503
1371 8566
1372 8831
1373 8918
1374 9043
1375 9342
1376 9204
1377 9625
1378 9583
1379 9922
1380 10274
1381 10469
1382 10834
1383 11319
1384 11352
1385 11598
1386 11981
1387 12293
1388 12645
1389 12742
1390 13117
1391 13604
1392 13521
1393 14344
1394 14482
1395 14924
1396 14780
1397 14644
1398 14644
1399 14526
1400 14754
1401 14955
1402 15259
1403 14956
1404 15271
1405 15885
1406 16307
1407 16225
1408 16703
1409 17084
1410 17083
1411 17262
1412 17993
1413 18127
1414 18099
1415 18246
1416 18807
1417 19601
1418 20975
1419 21669
1420 21080
1421 21010
1422 20729
1423 21345
1424 21327
1425 22478
1426 22851
1427 23303
1428 23344
1429 23113
1430 21940
1431 21959
1432 21220
1433 21234
1434 21945
1435 21237
1436 21165
1437 20649
1438 20319
1439 19653
1440 19978
1441 20502
1442 19819
1443 19271
1444 19603
1445 19908
1446 19611
1447 19107
1448 19527
1449 19620
1450 20014
1451 19477
1452 19361
1453 19309
1454 19754
1455 19591
1456 19690
1457 20261
1458 19691
1459 19760
1460 20513
1461 20712
1462 19993
1463 20426
1464 20696
1465 21089
1466 20729
1467 21260
1468 21856
1469 22116
1470 22422
1471 23828
1472 22842
1473 21729
1474 22101
1475 23547
1476 23348
1477 22764
1478 22084
1479 21249
1480 20393
1481 20909
1482 21491
1483 19647
1484 19447
1485 18696
1486 18166
1487 18017
1488 18072
1489 17880
1490 17382
1491 17611
1492 17612
1493 17258
1494 18407
1495 17575
1496 17312
1497 16760
1498 17025
1499 16859
1500 16798
1501 16930
1502 16631
1503 15952
1504 15682
1505 15881
1506 16304
1507 15609
1508 14832
1509 14325
1510 13706
1511 13593
1512 13335
1513 13240
1514 13465
1515 13276
1516 12592
1517 12330
1518 12137
1519 11987
1520 11895
1521 11767
1522 11826
1523 12092
1524 11544
1525 11268
1526 10913
1527 10611
1528 10154
1529 9893
1530 10031
1531 10026
1532 9590
1533 9381
1534 9476
1535 9529
1536 9002
1537 8833
1538 8590
1539 8279
1540 8360
1541 8251
1542 8194
1543 7764
1544 7639
1545 7821
1546 7901
1547 7835
1548 7499
1549 7658
1550 7548
1551 7393
1552 7258
1553 7303
1554 7048
1555 7027
1556 6958
1557 6876
1558 6729
1559 6613
1560 6514
1561 6533
1562 6481
1563 6408
1564 6286
1565 6319
1566 6173
1567 6182
1568 5983
1569 5796
1570 5814
1571 5650
1572 5575
1573 5563
1574 5745
1575 5499
1576 5402
1577 5259
1578 5293
1579 5198
1580 5162
1581 5032
1582 5169
1583 4996
1584 5066
1585 4943
1586 4906
1587 4788
1588 5060
1589 4762
1590 4739
1591 4515
1592 4623
1593 4467
1594 4413
1595 4594
1596 4499
1597 4258
1598 4139
1599 4061
1600 4108
1601 4064
1602 3891
1603 3747
1604 3762
1605 3798
1606 3673
1607 3586
1608 3713
1609 3612
1610 3472
1611 3630
1612 3391
1613 3430
1614 3338
1615 3358
1616 3324
1617 3313
1618 3327
1619 3181
1620 3234
1621 3175
1622 3263
1623 3107
1624 3137
1625 3284
1626 3083
1627 3058
1628 3043
1629 3073
1630 2966
1631 2839
1632 2915
1633 2873
1634 2888
1635 2789
1636 2736
1637 2758
1638 2665
1639 2724
1640 2601
1641 2656
1642 2576
1643 2526
1644 2545
1645 2626
1646 2550
1647 2545
1648 2518
1649 2418
1650 2464
1651 2306
1652 2421
1653 2368
1654 2340
1655 2344
1656 2296
1657 2230
1658 2185
1659 2210
1660 2138
1661 2264
1662 2165
1663 2188
1664 2138
1665 2103
1666 2035
1667 2049
1668 2116
1669 2065
1670 1997
1671 2067
1672 2126
1673 2044
1674 2055
1675 2018
1676 1981
1677 1894
1678 1937
1679 2011
1680 1820
1681 1779
1682 1808
1683 1938
1684 1749
1685 1734
1686 1730
1687 1747
1688 1728
1689 1705
1690 1771
1691 1774
1692 1698
1693 1780
1694 1699
1695 1650
1696 1774
1697 1669
1698 1612
1699 1647
1700 1644
1701 1609
1702 1594
1703 1621
1704 1568
1705 1506
1706 1460
1707 1549
1708 1556
1709 1519
1710 1523
1711 1523
1712 1516
1713 1509
1714 1421
1715 1461
1716 1417
1717 1375
1718 1410
1719 1392
1720 1399
1721 1318
1722 1409
1723 1360
1724 1344
1725 1284
1726 1364
1727 1298
1728 1248
1729 1263
1730 1232
1731 1223
1732 1218
1733 1221
1734 1222
1735 1223
1736 1198
1737 1219
1738 1206
1739 1191
1740 1179
1741 1160
1742 1137
1743 1135
1744 1137
1745 1148
1746 1132
1747 1036
1748 1092
1749 1164
1750 1018
1751 1049
1752 1162
1753 1085
1754 983
1755 1055
1756 1073
1757 998
1758 1047
1759 1010
1760 985
1761 1009
1762 957
1763 931
1764 911
1765 976
1766 901
1767 980
1768 948
1769 961
1770 927
1771 879
1772 943
1773 958
1774 891
1775 925
1776 857
1777 873
1778 822
1779 870
1780 833
1781 834
1782 801
1783 853
1784 798
1785 749
1786 834
1787 792
1788 786
1789 838
1790 774
1791 745
1792 757
1793 768
1794 822
1795 751
1796 736
1797 698
1798 739
1799 754
1800 762
1801 676
1802 682
1803 765
1804 766
1805 733
1806 750
1807 696
1808 740
1809 693
1810 675
1811 645
1812 677
1813 702
1814 667
1815 673
1816 664
1817 653
1818 626
1819 628
1820 639
1821 629
1822 606
1823 612
1824 611
1825 597
1826 601
1827 612
1828 604
1829 640
1830 610
1831 602
1832 636
1833 618
1834 619
1835 604
1836 613
1837 595
1838 561
1839 601
1840 596
1841 596
1842 599
1843 580
1844 540
1845 566
1846 594
1847 532
1848 553
1849 561
1850 540
1851 583
1852 517
1853 551
1854 540
1855 555
1856 522
1857 504
1858 505
1859 521
1860 515
1861 480
1862 508
1863 538
1864 557
1865 477
1866 493
1867 503
1868 524
1869 495
1870 486
1871 461
1872 513
1873 492
1874 483
1875 475
1876 496
1877 437
1878 481
1879 448
1880 446
1881 490
1882 476
1883 428
1884 446
1885 460
1886 451
1887 423
1888 462
1889 383
1890 456
1891 436
1892 421
1893 423
1894 400
1895 418
1896 396
1897 437
1898 441
1899 436
1900 421
1901 404
1902 427
1903 394
1904 451
1905 388
1906 402
1907 420
1908 441
1909 400
1910 425
1911 372
1912 383
1913 386
1914 362
1915 368
1916 375
1917 381
1918 380
1919 413
1920 366
1921 347
1922 357
1923 371
1924 359
1925 330
1926 366
1927 343
1928 369
1929 365
1930 316
1931 364
1932 365
1933 376
1934 312
1935 361
1936 367
1937 377
1938 346
1939 321
1940 319
1941 329
1942 341
1943 339
1944 325
1945 366
1946 335
1947 313
1948 338
1949 326
1950 309
1951 309
1952 289
1953 303
1954 296
1955 324
1956 299
1957 332
1958 331
1959 316
1960 319
1961 316
1962 307
1963 273
1964 278
1965 314
1966 292
1967 266
1968 302
1969 318
1970 283
1971 311
1972 320
1973 281
1974 262
1975 288
1976 271
1977 255
1978 253
1979 246
1980 279
1981 273
1982 306
1983 262
1984 291
1985 290
1986 249
1987 283
1988 275
1989 276
1990 261
1991 255
1992 270
1993 270
1994 281
1995 237
1996 277
1997 258
1998 241
1999 246
2000 233
2001 256
2002 259
2003 257
2004 249
2005 261
2006 250
2007 243
2008 262
2009 253
2010 233
2011 231
2012 249
2013 240
2014 222
2015 242
2016 209
2017 205
2018 246
2019 257
2020 225
2021 223
2022 229
2023 212
2024 244
2025 219
2026 232
2027 229
2028 196
2029 244
2030 215
2031 214
2032 212
2033 195
2034 205
2035 215
2036 201
2037 239
2038 173
2039 212
2040 243
2041 210
2042 209
2043 184
2044 192
2045 195
2046 176
2047 195
2048 228
2049 180
2050 183
2051 191
2052 197
2053 184
2054 183
2055 195
2056 192
2057 187
2058 196
2059 191
2060 189
2061 200
2062 192
2063 194
2064 174
2065 169
2066 191
2067 180
2068 175
2069 184
2070 168
2071 170
2072 161
2073 190
2074 173
2075 174
2076 167
2077 169
2078 152
2079 193
2080 173
2081 172
2082 173
2083 151
2084 164
2085 164
2086 147
2087 168
2088 140
2089 180
2090 181
2091 185
2092 150
2093 152
2094 148
2095 164
2096 150
2097 153
2098 136
2099 148
2100 167
2101 142
2102 164
2103 163
2104 156
2105 149
2106 156
2107 134
2108 143
2109 152
2110 150
2111 133
2112 153
2113 135
2114 152
2115 130
2116 141
2117 151
2118 131
2119 145
2120 133
2121 141
2122 138
2123 137
2124 116
2125 132
2126 135
2127 144
2128 117
2129 113
2130 137
2131 122
2132 148
2133 135
2134 136
2135 125
2136 116
2137 143
2138 114
2139 114
2140 125
2141 118
2142 122
2143 131
2144 127
2145 139
2146 119
2147 109
2148 98
2149 101
2150 117
2151 127
2152 115
2153 100
2154 117
2155 115
2156 127
2157 125
2158 106
2159 97
2160 101
2161 107
2162 127
2163 114
2164 101
2165 98
2166 109
2167 109
2168 114
2169 85
2170 105
2171 101
2172 115
2173 114
2174 98
2175 93
2176 110
2177 98
2178 109
2179 103
2180 109
2181 98
2182 110
2183 95
2184 104
2185 103
2186 107
2187 106
2188 87
2189 84
2190 83
2191 109
2192 94
2193 114
2194 94
2195 83
2196 100
2197 84
2198 95
2199 102
2200 87
2201 82
2202 97
2203 89
2204 95
2205 108
2206 74
2207 83
2208 69
2209 83
2210 99
2211 67
2212 79
2213 76
2214 79
2215 85
2216 72
2217 67
2218 97
2219 82
2220 68
2221 70
2222 68
2223 84
2224 70
2225 80
2226 87
2227 81
2228 66
2229 89
2230 71
2231 81
2232 82
2233 74
2234 73
2235 79
2236 70
2237 50
2238 71
2239 70
2240 79
2241 69
2242 68
2243 56
2244 68
2245 75
2246 66
2247 70
2248 63
2249 79
2250 83
2251 74
2252 63
2253 72
2254 78
2255 64
2256 71
2257 69
2258 65
2259 61
2260 73
2261 72
2262 74
2263 79
2264 72
2265 60
2266 75
2267 61
2268 62
2269 75
2270 80
2271 56
2272 65
2273 71
2274 63
2275 56
2276 53
2277 72
2278 70
2279 62
2280 65
2281 62
2282 70
2283 60
2284 61
2285 55
2286 58
2287 47
2288 68
2289 49
2290 61
2291 55
2292 52
2293 63
2294 67
2295 50
2296 51
2297 58
2298 55
2299 62
2300 58
2301 53
2302 47
2303 48
2304 51
2305 37
2306 46
2307 50
2308 55
2309 54
2310 61
2311 46
2312 40
2313 42
2314 54
2315 64
2316 52
2317 45
2318 45
2319 56
2320 47
2321 39
2322 39
2323 45
2324 48
2325 52
2326 40
2327 60
2328 51
2329 55
2330 38
2331 40
2332 36
2333 37
2334 41
2335 41
2336 47
2337 55
2338 37
2339 41
2340 31
2341 32
2342 42
2343 51
2344 42
2345 54
2346 39
2347 48
2348 46
2349 42
2350 36
2351 37
2352 43
2353 45
2354 30
2355 42
2356 50
2357 37
2358 42
2359 42
2360 33
2361 35
2362 31
2363 36
2364 42
2365 34
2366 38
2367 30
2368 35
2369 34
2370 45
2371 35
2372 32
2373 32
2374 42
2375 27
2376 29
2377 32
2378 33
2379 33
2380 33
2381 35
2382 31
2383 27
2384 32
2385 22
2386 41
2387 24
2388 30
2389 31
2390 32
2391 27
2392 37
2393 32
2394 29
2395 20
2396 27
2397 21
2398 37
2399 24
2400 18
2401 18
2402 26
2403 23
2404 22
2405 24
2406 19
2407 32
2408 18
2409 19
2410 17
2411 17
2412 28
2413 20
2414 21
2415 20
2416 17
2417 17
2418 24
2419 19
2420 11
2421 18
2422 22
2423 22
2424 18
2425 20
2426 16
2427 19
2428 18
2429 18
2430 12
2431 15
2432 19
2433 14
2434 8
2435 13
2436 13
2437 17
2438 7
2439 13
2440 11
2441 10
2442 16
2443 15
2444 16
2445 7
2446 16
2447 10
2448 11
2449 8
2450 10
2451 12
2452 13
2453 11
2454 9
2455 10
2456 8
2457 9
2458 6
2459 5
2460 9
2461 11
2462 10
2463 5
2464 9
2465 3
2466 9
2467 11
2468 6
2469 12
2470 5
2471 9
2472 7
2473 5
2474 8
2475 11
2476 6
2477 4
2478 6
2479 4
2480 8
2481 5
2482 8
2483 4
2484 8
2485 5
2486 3
2487 7
2488 6
2489 3
2490 2
2491 6
2492 4
2493 5
2494 6
2495 4
2496 4
2497 6
2498 5
2499 4
2500 4
2501 3
2502 2
2503 3
2504 3
2505 3
2506 2
2507 2
2508 5
2509 3
2510 1
2511 2
2512 1
2513 3
2514 1
2515 2
2516 1
2517 2
2518 1
2519 2
2520 2
2521 1
2522 4
2524 3
2525 1
2526 7
2527 2
2528 4
2529 2
2530 2
2531 5
2532 3
2534 2
2536 3
2537 1
2538 2
2539 1
2540 3
2541 2
2542 2
2544 1
2545 1
2546 1
2547 1
2549 1
2550 2
2551 1
2553 2
2554 1
2556 1
2557 1
2560 2
2561 1
2563 1
2565 1
2568 1
2570 1
2577 2
2578 1
2580 2
2581 5
2582 2
2583 2
2584 3
2585 1
2587 1
2588 1
2591 1
2594 1
2595 1
2599 1
2600 1
2603 1
2605 1
2610 1
2612 1
2620 1
2626 2
2628 1
2629 1
2636 1
2638 1
2643 1
2649 1
