-422 1
-421 5
-420 8
-419 5
-418 5
-417 16
-416 24
-415 30
-414 22
-413 35
-412 27
-411 35
-410 39
-409 30
-408 34
-407 36
-406 46
-405 53
-404 36
-403 37
-402 40
-401 37
-400 39
-399 38
-398 43
-397 57
-396 28
-395 31
-394 43
-393 42
-392 37
-391 28
-390 45
-389 38
-388 38
-387 37
-386 44
-385 46
-384 57
-383 52
-382 75
-381 66
-380 87
-379 87
-378 87
-377 93
-376 100
-375 121
-374 104
-373 100
-372 97
-371 112
-370 96
-369 99
-368 89
-367 104
-366 75
-365 123
-364 110
-363 97
-362 114
-361 115
-360 113
-359 117
-358 88
-357 102
-356 129
-355 118
-354 156
-353 149
-352 133
-351 151
-350 173
-349 187
-348 165
-347 182
-346 222
-345 216
-344 199
-343 198
-342 232
-341 245
-340 192
-339 223
-338 248
-337 237
-336 238
-335 263
-334 294
-333 275
-332 264
-331 274
-330 260
-329 288
-328 332
-327 310
-326 330
-325 319
-324 342
-323 311
-322 337
-321 356
-320 313
-319 330
-318 351
-317 344
-316 332
-315 319
-314 333
-313 333
-312 330
-311 338
-310 341
-309 371
-308 328
-307 307
-306 332
-305 354
-304 349
-303 329
-302 358
-301 332
-300 354
-299 330
-298 349
-297 319
-296 320
-295 354
-294 348
-293 361
-292 348
-291 356
-290 308
-289 397
-288 359
-287 364
-286 356
-285 422
-284 414
-283 395
-282 452
-281 423
-280 434
-279 447
-278 482
-277 486
-276 486
-275 447
-274 462
-273 508
-272 514
-271 502
-270 548
-269 547
-268 516
-267 524
-266 507
-265 501
-264 501
-263 523
-262 495
-261 486
-260 494
-259 505
-258 510
-257 493
-256 472
-255 525
-254 457
-253 499
-252 526
-251 504
-250 562
-249 522
-248 577
-247 547
-246 541
-245 513
-244 550
-243 561
-242 558
-241 601
-240 536
-239 558
-238 584
-237 532
-236 545
-235 577
-234 542
-233 547
-232 579
-231 591
-230 624
-229 553
-228 607
-227 620
-226 610
-225 616
-224 598
-223 605
-222 595
-221 663
-220 643
-219 596
-218 637
-217 642
-216 660
-215 635
-214 644
-213 590
-212 624
-211 648
-210 632
-209 649
-208 639
-207 611
-206 667
-205 715
-204 665
-203 693
-202 683
-201 744
-200 679
-199 724
-198 688
-197 747
-196 671
-195 722
-194 735
-193 701
-192 695
-191 746
-190 764
-189 756
-188 725
-187 751
-186 749
-185 780
-184 766
-183 719
-182 749
-181 756
-180 734
-179 746
-178 763
-177 776
-176 786
-175 785
-174 806
-173 797
-172 751
-171 763
-170 802
-169 835
-168 857
-167 853
-166 839
-165 918
-164 955
-163 905
-162 949
-161 941
-160 1001
-159 1005
-158 983
-157 944
-156 983
-155 1027
-154 996
-153 1022
-152 990
-151 1005
-150 1046
-149 1119
-148 1068
-147 1010
-146 1087
-145 1048
-144 1123
-143 1076
-142 1013
-141 1082
-140 1057
-139 1075
-138 1093
-137 1090
-136 1165
-135 1162
-134 1132
-133 1180
-132 1122
-131 1202
-130 1284
-129 1267
-128 1259
-127 1272
-126 1252
-125 1304
-124 1377
-123 1384
-122 1329
-121 1407
-120 1409
-119 1401
-118 1347
-117 1425
-116 1445
-115 1390
-114 1438
-113 1471
-112 1462
-111 1442
-110 1435
-109 1509
-108 1508
-107 1546
-106 1628
-105 1588
-104 1612
-103 1691
-102 1744
-101 1767
-100 1770
-99 1743
-98 1821
-97 1820
-96 1786
-95 1825
-94 1816
-93 1893
-92 1822
-91 1763
-90 1881
-89 1982
-88 1903
-87 1929
-86 1916
-85 1989
-84 2022
-83 2009
-82 2022
-81 2057
-80 2068
-79 2133
-78 2194
-77 2119
-76 2164
-75 2139
-74 2221
-73 2223
-72 2168
-71 2233
-70 2206
-69 2199
-68 2219
-67 2282
-66 2241
-65 2221
-64 2433
-63 2278
-62 2308
-61 2263
-60 2290
-59 2410
-58 2473
-57 2313
-56 2374
-55 2419
-54 2392
-53 2400
-52 2372
-51 2470
-50 2457
-49 2483
-48 2456
-47 2418
-46 2468
-45 2459
-44 2464
-43 2448
-42 2588
-41 2623
-40 2579
-39 2598
-38 2576
-37 2603
-36 2636
-35 2724
-34 2571
-33 2678
-32 2762
-31 2661
-30 2746
-29 2777
-28 2718
-27 2778
-26 2749
-25 2813
-24 2872
-23 2940
-22 2840
-21 2892
-20 2814
-19 2857
-18 2871
-17 2882
-16 2835
-15 2994
-14 2901
-13 2980
-12 3016
-11 2957
-10 2972
-9 3044
-8 3064
-7 2984
-6 2997
-5 3208
-4 3060
-3 3095
-2 3077
-1 3135
0 3147
1 3171
2 3210
3 3175
4 3109
5 3227
6 3067
7 3226
8 3233
9 3292
10 3167
11 3195
12 3283
13 3264
14 3280
15 3310
16 3370
17 3454
18 3369
19 3435
20 3477
21 3540
22 3490
23 3495
24 3622
25 3466
26 3629
27 3621
28 3601
29 3716
30 3584
31 3671
32 3630
33 3663
34 3775
35 3801
36 3737
37 3764
38 3790
39 3731
40 3809
41 3791
42 3936
43 3882
44 3844
45 3956
46 3898
47 3926
48 3940
49 3958
50 3977
51 3849
52 3871
53 3951
54 3773
55 3924
56 3987
57 3924
58 3904
59 3918
60 4035
61 3886
62 4106
63 3932
64 4038
65 3936
66 4016
67 3908
68 4054
69 4024
70 4000
71 4090
72 4110
73 4103
74 4013
75 4071
76 4132
77 4246
78 4105
79 4242
80 4218
81 4185
82 4135
83 4198
84 4328
85 4396
86 4314
87 4293
88 4348
89 4307
90 4443
91 4344
92 4369
93 4430
94 4386
95 4413
96 4503
97 4389
98 4394
99 4529
100 4458
101 4403
102 4524
103 4348
104 4582
105 4573
106 4398
107 4458
108 4524
109 4540
110 4555
111 4462
112 4520
113 4687
114 4498
115 4585
116 4576
117 4655
118 4639
119 4718
120 4608
121 4646
122 4570
123 4701
124 4660
125 4697
126 4687
127 4801
128 4599
129 4770
130 4748
131 4625
132 4724
133 4775
134 4664
135 4802
136 4735
137 4908
138 4823
139 4784
140 4605
141 4843
142 4806
143 4900
144 4909
145 4827
146 4898
147 4876
148 4817
149 4938
150 4856
151 4946
152 4937
153 5057
154 4948
155 4970
156 5129
157 4952
158 5052
159 4986
160 5047
161 4999
162 5113
163 5088
164 5127
165 5075
166 4959
167 4965
168 4861
169 4990
170 4988
171 5031
172 4836
173 5097
174 5045
175 4946
176 4876
177 5086
178 4969
179 5025
180 4973
181 5010
182 5130
183 4874
184 4933
185 4964
186 5028
187 4995
188 5005
189 5071
190 5037
191 5204
192 4840
193 5001
194 5027
195 5127
196 4938
197 5094
198 5065
199 5043
200 5083
201 5159
202 5129
203 5192
204 5044
205 5032
206 5065
207 5062
208 4995
209 5079
210 5151
211 5186
212 5146
213 4986
214 4964
215 5140
216 4992
217 4983
218 5140
219 5055
220 5053
221 5032
222 5018
223 5074
224 5084
225 5085
226 5100
227 5075
228 5189
229 5315
230 5223
231 5118
232 5246
233 5283
234 5148
235 5125
236 5085
237 5247
238 5279
239 5258
240 5178
241 5311
242 5255
243 5279
244 5250
245 5251
246 5294
247 5230
248 5144
249 5223
250 5320
251 5122
252 5193
253 5093
254 5232
255 5231
256 5165
257 5268
258 5171
259 5138
260 5056
261 5224
262 4969
263 5145
264 5110
265 5074
266 5078
267 5080
268 5125
269 5093
270 5177
271 4945
272 5094
273 5025
274 4973
275 4990
276 5013
277 4879
278 4907
279 4994
280 4921
281 4997
282 4836
283 5072
284 4962
285 4894
286 4985
287 4980
288 4943
289 4895
290 4916
291 4988
292 4862
293 5066
294 4844
295 4993
296 5067
297 4906
298 5047
299 4966
300 5140
301 5241
302 5097
303 4971
304 5094
305 5033
306 4985
307 5000
308 4943
309 4955
310 4874
311 4893
312 4802
313 4861
314 4880
315 4743
316 4867
317 4879
318 4895
319 4836
320 4822
321 4725
322 4675
323 4821
324 4709
325 4932
326 4891
327 4740
328 4829
329 4756
330 4745
331 4783
332 4768
333 4854
334 4828
335 4672
336 4772
337 4773
338 4694
339 4718
340 4706
341 4661
342 4588
343 4635
344 4668
345 4504
346 4573
347 4517
348 4542
349 4476
350 4529
351 4439
352 4552
353 4463
354 4549
355 4468
356 4488
357 4482
358 4367
359 4326
360 4413
361 4520
362 4503
363 4475
364 4458
365 4326
366 4572
367 4436
368 4274
369 4537
370 4557
371 4348
372 4342
373 4391
374 4428
375 4422
376 4423
377 4344
378 4583
379 4349
380 4338
381 4271
382 4533
383 4339
384 4279
385 4325
386 4478
387 4450
388 4297
389 4319
390 4259
391 4324
392 4269
393 4330
394 4356
395 4232
396 4303
397 4260
398 4423
399 4227
400 4343
401 4234
402 4367
403 4155
404 4312
405 4217
406 4280
407 4135
408 4141
409 4327
410 4263
411 4281
412 4197
413 4102
414 4208
415 4205
416 4186
417 4191
418 4136
419 4187
420 4080
421 4162
422 4001
423 4158
424 4176
425 4018
426 4130
427 3976
428 4009
429 4164
430 4074
431 4099
432 4103
433 4008
434 4023
435 4038
436 4124
437 4230
438 4128
439 4104
440 4071
441 4032
442 4107
443 4113
444 4134
445 4205
446 4133
447 4147
448 4122
449 4040
450 4092
451 4052
452 4070
453 3858
454 4135
455 4031
456 4048
457 3988
458 4018
459 3845
460 3856
461 3964
462 3858
463 3882
464 3831
465 3886
466 3889
467 3901
468 3843
469 3895
470 3828
471 3891
472 3808
473 3823
474 3747
475 3714
476 3775
477 3814
478 3726
479 3797
480 3854
481 3666
482 3699
483 3731
484 3691
485 3737
486 3736
487 3538
488 3643
489 3648
490 3687
491 3553
492 3509
493 3584
494 3546
495 3566
496 3535
497 3475
498 3621
499 3493
500 3486
501 3511
502 3622
503 3625
504 3603
505 3415
506 3465
507 3441
508 3513
509 3538
510 3426
511 3512
512 3473
513 3469
514 3517
515 3486
516 3447
517 3495
518 3511
519 3459
520 3489
521 3375
522 3450
523 3225
524 3310
525 3388
526 3377
527 3289
528 3509
529 3287
530 3302
531 3322
532 3395
533 3284
534 3239
535 3296
536 3242
537 3299
538 3200
539 3188
540 3198
541 3164
542 3193
543 3085
544 3254
545 3288
546 3167
547 3226
548 3248
549 3077
550 3241
551 3150
552 3179
553 3178
554 3115
555 3137
556 3094
557 3059
558 2999
559 3071
560 3169
561 3070
562 3087
563 3216
564 3177
565 3105
566 3096
567 3122
568 3085
569 3268
570 3117
571 3115
572 3181
573 3217
574 3120
575 3062
576 3244
577 3123
578 3011
579 3135
580 3021
581 3007
582 3041
583 3048
584 2942
585 3116
586 3041
587 3094
588 2977
589 3127
590 3102
591 3010
592 3024
593 3026
594 2981
595 3039
596 3003
597 2894
598 2943
599 3028
600 2958
601 2985
602 2984
603 2997
604 2984
605 3063
606 3068
607 2921
608 2980
609 2977
610 2894
611 3015
612 2961
613 3013
614 3074
615 3020
616 3106
617 2933
618 2894
619 2878
620 2846
621 2864
622 2840
623 2821
624 2713
625 2842
626 2827
627 2797
628 2753
629 2826
630 2750
631 2747
632 2744
633 2666
634 2700
635 2683
636 2714
637 2723
638 2724
639 2601
640 2637
641 2658
642 2642
643 2486
644 2580
645 2539
646 2512
647 2469
648 2499
649 2497
650 2437
651 2439
652 2373
653 2447
654 2362
655 2355
656 2380
657 2372
658 2297
659 2354
660 2360
661 2314
662 2351
663 2260
664 2308
665 2295
666 2348
667 2239
668 2311
669 2353
670 2205
671 2297
672 2188
673 2291
674 2270
675 2205
676 2244
677 2263
678 2220
679 2209
680 2254
681 2210
682 2207
683 2136
684 2119
685 2140
686 2223
687 2204
688 2307
689 2118
690 2146
691 2188
692 2073
693 2102
694 2056
695 2077
696 2094
697 2089
698 2032
699 2122
700 2152
701 2089
702 2072
703 2037
704 2061
705 2053
706 2023
707 2005
708 2025
709 2040
710 2013
711 2005
712 2030
713 2036
714 1944
715 1877
716 2025
717 1994
718 1932
719 1872
720 1958
721 1958
722 1877
723 1877
724 1894
725 1867
726 1809
727 1773
728 1812
729 1832
730 1719
731 1737
732 1793
733 1746
734 1783
735 1736
736 1699
737 1784
738 1766
739 1682
740 1762
741 1714
742 1636
743 1591
744 1718
745 1718
746 1703
747 1724
748 1641
749 1624
750 1727
751 1628
752 1642
753 1662
754 1717
755 1616
756 1696
757 1660
758 1609
759 1657
760 1587
761 1590
762 1636
763 1636
764 1622
765 1632
766 1593
767 1584
768 1521
769 1587
770 1615
771 1529
772 1567
773 1533
774 1547
775 1539
776 1508
777 1559
778 1505
779 1528
780 1429
781 1469
782 1439
783 1469
784 1429
785 1407
786 1486
787 1445
788 1395
789 1442
790 1444
791 1488
792 1403
793 1458
794 1430
795 1383
796 1403
797 1413
798 1389
799 1424
800 1391
801 1502
802 1498
803 1449
804 1394
805 1417
806 1392
807 1329
808 1380
809 1428
810 1381
811 1369
812 1265
813 1310
814 1331
815 1277
816 1286
817 1275
818 1300
819 1257
820 1264
821 1267
822 1247
823 1323
824 1245
825 1264
826 1225
827 1269
828 1244
829 1268
830 1230
831 1196
832 1180
833 1209
834 1166
835 1229
836 1151
837 1153
838 1186
839 1202
840 1167
841 1182
842 1229
843 1147
844 1210
845 1105
846 1159
847 1152
848 1139
849 1217
850 1174
851 1169
852 1198
853 1143
854 1189
855 1172
856 1149
857 1197
858 1257
859 1223
860 1228
861 1127
862 1217
863 1230
864 1237
865 1206
866 1234
867 1279
868 1221
869 1242
870 1225
871 1259
872 1261
873 1244
874 1312
875 1293
876 1311
877 1248
878 1272
879 1257
880 1288
881 1293
882 1298
883 1302
884 1303
885 1288
886 1297
887 1302
888 1300
889 1290
890 1271
891 1310
892 1300
893 1302
894 1345
895 1352
896 1245
897 1347
898 1281
899 1266
900 1360
901 1294
902 1319
903 1258
904 1345
905 1352
906 1302
907 1370
908 1342
909 1333
910 1343
911 1251
912 1373
913 1364
914 1372
915 1355
916 1284
917 1340
918 1293
919 1311
920 1303
921 1268
922 1356
923 1327
924 1225
925 1280
926 1280
927 1325
928 1327
929 1273
930 1254
931 1375
932 1312
933 1331
934 1233
935 1291
936 1364
937 1253
938 1338
939 1330
940 1304
941 1238
942 1358
943 1334
944 1289
945 1275
946 1311
947 1193
948 1203
949 1282
950 1255
951 1264
952 1251
953 1269
954 1297
955 1304
956 1271
957 1333
958 1240
959 1315
960 1237
961 1343
962 1191
963 1233
964 1288
965 1253
966 1215
967 1234
968 1140
969 1208
970 1253
971 1206
972 1241
973 1223
974 1189
975 1178
976 1262
977 1247
978 1289
979 1184
980 1242
981 1186
982 1215
983 1212
984 1181
985 1183
986 1291
987 1225
988 1220
989 1224
990 1169
991 1246
992 1183
993 1212
994 1156
995 1242
996 1182
997 1181
998 1170
999 1198
1000 1136
1001 1208
1002 1108
1003 1170
1004 1189
1005 1162
1006 1117
1007 1153
1008 1141
1009 1111
1010 1141
1011 1114
1012 1098
1013 1132
1014 1130
1015 1112
1016 1132
1017 1200
1018 1111
1019 1136
1020 1076
1021 1100
1022 1138
1023 1077
1024 1117
1025 1070
1026 1108
1027 1045
1028 1080
1029 1134
1030 1032
1031 1100
1032 1126
1033 1073
1034 1079
1035 1054
1036 1058
1037 1049
1038 1044
1039 1091
1040 1089
1041 1062
1042 995
1043 1046
1044 1058
1045 1067
1046 1062
1047 1088
1048 1018
1049 1083
1050 1050
1051 984
1052 1022
1053 1030
1054 1069
1055 1038
1056 1035
1057 997
1058 1054
1059 1026
1060 962
1061 999
1062 943
1063 935
1064 936
1065 917
1066 1052
1067 954
1068 936
1069 960
1070 959
1071 916
1072 956
1073 979
1074 927
1075 889
1076 921
1077 941
1078 926
1079 897
1080 906
1081 908
1082 950
1083 954
1084 962
1085 939
1086 937
1087 937
1088 942
1089 899
1090 902
1091 868
1092 882
1093 874
1094 854
1095 922
1096 892
1097 888
1098 923
1099 878
1100 832
1101 871
1102 855
1103 897
1104 866
1105 826
1106 822
1107 840
1108 842
1109 834
1110 811
1111 802
1112 793
1113 797
1114 844
1115 850
1116 834
1117 812
1118 824
1119 745
1120 793
1121 779
1122 795
1123 779
1124 771
1125 815
1126 791
1127 792
1128 782
1129 792
1130 730
1131 811
1132 731
1133 767
1134 777
1135 714
1136 752
1137 741
1138 717
1139 703
1140 755
1141 723
1142 710
1143 721
1144 723
1145 761
1146 747
1147 755
1148 734
1149 778
1150 677
1151 700
1152 754
1153 692
1154 715
1155 683
1156 724
1157 694
1158 718
1159 727
1160 697
1161 713
1162 712
1163 667
1164 671
1165 756
1166 695
1167 716
1168 656
1169 703
1170 685
1171 718
1172 709
1173 680
1174 709
1175 666
1176 684
1177 662
1178 696
1179 628
1180 640
1181 675
1182 617
1183 666
1184 639
1185 639
1186 663
1187 616
1188 626
1189 668
1190 633
1191 605
1192 626
1193 612
1194 629
1195 655
1196 627
1197 608
1198 584
1199 636
1200 601
1201 592
1202 628
1203 640
1204 651
1205 631
1206 643
1207 635
1208 620
1209 631
1210 575
1211 617
1212 623
1213 655
1214 619
1215 617
1216 580
1217 665
1218 636
1219 620
1220 627
1221 619
1222 598
1223 624
1224 660
1225 572
1226 591
1227 611
1228 595
1229 655
1230 601
1231 576
1232 563
1233 558
1234 620
1235 628
1236 593
1237 569
1238 600
1239 599
1240 597
1241 598
1242 581
1243 608
1244 592
1245 551
1246 534
1247 544
1248 626
1249 582
1250 546
1251 564
1252 590
1253 652
1254 590
1255 559
1256 576
1257 529
1258 549
1259 576
1260 560
1261 528
1262 546
1263 560
1264 557
1265 602
1266 583
1267 531
1268 579
1269 566
1270 530
1271 568
1272 549
1273 563
1274 565
1275 540
1276 541
1277 545
1278 549
1279 551
1280 586
1281 543
1282 531
1283 526
1284 528
1285 550
1286 505
1287 508
1288 522
1289 485
1290 545
1291 505
1292 487
1293 493
1294 525
1295 507
1296 485
1297 471
1298 501
1299 432
1300 461
1301 498
1302 478
1303 491
1304 452
1305 456
1306 474
1307 481
1308 492
1309 467
1310 454
1311 464
1312 499
1313 479
1314 454
1315 459
1316 465
1317 441
1318 481
1319 430
1320 433
1321 455
1322 444
1323 481
1324 455
1325 466
1326 422
1327 437
1328 491
1329 431
1330 474
1331 451
1332 401
1333 437
1334 474
1335 431
1336 403
1337 424
1338 419
1339 395
1340 415
1341 400
1342 390
1343 408
1344 444
1345 433
1346 427
1347 408
1348 425
1349 422
1350 398
1351 413
1352 423
1353 453
1354 395
1355 376
1356 387
1357 385
1358 404
1359 389
1360 376
1361 423
1362 392
1363 397
1364 389
1365 373
1366 391
1367 357
1368 394
1369 385
1370 373
1371 413
1372 356
1373 414
1374 368
1375 355
1376 404
1377 337
1378 338
1379 378
1380 361
1381 358
1382 344
1383 349
1384 392
1385 360
1386 388
1387 324
1388 308
1389 349
1390 370
1391 332
1392 347
1393 368
1394 331
1395 344
1396 318
1397 358
1398 344
1399 343
1400 372
1401 331
1402 340
1403 308
1404 316
1405 310
1406 306
1407 343
1408 311
1409 321
1410 284
1411 308
1412 346
1413 324
1414 299
1415 351
1416 305
1417 326
1418 334
1419 302
1420 312
1421 340
1422 292
1423 272
1424 309
1425 322
1426 316
1427 327
1428 295
1429 272
1430 316
1431 298
1432 284
1433 294
1434 289
1435 306
1436 268
1437 273
1438 309
1439 287
1440 285
1441 289
1442 260
1443 293
1444 261
1445 277
1446 270
1447 281
1448 301
1449 255
1450 279
1451 246
1452 272
1453 266
1454 285
1455 255
1456 265
1457 263
1458 264
1459 283
1460 285
1461 223
1462 260
1463 280
1464 272
1465 273
1466 248
1467 213
1468 251
1469 244
1470 257
1471 261
1472 261
1473 227
1474 257
1475 263
1476 240
1477 246
1478 274
1479 253
1480 213
1481 231
1482 191
1483 261
1484 221
1485 223
1486 228
1487 233
1488 203
1489 215
1490 209
1491 231
1492 196
1493 238
1494 212
1495 227
1496 230
1497 203
1498 250
1499 234
1500 241
1501 197
1502 198
1503 210
1504 213
1505 193
1506 235
1507 215
1508 209
1509 238
1510 201
1511 220
1512 195
1513 196
1514 210
1515 212
1516 203
1517 212
1518 192
1519 197
1520 225
1521 186
1522 191
1523 196
1524 204
1525 182
1526 219
1527 217
1528 222
1529 196
1530 198
1531 190
1532 205
1533 186
1534 207
1535 169
1536 184
1537 167
1538 185
1539 191
1540 169
1541 221
1542 176
1543 155
1544 219
1545 197
1546 181
1547 181
1548 172
1549 148
1550 180
1551 183
1552 148
1553 172
1554 165
1555 175
1556 176
1557 185
1558 158
1559 155
1560 161
1561 176
1562 182
1563 153
1564 165
1565 165
1566 164
1567 192
1568 147
1569 202
1570 182
1571 182
1572 160
1573 156
1574 155
1575 162
1576 163
1577 150
1578 161
1579 160
1580 140
1581 144
1582 148
1583 178
1584 161
1585 152
1586 187
1587 161
1588 150
1589 180
1590 129
1591 137
1592 162
1593 140
1594 146
1595 138
1596 166
1597 146
1598 153
1599 165
1600 157
1601 147
1602 148
1603 144
1604 139
1605 139
1606 132
1607 150
1608 138
1609 122
1610 119
1611 144
1612 165
1613 145
1614 140
1615 141
1616 108
1617 137
1618 125
1619 122
1620 129
1621 127
1622 165
1623 139
1624 128
1625 118
1626 151
1627 125
1628 122
1629 129
1630 115
1631 132
1632 134
1633 149
1634 119
1635 148
1636 134
1637 132
1638 126
1639 120
1640 111
1641 118
1642 128
1643 112
1644 127
1645 111
1646 129
1647 129
1648 124
1649 124
1650 123
1651 137
1652 119
1653 106
1654 123
1655 113
1656 94
1657 117
1658 120
1659 99
1660 101
1661 106
1662 111
1663 124
1664 93
1665 100
1666 103
1667 105
1668 111
1669 90
1670 114
1671 124
1672 105
1673 95
1674 94
1675 93
1676 105
1677 99
1678 98
1679 95
1680 83
1681 102
1682 90
1683 115
1684 103
1685 83
1686 112
1687 98
1688 121
1689 96
1690 87
1691 101
1692 100
1693 109
1694 79
1695 82
1696 74
1697 89
1698 93
1699 92
1700 87
1701 109
1702 92
1703 94
1704 93
1705 93
1706 67
1707 78
1708 94
1709 86
1710 72
1711 96
1712 104
1713 67
1714 90
1715 95
1716 81
1717 95
1718 76
1719 79
1720 97
1721 85
1722 63
1723 77
1724 74
1725 94
1726 79
1727 85
1728 76
1729 75
1730 75
1731 85
1732 80
1733 88
1734 69
1735 83
1736 73
1737 84
1738 79
1739 76
1740 58
1741 90
1742 63
1743 75
1744 63
1745 66
1746 63
1747 62
1748 69
1749 52
1750 75
1751 77
1752 74
1753 61
1754 67
1755 60
1756 64
1757 58
1758 64
1759 76
1760 73
1761 59
1762 69
1763 58
1764 60
1765 68
1766 67
1767 61
1768 58
1769 78
1770 67
1771 73
1772 56
1773 63
1774 64
1775 62
1776 60
1777 61
1778 71
1779 54
1780 66
1781 53
1782 65
1783 57
1784 57
1785 64
1786 57
1787 62
1788 66
1789 56
1790 43
1791 46
1792 54
1793 66
1794 56
1795 52
1796 47
1797 76
1798 55
1799 63
1800 55
1801 60
1802 48
1803 51
1804 48
1805 50
1806 46
1807 38
1808 56
1809 44
1810 46
1811 46
1812 51
1813 58
1814 57
1815 45
1816 56
1817 50
1818 36
1819 48
1820 44
1821 41
1822 44
1823 53
1824 49
1825 48
1826 53
1827 52
1828 39
1829 48
1830 46
1831 44
1832 38
1833 50
1834 44
1835 40
1836 44
1837 38
1838 43
1839 46
1840 46
1841 58
1842 41
1843 33
1844 39
1845 37
1846 25
1847 48
1848 37
1849 52
1850 25
1851 27
1852 35
1853 29
1854 41
1855 37
1856 39
1857 40
1858 33
1859 31
1860 34
1861 25
1862 32
1863 34
1864 33
1865 36
1866 37
1867 29
1868 33
1869 37
1870 34
1871 28
1872 27
1873 30
1874 39
1875 34
1876 49
1877 31
1878 28
1879 28
1880 30
1881 36
1882 27
1883 31
1884 26
1885 37
1886 35
1887 24
1888 34
1889 39
1890 42
1891 29
1892 22
1893 29
1894 24
1895 24
1896 28
1897 26
1898 23
1899 33
1900 24
1901 23
1902 21
1903 24
1904 26
1905 24
1906 27
1907 24
1908 22
1909 18
1910 22
1911 27
1912 18
1913 24
1914 15
1915 24
1916 18
1917 24
1918 27
1919 21
1920 19
1921 20
1922 23
1923 19
1924 17
1925 20
1926 23
1927 18
1928 25
1929 14
1930 21
1931 19
1932 21
1933 17
1934 19
1935 15
1936 8
1937 17
1938 18
1939 25
1940 13
1941 16
1942 13
1943 9
1944 19
1945 12
1946 16
1947 13
1948 16
1949 19
1950 14
1951 11
1952 14
1953 18
1954 10
1955 10
1956 23
1957 10
1958 13
1959 18
1960 12
1961 10
1962 8
1963 15
1964 14
1965 15
1966 12
1967 19
1968 19
1969 17
1970 13
1971 23
1972 14
1973 13
1974 11
1975 12
1976 16
1977 15
1978 8
1979 14
1980 10
1981 14
1982 14
1983 12
1984 17
1985 11
1986 13
1987 3
1988 15
1989 7
1990 9
1991 13
1992 12
1993 11
1994 16
1995 10
1996 12
1997 9
1998 7
1999 10
2000 12
2001 7
2002 14
2003 10
2004 9
2005 9
2006 12
2007 10
2008 10
2009 11
2010 17
2011 9
2012 4
2013 15
2014 9
2015 8
2016 6
2017 11
2018 8
2019 9
2020 9
2021 11
2022 4
2023 16
2024 12
2025 10
2026 8
2027 14
2028 4
2029 11
2030 6
2031 12
2032 7
2033 9
2034 5
2035 8
2036 10
2037 7
2038 10
2039 7
2040 4
2041 4
2042 7
2043 7
2044 15
2045 8
2046 3
2047 7
2048 12
2049 12
2050 11
2051 7
2052 7
2053 7
2054 6
2055 9
2056 4
2057 3
2058 8
2059 6
2060 7
2061 6
2062 6
2063 9
2064 5
2065 4
2066 7
2067 5
2068 6
2069 12
2070 5
2071 4
2072 6
2073 6
2074 4
2075 9
2076 3
2077 2
2078 5
2079 3
2080 2
2081 4
2082 3
2083 6
2084 4
2085 8
2086 8
2087 1
2088 3
2089 7
2090 4
2091 5
2092 3
2093 10
2094 2
2095 2
2096 5
2097 4
2098 4
2099 9
2100 1
2101 4
2102 2
2103 8
2104 3
2105 2
2106 4
2107 7
2108 5
2109 1
2110 3
2111 4
2112 2
2113 3
2114 3
2115 1
2116 2
2117 2
2118 4
2119 4
2120 3
2121 4
2122 2
2123 3
2124 3
2126 5
2128 2
2129 8
2131 2
2132 3
2133 3
2134 2
2135 1
2136 2
2137 3
2138 1
2139 1
2140 1
2141 2
2142 2
2143 1
2144 7
2147 2
2148 1
2149 1
2150 3
2151 3
2152 1
2153 1
2154 1
2155 4
2157 2
2158 1
2159 1
2160 2
2161 2
2162 2
2163 1
2164 2
2165 1
2167 2
2168 3
2169 1
2170 2
2172 1
2173 2
2175 1
2177 3
2178 1
2180 3
2181 1
2183 1
2184 2
2185 1
2187 1
2188 4
2189 2
2192 2
2194 2
2195 1
2201 1
2202 1
2205 1
2207 1
2210 2
2214 2
2218 1
2219 1
2220 1
2225 1
2227 1
2228 1
2230 1
2234 1
2237 2
2239 1
2240 1
2245 1
2246 1
2249 2
2250 1
2253 1
2264 1
2266 1
2269 2
2270 1
2272 1
2274 2
2276 3
2280 1
2281 1
2285 1
2286 1
2296 1
2303 1
2304 1
2311 1
2313 1
2316 1
