-523 1
-521 5
-520 3
-519 3
-518 4
-517 17
-516 17
-515 19
-514 24
-513 33
-512 32
-511 42
-510 47
-509 49
-508 50
-507 47
-506 52
-505 60
-504 72
-503 87
-502 95
-501 87
-500 96
-499 110
-498 125
-497 131
-496 113
-495 120
-494 137
-493 126
-492 163
-491 144
-490 125
-489 112
-488 159
-487 164
-486 151
-485 191
-484 177
-483 175
-482 157
-481 173
-480 164
-479 204
-478 178
-477 184
-476 182
-475 169
-474 151
-473 178
-472 177
-471 175
-470 171
-469 169
-468 186
-467 194
-466 172
-465 182
-464 186
-463 213
-462 180
-461 183
-460 200
-459 235
-458 253
-457 234
-456 219
-455 224
-454 274
-453 232
-452 243
-451 247
-450 270
-449 259
-448 259
-447 250
-446 265
-445 247
-444 264
-443 243
-442 293
-441 261
-440 250
-439 281
-438 254
-437 270
-436 264
-435 249
-434 272
-433 252
-432 264
-431 270
-430 256
-429 271
-428 256
-427 285
-426 277
-425 333
-424 289
-423 325
-422 300
-421 350
-420 332
-419 342
-418 326
-417 369
-416 352
-415 341
-414 358
-413 364
-412 387
-411 390
-410 372
-409 397
-408 381
-407 398
-406 394
-405 376
-404 407
-403 422
-402 366
-401 411
-400 390
-399 388
-398 427
-397 434
-396 414
-395 470
-394 458
-393 432
-392 454
-391 485
-390 459
-389 522
-388 506
-387 506
-386 521
-385 553
-384 520
-383 564
-382 555
-381 529
-380 603
-379 609
-378 561
-377 575
-376 576
-375 586
-374 582
-373 591
-372 579
-371 521
-370 575
-369 564
-368 605
-367 511
-366 591
-365 579
-364 593
-363 587
-362 592
-361 586
-360 648
-359 613
-358 631
-357 643
-356 583
-355 662
-354 619
-353 634
-352 662
-351 614
-350 631
-349 649
-348 616
-347 650
-346 634
-345 632
-344 638
-343 652
-342 687
-341 623
-340 662
-339 695
-338 704
-337 645
-336 623
-335 618
-334 637
-333 673
-332 649
-331 692
-330 686
-329 661
-328 644
-327 657
-326 651
-325 697
-324 638
-323 664
-322 689
-321 641
-320 680
-319 687
-318 711
-317 689
-316 673
-315 735
-314 686
-313 735
-312 690
-311 697
-310 711
-309 689
-308 713
-307 695
-306 823
-305 780
-304 730
-303 778
-302 823
-301 826
-300 828
-299 852
-298 848
-297 822
-296 827
-295 878
-294 831
-293 816
-292 821
-291 814
-290 837
-289 903
-288 861
-287 840
-286 821
-285 840
-284 823
-283 852
-282 899
-281 846
-280 877
-279 908
-278 887
-277 884
-276 841
-275 970
-274 891
-273 908
-272 942
-271 899
-270 970
-269 916
-268 897
-267 895
-266 924
-265 954
-264 955
-263 909
-262 1019
-261 972
-260 1016
-259 1026
-258 1061
-257 1039
-256 1146
-255 1146
-254 1177
-253 1239
-252 1184
-251 1185
-250 1152
-249 1206
-248 1210
-247 1217
-246 1196
-245 1245
-244 1214
-243 1183
-242 1262
-241 1343
-240 1297
-239 1301
-238 1361
-237 1307
-236 1316
-235 1343
-234 1303
-233 1337
-232 1391
-231 1359
-230 1375
-229 1378
-228 1421
-227 1391
-226 1455
-225 1407
-224 1449
-223 1461
-222 1357
-221 1419
-220 1403
-219 1464
-218 1389
-217 1450
-216 1495
-215 1479
-214 1489
-213 1465
-212 1540
-211 1500
-210 1500
-209 1584
-208 1440
-207 1511
-206 1559
-205 1549
-204 1588
-203 1579
-202 1562
-201 1602
-200 1617
-199 1621
-198 1638
-197 1621
-196 1632
-195 1733
-194 1672
-193 1747
-192 1742
-191 1702
-190 1765
-189 1776
-188 1843
-187 1846
-186 1860
-185 1913
-184 1924
-183 2043
-182 1980
-181 2011
-180 2072
-179 2021
-178 2079
-177 1978
-176 2103
-175 2113
-174 2084
-173 2166
-172 2043
-171 2150
-170 2081
-169 2006
-168 2087
-167 2143
-166 2191
-165 2126
-164 2184
-163 2228
-162 2227
-161 2296
-160 2343
-159 2321
-158 2330
-157 2285
-156 2297
-155 2254
-154 2389
-153 2390
-152 2281
-151 2341
-150 2374
-149 2391
-148 2403
-147 2399
-146 2411
-145 2422
-144 2440
-143 2508
-142 2564
-141 2590
-140 2525
-139 2466
-138 2631
-137 2697
-136 2599
-135 2626
-134 2632
-133 2690
-132 2678
-131 2623
-130 2678
-129 2668
-128 2596
-127 2715
-126 2745
-125 2710
-124 2881
-123 2937
-122 2767
-121 2925
-120 2980
-119 2918
-118 2928
-117 2950
-116 3057
-115 2995
-114 3059
-113 3019
-112 3034
-111 3081
-110 3088
-109 3154
-108 3240
-107 3101
-106 3159
-105 3208
-104 3171
-103 3272
-102 3287
-101 3256
-100 3281
-99 3262
-98 3412
-97 3312
-96 3312
-95 3501
-94 3471
-93 3511
-92 3460
-91 3390
-90 3550
-89 3525
-88 3575
-87 3603
-86 3653
-85 3601
-84 3639
-83 3627
-82 3655
-81 3824
-80 3745
-79 3825
-78 3757
-77 3869
-76 3942
-75 3853
-74 3834
-73 3940
-72 3903
-71 4036
-70 3881
-69 3965
-68 3904
-67 3922
-66 4050
-65 3983
-64 4080
-63 4038
-62 3994
-61 3955
-60 4007
-59 4168
-58 4036
-57 4203
-56 4121
-55 4145
-54 4066
-53 4142
-52 4058
-51 4148
-50 4098
-49 4141
-48 4029
-47 4130
-46 4096
-45 4231
-44 4192
-43 4144
-42 4089
-41 4157
-40 4225
-39 4085
-38 4120
-37 4143
-36 4263
-35 4202
-34 4202
-33 4297
-32 4199
-31 4264
-30 4267
-29 4282
-28 4164
-27 4357
-26 4354
-25 4352
-24 4467
-23 4398
-22 4485
-21 4484
-20 4468
-19 4479
-18 4582
-17 4518
-16 4533
-15 4530
-14 4552
-13 4725
-12 4602
-11 4681
-10 4574
-9 4643
-8 4741
-7 4724
-6 4738
-5 4619
-4 4617
-3 4665
-2 4831
-1 4846
0 4848
1 4834
2 4827
3 4835
4 4886
5 4938
6 4976
7 4939
8 4864
9 4846
10 5111
11 5140
12 5159
13 5255
14 5161
15 5074
16 5088
17 5084
18 4991
19 5109
20 5083
21 5311
22 5257
23 5161
24 5263
25 5140
26 5284
27 5269
28 5289
29 5240
30 5274
31 5334
32 5225
33 5254
34 5208
35 5248
36 5291
37 5335
38 5268
39 5233
40 5176
41 5182
42 5289
43 5301
44 5383
45 5335
46 5288
47 5462
48 5469
49 5404
50 5418
51 5469
52 5577
53 5559
54 5399
55 5474
56 5463
57 5583
58 5605
59 5632
60 5587
61 5698
62 5600
63 5751
64 5492
65 5713
66 5664
67 5659
68 5762
69 5555
70 5638
71 5700
72 5740
73 5874
74 5729
75 5801
76 5760
77 5696
78 5721
79 5854
80 6040
81 5822
82 5872
83 5937
84 6010
85 5919
86 5897
87 5991
88 5869
89 5986
90 5949
91 5861
92 5981
93 5917
94 5862
95 5854
96 5873
97 6044
98 5988
99 5829
100 5812
101 5815
102 5830
103 5812
104 5852
105 5707
106 5693
107 5703
108 5876
109 5806
110 5827
111 5750
112 5840
113 5761
114 6004
115 5736
116 5816
117 5724
118 5762
119 5933
120 5830
121 5939
122 5939
123 6139
124 5771
125 5781
126 5888
127 5833
128 5939
129 5890
130 5854
131 5844
132 5855
133 5863
134 5885
135 5949
136 5835
137 5845
138 5732
139 5981
140 5670
141 5869
142 5777
143 5866
144 5750
145 5789
146 5952
147 5713
148 5874
149 5817
150 5786
151 5851
152 5849
153 5887
154 5876
155 5749
156 5863
157 5784
158 5787
159 5792
160 5813
161 5776
162 5756
163 5715
164 5698
165 5713
166 5850
167 5619
168 5707
169 5725
170 5668
171 5766
172 5717
173 5801
174 5745
175 5811
176 5709
177 5692
178 5714
179 5507
180 5610
181 5509
182 5585
183 5608
184 5554
185 5589
186 5696
187 5473
188 5605
189 5497
190 5620
191 5483
192 5591
193 5554
194 5555
195 5582
196 5494
197 5571
198 5645
199 5588
200 5637
201 5432
202 5525
203 5484
204 5583
205 5496
206 5371
207 5479
208 5513
209 5506
210 5392
211 5388
212 5453
213 5570
214 5331
215 5371
216 5346
217 5365
218 5342
219 5475
220 5235
221 5227
222 5364
223 5302
224 5217
225 5302
226 5252
227 5180
228 5346
229 5145
230 5126
231 5140
232 5200
233 5205
234 5130
235 5094
236 5211
237 5165
238 5149
239 4930
240 4963
241 4972
242 4961
243 5101
244 5028
245 5037
246 4948
247 4963
248 4876
249 5027
250 5072
251 4923
252 4885
253 4917
254 4945
255 4872
256 5004
257 4864
258 4918
259 4887
260 4848
261 5013
262 4969
263 4910
264 4908
265 4826
266 4901
267 4862
268 4917
269 4770
270 4801
271 4779
272 4768
273 4766
274 4653
275 4765
276 4685
277 4852
278 4721
279 4832
280 4570
281 4664
282 4491
283 4664
284 4721
285 4738
286 4558
287 4559
288 4559
289 4597
290 4704
291 4442
292 4582
293 4473
294 4522
295 4423
296 4512
297 4598
298 4532
299 4461
300 4546
301 4561
302 4535
303 4433
304 4523
305 4379
306 4366
307 4358
308 4432
309 4380
310 4468
311 4366
312 4346
313 4326
314 4329
315 4302
316 4206
317 4322
318 4303
319 4215
320 4315
321 4285
322 4094
323 4237
324 4126
325 4145
326 4222
327 4126
328 4228
329 4089
330 4083
331 4169
332 4130
333 4099
334 4061
335 3934
336 3780
337 4102
338 3997
339 3952
340 3925
341 4030
342 3838
343 3866
344 3937
345 3913
346 3995
347 3810
348 3873
349 3882
350 3809
351 3764
352 3938
353 3688
354 3770
355 3622
356 3668
357 3828
358 3680
359 3700
360 3652
361 3669
362 3665
363 3638
364 3490
365 3595
366 3647
367 3550
368 3553
369 3493
370 3601
371 3469
372 3542
373 3492
374 3427
375 3475
376 3422
377 3386
378 3412
379 3380
380 3393
381 3355
382 3472
383 3366
384 3304
385 3390
386 3437
387 3416
388 3339
389 3416
390 3309
391 3427
392 3294
393 3325
394 3283
395 3388
396 3326
397 3314
398 3192
399 3318
400 3273
401 3152
402 3194
403 3152
404 3225
405 3320
406 3069
407 3036
408 3154
409 3152
410 3113
411 3104
412 3101
413 3157
414 3122
415 3080
416 3063
417 3026
418 3166
419 3079
420 2993
421 3001
422 3046
423 2902
424 2941
425 2930
426 2952
427 2902
428 2945
429 3051
430 2997
431 2897
432 2893
433 2929
434 2945
435 2924
436 2829
437 2966
438 2959
439 2872
440 2839
441 2903
442 2833
443 2866
444 2782
445 2807
446 2692
447 2788
448 2852
449 2825
450 2722
451 2747
452 2739
453 2715
454 2801
455 2712
456 2694
457 2683
458 2750
459 2696
460 2779
461 2612
462 2740
463 2649
464 2637
465 2576
466 2695
467 2652
468 2682
469 2609
470 2674
471 2701
472 2699
473 2668
474 2665
475 2651
476 2622
477 2490
478 2479
479 2485
480 2497
481 2487
482 2471
483 2513
484 2452
485 2503
486 2503
487 2439
488 2456
489 2395
490 2459
491 2439
492 2477
493 2488
494 2446
495 2390
496 2416
497 2279
498 2358
499 2455
500 2337
501 2334
502 2309
503 2317
504 2288
505 2144
506 2213
507 2216
508 2240
509 2149
510 2151
511 2203
512 2105
513 2122
514 2055
515 2152
516 2148
517 2095
518 2124
519 2066
520 1934
521 2052
522 2037
523 2012
524 2049
525 1953
526 2125
527 2012
528 2030
529 1968
530 2058
531 2046
532 1953
533 1983
534 1961
535 1957
536 1990
537 1986
538 1996
539 1992
540 1988
541 1888
542 1931
543 1940
544 1941
545 1905
546 1840
547 1824
548 1896
549 1841
550 1815
551 1855
552 1871
553 1744
554 1845
555 1805
556 1853
557 1798
558 1813
559 1795
560 1692
561 1759
562 1736
563 1763
564 1696
565 1736
566 1758
567 1630
568 1705
569 1723
570 1753
571 1704
572 1713
573 1593
574 1656
575 1597
576 1687
577 1682
578 1626
579 1622
580 1601
581 1546
582 1560
583 1547
584 1629
585 1594
586 1660
587 1614
588 1547
589 1527
590 1605
591 1558
592 1534
593 1525
594 1565
595 1589
596 1488
597 1527
598 1592
599 1529
600 1564
601 1595
602 1492
603 1512
604 1553
605 1461
606 1528
607 1502
608 1473
609 1372
610 1418
611 1467
612 1346
613 1380
614 1312
615 1393
616 1390
617 1373
618 1394
619 1322
620 1335
621 1351
622 1320
623 1397
624 1316
625 1274
626 1351
627 1270
628 1234
629 1238
630 1293
631 1273
632 1273
633 1172
634 1232
635 1218
636 1164
637 1212
638 1217
639 1186
640 1241
641 1183
642 1208
643 1137
644 1200
645 1121
646 1193
647 1166
648 1153
649 1146
650 1263
651 1122
652 1113
653 1101
654 1137
655 1144
656 1089
657 1109
658 1121
659 1097
660 1035
661 1129
662 1021
663 1111
664 1126
665 1149
666 1097
667 1085
668 1100
669 1114
670 1180
671 1095
672 1077
673 1113
674 1089
675 1051
676 1031
677 1103
678 1082
679 1058
680 1063
681 1015
682 1108
683 1071
684 1050
685 1039
686 1067
687 1083
688 1062
689 1061
690 1067
691 1070
692 1028
693 1051
694 1030
695 1037
696 1029
697 1066
698 974
699 1066
700 1030
701 1031
702 992
703 982
704 1033
705 1048
706 1089
707 993
708 1027
709 959
710 952
711 1022
712 997
713 1040
714 1010
715 986
716 995
717 1052
718 973
719 1021
720 973
721 1069
722 1014
723 1099
724 999
725 1029
726 984
727 1018
728 1064
729 994
730 1145
731 1058
732 1089
733 1083
734 1053
735 1025
736 1047
737 1049
738 1008
739 1082
740 1017
741 1104
742 1124
743 1110
744 1107
745 1151
746 1071
747 1083
748 1196
749 1054
750 1125
751 1105
752 1203
753 1120
754 1136
755 1089
756 1165
757 1119
758 1148
759 1181
760 1191
761 1150
762 1131
763 1155
764 1227
765 1212
766 1094
767 1147
768 1215
769 1180
770 1157
771 1200
772 1217
773 1151
774 1196
775 1213
776 1241
777 1217
778 1139
779 1217
780 1270
781 1296
782 1252
783 1254
784 1229
785 1272
786 1227
787 1253
788 1291
789 1263
790 1234
791 1207
792 1209
793 1194
794 1277
795 1231
796 1218
797 1327
798 1243
799 1272
800 1256
801 1298
802 1330
803 1152
804 1325
805 1330
806 1338
807 1245
808 1207
809 1278
810 1314
811 1239
812 1295
813 1256
814 1353
815 1370
816 1296
817 1344
818 1244
819 1330
820 1299
821 1380
822 1281
823 1385
824 1316
825 1238
826 1386
827 1307
828 1262
829 1272
830 1323
831 1254
832 1271
833 1272
834 1239
835 1297
836 1334
837 1266
838 1244
839 1228
840 1228
841 1272
842 1235
843 1207
844 1228
845 1229
846 1234
847 1225
848 1265
849 1188
850 1251
851 1197
852 1260
853 1224
854 1255
855 1207
856 1265
857 1244
858 1252
859 1211
860 1241
861 1241
862 1189
863 1251
864 1166
865 1190
866 1279
867 1241
868 1190
869 1232
870 1206
871 1185
872 1218
873 1201
874 1198
875 1175
876 1237
877 1218
878 1152
879 1133
880 1201
881 1180
882 1221
883 1244
884 1258
885 1162
886 1198
887 1170
888 1183
889 1134
890 1155
891 1191
892 1136
893 1106
894 1149
895 1170
896 1218
897 1116
898 1199
899 1105
900 1153
901 1138
902 1124
903 1163
904 1163
905 1112
906 1147
907 1175
908 1118
909 1116
910 1148
911 1175
912 1189
913 1100
914 1129
915 1148
916 1146
917 1147
918 1112
919 1148
920 1125
921 1096
922 1111
923 1076
924 1108
925 1116
926 1077
927 1103
928 1057
929 1089
930 1049
931 1039
932 1057
933 1064
934 1134
935 1051
936 1040
937 1075
938 1049
939 1052
940 1034
941 999
942 1027
943 1047
944 1028
945 966
946 1011
947 1001
948 994
949 1051
950 983
951 1013
952 1058
953 966
954 946
955 949
956 945
957 1012
958 974
959 1032
960 973
961 933
962 1052
963 935
964 946
965 949
966 963
967 953
968 871
969 939
970 898
971 927
972 914
973 881
974 938
975 855
976 897
977 910
978 896
979 952
980 918
981 884
982 917
983 879
984 889
985 871
986 919
987 895
988 862
989 920
990 840
991 848
992 883
993 872
994 845
995 876
996 845
997 823
998 875
999 833
1000 833
1001 889
1002 830
1003 825
1004 825
1005 819
1006 864
1007 859
1008 780
1009 808
1010 800
1011 816
1012 780
1013 793
1014 806
1015 774
1016 791
1017 776
1018 779
1019 809
1020 778
1021 813
1022 780
1023 791
1024 806
1025 736
1026 753
1027 721
1028 786
1029 764
1030 759
1031 733
1032 706
1033 722
1034 775
1035 710
1036 794
1037 756
1038 799
1039 661
1040 718
1041 728
1042 732
1043 746
1044 674
1045 683
1046 704
1047 700
1048 705
1049 691
1050 704
1051 665
1052 715
1053 758
1054 700
1055 650
1056 665
1057 664
1058 676
1059 682
1060 672
1061 706
1062 712
1063 636
1064 675
1065 628
1066 696
1067 686
1068 687
1069 665
1070 617
1071 674
1072 669
1073 697
1074 627
1075 701
1076 655
1077 661
1078 626
1079 654
1080 650
1081 695
1082 648
1083 626
1084 650
1085 643
1086 620
1087 654
1088 633
1089 652
1090 641
1091 640
1092 620
1093 621
1094 607
1095 594
1096 620
1097 643
1098 621
1099 588
1100 633
1101 592
1102 661
1103 646
1104 677
1105 587
1106 573
1107 618
1108 614
1109 609
1110 610
1111 627
1112 601
1113 588
1114 586
1115 578
1116 554
1117 559
1118 595
1119 571
1120 546
1121 608
1122 621
1123 577
1124 625
1125 582
1126 559
1127 571
1128 572
1129 625
1130 596
1131 559
1132 547
1133 571
1134 538
1135 554
1136 523
1137 539
1138 547
1139 539
1140 560
1141 577
1142 578
1143 546
1144 540
1145 549
1146 529
1147 534
1148 558
1149 512
1150 572
1151 517
1152 541
1153 555
1154 549
1155 541
1156 535
1157 499
1158 521
1159 472
1160 542
1161 546
1162 459
1163 498
1164 499
1165 482
1166 508
1167 510
1168 501
1169 516
1170 495
1171 474
1172 535
1173 523
1174 464
1175 481
1176 484
1177 471
1178 520
1179 500
1180 484
1181 429
1182 466
1183 467
1184 484
1185 519
1186 485
1187 497
1188 483
1189 469
1190 414
1191 436
1192 411
1193 447
1194 444
1195 459
1196 457
1197 485
1198 432
1199 472
1200 445
1201 481
1202 444
1203 427
1204 429
1205 412
1206 443
1207 446
1208 419
1209 399
1210 405
1211 430
1212 428
1213 431
1214 415
1215 447
1216 426
1217 405
1218 388
1219 413
1220 472
1221 399
1222 428
1223 386
1224 436
1225 407
1226 397
1227 421
1228 398
1229 388
1230 415
1231 391
1232 394
1233 351
1234 415
1235 384
1236 368
1237 398
1238 396
1239 359
1240 373
1241 380
1242 383
1243 369
1244 379
1245 362
1246 365
1247 361
1248 368
1249 383
1250 357
1251 364
1252 344
1253 383
1254 338
1255 346
1256 347
1257 363
1258 344
1259 383
1260 339
1261 329
1262 365
1263 355
1264 371
1265 369
1266 343
1267 335
1268 350
1269 340
1270 319
1271 347
1272 361
1273 365
1274 332
1275 290
1276 313
1277 347
1278 327
1279 318
1280 302
1281 350
1282 322
1283 298
1284 314
1285 306
1286 284
1287 310
1288 319
1289 329
1290 301
1291 291
1292 335
1293 284
1294 296
1295 298
1296 314
1297 282
1298 300
1299 303
1300 302
1301 301
1302 306
1303 291
1304 302
1305 267
1306 290
1307 307
1308 257
1309 265
1310 290
1311 283
1312 308
1313 298
1314 284
1315 284
1316 236
1317 292
1318 286
1319 255
1320 272
1321 248
1322 280
1323 290
1324 282
1325 281
1326 265
1327 257
1328 268
1329 296
1330 249
1331 266
1332 259
1333 263
1334 272
1335 252
1336 270
1337 277
1338 252
1339 254
1340 293
1341 279
1342 224
1343 230
1344 238
1345 266
1346 229
1347 228
1348 241
1349 245
1350 244
1351 219
1352 249
1353 235
1354 217
1355 258
1356 253
1357 237
1358 256
1359 242
1360 221
1361 236
1362 210
1363 226
1364 212
1365 236
1366 216
1367 194
1368 208
1369 230
1370 227
1371 220
1372 224
1373 219
1374 205
1375 214
1376 201
1377 211
1378 207
1379 198
1380 193
1381 235
1382 188
1383 208
1384 210
1385 218
1386 225
1387 207
1388 172
1389 189
1390 188
1391 188
1392 195
1393 199
1394 204
1395 195
1396 164
1397 190
1398 197
1399 177
1400 182
1401 168
1402 198
1403 171
1404 176
1405 177
1406 188
1407 176
1408 176
1409 176
1410 208
1411 174
1412 189
1413 173
1414 134
1415 184
1416 165
1417 170
1418 168
1419 175
1420 184
1421 169
1422 171
1423 172
1424 163
1425 155
1426 142
1427 168
1428 157
1429 160
1430 155
1431 163
1432 165
1433 160
1434 186
1435 163
1436 149
1437 154
1438 146
1439 146
1440 152
1441 165
1442 122
1443 168
1444 155
1445 147
1446 155
1447 137
1448 136
1449 143
1450 128
1451 169
1452 153
1453 138
1454 156
1455 153
1456 150
1457 128
1458 148
1459 154
1460 149
1461 119
1462 143
1463 113
1464 134
1465 134
1466 128
1467 140
1468 164
1469 141
1470 118
1471 110
1472 122
1473 128
1474 142
1475 122
1476 146
1477 126
1478 101
1479 121
1480 132
1481 114
1482 117
1483 108
1484 141
1485 126
1486 139
1487 121
1488 138
1489 144
1490 128
1491 120
1492 125
1493 137
1494 105
1495 111
1496 110
1497 115
1498 112
1499 111
1500 120
1501 121
1502 127
1503 124
1504 110
1505 107
1506 107
1507 127
1508 112
1509 102
1510 115
1511 100
1512 119
1513 108
1514 113
1515 120
1516 94
1517 102
1518 105
1519 101
1520 98
1521 115
1522 92
1523 98
1524 102
1525 106
1526 100
1527 109
1528 105
1529 108
1530 105
1531 101
1532 87
1533 100
1534 92
1535 85
1536 89
1537 81
1538 98
1539 97
1540 87
1541 91
1542 96
1543 85
1544 92
1545 95
1546 88
1547 89
1548 80
1549 80
1550 91
1551 92
1552 77
1553 89
1554 94
1555 88
1556 70
1557 89
1558 82
1559 65
1560 74
1561 71
1562 76
1563 83
1564 93
1565 89
1566 85
1567 76
1568 66
1569 86
1570 92
1571 62
1572 79
1573 77
1574 78
1575 88
1576 92
1577 84
1578 71
1579 65
1580 86
1581 75
1582 67
1583 85
1584 74
1585 76
1586 66
1587 63
1588 65
1589 80
1590 68
1591 55
1592 71
1593 64
1594 70
1595 71
1596 74
1597 78
1598 70
1599 68
1600 77
1601 85
1602 62
1603 65
1604 69
1605 57
1606 69
1607 68
1608 56
1609 54
1610 82
1611 60
1612 59
1613 61
1614 55
1615 71
1616 48
1617 65
1618 60
1619 43
1620 66
1621 54
1622 52
1623 55
1624 49
1625 54
1626 61
1627 58
1628 40
1629 46
1630 57
1631 57
1632 58
1633 58
1634 72
1635 54
1636 45
1637 49
1638 50
1639 58
1640 52
1641 46
1642 37
1643 40
1644 54
1645 37
1646 36
1647 52
1648 45
1649 60
1650 45
1651 43
1652 43
1653 45
1654 56
1655 46
1656 42
1657 45
1658 45
1659 38
1660 33
1661 53
1662 45
1663 41
1664 49
1665 37
1666 38
1667 41
1668 53
1669 38
1670 41
1671 48
1672 47
1673 46
1674 48
1675 36
1676 28
1677 44
1678 37
1679 43
1680 35
1681 33
1682 40
1683 52
1684 35
1685 44
1686 28
1687 29
1688 36
1689 30
1690 38
1691 38
1692 31
1693 37
1694 31
1695 31
1696 32
1697 38
1698 43
1699 35
1700 30
1701 43
1702 30
1703 32
1704 29
1705 35
1706 23
1707 39
1708 41
1709 19
1710 38
1711 21
1712 20
1713 29
1714 35
1715 32
1716 29
1717 29
1718 31
1719 33
1720 24
1721 25
1722 26
1723 21
1724 28
1725 26
1726 24
1727 33
1728 26
1729 34
1730 23
1731 21
1732 22
1733 22
1734 34
1735 27
1736 21
1737 34
1738 31
1739 26
1740 17
1741 33
1742 33
1743 25
1744 21
1745 25
1746 36
1747 22
1748 30
1749 24
1750 29
1751 24
1752 25
1753 22
1754 24
1755 15
1756 19
1757 27
1758 24
1759 27
1760 17
1761 27
1762 28
1763 19
1764 23
1765 18
1766 15
1767 13
1768 25
1769 24
1770 26
1771 16
1772 24
1773 19
1774 13
1775 18
1776 13
1777 11
1778 16
1779 23
1780 13
1781 13
1782 24
1783 17
1784 19
1785 19
1786 14
1787 16
1788 25
1789 18
1790 18
1791 19
1792 8
1793 24
1794 23
1795 14
1796 9
1797 15
1798 11
1799 15
1800 14
1801 21
1802 26
1803 11
1804 15
1805 18
1806 4
1807 9
1808 12
1809 14
1810 6
1811 8
1812 11
1813 12
1814 12
1815 18
1816 15
1817 14
1818 13
1819 15
1820 9
1821 12
1822 10
1823 15
1824 15
1825 14
1826 16
1827 10
1828 14
1829 13
1830 15
1831 8
1832 11
1833 7
1834 18
1835 8
1836 12
1837 10
1838 14
1839 16
1840 7
1841 11
1842 5
1843 11
1844 11
1845 12
1846 18
1847 12
1848 13
1849 15
1850 10
1851 15
1852 9
1853 18
1854 9
1855 14
1856 14
1857 8
1858 6
1859 6
1860 13
1861 12
1862 5
1863 9
1864 9
1865 7
1866 10
1867 10
1868 10
1869 9
1870 10
1871 5
1872 5
1873 8
1874 8
1875 7
1876 6
1877 7
1878 6
1879 11
1880 9
1881 6
1882 6
1883 6
1884 3
1885 10
1886 1
1887 5
1888 5
1889 4
1890 4
1891 6
1892 7
1893 9
1894 3
1895 6
1896 5
1897 7
1898 5
1899 6
1900 2
1901 6
1902 8
1903 9
1904 5
1905 3
1906 7
1907 4
1908 5
1909 9
1910 3
1911 6
1912 5
1913 6
1914 5
1915 5
1916 7
1917 7
1918 5
1919 3
1920 3
1921 3
1922 4
1923 6
1924 10
1925 3
1926 2
1927 2
1928 3
1929 2
1930 2
1931 4
1932 1
1933 6
1934 6
1935 4
1936 6
1937 7
1938 3
1939 5
1940 3
1941 5
1943 5
1944 2
1945 4
1946 5
1947 5
1948 2
1949 3
1950 3
1951 4
1952 2
1953 5
1954 3
1955 4
1956 5
1957 3
1958 6
1959 3
1960 5
1961 5
1962 3
1963 8
1965 4
1966 3
1967 1
1968 3
1969 5
1970 3
1971 2
1973 2
1974 5
1975 4
1976 2
1977 1
1978 2
1979 1
1980 3
1981 9
1982 1
1983 3
1984 7
1985 2
1987 2
1988 3
1989 4
1990 2
1991 2
1992 4
1993 4
1994 1
1995 1
1996 4
1997 1
1999 4
2000 3
2001 1
2002 3
2003 2
2004 1
2005 1
2006 2
2007 4
2008 2
2010 2
2011 2
2012 3
2014 1
2016 3
2017 1
2019 2
2020 3
2021 2
2022 1
2024 1
2025 3
2026 2
2027 1
2028 1
2030 1
2033 1
2034 1
2036 1
2039 1
2040 2
2041 2
2045 3
2046 1
2047 4
2049 1
2055 1
2056 1
2057 1
2061 1
2062 2
2063 1
2064 1
2066 1
2067 1
2068 1
2071 2
2073 1
2074 1
2075 2
2078 1
2080 1
2081 1
2082 3
2084 2
2086 1
2088 1
2091 1
2092 1
2094 1
2099 1
2100 2
2101 2
2105 1
2107 1
2108 1
2112 2
2113 1
2114 1
2124 1
2126 1
2143 1
2158 1
