-969 2
-968 1
-967 1
-966 5
-965 6
-964 10
-963 6
-962 12
-961 19
-960 27
-959 28
-958 35
-957 37
-956 45
-955 59
-954 58
-953 71
-952 68
-951 89
-950 91
-949 98
-948 100
-947 120
-946 87
-945 97
-944 133
-943 120
-942 104
-941 116
-940 107
-939 93
-938 111
-937 114
-936 114
-935 120
-934 100
-933 103
-932 92
-931 92
-930 130
-929 102
-928 118
-927 92
-926 97
-925 107
-924 95
-923 110
-922 96
-921 109
-920 99
-919 99
-918 95
-917 101
-916 105
-915 88
-914 113
-913 98
-912 114
-911 115
-910 95
-909 97
-908 110
-907 86
-906 128
-905 90
-904 108
-903 119
-902 98
-901 90
-900 111
-899 96
-898 93
-897 95
-896 102
-895 98
-894 87
-893 102
-892 84
-891 88
-890 88
-889 111
-888 104
-887 98
-886 106
-885 107
-884 83
-883 92
-882 105
-881 87
-880 102
-879 108
-878 99
-877 102
-876 118
-875 116
-874 104
-873 84
-872 126
-871 99
-870 107
-869 92
-868 102
-867 136
-866 105
-865 98
-864 103
-863 111
-862 104
-861 93
-860 118
-859 95
-858 123
-857 91
-856 109
-855 101
-854 103
-853 89
-852 89
-851 127
-850 114
-849 110
-848 130
-847 145
-846 128
-845 138
-844 178
-843 171
-842 187
-841 172
-840 203
-839 182
-838 209
-837 210
-836 219
-835 228
-834 204
-833 268
-832 267
-831 240
-830 246
-829 226
-828 223
-827 249
-826 203
-825 203
-824 211
-823 193
-822 208
-821 192
-820 194
-819 220
-818 246
-817 246
-816 261
-815 249
-814 275
-813 274
-812 255
-811 261
-810 233
-809 268
-808 269
-807 281
-806 269
-805 303
-804 274
-803 261
-802 308
-801 296
-800 286
-799 293
-798 326
-797 277
-796 290
-795 326
-794 333
-793 288
-792 335
-791 369
-790 365
-789 352
-788 369
-787 388
-786 398
-785 411
-784 409
-783 458
-782 481
-781 418
-780 426
-779 447
-778 410
-777 406
-776 431
-775 472
-774 488
-773 450
-772 452
-771 444
-770 469
-769 450
-768 436
-767 500
-766 494
-765 479
-764 496
-763 496
-762 452
-761 461
-760 449
-759 451
-758 446
-757 525
-756 491
-755 551
-754 546
-753 518
-752 523
-751 548
-750 488
-749 573
-748 513
-747 567
-746 537
-745 546
-744 499
-743 479
-742 527
-741 527
-740 550
-739 577
-738 565
-737 548
-736 601
-735 660
-734 607
-733 629
-732 671
-731 678
-730 665
-729 641
-728 692
-727 652
-726 622
-725 664
-724 694
-723 694
-722 695
-721 713
-720 724
-719 732
-718 730
-717 715
-716 750
-715 743
-714 727
-713 749
-712 752
-711 759
-710 794
-709 750
-708 781
-707 784
-706 819
-705 836
-704 906
-703 910
-702 883
-701 914
-700 978
-699 969
-698 920
-697 907
-696 884
-695 963
-694 890
-693 1011
-692 1002
-691 997
-690 980
-689 969
-688 1037
-687 978
-686 918
-685 1013
-684 948
-683 1007
-682 976
-681 1003
-680 943
-679 899
-678 958
-677 940
-676 994
-675 963
-674 914
-673 976
-672 911
-671 1035
-670 928
-669 1013
-668 1075
-667 1181
-666 1158
-665 1113
-664 1163
-663 1263
-662 1201
-661 1328
-660 1254
-659 1301
-658 1302
-657 1286
-656 1339
-655 1408
-654 1402
-653 1394
-652 1360
-651 1419
-650 1406
-649 1490
-648 1467
-647 1529
-646 1635
-645 1542
-644 1507
-643 1529
-642 1467
-641 1429
-640 1438
-639 1386
-638 1549
-637 1426
-636 1459
-635 1509
-634 1490
-633 1493
-632 1528
-631 1563
-630 1656
-629 1694
-628 1707
-627 1708
-626 1713
-625 1643
-624 1650
-623 1656
-622 1690
-621 1681
-620 1745
-619 1694
-618 1697
-617 1779
-616 1775
-615 1774
-614 1850
-613 1837
-612 1927
-611 1923
-610 1828
-609 1871
-608 1836
-607 1914
-606 1983
-605 1888
-604 1868
-603 1966
-602 1945
-601 1961
-600 1886
-599 1822
-598 1915
-597 1899
-596 1870
-595 1928
-594 1917
-593 1850
-592 1953
-591 1905
-590 1893
-589 1928
-588 1797
-587 1875
-586 1917
-585 1880
-584 1871
-583 1859
-582 1833
-581 1945
-580 1958
-579 1892
-578 1942
-577 1827
-576 1904
-575 1937
-574 1878
-573 1918
-572 1870
-571 1983
-570 2016
-569 2062
-568 1955
-567 2021
-566 2049
-565 2065
-564 2052
-563 2157
-562 2186
-561 2316
-560 2263
-559 2364
-558 2428
-557 2401
-556 2493
-555 2505
-554 2475
-553 2547
-552 2543
-551 2652
-550 2584
-549 2635
-548 2653
-547 2649
-546 2604
-545 2627
-544 2716
-543 2739
-542 2693
-541 2701
-540 2835
-539 2856
-538 3083
-537 2952
-536 2879
-535 3002
-534 3132
-533 3133
-532 3195
-531 3170
-530 3092
-529 3162
-528 3256
-527 3331
-526 3358
-525 3231
-524 3276
-523 3396
-522 3347
-521 3457
-520 3461
-519 3435
-518 3366
-517 3314
-516 3333
-515 3525
-514 3344
-513 3292
-512 3312
-511 3457
-510 3410
-509 3349
-508 3399
-507 3360
-506 3232
-505 3379
-504 3449
-503 3356
-502 3536
-501 3492
-500 3485
-499 3537
-498 3564
-497 3502
-496 3435
-495 3613
-494 3526
-493 3640
-492 3545
-491 3514
-490 3743
-489 3560
-488 3654
-487 3631
-486 3598
-485 3630
-484 3593
-483 3704
-482 3650
-481 3634
-480 3756
-479 3700
-478 3738
-477 3866
-476 3779
-475 3747
-474 3700
-473 3841
-472 3697
-471 3681
-470 3697
-469 3691
-468 3719
-467 3684
-466 3634
-465 3752
-464 3759
-463 3804
-462 3667
-461 3705
-460 3813
-459 3844
-458 3962
-457 3921
-456 4023
-455 4002
-454 3992
-453 4022
-452 3931
-451 4020
-450 4081
-449 3935
-448 4111
-447 4208
-446 4141
-445 4195
-444 4188
-443 4231
-442 4289
-441 4267
-440 4283
-439 4287
-438 4272
-437 4348
-436 4339
-435 4355
-434 4425
-433 4485
-432 4536
-431 4412
-430 4393
-429 4459
-428 4541
-427 4552
-426 4587
-425 4541
-424 4546
-423 4510
-422 4534
-421 4587
-420 4492
-419 4500
-418 4533
-417 4563
-416 4537
-415 4622
-414 4578
-413 4655
-412 4570
-411 4639
-410 4572
-409 4708
-408 4658
-407 4651
-406 4680
-405 4707
-404 4801
-403 4777
-402 4729
-401 4744
-400 4854
-399 4826
-398 5000
-397 4941
-396 4914
-395 4901
-394 5061
-393 5065
-392 4936
-391 5140
-390 5064
-389 5242
-388 5263
-387 5202
-386 5327
-385 5286
-384 5359
-383 5274
-382 5317
-381 5214
-380 5315
-379 5190
-378 5351
-377 5312
-376 5448
-375 5413
-374 5571
-373 5516
-372 5606
-371 5636
-370 5632
-369 5684
-368 5657
-367 5721
-366 5795
-365 5815
-364 5751
-363 5721
-362 5913
-361 5829
-360 5850
-359 5889
-358 5851
-357 5898
-356 5949
-355 5960
-354 6007
-353 5840
-352 5926
-351 6061
-350 5974
-349 6097
-348 5936
-347 5908
-346 6147
-345 6027
-344 5974
-343 6002
-342 5971
-341 5980
-340 6115
-339 6034
-338 6095
-337 5977
-336 5964
-335 6003
-334 6065
-333 6072
-332 6007
-331 6082
-330 5889
-329 6050
-328 6032
-327 6020
-326 5992
-325 6059
-324 6178
-323 6032
-322 6000
-321 6087
-320 6088
-319 6064
-318 6039
-317 6065
-316 6065
-315 6154
-314 6153
-313 6252
-312 6103
-311 6366
-310 6090
-309 6277
-308 6286
-307 6281
-306 6255
-305 6208
-304 6261
-303 6281
-302 6193
-301 6364
-300 6239
-299 6186
-298 6292
-297 6176
-296 6229
-295 6147
-294 6316
-293 6373
-292 6350
-291 6303
-290 6236
-289 6438
-288 6325
-287 6317
-286 6294
-285 6328
-284 6201
-283 6296
-282 6320
-281 6425
-280 6433
-279 6283
-278 6269
-277 6434
-276 6544
-275 6379
-274 6225
-273 6454
-272 6402
-271 6362
-270 6408
-269 6487
-268 6379
-267 6429
-266 6418
-265 6533
-264 6583
-263 6451
-262 6416
-261 6415
-260 6406
-259 6369
-258 6503
-257 6328
-256 6210
-255 6535
-254 6512
-253 6432
-252 6500
-251 6420
-250 6383
-249 6605
-248 6472
-247 6705
-246 6729
-245 6588
-244 6415
-243 6476
-242 6746
-241 6706
-240 6681
-239 6873
-238 6457
-237 6709
-236 6993
-235 6800
-234 6903
-233 7068
-232 6909
-231 6992
-230 7003
-229 7005
-228 6923
-227 6939
-226 6970
-225 7011
-224 6931
-223 7020
-222 6951
-221 7043
-220 7173
-219 6889
-218 6878
-217 7007
-216 6848
-215 6907
-214 6831
-213 6967
-212 6713
-211 6853
-210 6897
-209 6765
-208 6606
-207 6741
-206 6780
-205 6740
-204 6758
-203 6892
-202 6672
-201 6866
-200 6874
-199 6798
-198 6819
-197 6640
-196 6693
-195 6745
-194 6600
-193 6496
-192 6706
-191 6787
-190 6920
-189 6873
-188 6760
-187 6847
-186 6697
-185 6830
-184 6800
-183 6755
-182 6762
-181 6693
-180 6784
-179 6635
-178 6758
-177 6601
-176 6712
-175 6510
-174 6458
-173 6581
-172 6510
-171 6424
-170 6436
-169 6616
-168 6462
-167 6526
-166 6382
-165 6385
-164 6405
-163 6276
-162 6420
-161 6343
-160 6258
-159 6223
-158 6318
-157 6219
-156 6251
-155 6244
-154 6315
-153 6153
-152 6143
-151 6142
-150 6163
-149 6142
-148 6040
-147 5984
-146 6002
-145 6075
-144 5996
-143 6013
-142 5979
-141 6034
-140 5938
-139 6020
-138 6030
-137 6110
-136 6087
-135 6033
-134 6027
-133 5960
-132 5948
-131 6072
-130 5877
-129 5956
-128 5950
-127 5903
-126 5942
-125 5937
-124 5807
-123 5829
-122 5907
-121 5772
-120 5769
-119 5851
-118 5803
-117 5708
-116 5791
-115 5832
-114 5668
-113 5628
-112 5693
-111 5833
-110 5654
-109 5777
-108 5682
-107 5540
-106 5602
-105 5529
-104 5562
-103 5575
-102 5511
-101 5610
-100 5523
-99 5674
-98 5645
-97 5635
-96 5543
-95 5620
-94 5364
-93 5422
-92 5480
-91 5356
-90 5647
-89 5514
-88 5430
-87 5555
-86 5525
-85 5461
-84 5211
-83 5325
-82 5205
-81 5308
-80 5179
-79 5349
-78 5220
-77 5241
-76 5276
-75 5053
-74 5096
-73 5176
-72 5108
-71 5191
-70 5075
-69 4938
-68 5037
-67 5154
-66 5094
-65 5114
-64 5099
-63 4939
-62 4933
-61 4996
-60 4910
-59 4846
-58 4831
-57 4764
-56 4753
-55 4804
-54 4693
-53 4608
-52 4719
-51 4648
-50 4792
-49 4707
-48 4561
-47 4725
-46 4665
-45 4688
-44 4694
-43 4695
-42 4681
-41 4591
-40 4708
-39 4709
-38 4618
-37 4631
-36 4763
-35 4726
-34 4616
-33 4540
-32 4597
-31 4597
-30 4487
-29 4456
-28 4455
-27 4477
-26 4421
-25 4373
-24 4399
-23 4578
-22 4527
-21 4474
-20 4315
-19 4330
-18 4330
-17 4362
-16 4312
-15 4267
-14 4273
-13 4328
-12 4275
-11 4182
-10 4098
-9 4215
-8 4199
-7 4150
-6 4161
-5 4127
-4 4110
-3 4112
-2 4102
-1 4079
0 3992
1 3960
2 3912
3 3906
4 3922
5 3956
6 3997
7 3900
8 3850
9 3882
10 3976
11 3911
12 3849
13 3881
14 3931
15 3990
16 3978
17 3810
18 3751
19 3770
20 3929
21 3901
22 3739
23 3870
24 3744
25 3719
26 3786
27 3709
28 3609
29 3819
30 3652
31 3780
32 3582
33 3749
34 3567
35 3676
36 3609
37 3528
38 3495
39 3371
40 3525
41 3551
42 3377
43 3382
44 3510
45 3465
46 3411
47 3413
48 3515
49 3388
50 3412
51 3324
52 3396
53 3329
54 3325
55 3290
56 3283
57 3256
58 3170
59 3196
60 3157
61 3160
62 3146
63 3108
64 3041
65 3006
66 3138
67 3167
68 3092
69 2998
70 3034
71 2972
72 2968
73 2891
74 2930
75 2985
76 2991
77 2904
78 2959
79 2864
80 2896
81 2909
82 2784
83 2902
84 2724
85 2757
86 2819
87 2697
88 2657
89 2657
90 2712
91 2728
92 2614
93 2626
94 2591
95 2670
96 2576
97 2623
98 2693
99 2650
100 2679
101 2563
102 2582
103 2542
104 2419
105 2485
106 2558
107 2457
108 2450
109 2446
110 2391
111 2445
112 2430
113 2447
114 2418
115 2407
116 2315
117 2304
118 2337
119 2315
120 2232
121 2335
122 2229
123 2246
124 2194
125 2246
126 2162
127 2182
128 2126
129 2159
130 2156
131 2200
132 2066
133 2084
134 2086
135 2075
136 2049
137 1958
138 2036
139 1938
140 2063
141 1922
142 1994
143 1977
144 1905
145 1906
146 1922
147 1884
148 1908
149 1915
150 1954
151 1872
152 1784
153 1785
154 1785
155 1789
156 1747
157 1808
158 1758
159 1789
160 1673
161 1740
162 1789
163 1727
164 1694
165 1706
166 1675
167 1677
168 1593
169 1582
170 1603
171 1619
172 1591
173 1617
174 1604
175 1574
176 1596
177 1561
178 1437
179 1552
180 1437
181 1499
182 1543
183 1440
184 1544
185 1453
186 1459
187 1420
188 1525
189 1466
190 1479
191 1475
192 1477
193 1425
194 1483
195 1459
196 1471
197 1290
198 1398
199 1343
200 1434
201 1342
202 1352
203 1415
204 1355
205 1386
206 1311
207 1328
208 1320
209 1289
210 1307
211 1277
212 1292
213 1223
214 1259
215 1262
216 1278
217 1203
218 1309
219 1375
220 1215
221 1283
222 1225
223 1194
224 1165
225 1186
226 1130
227 1173
228 1182
229 1127
230 1103
231 1179
232 1109
233 1098
234 1084
235 1133
236 1107
237 1063
238 1082
239 1167
240 1067
241 1047
242 1012
243 1018
244 1075
245 1045
246 1048
247 1066
248 1000
249 966
250 1009
251 969
252 956
253 999
254 1007
255 972
256 992
257 970
258 947
259 880
260 957
261 957
262 933
263 885
264 928
265 859
266 878
267 828
268 843
269 890
270 911
271 866
272 870
273 843
274 812
275 814
276 814
277 841
278 822
279 777
280 797
281 804
282 761
283 816
284 726
285 777
286 706
287 777
288 709
289 712
290 763
291 712
292 779
293 739
294 737
295 731
296 705
297 722
298 703
299 700
300 712
301 683
302 707
303 695
304 652
305 673
306 683
307 657
308 625
309 710
310 667
311 665
312 635
313 592
314 675
315 630
316 609
317 605
318 628
319 612
320 611
321 606
322 618
323 607
324 625
325 623
326 596
327 518
328 531
329 563
330 559
331 546
332 537
333 550
334 519
335 496
336 502
337 553
338 526
339 541
340 543
341 511
342 496
343 500
344 501
345 490
346 508
347 507
348 489
349 487
350 481
351 488
352 400
353 442
354 471
355 477
356 465
357 448
358 396
359 397
360 406
361 422
362 396
363 430
364 414
365 404
366 436
367 432
368 397
369 388
370 380
371 415
372 413
373 337
374 377
375 358
376 394
377 345
378 364
379 369
380 372
381 378
382 350
383 327
384 337
385 341
386 343
387 329
388 315
389 338
390 328
391 351
392 321
393 308
394 344
395 292
396 314
397 320
398 291
399 315
400 296
401 300
402 310
403 297
404 300
405 266
406 299
407 278
408 292
409 268
410 294
411 254
412 253
413 274
414 272
415 287
416 254
417 262
418 264
419 256
420 262
421 258
422 252
423 232
424 247
425 248
426 225
427 267
428 256
429 264
430 231
431 230
432 244
433 226
434 224
435 211
436 211
437 215
438 206
439 202
440 227
441 228
442 227
443 217
444 228
445 215
446 214
447 223
448 229
449 203
450 202
451 197
452 209
453 237
454 200
455 203
456 191
457 202
458 199
459 187
460 177
461 213
462 182
463 200
464 189
465 200
466 178
467 169
468 194
469 183
470 199
471 175
472 183
473 156
474 155
475 165
476 180
477 153
478 188
479 189
480 177
481 152
482 153
483 155
484 196
485 165
486 171
487 173
488 177
489 149
490 153
491 157
492 147
493 164
494 149
495 162
496 155
497 150
498 137
499 147
500 162
501 169
502 165
503 133
504 131
505 140
506 157
507 145
508 149
509 165
510 130
511 131
512 121
513 166
514 128
515 132
516 149
517 119
518 142
519 151
520 138
521 157
522 138
523 133
524 125
525 156
526 131
527 146
528 128
529 134
530 141
531 137
532 140
533 133
534 135
535 145
536 123
537 141
538 159
539 131
540 141
541 139
542 148
543 124
544 132
545 140
546 133
547 147
548 131
549 134
550 120
551 123
552 137
553 123
554 137
555 125
556 130
557 135
558 110
559 115
560 139
561 115
562 111
563 116
564 151
565 135
566 127
567 143
568 135
569 152
570 143
571 131
572 137
573 136
574 139
575 156
576 139
577 115
578 124
579 135
580 124
581 136
582 136
583 121
584 115
585 134
586 149
587 135
588 145
589 144
590 138
591 139
592 134
593 154
594 157
595 142
596 137
597 143
598 138
599 126
600 127
601 134
602 130
603 129
604 149
605 124
606 152
607 149
608 128
609 145
610 152
611 158
612 127
613 159
614 137
615 138
616 133
617 134
618 142
619 159
620 141
621 132
622 144
623 135
624 129
625 160
626 138
627 181
628 136
629 145
630 142
631 148
632 147
633 149
634 155
635 162
636 170
637 153
638 152
639 148
640 148
641 144
642 179
643 149
644 147
645 144
646 159
647 173
648 155
649 141
650 150
651 154
652 137
653 156
654 162
655 146
656 162
657 163
658 125
659 187
660 181
661 175
662 161
663 157
664 175
665 176
666 184
667 164
668 175
669 184
670 171
671 175
672 192
673 190
674 193
675 195
676 192
677 175
678 185
679 189
680 170
681 166
682 186
683 190
684 172
685 197
686 170
687 188
688 213
689 214
690 205
691 200
692 214
693 195
694 195
695 219
696 218
697 178
698 174
699 210
700 207
701 190
702 176
703 151
704 225
705 211
706 183
707 185
708 194
709 187
710 173
711 185
712 215
713 202
714 200
715 207
716 182
717 202
718 198
719 188
720 184
721 186
722 186
723 213
724 186
725 190
726 185
727 184
728 195
729 192
730 184
731 215
732 209
733 190
734 195
735 206
736 200
737 188
738 179
739 172
740 181
741 190
742 183
743 182
744 170
745 174
746 186
747 190
748 198
749 151
750 185
751 178
752 190
753 197
754 191
755 173
756 180
757 177
758 185
759 168
760 168
761 185
762 166
763 173
764 188
765 173
766 178
767 194
768 158
769 194
770 204
771 165
772 191
773 184
774 168
775 162
776 173
777 179
778 178
779 164
780 142
781 194
782 170
783 189
784 187
785 175
786 165
787 164
788 147
789 152
790 157
791 185
792 137
793 178
794 166
795 183
796 155
797 160
798 159
799 162
800 168
801 168
802 157
803 156
804 158
805 168
806 177
807 158
808 160
809 158
810 195
811 149
812 137
813 189
814 161
815 148
816 169
817 147
818 161
819 161
820 164
821 149
822 167
823 174
824 157
825 151
826 146
827 152
828 138
829 198
830 164
831 138
832 167
833 141
834 168
835 135
836 122
837 143
838 156
839 134
840 131
841 143
842 156
843 145
844 155
845 134
846 126
847 141
848 150
849 138
850 146
851 149
852 135
853 156
854 140
855 138
856 126
857 119
858 142
859 144
860 121
861 130
862 129
863 126
864 117
865 126
866 136
867 122
868 126
869 131
870 128
871 136
872 117
873 120
874 131
875 122
876 132
877 134
878 105
879 132
880 122
881 113
882 129
883 143
884 121
885 141
886 134
887 115
888 123
889 113
890 100
891 123
892 133
893 119
894 132
895 114
896 128
897 129
898 119
899 117
900 121
901 106
902 113
903 98
904 93
905 124
906 114
907 106
908 96
909 106
910 103
911 119
912 107
913 101
914 101
915 115
916 113
917 112
918 117
919 103
920 95
921 121
922 96
923 87
924 90
925 107
926 114
927 96
928 101
929 95
930 111
931 103
932 90
933 93
934 86
935 115
936 90
937 117
938 97
939 93
940 87
941 89
942 82
943 107
944 84
945 90
946 96
947 79
948 100
949 78
950 78
951 99
952 98
953 76
954 97
955 103
956 88
957 75
958 72
959 72
960 84
961 69
962 92
963 86
964 105
965 80
966 91
967 75
968 80
969 74
970 78
971 74
972 73
973 91
974 79
975 73
976 86
977 77
978 90
979 67
980 75
981 78
982 60
983 62
984 70
985 81
986 59
987 87
988 66
989 66
990 73
991 72
992 82
993 71
994 63
995 72
996 59
997 65
998 47
999 60
1000 65
1001 74
1002 71
1003 68
1004 59
1005 66
1006 59
1007 64
1008 53
1009 61
1010 64
1011 66
1012 68
1013 62
1014 76
1015 71
1016 54
1017 71
1018 74
1019 65
1020 47
1021 58
1022 68
1023 53
1024 56
1025 39
1026 66
1027 66
1028 62
1029 59
1030 52
1031 62
1032 53
1033 57
1034 69
1035 50
1036 62
1037 57
1038 47
1039 51
1040 44
1041 52
1042 54
1043 55
1044 42
1045 60
1046 51
1047 56
1048 50
1049 56
1050 49
1051 42
1052 61
1053 49
1054 44
1055 41
1056 50
1057 55
1058 56
1059 54
1060 42
1061 48
1062 47
1063 43
1064 52
1065 62
1066 30
1067 38
1068 38
1069 52
1070 50
1071 45
1072 47
1073 41
1074 48
1075 39
1076 45
1077 50
1078 51
1079 53
1080 38
1081 42
1082 51
1083 46
1084 50
1085 36
1086 40
1087 36
1088 42
1089 27
1090 36
1091 45
1092 38
1093 33
1094 36
1095 39
1096 42
1097 32
1098 36
1099 36
1100 33
1101 34
1102 40
1103 45
1104 38
1105 40
1106 22
1107 32
1108 51
1109 29
1110 30
1111 37
1112 36
1113 44
1114 34
1115 39
1116 36
1117 40
1118 23
1119 36
1120 19
1121 18
1122 28
1123 24
1124 33
1125 22
1126 29
1127 31
1128 30
1129 25
1130 31
1131 28
1132 27
1133 22
1134 17
1135 32
1136 31
1137 27
1138 30
1139 34
1140 34
1141 20
1142 22
1143 20
1144 30
1145 18
1146 15
1147 23
1148 14
1149 30
1150 21
1151 26
1152 23
1153 20
1154 31
1155 16
1156 26
1157 21
1158 15
1159 25
1160 22
1161 17
1162 22
1163 21
1164 22
1165 18
1166 17
1167 19
1168 14
1169 28
1170 18
1171 28
1172 19
1173 29
1174 17
1175 21
1176 25
1177 25
1178 15
1179 24
1180 16
1181 14
1182 26
1183 17
1184 17
1185 8
1186 17
1187 13
1188 13
1189 13
1190 19
1191 13
1192 25
1193 13
1194 12
1195 21
1196 20
1197 12
1198 11
1199 15
1200 10
1201 19
1202 13
1203 13
1204 12
1205 21
1206 18
1207 19
1208 10
1209 13
1210 8
1211 15
1212 21
1213 15
1214 8
1215 14
1216 16
1217 12
1218 12
1219 11
1220 17
1221 12
1222 13
1223 10
1224 9
1225 13
1226 14
1227 11
1228 19
1229 16
1230 11
1231 11
1232 16
1233 13
1234 12
1235 10
1236 14
1237 11
1238 12
1239 7
1240 9
1241 13
1242 9
1243 5
1244 11
1245 14
1246 6
1247 9
1248 5
1249 7
1250 11
1251 7
1252 11
1253 10
1254 9
1255 9
1256 11
1257 8
1258 9
1259 5
1260 8
1261 13
1262 13
1263 7
1264 8
1265 9
1266 6
1267 2
1268 10
1269 8
1270 5
1271 7
1272 11
1273 9
1274 7
1275 8
1276 7
1277 2
1278 3
1279 10
1280 8
1281 7
1282 9
1283 5
1284 5
1285 9
1286 8
1287 5
1288 7
1289 9
1290 3
1291 4
1292 5
1293 8
1294 7
1295 5
1296 7
1297 3
1298 8
1299 4
1300 6
1301 6
1302 4
1304 6
1305 5
1306 8
1307 5
1308 8
1309 6
1310 1
1311 7
1312 5
1313 3
1314 6
1315 4
1316 5
1317 4
1318 2
1319 5
1320 5
1321 8
1322 7
1323 1
1324 4
1325 3
1326 5
1327 4
1328 3
1329 6
1330 5
1331 3
1332 3
1333 4
1334 7
1335 1
1336 8
1337 1
1338 5
1339 4
1340 6
1341 5
1342 5
1343 3
1344 7
1345 2
1346 2
1347 1
1348 3
1349 5
1350 1
1351 3
1352 1
1353 5
1354 3
1355 4
1356 5
1357 4
1358 2
1359 1
1360 6
1361 5
1362 4
1363 4
1364 3
1365 4
1366 1
1367 1
1368 3
1369 5
1370 1
1371 4
1372 4
1373 2
1374 4
1375 2
1376 2
1378 2
1379 7
1380 1
1381 2
1382 1
1383 3
1384 2
1385 5
1386 1
1387 2
1389 1
1390 4
1391 6
1392 3
1393 2
1394 1
1395 1
1396 1
1398 1
1399 5
1400 4
1401 2
1402 1
1403 3
1405 3
1406 3
1407 3
1408 2
1409 1
1411 2
1412 2
1413 1
1414 1
1415 1
1416 3
1417 3
1419 1
1420 1
1421 2
1422 2
1424 3
1425 2
1426 5
1427 2
1429 2
1432 2
1433 1
1434 1
1437 1
1438 1
1440 2
1441 1
1442 3
1444 3
1445 1
1447 1
1448 2
1449 1
1450 2
1451 2
1452 2
1453 1
1454 1
1455 2
1459 2
1460 1
1461 1
1463 2
1465 1
1466 1
1467 2
1468 1
1469 1
1470 1
1471 1
1474 2
1475 1
1476 1
1477 1
1478 1
1480 3
1481 1
1483 1
1489 1
1490 1
1491 1
1492 2
1494 2
1495 2
1496 2
1498 1
1500 1
1501 1
1505 1
1506 3
1507 1
1508 1
1509 1
1513 1
1515 1
1519 1
1520 1
1521 3
1522 2
1523 2
1524 2
1525 1
1526 1
1527 1
1528 1
1529 1
1531 1
1532 1
1535 1
1538 1
1540 1
1542 2
1543 1
1546 1
1548 1
1549 1
1556 1
1557 2
1558 1
1560 2
1561 1
1562 1
1567 1
1569 1
1573 1
1574 1
1578 2
1580 1
1581 1
1582 1
1589 1
1596 1
1600 1
1611 1
1613 1
1631 1
1641 1
1652 1
1654 1
1657 1
1674 1
1677 1
1683 1
1722 1
1747 1
