-845 1
-844 3
-843 2
-842 4
-841 5
-840 3
-839 2
-838 16
-837 26
-836 28
-835 47
-834 62
-833 58
-832 72
-831 82
-830 111
-829 122
-828 132
-827 143
-826 136
-825 120
-824 169
-823 157
-822 187
-821 183
-820 171
-819 161
-818 166
-817 149
-816 188
-815 166
-814 200
-813 199
-812 188
-811 205
-810 226
-809 239
-808 246
-807 282
-806 274
-805 258
-804 310
-803 269
-802 339
-801 318
-800 288
-799 325
-798 286
-797 286
-796 329
-795 304
-794 333
-793 394
-792 344
-791 366
-790 330
-789 348
-788 365
-787 365
-786 378
-785 393
-784 395
-783 380
-782 365
-781 381
-780 371
-779 401
-778 411
-777 394
-776 396
-775 408
-774 443
-773 414
-772 496
-771 452
-770 511
-769 473
-768 462
-767 528
-766 554
-765 593
-764 625
-763 616
-762 671
-761 584
-760 650
-759 649
-758 760
-757 717
-756 711
-755 777
-754 799
-753 850
-752 784
-751 735
-750 787
-749 779
-748 768
-747 786
-746 805
-745 768
-744 780
-743 821
-742 812
-741 868
-740 841
-739 866
-738 831
-737 827
-736 866
-735 837
-734 824
-733 861
-732 848
-731 891
-730 850
-729 901
-728 895
-727 823
-726 857
-725 845
-724 826
-723 888
-722 903
-721 881
-720 799
-719 838
-718 866
-717 889
-716 850
-715 853
-714 869
-713 854
-712 898
-711 863
-710 910
-709 886
-708 921
-707 969
-706 968
-705 983
-704 975
-703 1030
-702 1060
-701 1055
-700 1141
-699 1114
-698 1105
-697 1121
-696 1156
-695 1159
-694 1124
-693 1226
-692 1210
-691 1175
-690 1285
-689 1148
-688 1269
-687 1233
-686 1259
-685 1222
-684 1209
-683 1180
-682 1244
-681 1193
-680 1244
-679 1285
-678 1272
-677 1256
-676 1298
-675 1327
-674 1304
-673 1242
-672 1332
-671 1348
-670 1246
-669 1389
-668 1348
-667 1301
-666 1393
-665 1342
-664 1385
-663 1374
-662 1410
-661 1389
-660 1422
-659 1444
-658 1379
-657 1415
-656 1411
-655 1416
-654 1428
-653 1410
-652 1473
-651 1494
-650 1492
-649 1519
-648 1482
-647 1557
-646 1564
-645 1572
-644 1572
-643 1670
-642 1637
-641 1692
-640 1704
-639 1765
-638 1766
-637 1799
-636 1862
-635 1792
-634 1879
-633 1901
-632 1931
-631 1861
-630 1901
-629 1897
-628 1860
-627 1858
-626 1791
-625 1844
-624 2005
-623 1859
-622 1996
-621 2033
-620 1928
-619 2032
-618 2015
-617 2037
-616 2157
-615 2135
-614 2234
-613 2287
-612 2185
-611 2298
-610 2271
-609 2320
-608 2375
-607 2305
-606 2461
-605 2413
-604 2486
-603 2462
-602 2510
-601 2504
-600 2411
-599 2456
-598 2479
-597 2520
-596 2544
-595 2589
-594 2482
-593 2622
-592 2614
-591 2660
-590 2737
-589 2699
-588 2783
-587 2813
-586 2770
-585 2835
-584 2864
-583 2760
-582 2943
-581 2954
-580 3046
-579 3006
-578 2987
-577 2983
-576 3049
-575 3062
-574 3116
-573 3166
-572 3143
-571 3091
-570 3111
-569 3191
-568 3132
-567 3061
-566 3095
-565 3072
-564 3034
-563 3081
-562 3111
-561 3199
-560 2979
-559 3249
-558 3252
-557 3250
-556 3241
-555 3324
-554 3420
-553 3358
-552 3371
-551 3268
-550 3330
-549 3461
-548 3280
-547 3349
-546 3323
-545 3350
-544 3321
-543 3355
-542 3267
-541 3357
-540 3338
-539 3428
-538 3314
-537 3306
-536 3445
-535 3478
-534 3468
-533 3520
-532 3468
-531 3582
-530 3462
-529 3402
-528 3476
-527 3676
-526 3529
-525 3465
-524 3588
-523 3548
-522 3519
-521 3599
-520 3604
-519 3448
-518 3505
-517 3543
-516 3438
-515 3591
-514 3611
-513 3626
-512 3654
-511 3691
-510 3683
-509 3782
-508 3813
-507 3797
-506 3804
-505 3805
-504 3828
-503 3969
-502 3938
-501 4021
-500 3990
-499 3931
-498 3936
-497 3973
-496 4160
-495 4030
-494 4030
-493 4043
-492 4140
-491 4199
-490 4145
-489 4037
-488 4096
-487 4036
-486 4091
-485 4090
-484 4000
-483 4068
-482 4053
-481 4172
-480 4128
-479 4227
-478 4202
-477 4191
-476 4162
-475 4086
-474 4176
-473 4031
-472 4079
-471 4155
-470 4209
-469 4155
-468 4098
-467 4198
-466 4152
-465 4319
-464 4157
-463 4055
-462 4288
-461 4274
-460 4263
-459 4325
-458 4417
-457 4321
-456 4509
-455 4321
-454 4483
-453 4342
-452 4421
-451 4401
-450 4380
-449 4498
-448 4450
-447 4456
-446 4589
-445 4628
-444 4611
-443 4699
-442 4640
-441 4610
-440 4710
-439 4720
-438 4811
-437 4712
-436 4985
-435 4969
-434 4860
-433 4946
-432 5063
-431 5011
-430 4916
-429 5027
-428 5165
-427 5186
-426 5117
-425 5176
-424 5239
-423 5317
-422 5356
-421 5310
-420 5362
-419 5279
-418 5298
-417 5371
-416 5376
-415 5387
-414 5520
-413 5475
-412 5410
-411 5392
-410 5564
-409 5558
-408 5496
-407 5610
-406 5462
-405 5690
-404 5504
-403 5566
-402 5563
-401 5679
-400 5605
-399 5625
-398 5583
-397 5626
-396 5706
-395 5869
-394 5827
-393 5945
-392 5892
-391 5832
-390 5758
-389 5765
-388 5721
-387 5821
-386 5716
-385 5758
-384 5788
-383 5691
-382 5806
-381 5926
-380 5766
-379 5758
-378 5746
-377 5703
-376 5783
-375 5850
-374 5944
-373 5675
-372 5868
-371 6036
-370 6022
-369 6007
-368 6006
-367 5931
-366 5864
-365 6073
-364 6159
-363 6310
-362 6234
-361 6585
-360 6612
-359 6920
-358 6919
-357 7086
-356 7282
-355 7234
-354 7180
-353 6711
-352 6640
-351 6634
-350 6634
-349 6817
-348 6657
-347 6826
-346 6657
-345 6648
-344 6755
-343 6751
-342 6812
-341 6922
-340 6800
-339 6784
-338 6850
-337 6952
-336 6716
-335 6891
-334 6937
-333 6712
-332 6769
-331 6772
-330 6724
-329 6617
-328 6613
-327 6677
-326 6734
-325 6764
-324 7036
-323 6949
-322 6614
-321 6831
-320 6670
-319 6802
-318 6755
-317 6749
-316 6656
-315 6751
-314 6686
-313 6768
-312 6754
-311 6653
-310 6672
-309 6512
-308 6668
-307 6569
-306 6451
-305 6406
-304 6480
-303 6296
-302 6356
-301 6318
-300 6445
-299 6331
-298 6317
-297 6387
-296 6439
-295 6379
-294 6333
-293 6184
-292 6180
-291 6395
-290 6218
-289 6372
-288 6146
-287 6248
-286 6368
-285 6189
-284 6256
-283 6279
-282 6299
-281 6177
-280 6117
-279 6227
-278 6295
-277 6349
-276 6168
-275 6347
-274 6355
-273 6305
-272 6367
-271 6483
-270 6424
-269 6276
-268 6289
-267 6297
-266 6335
-265 6350
-264 6382
-263 6352
-262 6659
-261 6500
-260 6301
-259 6407
-258 6190
-257 6459
-256 6318
-255 6397
-254 6387
-253 6299
-252 6298
-251 6339
-250 6129
-249 6104
-248 6195
-247 6121
-246 6076
-245 6057
-244 6154
-243 6151
-242 6154
-241 6058
-240 6110
-239 6218
-238 6244
-237 6234
-236 6255
-235 6075
-234 6113
-233 6101
-232 6141
-231 6113
-230 5965
-229 5997
-228 6215
-227 5950
-226 6092
-225 5903
-224 6113
-223 6194
-222 6132
-221 6081
-220 6205
-219 6361
-218 6307
-217 6366
-216 6218
-215 6246
-214 6357
-213 6388
-212 6514
-211 6463
-210 6330
-209 6166
-208 6260
-207 6243
-206 6171
-205 6306
-204 6169
-203 6228
-202 6091
-201 6174
-200 6142
-199 6138
-198 6293
-197 6283
-196 6205
-195 6095
-194 6246
-193 5950
-192 5955
-191 6023
-190 6226
-189 6189
-188 6067
-187 6230
-186 6056
-185 6090
-184 6006
-183 6062
-182 6102
-181 6081
-180 6232
-179 5976
-178 5861
-177 6039
-176 6007
-175 5944
-174 6051
-173 6168
-172 5979
-171 5890
-170 5834
-169 5819
-168 5831
-167 5989
-166 5832
-165 5859
-164 5865
-163 5863
-162 5870
-161 5971
-160 5841
-159 5852
-158 6004
-157 5844
-156 5923
-155 6024
-154 5922
-153 6054
-152 5990
-151 6066
-150 6234
-149 6086
-148 6070
-147 6045
-146 6231
-145 6112
-144 6010
-143 6106
-142 6096
-141 6159
-140 6097
-139 6059
-138 5956
-137 5832
-136 5863
-135 5869
-134 5859
-133 5725
-132 5796
-131 5927
-130 5700
-129 5920
-128 5986
-127 5778
-126 5709
-125 5948
-124 5664
-123 5625
-122 5744
-121 5659
-120 5654
-119 5672
-118 5584
-117 5540
-116 5625
-115 5592
-114 5487
-113 5467
-112 5577
-111 5522
-110 5601
-109 5480
-108 5618
-107 5506
-106 5506
-105 5425
-104 5426
-103 5590
-102 5552
-101 5363
-100 5442
-99 5409
-98 5309
-97 5251
-96 5244
-95 5230
-94 5385
-93 5342
-92 5323
-91 5309
-90 5121
-89 5213
-88 5278
-87 5182
-86 5176
-85 5005
-84 5078
-83 5003
-82 5086
-81 5074
-80 4934
-79 4944
-78 4975
-77 4924
-76 4919
-75 4834
-74 4944
-73 4854
-72 4677
-71 4781
-70 4607
-69 4697
-68 4560
-67 4478
-66 4668
-65 4584
-64 4643
-63 4542
-62 4523
-61 4539
-60 4643
-59 4438
-58 4528
-57 4328
-56 4247
-55 4393
-54 4331
-53 4278
-52 4093
-51 4060
-50 4241
-49 4159
-48 4075
-47 4219
-46 4225
-45 4089
-44 3944
-43 4088
-42 3896
-41 3882
-40 3901
-39 3930
-38 3844
-37 3867
-36 3826
-35 3860
-34 3846
-33 3788
-32 3796
-31 3777
-30 3719
-29 3750
-28 3801
-27 3824
-26 3659
-25 3680
-24 3717
-23 3729
-22 3670
-21 3736
-20 3619
-19 3599
-18 3614
-17 3644
-16 3613
-15 3579
-14 3512
-13 3533
-12 3499
-11 3513
-10 3407
-9 3486
-8 3453
-7 3342
-6 3389
-5 3318
-4 3494
-3 3487
-2 3233
-1 3391
0 3474
1 3321
2 3222
3 3218
4 3280
5 3296
6 3262
7 3262
8 3335
9 3284
10 3189
11 3217
12 3223
13 3249
14 3302
15 3340
16 3232
17 3218
18 3077
19 3194
20 3132
21 3203
22 3063
23 2884
24 3113
25 3132
26 3087
27 2996
28 2975
29 2937
30 2924
31 3001
32 2882
33 2907
34 2890
35 2957
36 2950
37 2946
38 2962
39 2893
40 2733
41 2913
42 2877
43 2825
44 2753
45 2775
46 2807
47 2763
48 2726
49 2698
50 2767
51 2626
52 2584
53 2623
54 2639
55 2641
56 2589
57 2634
58 2563
59 2581
60 2475
61 2534
62 2468
63 2461
64 2522
65 2418
66 2412
67 2338
68 2441
69 2328
70 2424
71 2404
72 2354
73 2333
74 2321
75 2359
76 2365
77 2392
78 2290
79 2254
80 2313
81 2175
82 2317
83 2402
84 2313
85 2363
86 2165
87 2184
88 2223
89 2245
90 2162
91 2207
92 2198
93 2141
94 2082
95 2114
96 2073
97 2096
98 2038
99 2111
100 2069
101 2062
102 2020
103 1985
104 1971
105 2031
106 2029
107 2038
108 1968
109 2106
110 1924
111 1996
112 1958
113 1949
114 1969
115 1903
116 1991
117 1840
118 1842
119 1904
120 1802
121 1858
122 1878
123 1884
124 1876
125 1821
126 1833
127 1806
128 1745
129 1820
130 1816
131 1791
132 1782
133 1798
134 1822
135 1730
136 1754
137 1790
138 1816
139 1725
140 1762
141 1805
142 1782
143 1813
144 1739
145 1720
146 1690
147 1676
148 1646
149 1683
150 1634
151 1669
152 1693
153 1747
154 1615
155 1617
156 1639
157 1687
158 1585
159 1614
160 1678
161 1609
162 1590
163 1568
164 1591
165 1651
166 1516
167 1528
168 1531
169 1565
170 1505
171 1592
172 1664
173 1481
174 1603
175 1613
176 1551
177 1541
178 1568
179 1669
180 1633
181 1541
182 1567
183 1590
184 1576
185 1560
186 1567
187 1569
188 1586
189 1485
190 1442
191 1428
192 1481
193 1426
194 1385
195 1388
196 1399
197 1430
198 1378
199 1297
200 1372
201 1370
202 1365
203 1356
204 1333
205 1300
206 1334
207 1403
208 1363
209 1285
210 1295
211 1353
212 1281
213 1316
214 1262
215 1352
216 1282
217 1313
218 1262
219 1291
220 1277
221 1299
222 1298
223 1208
224 1305
225 1234
226 1300
227 1288
228 1257
229 1221
230 1236
231 1204
232 1201
233 1194
234 1195
235 1180
236 1214
237 1138
238 1234
239 1212
240 1143
241 1139
242 1084
243 1149
244 1153
245 1103
246 1093
247 1140
248 1068
249 1103
250 1131
251 1050
252 1056
253 1074
254 1091
255 1038
256 1011
257 1038
258 1013
259 1024
260 1001
261 1009
262 948
263 1037
264 988
265 1020
266 977
267 909
268 927
269 966
270 944
271 936
272 945
273 963
274 919
275 918
276 903
277 985
278 863
279 937
280 943
281 833
282 899
283 908
284 927
285 865
286 887
287 887
288 842
289 864
290 834
291 869
292 836
293 803
294 835
295 892
296 815
297 784
298 825
299 798
300 812
301 779
302 764
303 766
304 801
305 809
306 842
307 773
308 773
309 750
310 793
311 746
312 785
313 775
314 744
315 703
316 729
317 732
318 734
319 741
320 729
321 698
322 700
323 703
324 670
325 650
326 661
327 685
328 688
329 695
330 648
331 615
332 655
333 632
334 673
335 666
336 646
337 608
338 640
339 598
340 618
341 622
342 618
343 616
344 605
345 628
346 593
347 562
348 579
349 582
350 596
351 570
352 541
353 550
354 590
355 524
356 586
357 589
358 562
359 573
360 580
361 563
362 615
363 512
364 544
365 538
366 519
367 558
368 522
369 510
370 538
371 540
372 524
373 520
374 516
375 525
376 489
377 524
378 496
379 538
380 454
381 479
382 473
383 504
384 499
385 501
386 525
387 497
388 471
389 498
390 454
391 489
392 455
393 421
394 477
395 457
396 460
397 446
398 441
399 446
400 425
401 467
402 424
403 462
404 430
405 388
406 420
407 394
408 423
409 427
410 432
411 428
412 409
413 406
414 401
415 380
416 392
417 408
418 408
419 385
420 390
421 376
422 384
423 386
424 384
425 403
426 369
427 356
428 396
429 411
430 365
431 379
432 346
433 359
434 343
435 372
436 380
437 349
438 343
439 361
440 336
441 365
442 311
443 325
444 343
445 335
446 329
447 296
448 330
449 320
450 302
451 335
452 319
453 329
454 355
455 331
456 307
457 334
458 311
459 311
460 303
461 306
462 292
463 315
464 258
465 323
466 294
467 300
468 302
469 262
470 279
471 279
472 263
473 264
474 253
475 270
476 265
477 266
478 289
479 272
480 269
481 263
482 244
483 263
484 252
485 250
486 270
487 253
488 263
489 253
490 240
491 260
492 242
493 230
494 258
495 245
496 239
497 265
498 218
499 227
500 235
501 216
502 233
503 218
504 229
505 205
506 218
507 227
508 223
509 236
510 216
511 212
512 209
513 189
514 194
515 191
516 202
517 187
518 226
519 226
520 216
521 206
522 183
523 187
524 193
525 198
526 193
527 200
528 194
529 169
530 202
531 213
532 174
533 191
534 167
535 188
536 144
537 183
538 177
539 181
540 177
541 183
542 166
543 163
544 172
545 170
546 166
547 148
548 150
549 167
550 159
551 158
552 141
553 188
554 160
555 152
556 166
557 159
558 151
559 143
560 134
561 143
562 162
563 141
564 159
565 143
566 150
567 149
568 137
569 162
570 148
571 127
572 125
573 129
574 147
575 124
576 136
577 137
578 132
579 159
580 131
581 116
582 140
583 125
584 141
585 122
586 143
587 107
588 95
589 136
590 117
591 123
592 120
593 137
594 121
595 124
596 127
597 139
598 136
599 110
600 137
601 117
602 113
603 124
604 97
605 113
606 102
607 111
608 126
609 108
610 96
611 122
612 116
613 115
614 113
615 115
616 107
617 98
618 107
619 92
620 96
621 106
622 89
623 100
624 90
625 84
626 90
627 85
628 100
629 110
630 92
631 85
632 101
633 113
634 86
635 89
636 73
637 89
638 89
639 73
640 71
641 93
642 82
643 94
644 86
645 94
646 82
647 66
648 78
649 84
650 72
651 77
652 85
653 74
654 75
655 93
656 60
657 68
658 73
659 77
660 67
661 73
662 71
663 75
664 81
665 70
666 70
667 62
668 70
669 77
670 89
671 96
672 68
673 73
674 68
675 65
676 87
677 70
678 56
679 54
680 73
681 70
682 51
683 71
684 60
685 71
686 57
687 63
688 57
689 77
690 63
691 59
692 52
693 64
694 64
695 47
696 59
697 69
698 49
699 60
700 68
701 63
702 57
703 64
704 58
705 55
706 64
707 53
708 74
709 58
710 61
711 58
712 58
713 63
714 56
715 55
716 44
717 49
718 51
719 74
720 56
721 64
722 55
723 73
724 49
725 57
726 62
727 57
728 55
729 40
730 51
731 44
732 49
733 58
734 61
735 50
736 49
737 42
738 60
739 61
740 57
741 42
742 51
743 50
744 37
745 54
746 48
747 52
748 47
749 51
750 40
751 45
752 45
753 45
754 41
755 55
756 48
757 43
758 53
759 46
760 44
761 48
762 44
763 47
764 47
765 39
766 43
767 50
768 36
769 42
770 41
771 48
772 51
773 52
774 26
775 40
776 36
777 37
778 43
779 43
780 37
781 45
782 35
783 32
784 44
785 50
786 43
787 44
788 35
789 44
790 37
791 37
792 34
793 36
794 42
795 46
796 41
797 39
798 36
799 32
800 33
801 28
802 35
803 24
804 44
805 33
806 33
807 30
808 35
809 29
810 50
811 40
812 33
813 27
814 33
815 32
816 46
817 29
818 43
819 37
820 32
821 39
822 32
823 20
824 34
825 28
826 38
827 18
828 24
829 30
830 33
831 27
832 37
833 29
834 32
835 36
836 42
837 33
838 34
839 27
840 25
841 37
842 33
843 22
844 32
845 21
846 22
847 32
848 35
849 29
850 25
851 28
852 31
853 26
854 24
855 27
856 36
857 36
858 29
859 36
860 34
861 24
862 26
863 26
864 25
865 17
866 26
867 17
868 31
869 24
870 24
871 19
872 36
873 27
874 26
875 22
876 29
877 24
878 28
879 32
880 23
881 27
882 23
883 22
884 27
885 23
886 34
887 29
888 25
889 34
890 35
891 28
892 28
893 22
894 30
895 23
896 28
897 27
898 18
899 30
900 21
901 24
902 21
903 25
904 22
905 28
906 29
907 26
908 26
909 26
910 17
911 19
912 30
913 25
914 30
915 20
916 24
917 26
918 19
919 34
920 28
921 28
922 29
923 30
924 25
925 33
926 23
927 23
928 25
929 30
930 18
931 10
932 29
933 20
934 25
935 22
936 20
937 31
938 29
939 24
940 25
941 29
942 19
943 23
944 28
945 26
946 29
947 26
948 26
949 21
950 25
951 22
952 30
953 23
954 22
955 18
956 17
957 32
958 21
959 33
960 22
961 38
962 19
963 30
964 25
965 26
966 23
967 25
968 28
969 27
970 33
971 32
972 27
973 32
974 23
975 32
976 25
977 31
978 28
979 31
980 17
981 29
982 23
983 26
984 29
985 25
986 26
987 27
988 29
989 17
990 27
991 21
992 24
993 25
994 29
995 33
996 32
997 25
998 29
999 18
1000 26
1001 35
1002 29
1003 27
1004 28
1005 25
1006 21
1007 35
1008 33
1009 25
1010 31
1011 43
1012 30
1013 29
1014 34
1015 33
1016 29
1017 21
1018 31
1019 28
1020 32
1021 40
1022 35
1023 37
1024 22
1025 31
1026 34
1027 41
1028 32
1029 39
1030 34
1031 29
1032 29
1033 39
1034 36
1035 33
1036 39
1037 40
1038 32
1039 33
1040 33
1041 34
1042 45
1043 29
1044 34
1045 42
1046 41
1047 42
1048 47
1049 37
1050 34
1051 47
1052 33
1053 32
1054 41
1055 40
1056 32
1057 36
1058 38
1059 31
1060 42
1061 39
1062 40
1063 36
1064 44
1065 33
1066 47
1067 37
1068 36
1069 46
1070 36
1071 24
1072 45
1073 50
1074 35
1075 34
1076 36
1077 35
1078 38
1079 44
1080 42
1081 36
1082 36
1083 35
1084 35
1085 33
1086 46
1087 35
1088 37
1089 36
1090 43
1091 39
1092 42
1093 30
1094 39
1095 37
1096 39
1097 40
1098 35
1099 40
1100 29
1101 34
1102 47
1103 46
1104 43
1105 36
1106 45
1107 36
1108 45
1109 53
1110 43
1111 37
1112 39
1113 33
1114 50
1115 43
1116 32
1117 40
1118 45
1119 40
1120 44
1121 27
1122 45
1123 43
1124 44
1125 34
1126 48
1127 29
1128 39
1129 46
1130 37
1131 28
1132 35
1133 59
1134 36
1135 38
1136 38
1137 36
1138 38
1139 27
1140 40
1141 46
1142 42
1143 35
1144 28
1145 40
1146 37
1147 34
1148 35
1149 25
1150 24
1151 49
1152 35
1153 41
1154 26
1155 41
1156 32
1157 33
1158 40
1159 32
1160 43
1161 21
1162 33
1163 50
1164 42
1165 35
1166 39
1167 36
1168 34
1169 33
1170 38
1171 44
1172 35
1173 26
1174 37
1175 26
1176 31
1177 36
1178 29
1179 35
1180 28
1181 28
1182 39
1183 36
1184 28
1185 38
1186 33
1187 35
1188 35
1189 34
1190 29
1191 34
1192 25
1193 36
1194 35
1195 28
1196 26
1197 30
1198 34
1199 33
1200 34
1201 33
1202 36
1203 35
1204 32
1205 26
1206 38
1207 33
1208 23
1209 19
1210 30
1211 27
1212 31
1213 30
1214 37
1215 32
1216 24
1217 25
1218 24
1219 32
1220 25
1221 27
1222 35
1223 21
1224 23
1225 29
1226 28
1227 16
1228 22
1229 26
1230 29
1231 37
1232 30
1233 25
1234 22
1235 24
1236 26
1237 26
1238 30
1239 30
1240 20
1241 27
1242 30
1243 17
1244 32
1245 29
1246 26
1247 26
1248 27
1249 24
1250 21
1251 19
1252 28
1253 25
1254 26
1255 12
1256 25
1257 23
1258 32
1259 28
1260 22
1261 25
1262 31
1263 20
1264 18
1265 17
1266 31
1267 22
1268 24
1269 22
1270 19
1271 13
1272 16
1273 16
1274 18
1275 21
1276 21
1277 17
1278 27
1279 22
1280 29
1281 17
1282 22
1283 16
1284 16
1285 24
1286 19
1287 21
1288 13
1289 17
1290 16
1291 19
1292 22
1293 15
1294 28
1295 19
1296 20
1297 16
1298 13
1299 19
1300 20
1301 17
1302 10
1303 22
1304 20
1305 14
1306 26
1307 19
1308 10
1309 26
1310 18
1311 18
1312 17
1313 15
1314 18
1315 9
1316 24
1317 22
1318 12
1319 15
1320 16
1321 14
1322 26
1323 14
1324 15
1325 15
1326 16
1327 11
1328 21
1329 16
1330 20
1331 16
1332 18
1333 16
1334 5
1335 15
1336 10
1337 15
1338 5
1339 8
1340 11
1341 14
1342 18
1343 11
1344 8
1345 9
1346 15
1347 17
1348 7
1349 15
1350 12
1351 14
1352 11
1353 8
1354 10
1355 8
1356 13
1357 12
1358 16
1359 13
1360 12
1361 4
1362 7
1363 7
1364 14
1365 12
1366 13
1367 10
1368 7
1369 9
1370 13
1371 10
1372 5
1373 5
1374 8
1375 8
1376 10
1377 6
1378 10
1379 10
1380 13
1381 5
1382 12
1383 3
1384 9
1385 13
1386 10
1387 6
1388 7
1389 8
1390 8
1391 7
1392 7
1393 5
1394 6
1395 7
1396 9
1397 8
1398 5
1399 9
1400 5
1401 9
1402 5
1403 3
1404 6
1405 4
1406 5
1407 5
1408 4
1409 7
1410 6
1411 6
1412 5
1413 6
1414 3
1415 5
1416 7
1417 4
1418 5
1419 7
1420 5
1421 3
1422 3
1423 8
1424 6
1425 5
1426 5
1427 2
1428 5
1429 3
1430 7
1431 3
1432 3
1433 5
1434 5
1435 5
1436 4
1437 9
1438 9
1439 8
1440 9
1441 6
1442 8
1443 5
1444 4
1445 3
1446 3
1447 8
1448 5
1449 6
1450 6
1451 3
1452 7
1453 3
1454 4
1455 3
1456 2
1457 7
1458 3
1459 4
1460 6
1461 1
1462 3
1463 6
1464 4
1465 9
1466 5
1467 7
1468 1
1469 7
1470 2
1471 3
1472 6
1473 3
1474 3
1475 7
1476 7
1477 6
1479 5
1480 2
1481 6
1482 3
1483 3
1484 2
1485 3
1486 3
1487 4
1489 5
1490 4
1491 6
1492 1
1493 6
1494 3
1495 3
1496 8
1497 4
1498 5
1499 3
1500 4
1501 2
1502 2
1503 2
1504 3
1505 3
1506 5
1507 3
1508 3
1509 2
1510 1
1511 3
1512 1
1513 1
1514 3
1515 1
1516 1
1517 3
1518 3
1519 1
1520 2
1521 6
1522 1
1523 7
1525 3
1526 3
1527 2
1528 1
1530 1
1531 4
1532 1
1533 1
1534 4
1535 1
1536 4
1537 1
1538 1
1539 3
1540 4
1541 1
1542 1
1544 3
1545 2
1546 1
1547 2
1548 2
1550 2
1551 1
1553 1
1554 1
1555 2
1556 1
1557 1
1559 3
1560 1
1561 1
1564 2
1565 1
1566 1
1567 1
1568 1
1571 2
1572 1
1573 1
1574 1
1576 2
1580 1
1583 1
1584 1
1585 3
1586 2
1588 4
1591 3
1592 3
1593 1
1596 1
1597 1
1600 2
1601 1
1603 1
1606 2
1608 1
1609 1
1610 1
1613 4
1615 1
1616 1
1617 1
1619 1
1620 1
1621 1
1622 1
1624 3
1625 2
1627 3
1628 1
1629 1
1630 2
1631 1
1633 2
1634 1
1636 1
1638 1
1639 2
1649 1
1651 1
1652 1
1654 1
1658 1
1660 1
1663 1
1665 1
1666 1
1672 1
1673 1
1674 1
1676 1
1678 2
1682 1
1683 1
1685 1
1692 1
1693 1
1696 1
1699 1
1700 2
1704 1
1707 1
1709 1
1711 2
1712 1
1714 1
1718 1
1719 1
1720 2
1723 1
1730 1
1732 2
1733 1
1735 1
1737 2
1743 1
1748 2
1749 1
1750 1
1751 1
1758 1
1759 1
1760 1
1786 1
