-1505 1
-1503 2
-1502 3
-1501 12
-1500 9
-1499 20
-1498 7
-1497 15
-1496 15
-1495 24
-1494 16
-1493 25
-1492 43
-1491 22
-1490 48
-1489 65
-1488 75
-1487 68
-1486 72
-1485 76
-1484 97
-1483 111
-1482 85
-1481 98
-1480 105
-1479 107
-1478 96
-1477 121
-1476 128
-1475 126
-1474 132
-1473 130
-1472 147
-1471 145
-1470 168
-1469 170
-1468 173
-1467 207
-1466 193
-1465 192
-1464 147
-1463 189
-1462 208
-1461 176
-1460 175
-1459 191
-1458 194
-1457 165
-1456 196
-1455 147
-1454 170
-1453 171
-1452 180
-1451 193
-1450 173
-1449 160
-1448 179
-1447 155
-1446 166
-1445 164
-1444 168
-1443 152
-1442 150
-1441 187
-1440 196
-1439 183
-1438 189
-1437 215
-1436 242
-1435 210
-1434 236
-1433 221
-1432 227
-1431 224
-1430 221
-1429 237
-1428 171
-1427 218
-1426 222
-1425 198
-1424 183
-1423 198
-1422 184
-1421 166
-1420 168
-1419 199
-1418 191
-1417 180
-1416 161
-1415 172
-1414 177
-1413 180
-1412 167
-1411 173
-1410 139
-1409 198
-1408 154
-1407 180
-1406 180
-1405 155
-1404 173
-1403 193
-1402 196
-1401 174
-1400 167
-1399 172
-1398 219
-1397 186
-1396 176
-1395 176
-1394 201
-1393 245
-1392 234
-1391 222
-1390 201
-1389 244
-1388 224
-1387 225
-1386 239
-1385 249
-1384 229
-1383 294
-1382 267
-1381 287
-1380 262
-1379 342
-1378 310
-1377 283
-1376 311
-1375 301
-1374 316
-1373 361
-1372 360
-1371 355
-1370 384
-1369 394
-1368 432
-1367 508
-1366 454
-1365 499
-1364 510
-1363 553
-1362 570
-1361 640
-1360 658
-1359 720
-1358 720
-1357 800
-1356 789
-1355 833
-1354 848
-1353 970
-1352 1073
-1351 1119
-1350 1178
-1349 1211
-1348 1262
-1347 1332
-1346 1310
-1345 1338
-1344 1395
-1343 1500
-1342 1415
-1341 1407
-1340 1475
-1339 1439
-1338 1479
-1337 1440
-1336 1369
-1335 1440
-1334 1411
-1333 1463
-1332 1444
-1331 1417
-1330 1438
-1329 1395
-1328 1451
-1327 1495
-1326 1498
-1325 1540
-1324 1469
-1323 1600
-1322 1502
-1321 1612
-1320 1584
-1319 1577
-1318 1555
-1317 1564
-1316 1605
-1315 1643
-1314 1709
-1313 1640
-1312 1560
-1311 1575
-1310 1618
-1309 1556
-1308 1473
-1307 1529
-1306 1522
-1305 1444
-1304 1502
-1303 1526
-1302 1506
-1301 1473
-1300 1538
-1299 1501
-1298 1471
-1297 1468
-1296 1453
-1295 1542
-1294 1562
-1293 1593
-1292 1493
-1291 1549
-1290 1584
-1289 1559
-1288 1526
-1287 1603
-1286 1585
-1285 1604
-1284 1604
-1283 1629
-1282 1581
-1281 1715
-1280 1706
-1279 1718
-1278 1806
-1277 1719
-1276 1764
-1275 1752
-1274 1778
-1273 1801
-1272 1766
-1271 1740
-1270 1788
-1269 1817
-1268 1864
-1267 1891
-1266 2047
-1265 2069
-1264 2102
-1263 2158
-1262 2171
-1261 2267
-1260 2285
-1259 2350
-1258 2385
-1257 2468
-1256 2452
-1255 2554
-1254 2516
-1253 2637
-1252 2657
-1251 2681
-1250 2726
-1249 2603
-1248 2694
-1247 2596
-1246 2694
-1245 2616
-1244 2627
-1243 2773
-1242 2667
-1241 2615
-1240 2671
-1239 2784
-1238 2699
-1237 2757
-1236 2775
-1235 2784
-1234 2814
-1233 2788
-1232 2864
-1231 2798
-1230 2827
-1229 2789
-1228 2739
-1227 2808
-1226 2875
-1225 2950
-1224 2878
-1223 3031
-1222 2987
-1221 3117
-1220 3132
-1219 3130
-1218 3351
-1217 3410
-1216 3371
-1215 3379
-1214 3384
-1213 3423
-1212 3490
-1211 3406
-1210 3324
-1209 3328
-1208 3363
-1207 3359
-1206 3394
-1205 3456
-1204 3482
-1203 3450
-1202 3428
-1201 3587
-1200 3514
-1199 3653
-1198 3646
-1197 3622
-1196 3661
-1195 3661
-1194 3611
-1193 3595
-1192 3523
-1191 3468
-1190 3433
-1189 3402
-1188 3494
-1187 3461
-1186 3467
-1185 3425
-1184 3361
-1183 3490
-1182 3551
-1181 3408
-1180 3489
-1179 3500
-1178 3540
-1177 3601
-1176 3554
-1175 3584
-1174 3606
-1173 3569
-1172 3609
-1171 3668
-1170 3547
-1169 3506
-1168 3528
-1167 3415
-1166 3462
-1165 3517
-1164 3665
-1163 3570
-1162 3598
-1161 3608
-1160 3675
-1159 3780
-1158 3820
-1157 3586
-1156 3694
-1155 3698
-1154 3693
-1153 3710
-1152 3736
-1151 3682
-1150 3604
-1149 3619
-1148 3598
-1147 3616
-1146 3602
-1145 3635
-1144 3555
-1143 3586
-1142 3541
-1141 3522
-1140 3546
-1139 3439
-1138 3535
-1137 3642
-1136 3540
-1135 3689
-1134 3592
-1133 3595
-1132 3724
-1131 3626
-1130 3588
-1129 3714
-1128 3631
-1127 3609
-1126 3694
-1125 3539
-1124 3481
-1123 3632
-1122 3727
-1121 3661
-1120 3675
-1119 3889
-1118 3748
-1117 3735
-1116 3773
-1115 4018
-1114 3966
-1113 3912
-1112 3964
-1111 4106
-1110 4086
-1109 4052
-1108 4049
-1107 4071
-1106 4040
-1105 4014
-1104 4141
-1103 4217
-1102 4128
-1101 4019
-1100 4094
-1099 4321
-1098 4044
-1097 4010
-1096 4198
-1095 4177
-1094 4156
-1093 4196
-1092 4379
-1091 4301
-1090 4364
-1089 4251
-1088 4222
-1087 4280
-1086 4236
-1085 4248
-1084 4355
-1083 4331
-1082 4269
-1081 4339
-1080 4347
-1079 4584
-1078 4638
-1077 4560
-1076 4651
-1075 4641
-1074 4685
-1073 4685
-1072 4500
-1071 4588
-1070 4525
-1069 4689
-1068 4601
-1067 4676
-1066 4730
-1065 4721
-1064 4786
-1063 4720
-1062 4652
-1061 4882
-1060 4735
-1059 4852
-1058 4941
-1057 4857
-1056 4962
-1055 4941
-1054 5034
-1053 5012
-1052 4908
-1051 4970
-1050 5102
-1049 5105
-1048 5199
-1047 5296
-1046 5352
-1045 5293
-1044 5299
-1043 5438
-1042 5472
-1041 5419
-1040 5442
-1039 5572
-1038 5345
-1037 5282
-1036 5400
-1035 5258
-1034 5339
-1033 5319
-1032 5170
-1031 5263
-1030 5441
-1029 5430
-1028 5275
-1027 5350
-1026 5424
-1025 5294
-1024 5251
-1023 5314
-1022 5155
-1021 5300
-1020 5327
-1019 5157
-1018 5251
-1017 5360
-1016 5508
-1015 5477
-1014 5325
-1013 5371
-1012 5346
-1011 5443
-1010 5366
-1009 5353
-1008 5447
-1007 5363
-1006 5210
-1005 5354
-1004 5080
-1003 5211
-1002 5204
-1001 5166
-1000 5303
-999 5347
-998 5243
-997 5349
-996 5301
-995 5208
-994 5280
-993 5323
-992 5328
-991 5308
-990 5561
-989 5474
-988 5435
-987 5621
-986 5531
-985 5527
-984 5629
-983 5667
-982 5656
-981 5883
-980 5856
-979 5976
-978 6085
-977 6035
-976 6183
-975 6056
-974 6142
-973 6188
-972 6258
-971 6217
-970 6023
-969 6076
-968 6075
-967 6020
-966 6183
-965 6207
-964 6106
-963 6044
-962 5968
-961 6031
-960 6126
-959 6153
-958 6100
-957 6015
-956 5942
-955 5873
-954 6048
-953 6095
-952 6036
-951 6075
-950 6059
-949 6079
-948 6141
-947 6171
-946 6232
-945 6236
-944 6228
-943 6220
-942 6257
-941 6526
-940 6419
-939 6463
-938 6517
-937 6745
-936 6521
-935 6609
-934 6793
-933 6702
-932 6814
-931 6764
-930 6817
-929 6696
-928 6708
-927 6666
-926 6629
-925 6664
-924 6552
-923 6681
-922 6646
-921 6711
-920 6756
-919 6727
-918 6699
-917 6645
-916 6707
-915 6598
-914 6689
-913 6772
-912 6785
-911 6732
-910 6642
-909 6734
-908 6538
-907 6589
-906 6566
-905 6606
-904 6578
-903 6587
-902 6703
-901 6756
-900 6767
-899 6452
-898 6523
-897 6620
-896 6211
-895 6455
-894 6323
-893 6361
-892 6371
-891 6375
-890 6312
-889 6347
-888 6381
-887 6367
-886 6324
-885 6467
-884 6195
-883 6243
-882 6293
-881 6090
-880 5992
-879 6078
-878 5847
-877 5920
-876 6022
-875 5988
-874 6060
-873 6003
-872 5811
-871 6140
-870 5878
-869 5953
-868 5934
-867 5759
-866 5949
-865 6031
-864 6150
-863 6049
-862 5970
-861 5995
-860 5944
-859 6001
-858 5897
-857 5891
-856 5936
-855 5950
-854 6024
-853 5825
-852 5871
-851 6050
-850 6039
-849 6053
-848 6011
-847 5898
-846 6048
-845 6023
-844 5895
-843 6063
-842 5822
-841 5981
-840 6000
-839 6033
-838 6017
-837 6155
-836 6065
-835 6099
-834 5939
-833 6046
-832 6011
-831 5951
-830 5896
-829 6113
-828 6025
-827 6015
-826 6037
-825 6072
-824 5945
-823 6110
-822 6044
-821 5945
-820 6083
-819 6223
-818 6085
-817 6207
-816 6160
-815 6296
-814 6301
-813 6380
-812 6218
-811 6181
-810 6167
-809 6224
-808 6253
-807 6328
-806 6315
-805 6260
-804 6123
-803 6059
-802 5959
-801 6096
-800 6053
-799 6002
-798 5846
-797 5942
-796 5888
-795 5832
-794 5942
-793 5797
-792 5871
-791 5876
-790 5797
-789 5748
-788 5628
-787 5792
-786 5742
-785 5734
-784 5807
-783 5856
-782 5739
-781 5807
-780 5714
-779 5680
-778 5775
-777 5587
-776 5534
-775 5552
-774 5504
-773 5482
-772 5473
-771 5457
-770 5547
-769 5511
-768 5424
-767 5444
-766 5532
-765 5432
-764 5441
-763 5441
-762 5495
-761 5340
-760 5440
-759 5317
-758 5418
-757 5346
-756 5477
-755 5486
-754 5437
-753 5359
-752 5357
-751 5241
-750 5333
-749 5396
-748 5363
-747 5204
-746 5392
-745 5337
-744 5272
-743 5156
-742 5233
-741 5251
-740 5207
-739 5136
-738 5043
-737 5111
-736 5261
-735 5047
-734 5214
-733 4995
-732 5027
-731 4941
-730 5033
-729 4859
-728 4779
-727 4838
-726 4835
-725 4812
-724 4645
-723 4880
-722 4701
-721 4794
-720 4758
-719 4754
-718 4831
-717 4705
-716 4768
-715 4665
-714 4779
-713 4635
-712 4645
-711 4872
-710 4777
-709 4666
-708 4673
-707 4669
-706 4606
-705 4718
-704 4679
-703 4554
-702 4695
-701 4544
-700 4595
-699 4573
-698 4608
-697 4651
-696 4515
-695 4507
-694 4459
-693 4474
-692 4507
-691 4478
-690 4479
-689 4621
-688 4380
-687 4369
-686 4428
-685 4414
-684 4379
-683 4424
-682 4441
-681 4375
-680 4301
-679 4261
-678 4174
-677 4044
-676 4146
-675 4247
-674 4058
-673 4099
-672 4215
-671 4137
-670 4016
-669 4117
-668 4144
-667 4058
-666 4182
-665 4144
-664 4107
-663 4008
-662 3968
-661 4055
-660 4033
-659 4008
-658 3866
-657 3890
-656 3949
-655 3748
-654 3917
-653 3797
-652 3682
-651 3760
-650 3819
-649 3849
-648 3769
-647 3831
-646 3685
-645 3761
-644 3722
-643 3788
-642 3631
-641 3698
-640 3552
-639 3640
-638 3728
-637 3623
-636 3602
-635 3495
-634 3544
-633 3577
-632 3545
-631 3409
-630 3505
-629 3446
-628 3309
-627 3387
-626 3342
-625 3357
-624 3287
-623 3467
-622 3160
-621 3270
-620 3220
-619 3199
-618 3176
-617 3239
-616 3194
-615 3185
-614 3156
-613 3286
-612 3282
-611 3224
-610 3192
-609 3126
-608 3097
-607 3165
-606 3068
-605 3171
-604 3121
-603 3131
-602 3086
-601 2970
-600 3126
-599 3168
-598 3069
-597 3072
-596 3091
-595 3031
-594 3180
-593 3187
-592 3044
-591 3017
-590 3043
-589 2965
-588 2977
-587 2970
-586 3140
-585 3004
-584 3056
-583 3065
-582 2885
-581 2918
-580 3046
-579 2865
-578 2939
-577 2916
-576 2801
-575 2754
-574 2924
-573 2870
-572 2796
-571 2779
-570 2744
-569 2722
-568 2665
-567 2692
-566 2666
-565 2569
-564 2577
-563 2571
-562 2568
-561 2563
-560 2548
-559 2555
-558 2556
-557 2497
-556 2481
-555 2478
-554 2397
-553 2428
-552 2367
-551 2470
-550 2410
-549 2452
-548 2382
-547 2408
-546 2353
-545 2374
-544 2346
-543 2353
-542 2263
-541 2250
-540 2292
-539 2221
-538 2217
-537 2189
-536 2252
-535 2251
-534 2249
-533 2201
-532 2157
-531 2090
-530 2189
-529 2129
-528 2120
-527 2102
-526 2086
-525 2182
-524 2086
-523 2056
-522 2108
-521 2106
-520 2080
-519 2011
-518 2009
-517 2021
-516 2075
-515 2043
-514 2038
-513 1986
-512 1903
-511 2009
-510 1999
-509 1974
-508 1971
-507 2009
-506 1912
-505 1890
-504 1931
-503 1947
-502 1904
-501 1883
-500 1850
-499 1866
-498 1867
-497 1850
-496 1907
-495 1842
-494 1850
-493 1803
-492 1919
-491 1762
-490 1742
-489 1775
-488 1800
-487 1738
-486 1716
-485 1719
-484 1720
-483 1680
-482 1645
-481 1620
-480 1758
-479 1740
-478 1774
-477 1641
-476 1639
-475 1617
-474 1742
-473 1675
-472 1683
-471 1595
-470 1703
-469 1723
-468 1593
-467 1686
-466 1632
-465 1556
-464 1602
-463 1594
-462 1573
-461 1603
-460 1585
-459 1636
-458 1649
-457 1569
-456 1581
-455 1618
-454 1670
-453 1621
-452 1609
-451 1632
-450 1538
-449 1627
-448 1569
-447 1622
-446 1672
-445 1632
-444 1662
-443 1572
-442 1539
-441 1533
-440 1512
-439 1532
-438 1549
-437 1527
-436 1456
-435 1496
-434 1511
-433 1489
-432 1479
-431 1513
-430 1496
-429 1439
-428 1527
-427 1521
-426 1461
-425 1469
-424 1480
-423 1520
-422 1427
-421 1448
-420 1398
-419 1417
-418 1413
-417 1395
-416 1412
-415 1361
-414 1323
-413 1393
-412 1350
-411 1401
-410 1392
-409 1322
-408 1315
-407 1336
-406 1310
-405 1325
-404 1253
-403 1287
-402 1308
-401 1327
-400 1236
-399 1264
-398 1309
-397 1199
-396 1261
-395 1197
-394 1227
-393 1305
-392 1232
-391 1237
-390 1268
-389 1247
-388 1204
-387 1246
-386 1176
-385 1159
-384 1156
-383 1148
-382 1154
-381 1135
-380 1101
-379 1157
-378 1126
-377 1127
-376 1112
-375 1119
-374 1058
-373 1031
-372 1031
-371 1009
-370 1076
-369 1044
-368 1051
-367 1046
-366 1043
-365 987
-364 1005
-363 1041
-362 992
-361 1006
-360 998
-359 975
-358 1006
-357 1020
-356 974
-355 990
-354 973
-353 984
-352 924
-351 947
-350 1018
-349 933
-348 964
-347 946
-346 902
-345 905
-344 921
-343 960
-342 864
-341 886
-340 910
-339 889
-338 899
-337 941
-336 840
-335 901
-334 879
-333 918
-332 859
-331 876
-330 867
-329 841
-328 803
-327 900
-326 881
-325 849
-324 865
-323 774
-322 837
-321 805
-320 885
-319 854
-318 838
-317 787
-316 828
-315 821
-314 774
-313 826
-312 779
-311 812
-310 778
-309 738
-308 773
-307 750
-306 734
-305 794
-304 752
-303 809
-302 741
-301 733
-300 755
-299 733
-298 797
-297 742
-296 765
-295 720
-294 761
-293 724
-292 715
-291 722
-290 670
-289 699
-288 733
-287 720
-286 725
-285 674
-284 718
-283 676
-282 703
-281 664
-280 683
-279 672
-278 703
-277 732
-276 629
-275 696
-274 671
-273 669
-272 664
-271 618
-270 653
-269 659
-268 636
-267 615
-266 625
-265 623
-264 633
-263 660
-262 620
-261 647
-260 655
-259 601
-258 592
-257 623
-256 632
-255 622
-254 625
-253 601
-252 588
-251 594
-250 580
-249 584
-248 581
-247 557
-246 606
-245 585
-244 583
-243 594
-242 568
-241 537
-240 566
-239 553
-238 507
-237 524
-236 551
-235 565
-234 537
-233 529
-232 541
-231 536
-230 579
-229 519
-228 535
-227 560
-226 537
-225 515
-224 538
-223 502
-222 494
-221 465
-220 502
-219 511
-218 512
-217 516
-216 505
-215 491
-214 499
-213 466
-212 501
-211 546
-210 547
-209 513
-208 494
-207 501
-206 504
-205 506
-204 481
-203 479
-202 464
-201 467
-200 512
-199 464
-198 455
-197 505
-196 471
-195 423
-194 472
-193 463
-192 453
-191 415
-190 459
-189 461
-188 420
-187 435
-186 443
-185 426
-184 451
-183 415
-182 475
-181 447
-180 457
-179 412
-178 454
-177 406
-176 404
-175 444
-174 408
-173 416
-172 384
-171 399
-170 400
-169 409
-168 377
-167 348
-166 412
-165 366
-164 372
-163 397
-162 400
-161 418
-160 399
-159 385
-158 377
-157 388
-156 419
-155 347
-154 324
-153 376
-152 364
-151 349
-150 345
-149 361
-148 359
-147 361
-146 356
-145 332
-144 327
-143 357
-142 329
-141 297
-140 295
-139 318
-138 331
-137 340
-136 354
-135 335
-134 306
-133 324
-132 284
-131 325
-130 298
-129 279
-128 327
-127 325
-126 304
-125 322
-124 331
-123 300
-122 318
-121 284
-120 295
-119 283
-118 286
-117 302
-116 297
-115 280
-114 278
-113 286
-112 316
-111 272
-110 284
-109 321
-108 271
-107 274
-106 261
-105 259
-104 281
-103 301
-102 275
-101 273
-100 267
-99 234
-98 238
-97 254
-96 241
-95 248
-94 270
-93 260
-92 265
-91 240
-90 238
-89 257
-88 247
-87 247
-86 233
-85 233
-84 211
-83 230
-82 256
-81 239
-80 232
-79 217
-78 243
-77 237
-76 209
-75 231
-74 221
-73 205
-72 249
-71 215
-70 221
-69 195
-68 195
-67 210
-66 197
-65 194
-64 198
-63 210
-62 198
-61 192
-60 186
-59 198
-58 213
-57 214
-56 228
-55 221
-54 207
-53 169
-52 202
-51 186
-50 195
-49 180
-48 185
-47 201
-46 208
-45 172
-44 198
-43 172
-42 187
-41 169
-40 165
-39 161
-38 183
-37 177
-36 174
-35 175
-34 173
-33 191
-32 157
-31 167
-30 156
-29 187
-28 175
-27 166
-26 153
-25 163
-24 153
-23 187
-22 175
-21 156
-20 183
-19 153
-18 155
-17 157
-16 148
-15 154
-14 137
-13 149
-12 161
-11 154
-10 131
-9 135
-8 158
-7 125
-6 129
-5 153
-4 155
-3 146
-2 126
-1 151
0 142
1 125
2 135
3 104
4 146
5 140
6 136
7 116
8 115
9 133
10 125
11 116
12 130
13 131
14 126
15 125
16 112
17 114
18 121
19 130
20 129
21 108
22 118
23 117
24 127
25 109
26 123
27 99
28 115
29 112
30 117
31 117
32 110
33 129
34 110
35 121
36 104
37 131
38 105
39 92
40 125
41 109
42 113
43 105
44 85
45 122
46 113
47 93
48 96
49 102
50 101
51 94
52 101
53 79
54 100
55 94
56 101
57 92
58 82
59 79
60 86
61 70
62 99
63 75
64 96
65 93
66 93
67 72
68 81
69 83
70 85
71 80
72 72
73 90
74 106
75 78
76 96
77 76
78 78
79 77
80 79
81 99
82 93
83 75
84 93
85 65
86 76
87 80
88 72
89 53
90 73
91 80
92 78
93 68
94 78
95 63
96 63
97 62
98 61
99 72
100 62
101 68
102 85
103 54
104 75
105 80
106 62
107 73
108 73
109 62
110 53
111 70
112 60
113 54
114 58
115 58
116 63
117 68
118 57
119 67
120 45
121 69
122 47
123 50
124 59
125 48
126 54
127 58
128 64
129 66
130 43
131 59
132 45
133 59
134 59
135 55
136 50
137 43
138 51
139 66
140 57
141 52
142 38
143 38
144 39
145 41
146 58
147 51
148 46
149 45
150 52
151 45
152 52
153 48
154 51
155 52
156 44
157 56
158 50
159 44
160 54
161 53
162 57
163 62
164 41
165 50
166 49
167 50
168 39
169 45
170 43
171 48
172 37
173 43
174 45
175 43
176 33
177 27
178 45
179 56
180 50
181 32
182 55
183 32
184 39
185 30
186 34
187 42
188 43
189 38
190 48
191 42
192 36
193 40
194 40
195 48
196 34
197 35
198 38
199 31
200 34
201 32
202 33
203 42
204 34
205 38
206 34
207 49
208 41
209 39
210 29
211 33
212 31
213 28
214 35
215 34
216 27
217 34
218 34
219 41
220 27
221 26
222 29
223 22
224 31
225 36
226 31
227 32
228 41
229 26
230 35
231 28
232 25
233 35
234 25
235 32
236 28
237 20
238 32
239 20
240 21
241 31
242 24
243 29
244 22
245 37
246 31
247 21
248 22
249 27
250 28
251 22
252 24
253 29
254 26
255 22
256 17
257 23
258 41
259 16
260 22
261 18
262 21
263 28
264 33
265 21
266 24
267 32
268 34
269 18
270 36
271 22
272 28
273 18
274 20
275 26
276 23
277 25
278 24
279 23
280 19
281 11
282 27
283 18
284 19
285 16
286 24
287 25
288 28
289 27
290 18
291 22
292 18
293 23
294 26
295 29
296 28
297 23
298 26
299 27
300 24
301 28
302 15
303 21
304 17
305 16
306 19
307 18
308 20
309 27
310 21
311 18
312 17
313 29
314 19
315 16
316 25
317 20
318 19
319 22
320 20
321 11
322 17
323 21
324 19
325 23
326 22
327 16
328 14
329 15
330 20
331 12
332 14
333 20
334 22
335 17
336 21
337 20
338 18
339 18
340 15
341 18
342 15
343 15
344 10
345 26
346 16
347 22
348 24
349 14
350 20
351 22
352 16
353 19
354 17
355 20
356 20
357 17
358 11
359 17
360 16
361 13
362 11
363 14
364 23
365 13
366 15
367 16
368 13
369 11
370 20
371 10
372 19
373 13
374 18
375 20
376 16
377 14
378 11
379 20
380 17
381 17
382 17
383 10
384 14
385 8
386 24
387 22
388 9
389 25
390 21
391 14
392 31
393 19
394 16
395 15
396 13
397 13
398 18
399 9
400 10
401 11
402 14
403 18
404 11
405 13
406 16
407 17
408 13
409 11
410 14
411 23
412 21
413 16
414 18
415 15
416 17
417 11
418 19
419 22
420 13
421 7
422 18
423 20
424 14
425 18
426 18
427 18
428 14
429 22
430 15
431 10
432 11
433 17
434 15
435 18
436 15
437 15
438 13
439 15
440 27
441 18
442 25
443 15
444 13
445 15
446 22
447 23
448 20
449 22
450 20
451 30
452 22
453 23
454 12
455 26
456 21
457 19
458 21
459 14
460 21
461 16
462 31
463 24
464 23
465 22
466 13
467 25
468 21
469 24
470 15
471 18
472 13
473 23
474 22
475 12
476 16
477 27
478 24
479 22
480 16
481 20
482 17
483 22
484 23
485 23
486 17
487 24
488 19
489 24
490 18
491 21
492 23
493 26
494 28
495 26
496 25
497 19
498 27
499 25
500 26
501 25
502 31
503 18
504 25
505 20
506 24
507 29
508 28
509 29
510 35
511 21
512 22
513 26
514 24
515 32
516 25
517 33
518 28
519 22
520 23
521 26
522 32
523 34
524 26
525 22
526 31
527 27
528 22
529 21
530 21
531 28
532 30
533 25
534 26
535 18
536 30
537 28
538 19
539 28
540 29
541 21
542 29
543 26
544 24
545 28
546 17
547 34
548 28
549 22
550 38
551 26
552 22
553 32
554 28
555 29
556 28
557 27
558 22
559 25
560 31
561 36
562 32
563 32
564 30
565 37
566 30
567 21
568 38
569 28
570 29
571 24
572 29
573 29
574 34
575 17
576 24
577 29
578 33
579 34
580 22
581 36
582 27
583 26
584 26
585 29
586 36
587 25
588 23
589 23
590 33
591 27
592 21
593 27
594 32
595 27
596 30
597 27
598 20
599 27
600 30
601 26
602 21
603 24
604 21
605 30
606 29
607 30
608 25
609 17
610 20
611 27
612 29
613 29
614 26
615 28
616 21
617 26
618 25
619 17
620 39
621 26
622 21
623 22
624 22
625 26
626 28
627 33
628 19
629 28
630 17
631 20
632 25
633 27
634 23
635 24
636 20
637 29
638 23
639 25
640 19
641 33
642 28
643 27
644 26
645 31
646 27
647 30
648 24
649 24
650 28
651 22
652 25
653 17
654 26
655 26
656 23
657 18
658 21
659 23
660 21
661 29
662 29
663 19
664 25
665 16
666 21
667 18
668 22
669 22
670 28
671 20
672 18
673 12
674 25
675 14
676 25
677 22
678 15
679 25
680 11
681 21
682 13
683 13
684 21
685 17
686 22
687 15
688 13
689 17
690 20
691 20
692 17
693 21
694 20
695 18
696 15
697 13
698 21
699 21
700 16
701 21
702 14
703 27
704 21
705 16
706 13
707 14
708 14
709 11
710 21
711 22
712 15
713 23
714 17
715 16
716 11
717 21
718 18
719 15
720 16
721 14
722 21
723 12
724 18
725 16
726 15
727 14
728 13
729 16
730 14
731 18
732 15
733 23
734 13
735 11
736 10
737 12
738 16
739 7
740 14
741 12
742 11
743 13
744 17
745 12
746 14
747 16
748 10
749 12
750 14
751 8
752 18
753 14
754 11
755 14
756 25
757 17
758 17
759 11
760 14
761 7
762 11
763 13
764 15
765 15
766 13
767 12
768 12
769 14
770 13
771 7
772 14
773 13
774 8
775 9
776 13
777 12
778 11
779 13
780 14
781 8
782 12
783 9
784 11
785 12
786 8
787 7
788 15
789 10
790 5
791 6
792 9
793 12
794 8
795 7
796 8
797 10
798 8
799 8
800 13
801 4
802 11
803 12
804 11
805 13
806 10
807 18
808 6
809 12
810 6
811 6
812 10
813 7
814 4
815 9
816 10
817 4
818 11
819 9
820 2
821 6
822 3
823 9
824 4
825 6
826 8
827 7
828 10
829 4
830 9
831 8
832 6
833 11
834 4
835 8
836 7
837 3
838 8
839 4
840 3
841 10
842 8
843 9
844 3
845 7
846 8
847 5
848 8
849 6
850 4
851 5
852 3
853 5
854 5
855 6
856 6
857 6
858 7
859 7
860 6
861 12
862 6
863 6
864 3
865 5
866 7
867 5
868 5
869 7
870 5
871 6
872 3
873 4
874 8
875 5
876 6
877 3
878 6
879 4
880 4
881 5
882 4
883 1
884 2
885 3
886 7
887 3
888 6
889 2
890 8
891 4
892 2
893 2
894 7
895 6
896 7
897 5
898 5
899 7
900 1
901 5
902 6
903 4
904 2
905 5
906 4
907 6
908 2
909 2
910 2
911 3
912 2
913 3
914 4
915 4
916 7
917 4
918 3
919 3
920 6
921 2
922 6
923 2
924 3
925 3
926 5
927 4
928 5
929 6
930 2
931 1
932 8
933 3
934 1
935 2
936 4
937 2
938 3
939 1
940 1
941 1
942 1
943 2
945 1
946 2
947 1
948 2
949 2
950 2
951 3
952 3
953 2
954 5
955 6
956 6
957 1
958 1
959 5
960 3
961 1
964 2
965 1
967 2
969 1
970 2
972 2
973 4
974 1
976 1
977 4
978 4
979 1
982 2
984 3
985 1
986 3
987 3
988 2
989 3
990 1
991 5
992 4
993 4
995 2
997 6
998 1
999 1
1000 3
1002 2
1003 3
1004 1
1005 2
1006 1
1007 1
1009 2
1010 1
1012 1
1013 2
1014 2
1015 1
1017 3
1020 2
1021 1
1022 1
1025 2
1026 2
1027 1
1028 1
1029 1
1031 1
1032 1
1033 1
1035 1
1037 2
1039 2
1040 1
1042 3
1043 2
1044 2
1047 2
1049 1
1050 1
1051 1
1052 3
1055 1
1056 2
1060 1
1061 2
1064 1
1065 2
1066 1
1068 1
1069 3
1070 1
1072 1
1073 1
1078 2
1079 1
1081 1
1083 1
1084 1
1085 1
1091 2
1093 1
1094 1
1095 2
1097 2
1099 1
1100 1
1101 1
1102 1
1105 1
1109 1
1116 2
1117 1
1124 1
1126 2
1132 2
1136 1
1140 1
1143 2
1146 1
1148 1
1152 1
1170 2
1179 1
1188 1
1209 1
1259 1
1272 1
1289 1
1312 1
1361 1
