140 1
141 4
142 25
143 85
144 141
145 200
146 233
147 248
148 266
149 229
150 250
151 292
152 469
153 649
154 841
155 1088
156 1353
157 1481
158 1522
159 1527
160 1694
161 1869
162 2122
163 2154
164 2274
165 2460
166 2508
167 2703
168 2701
169 2888
170 3127
171 2947
172 3148
173 3348
174 3132
175 3418
176 3582
177 3647
178 3840
179 4027
180 3848
181 3913
182 4086
183 4161
184 4300
185 4415
186 4382
187 4385
188 4765
189 5036
190 5116
191 5166
192 5161
193 5285
194 5305
195 5137
196 5359
197 5472
198 5436
199 5459
200 5541
201 5648
202 5536
203 5632
204 5629
205 5668
206 5403
207 5253
208 5289
209 5264
210 5507
211 5750
212 6066
213 6222
214 6244
215 6030
216 6172
217 6219
218 6287
219 6148
220 5897
221 5980
222 6132
223 5972
224 6021
225 6079
226 5961
227 5927
228 5884
229 5764
230 5836
231 5812
232 5957
233 5874
234 5910
235 6083
236 6077
237 6238
238 6496
239 6469
240 6611
241 6685
242 6703
243 6975
244 7039
245 7277
246 7247
247 7319
248 7502
249 7360
250 7252
251 7257
252 7406
253 7409
254 7505
255 7630
256 7607
257 7619
258 7652
259 7671
260 7705
261 7807
262 7879
263 7812
264 8111
265 8318
266 8143
267 8351
268 8280
269 8435
270 8228
271 8151
272 8048
273 7860
274 8083
275 7994
276 7877
277 8032
278 8160
279 8030
280 8050
281 8127
282 8105
283 8123
284 8286
285 8078
286 8277
287 8215
288 8046
289 8241
290 8047
291 7976
292 7969
293 8027
294 8377
295 8409
296 8388
297 8298
298 8369
299 8225
300 8234
301 8039
302 8121
303 7908
304 8172
305 7990
306 8224
307 8029
308 8109
309 8068
310 8058
311 8107
312 8064
313 7909
314 8003
315 7871
316 7887
317 7902
318 7918
319 7840
320 7937
321 7941
322 7913
323 7874
324 8079
325 7957
326 7901
327 7945
328 7882
329 7872
330 7994
331 7833
332 7793
333 7680
334 7945
335 7938
336 8008
337 7957
338 7875
339 8036
340 7985
341 7983
342 7970
343 7851
344 8047
345 8112
346 8147
347 8072
348 7975
349 8073
350 7984
351 7893
352 7921
353 7873
354 7764
355 7881
356 7888
357 7859
358 7699
359 7645
360 7582
361 7569
362 7738
363 7669
364 7642
365 7574
366 7601
367 7653
368 7708
369 7823
370 7936
371 7978
372 8153
373 8072
374 8072
375 8057
376 8129
377 8131
378 8174
379 8164
380 8090
381 8229
382 8187
383 8182
384 8170
385 8257
386 8292
387 8277
388 8533
389 8598
390 8402
391 8268
392 7908
393 8012
394 8209
395 8036
396 7807
397 7899
398 7794
399 7771
400 7883
401 7596
402 7577
403 7649
404 7397
405 7314
406 7437
407 7605
408 7369
409 7306
410 7270
411 7252
412 7140
413 7126
414 7145
415 7200
416 7228
417 7330
418 7257
419 7439
420 7430
421 7307
422 7274
423 7489
424 7422
425 7409
426 7427
427 7511
428 7395
429 7278
430 7578
431 7509
432 7409
433 7331
434 7492
435 7397
436 7316
437 7377
438 7433
439 7233
440 7148
441 7170
442 7281
443 7477
444 7426
445 7485
446 7462
447 7211
448 7229
449 7074
450 7062
451 6891
452 6866
453 6805
454 6952
455 6828
456 6744
457 6747
458 6651
459 6679
460 6615
461 6816
462 6711
463 6793
464 6607
465 6512
466 6676
467 6453
468 6449
469 6499
470 6537
471 6413
472 6594
473 6349
474 6421
475 6285
476 6408
477 6381
478 6252
479 6326
480 6234
481 6334
482 6181
483 6200
484 6207
485 6156
486 6116
487 6068
488 6086
489 5908
490 6119
491 5855
492 5971
493 6063
494 5902
495 5875
496 5630
497 5729
498 5593
499 5726
500 5706
501 5693
502 5673
503 5445
504 5645
505 5603
506 5587
507 5646
508 5435
509 5522
510 5496
511 5431
512 5344
513 5302
514 5303
515 5326
516 5342
517 5281
518 5346
519 5319
520 5256
521 5186
522 5078
523 5070
524 5170
525 5167
526 5186
527 5052
528 5069
529 5082
530 5042
531 5046
532 5039
533 4960
534 4935
535 4825
536 5014
537 4908
538 4904
539 4820
540 4766
541 4942
542 4694
543 4690
544 4713
545 4787
546 4702
547 4549
548 4774
549 4583
550 4607
551 4638
552 4622
553 4551
554 4578
555 4633
556 4522
557 4554
558 4478
559 4511
560 4673
561 4530
562 4646
563 4564
564 4525
565 4454
566 4547
567 4451
568 4530
569 4429
570 4474
571 4473
572 4524
573 4504
574 4520
575 4399
576 4431
577 4530
578 4501
579 4518
580 4367
581 4241
582 4296
583 4222
584 4175
585 4169
586 4183
587 4220
588 4204
589 4002
590 4003
591 3968
592 3864
593 3973
594 3914
595 3872
596 3942
597 3939
598 3803
599 3696
600 3893
601 3839
602 3713
603 3726
604 3768
605 3697
606 3780
607 3660
608 3744
609 3638
610 3663
611 3623
612 3615
613 3564
614 3554
615 3639
616 3484
617 3516
618 3437
619 3587
620 3489
621 3586
622 3446
623 3388
624 3447
625 3412
626 3408
627 3497
628 3427
629 3398
630 3400
631 3389
632 3355
633 3393
634 3305
635 3312
636 3336
637 3309
638 3311
639 3235
640 3222
641 3198
642 3279
643 3199
644 3262
645 3286
646 3249
647 3254
648 3373
649 3267
650 3236
651 3150
652 3280
653 3162
654 3159
655 3098
656 3107
657 3150
658 3161
659 3133
660 2984
661 3118
662 3047
663 2966
664 3002
665 2979
666 2929
667 2999
668 2887
669 2950
670 2918
671 2999
672 2951
673 2927
674 2883
675 2928
676 2895
677 2884
678 2849
679 2900
680 2828
681 2798
682 2964
683 2896
684 2827
685 2842
686 2845
687 2803
688 2750
689 2826
690 2800
691 2761
692 2776
693 2719
694 2679
695 2760
696 2700
697 2652
698 2652
699 2589
700 2708
701 2693
702 2610
703 2675
704 2577
705 2625
706 2619
707 2567
708 2659
709 2544
710 2593
711 2493
712 2568
713 2499
714 2591
715 2501
716 2545
717 2454
718 2515
719 2329
720 2444
721 2428
722 2415
723 2452
724 2383
725 2363
726 2321
727 2386
728 2246
729 2359
730 2432
731 2403
732 2219
733 2304
734 2301
735 2258
736 2264
737 2278
738 2256
739 2268
740 2308
741 2196
742 2195
743 2226
744 2274
745 2214
746 2159
747 2314
748 2196
749 2234
750 2159
751 2167
752 2143
753 2050
754 2083
755 2089
756 2124
757 2097
758 2068
759 2044
760 2069
761 2066
762 2049
763 2041
764 2054
765 1962
766 2008
767 1965
768 1940
769 2036
770 1990
771 1862
772 1958
773 1923
774 1928
775 1926
776 1936
777 1925
778 1917
779 1862
780 1915
781 1821
782 1897
783 1807
784 1871
785 1852
786 1820
787 1892
788 1808
789 1795
790 1794
791 1809
792 1848
793 1754
794 1679
795 1744
796 1820
797 1723
798 1677
799 1806
800 1712
801 1754
802 1800
803 1756
804 1689
805 1694
806 1755
807 1672
808 1634
809 1611
810 1676
811 1630
812 1647
813 1704
814 1614
815 1576
816 1648
817 1614
818 1649
819 1618
820 1635
821 1608
822 1670
823 1625
824 1587
825 1552
826 1549
827 1547
828 1544
829 1600
830 1507
831 1521
832 1588
833 1480
834 1533
835 1569
836 1576
837 1595
838 1533
839 1531
840 1510
841 1506
842 1468
843 1570
844 1563
845 1483
846 1521
847 1498
848 1436
849 1491
850 1515
851 1483
852 1438
853 1499
854 1444
855 1492
856 1427
857 1422
858 1462
859 1420
860 1429
861 1437
862 1418
863 1379
864 1384
865 1375
866 1401
867 1391
868 1330
869 1323
870 1408
871 1366
872 1386
873 1343
874 1390
875 1279
876 1348
877 1335
878 1271
879 1336
880 1334
881 1329
882 1289
883 1323
884 1286
885 1242
886 1236
887 1288
888 1248
889 1197
890 1223
891 1190
892 1213
893 1245
894 1225
895 1208
896 1227
897 1245
898 1250
899 1203
900 1165
901 1212
902 1138
903 1203
904 1147
905 1176
906 1098
907 1224
908 1115
909 1181
910 1161
911 1191
912 1148
913 1108
914 1103
915 1138
916 1081
917 1141
918 1113
919 1113
920 1148
921 1068
922 1055
923 1105
924 1064
925 1107
926 1069
927 1094
928 1062
929 1044
930 995
931 1126
932 1004
933 996
934 1052
935 1098
936 1051
937 1081
938 1034
939 1037
940 1053
941 957
942 977
943 1021
944 996
945 1080
946 1052
947 979
948 981
949 1016
950 967
951 992
952 960
953 1010
954 957
955 984
956 901
957 958
958 942
959 988
960 943
961 978
962 887
963 870
964 986
965 988
966 963
967 925
968 927
969 975
970 964
971 906
972 956
973 953
974 952
975 940
976 928
977 886
978 839
979 898
980 882
981 892
982 906
983 865
984 887
985 859
986 830
987 883
988 862
989 864
990 904
991 901
992 839
993 796
994 828
995 824
996 833
997 885
998 819
999 832
1000 794
1001 834
1002 856
1003 856
1004 816
1005 797
1006 808
1007 799
1008 777
1009 763
1010 807
1011 792
1012 776
1013 820
1014 765
1015 780
1016 779
1017 794
1018 752
1019 795
1020 774
1021 739
1022 734
1023 764
1024 797
1025 795
1026 761
1027 795
1028 768
1029 772
1030 722
1031 744
1032 733
1033 757
1034 756
1035 770
1036 777
1037 714
1038 743
1039 734
1040 707
1041 728
1042 669
1043 739
1044 707
1045 671
1046 726
1047 729
1048 684
1049 722
1050 698
1051 648
1052 637
1053 707
1054 663
1055 707
1056 662
1057 748
1058 702
1059 687
1060 721
1061 689
1062 681
1063 686
1064 677
1065 679
1066 668
1067 665
1068 655
1069 641
1070 707
1071 631
1072 666
1073 663
1074 661
1075 703
1076 647
1077 655
1078 694
1079 650
1080 710
1081 700
1082 702
1083 644
1084 676
1085 657
1086 648
1087 650
1088 605
1089 653
1090 620
1091 630
1092 632
1093 622
1094 597
1095 615
1096 650
1097 644
1098 634
1099 595
1100 641
1101 623
1102 613
1103 646
1104 626
1105 629
1106 649
1107 614
1108 624
1109 604
1110 619
1111 577
1112 585
1113 557
1114 594
1115 572
1116 567
1117 553
1118 522
1119 595
1120 582
1121 580
1122 527
1123 588
1124 557
1125 562
1126 548
1127 567
1128 572
1129 561
1130 541
1131 577
1132 575
1133 560
1134 569
1135 546
1136 549
1137 535
1138 560
1139 536
1140 503
1141 550
1142 585
1143 508
1144 504
1145 521
1146 534
1147 546
1148 518
1149 585
1150 526
1151 575
1152 504
1153 519
1154 502
1155 502
1156 511
1157 533
1158 559
1159 520
1160 523
1161 542
1162 528
1163 535
1164 495
1165 475
1166 501
1167 516
1168 525
1169 485
1170 527
1171 481
1172 536
1173 504
1174 473
1175 489
1176 480
1177 498
1178 467
1179 448
1180 508
1181 521
1182 487
1183 468
1184 482
1185 492
1186 513
1187 499
1188 456
1189 485
1190 518
1191 462
1192 468
1193 500
1194 498
1195 451
1196 426
1197 478
1198 437
1199 419
1200 436
1201 462
1202 447
1203 438
1204 430
1205 487
1206 466
1207 425
1208 461
1209 482
1210 463
1211 437
1212 448
1213 411
1214 447
1215 461
1216 452
1217 448
1218 415
1219 471
1220 455
1221 415
1222 442
1223 421
1224 451
1225 462
1226 451
1227 419
1228 421
1229 440
1230 447
1231 388
1232 397
1233 409
1234 395
1235 438
1236 419
1237 409
1238 410
1239 440
1240 393
1241 424
1242 435
1243 442
1244 428
1245 425
1246 423
1247 417
1248 414
1249 427
1250 415
1251 366
1252 424
1253 400
1254 422
1255 410
1256 420
1257 424
1258 438
1259 388
1260 392
1261 378
1262 417
1263 389
1264 415
1265 392
1266 410
1267 387
1268 370
1269 394
1270 405
1271 389
1272 385
1273 372
1274 366
1275 396
1276 387
1277 371
1278 399
1279 367
1280 386
1281 353
1282 355
1283 390
1284 380
1285 346
1286 365
1287 358
1288 365
1289 329
1290 369
1291 372
1292 368
1293 390
1294 350
1295 360
1296 356
1297 368
1298 335
1299 342
1300 346
1301 356
1302 326
1303 363
1304 370
1305 360
1306 344
1307 369
1308 348
1309 346
1310 367
1311 323
1312 317
1313 330
1314 372
1315 318
1316 341
1317 329
1318 345
1319 363
1320 351
1321 295
1322 316
1323 341
1324 329
1325 327
1326 329
1327 355
1328 333
1329 358
1330 337
1331 340
1332 321
1333 337
1334 327
1335 363
1336 349
1337 345
1338 307
1339 299
1340 320
1341 317
1342 326
1343 318
1344 313
1345 301
1346 299
1347 319
1348 336
1349 275
1350 298
1351 279
1352 321
1353 288
1354 309
1355 313
1356 300
1357 331
1358 284
1359 296
1360 301
1361 319
1362 281
1363 293
1364 315
1365 301
1366 271
1367 328
1368 298
1369 291
1370 290
1371 318
1372 260
1373 304
1374 282
1375 309
1376 315
1377 290
1378 276
1379 310
1380 281
1381 313
1382 318
1383 313
1384 281
1385 280
1386 260
1387 287
1388 302
1389 272
1390 255
1391 289
1392 297
1393 286
1394 276
1395 294
1396 263
1397 267
1398 278
1399 269
1400 266
1401 266
1402 256
1403 285
1404 269
1405 283
1406 266
1407 294
1408 287
1409 307
1410 279
1411 272
1412 272
1413 265
1414 240
1415 268
1416 275
1417 264
1418 267
1419 281
1420 262
1421 238
1422 229
1423 259
1424 240
1425 272
1426 278
1427 258
1428 248
1429 268
1430 274
1431 245
1432 254
1433 276
1434 270
1435 258
1436 272
1437 297
1438 244
1439 263
1440 258
1441 275
1442 260
1443 233
1444 239
1445 268
1446 243
1447 264
1448 258
1449 272
1450 272
1451 272
1452 241
1453 240
1454 241
1455 226
1456 223
1457 262
1458 265
1459 241
1460 254
1461 253
1462 262
1463 222
1464 220
1465 241
1466 258
1467 248
1468 251
1469 259
1470 250
1471 229
1472 264
1473 270
1474 250
1475 240
1476 236
1477 248
1478 210
1479 249
1480 231
1481 233
1482 226
1483 200
1484 232
1485 229
1486 215
1487 248
1488 228
1489 238
1490 248
1491 255
1492 228
1493 247
1494 218
1495 222
1496 234
1497 239
1498 235
1499 259
1500 271
1501 226
1502 237
1503 238
1504 219
1505 241
1506 230
1507 240
1508 250
1509 240
1510 216
1511 248
1512 259
1513 235
1514 232
1515 250
1516 218
1517 228
1518 236
1519 240
1520 239
1521 239
1522 221
1523 239
1524 267
1525 228
1526 224
1527 261
1528 200
1529 232
1530 233
1531 253
1532 228
1533 228
1534 224
1535 211
1536 222
1537 220
1538 247
1539 217
1540 241
1541 220
1542 205
1543 243
1544 194
1545 221
1546 216
1547 214
1548 194
1549 214
1550 207
1551 215
1552 216
1553 220
1554 201
1555 213
1556 201
1557 235
1558 235
1559 216
1560 214
1561 205
1562 202
1563 205
1564 209
1565 205
1566 223
1567 232
1568 207
1569 222
1570 197
1571 211
1572 230
1573 205
1574 199
1575 189
1576 182
1577 202
1578 208
1579 207
1580 190
1581 204
1582 195
1583 203
1584 201
1585 202
1586 207
1587 212
1588 219
1589 203
1590 208
1591 192
1592 205
1593 196
1594 194
1595 200
1596 178
1597 200
1598 207
1599 189
1600 198
1601 183
1602 175
1603 167
1604 195
1605 178
1606 179
1607 179
1608 179
1609 180
1610 213
1611 168
1612 200
1613 205
1614 183
1615 190
1616 191
1617 183
1618 172
1619 171
1620 180
1621 184
1622 172
1623 166
1624 169
1625 167
1626 181
1627 191
1628 159
1629 164
1630 149
1631 193
1632 167
1633 172
1634 172
1635 171
1636 176
1637 153
1638 163
1639 178
1640 187
1641 171
1642 150
1643 186
1644 179
1645 192
1646 174
1647 146
1648 186
1649 172
1650 177
1651 152
1652 180
1653 190
1654 172
1655 163
1656 173
1657 166
1658 187
1659 170
1660 165
1661 182
1662 169
1663 164
1664 151
1665 155
1666 163
1667 154
1668 191
1669 174
1670 161
1671 175
1672 165
1673 176
1674 166
1675 155
1676 172
1677 175
1678 178
1679 165
1680 164
1681 161
1682 148
1683 157
1684 152
1685 149
1686 156
1687 175
1688 162
1689 161
1690 163
1691 159
1692 145
1693 159
1694 153
1695 147
1696 144
1697 129
1698 138
1699 191
1700 151
1701 148
1702 130
1703 134
1704 154
1705 137
1706 153
1707 169
1708 161
1709 144
1710 148
1711 157
1712 156
1713 147
1714 164
1715 151
1716 152
1717 142
1718 165
1719 166
1720 163
1721 162
1722 165
1723 150
1724 161
1725 151
1726 157
1727 140
1728 167
1729 150
1730 139
1731 149
1732 158
1733 154
1734 150
1735 165
1736 137
1737 153
1738 153
1739 153
1740 153
1741 135
1742 146
1743 142
1744 155
1745 146
1746 143
1747 126
1748 158
1749 134
1750 147
1751 156
1752 166
1753 149
1754 148
1755 144
1756 138
1757 138
1758 146
1759 134
1760 140
1761 140
1762 137
1763 157
1764 147
1765 138
1766 146
1767 147
1768 134
1769 133
1770 137
1771 138
1772 127
1773 140
1774 152
1775 137
1776 141
1777 152
1778 142
1779 151
1780 126
1781 125
1782 135
1783 147
1784 130
1785 135
1786 125
1787 149
1788 136
1789 156
1790 120
1791 120
1792 138
1793 148
1794 135
1795 115
1796 139
1797 115
1798 139
1799 118
1800 147
1801 132
1802 151
1803 124
1804 125
1805 127
1806 122
1807 143
1808 132
1809 107
1810 151
1811 134
1812 152
1813 129
1814 133
1815 148
1816 111
1817 145
1818 113
1819 124
1820 112
1821 142
1822 132
1823 118
1824 112
1825 129
1826 148
1827 127
1828 111
1829 136
1830 130
1831 135
1832 142
1833 148
1834 130
1835 120
1836 113
1837 119
1838 122
1839 129
1840 124
1841 136
1842 136
1843 140
1844 142
1845 114
1846 105
1847 119
1848 109
1849 120
1850 119
1851 132
1852 124
1853 124
1854 132
1855 112
1856 149
1857 123
1858 128
1859 105
1860 116
1861 101
1862 126
1863 110
1864 102
1865 133
1866 101
1867 115
1868 126
1869 114
1870 127
1871 140
1872 114
1873 129
1874 108
1875 112
1876 107
1877 119
1878 110
1879 115
1880 103
1881 102
1882 114
1883 117
1884 120
1885 120
1886 112
1887 114
1888 118
1889 125
1890 100
1891 140
1892 117
1893 126
1894 112
1895 113
1896 109
1897 141
1898 123
1899 103
1900 108
1901 105
1902 116
1903 119
1904 133
1905 107
1906 120
1907 109
1908 112
1909 107
1910 104
1911 90
1912 108
1913 121
1914 109
1915 92
1916 108
1917 109
1918 117
1919 94
1920 113
1921 104
1922 96
1923 103
1924 119
1925 102
1926 110
1927 124
1928 104
1929 124
1930 110
1931 115
1932 110
1933 111
1934 113
1935 113
1936 98
1937 107
1938 105
1939 96
1940 91
1941 102
1942 113
1943 103
1944 112
1945 95
1946 105
1947 83
1948 91
1949 108
1950 125
1951 102
1952 90
1953 106
1954 75
1955 116
1956 109
1957 116
1958 100
1959 87
1960 81
1961 88
1962 100
1963 116
1964 82
1965 104
1966 100
1967 104
1968 93
1969 115
1970 94
1971 98
1972 104
1973 102
1974 105
1975 106
1976 81
1977 123
1978 93
1979 95
1980 87
1981 96
1982 98
1983 104
1984 108
1985 80
1986 105
1987 97
1988 88
1989 85
1990 100
1991 83
1992 109
1993 102
1994 89
1995 88
1996 93
1997 105
1998 98
1999 95
2000 107
2001 85
2002 105
2003 91
2004 92
2005 106
2006 114
2007 98
2008 88
2009 96
2010 88
2011 78
2012 94
2013 92
2014 96
2015 91
2016 95
2017 90
2018 99
2019 94
2020 78
2021 84
2022 89
2023 87
2024 109
2025 74
2026 75
2027 96
2028 88
2029 105
2030 104
2031 71
2032 79
2033 80
2034 87
2035 84
2036 90
2037 92
2038 86
2039 97
2040 102
2041 91
2042 83
2043 86
2044 86
2045 83
2046 95
2047 70
2048 95
2049 104
2050 75
2051 94
2052 85
2053 94
2054 97
2055 80
2056 88
2057 103
2058 102
2059 75
2060 72
2061 78
2062 87
2063 93
2064 84
2065 74
2066 60
2067 73
2068 82
2069 77
2070 81
2071 85
2072 84
2073 82
2074 82
2075 94
2076 90
2077 80
2078 85
2079 83
2080 82
2081 79
2082 92
2083 90
2084 86
2085 86
2086 79
2087 79
2088 83
2089 82
2090 87
2091 75
2092 85
2093 79
2094 70
2095 89
2096 69
2097 83
2098 70
2099 76
2100 82
2101 90
2102 76
2103 92
2104 88
2105 79
2106 84
2107 70
2108 78
2109 75
2110 75
2111 75
2112 81
2113 81
2114 85
2115 72
2116 89
2117 72
2118 61
2119 75
2120 74
2121 81
2122 76
2123 76
2124 88
2125 80
2126 76
2127 63
2128 78
2129 76
2130 72
2131 76
2132 91
2133 83
2134 70
2135 91
2136 63
2137 75
2138 87
2139 83
2140 83
2141 81
2142 66
2143 76
2144 66
2145 58
2146 70
2147 81
2148 74
2149 67
2150 65
2151 75
2152 75
2153 64
2154 68
2155 68
2156 72
2157 70
2158 67
2159 75
2160 76
2161 78
2162 92
2163 83
2164 101
2165 57
2166 70
2167 63
2168 61
2169 85
2170 64
2171 76
2172 66
2173 67
2174 69
2175 60
2176 72
2177 80
2178 81
2179 70
2180 79
2181 62
2182 51
2183 74
2184 84
2185 62
2186 71
2187 71
2188 61
2189 77
2190 59
2191 67
2192 61
2193 45
2194 61
2195 82
2196 79
2197 68
2198 59
2199 82
2200 54
2201 66
2202 57
2203 81
2204 62
2205 75
2206 60
2207 65
2208 80
2209 69
2210 58
2211 71
2212 60
2213 58
2214 87
2215 58
2216 80
2217 53
2218 70
2219 51
2220 59
2221 68
2222 78
2223 77
2224 72
2225 68
2226 59
2227 56
2228 56
2229 65
2230 68
2231 56
2232 70
2233 57
2234 57
2235 56
2236 66
2237 75
2238 58
2239 61
2240 69
2241 66
2242 74
2243 77
2244 64
2245 54
2246 70
2247 74
2248 51
2249 67
2250 69
2251 63
2252 61
2253 76
2254 59
2255 65
2256 75
2257 76
2258 52
2259 74
2260 57
2261 68
2262 65
2263 73
2264 68
2265 67
2266 68
2267 49
2268 53
2269 55
2270 74
2271 69
2272 63
2273 43
2274 54
2275 63
2276 53
2277 66
2278 61
2279 54
2280 61
2281 60
2282 64
2283 57
2284 72
2285 55
2286 65
2287 54
2288 66
2289 67
2290 59
2291 51
2292 57
2293 67
2294 66
2295 56
2296 56
2297 50
2298 74
2299 66
2300 48
2301 59
2302 56
2303 59
2304 53
2305 69
2306 80
2307 52
2308 53
2309 62
2310 64
2311 52
2312 48
2313 55
2314 56
2315 57
2316 58
2317 52
2318 71
2319 57
2320 62
2321 62
2322 62
2323 61
2324 67
2325 52
2326 64
2327 55
2328 60
2329 59
2330 62
2331 63
2332 59
2333 57
2334 55
2335 68
2336 50
2337 65
2338 52
2339 61
2340 64
2341 59
2342 48
2343 59
2344 55
2345 52
2346 37
2347 58
2348 57
2349 56
2350 57
2351 69
2352 54
2353 52
2354 44
2355 58
2356 45
2357 45
2358 57
2359 50
2360 62
2361 52
2362 57
2363 63
2364 58
2365 52
2366 53
2367 57
2368 47
2369 51
2370 51
2371 60
2372 39
2373 70
2374 47
2375 60
2376 56
2377 56
2378 49
2379 41
2380 53
2381 35
2382 53
2383 54
2384 44
2385 53
2386 57
2387 56
2388 45
2389 40
2390 49
2391 42
2392 49
2393 61
2394 65
2395 52
2396 45
2397 50
2398 48
2399 51
2400 65
2401 49
2402 47
2403 56
2404 41
2405 34
2406 65
2407 40
2408 50
2409 46
2410 52
2411 49
2412 51
2413 56
2414 41
2415 48
2416 57
2417 48
2418 60
2419 58
2420 44
2421 49
2422 38
2423 51
2424 55
2425 43
2426 54
2427 53
2428 54
2429 62
2430 46
2431 39
2432 56
2433 36
2434 44
2435 52
2436 51
2437 53
2438 47
2439 50
2440 42
2441 47
2442 51
2443 30
2444 60
2445 37
2446 49
2447 51
2448 48
2449 54
2450 64
2451 52
2452 33
2453 42
2454 52
2455 62
2456 43
2457 54
2458 45
2459 55
2460 52
2461 38
2462 51
2463 52
2464 61
2465 46
2466 39
2467 42
2468 52
2469 58
2470 41
2471 51
2472 52
2473 37
2474 53
2475 55
2476 47
2477 28
2478 47
2479 41
2480 52
2481 37
2482 48
2483 54
2484 44
2485 57
2486 38
2487 51
2488 39
2489 40
2490 39
2491 57
2492 43
2493 47
2494 52
2495 42
2496 49
2497 52
2498 56
2499 47
2500 52
2501 45
2502 54
2503 59
2504 36
2505 24
2506 46
2507 41
2508 55
2509 46
2510 45
2511 39
2512 41
2513 46
2514 35
2515 44
2516 55
2517 42
2518 50
2519 35
2520 41
2521 47
2522 42
2523 42
2524 52
2525 32
2526 43
2527 31
2528 40
2529 41
2530 45
2531 40
2532 43
2533 36
2534 42
2535 46
2536 36
2537 37
2538 50
2539 35
2540 46
2541 40
2542 45
2543 45
2544 34
2545 45
2546 41
2547 51
2548 42
2549 49
2550 35
2551 38
2552 39
2553 45
2554 37
2555 41
2556 46
2557 53
2558 49
2559 46
2560 45
2561 48
2562 39
2563 49
2564 42
2565 41
2566 44
2567 45
2568 47
2569 33
2570 44
2571 43
2572 48
2573 41
2574 40
2575 48
2576 44
2577 37
2578 35
2579 42
2580 37
2581 38
2582 46
2583 36
2584 56
2585 46
2586 44
2587 36
2588 54
2589 37
2590 53
2591 46
2592 41
2593 33
2594 54
2595 44
2596 41
2597 36
2598 40
2599 38
2600 46
2601 45
2602 31
2603 41
2604 37
2605 44
2606 40
2607 49
2608 42
2609 42
2610 54
2611 39
2612 24
2613 31
2614 33
2615 45
2616 29
2617 25
2618 49
2619 41
2620 35
2621 39
2622 36
2623 41
2624 28
2625 46
2626 23
2627 39
2628 38
2629 34
2630 41
2631 35
2632 38
2633 44
2634 28
2635 42
2636 46
2637 31
2638 35
2639 38
2640 36
2641 39
2642 32
2643 46
2644 41
2645 37
2646 31
2647 38
2648 36
2649 46
2650 46
2651 35
2652 33
2653 41
2654 44
2655 39
2656 48
2657 42
2658 38
2659 36
2660 29
2661 35
2662 26
2663 43
2664 42
2665 33
2666 44
2667 33
2668 36
2669 44
2670 44
2671 33
2672 44
2673 34
2674 30
2675 36
2676 32
2677 37
2678 40
2679 47
2680 40
2681 46
2682 50
2683 30
2684 34
2685 27
2686 46
2687 26
2688 34
2689 31
2690 28
2691 34
2692 31
2693 32
2694 33
2695 33
2696 37
2697 32
2698 43
2699 41
2700 31
2701 34
2702 38
2703 34
2704 50
2705 33
2706 35
2707 46
2708 37
2709 31
2710 48
2711 36
2712 38
2713 43
2714 40
2715 26
2716 45
2717 36
2718 30
2719 42
2720 29
2721 35
2722 31
2723 39
2724 35
2725 36
2726 34
2727 32
2728 32
2729 25
2730 34
2731 29
2732 21
2733 29
2734 29
2735 31
2736 30
2737 31
2738 20
2739 25
2740 33
2741 24
2742 34
2743 32
2744 26
2745 32
2746 35
2747 32
2748 49
2749 40
2750 31
2751 34
2752 40
2753 23
2754 35
2755 38
2756 32
2757 27
2758 32
2759 32
2760 29
2761 38
2762 38
2763 34
2764 42
2765 29
2766 27
2767 40
2768 36
2769 41
2770 31
2771 32
2772 34
2773 29
2774 31
2775 33
2776 28
2777 35
2778 37
2779 30
2780 33
2781 30
2782 32
2783 35
2784 31
2785 28
2786 20
2787 34
2788 30
2789 35
2790 25
2791 30
2792 24
2793 29
2794 36
2795 30
2796 40
2797 34
2798 30
2799 36
2800 43
2801 25
2802 32
2803 36
2804 41
2805 39
2806 28
2807 36
2808 32
2809 33
2810 35
2811 32
2812 38
2813 40
2814 23
2815 33
2816 40
2817 39
2818 25
2819 33
2820 37
2821 38
2822 31
2823 37
2824 34
2825 44
2826 31
2827 23
2828 32
2829 32
2830 29
2831 34
2832 31
2833 28
2834 30
2835 26
2836 33
2837 35
2838 28
2839 38
2840 43
2841 29
2842 18
2843 22
2844 28
2845 21
2846 33
2847 30
2848 33
2849 28
2850 33
2851 26
2852 50
2853 24
2854 30
2855 30
2856 40
2857 29
2858 30
2859 35
2860 29
2861 32
2862 38
2863 34
2864 32
2865 31
2866 31
2867 31
2868 38
2869 25
2870 35
2871 26
2872 21
2873 26
2874 31
2875 34
2876 25
2877 36
2878 36
2879 31
2880 33
2881 30
2882 29
2883 22
2884 22
2885 37
2886 32
2887 36
2888 29
2889 34
2890 33
2891 24
2892 37
2893 32
2894 37
2895 27
2896 27
2897 26
2898 37
2899 30
2900 29
2901 32
2902 27
2903 35
2904 27
2905 41
2906 32
2907 35
2908 24
2909 30
2910 31
2911 25
2912 21
2913 27
2914 28
2915 34
2916 37
2917 25
2918 30
2919 23
2920 22
2921 28
2922 31
2923 24
2924 35
2925 33
2926 29
2927 26
2928 25
2929 29
2930 36
2931 26
2932 18
2933 32
2934 22
2935 31
2936 29
2937 35
2938 30
2939 25
2940 35
2941 29
2942 27
2943 38
2944 24
2945 23
2946 23
2947 31
2948 36
2949 37
2950 32
2951 28
2952 31
2953 33
2954 30
2955 29
2956 20
2957 29
2958 26
2959 25
2960 33
2961 22
2962 32
2963 28
2964 26
2965 21
2966 25
2967 29
2968 26
2969 23
2970 31
2971 34
2972 24
2973 28
2974 23
2975 19
2976 22
2977 23
2978 30
2979 27
2980 32
2981 23
2982 30
2983 39
2984 27
2985 26
2986 26
2987 24
2988 32
2989 26
2990 27
2991 25
2992 25
2993 28
2994 23
2995 26
2996 19
2997 34
2998 17
2999 12
3000 38
3001 29
3002 21
3003 24
3004 30
3005 34
3006 22
3007 25
3008 22
3009 24
3010 27
3011 35
3012 31
3013 23
3014 26
3015 24
3016 15
3017 23
3018 24
3019 22
3020 30
3021 13
3022 24
3023 28
3024 23
3025 22
3026 32
3027 35
3028 34
3029 21
3030 28
3031 39
3032 28
3033 29
3034 29
3035 32
3036 26
3037 29
3038 26
3039 23
3040 25
3041 22
3042 27
3043 30
3044 29
3045 29
3046 26
3047 23
3048 31
3049 26
3050 21
3051 22
3052 28
3053 25
3054 29
3055 21
3056 25
3057 31
3058 37
3059 26
3060 29
3061 19
3062 16
3063 26
3064 21
3065 25
3066 24
3067 25
3068 27
3069 21
3070 19
3071 34
3072 28
3073 16
3074 32
3075 14
3076 29
3077 32
3078 28
3079 24
3080 25
3081 14
3082 18
3083 22
3084 26
3085 16
3086 23
3087 31
3088 21
3089 32
3090 20
3091 19
3092 22
3093 23
3094 20
3095 25
3096 21
3097 19
3098 31
3099 20
3100 32
3101 22
3102 32
3103 19
3104 23
3105 22
3106 34
3107 25
3108 22
3109 25
3110 24
3111 16
3112 17
3113 19
3114 19
3115 36
3116 14
3117 30
3118 28
3119 21
3120 22
3121 27
3122 24
3123 19
3124 14
3125 28
3126 20
3127 27
3128 34
3129 30
3130 24
3131 18
3132 17
3133 27
3134 23
3135 27
3136 20
3137 21
3138 18
3139 21
3140 28
3141 17
3142 21
3143 23
3144 22
3145 25
3146 23
3147 31
3148 24
3149 30
3150 22
3151 26
3152 29
3153 22
3154 24
3155 33
3156 23
3157 25
3158 28
3159 25
3160 15
3161 26
3162 23
3163 23
3164 19
3165 39
3166 24
3167 18
3168 22
3169 20
3170 28
3171 24
3172 27
3173 23
3174 22
3175 28
3176 19
3177 29
3178 26
3179 18
3180 20
3181 25
3182 14
3183 13
3184 14
3185 22
3186 18
3187 14
3188 23
3189 28
3190 32
3191 22
3192 32
3193 14
3194 15
3195 18
3196 24
3197 23
3198 28
3199 22
3200 23
3201 18
3202 20
3203 18
3204 15
3205 23
3206 18
3207 26
3208 25
3209 18
3210 19
3211 25
3212 26
3213 25
3214 17
3215 11
3216 24
3217 33
3218 17
3219 22
3220 23
3221 17
3222 22
3223 22
3224 25
3225 18
3226 20
3227 20
3228 22
3229 18
3230 24
3231 18
3232 15
3233 22
3234 24
3235 21
3236 23
3237 24
3238 18
3239 20
3240 22
3241 25
3242 24
3243 24
3244 24
3245 17
3246 19
3247 23
3248 18
3249 21
3250 25
3251 16
3252 17
3253 24
3254 19
3255 19
3256 21
3257 26
3258 19
3259 20
3260 26
3261 12
3262 19
3263 24
3264 27
3265 20
3266 24
3267 22
3268 19
3269 24
3270 23
3271 28
3272 17
3273 14
3274 20
3275 22
3276 23
3277 24
3278 22
3279 15
3280 22
3281 21
3282 16
3283 19
3284 16
3285 16
3286 17
3287 15
3288 15
3289 15
3290 19
3291 18
3292 12
3293 20
3294 16
3295 24
3296 16
3297 16
3298 16
3299 17
3300 20
3301 20
3302 17
3303 24
3304 26
3305 23
3306 19
3307 11
3308 20
3309 16
3310 23
3311 18
3312 19
3313 9
3314 19
3315 26
3316 22
3317 19
3318 20
3319 15
3320 18
3321 25
3322 29
3323 23
3324 18
3325 16
3326 17
3327 22
3328 16
3329 18
3330 12
3331 18
3332 29
3333 28
3334 19
3335 19
3336 21
3337 17
3338 17
3339 18
3340 14
3341 24
3342 19
3343 28
3344 17
3345 19
3346 25
3347 19
3348 13
3349 30
3350 17
3351 24
3352 15
3353 14
3354 15
3355 27
3356 30
3357 20
3358 21
3359 11
3360 17
3361 23
3362 17
3363 29
3364 25
3365 17
3366 24
3367 11
3368 22
3369 13
3370 26
3371 18
3372 20
3373 15
3374 16
3375 17
3376 14
3377 15
3378 17
3379 14
3380 22
3381 20
3382 18
3383 17
3384 11
3385 11
3386 13
3387 22
3388 14
3389 18
3390 11
3391 13
3392 16
3393 23
3394 18
3395 24
3396 20
3397 25
3398 9
3399 14
3400 11
3401 16
3402 16
3403 18
3404 19
3405 19
3406 20
3407 16
3408 11
3409 13
3410 16
3411 22
3412 15
3413 16
3414 12
3415 19
3416 14
3417 14
3418 16
3419 26
3420 14
3421 17
3422 19
3423 20
3424 19
3425 19
3426 11
3427 19
3428 19
3429 18
3430 20
3431 19
3432 14
3433 14
3434 17
3435 25
3436 18
3437 18
3438 14
3439 18
3440 22
3441 19
3442 21
3443 18
3444 17
3445 19
3446 23
3447 17
3448 12
3449 14
3450 21
3451 19
3452 24
3453 12
3454 11
3455 14
3456 20
3457 20
3458 11
3459 28
3460 19
3461 20
3462 22
3463 15
3464 13
3465 14
3466 13
3467 14
3468 17
3469 15
3470 13
3471 16
3472 15
3473 16
3474 20
3475 15
3476 13
3477 14
3478 12
3479 20
3480 24
3481 17
3482 11
3483 17
3484 21
3485 18
3486 22
3487 16
3488 19
3489 19
3490 18
3491 16
3492 14
3493 14
3494 11
3495 14
3496 11
3497 15
3498 19
3499 12
3500 15
3501 13
3502 16
3503 16
3504 19
3505 14
3506 17
3507 19
3508 19
3509 22
3510 18
3511 19
3512 15
3513 11
3514 20
3515 18
3516 19
3517 16
3518 16
3519 14
3520 14
3521 18
3522 9
3523 19
3524 12
3525 20
3526 15
3527 14
3528 17
3529 16
3530 18
3531 15
3532 16
3533 11
3534 18
3535 23
3536 26
3537 19
3538 12
3539 8
3540 13
3541 15
3542 21
3543 11
3544 23
3545 18
3546 17
3547 13
3548 17
3549 16
3550 18
3551 16
3552 23
3553 21
3554 17
3555 16
3556 18
3557 12
3558 16
3559 12
3560 10
3561 20
3562 20
3563 11
3564 12
3565 12
3566 15
3567 14
3568 21
3569 15
3570 16
3571 18
3572 12
3573 14
3574 8
3575 25
3576 12
3577 20
3578 11
3579 12
3580 20
3581 14
3582 20
3583 19
3584 15
3585 12
3586 12
3587 17
3588 19
3589 24
3590 23
3591 17
3592 15
3593 12
3594 21
3595 13
3596 13
3597 17
3598 26
3599 22
3600 6
3601 17
3602 18
3603 18
3604 16
3605 25
3606 13
3607 12
3608 15
3609 17
3610 17
3611 10
3612 14
3613 14
3614 21
3615 12
3616 19
3617 14
3618 12
3619 8
3620 8
3621 22
3622 13
3623 18
3624 19
3625 21
3626 11
3627 22
3628 14
3629 22
3630 14
3631 18
3632 18
3633 16
3634 21
3635 24
3636 16
3637 11
3638 13
3639 17
3640 17
3641 15
3642 19
3643 15
3644 9
3645 21
3646 20
3647 9
3648 15
3649 23
3650 16
3651 14
3652 8
3653 20
3654 15
3655 12
3656 18
3657 9
3658 13
3659 12
3660 16
3661 16
3662 9
3663 18
3664 9
3665 12
3666 14
3667 13
3668 14
3669 10
3670 22
3671 15
3672 21
3673 16
3674 14
3675 13
3676 22
3677 15
3678 18
3679 14
3680 11
3681 16
3682 17
3683 11
3684 12
3685 14
3686 18
3687 8
3688 11
3689 13
3690 18
3691 18
3692 18
3693 8
3694 21
3695 9
3696 7
3697 9
3698 16
3699 16
3700 13
3701 3
3702 14
3703 17
3704 8
3705 16
3706 10
3707 14
3708 16
3709 13
3710 15
3711 14
3712 10
3713 10
3714 13
3715 20
3716 19
3717 15
3718 12
3719 14
3720 13
3721 16
3722 15
3723 18
3724 15
3725 17
3726 19
3727 15
3728 12
3729 10
3730 15
3731 13
3732 22
3733 12
3734 14
3735 17
3736 16
3737 18
3738 10
3739 8
3740 20
3741 10
3742 11
3743 19
3744 17
3745 11
3746 13
3747 15
3748 13
3749 8
3750 17
3751 7
3752 8
3753 6
3754 18
3755 9
3756 16
3757 12
3758 13
3759 10
3760 22
3761 16
3762 11
3763 13
3764 12
3765 13
3766 14
3767 11
3768 8
3769 19
3770 12
3771 13
3772 12
3773 8
3774 11
3775 18
3776 11
3777 12
3778 7
3779 17
3780 17
3781 14
3782 14
3783 8
3784 10
3785 13
3786 5
3787 8
3788 13
3789 7
3790 26
3791 7
3792 14
3793 12
3794 17
3795 15
3796 12
3797 13
3798 12
3799 9
3800 15
3801 13
3802 10
3803 12
3804 13
3805 12
3806 19
3807 14
3808 12
3809 8
3810 13
3811 15
3812 14
3813 17
3814 10
3815 12
3816 9
3817 12
3818 13
3819 17
3820 15
3821 15
3822 14
3823 14
3824 11
3825 16
3826 13
3827 9
3828 15
3829 17
3830 10
3831 12
3832 18
3833 12
3834 11
3835 9
3836 16
3837 9
3838 13
3839 10
3840 12
3841 13
3842 15
3843 18
3844 12
3845 10
3846 18
3847 15
3848 11
3849 12
3850 12
3851 16
3852 9
3853 20
3854 18
3855 12
3856 20
3857 14
3858 12
3859 11
3860 12
3861 10
3862 11
3863 3
3864 5
3865 10
3866 8
3867 11
3868 15
3869 13
3870 19
3871 14
3872 14
3873 13
3874 13
3875 9
3876 8
3877 15
3878 8
3879 12
3880 7
3881 13
3882 17
3883 10
3884 10
3885 12
3886 12
3887 13
3888 9
3889 15
3890 11
3891 13
3892 12
3893 14
3894 20
3895 15
3896 12
3897 12
3898 17
3899 17
3900 9
3901 4
3902 18
3903 9
3904 12
3905 7
3906 15
3907 9
3908 9
3909 11
3910 9
3911 11
3912 15
3913 9
3914 11
3915 11
3916 10
3917 19
3918 8
3919 12
3920 15
3921 12
3922 17
3923 13
3924 15
3925 11
3926 12
3927 16
3928 15
3929 9
3930 12
3931 12
3932 6
3933 13
3934 15
3935 14
3936 12
3937 8
3938 7
3939 17
3940 13
3941 15
3942 20
3943 5
3944 10
3945 10
3946 17
3947 17
3948 10
3949 14
3950 17
3951 12
3952 13
3953 8
3954 11
3955 10
3956 9
3957 14
3958 14
3959 9
3960 10
3961 13
3962 15
3963 14
3964 14
3965 11
3966 7
3967 12
3968 4
3969 15
3970 10
3971 10
3972 13
3973 11
3974 12
3975 11
3976 13
3977 9
3978 4
3979 4
3980 14
3981 14
3982 14
3983 14
3984 11
3985 7
3986 12
3987 10
3988 18
3989 11
3990 12
3991 10
3992 10
3993 5
3994 12
3995 8
3996 14
3997 7
3998 9
3999 13
4000 8
4001 8
4002 5
4003 7
4004 16
4005 6
4006 16
4007 9
4008 11
4009 7
4010 6
4011 16
4012 7
4013 14
4014 9
4015 22
4016 18
4017 10
4018 12
4019 11
4020 10
4021 7
4022 8
4023 10
4024 12
4025 10
4026 9
4027 4
4028 12
4029 16
4030 10
4031 19
4032 12
4033 10
4034 15
4035 12
4036 8
4037 16
4038 17
4039 10
4040 8
4041 17
4042 12
4043 17
4044 8
4045 8
4046 21
4047 9
4048 13
4049 2
4050 5
4051 9
4052 10
4053 9
4054 15
4055 9
4056 7
4057 12
4058 18
4059 7
4060 12
4061 8
4062 11
4063 12
4064 10
4065 12
4066 9
4067 12
4068 7
4069 10
4070 8
4071 5
4072 9
4073 4
4074 8
4075 3
4076 7
4077 9
4078 15
4079 8
4080 9
4081 9
4082 11
4083 9
4084 8
4085 9
4086 8
4087 8
4088 15
4089 11
4090 13
4091 11
4092 12
4093 8
4094 15
4095 16
4096 6
4097 9
4098 6
4099 14
4100 7
4101 10
4102 11
4103 5
4104 7
4105 9
4106 10
4107 10
4108 8
4109 13
4110 12
4111 12
4112 11
4113 7
4114 7
4115 6
4116 12
4117 3
4118 4
4119 15
4120 13
4121 4
4122 10
4123 9
4124 14
4125 8
4126 9
4127 9
4128 9
4129 14
4130 10
4131 12
4132 14
4133 7
4134 13
4135 10
4136 10
4137 12
4138 7
4139 19
4140 5
4141 13
4142 8
4143 8
4144 9
4145 10
4146 11
4147 10
4148 12
4149 9
4150 11
4151 9
4152 10
4153 13
4154 13
4155 9
4156 14
4157 6
4158 12
4159 4
4160 7
4161 11
4162 5
4163 9
4164 13
4165 14
4166 15
4167 14
4168 8
4169 8
4170 14
4171 9
4172 8
4173 7
4174 8
4175 5
4176 12
4177 15
4178 8
4179 11
4180 8
4181 9
4182 9
4183 8
4184 8
4185 11
4186 7
4187 13
4188 4
4189 9
4190 12
4191 10
4192 8
4193 11
4194 11
4195 5
4196 14
4197 12
4198 6
4199 7
4200 11
4201 8
4202 9
4203 12
4204 9
4205 8
4206 16
4207 7
4208 5
4209 9
4210 6
4211 5
4212 7
4213 7
4214 11
4215 11
4216 8
4217 8
4218 6
4219 10
4220 14
4221 4
4222 7
4223 12
4224 3
4225 13
4226 8
4227 14
4228 7
4229 8
4230 4
4231 13
4232 5
4233 9
4234 12
4235 5
4236 15
4237 10
4238 7
4239 13
4240 14
4241 17
4242 9
4243 7
4244 7
4245 9
4246 8
4247 7
4248 11
4249 5
4250 7
4251 10
4252 5
4253 10
4254 7
4255 12
4256 10
4257 4
4258 15
4259 8
4260 11
4261 4
4262 9
4263 8
4264 13
4265 10
4266 8
4267 7
4268 10
4269 14
4270 10
4271 7
4272 9
4273 9
4274 7
4275 6
4276 7
4277 10
4278 4
4279 8
4280 10
4281 8
4282 11
4283 8
4284 4
4285 8
4286 6
4287 8
4288 8
4289 8
4290 10
4291 12
4292 12
4293 8
4294 9
4295 9
4296 6
4297 6
4298 5
4299 5
4300 10
4301 6
4302 11
4303 12
4304 9
4305 6
4306 10
4307 5
4308 5
4309 7
4310 5
4311 5
4312 12
4313 7
4314 5
4315 3
4316 6
4317 8
4318 3
4319 8
4320 8
4321 9
4322 10
4323 7
4324 9
4325 13
4326 12
4327 6
4328 9
4329 16
4330 2
4331 8
4332 7
4333 10
4334 6
4335 6
4336 10
4337 7
4338 9
4339 4
4340 16
4341 10
4342 3
4343 5
4344 10
4345 10
4346 3
4347 10
4348 6
4349 14
4350 9
4351 11
4352 10
4353 8
4354 1
4355 10
4356 8
4357 8
4358 6
4359 10
4360 7
4361 12
4362 7
4363 8
4364 9
4365 7
4366 11
4367 7
4368 3
4369 7
4370 8
4371 12
4372 4
4373 9
4374 10
4375 9
4376 7
4377 6
4378 10
4379 10
4380 8
4381 9
4382 9
4383 11
4384 14
4385 8
4386 8
4387 8
4388 5
4389 10
4390 4
4391 11
4392 2
4393 8
4394 8
4395 9
4396 12
4397 12
4398 6
4399 6
4400 14
4401 5
4402 5
4403 11
4404 7
4405 6
4406 7
4407 11
4408 7
4409 7
4410 18
4411 4
4412 11
4413 8
4414 5
4415 5
4416 8
4417 8
4418 14
4419 3
4420 2
4421 6
4422 9
4423 7
4424 4
4425 6
4426 6
4427 3
4428 13
4429 11
4430 6
4431 10
4432 6
4433 8
4434 8
4435 4
4436 7
4437 11
4438 1
4439 5
4440 9
4441 7
4442 4
4443 8
4444 7
4445 10
4446 11
4447 11
4448 4
4449 6
4450 11
4451 9
4452 10
4453 8
4454 7
4455 9
4456 11
4457 9
4458 10
4459 10
4460 9
4461 7
4462 11
4463 7
4464 7
4465 9
4466 9
4467 10
4468 12
4469 8
4470 10
4471 5
4472 7
4473 7
4474 5
4475 4
4476 12
4477 5
4478 8
4479 7
4480 9
4481 3
4482 6
4483 3
4484 9
4485 4
4486 9
4487 9
4488 8
4489 4
4490 7
4491 6
4492 7
4493 6
4494 4
4495 9
4496 6
4497 2
4498 4
4499 4
4500 9
4501 8
4502 4
4503 8
4504 8
4505 8
4506 6
4507 9
4508 4
4509 8
4510 10
4511 6
4512 5
4513 7
4514 7
4515 9
4516 9
4517 5
4518 9
4519 11
4520 6
4521 5
4522 12
4523 13
4524 4
4525 4
4526 7
4527 10
4528 6
4529 8
4530 8
4531 10
4532 6
4533 12
4534 9
4535 4
4536 8
4537 11
4538 8
4539 5
4540 10
4541 5
4542 11
4543 15
4544 7
4545 6
4546 15
4547 3
4548 6
4549 4
4550 12
4551 12
4552 6
4553 10
4554 8
4555 8
4556 8
4557 5
4558 4
4559 8
4560 7
4561 10
4562 7
4563 4
4564 7
4565 5
4566 9
4567 11
4568 8
4569 7
4570 7
4571 9
4572 7
4573 7
4574 10
4575 6
4576 2
4577 6
4578 13
4579 10
4580 5
4581 4
4582 4
4583 7
4584 8
4585 3
4586 8
4587 4
4588 9
4589 6
4590 3
4591 13
4592 8
4593 3
4594 4
4595 7
4596 5
4597 8
4598 7
4599 5
4600 11
4601 12
4602 13
4603 9
4604 8
4605 4
4606 5
4607 9
4608 7
4609 6
4610 6
4611 13
4612 6
4613 9
4614 7
4615 7
4616 7
4617 9
4618 8
4619 9
4620 4
4621 7
4622 7
4623 13
4624 9
4625 7
4626 9
4627 10
4628 4
4629 1
4630 7
4631 7
4632 3
4633 8
4634 9
4635 3
4636 4
4637 8
4638 4
4639 5
4640 4
4641 7
4642 7
4643 8
4644 9
4645 7
4646 6
4647 3
4648 4
4649 7
4650 2
4651 7
4652 4
4653 8
4654 5
4655 7
4656 6
4657 5
4658 6
4659 8
4660 6
4661 6
4662 8
4663 5
4664 8
4665 5
4666 7
4667 7
4668 7
4669 3
4670 5
4671 8
4672 5
4673 10
4674 6
4675 7
4676 5
4677 2
4678 3
4679 11
4680 9
4681 11
4682 10
4683 13
4684 10
4685 13
4686 12
4687 5
4688 8
4689 5
4690 8
4691 7
4692 6
4693 3
4694 4
4695 3
4696 5
4697 3
4698 9
4699 12
4700 2
4701 7
4702 3
4703 1
4704 4
4705 6
4706 5
4707 8
4708 11
4709 2
4710 3
4711 6
4712 5
4713 8
4714 8
4715 6
4716 7
4717 4
4718 4
4719 5
4720 7
4721 4
4722 9
4723 8
4724 7
4725 2
4726 7
4727 10
4728 12
4729 4
4730 5
4731 5
4732 7
4733 7
4734 6
4735 5
4736 7
4737 6
4738 6
4739 5
4740 6
4741 5
4742 5
4743 4
4744 8
4745 3
4746 7
4747 10
4748 14
4749 7
4750 8
4751 4
4752 4
4753 7
4754 8
4755 10
4756 4
4757 8
4758 1
4759 3
4760 9
4761 8
4762 4
4763 6
4764 5
4765 6
4766 8
4767 7
4768 4
4769 6
4770 9
4771 4
4772 7
4773 10
4774 5
4775 8
4776 3
4777 3
4778 5
4779 5
4780 8
4781 6
4782 7
4783 7
4784 6
4785 8
4786 7
4787 5
4788 6
4789 3
4790 5
4791 8
4792 5
4793 11
4794 5
4795 3
4796 8
4797 4
4798 1
4799 4
4800 6
4801 9
4802 4
4803 9
4804 5
4805 5
4806 5
4807 8
4808 10
4809 9
4810 5
4811 7
4812 7
4813 4
4814 3
4815 6
4816 2
4817 5
4818 2
4819 9
4820 5
4821 6
4822 4
4823 4
4824 5
4825 3
4826 6
4827 4
4828 3
4829 11
4830 3
4831 2
4832 3
4833 3
4834 4
4835 3
4836 6
4837 7
4838 2
4839 6
4840 9
4841 4
4842 8
4843 5
4844 7
4845 4
4846 10
4847 7
4848 3
4849 2
4850 3
4851 6
4852 7
4853 4
4854 10
4855 5
4856 6
4857 10
4858 12
4859 8
4860 4
4861 6
4862 9
4863 3
4865 3
4866 3
4867 4
4868 3
4869 3
4870 6
4871 5
4872 4
4873 4
4874 8
4875 11
4876 10
4877 4
4878 5
4879 10
4880 4
4881 6
4882 6
4883 10
4884 8
4885 10
4886 5
4887 6
4888 12
4889 8
4890 5
4891 9
4892 8
4893 5
4894 8
4895 7
4896 2
4897 5
4898 6
4899 8
4900 7
4901 4
4902 5
4903 5
4905 10
4906 4
4907 7
4908 2
4909 2
4910 4
4911 9
4912 3
4913 2
4914 4
4915 8
4916 5
4917 6
4918 6
4919 3
4920 4
4921 11
4922 5
4923 6
4924 3
4925 5
4926 4
4927 5
4928 4
4929 3
4930 7
4931 4
4932 5
4933 6
4934 6
4935 5
4936 7
4937 9
4938 4
4939 4
4940 6
4941 8
4942 5
4943 8
4944 3
4945 5
4946 5
4947 6
4948 8
4949 6
4950 7
4951 3
4952 3
4953 9
4954 5
4955 5
4956 7
4957 6
4958 7
4959 5
4960 5
4961 3
4962 7
4963 4
4964 6
4965 3
4966 7
4967 6
4968 7
4969 4
4970 1
4971 3
4972 5
4973 8
4974 3
4975 6
4976 6
4977 5
4978 4
4979 8
4980 8
4981 5
4982 6
4983 5
4984 6
4985 6
4986 6
4987 4
4988 2
4989 3
4990 6
4991 6
4992 6
4993 4
4994 5
4995 5
4996 2
4997 3
4998 10
4999 3
5000 8
5001 3
5002 6
5003 5
5004 3
5005 1
5006 4
5007 7
5008 8
5009 5
5010 16
5011 9
5012 1
5013 1
5014 2
5015 5
5016 6
5017 7
5018 13
5019 4
5020 4
5021 10
5022 7
5023 6
5024 4
5025 5
5026 10
5027 6
5028 6
5029 3
5030 7
5031 1
5032 3
5033 9
5034 6
5035 4
5036 6
5037 13
5038 3
5039 7
5040 3
5041 6
5042 7
5043 7
5044 3
5045 8
5046 5
5047 5
5048 8
5049 3
5050 3
5051 3
5052 4
5053 7
5054 3
5055 8
5056 7
5057 5
5058 3
5059 10
5060 1
5061 7
5062 7
5063 4
5064 6
5065 4
5066 1
5067 4
5068 7
5069 8
5070 4
5071 4
5072 7
5073 3
5074 6
5075 4
5076 4
5077 5
5078 3
5079 3
5080 3
5081 4
5082 4
5083 5
5084 9
5085 6
5086 7
5087 3
5088 7
5089 7
5090 3
5091 6
5092 6
5093 6
5094 6
5095 7
5096 5
5097 7
5098 4
5099 7
5100 5
5101 4
5102 7
5103 3
5104 1
5105 8
5106 4
5107 10
5108 5
5109 6
5110 7
5111 6
5112 6
5113 11
5114 4
5115 6
5116 4
5117 9
5118 5
5119 8
5120 10
5121 2
5122 3
5123 7
5124 3
5125 7
5126 7
5127 4
5128 7
5129 7
5130 3
5131 6
5132 4
5133 5
5134 8
5135 9
5136 9
5137 4
5138 7
5139 3
5140 3
5141 4
5142 8
5143 2
5144 4
5145 4
5146 6
5147 5
5148 4
5149 6
5150 2
5151 2
5152 5
5153 6
5154 2
5155 6
5156 10
5157 5
5158 7
5159 10
5160 5
5161 6
5162 7
5163 3
5164 6
5165 3
5166 8
5167 4
5168 4
5170 2
5171 2
5172 9
5173 4
5174 5
5175 6
5176 8
5177 5
5178 6
5179 6
5180 5
5181 4
5182 5
5183 2
5184 5
5185 3
5186 4
5187 9
5188 5
5189 3
5190 2
5191 4
5192 1
5193 2
5194 4
5195 4
5196 3
5197 6
5198 7
5199 6
5200 4
5201 3
5202 2
5203 6
5204 1
5205 4
5206 4
5207 4
5208 7
5209 4
5210 3
5211 4
5212 2
5213 8
5214 6
5215 6
5216 5
5217 4
5218 7
5219 5
5220 7
5221 5
5222 7
5223 1
5224 6
5225 6
5226 7
5227 2
5228 4
5229 6
5230 7
5231 2
5232 7
5233 6
5234 3
5235 6
5236 7
5237 2
5238 6
5239 4
5240 8
5241 8
5242 7
5243 3
5244 4
5245 5
5246 2
5247 2
5248 4
5249 7
5250 3
5251 4
5252 4
5253 4
5254 4
5255 5
5256 7
5257 5
5258 5
5259 7
5260 8
5261 3
5262 4
5263 9
5264 5
5265 4
5266 3
5267 5
5268 12
5269 4
5270 2
5271 5
5272 7
5273 7
5274 5
5275 4
5276 4
5277 5
5278 5
5279 3
5280 4
5281 7
5282 10
5283 3
5284 5
5285 3
5286 1
5287 5
5288 2
5289 2
5290 2
5291 5
5292 3
5293 5
5294 7
5295 3
5296 2
5297 2
5298 5
5299 2
5300 4
5301 4
5302 4
5303 6
5304 4
5305 3
5306 2
5307 4
5308 4
5309 4
5310 3
5311 5
5312 4
5313 4
5314 5
5315 5
5316 4
5317 5
5318 4
5319 3
5320 5
5321 2
5322 5
5323 5
5324 3
5325 5
5326 3
5327 4
5328 6
5329 6
5330 2
5331 3
5332 3
5333 3
5334 7
5335 6
5336 2
5337 2
5338 4
5339 6
5340 5
5341 4
5342 9
5343 3
5344 5
5345 2
5346 5
5347 4
5348 7
5349 4
5350 4
5351 4
5352 3
5353 5
5354 1
5355 3
5356 3
5357 8
5358 4
5359 6
5360 7
5361 3
5362 3
5363 2
5364 1
5365 1
5366 4
5367 8
5368 4
5369 6
5370 2
5371 2
5372 2
5373 6
5374 3
5375 4
5376 8
5377 3
5378 5
5379 4
5380 2
5381 5
5382 2
5383 3
5384 4
5385 4
5386 6
5387 7
5388 4
5389 5
5390 3
5391 2
5392 6
5393 8
5394 6
5395 2
5396 7
5397 3
5398 7
5399 5
5400 5
5401 4
5402 3
5403 5
5404 8
5405 6
5406 2
5407 5
5408 4
5409 6
5410 5
5411 8
5412 6
5413 4
5414 4
5415 3
5416 3
5417 4
5418 5
5419 2
5420 5
5421 5
5422 4
5423 4
5424 1
5425 3
5426 1
5427 1
5428 3
5429 5
5430 1
5431 4
5432 1
5433 7
5434 3
5435 5
5436 4
5437 2
5438 4
5439 2
5440 7
5441 4
5442 5
5443 3
5444 4
5445 3
5446 3
5447 4
5448 2
5449 8
5450 5
5451 4
5452 8
5453 1
5454 6
5455 6
5456 5
5457 3
5458 4
5459 3
5460 5
5461 3
5462 6
5463 7
5464 2
5465 4
5466 5
5467 3
5468 5
5469 3
5470 1
5471 8
5472 8
5473 5
5474 5
5475 6
5476 1
5477 1
5478 2
5479 5
5480 4
5481 5
5482 2
5483 8
5484 2
5485 4
5486 8
5487 4
5488 4
5489 2
5490 5
5491 4
5492 1
5493 2
5494 1
5495 7
5496 3
5497 6
5498 5
5500 4
5501 1
5502 9
5503 7
5504 3
5505 5
5506 3
5507 4
5508 3
5509 4
5510 8
5511 5
5512 3
5513 7
5514 3
5515 3
5516 5
5517 4
5518 2
5519 3
5520 3
5521 5
5522 8
5523 7
5524 4
5525 4
5526 2
5527 2
5528 4
5529 8
5530 4
5531 7
5532 5
5533 4
5534 6
5535 6
5536 4
5537 2
5538 2
5539 3
5540 5
5541 5
5542 3
5543 6
5544 2
5545 1
5546 1
5547 2
5548 8
5549 5
5550 3
5551 1
5553 2
5554 2
5555 4
5556 5
5558 3
5559 2
5560 6
5561 2
5562 6
5563 3
5564 2
5565 2
5566 3
5567 7
5568 6
5569 4
5570 2
5571 5
5572 4
5573 7
5574 1
5575 4
5576 7
5577 3
5578 2
5579 2
5580 1
5581 6
5582 4
5583 7
5584 1
5585 3
5586 4
5587 7
5588 6
5589 1
5590 7
5591 3
5592 4
5593 2
5594 8
5595 4
5596 6
5597 6
5598 2
5599 8
5600 2
5601 5
5602 4
5603 4
5604 6
5605 3
5606 2
5607 4
5608 5
5609 6
5610 1
5611 3
5612 3
5613 1
5614 3
5615 5
5616 2
5617 2
5618 2
5619 3
5620 1
5621 2
5622 5
5623 3
5624 6
5625 2
5626 2
5628 3
5629 10
5630 5
5631 1
5632 2
5633 4
5634 5
5635 8
5636 1
5637 2
5638 5
5639 5
5640 4
5641 3
5642 4
5643 4
5644 4
5645 4
5646 5
5647 4
5648 4
5649 4
5650 4
5651 3
5652 2
5653 1
5654 7
5655 4
5656 5
5657 2
5659 4
5660 5
5661 4
5662 4
5663 3
5664 5
5665 5
5666 4
5667 3
5668 4
5669 5
5670 9
5671 4
5672 2
5673 2
5674 3
5675 2
5676 2
5677 4
5678 2
5679 6
5680 2
5681 2
5682 5
5683 6
5684 3
5685 3
5686 10
5687 2
5688 4
5689 6
5690 6
5691 3
5692 2
5693 2
5694 2
5695 1
5696 5
5697 3
5698 3
5699 2
5700 5
5701 4
5702 5
5704 4
5705 3
5706 1
5707 3
5708 6
5709 1
5710 3
5711 5
5712 8
5713 1
5714 7
5715 2
5716 3
5717 2
5718 4
5719 2
5720 5
5721 8
5722 1
5723 6
5724 5
5726 5
5727 3
5728 1
5729 5
5730 8
5731 3
5732 3
5733 2
5734 3
5735 2
5736 5
5737 1
5738 5
5739 4
5740 2
5741 3
5742 3
5743 4
5744 4
5745 6
5746 2
5747 5
5748 6
5749 4
5750 7
5751 3
5752 1
5753 4
5754 1
5755 7
5756 2
5758 1
5760 4
5761 6
5762 3
5763 4
5764 5
5765 3
5766 3
5767 5
5768 1
5769 3
5770 4
5771 3
5772 3
5773 2
5774 4
5775 6
5776 3
5777 2
5778 3
5779 2
5780 4
5781 2
5782 3
5783 2
5784 9
5785 5
5786 1
5787 1
5788 5
5789 1
5791 4
5792 3
5793 1
5794 5
5795 5
5796 2
5797 2
5798 5
5799 3
5800 3
5801 3
5802 4
5803 1
5804 3
5805 7
5806 2
5807 1
5808 3
5809 1
5810 2
5811 2
5812 4
5813 2
5814 2
5815 3
5816 3
5817 4
5818 1
5819 6
5820 1
5821 4
5822 3
5823 6
5824 2
5825 3
5826 1
5827 2
5828 4
5829 2
5830 3
5831 1
5832 4
5833 3
5834 4
5835 2
5836 1
5837 2
5838 3
5839 2
5840 5
5841 7
5842 2
5844 3
5845 3
5846 3
5847 6
5848 5
5849 4
5850 4
5851 2
5852 5
5853 4
5854 4
5855 3
5856 5
5857 7
5858 1
5859 2
5860 3
5861 3
5862 3
5863 7
5864 6
5865 2
5866 4
5867 2
5868 4
5869 1
5871 4
5872 4
5873 3
5874 4
5875 3
5876 3
5877 5
5878 6
5879 5
5880 2
5881 3
5883 1
5884 5
5885 5
5886 4
5887 4
5888 1
5889 4
5890 3
5891 1
5892 2
5893 2
5894 2
5895 4
5896 2
5897 5
5898 2
5899 2
5900 1
5901 4
5902 5
5903 4
5904 2
5906 1
5907 5
5908 3
5909 5
5910 3
5911 4
5912 3
5913 3
5914 5
5915 5
5916 3
5917 2
5918 5
5919 5
5920 1
5921 4
5922 2
5923 5
5924 7
5925 4
5926 3
5927 6
5929 4
5930 3
5931 3
5932 2
5933 1
5934 3
5935 3
5936 2
5937 2
5938 4
5939 3
5940 3
5941 3
5942 3
5943 4
5944 4
5945 8
5946 2
5947 3
5948 2
5949 1
5950 4
5951 1
5952 1
5953 5
5954 2
5955 4
5956 1
5957 3
5958 3
5959 2
5960 2
5961 5
5962 6
5963 6
5964 4
5965 7
5966 7
5967 5
5968 3
5969 1
5970 4
5971 2
5972 4
5973 5
5974 1
5975 7
5977 3
5978 7
5979 5
5980 4
5981 4
5982 4
5983 4
5984 4
5985 4
5986 1
5987 2
5988 3
5989 4
5990 5
5991 3
5992 5
5993 1
5995 7
5996 2
5997 8
5998 4
5999 4
6000 7
6001 1
6002 4
6003 1
6004 3
6005 4
6006 4
6007 3
6008 3
6009 3
6010 3
6011 4
6012 3
6013 2
6014 1
6015 3
6016 4
6017 3
6018 3
6019 6
6020 6
6021 2
6022 3
6023 1
6024 3
6025 6
6026 1
6027 2
6028 7
6029 4
6030 3
6031 5
6032 2
6033 3
6034 4
6035 5
6036 4
6037 1
6038 3
6039 4
6040 3
6041 1
6042 5
6043 3
6044 2
6045 3
6046 3
6047 4
6048 2
6049 1
6050 2
6051 3
6052 1
6053 3
6054 5
6055 3
6056 3
6057 7
6058 1
6059 3
6060 5
6061 2
6062 1
6063 5
6064 3
6065 4
6067 6
6068 4
6069 5
6070 3
6071 3
6072 6
6073 2
6074 2
6075 4
6076 5
6077 5
6078 3
6079 2
6080 2
6081 3
6082 3
6083 2
6084 2
6085 1
6086 1
6087 1
6088 2
6089 5
6090 2
6091 3
6092 7
6093 4
6094 2
6095 6
6096 4
6097 1
6098 7
6099 4
6100 3
6101 4
6102 6
6103 2
6104 3
6105 3
6106 3
6110 3
6111 5
6112 2
6113 2
6114 5
6115 1
6116 3
6117 3
6118 3
6119 6
6120 1
6121 5
6122 5
6123 5
6124 4
6125 5
6127 4
6128 3
6129 1
6130 3
6131 2
6132 1
6133 3
6134 4
6135 1
6136 4
6137 3
6138 4
6139 3
6141 2
6142 1
6143 3
6144 3
6145 1
6146 2
6147 2
6148 3
6149 6
6150 3
6151 4
6152 6
6153 2
6154 3
6155 4
6156 2
6157 2
6158 2
6159 3
6160 3
6161 4
6162 2
6163 1
6164 5
6165 2
6166 2
6167 2
6168 3
6169 2
6170 2
6171 1
6172 2
6173 3
6174 4
6175 1
6176 1
6177 5
6178 3
6179 4
6180 2
6182 3
6183 2
6184 1
6185 5
6186 3
6187 3
6188 1
6189 3
6190 4
6191 1
6192 1
6193 4
6194 4
6195 1
6197 2
6198 2
6199 2
6200 3
6201 1
6202 1
6203 3
6204 6
6205 2
6206 4
6207 1
6208 5
6209 2
6210 5
6211 5
6212 7
6213 3
6215 2
6216 2
6217 1
6218 2
6219 2
6220 2
6221 6
6222 5
6223 4
6224 2
6225 3
6226 3
6228 4
6229 4
6230 3
6231 1
6232 1
6233 7
6234 1
6235 4
6236 2
6237 1
6238 3
6239 4
6240 1
6241 2
6243 3
6244 2
6245 5
6246 3
6247 7
6248 2
6249 3
6250 4
6251 8
6252 3
6253 6
6254 3
6255 4
6256 1
6257 5
6258 3
6259 1
6260 1
6262 2
6263 4
6264 3
6265 1
6266 1
6267 3
6268 6
6269 5
6270 1
6271 1
6272 1
6273 1
6275 3
6276 4
6277 2
6278 1
6279 4
6280 2
6281 2
6282 2
6283 1
6284 2
6285 3
6287 2
6288 2
6289 3
6290 1
6291 1
6292 1
6293 1
6294 5
6295 1
6296 6
6297 4
6298 1
6299 4
6300 1
6301 5
6302 4
6303 2
6305 2
6306 3
6307 1
6308 7
6309 2
6310 1
6311 1
6312 5
6313 2
6314 3
6316 1
6317 4
6318 1
6319 4
6320 3
6321 3
6322 2
6324 2
6325 2
6326 1
6327 2
6328 1
6329 2
6331 2
6332 3
6333 1
6334 2
6335 5
6336 7
6337 1
6338 2
6339 2
6340 1
6341 2
6342 2
6343 3
6344 3
6345 2
6346 3
6347 6
6348 3
6349 2
6351 3
6352 2
6353 2
6354 4
6355 4
6356 2
6357 3
6358 2
6359 1
6360 1
6361 1
6362 4
6363 2
6364 3
6365 2
6366 3
6367 4
6368 5
6369 2
6370 2
6371 3
6372 1
6373 1
6374 1
6375 1
6376 2
6377 2
6378 4
6379 5
6380 4
6381 1
6383 2
6385 1
6386 4
6387 3
6388 1
6389 4
6390 1
6391 1
6392 2
6393 2
6394 2
6396 1
6397 1
6398 4
6399 2
6400 2
6401 1
6402 4
6405 2
6406 3
6407 1
6408 2
6409 4
6411 4
6412 3
6413 4
6414 2
6415 2
6416 4
6417 4
6418 3
6419 1
6420 4
6422 1
6423 1
6424 3
6426 5
6427 3
6428 3
6429 2
6430 5
6431 1
6432 1
6434 1
6435 1
6436 2
6437 1
6438 1
6439 3
6440 4
6441 5
6442 2
6443 1
6444 2
6445 4
6446 2
6447 3
6448 2
6449 2
6450 2
6451 3
6452 4
6453 2
6454 4
6455 1
6456 2
6457 3
6458 2
6459 2
6460 2
6461 1
6462 2
6463 5
6464 3
6465 2
6466 2
6467 4
6468 4
6469 1
6470 3
6471 1
6472 4
6473 7
6474 1
6475 2
6476 3
6477 3
6478 3
6479 3
6480 3
6481 2
6482 6
6483 2
6484 2
6485 2
6486 3
6487 2
6488 1
6489 3
6490 3
6492 3
6493 2
6494 1
6495 3
6496 1
6497 2
6498 1
6499 2
6500 6
6501 3
6502 1
6503 3
6504 1
6505 2
6506 1
6507 1
6508 4
6509 1
6510 4
6511 4
6512 2
6513 2
6514 2
6515 2
6516 2
6517 3
6518 2
6519 4
6520 2
6521 1
6522 3
6523 3
6525 4
6526 3
6527 4
6528 2
6530 1
6531 2
6532 5
6533 5
6534 2
6535 1
6536 3
6537 2
6538 2
6539 3
6540 2
6541 5
6542 1
6543 3
6544 4
6545 1
6546 2
6547 4
6548 1
6549 1
6550 1
6551 3
6552 1
6553 6
6554 1
6555 1
6556 4
6557 1
6558 2
6559 2
6560 4
6561 3
6562 4
6563 3
6564 2
6565 1
6566 2
6567 5
6568 1
6569 2
6570 1
6571 1
6572 1
6573 1
6574 5
6575 4
6577 2
6578 1
6579 6
6580 2
6581 1
6582 2
6583 6
6584 1
6585 4
6586 3
6587 2
6588 3
6589 1
6591 1
6592 2
6593 11
6594 1
6595 4
6596 1
6597 7
6598 2
6599 1
6600 1
6601 1
6602 2
6604 2
6605 5
6606 2
6607 2
6608 2
6609 3
6610 3
6611 1
6612 6
6613 2
6614 2
6615 4
6616 1
6617 4
6618 1
6619 1
6620 4
6621 3
6622 1
6623 3
6624 2
6625 1
6626 5
6627 3
6628 1
6629 7
6630 3
6631 2
6632 3
6633 4
6634 1
6635 3
6636 3
6637 1
6638 4
6639 2
6640 2
6641 2
6642 2
6643 2
6644 2
6646 3
6648 3
6649 4
6650 1
6652 2
6653 3
6654 1
6655 1
6656 5
6657 2
6660 2
6661 5
6662 1
6663 3
6664 5
6665 5
6666 2
6667 3
6668 2
6669 2
6670 4
6671 2
6672 6
6673 1
6674 1
6675 3
6676 3
6677 3
6678 2
6679 3
6680 1
6681 5
6682 1
6683 2
6684 5
6685 4
6686 3
6687 1
6688 5
6689 2
6690 1
6691 3
6692 2
6693 4
6694 2
6695 2
6696 5
6697 4
6698 1
6699 6
6701 1
6702 3
6703 3
6704 2
6705 8
6706 1
6707 2
6709 3
6710 1
6711 1
6712 1
6713 3
6714 4
6715 2
6717 3
6718 2
6719 3
6720 1
6721 4
6722 3
6723 2
6724 3
6725 3
6726 2
6727 3
6728 5
6729 2
6730 3
6731 1
6732 1
6733 1
6734 1
6735 3
6736 5
6737 2
6738 2
6739 2
6740 2
6741 2
6742 2
6743 2
6744 4
6745 1
6746 3
6747 1
6749 3
6750 1
6751 2
6752 2
6753 5
6754 1
6757 1
6758 3
6760 2
6761 2
6762 1
6763 1
6764 1
6765 3
6767 2
6768 1
6769 2
6770 1
6771 3
6772 2
6773 2
6775 1
6776 4
6777 1
6778 2
6779 3
6780 2
6781 4
6783 2
6784 5
6786 2
6787 2
6788 3
6789 2
6790 3
6792 4
6793 5
6794 1
6795 4
6796 2
6798 4
6799 2
6800 3
6801 2
6802 3
6803 5
6804 4
6805 4
6806 1
6807 2
6809 1
6812 1
6813 1
6815 2
6816 2
6817 1
6818 2
6819 1
6820 1
6821 2
6822 2
6825 1
6826 2
6827 5
6828 4
6829 5
6830 1
6831 6
6832 2
6833 3
6835 2
6836 3
6837 1
6838 3
6839 2
6840 3
6841 1
6842 4
6843 2
6844 4
6845 2
6846 1
6847 2
6848 3
6849 1
6850 2
6851 2
6853 5
6854 4
6855 4
6856 6
6858 1
6859 5
6860 5
6861 2
6862 3
6863 2
6864 1
6865 1
6866 2
6867 4
6868 3
6869 1
6870 4
6871 2
6872 1
6873 2
6874 4
6875 1
6876 2
6877 1
6878 3
6879 3
6880 2
6881 3
6883 1
6884 4
6885 1
6886 3
6887 4
6888 2
6889 4
6891 1
6892 2
6893 1
6894 2
6895 2
6896 2
6898 2
6899 4
6900 1
6901 1
6902 4
6903 2
6904 1
6906 1
6907 1
6908 1
6909 2
6910 2
6911 1
6912 3
6913 1
6914 1
6915 3
6916 2
6917 2
6920 4
6921 1
6922 2
6923 4
6924 2
6925 1
6926 1
6927 2
6928 3
6929 2
6930 2
6931 1
6932 2
6933 3
6934 1
6935 3
6936 3
6937 4
6938 3
6939 2
6940 2
6942 1
6943 3
6944 2
6945 2
6947 1
6948 4
6949 3
6950 1
6951 1
6952 3
6953 2
6954 2
6955 5
6956 1
6957 4
6958 1
6959 1
6961 3
6962 1
6963 1
6964 4
6965 2
6968 3
6969 3
6970 1
6972 2
6973 5
6974 3
6976 2
6977 1
6978 4
6980 1
6982 1
6984 2
6985 3
6986 4
6987 1
6988 1
6989 2
6990 3
6991 3
6993 1
6994 4
6995 1
6996 2
6997 1
6998 2
7001 2
7002 1
7003 2
7004 2
7006 2
7007 1
7008 3
7009 2
7011 2
7012 4
7014 3
7015 1
7016 4
7017 1
7018 2
7019 1
7020 2
7021 1
7022 1
7023 3
7024 4
7025 3
7027 4
7028 1
7029 2
7030 1
7031 2
7032 2
7033 1
7034 2
7035 3
7036 1
7037 1
7040 2
7042 2
7044 4
7045 2
7047 2
7048 1
7050 1
7051 2
7052 4
7054 1
7055 2
7056 2
7057 1
7058 4
7059 1
7060 4
7061 3
7062 1
7063 2
7064 1
7066 1
7068 2
7069 1
7070 4
7071 4
7072 2
7073 5
7074 2
7075 2
7076 1
7077 3
7078 2
7079 3
7080 6
7081 2
7082 2
7083 1
7084 1
7085 1
7086 3
7087 4
7088 1
7089 2
7090 4
7091 2
7092 2
7093 2
7095 2
7096 2
7097 3
7098 1
7099 2
7101 1
7102 1
7103 1
7104 5
7106 1
7108 3
7109 2
7110 1
7112 5
7113 3
7114 3
7115 1
7116 1
7117 1
7118 2
7121 3
7122 3
7124 2
7125 4
7126 1
7127 2
7128 1
7130 2
7131 1
7132 2
7134 1
7135 3
7136 2
7137 1
7139 2
7140 1
7143 2
7144 1
7145 1
7146 4
7147 1
7148 1
7150 1
7151 3
7152 1
7153 4
7154 1
7157 5
7159 1
7160 4
7162 1
7163 2
7164 4
7165 2
7166 1
7167 2
7168 1
7169 1
7170 1
7171 2
7173 2
7174 1
7175 2
7176 2
7179 1
7182 4
7183 1
7184 1
7186 2
7187 1
7188 1
7189 4
7190 3
7191 1
7192 1
7193 5
7194 1
7195 1
7196 2
7197 5
7200 2
7202 2
7203 1
7206 1
7207 1
7208 1
7209 3
7210 2
7211 3
7212 1
7213 1
7214 4
7215 3
7216 3
7217 2
7218 2
7219 2
7220 2
7221 2
7222 3
7223 1
7224 2
7225 3
7226 2
7227 3
7228 3
7229 4
7230 3
7232 1
7233 1
7235 1
7236 4
7237 1
7238 1
7239 1
7240 2
7241 1
7242 1
7243 2
7244 1
7245 3
7247 3
7249 3
7250 1
7251 2
7252 4
7253 2
7254 1
7256 2
7257 3
7258 2
7260 2
7262 2
7263 2
7264 3
7265 3
7267 2
7268 5
7270 6
7272 1
7273 2
7276 3
7277 1
7278 1
7279 3
7280 1
7281 1
7282 3
7283 1
7284 2
7285 4
7288 5
7289 1
7291 3
7292 3
7293 1
7294 2
7295 1
7296 5
7297 4
7298 2
7300 3
7302 3
7303 4
7304 2
7305 1
7306 1
7307 1
7308 1
7309 3
7310 3
7311 4
7312 1
7313 1
7315 1
7317 4
7318 3
7319 2
7320 3
7321 2
7322 1
7323 2
7324 3
7325 1
7326 2
7327 2
7329 2
7330 1
7331 1
7332 4
7333 3
7334 1
7335 1
7336 2
7337 1
7341 4
7342 1
7344 1
7345 2
7346 1
7348 2
7349 3
7350 2
7352 3
7354 2
7355 3
7356 2
7357 4
7358 3
7359 4
7362 4
7364 2
7365 2
7366 1
7367 3
7368 1
7369 3
7370 1
7371 3
7375 2
7377 1
7380 1
7382 1
7384 1
7385 2
7386 2
7387 1
7389 3
7391 2
7392 1
7393 2
7394 1
7399 2
7401 1
7402 2
7404 3
7405 1
7406 2
7407 3
7408 1
7409 1
7411 1
7412 3
7414 1
7415 1
7416 1
7417 2
7418 3
7419 1
7420 1
7421 3
7422 3
7424 2
7425 3
7426 2
7427 2
7428 1
7429 1
7430 2
7431 2
7432 2
7433 3
7434 1
7435 1
7436 1
7437 3
7438 1
7439 1
7441 2
7443 3
7444 2
7445 1
7447 1
7448 2
7449 1
7451 3
7454 3
7455 2
7456 1
7457 3
7458 2
7459 1
7461 3
7463 1
7464 5
7466 1
7468 2
7469 3
7470 2
7471 1
7473 4
7475 1
7477 2
7478 1
7479 3
7480 1
7481 2
7482 1
7483 2
7485 3
7486 1
7487 2
7488 3
7489 1
7490 3
7491 1
7492 2
7493 2
7494 1
7495 2
7496 2
7497 4
7499 1
7501 1
7502 2
7503 2
7504 3
7505 1
7506 3
7507 2
7511 3
7512 1
7513 3
7514 1
7515 1
7516 1
7517 2
7518 1
7519 5
7521 1
7522 4
7523 2
7526 3
7528 1
7529 1
7530 1
7531 1
7532 1
7533 2
7534 1
7535 1
7536 3
7537 1
7538 1
7539 3
7541 1
7543 2
7545 3
7547 1
7548 2
7552 1
7553 1
7554 1
7555 2
7556 2
7558 2
7559 1
7560 5
7561 1
7562 1
7563 2
7564 1
7565 1
7566 1
7568 2
7569 4
7570 2
7571 2
7573 2
7574 2
7576 2
7577 5
7578 1
7579 1
7580 1
7581 2
7583 2
7585 2
7586 2
7587 1
7588 2
7589 3
7590 1
7591 2
7592 2
7593 3
7595 1
7596 3
7598 3
7599 2
7600 3
7601 4
7602 2
7603 1
7604 1
7605 1
7607 1
7608 1
7610 3
7611 1
7613 2
7614 2
7615 1
7617 2
7618 1
7619 1
7621 2
7622 4
7624 3
7626 2
7627 2
7629 2
7631 4
7632 2
7633 1
7634 2
7635 5
7636 1
7637 1
7638 1
7639 1
7641 1
7643 4
7644 1
7645 2
7646 1
7647 3
7648 3
7649 1
7651 2
7653 4
7654 1
7655 3
7656 2
7657 2
7658 2
7659 3
7660 2
7663 3
7664 5
7665 1
7666 3
7667 1
7668 2
7669 2
7670 1
7671 2
7672 1
7673 1
7674 1
7675 3
7676 2
7678 3
7679 1
7680 1
7681 1
7682 1
7683 2
7684 1
7685 1
7686 1
7687 1
7688 4
7689 1
7690 2
7691 1
7692 1
7695 4
7697 3
7698 1
7699 3
7701 3
7703 2
7704 1
7706 2
7707 2
7708 2
7709 2
7711 3
7712 1
7713 1
7714 1
7715 1
7716 2
7718 2
7721 2
7722 1
7723 4
7724 1
7725 2
7726 1
7727 3
7729 3
7731 2
7732 1
7733 3
7734 1
7735 2
7736 1
7738 2
7740 2
7741 1
7742 2
7743 1
7744 1
7745 2
7746 4
7747 2
7749 1
7750 2
7751 1
7753 1
7754 2
7755 1
7757 3
7758 2
7759 3
7760 2
7761 5
7762 2
7765 2
7766 1
7767 1
7768 2
7769 4
7770 1
7771 1
7772 1
7775 2
7776 1
7777 2
7780 1
7781 3
7784 1
7785 1
7786 2
7787 6
7788 3
7789 1
7790 2
7791 4
7792 3
7795 1
7797 1
7798 3
7799 1
7800 2
7802 3
7803 1
7805 1
7806 2
7807 1
7809 1
7810 1
7811 4
7813 1
7814 2
7815 1
7816 1
7820 2
7821 2
7822 2
7823 3
7825 1
7827 1
7828 1
7830 1
7832 3
7834 1
7835 3
7836 2
7837 2
7838 2
7839 2
7842 2
7844 1
7845 1
7846 3
7847 1
7850 1
7851 1
7852 2
7853 3
7854 1
7856 1
7857 2
7858 3
7859 3
7860 1
7861 2
7862 3
7863 1
7864 1
7866 1
7867 3
7869 5
7870 3
7872 1
7873 2
7874 2
7875 1
7876 6
7877 1
7879 1
7880 2
7881 1
7882 3
7884 3
7885 4
7886 3
7887 2
7888 2
7890 1
7891 3
7892 2
7894 3
7895 2
7896 1
7897 1
7898 1
7899 2
7900 1
7901 1
7905 2
7908 1
7911 2
7912 2
7913 1
7915 1
7917 1
7918 1
7919 1
7921 5
7922 2
7927 2
7928 1
7929 2
7930 1
7931 1
7932 1
7933 3
7935 1
7936 1
7937 2
7938 1
7940 1
7942 1
7943 2
7944 1
7947 1
7948 1
7949 1
7950 3
7953 3
7954 1
7955 3
7956 1
7957 1
7958 4
7959 1
7960 2
7961 3
7962 1
7964 2
7965 2
7966 2
7967 1
7968 1
7969 3
7970 1
7972 2
7973 1
7975 2
7976 1
7978 2
7979 1
7983 5
7984 1
7985 1
7986 1
7987 1
7988 1
7989 1
7990 3
7991 2
7992 1
7993 2
7994 2
7995 3
7996 2
7997 1
7998 1
7999 1
8000 2
8001 2
8002 1
8003 1
8004 1
8005 1
8006 1
8007 4
8009 1
8010 1
8011 1
8012 1
8014 2
8016 1
8017 1
8020 2
8022 3
8023 3
8026 2
8027 1
8028 3
8032 6
8033 1
8034 1
8035 1
8039 3
8041 1
8042 3
8043 2
8044 1
8045 1
8046 3
8047 1
8048 2
8050 2
8052 1
8053 2
8056 2
8057 2
8058 1
8059 1
8061 2
8062 1
8063 1
8065 3
8066 2
8067 2
8068 2
8069 1
8070 1
8072 1
8073 1
8074 2
8075 1
8076 2
8077 1
8078 3
8079 1
8080 1
8081 3
8084 2
8086 3
8087 3
8089 2
8090 1
8091 1
8093 2
8094 2
8098 1
8099 1
8101 3
8102 1
8103 1
8104 1
8106 3
8107 3
8108 1
8109 1
8110 2
8113 3
8114 2
8116 1
8118 2
8121 1
8122 1
8123 1
8124 2
8125 2
8128 3
8129 2
8130 1
8131 3
8132 1
8134 1
8135 1
8136 1
8137 1
8138 1
8139 1
8140 1
8142 1
8143 1
8145 1
8146 1
8147 5
8148 1
8149 2
8150 2
8152 4
8153 1
8154 2
8156 1
8157 1
8158 2
8159 1
8161 1
8163 3
8164 1
8165 4
8167 1
8168 1
8169 1
8170 1
8171 1
8173 2
8174 3
8176 2
8177 2
8178 1
8179 1
8180 1
8182 1
8183 1
8184 2
8185 2
8186 2
8191 2
8192 1
8193 1
8194 1
8196 1
8197 2
8199 2
8201 1
8202 2
8204 3
8205 1
8208 4
8209 1
8212 2
8214 1
8216 1
8218 1
8219 2
8220 1
8221 2
8227 3
8229 2
8230 1
8231 1
8232 1
8233 1
8234 2
8237 4
8238 3
8239 1
8240 1
8242 2
8243 1
8244 2
8246 3
8247 4
8248 1
8254 1
8255 1
8257 3
8258 2
8259 2
8261 2
8262 1
8263 1
8265 1
8266 1
8267 2
8268 1
8269 1
8271 1
8273 1
8274 1
8275 1
8276 2
8278 2
8279 2
8280 1
8281 1
8282 3
8283 2
8284 1
8286 3
8287 1
8291 1
8297 1
8298 1
8300 1
8301 1
8302 1
8305 1
8306 1
8307 1
8308 1
8309 4
8310 1
8311 2
8312 3
8313 2
8314 1
8318 3
8319 2
8320 1
8321 2
8322 1
8323 2
8324 1
8325 2
8326 2
8327 1
8328 2
8329 4
8331 1
8332 1
8333 1
8334 2
8336 1
8338 2
8339 1
8340 2
8343 4
8345 3
8347 1
8348 1
8350 1
8351 4
8354 1
8355 2
8356 1
8357 1
8358 2
8359 4
8360 3
8361 4
8362 2
8363 1
8364 2
8366 3
8368 1
8371 2
8372 1
8373 3
8374 2
8375 1
8376 1
8377 1
8379 1
8386 1
8387 2
8388 1
8390 2
8391 1
8392 2
8393 2
8394 1
8397 1
8398 4
8400 1
8403 1
8404 3
8405 2
8407 2
8408 1
8411 1
8412 1
8414 1
8415 1
8416 1
8417 2
8418 1
8419 1
8420 2
8421 3
8422 1
8424 1
8425 2
8426 1
8429 1
8431 1
8434 2
8436 1
8438 1
8442 1
8443 1
8444 2
8445 2
8446 1
8447 3
8448 2
8450 1
8452 1
8453 2
8455 1
8456 4
8457 5
8459 2
8460 1
8461 2
8464 6
8465 1
8466 1
8470 1
8472 1
8473 3
8474 1
8477 3
8478 1
8481 1
8482 1
8484 3
8486 2
8487 2
8488 1
8490 2
8491 3
8493 1
8494 1
8495 3
8496 2
8499 1
8502 1
8504 1
8505 1
8507 2
8508 1
8510 2
8511 2
8512 1
8515 4
8517 1
8518 1
8519 1
8520 1
8521 2
8522 1
8523 2
8526 1
8527 4
8528 1
8530 1
8531 1
8532 3
8534 1
8535 2
8536 1
8537 2
8538 2
8539 2
8540 1
8541 2
8542 1
8544 4
8545 2
8547 1
8551 1
8552 1
8553 1
8555 3
8557 1
8558 1
8563 2
8564 1
8567 1
8568 2
8570 2
8571 1
8572 3
8573 2
8574 3
8575 1
8579 1
8580 3
8582 1
8584 1
8585 1
8586 1
8587 2
8588 3
8589 2
8590 3
8594 2
8595 1
8601 2
8603 2
8604 3
8605 3
8606 4
8607 1
8608 1
8609 1
8611 3
8612 1
8613 1
8614 2
8615 2
8617 1
8618 2
8620 1
8621 2
8622 1
8623 4
8625 5
8626 1
8627 2
8629 1
8631 1
8632 1
8633 3
8634 1
8635 3
8636 3
8638 1
8642 1
8646 1
8647 2
8648 5
8649 1
8651 2
8652 2
8653 1
8655 1
8656 3
8658 3
8660 3
8661 3
8662 1
8667 1
8669 1
8670 3
8671 1
8672 1
8673 2
8675 1
8677 1
8679 1
8681 2
8682 1
8683 2
8684 1
8690 1
8693 2
8694 1
8695 1
8697 3
8698 1
8701 2
8703 1
8706 2
8707 3
8711 1
8712 2
8713 1
8714 1
8715 1
8717 2
8719 1
8721 2
8724 2
8726 1
8727 1
8729 1
8731 1
8733 1
8734 2
8736 1
8739 2
8745 2
8747 3
8748 1
8750 1
8751 2
8755 1
8757 2
8758 1
8760 3
8764 3
8765 1
8768 1
8769 1
8772 2
8773 1
8775 1
8777 1
8778 2
8779 1
8780 3
8781 2
8782 1
8783 1
8784 1
8785 1
8787 2
8788 1
8789 1
8790 3
8795 1
8797 1
8798 2
8799 3
8800 1
8801 4
8802 1
8803 2
8805 1
8806 1
8807 1
8812 1
8814 1
8817 3
8819 3
8820 2
8821 1
8826 3
8827 1
8829 3
8830 1
8831 1
8832 1
8833 1
8834 1
8835 1
8836 1
8837 3
8838 3
8839 1
8840 1
8842 1
8844 2
8845 1
8849 4
8850 1
8851 2
8852 1
8853 2
8854 2
8855 1
8856 1
8857 1
8858 3
8860 1
8862 2
8864 2
8866 1
8867 1
8868 1
8870 1
8871 1
8872 2
8873 2
8874 1
8875 3
8876 5
8880 1
8883 3
8885 1
8888 2
8889 3
8890 2
8892 1
8893 1
8894 1
8896 1
8897 1
8898 1
8901 2
8902 1
8904 2
8906 2
8907 2
8910 1
8911 2
8912 1
8913 2
8915 1
8919 3
8920 1
8923 1
8925 2
8926 1
8930 1
8931 2
8932 1
8933 1
8935 1
8937 1
8938 1
8939 1
8940 1
8943 1
8945 2
8947 2
8948 3
8949 2
8950 1
8951 1
8953 2
8958 2
8960 1
8961 2
8962 2
8963 1
8964 1
8966 1
8967 1
8968 2
8971 1
8974 1
8977 2
8981 1
8983 1
8987 1
8988 2
8989 2
8990 2
8992 1
8994 1
8995 2
8996 1
8998 1
8999 1
9000 1
9001 1
9003 2
9005 2
9009 2
9012 1
9014 2
9016 1
9017 1
9018 2
9019 2
9020 1
9021 1
9022 2
9025 1
9028 3
9029 2
9030 1
9033 1
9034 2
9035 1
9037 3
9038 1
9040 2
9041 1
9045 1
9046 1
9047 3
9049 1
9051 1
9052 1
9053 1
9055 2
9056 1
9057 1
9058 2
9059 2
9061 1
9063 1
9075 2
9079 1
9080 2
9081 1
9082 1
9085 2
9087 1
9088 1
9091 2
9092 1
9094 1
9095 1
9096 2
9097 2
9098 1
9099 2
9101 3
9105 1
9106 2
9108 4
9109 2
9110 1
9113 1
9114 2
9115 2
9117 1
9118 1
9119 1
9121 1
9124 1
9125 1
9127 2
9128 2
9131 2
9132 1
9134 1
9139 4
9142 1
9143 1
9144 1
9147 1
9148 1
9149 1
9151 1
9153 1
9154 1
9160 1
9161 1
9163 1
9168 1
9171 2
9174 1
9175 1
9177 1
9178 1
9179 2
9184 1
9186 1
9191 1
9192 1
9195 3
9196 2
9198 2
9199 2
9200 2
9202 1
9203 1
9204 1
9206 1
9207 1
9208 2
9209 1
9213 1
9215 1
9218 2
9219 1
9220 1
9222 1
9223 1
9224 3
9225 1
9226 3
9227 1
9228 2
9229 2
9232 1
9234 1
9235 1
9236 3
9238 2
9242 1
9245 1
9248 1
9250 1
9251 2
9252 1
9254 1
9255 1
9257 2
9258 1
9260 1
9261 3
9262 1
9264 1
9267 1
9268 1
9271 1
9272 1
9273 1
9274 1
9277 1
9278 1
9280 3
9282 1
9284 1
9285 1
9286 1
9287 1
9289 3
9290 2
9293 1
9296 1
9299 1
9303 1
9304 1
9306 1
9308 1
9309 1
9314 1
9315 2
9320 1
9325 2
9327 1
9328 1
9332 2
9333 1
9334 2
9337 2
9339 2
9340 1
9341 2
9342 1
9344 2
9346 1
9347 1
9348 2
9349 1
9350 1
9352 1
9356 2
9358 1
9362 1
9364 1
9365 1
9366 1
9368 3
9369 1
9370 1
9371 2
9372 1
9374 2
9375 2
9379 2
9381 1
9383 1
9384 1
9385 1
9387 3
9390 1
9395 1
9397 1
9398 2
9401 1
9403 1
9404 1
9406 2
9408 1
9409 2
9410 1
9411 1
9412 1
9415 1
9416 1
9417 1
9418 2
9422 1
9423 1
9424 1
9428 2
9430 1
9433 1
9434 1
9435 1
9436 1
9438 1
9443 2
9446 1
9448 1
9451 1
9452 2
9454 1
9456 2
9457 1
9460 2
9461 1
9462 1
9463 2
9465 1
9467 1
9468 2
9469 1
9474 1
9476 1
9478 1
9479 1
9482 1
9483 2
9485 2
9487 2
9489 2
9491 1
9492 1
9495 1
9496 1
9497 3
9498 1
9505 3
9508 1
9509 1
9510 1
9511 3
9512 1
9518 1
9520 1
9524 1
9525 2
9526 1
9528 1
9529 1
9531 2
9534 1
9537 1
9539 1
9540 1
9541 1
9544 1
9546 2
9549 1
9551 1
9553 1
9556 1
9558 3
9559 1
9560 1
9561 2
9562 1
9564 1
9565 1
9566 1
9568 1
9572 1
9574 1
9575 1
9581 1
9582 2
9584 2
9585 3
9586 1
9588 1
9591 1
9593 1
9594 1
9595 1
9596 2
9600 1
9601 3
9602 1
9603 1
9604 2
9605 1
9606 1
9607 1
9608 1
9609 1
9610 1
9611 2
9612 1
9613 2
9614 2
9615 2
9617 2
9618 1
9619 1
9620 2
9621 1
9622 1
9623 1
9624 2
9630 1
9632 1
9633 1
9634 1
9635 2
9637 1
9639 1
9641 2
9643 1
9644 4
9646 1
9647 2
9648 1
9649 1
9651 1
9652 2
9653 1
9656 1
9658 1
9659 1
9660 1
9663 1
9664 1
9666 1
9671 1
9672 1
9678 2
9679 1
9684 4
9687 2
9690 2
9691 1
9693 1
9694 2
9695 1
9696 1
9697 1
9703 1
9705 1
9706 1
9708 1
9709 1
9710 1
9711 1
9712 2
9715 1
9716 1
9717 1
9720 2
9723 1
9727 1
9729 1
9730 1
9731 1
9736 3
9737 1
9739 2
9740 1
9743 1
9744 1
9748 1
9750 1
9751 1
9754 3
9756 1
9759 2
9761 2
9762 1
9763 1
9764 1
9765 1
9767 1
9768 1
9769 2
9770 2
9771 2
9775 2
9777 3
9783 1
9785 1
9791 1
9793 1
9797 2
9798 1
9801 1
9802 2
9804 2
9805 1
9807 1
9808 1
9809 2
9810 1
9811 2
9815 2
9818 2
9822 1
9823 3
9826 1
9828 1
9829 2
9830 2
9831 2
9832 1
9834 1
9836 1
9838 2
9840 1
9842 2
9844 2
9845 1
9846 2
9847 1
9849 2
9851 3
9852 3
9854 1
9857 4
9859 2
9861 1
9863 1
9864 1
9865 1
9866 1
9867 1
9870 1
9872 1
9873 1
9876 1
9877 1
9878 1
9881 3
9884 1
9885 1
9886 1
9887 1
9890 1
9895 2
9897 4
9899 1
9901 1
9902 1
9903 2
9904 1
9905 1
9910 1
9913 1
9917 1
9919 1
9924 1
9925 3
9927 1
9929 2
9931 1
9934 1
9938 1
9939 1
9941 1
9943 1
9944 1
9947 1
9948 1
9954 2
9957 2
9960 1
9965 1
9966 1
9967 2
9975 1
9976 2
9979 2
9980 2
9981 2
9982 1
9983 1
9984 1
9986 1
9988 1
9989 1
9993 1
9997 1
9999 1
10000 1
10001 1
10006 1
10008 2
10009 1
10010 1
10011 2
10012 1
10015 1
10018 1
10022 1
10023 1
10025 1
10027 2
10028 1
10030 1
10031 1
10035 1
10036 1
10037 3
10038 1
10039 1
10042 2
10043 1
10045 2
10047 1
10048 2
10050 2
10051 1
10056 1
10058 2
10059 1
10061 1
10062 1
10064 3
10065 1
10066 1
10068 1
10069 2
10071 1
10075 1
10078 1
10080 3
10082 1
10083 2
10084 1
10085 1
10087 1
10092 2
10099 2
10102 2
10103 1
10104 1
10107 2
10110 1
10113 1
10114 2
10118 1
10123 1
10131 1
10132 1
10133 1
10137 1
10139 1
10141 1
10143 4
10153 1
10156 1
10158 1
10159 1
10161 1
10165 1
10167 1
10170 1
10171 1
10172 2
10174 2
10176 2
10178 1
10180 1
10181 1
10183 1
10184 1
10187 1
10190 1
10192 1
10201 1
10203 1
10204 1
10207 1
10210 1
10211 2
10212 1
10213 1
10214 1
10215 1
10220 1
10221 1
10222 1
10232 1
10234 1
10236 1
10241 1
10245 1
10248 1
10250 2
10251 1
10253 1
10254 1
10255 1
10258 1
10259 1
10260 1
10261 1
10262 1
10263 1
10267 1
10269 1
10272 1
10273 2
10274 1
10275 1
10277 1
10278 1
10281 1
10285 2
10290 2
10291 1
10292 1
10293 3
10297 1
10298 1
10299 1
10300 2
10311 1
10312 1
10313 1
10315 1
10317 3
10318 1
10323 2
10326 1
10329 1
10331 1
10335 1
10336 1
10337 1
10338 1
10340 1
10343 2
10351 1
10362 1
10366 1
10368 2
10369 1
10370 1
10371 1
10375 1
10376 1
10378 1
10379 3
10385 1
10388 2
10389 1
10395 1
10396 2
10397 1
10398 2
10402 1
10404 2
10411 1
10412 1
10415 1
10418 2
10419 2
10420 1
10422 1
10424 1
10425 1
10430 1
10432 1
10433 1
10434 1
10437 1
10439 1
10445 1
10448 1
10451 1
10455 1
10456 1
10457 1
10462 1
10469 1
10470 2
10471 1
10474 2
10478 2
10484 1
10485 1
10486 1
10490 1
10492 1
10493 1
10495 2
10497 3
10498 3
10499 1
10500 2
10501 1
10504 1
10506 1
10509 1
10517 1
10519 2
10522 1
10523 1
10525 1
10528 3
10530 1
10531 2
10532 1
10534 1
10536 1
10539 2
10541 1
10545 1
10546 1
10551 1
10552 1
10555 1
10556 3
10558 1
10561 1
10562 1
10565 2
10566 1
10568 1
10569 1
10570 2
10571 1
10573 1
10574 3
10576 2
10580 1
10581 1
10586 2
10588 1
10604 1
10605 2
10606 1
10607 1
10608 2
10611 1
10613 1
10618 2
10619 1
10621 1
10630 1
10632 1
10634 1
10639 1
10643 3
10645 1
10647 1
10648 1
10650 2
10651 1
10653 1
10655 1
10659 1
10666 1
10668 1
10669 3
10672 1
10681 1
10689 1
10692 2
10697 1
10698 1
10700 1
10702 1
10705 1
10708 1
10710 1
10714 4
10715 1
10717 1
10718 1
10719 1
10720 1
10733 2
10736 1
10737 1
10738 3
10739 1
10741 1
10745 1
10746 1
10748 1
10749 1
10750 2
10751 2
10752 1
10753 1
10759 1
10760 2
10763 1
10766 3
10769 1
10774 1
10781 1
10791 2
10792 2
10793 1
10797 1
10798 3
10799 1
10801 1
10803 1
10806 1
10807 1
10810 1
10814 1
10816 2
10826 2
10827 2
10829 1
10833 2
10836 1
10842 1
10846 1
10847 1
10849 1
10850 1
10851 1
10852 1
10853 1
10857 1
10860 2
10861 1
10863 1
10866 1
10879 1
10880 1
10882 1
10884 2
10885 1
10893 1
10895 1
10897 1
10898 1
10902 1
10903 1
10904 1
10910 1
10912 2
10915 1
10920 2
10921 1
10925 1
10926 1
10937 1
10940 1
10942 1
10944 1
10947 1
10952 1
10955 1
10959 1
10964 1
10965 1
10966 1
10971 2
10979 1
10980 1
10982 1
10987 2
10988 1
10992 1
10995 1
10999 1
11001 1
11005 1
11009 1
11012 1
11013 1
11017 1
11018 1
11023 1
11026 2
11029 1
11033 1
11034 1
11036 1
11048 1
11049 1
11054 1
11056 1
11059 1
11061 1
11062 1
11063 1
11064 1
11065 1
11066 1
11068 2
11073 1
11074 1
11076 1
11079 1
11080 1
11081 1
11083 1
11086 1
11088 1
11090 1
11098 1
11103 1
11104 1
11110 1
11112 1
11117 2
11118 1
11119 1
11122 1
11124 1
11126 1
11129 1
11132 1
11133 2
11134 1
11135 1
11136 2
11137 1
11140 1
11142 1
11150 1
11151 1
11152 1
11154 1
11156 1
11157 1
11158 1
11161 1
11162 1
11169 2
11170 1
11175 1
11179 1
11186 1
11196 1
11199 2
11200 3
11201 1
11202 1
11206 1
11213 1
11214 1
11216 2
11217 1
11218 1
11219 1
11220 2
11222 1
11223 2
11230 2
11234 1
11245 1
11246 2
11247 1
11248 2
11251 1
11255 1
11257 1
11263 1
11273 1
11274 1
11275 1
11276 2
11277 1
11279 1
11284 3
11286 1
11288 1
11290 1
11293 1
11300 1
11304 1
11307 1
11309 1
11312 1
11313 1
11314 1
11321 2
11325 1
11328 1
11331 1
11333 1
11337 1
11338 2
11339 1
11355 1
11357 1
11360 1
11361 1
11363 2
11364 1
11365 1
11367 1
11370 1
11373 1
11374 1
11376 1
11378 1
11379 2
11382 1
11384 1
11388 1
11391 1
11394 1
11396 1
11398 2
11401 1
11402 2
11406 1
11409 1
11410 1
11415 1
11417 1
11418 1
11421 1
11423 1
11424 1
11427 1
11431 2
11434 1
11435 1
11439 1
11443 1
11448 2
11451 1
11453 1
11454 1
11457 1
11458 1
11459 1
11461 1
11464 1
11466 1
11468 1
11471 2
11478 2
11479 1
11489 1
11497 1
11498 1
11500 2
11510 1
11513 2
11517 2
11518 1
11526 2
11527 2
11538 1
11539 2
11541 1
11543 1
11551 1
11553 1
11558 1
11566 1
11568 1
11569 1
11574 1
11575 1
11577 1
11580 2
11582 1
11585 1
11592 1
11596 1
11609 1
11611 1
11614 1
11615 2
11616 1
11617 1
11622 1
11624 1
11626 1
11627 1
11631 1
11635 1
11637 1
11639 1
11640 2
11644 1
11645 2
11646 1
11647 2
11648 1
11654 1
11656 1
11658 1
11661 1
11662 1
11664 1
11670 1
11672 1
11674 1
11683 1
11686 1
11690 1
11694 1
11700 1
11701 2
11704 1
11705 1
11706 1
11712 1
11720 1
11721 1
11722 2
11726 1
11727 2
11732 2
11735 1
11736 3
11740 1
11744 1
11746 2
11764 1
11765 1
11766 1
11768 1
11769 1
11770 1
11772 1
11774 1
11777 1
11783 2
11789 1
11790 1
11794 1
11795 1
11798 1
11805 1
11816 1
11818 2
11820 1
11822 1
11824 1
11825 1
11828 1
11830 1
11832 1
11839 1
11840 1
11841 1
11842 1
11850 1
11852 1
11854 1
11856 1
11868 1
11869 1
11873 1
11878 1
11890 1
11895 1
11897 1
11900 1
11902 1
11904 1
11905 1
11906 1
11908 2
11909 1
11910 1
11916 1
11917 1
11924 1
11929 1
11931 1
11933 1
11937 1
11938 1
11943 1
11949 1
11956 2
11957 1
11963 1
11964 1
11969 1
11970 4
11976 1
11978 2
11987 1
11989 1
12000 1
12001 1
12002 1
12005 1
12012 1
12013 1
12015 1
12019 1
12021 1
12023 1
12024 1
12026 1
12035 1
12037 1
12038 1
12039 1
12043 1
12048 1
12049 1
12057 1
12061 1
12068 2
12069 1
12073 1
12077 2
12095 2
12097 1
12099 1
12101 1
12105 1
12106 1
12107 1
12111 1
12112 1
12120 1
12129 2
12131 1
12132 1
12133 1
12136 1
12138 1
12139 1
12147 1
12149 1
12158 2
12162 1
12166 1
12170 1
12171 1
12175 2
12178 1
12180 1
12181 1
12183 1
12185 1
12187 1
12188 1
12189 1
12193 1
12194 1
12196 1
12205 2
12208 1
12210 1
12214 1
12216 2
12220 1
12224 1
12228 1
12230 1
12231 1
12235 1
12245 1
12246 1
12251 1
12253 1
12254 1
12256 1
12262 1
12263 2
12264 1
12266 1
12270 1
12271 1
12273 1
12276 1
12284 1
12285 1
12287 1
12289 1
12294 1
12299 1
12301 1
12307 1
12309 1
12311 1
12312 1
12314 1
12317 1
12319 1
12333 1
12350 1
12351 1
12352 1
12358 1
12360 1
12368 2
12374 1
12377 1
12379 1
12380 1
12381 1
12383 1
12384 1
12385 2
12386 1
12392 1
12397 1
12405 1
12406 1
12411 1
12413 1
12414 1
12417 1
12420 1
12422 2
12427 1
12434 2
12435 1
12439 1
12452 1
12456 1
12457 1
12462 1
12467 1
12468 1
12473 1
12477 2
12480 1
12483 1
12485 1
12488 1
12490 1
12493 1
12494 1
12495 1
12498 1
12500 2
12503 1
12505 1
12507 1
12509 1
12512 1
12514 1
12518 1
12526 1
12529 2
12531 2
12533 1
12534 1
12537 1
12540 1
12542 1
12543 1
12544 1
12546 1
12547 1
12548 1
12551 1
12555 1
12560 1
12561 1
12564 1
12567 1
12570 1
12577 1
12578 1
12580 1
12589 1
12592 1
12597 1
12599 1
12600 1
12602 1
12603 2
12606 2
12610 1
12612 1
12614 1
12619 1
12620 2
12624 1
12627 1
12630 1
12631 1
12633 2
12655 1
12656 4
12660 1
12661 1
12664 1
12666 1
12669 1
12673 1
12674 1
12683 1
12684 1
12687 2
12688 1
12689 1
12694 1
12701 1
12705 1
12708 1
12709 1
12710 1
12711 1
12719 1
12721 1
12723 2
12732 1
12733 1
12735 1
12741 1
12750 1
12755 1
12759 1
12760 1
12766 1
12768 1
12770 1
12772 1
12773 2
12774 1
12775 1
12776 1
12779 1
12780 2
12784 1
12785 1
12787 1
12789 1
12792 1
12800 1
12805 2
12808 1
12809 2
12811 1
12816 1
12821 1
12830 1
12833 1
12838 1
12843 1
12844 1
12849 1
12860 1
12866 1
12868 1
12871 1
12874 1
12876 2
12877 1
12879 2
12883 1
12884 1
12887 1
12889 1
12891 1
12892 2
12900 1
12906 1
12911 1
12912 1
12914 1
12915 1
12916 1
12917 2
12920 1
12923 3
12932 1
12933 1
12934 1
12935 1
12939 2
12941 1
12942 1
12948 1
12961 1
12962 1
12964 1
12965 2
12968 1
12972 1
12987 2
12995 1
12998 3
12999 1
13005 1
13007 1
13008 1
13010 1
13012 1
13018 1
13025 1
13028 1
13031 2
13033 1
13034 2
13037 1
13041 2
13050 1
13054 2
13058 1
13065 1
13069 1
13070 1
13076 1
13087 1
13089 1
13090 1
13091 2
13093 1
13095 1
13102 1
13106 1
13113 1
13115 2
13120 1
13123 1
13124 1
13126 1
13127 1
13128 1
13147 2
13151 2
13159 2
13164 1
13165 1
13173 1
13174 1
13175 1
13177 1
13186 1
13190 1
13197 1
13207 1
13211 1
13215 1
13219 1
13223 1
13224 1
13226 1
13236 1
13238 1
13242 1
13247 1
13250 1
13259 1
13279 1
13304 1
13305 1
13315 1
13324 1
13325 1
13327 1
13332 1
13336 2
13344 1
13347 1
13350 1
13356 1
13359 1
13362 1
13364 1
13365 1
13369 1
13373 1
13378 1
13390 1
13392 1
13393 1
13399 1
13401 1
13405 1
13415 1
13419 1
13421 1
13423 1
13424 1
13425 1
13433 2
13437 1
13438 1
13448 1
13452 1
13464 1
13465 2
13480 1
13486 1
13487 1
13493 1
13496 1
13498 1
13504 1
13510 2
13524 1
13528 1
13533 1
13550 2
13556 1
13558 1
13561 1
13570 1
13578 1
13580 1
13594 1
13595 2
13607 1
13611 1
13612 1
13614 2
13630 1
13633 4
13634 1
13637 1
13641 1
13647 2
13649 1
13658 1
13671 1
13675 1
13687 3
13695 1
13704 1
13705 2
13708 1
13714 1
13716 1
13723 1
13725 1
13731 1
13734 1
13756 1
13757 2
13759 1
13766 1
13768 1
13769 1
13782 1
13787 1
13789 1
13790 1
13801 1
13802 1
13813 1
13814 1
13817 1
13820 1
13827 2
13829 1
13838 1
13848 1
13857 1
13870 1
13875 1
13884 1
13890 1
13895 1
13896 1
13897 1
13898 1
13902 1
13903 1
13904 2
13916 2
13926 2
13941 1
13945 1
13950 1
13952 1
13954 1
13958 1
13966 1
13967 1
13977 1
13981 1
13985 1
13987 1
13988 1
13990 1
13991 1
13998 1
14008 1
14020 1
14021 1
14022 1
14023 1
14025 1
14033 1
14044 1
14045 1
14048 1
14058 1
14061 1
14064 1
14066 1
14068 1
14074 2
14076 1
14087 1
14090 1
14100 1
14101 1
14111 1
14120 1
14126 1
14135 1
14136 1
14138 1
14145 1
14147 1
14150 1
14152 1
14157 1
14158 1
14163 1
14164 1
14168 1
14170 1
14175 1
14184 1
14194 1
14196 1
14197 1
14199 1
14202 1
14207 1
14208 2
14215 1
14220 1
14222 1
14228 1
14234 1
14239 1
14246 1
14251 1
14254 1
14257 1
14259 1
14269 1
14275 1
14284 1
14285 1
14315 1
14322 1
14332 1
14336 1
14339 1
14342 1
14343 1
14344 1
14356 1
14360 1
14362 1
14370 2
14375 1
14378 1
14380 1
14385 1
14392 1
14399 1
14400 2
14401 1
14405 1
14409 1
14426 1
14428 1
14433 1
14438 1
14452 1
14458 1
14471 1
14480 1
14485 1
14491 1
14496 1
14507 1
14509 1
14510 1
14511 1
14517 1
14518 1
14519 1
14525 1
14533 1
14546 1
14549 1
14552 1
14553 1
14559 1
14570 1
14571 1
14598 1
14604 1
14611 1
14612 1
14616 1
14636 1
14641 1
14663 1
14674 1
14675 1
14677 1
14678 1
14681 2
14682 1
14699 1
14719 1
14722 1
14727 1
14735 2
14737 1
14740 1
14755 1
14759 1
14772 1
14774 1
14775 1
14780 1
14783 1
14789 1
14799 1
14803 1
14805 1
14806 1
14807 1
14809 2
14813 1
14826 1
14827 1
14834 1
14842 1
14844 1
14845 1
14849 1
14862 1
14869 1
14871 1
14878 1
14879 1
14888 1
14892 1
14897 2
14902 1
14916 2
14921 1
14931 1
14935 1
14952 1
14955 1
14970 1
14990 1
14991 1
15000 1
15001 1
15002 1
15014 1
15018 1
15023 1
15027 1
15037 1
15051 1
15063 1
15084 1
15087 1
15088 1
15092 1
15100 1
15104 1
15114 2
15119 2
15142 1
15147 1
15152 1
15158 1
15164 1
15174 1
15184 1
15190 1
15191 1
15192 1
15195 1
15198 1
15199 1
15200 1
15201 2
15208 1
15211 1
15220 1
15227 1
15248 1
15250 1
15256 1
15260 1
15264 1
15267 1
15269 1
15273 1
15276 1
15284 1
15290 1
15291 1
15305 1
15323 2
15326 1
15327 1
15329 1
15336 1
15340 1
15343 1
15344 1
15351 1
15359 1
15377 1
15379 1
15386 1
15387 1
15390 1
15392 1
15393 1
15398 1
15399 1
15404 1
15405 1
15410 1
15427 1
15453 1
15458 1
15470 1
15486 1
15490 2
15494 1
15497 1
15501 1
15529 1
15531 1
15538 2
15540 1
15541 1
15544 1
15546 1
15552 1
15554 1
15562 1
15563 1
15564 1
15566 1
15571 2
15572 1
15579 1
15580 1
15620 1
15621 1
15656 1
15659 1
15669 1
15676 1
15682 1
15690 1
15696 1
15699 1
15705 1
15719 1
15726 1
15730 1
15745 1
15747 1
15748 1
15754 1
15770 1
15783 2
15784 1
15806 1
15827 1
15830 1
15835 1
15842 1
15859 1
15860 1
15862 1
15872 1
15874 1
15891 1
15897 1
15911 1
15935 1
15936 1
15944 2
15949 1
15975 1
15990 1
16000 2
16001 1
16009 1
16017 1
16027 1
16050 2
16052 1
16082 1
16087 1
16093 2
16095 1
16098 1
16099 1
16107 1
16109 1
16117 1
16119 1
16143 1
16145 1
16147 1
16165 1
16173 1
16182 1
16187 1
16188 1
16192 1
16193 1
16196 2
16201 3
16204 1
16240 1
16244 1
16245 1
16260 1
16261 1
16263 1
16266 1
16280 1
16299 1
16300 1
16302 1
16304 1
16308 1
16312 1
16347 1
16371 1
16376 1
16377 1
16379 1
16385 1
16396 1
16402 1
16408 1
16414 1
16416 1
16419 1
16431 1
16432 1
16433 1
16441 1
16443 1
16444 1
16466 1
16471 1
16476 1
16483 1
16498 1
16509 1
16512 1
16521 1
16531 1
16536 1
16538 1
16539 1
16541 1
16551 2
16558 2
16559 1
16563 1
16567 1
16582 1
16613 1
16617 1
16618 1
16619 1
16629 1
16639 1
16643 1
16651 1
16652 1
16656 1
16668 1
16671 1
16674 1
16681 2
16696 1
16697 1
16698 1
16711 1
16726 1
16728 1
16739 1
16756 1
16759 1
16768 1
16770 1
16780 1
16782 1
16786 1
16788 1
16795 1
16798 1
16819 1
16840 1
16846 1
16848 1
16849 1
16852 1
16853 1
16869 1
16870 1
16873 1
16874 1
16886 1
16897 1
16898 2
16899 1
16917 1
16921 1
16929 2
16944 1
16945 1
16959 1
16967 1
16979 1
16996 1
17016 1
17023 1
17030 1
17033 1
17040 1
17054 1
17067 1
17086 1
17097 1
17100 1
17110 1
17115 1
17125 1
17127 1
17143 1
17162 1
17198 1
17203 1
17205 1
17215 1
17228 1
17260 1
17266 1
17267 1
17278 1
17280 1
17285 1
17294 1
17311 1
17315 1
17320 1
17321 1
17356 1
17368 1
17374 2
17377 1
17388 1
17427 1
17435 1
17450 1
17456 1
17460 1
17470 1
17472 1
17492 1
17496 2
17510 1
17515 1
17518 1
17524 1
17557 1
17559 1
17574 1
17654 1
17663 1
17677 1
17726 1
17731 1
17754 1
17763 1
17777 1
17791 1
17819 1
17830 1
17840 1
17842 1
17890 1
17893 1
17894 1
17907 1
17912 1
17930 1
17932 1
17936 1
17938 1
17939 1
17943 1
17951 1
17970 1
17988 1
17995 1
17997 1
18009 1
18011 1
18018 1
18038 1
18047 1
18051 1
18057 1
18058 1
18122 1
18123 1
18129 1
18133 1
18136 1
18157 1
18174 2
18192 1
18198 1
18220 1
18269 1
18278 1
18286 1
18311 1
18342 1
18349 1
18369 1
18382 1
18390 1
18393 1
18400 1
18413 1
18429 1
18435 1
18437 1
18444 1
18445 1
18455 1
18456 1
18459 1
18470 1
18476 1
18477 1
18479 1
18480 1
18501 1
18523 1
18530 1
18541 1
18542 1
18561 1
18589 1
18595 1
18597 1
18598 1
18600 1
18624 1
18636 1
18650 1
18681 1
18694 1
18696 1
18700 1
18705 1
18740 1
18758 1
18789 1
18801 1
18811 1
18822 1
18832 1
18833 1
18840 1
18842 1
18850 1
18852 1
18860 1
18873 1
18878 1
18883 1
18893 1
18897 1
18924 1
18930 1
18931 1
18967 1
18970 1
18972 1
18980 1
18982 1
18993 1
18994 1
19012 1
19013 1
19028 1
19030 1
19034 1
19035 1
19048 1
19051 1
19083 1
19097 1
19124 1
19125 1
19131 1
19138 1
19152 1
19170 2
19188 1
19195 1
19196 1
19203 1
19208 1
19212 1
19227 1
19254 1
19292 1
19296 1
19361 1
19368 1
19391 1
19397 1
19406 1
19411 1
19413 1
19416 1
19431 1
19460 1
19476 1
19482 1
19497 1
19507 1
19514 1
19524 1
19544 1
19591 1
19593 1
19607 1
19609 1
19617 1
19626 1
19627 1
19659 1
19668 1
19681 1
19686 1
19716 1
19735 1
19755 1
19760 1
19769 1
19774 1
19792 1
19810 1
19817 2
19830 1
19842 1
19882 1
19883 1
19894 1
19945 1
19975 1
19977 1
19994 1
19996 1
20000 1
20009 1
20019 1
20022 1
20028 1
20082 1
20102 1
20126 1
20139 1
20163 1
20186 1
20192 1
20205 1
20209 1
20223 1
20234 1
20255 2
20258 1
20268 1
20275 1
20282 1
20285 1
20298 1
20304 1
20306 1
20329 1
20344 1
20350 1
20351 1
20373 1
20385 2
20391 1
20395 1
20407 1
20410 1
20419 1
20426 1
20444 1
20445 1
20446 1
20494 1
20496 1
20514 1
20521 1
20583 1
20597 1
20599 1
20601 1
20602 1
20608 1
20609 1
20618 1
20620 3
20622 1
20627 1
20632 1
20633 1
20661 1
20683 1
20690 1
20741 1
20744 1
20748 1
20758 1
20784 1
20794 1
20795 1
20820 1
20837 1
20841 1
20843 1
20847 1
20853 1
20860 1
20868 1
20874 1
20904 1
20917 1
20923 1
20925 1
20931 1
20933 1
20954 1
20975 1
21011 1
21013 1
21030 1
21044 1
21087 1
21088 1
21104 1
21173 1
21190 1
21207 1
21215 1
21221 1
21231 1
21235 1
21255 1
21300 1
21303 1
21328 1
21330 1
21332 1
21373 1
21376 1
21386 1
21396 1
21408 1
21475 1
21490 1
21516 1
21517 1
21520 1
21541 1
21572 1
21573 1
21579 1
21593 1
21603 1
21607 1
21647 1
21686 1
21711 1
21718 1
21743 1
21749 1
21773 1
21817 1
21820 2
21839 1
21855 1
21862 1
21876 1
21891 1
21906 1
21913 1
21915 1
21931 1
21948 1
22010 1
22021 1
22030 1
22037 1
22058 1
22060 1
22071 1
22082 1
22094 1
22102 1
22154 1
22155 1
22190 1
22225 1
22227 1
22234 1
22244 1
22251 2
22260 1
22269 1
22303 1
22310 1
22377 1
22387 1
22423 1
22452 1
22476 1
22480 1
22481 1
22511 1
22519 1
22529 1
22535 1
22545 1
22555 1
22619 1
22624 1
22633 1
22648 1
22654 1
22658 1
22681 1
22712 1
22749 1
22751 1
22775 1
22800 1
22809 1
22815 1
22859 1
22886 1
22909 1
22934 1
22949 1
22976 1
23008 1
23050 1
23058 1
23087 1
23090 1
23117 1
23133 1
23146 1
23155 1
23160 1
23166 1
23177 2
23182 1
23185 1
23190 1
23204 1
23207 1
23210 1
23216 1
23218 1
23238 1
23252 1
23262 1
23303 1
23367 1
23369 1
23381 1
23385 1
23428 1
23430 1
23460 1
23474 1
23475 1
23491 1
23506 1
23511 1
23522 1
23529 1
23592 1
23597 1
23605 1
23611 1
23612 1
23639 1
23691 1
23699 1
23701 1
23738 1
23767 1
23769 1
23785 1
23797 1
23809 1
23822 1
23832 1
23836 1
23851 1
23886 1
23891 1
23896 1
23916 1
23931 1
23952 1
23984 1
23987 1
24065 1
24123 2
24144 1
24163 1
24193 1
24235 1
24239 2
24340 1
24350 1
24376 1
24402 1
24404 1
24406 1
24442 1
24453 1
24456 1
24462 1
24478 1
24489 1
24535 1
24542 1
24558 2
24566 1
24623 1
24634 1
24668 1
24673 1
24687 1
24696 1
24697 1
24755 1
24794 1
24819 1
24823 1
24834 1
24870 1
24909 1
24963 1
24997 1
25007 1
25056 1
25075 1
25085 1
25091 1
25127 1
25148 1
25238 1
25240 1
25264 1
25269 1
25281 1
25303 1
25378 1
25394 1
25485 1
25489 1
25500 1
25552 1
25555 1
25625 1
25645 1
25690 1
25743 1
25835 1
25840 1
25850 1
25881 1
25888 1
25905 1
25911 1
25967 1
25969 1
25998 1
26006 1
26007 1
26031 1
26123 1
26142 1
26153 1
26188 1
26225 1
26267 1
26285 1
26316 1
26340 1
26355 1
26369 1
26448 1
26452 1
26474 1
26507 2
26528 1
26601 1
26609 1
26668 1
26694 1
26695 1
26699 1
26702 1
26715 1
26749 1
26754 1
26802 1
26836 1
26916 1
26932 1
26953 1
26956 1
26961 1
27030 1
27081 1
27159 1
27209 1
27213 1
27293 1
27305 1
27314 1
27334 1
27351 2
27358 1
27383 1
27393 1
27434 1
27441 1
27457 1
27478 1
27506 1
27584 1
27611 1
27618 1
27641 1
27667 1
27674 1
27693 1
27705 1
27721 1
27723 1
27760 1
27766 1
27805 1
27848 1
27924 1
28007 1
28028 1
28045 1
28102 1
28120 1
28139 1
28169 1
28216 1
28294 1
28303 2
28330 1
28342 1
28372 1
28438 1
28453 1
28475 1
28479 1
28484 1
28497 1
28513 1
28538 1
28600 1
28628 1
28711 1
28844 1
28852 1
28868 1
28888 1
28897 1
28904 1
28997 1
29002 1
29035 1
29066 1
29133 1
29209 1
29292 1
29346 1
29353 1
29357 1
29359 1
29370 1
29408 1
29409 1
29425 1
29445 1
29482 1
29563 1
29591 1
29651 1
29658 1
29669 1
29693 1
29715 1
29722 1
29789 1
29827 1
29878 1
29879 1
29898 1
29957 1
29994 1
30033 1
30066 1
30196 1
30247 1
30272 1
30329 1
30415 1
30456 1
30479 1
30513 1
30549 1
30559 1
30650 1
30716 1
30722 1
30773 1
30774 1
30798 1
30799 2
30857 1
30862 1
30892 1
30948 1
31029 1
31131 1
31272 1
31288 1
31320 1
31390 1
31538 1
31562 1
31563 1
31602 1
31651 1
31652 1
31857 1
32040 1
32060 1
32077 1
32104 1
32118 1
32247 1
32278 1
32360 1
32363 1
32380 1
32397 1
32526 1
32533 1
32568 1
32633 1
32646 1
32652 1
32664 1
32671 1
32688 1
32720 1
32895 2
32975 1
33012 1
33124 1
33129 1
33135 1
33150 1
33194 1
33206 1
33256 1
33303 1
33316 1
33329 1
33339 1
33351 1
33357 1
33380 1
33385 1
33387 1
33440 1
33509 1
33562 1
33604 1
33619 1
33646 1
33766 1
33855 1
33924 1
33955 1
34148 1
34161 1
34164 1
34202 1
34251 1
34264 1
34300 1
34426 1
34456 1
34483 1
34485 1
34630 1
34635 1
34637 1
34661 1
34684 1
34689 1
34763 1
34788 1
34796 1
34806 1
34854 1
34864 1
34906 1
34950 1
35123 1
35182 1
35264 1
35281 1
35310 1
35360 1
35426 1
35435 1
35443 1
35473 1
35497 1
35525 1
35549 1
35570 1
35584 1
35601 1
35610 1
35672 1
35721 1
35739 1
35761 1
35850 1
35992 1
36015 1
36028 1
36056 1
36078 1
36155 1
36190 1
36248 1
36322 1
36335 1
36373 1
36392 1
36516 1
36530 1
36538 1
36574 1
36596 1
36694 1
36702 1
36810 1
36812 1
36932 1
36969 1
37064 1
37115 1
37159 1
37160 1
37172 1
37173 1
37176 1
37299 1
37361 1
37399 1
37427 1
37432 1
37440 1
37477 1
37582 1
37619 1
37623 1
37677 1
37683 1
37783 1
37816 1
37900 1
37955 1
37998 1
38033 1
38035 1
38051 1
38241 1
38253 1
38367 1
38416 1
38423 1
38556 1
38558 1
38634 1
38772 1
38789 1
38808 1
38812 1
39128 1
39239 1
39255 1
39282 1
39325 1
39393 1
39511 1
39546 1
39616 1
39620 1
39647 1
39675 1
39688 1
39754 1
39763 1
39836 1
39853 1
39884 1
40014 1
40126 1
40135 1
40149 1
40168 1
40187 1
40195 1
40222 1
40416 1
40477 1
40615 1
40719 1
40819 1
40889 1
40980 1
41005 1
41013 1
41201 1
41430 1
41571 1
41575 1
41631 1
41744 1
41788 1
42071 1
42402 1
42413 1
42431 1
42479 1
42490 1
42500 1
42789 1
42812 1
42848 1
42894 1
43041 1
43119 1
43188 1
43193 1
43379 1
43393 1
43394 1
43399 1
43453 1
43723 1
43980 1
44075 1
44261 1
44288 1
44529 1
44643 1
44681 1
44697 1
44772 1
44882 1
44904 1
45199 1
45349 1
45374 1
45443 1
46359 1
46369 1
46373 1
46398 1
46653 1
46784 1
46852 1
46890 1
46991 1
47092 1
47209 1
47418 1
47427 1
47636 1
47716 1
47760 1
47764 1
47993 1
48056 1
48090 1
48105 1
48294 1
48355 1
48658 1
48685 1
48909 1
49034 1
49077 1
49097 1
49428 1
49469 1
49528 1
49673 1
49719 1
49781 1
49904 1
49934 1
50133 1
50663 1
50986 1
51052 1
51096 1
51111 1
51280 1
51608 1
51980 1
52195 1
52369 1
52503 1
52699 1
52816 1
52888 1
52919 1
53711 1
53831 1
54220 1
54374 1
54424 1
54451 1
54472 1
54633 1
54664 1
54782 1
55206 1
55363 1
55591 1
55809 1
55905 1
56114 1
56236 1
56252 1
56272 1
56380 1
56456 1
56464 1
56541 1
57180 1
57413 1
57429 1
57735 1
57763 1
57936 1
57958 1
58036 1
58048 1
58212 1
58246 1
58655 1
58751 1
59093 1
59227 1
59918 1
60226 1
60488 1
60511 1
61141 1
61197 1
61261 1
61605 1
61839 1
63041 1
63338 1
63369 1
63828 1
64068 1
64446 1
64469 1
64874 1
64966 1
65074 1
65174 1
65414 1
65416 1
66041 1
66559 1
66627 1
66878 1
67638 1
67749 1
68083 1
68201 1
68256 1
68435 1
68836 1
68843 1
68970 1
69006 1
69185 1
69571 1
69674 1
70029 1
70085 1
70137 1
70369 1
70389 1
70414 1
71015 1
71484 1
71837 1
72737 1
73309 1
73323 1
73475 1
73498 1
73967 1
74460 1
76190 1
76547 1
76577 1
77025 1
77065 1
77693 1
77836 1
78012 1
78442 1
80083 1
80686 1
82698 1
83153 1
83904 1
84043 1
84712 1
84861 1
84891 1
86138 1
86246 1
86740 1
86877 1
89286 1
89312 1
89405 1
90596 1
90904 1
95381 1
100295 1
106984 1
114263 1
