119 5
120 179
121 486
122 678
123 645
124 595
125 766
126 702
127 676
128 752
129 896
130 1391
131 1611
132 1980
133 2195
134 2182
135 2173
136 2160
137 2041
138 2184
139 2071
140 2138
141 2065
142 1967
143 1989
144 1982
145 2182
146 2330
147 2589
148 2461
149 2429
150 2569
151 2621
152 2656
153 2862
154 2879
155 2727
156 2753
157 2828
158 2736
159 2657
160 2605
161 2622
162 2589
163 2640
164 2590
165 2624
166 2630
167 2741
168 3119
169 3001
170 3118
171 2915
172 2927
173 2903
174 2947
175 3023
176 2939
177 3110
178 3169
179 3183
180 3190
181 3118
182 3095
183 3037
184 3151
185 3036
186 3055
187 2959
188 2891
189 2931
190 2931
191 2870
192 2932
193 2922
194 2926
195 2952
196 3022
197 3167
198 3379
199 3435
200 3420
201 3600
202 3696
203 3861
204 3661
205 3906
206 3967
207 4035
208 4258
209 4122
210 4233
211 4206
212 4100
213 4070
214 4048
215 4048
216 4010
217 4053
218 3974
219 4093
220 4113
221 4113
222 4177
223 4134
224 4244
225 4353
226 4372
227 4600
228 4582
229 4766
230 4832
231 4734
232 4706
233 4721
234 4800
235 4860
236 4809
237 4820
238 4883
239 4980
240 4764
241 4950
242 5086
243 5320
244 5424
245 5426
246 5784
247 5691
248 5824
249 5720
250 5571
251 5947
252 6057
253 6005
254 5995
255 6137
256 6211
257 6231
258 6315
259 6166
260 6144
261 6155
262 6194
263 6437
264 6651
265 6584
266 6710
267 7008
268 7182
269 6958
270 6537
271 6663
272 6965
273 6939
274 6957
275 7080
276 6995
277 6974
278 7065
279 7052
280 7165
281 7090
282 7027
283 6886
284 6876
285 6778
286 6888
287 6887
288 6940
289 6834
290 6873
291 6976
292 7136
293 7240
294 7196
295 7296
296 7214
297 7069
298 7122
299 7055
300 7082
301 7076
302 7191
303 7007
304 6932
305 6957
306 6934
307 6842
308 6827
309 6807
310 6674
311 6841
312 6656
313 6787
314 6929
315 6812
316 6894
317 6759
318 6883
319 6754
320 6823
321 6690
322 6764
323 6965
324 6846
325 6789
326 6735
327 6721
328 6601
329 6717
330 6574
331 6634
332 6572
333 6683
334 6888
335 6964
336 6873
337 6931
338 7002
339 7029
340 6973
341 6839
342 6966
343 6805
344 6688
345 6761
346 6763
347 6778
348 6706
349 6759
350 6714
351 6453
352 6470
353 6533
354 6338
355 6401
356 6463
357 6583
358 6674
359 6714
360 6559
361 6646
362 6619
363 6689
364 6626
365 6614
366 6747
367 6639
368 6470
369 6476
370 6598
371 6425
372 6431
373 6379
374 6219
375 6169
376 6282
377 6237
378 6287
379 6285
380 6218
381 6170
382 6331
383 6485
384 6420
385 6349
386 6272
387 6274
388 6301
389 6265
390 6409
391 6128
392 6270
393 6297
394 6332
395 6265
396 6377
397 6305
398 6333
399 6282
400 6214
401 6294
402 6119
403 6081
404 6226
405 6095
406 6123
407 6036
408 5983
409 6207
410 6142
411 6106
412 6029
413 5992
414 6044
415 6069
416 6015
417 5840
418 5794
419 5698
420 5740
421 5886
422 5623
423 5984
424 5846
425 5746
426 5772
427 5667
428 5723
429 5622
430 5503
431 5502
432 5510
433 5597
434 5666
435 5671
436 5329
437 5454
438 5370
439 5490
440 5386
441 5510
442 5408
443 5437
444 5503
445 5560
446 5439
447 5490
448 5510
449 5518
450 5340
451 5559
452 5489
453 5375
454 5501
455 5303
456 5470
457 5364
458 5407
459 5346
460 5338
461 5255
462 5347
463 5253
464 5235
465 5059
466 5250
467 5236
468 5140
469 5154
470 5130
471 5174
472 5251
473 5210
474 5173
475 5196
476 5154
477 4961
478 5073
479 4925
480 5025
481 4870
482 4969
483 4871
484 4905
485 4875
486 5013
487 4991
488 4808
489 4817
490 4835
491 4772
492 4905
493 4795
494 4808
495 4806
496 4743
497 4813
498 4788
499 4607
500 4814
501 4889
502 4867
503 4909
504 4781
505 4834
506 4971
507 4848
508 4850
509 4984
510 4896
511 4889
512 4807
513 4838
514 4956
515 4868
516 4744
517 4849
518 4805
519 4780
520 4703
521 4799
522 4645
523 4722
524 4711
525 4700
526 4620
527 4686
528 4586
529 4611
530 4705
531 4682
532 4561
533 4588
534 4533
535 4466
536 4608
537 4540
538 4523
539 4473
540 4492
541 4550
542 4537
543 4607
544 4513
545 4394
546 4419
547 4437
548 4416
549 4352
550 4523
551 4352
552 4450
553 4415
554 4521
555 4543
556 4518
557 4449
558 4477
559 4395
560 4335
561 4288
562 4312
563 4317
564 4422
565 4393
566 4349
567 4373
568 4450
569 4309
570 4375
571 4385
572 4410
573 4466
574 4455
575 4393
576 4403
577 4579
578 4590
579 4446
580 4376
581 4328
582 4368
583 4440
584 4421
585 4344
586 4406
587 4395
588 4383
589 4338
590 4345
591 4349
592 4342
593 4399
594 4302
595 4193
596 4247
597 4161
598 4059
599 4229
600 4144
601 4191
602 4050
603 4122
604 4096
605 4040
606 4022
607 4083
608 4074
609 3972
610 4041
611 3949
612 4042
613 4015
614 3896
615 3921
616 3828
617 3741
618 3876
619 3826
620 3945
621 3910
622 3897
623 3786
624 3840
625 3746
626 3841
627 3771
628 3813
629 3747
630 3811
631 3841
632 3765
633 3776
634 3800
635 3775
636 3765
637 3838
638 3777
639 3695
640 3732
641 3678
642 3748
643 3750
644 3718
645 3657
646 3722
647 3681
648 3621
649 3613
650 3583
651 3601
652 3643
653 3641
654 3564
655 3553
656 3590
657 3720
658 3558
659 3678
660 3547
661 3645
662 3591
663 3539
664 3607
665 3573
666 3578
667 3544
668 3496
669 3548
670 3618
671 3566
672 3620
673 3562
674 3530
675 3511
676 3654
677 3478
678 3535
679 3525
680 3638
681 3537
682 3532
683 3493
684 3573
685 3538
686 3507
687 3494
688 3468
689 3616
690 3507
691 3457
692 3441
693 3377
694 3493
695 3468
696 3414
697 3490
698 3487
699 3332
700 3275
701 3456
702 3374
703 3464
704 3471
705 3402
706 3460
707 3302
708 3349
709 3385
710 3366
711 3340
712 3432
713 3314
714 3349
715 3470
716 3363
717 3421
718 3431
719 3322
720 3385
721 3319
722 3353
723 3356
724 3398
725 3289
726 3276
727 3362
728 3142
729 3232
730 3249
731 3206
732 3200
733 3155
734 3190
735 3237
736 3162
737 3216
738 3373
739 3195
740 3132
741 3152
742 3179
743 3107
744 3209
745 3189
746 3132
747 3118
748 3141
749 3168
750 3107
751 3035
752 3100
753 3078
754 3016
755 3035
756 3025
757 2958
758 2954
759 2987
760 3043
761 3000
762 2946
763 2973
764 3026
765 2857
766 2909
767 2940
768 2931
769 2990
770 2901
771 2892
772 2930
773 2853
774 2843
775 2863
776 2913
777 2824
778 2808
779 2772
780 2847
781 2699
782 2747
783 2758
784 2702
785 2707
786 2667
787 2781
788 2644
789 2603
790 2749
791 2671
792 2758
793 2675
794 2622
795 2701
796 2591
797 2631
798 2565
799 2737
800 2551
801 2590
802 2609
803 2583
804 2527
805 2616
806 2622
807 2412
808 2581
809 2550
810 2499
811 2508
812 2566
813 2544
814 2461
815 2375
816 2433
817 2381
818 2488
819 2491
820 2371
821 2403
822 2380
823 2403
824 2339
825 2389
826 2383
827 2327
828 2410
829 2328
830 2356
831 2285
832 2251
833 2271
834 2295
835 2336
836 2321
837 2359
838 2346
839 2258
840 2239
841 2279
842 2285
843 2210
844 2253
845 2253
846 2232
847 2303
848 2316
849 2221
850 2285
851 2248
852 2244
853 2317
854 2259
855 2237
856 2326
857 2188
858 2258
859 2212
860 2137
861 2182
862 2194
863 2249
864 2165
865 2128
866 2200
867 2235
868 2054
869 2230
870 2174
871 2208
872 2242
873 2195
874 2132
875 2064
876 2154
877 2114
878 2123
879 2127
880 2098
881 2171
882 2168
883 2079
884 2086
885 2143
886 2053
887 2060
888 2096
889 2110
890 2072
891 2085
892 2001
893 1990
894 2015
895 2015
896 1994
897 2011
898 2015
899 1965
900 2013
901 1999
902 2013
903 1906
904 1999
905 2006
906 1993
907 1981
908 1992
909 1955
910 1918
911 1993
912 1896
913 1892
914 1960
915 1935
916 1890
917 1891
918 1924
919 1910
920 2024
921 1873
922 1987
923 1868
924 1905
925 1996
926 1885
927 1849
928 1953
929 1917
930 1832
931 1873
932 1829
933 1798
934 1873
935 1772
936 1766
937 1782
938 1821
939 1796
940 1849
941 1846
942 1812
943 1763
944 1801
945 1861
946 1778
947 1739
948 1734
949 1707
950 1770
951 1814
952 1679
953 1694
954 1775
955 1731
956 1681
957 1734
958 1672
959 1738
960 1769
961 1618
962 1679
963 1666
964 1681
965 1640
966 1740
967 1669
968 1627
969 1690
970 1600
971 1592
972 1632
973 1634
974 1609
975 1597
976 1718
977 1619
978 1660
979 1680
980 1556
981 1655
982 1563
983 1567
984 1559
985 1548
986 1544
987 1607
988 1585
989 1529
990 1581
991 1460
992 1502
993 1474
994 1539
995 1454
996 1547
997 1508
998 1500
999 1510
1000 1503
1001 1464
1002 1531
1003 1556
1004 1532
1005 1490
1006 1437
1007 1420
1008 1482
1009 1487
1010 1415
1011 1432
1012 1438
1013 1442
1014 1458
1015 1389
1016 1365
1017 1400
1018 1405
1019 1337
1020 1367
1021 1350
1022 1347
1023 1348
1024 1352
1025 1338
1026 1323
1027 1327
1028 1279
1029 1381
1030 1364
1031 1299
1032 1280
1033 1236
1034 1327
1035 1290
1036 1309
1037 1298
1038 1245
1039 1193
1040 1245
1041 1316
1042 1289
1043 1252
1044 1290
1045 1215
1046 1250
1047 1221
1048 1285
1049 1245
1050 1268
1051 1211
1052 1197
1053 1253
1054 1167
1055 1233
1056 1228
1057 1228
1058 1211
1059 1156
1060 1178
1061 1160
1062 1175
1063 1159
1064 1205
1065 1154
1066 1142
1067 1136
1068 1200
1069 1151
1070 1190
1071 1129
1072 1157
1073 1170
1074 1118
1075 1123
1076 1118
1077 1059
1078 1116
1079 1158
1080 1113
1081 1106
1082 1106
1083 1136
1084 1098
1085 1069
1086 1092
1087 1124
1088 1029
1089 1047
1090 1069
1091 1051
1092 1046
1093 1039
1094 1044
1095 1024
1096 999
1097 1049
1098 1027
1099 1013
1100 1010
1101 1035
1102 956
1103 962
1104 1027
1105 998
1106 1011
1107 1017
1108 976
1109 1017
1110 1033
1111 991
1112 964
1113 994
1114 927
1115 963
1116 960
1117 948
1118 912
1119 948
1120 915
1121 989
1122 886
1123 935
1124 918
1125 964
1126 918
1127 859
1128 922
1129 921
1130 902
1131 902
1132 863
1133 901
1134 953
1135 914
1136 921
1137 889
1138 886
1139 869
1140 916
1141 898
1142 835
1143 839
1144 869
1145 849
1146 878
1147 866
1148 850
1149 824
1150 886
1151 838
1152 863
1153 901
1154 845
1155 826
1156 823
1157 880
1158 857
1159 857
1160 841
1161 862
1162 882
1163 866
1164 863
1165 836
1166 795
1167 826
1168 875
1169 834
1170 794
1171 849
1172 796
1173 786
1174 833
1175 836
1176 828
1177 824
1178 789
1179 747
1180 827
1181 770
1182 793
1183 781
1184 769
1185 774
1186 813
1187 782
1188 784
1189 833
1190 803
1191 750
1192 797
1193 767
1194 774
1195 755
1196 787
1197 811
1198 774
1199 739
1200 727
1201 724
1202 767
1203 756
1204 756
1205 720
1206 765
1207 758
1208 762
1209 753
1210 750
1211 723
1212 746
1213 738
1214 742
1215 705
1216 711
1217 779
1218 715
1219 728
1220 730
1221 709
1222 734
1223 696
1224 721
1225 723
1226 728
1227 743
1228 731
1229 704
1230 730
1231 750
1232 714
1233 655
1234 739
1235 688
1236 674
1237 717
1238 726
1239 691
1240 684
1241 677
1242 680
1243 685
1244 717
1245 678
1246 704
1247 710
1248 677
1249 654
1250 708
1251 676
1252 653
1253 627
1254 662
1255 707
1256 671
1257 613
1258 665
1259 654
1260 656
1261 644
1262 626
1263 624
1264 672
1265 629
1266 658
1267 644
1268 650
1269 664
1270 645
1271 619
1272 616
1273 640
1274 612
1275 600
1276 612
1277 634
1278 604
1279 648
1280 578
1281 596
1282 582
1283 609
1284 630
1285 663
1286 634
1287 599
1288 623
1289 639
1290 575
1291 606
1292 611
1293 592
1294 630
1295 564
1296 559
1297 592
1298 563
1299 575
1300 554
1301 554
1302 561
1303 577
1304 583
1305 555
1306 540
1307 562
1308 514
1309 565
1310 508
1311 546
1312 534
1313 566
1314 608
1315 582
1316 551
1317 557
1318 496
1319 542
1320 552
1321 526
1322 499
1323 526
1324 526
1325 527
1326 517
1327 562
1328 500
1329 504
1330 504
1331 484
1332 528
1333 524
1334 531
1335 477
1336 504
1337 522
1338 491
1339 510
1340 510
1341 484
1342 514
1343 490
1344 468
1345 511
1346 445
1347 475
1348 500
1349 482
1350 489
1351 484
1352 505
1353 473
1354 472
1355 453
1356 451
1357 486
1358 467
1359 451
1360 485
1361 424
1362 463
1363 482
1364 477
1365 476
1366 441
1367 441
1368 443
1369 482
1370 431
1371 431
1372 456
1373 475
1374 519
1375 458
1376 420
1377 410
1378 391
1379 430
1380 441
1381 426
1382 409
1383 425
1384 441
1385 426
1386 421
1387 422
1388 425
1389 406
1390 443
1391 421
1392 421
1393 417
1394 402
1395 409
1396 407
1397 407
1398 407
1399 430
1400 434
1401 392
1402 425
1403 437
1404 402
1405 388
1406 401
1407 401
1408 375
1409 395
1410 407
1411 405
1412 382
1413 354
1414 368
1415 380
1416 396
1417 403
1418 372
1419 394
1420 384
1421 402
1422 370
1423 403
1424 370
1425 415
1426 384
1427 394
1428 408
1429 347
1430 371
1431 407
1432 405
1433 347
1434 386
1435 344
1436 349
1437 380
1438 362
1439 323
1440 362
1441 345
1442 334
1443 369
1444 340
1445 338
1446 375
1447 345
1448 349
1449 325
1450 329
1451 364
1452 376
1453 297
1454 338
1455 334
1456 335
1457 328
1458 313
1459 364
1460 379
1461 330
1462 341
1463 308
1464 364
1465 309
1466 358
1467 351
1468 303
1469 348
1470 322
1471 335
1472 308
1473 370
1474 350
1475 319
1476 338
1477 343
1478 302
1479 341
1480 317
1481 326
1482 301
1483 297
1484 280
1485 296
1486 320
1487 314
1488 305
1489 315
1490 284
1491 278
1492 313
1493 273
1494 314
1495 277
1496 274
1497 274
1498 288
1499 281
1500 281
1501 259
1502 310
1503 288
1504 270
1505 281
1506 279
1507 292
1508 261
1509 314
1510 303
1511 274
1512 292
1513 251
1514 303
1515 300
1516 268
1517 277
1518 239
1519 271
1520 273
1521 277
1522 262
1523 271
1524 278
1525 283
1526 285
1527 250
1528 254
1529 249
1530 260
1531 244
1532 264
1533 292
1534 276
1535 248
1536 260
1537 282
1538 270
1539 274
1540 255
1541 255
1542 255
1543 249
1544 244
1545 274
1546 278
1547 247
1548 245
1549 275
1550 254
1551 252
1552 274
1553 278
1554 256
1555 272
1556 252
1557 228
1558 268
1559 246
1560 260
1561 262
1562 228
1563 198
1564 249
1565 247
1566 247
1567 243
1568 254
1569 231
1570 248
1571 250
1572 258
1573 252
1574 245
1575 243
1576 246
1577 232
1578 228
1579 263
1580 246
1581 250
1582 229
1583 262
1584 230
1585 243
1586 275
1587 243
1588 216
1589 246
1590 256
1591 251
1592 229
1593 215
1594 211
1595 237
1596 217
1597 222
1598 208
1599 235
1600 233
1601 252
1602 243
1603 245
1604 231
1605 242
1606 237
1607 238
1608 214
1609 224
1610 229
1611 212
1612 209
1613 215
1614 219
1615 251
1616 250
1617 228
1618 226
1619 205
1620 229
1621 226
1622 196
1623 223
1624 212
1625 212
1626 234
1627 228
1628 219
1629 206
1630 214
1631 218
1632 220
1633 199
1634 208
1635 193
1636 209
1637 212
1638 194
1639 228
1640 218
1641 213
1642 201
1643 220
1644 205
1645 203
1646 211
1647 205
1648 190
1649 233
1650 194
1651 230
1652 210
1653 202
1654 181
1655 212
1656 215
1657 181
1658 178
1659 199
1660 191
1661 196
1662 209
1663 202
1664 172
1665 183
1666 222
1667 209
1668 197
1669 195
1670 166
1671 185
1672 179
1673 177
1674 204
1675 186
1676 194
1677 171
1678 191
1679 167
1680 169
1681 166
1682 199
1683 194
1684 176
1685 178
1686 186
1687 174
1688 187
1689 205
1690 185
1691 177
1692 198
1693 168
1694 156
1695 198
1696 155
1697 181
1698 168
1699 178
1700 169
1701 156
1702 161
1703 167
1704 162
1705 170
1706 166
1707 185
1708 179
1709 192
1710 164
1711 164
1712 179
1713 181
1714 190
1715 187
1716 185
1717 155
1718 175
1719 180
1720 182
1721 162
1722 143
1723 177
1724 190
1725 173
1726 163
1727 168
1728 146
1729 176
1730 148
1731 161
1732 155
1733 167
1734 163
1735 173
1736 170
1737 145
1738 170
1739 153
1740 169
1741 145
1742 168
1743 178
1744 171
1745 160
1746 179
1747 154
1748 145
1749 140
1750 162
1751 150
1752 147
1753 176
1754 157
1755 180
1756 132
1757 153
1758 170
1759 157
1760 156
1761 157
1762 165
1763 158
1764 142
1765 147
1766 162
1767 131
1768 157
1769 157
1770 153
1771 137
1772 132
1773 155
1774 161
1775 160
1776 170
1777 158
1778 158
1779 158
1780 171
1781 170
1782 134
1783 152
1784 152
1785 129
1786 146
1787 159
1788 121
1789 151
1790 161
1791 150
1792 143
1793 144
1794 149
1795 160
1796 150
1797 143
1798 146
1799 154
1800 108
1801 144
1802 155
1803 133
1804 148
1805 156
1806 155
1807 140
1808 139
1809 119
1810 141
1811 155
1812 130
1813 127
1814 132
1815 130
1816 135
1817 124
1818 123
1819 119
1820 133
1821 137
1822 113
1823 150
1824 132
1825 116
1826 117
1827 117
1828 142
1829 157
1830 134
1831 141
1832 145
1833 123
1834 134
1835 143
1836 108
1837 142
1838 131
1839 134
1840 150
1841 127
1842 112
1843 124
1844 166
1845 115
1846 136
1847 131
1848 121
1849 122
1850 135
1851 140
1852 131
1853 135
1854 123
1855 139
1856 130
1857 134
1858 129
1859 124
1860 127
1861 144
1862 126
1863 151
1864 115
1865 137
1866 139
1867 117
1868 111
1869 126
1870 124
1871 165
1872 152
1873 130
1874 125
1875 138
1876 142
1877 124
1878 120
1879 108
1880 110
1881 114
1882 115
1883 129
1884 122
1885 97
1886 131
1887 134
1888 123
1889 127
1890 139
1891 107
1892 122
1893 110
1894 131
1895 121
1896 131
1897 150
1898 121
1899 112
1900 138
1901 122
1902 111
1903 97
1904 112
1905 107
1906 111
1907 116
1908 112
1909 132
1910 122
1911 114
1912 119
1913 129
1914 122
1915 98
1916 115
1917 114
1918 116
1919 104
1920 120
1921 91
1922 99
1923 100
1924 115
1925 114
1926 126
1927 126
1928 110
1929 106
1930 89
1931 117
1932 100
1933 108
1934 123
1935 103
1936 100
1937 105
1938 132
1939 94
1940 90
1941 112
1942 96
1943 96
1944 108
1945 105
1946 117
1947 107
1948 93
1949 108
1950 102
1951 101
1952 100
1953 131
1954 106
1955 97
1956 95
1957 87
1958 121
1959 108
1960 115
1961 116
1962 109
1963 111
1964 100
1965 108
1966 91
1967 93
1968 88
1969 96
1970 82
1971 112
1972 100
1973 107
1974 96
1975 93
1976 90
1977 102
1978 91
1979 122
1980 101
1981 106
1982 93
1983 91
1984 92
1985 84
1986 98
1987 94
1988 92
1989 103
1990 88
1991 111
1992 78
1993 106
1994 92
1995 105
1996 102
1997 85
1998 109
1999 87
2000 115
2001 84
2002 85
2003 101
2004 110
2005 90
2006 107
2007 114
2008 85
2009 92
2010 97
2011 101
2012 99
2013 84
2014 102
2015 106
2016 85
2017 100
2018 92
2019 111
2020 114
2021 91
2022 98
2023 97
2024 115
2025 96
2026 106
2027 81
2028 73
2029 92
2030 99
2031 97
2032 79
2033 96
2034 91
2035 77
2036 95
2037 88
2038 79
2039 95
2040 89
2041 94
2042 99
2043 76
2044 85
2045 88
2046 107
2047 84
2048 93
2049 85
2050 83
2051 91
2052 94
2053 62
2054 76
2055 77
2056 88
2057 81
2058 101
2059 91
2060 73
2061 83
2062 74
2063 81
2064 75
2065 77
2066 74
2067 72
2068 73
2069 70
2070 100
2071 84
2072 71
2073 93
2074 86
2075 94
2076 74
2077 80
2078 79
2079 100
2080 79
2081 64
2082 78
2083 81
2084 73
2085 88
2086 72
2087 97
2088 83
2089 63
2090 71
2091 76
2092 69
2093 77
2094 77
2095 83
2096 79
2097 70
2098 81
2099 72
2100 68
2101 74
2102 83
2103 69
2104 87
2105 73
2106 78
2107 80
2108 71
2109 73
2110 81
2111 74
2112 60
2113 67
2114 77
2115 72
2116 70
2117 64
2118 74
2119 70
2120 74
2121 73
2122 67
2123 67
2124 61
2125 73
2126 67
2127 66
2128 84
2129 56
2130 59
2131 62
2132 78
2133 66
2134 69
2135 76
2136 81
2137 64
2138 69
2139 89
2140 64
2141 80
2142 73
2143 76
2144 84
2145 68
2146 73
2147 70
2148 72
2149 77
2150 79
2151 71
2152 73
2153 72
2154 62
2155 64
2156 66
2157 57
2158 74
2159 65
2160 78
2161 65
2162 63
2163 74
2164 74
2165 73
2166 55
2167 60
2168 72
2169 53
2170 69
2171 57
2172 66
2173 64
2174 63
2175 64
2176 73
2177 72
2178 61
2179 63
2180 65
2181 74
2182 62
2183 51
2184 64
2185 56
2186 55
2187 61
2188 54
2189 77
2190 61
2191 52
2192 53
2193 69
2194 48
2195 63
2196 50
2197 67
2198 47
2199 61
2200 61
2201 55
2202 61
2203 60
2204 56
2205 71
2206 51
2207 48
2208 60
2209 67
2210 65
2211 53
2212 54
2213 69
2214 65
2215 63
2216 48
2217 84
2218 65
2219 57
2220 39
2221 59
2222 67
2223 56
2224 44
2225 58
2226 53
2227 51
2228 56
2229 41
2230 60
2231 58
2232 57
2233 52
2234 64
2235 52
2236 61
2237 56
2238 60
2239 50
2240 49
2241 54
2242 44
2243 51
2244 44
2245 53
2246 54
2247 58
2248 57
2249 55
2250 59
2251 41
2252 57
2253 58
2254 65
2255 47
2256 53
2257 57
2258 63
2259 59
2260 53
2261 52
2262 55
2263 43
2264 57
2265 47
2266 46
2267 47
2268 51
2269 44
2270 61
2271 48
2272 60
2273 56
2274 58
2275 55
2276 35
2277 60
2278 46
2279 60
2280 51
2281 39
2282 52
2283 48
2284 51
2285 66
2286 41
2287 56
2288 49
2289 50
2290 34
2291 57
2292 46
2293 51
2294 39
2295 44
2296 47
2297 49
2298 48
2299 45
2300 45
2301 45
2302 34
2303 52
2304 41
2305 51
2306 48
2307 51
2308 51
2309 55
2310 45
2311 42
2312 50
2313 52
2314 47
2315 47
2316 45
2317 50
2318 40
2319 37
2320 46
2321 43
2322 48
2323 46
2324 54
2325 31
2326 45
2327 42
2328 40
2329 39
2330 34
2331 36
2332 53
2333 49
2334 69
2335 37
2336 47
2337 45
2338 37
2339 38
2340 46
2341 49
2342 37
2343 49
2344 42
2345 54
2346 45
2347 38
2348 47
2349 46
2350 41
2351 44
2352 37
2353 50
2354 44
2355 46
2356 38
2357 41
2358 49
2359 35
2360 26
2361 37
2362 38
2363 49
2364 44
2365 42
2366 38
2367 28
2368 46
2369 40
2370 46
2371 39
2372 34
2373 53
2374 36
2375 44
2376 44
2377 41
2378 43
2379 40
2380 30
2381 48
2382 32
2383 40
2384 36
2385 46
2386 37
2387 38
2388 41
2389 28
2390 49
2391 52
2392 38
2393 36
2394 48
2395 47
2396 36
2397 38
2398 26
2399 36
2400 44
2401 40
2402 38
2403 38
2404 33
2405 34
2406 40
2407 40
2408 31
2409 41
2410 36
2411 34
2412 35
2413 28
2414 39
2415 29
2416 33
2417 37
2418 41
2419 47
2420 37
2421 34
2422 30
2423 36
2424 28
2425 35
2426 43
2427 25
2428 40
2429 34
2430 43
2431 34
2432 41
2433 40
2434 41
2435 45
2436 39
2437 40
2438 40
2439 35
2440 38
2441 45
2442 42
2443 37
2444 45
2445 35
2446 31
2447 34
2448 52
2449 38
2450 30
2451 44
2452 33
2453 35
2454 36
2455 36
2456 40
2457 31
2458 38
2459 33
2460 28
2461 36
2462 28
2463 39
2464 33
2465 41
2466 31
2467 38
2468 31
2469 38
2470 28
2471 48
2472 34
2473 28
2474 39
2475 41
2476 32
2477 42
2478 40
2479 31
2480 37
2481 37
2482 30
2483 31
2484 32
2485 32
2486 28
2487 37
2488 33
2489 39
2490 31
2491 39
2492 25
2493 38
2494 40
2495 34
2496 37
2497 22
2498 32
2499 35
2500 26
2501 23
2502 31
2503 30
2504 42
2505 34
2506 37
2507 38
2508 28
2509 32
2510 28
2511 30
2512 23
2513 34
2514 30
2515 33
2516 35
2517 34
2518 37
2519 32
2520 23
2521 32
2522 35
2523 30
2524 34
2525 28
2526 25
2527 28
2528 31
2529 39
2530 33
2531 41
2532 22
2533 32
2534 41
2535 34
2536 28
2537 35
2538 29
2539 39
2540 30
2541 33
2542 42
2543 25
2544 33
2545 26
2546 26
2547 23
2548 31
2549 34
2550 31
2551 37
2552 22
2553 34
2554 31
2555 29
2556 28
2557 27
2558 30
2559 35
2560 28
2561 24
2562 29
2563 22
2564 39
2565 34
2566 22
2567 39
2568 19
2569 25
2570 34
2571 21
2572 26
2573 34
2574 22
2575 30
2576 29
2577 18
2578 25
2579 28
2580 25
2581 39
2582 34
2583 31
2584 26
2585 20
2586 35
2587 29
2588 24
2589 28
2590 29
2591 30
2592 28
2593 30
2594 25
2595 34
2596 23
2597 23
2598 25
2599 25
2600 18
2601 30
2602 31
2603 29
2604 28
2605 30
2606 22
2607 19
2608 18
2609 29
2610 28
2611 24
2612 25
2613 21
2614 28
2615 25
2616 35
2617 24
2618 22
2619 25
2620 27
2621 26
2622 26
2623 18
2624 30
2625 24
2626 28
2627 38
2628 31
2629 23
2630 31
2631 24
2632 21
2633 28
2634 28
2635 19
2636 22
2637 17
2638 33
2639 26
2640 16
2641 21
2642 31
2643 26
2644 27
2645 22
2646 21
2647 22
2648 32
2649 38
2650 19
2651 33
2652 32
2653 17
2654 28
2655 17
2656 27
2657 22
2658 23
2659 28
2660 18
2661 25
2662 19
2663 19
2664 21
2665 19
2666 25
2667 22
2668 17
2669 25
2670 20
2671 25
2672 21
2673 21
2674 29
2675 18
2676 20
2677 24
2678 30
2679 21
2680 24
2681 29
2682 26
2683 23
2684 18
2685 16
2686 18
2687 21
2688 16
2689 26
2690 18
2691 21
2692 17
2693 24
2694 21
2695 20
2696 25
2697 21
2698 25
2699 24
2700 18
2701 22
2702 21
2703 24
2704 28
2705 23
2706 22
2707 18
2708 29
2709 19
2710 18
2711 20
2712 25
2713 26
2714 24
2715 18
2716 30
2717 21
2718 17
2719 23
2720 14
2721 28
2722 20
2723 19
2724 26
2725 27
2726 11
2727 24
2728 29
2729 21
2730 28
2731 19
2732 20
2733 23
2734 19
2735 14
2736 22
2737 15
2738 24
2739 12
2740 26
2741 23
2742 21
2743 27
2744 19
2745 30
2746 25
2747 17
2748 21
2749 21
2750 30
2751 18
2752 25
2753 21
2754 19
2755 20
2756 21
2757 19
2758 9
2759 21
2760 27
2761 19
2762 25
2763 26
2764 21
2765 31
2766 14
2767 16
2768 24
2769 21
2770 15
2771 19
2772 17
2773 24
2774 12
2775 18
2776 16
2777 19
2778 15
2779 25
2780 21
2781 11
2782 25
2783 23
2784 9
2785 16
2786 20
2787 36
2788 14
2789 14
2790 20
2791 17
2792 17
2793 26
2794 14
2795 18
2796 23
2797 20
2798 21
2799 24
2800 20
2801 16
2802 18
2803 19
2804 10
2805 12
2806 19
2807 25
2808 15
2809 19
2810 22
2811 15
2812 12
2813 15
2814 15
2815 14
2816 20
2817 13
2818 32
2819 17
2820 19
2821 13
2822 16
2823 15
2824 17
2825 18
2826 19
2827 13
2828 20
2829 19
2830 17
2831 16
2832 16
2833 20
2834 20
2835 26
2836 17
2837 20
2838 15
2839 15
2840 21
2841 25
2842 19
2843 15
2844 13
2845 11
2846 9
2847 11
2848 19
2849 16
2850 23
2851 20
2852 14
2853 17
2854 23
2855 12
2856 14
2857 20
2858 12
2859 21
2860 17
2861 13
2862 12
2863 18
2864 14
2865 20
2866 16
2867 19
2868 19
2869 19
2870 27
2871 14
2872 22
2873 15
2874 20
2875 14
2876 14
2877 18
2878 18
2879 13
2880 22
2881 15
2882 20
2883 14
2884 17
2885 11
2886 12
2887 18
2888 10
2889 17
2890 17
2891 15
2892 11
2893 19
2894 21
2895 23
2896 15
2897 14
2898 16
2899 18
2900 12
2901 8
2902 15
2903 16
2904 20
2905 18
2906 11
2907 30
2908 18
2909 17
2910 14
2911 19
2912 16
2913 16
2914 21
2915 13
2916 14
2917 13
2918 9
2919 10
2920 15
2921 17
2922 17
2923 6
2924 14
2925 12
2926 18
2927 19
2928 17
2929 8
2930 15
2931 11
2932 16
2933 21
2934 11
2935 18
2936 11
2937 14
2938 18
2939 8
2940 16
2941 16
2942 16
2943 17
2944 12
2945 16
2946 17
2947 20
2948 17
2949 16
2950 14
2951 18
2952 20
2953 13
2954 14
2955 14
2956 10
2957 10
2958 11
2959 15
2960 12
2961 15
2962 5
2963 17
2964 15
2965 12
2966 13
2967 13
2968 14
2969 9
2970 15
2971 6
2972 17
2973 10
2974 15
2975 10
2976 15
2977 9
2978 11
2979 16
2980 12
2981 19
2982 12
2983 20
2984 15
2985 11
2986 14
2987 12
2988 13
2989 13
2990 21
2991 14
2992 12
2993 11
2994 11
2995 10
2996 7
2997 18
2998 13
2999 20
3000 12
3001 17
3002 18
3003 20
3004 15
3005 18
3006 17
3007 14
3008 7
3009 18
3010 9
3011 13
3012 11
3013 12
3014 10
3015 14
3016 11
3017 12
3018 14
3019 5
3020 14
3021 7
3022 15
3023 11
3024 11
3025 13
3026 9
3027 13
3028 8
3029 12
3030 11
3031 14
3032 14
3033 8
3034 11
3035 15
3036 7
3037 16
3038 9
3039 20
3040 16
3041 8
3042 11
3043 17
3044 11
3045 20
3046 13
3047 11
3048 17
3049 14
3050 14
3051 20
3052 13
3053 9
3054 11
3055 13
3056 15
3057 12
3058 6
3059 13
3060 9
3061 15
3062 17
3063 12
3064 11
3065 13
3066 21
3067 11
3068 15
3069 13
3070 13
3071 17
3072 8
3073 8
3074 14
3075 9
3076 11
3077 15
3078 14
3079 19
3080 6
3081 15
3082 15
3083 15
3084 13
3085 14
3086 16
3087 13
3088 7
3089 17
3090 11
3091 10
3092 9
3093 13
3094 8
3095 14
3096 17
3097 11
3098 11
3099 7
3100 12
3101 12
3102 9
3103 6
3104 17
3105 14
3106 12
3107 10
3108 12
3109 15
3110 15
3111 11
3112 9
3113 8
3114 12
3115 17
3116 13
3117 10
3118 13
3119 6
3120 10
3121 9
3122 9
3123 13
3124 19
3125 13
3126 14
3127 11
3128 11
3129 9
3130 13
3131 9
3132 7
3133 9
3134 7
3135 10
3136 8
3137 18
3138 11
3139 13
3140 7
3141 3
3142 9
3143 15
3144 13
3145 9
3146 13
3147 16
3148 14
3149 14
3150 19
3151 15
3152 11
3153 13
3154 14
3155 13
3156 17
3157 9
3158 6
3159 14
3160 10
3161 12
3162 12
3163 6
3164 13
3165 11
3166 14
3167 10
3168 15
3169 8
3170 3
3171 13
3172 15
3173 11
3174 12
3175 15
3176 23
3177 10
3178 12
3179 15
3180 7
3181 10
3182 13
3183 6
3184 7
3185 6
3186 9
3187 7
3188 11
3189 6
3190 11
3191 21
3192 10
3193 10
3194 14
3195 13
3196 12
3197 11
3198 9
3199 9
3200 7
3201 11
3202 7
3203 12
3204 5
3205 10
3206 10
3207 9
3208 8
3209 9
3210 12
3211 7
3212 14
3213 18
3214 9
3215 14
3216 14
3217 8
3218 9
3219 7
3220 10
3221 10
3222 10
3223 12
3224 7
3225 14
3226 13
3227 9
3228 11
3229 12
3230 14
3231 6
3232 14
3233 8
3234 10
3235 10
3236 6
3237 13
3238 4
3239 13
3240 8
3241 6
3242 14
3243 4
3244 11
3245 5
3246 9
3247 10
3248 7
3249 9
3250 12
3251 8
3252 9
3253 8
3254 12
3255 5
3256 4
3257 8
3258 10
3259 8
3260 8
3261 8
3262 5
3263 7
3264 6
3265 3
3266 4
3267 15
3268 4
3269 6
3270 10
3271 8
3272 11
3273 11
3274 5
3275 9
3276 12
3277 6
3278 14
3279 4
3280 9
3281 13
3282 7
3283 5
3284 8
3285 5
3286 9
3287 9
3288 9
3289 5
3290 13
3291 6
3292 4
3293 5
3294 10
3295 13
3296 7
3297 10
3298 8
3299 14
3300 10
3301 6
3302 11
3303 10
3304 11
3305 10
3306 8
3307 8
3308 10
3309 6
3310 6
3311 13
3312 13
3313 12
3314 11
3315 11
3316 12
3317 8
3318 6
3319 7
3320 5
3321 7
3322 7
3323 6
3324 15
3325 10
3326 8
3327 10
3328 10
3329 8
3330 5
3331 7
3332 10
3333 11
3334 9
3335 14
3336 9
3337 10
3338 9
3339 13
3340 8
3341 4
3342 9
3343 11
3344 10
3345 6
3346 9
3347 10
3348 14
3349 12
3350 6
3351 7
3352 12
3353 12
3354 2
3355 8
3356 4
3357 15
3358 8
3359 9
3360 6
3361 7
3362 11
3363 4
3364 16
3365 6
3366 11
3367 7
3368 9
3369 12
3370 9
3371 8
3372 2
3373 8
3374 11
3375 2
3376 6
3377 7
3378 11
3379 5
3380 13
3381 11
3382 8
3383 8
3384 9
3385 9
3386 8
3387 12
3388 9
3389 10
3390 6
3391 8
3392 4
3393 7
3394 11
3395 8
3396 3
3397 4
3398 8
3399 14
3400 7
3401 9
3402 6
3403 8
3404 13
3405 8
3406 10
3407 6
3408 8
3409 16
3410 8
3411 4
3412 9
3413 7
3414 7
3415 13
3416 5
3417 11
3418 11
3419 8
3420 7
3421 10
3422 10
3423 10
3424 10
3425 3
3426 7
3427 7
3428 16
3429 10
3430 7
3431 8
3432 4
3433 7
3434 2
3435 13
3436 10
3437 7
3438 4
3439 5
3440 15
3441 6
3442 4
3443 6
3444 6
3445 7
3446 9
3447 6
3448 3
3449 4
3450 5
3451 5
3452 6
3453 9
3454 12
3455 8
3456 8
3457 7
3458 5
3459 7
3460 7
3461 9
3462 6
3463 10
3464 4
3465 9
3466 12
3467 1
3468 11
3469 5
3470 7
3471 9
3472 8
3473 7
3474 8
3475 7
3476 5
3477 6
3478 8
3479 6
3480 13
3481 7
3482 11
3483 6
3484 9
3485 6
3486 6
3487 4
3488 6
3489 5
3490 6
3491 6
3492 7
3493 9
3494 9
3495 6
3496 7
3497 7
3498 6
3499 9
3500 7
3501 8
3502 11
3503 3
3504 7
3505 8
3506 8
3507 7
3508 3
3509 3
3510 3
3511 14
3512 6
3513 5
3514 8
3515 5
3516 3
3517 9
3518 8
3519 7
3520 6
3521 6
3522 4
3523 8
3524 9
3525 5
3526 5
3527 11
3528 10
3529 10
3530 6
3531 9
3532 8
3533 11
3534 4
3535 4
3536 9
3537 6
3538 8
3539 5
3540 11
3541 8
3542 7
3543 4
3544 6
3545 4
3546 7
3547 6
3548 6
3549 10
3550 4
3551 9
3552 4
3553 6
3554 9
3555 11
3556 4
3557 12
3558 6
3559 6
3560 3
3561 5
3562 8
3563 3
3564 7
3565 7
3566 9
3567 6
3568 5
3569 8
3570 6
3571 6
3572 7
3573 7
3574 8
3575 6
3576 6
3577 7
3578 2
3579 4
3580 2
3581 4
3582 13
3583 10
3584 1
3585 9
3586 5
3587 7
3588 6
3589 7
3590 4
3591 4
3592 9
3593 5
3594 4
3595 6
3596 7
3597 9
3598 8
3599 11
3600 7
3601 8
3602 8
3603 4
3604 6
3605 3
3606 8
3607 8
3608 4
3609 7
3610 9
3611 7
3612 6
3613 3
3614 5
3615 5
3616 2
3617 6
3618 8
3619 10
3620 9
3621 11
3622 10
3623 3
3624 9
3625 10
3626 6
3627 7
3628 7
3629 3
3630 11
3631 6
3632 3
3633 6
3634 5
3635 7
3636 6
3638 3
3639 7
3640 6
3641 7
3642 4
3643 8
3644 8
3645 11
3646 8
3647 9
3648 5
3649 3
3650 4
3651 6
3652 2
3653 9
3654 8
3655 6
3656 10
3657 4
3658 7
3659 5
3660 4
3661 9
3662 12
3663 8
3664 4
3665 7
3666 7
3667 5
3668 7
3669 6
3670 5
3671 2
3672 6
3673 6
3674 6
3675 5
3676 6
3677 6
3678 5
3679 2
3680 11
3681 9
3682 4
3683 3
3684 4
3685 4
3686 9
3687 7
3688 4
3689 7
3690 5
3691 4
3692 8
3693 12
3694 3
3695 1
3696 6
3697 3
3698 2
3699 4
3700 2
3701 8
3702 4
3703 7
3704 7
3705 11
3706 8
3707 13
3708 7
3709 7
3710 7
3711 6
3712 7
3713 7
3714 7
3715 8
3716 5
3717 8
3718 5
3719 6
3720 8
3721 3
3722 5
3723 7
3724 5
3725 3
3726 5
3727 7
3728 4
3729 4
3730 6
3731 10
3732 4
3733 12
3734 9
3735 7
3736 10
3737 8
3738 7
3739 11
3740 5
3741 6
3742 5
3743 9
3744 5
3745 4
3746 5
3747 2
3748 7
3749 5
3750 7
3751 8
3752 4
3753 6
3754 11
3755 8
3756 6
3757 12
3758 4
3759 7
3760 11
3761 7
3762 2
3763 9
3764 6
3765 2
3766 4
3767 4
3768 5
3769 7
3770 9
3771 7
3772 6
3773 4
3774 8
3775 4
3776 5
3777 6
3778 6
3779 3
3780 6
3781 3
3782 10
3783 6
3784 4
3785 7
3786 11
3787 7
3788 7
3789 6
3790 2
3791 6
3792 3
3793 2
3794 7
3795 9
3796 10
3797 6
3798 8
3799 4
3800 4
3801 7
3802 2
3803 3
3804 6
3805 5
3806 7
3807 6
3808 3
3809 5
3810 7
3811 8
3812 4
3813 4
3814 3
3815 2
3816 3
3817 5
3818 6
3819 5
3820 4
3821 6
3822 4
3823 2
3824 3
3825 2
3826 5
3827 7
3828 1
3829 3
3830 6
3831 5
3832 3
3833 5
3834 7
3835 3
3836 6
3837 6
3838 3
3839 1
3840 5
3841 4
3842 8
3843 5
3844 5
3845 4
3846 7
3847 7
3848 3
3849 8
3850 2
3851 4
3852 2
3853 3
3854 7
3855 4
3856 3
3857 6
3858 8
3859 5
3860 11
3861 4
3862 8
3863 5
3864 8
3865 2
3866 4
3867 3
3868 3
3869 6
3870 3
3871 1
3872 6
3873 2
3874 4
3875 7
3876 4
3877 5
3878 3
3879 4
3880 9
3881 7
3882 2
3883 7
3884 5
3885 2
3886 3
3887 5
3888 4
3889 2
3890 1
3891 3
3892 7
3893 5
3894 8
3895 5
3896 3
3897 4
3898 6
3899 6
3900 7
3901 5
3902 6
3903 2
3904 7
3905 8
3906 4
3907 2
3908 4
3909 4
3910 6
3911 10
3912 4
3913 5
3914 7
3915 5
3917 4
3918 3
3919 10
3920 4
3921 8
3922 2
3923 4
3924 5
3925 4
3926 2
3927 7
3928 4
3929 2
3930 6
3931 3
3932 3
3933 3
3934 3
3935 3
3936 2
3937 3
3938 2
3939 3
3940 7
3941 3
3942 5
3943 6
3944 3
3945 7
3946 2
3947 3
3948 6
3949 4
3950 2
3951 2
3952 2
3953 6
3954 5
3955 1
3956 6
3957 5
3958 4
3959 10
3960 3
3961 3
3962 6
3963 3
3964 5
3965 4
3966 6
3967 4
3968 5
3969 5
3970 10
3971 6
3972 6
3973 10
3974 3
3975 4
3976 11
3977 5
3978 4
3979 4
3980 6
3981 7
3982 5
3983 7
3984 3
3985 4
3986 7
3987 10
3988 4
3989 2
3990 7
3991 6
3992 3
3993 1
3994 4
3995 3
3996 3
3997 3
3998 6
3999 3
4000 4
4001 6
4002 6
4003 4
4004 6
4005 3
4006 5
4007 2
4008 4
4009 3
4010 3
4011 4
4012 4
4013 3
4014 5
4015 2
4016 5
4017 3
4018 6
4019 7
4020 9
4021 2
4022 1
4023 8
4024 5
4025 5
4026 3
4029 7
4030 1
4031 2
4032 6
4033 4
4034 3
4035 3
4036 6
4037 4
4038 6
4039 9
4040 5
4042 7
4043 1
4044 2
4045 4
4046 1
4047 3
4048 7
4049 2
4050 1
4051 6
4052 4
4053 2
4054 3
4056 7
4057 3
4058 6
4059 3
4060 2
4061 3
4062 5
4063 3
4064 3
4065 3
4066 5
4067 2
4068 7
4069 9
4070 3
4071 4
4072 2
4073 1
4074 5
4075 7
4076 8
4077 3
4078 4
4079 4
4080 10
4081 2
4082 2
4083 2
4084 4
4085 4
4086 2
4087 6
4088 2
4089 6
4090 3
4091 4
4092 3
4093 4
4094 3
4095 3
4096 6
4097 7
4098 3
4099 4
4100 6
4101 4
4102 4
4103 2
4104 2
4105 2
4106 1
4107 3
4108 5
4109 5
4110 4
4111 8
4112 2
4113 7
4114 5
4115 1
4116 3
4117 5
4119 4
4120 3
4121 3
4122 4
4123 5
4124 4
4125 4
4126 7
4127 2
4128 4
4129 9
4130 5
4131 5
4132 4
4133 8
4134 6
4135 2
4136 1
4137 4
4138 4
4139 3
4140 6
4141 5
4142 2
4143 6
4144 4
4145 6
4146 3
4147 5
4148 1
4149 3
4150 8
4151 2
4152 5
4153 2
4154 4
4155 1
4156 4
4157 3
4158 4
4159 6
4160 4
4161 2
4162 8
4163 4
4164 3
4165 4
4166 7
4167 2
4168 4
4169 6
4170 5
4171 5
4172 4
4173 1
4174 2
4175 3
4177 6
4178 1
4179 3
4180 5
4181 8
4182 6
4183 3
4184 4
4185 2
4186 4
4187 6
4188 2
4189 3
4190 10
4191 4
4192 4
4193 5
4194 4
4195 6
4196 7
4197 3
4198 9
4199 7
4200 1
4201 4
4202 2
4203 5
4204 7
4205 4
4206 3
4207 3
4208 5
4209 3
4210 6
4212 5
4213 6
4214 6
4215 4
4216 5
4217 4
4219 3
4220 4
4221 4
4222 1
4223 3
4224 2
4225 4
4226 3
4227 5
4228 2
4229 3
4230 3
4231 2
4232 4
4233 2
4234 3
4235 2
4236 4
4237 3
4238 5
4239 10
4240 2
4241 5
4242 3
4244 4
4245 4
4246 7
4247 5
4248 5
4249 4
4250 3
4251 3
4252 6
4253 4
4254 3
4255 3
4256 4
4257 4
4258 2
4260 2
4261 2
4262 6
4263 3
4264 2
4265 8
4266 3
4267 2
4268 4
4269 4
4270 2
4271 5
4272 2
4273 4
4274 5
4276 1
4277 5
4278 3
4279 2
4280 6
4281 5
4282 3
4283 4
4284 5
4285 4
4286 2
4287 5
4288 6
4289 4
4290 7
4291 1
4292 6
4293 2
4294 4
4295 4
4296 1
4297 13
4298 3
4299 3
4300 3
4301 3
4302 2
4303 3
4304 9
4305 1
4306 2
4307 3
4308 2
4309 3
4310 3
4311 3
4312 2
4313 5
4314 8
4315 4
4316 4
4318 4
4319 4
4320 4
4321 6
4322 2
4323 4
4324 5
4325 2
4326 4
4327 4
4328 6
4329 4
4330 4
4331 2
4332 3
4333 4
4334 3
4335 2
4336 2
4337 3
4338 3
4339 8
4340 4
4341 3
4342 3
4343 6
4344 1
4345 3
4346 3
4347 11
4348 1
4349 3
4350 2
4351 8
4352 1
4353 4
4354 2
4355 1
4356 4
4357 5
4358 4
4359 7
4360 3
4361 6
4362 4
4363 7
4365 4
4366 3
4367 3
4368 5
4369 4
4370 5
4371 1
4372 3
4373 4
4374 1
4375 4
4376 1
4377 3
4378 2
4379 6
4380 2
4381 5
4382 3
4383 5
4384 3
4385 5
4386 2
4387 3
4388 6
4389 3
4390 2
4391 2
4392 1
4393 1
4394 4
4395 5
4396 3
4397 7
4398 1
4399 5
4400 1
4401 3
4402 4
4403 2
4404 4
4405 1
4406 4
4407 4
4408 4
4409 4
4410 5
4411 1
4412 1
4413 5
4414 5
4415 3
4416 5
4417 3
4418 1
4419 2
4420 1
4422 2
4423 3
4424 1
4425 2
4426 1
4427 1
4428 3
4429 6
4430 2
4431 6
4432 5
4433 3
4434 2
4435 3
4436 4
4437 3
4438 6
4439 2
4440 2
4441 5
4442 2
4443 2
4444 4
4445 2
4446 4
4447 2
4448 2
4449 2
4450 1
4451 4
4452 6
4453 4
4454 1
4455 4
4456 4
4457 4
4458 4
4459 3
4460 4
4461 4
4462 2
4463 6
4464 3
4465 3
4466 2
4468 3
4469 1
4470 5
4471 1
4472 3
4473 5
4474 3
4475 4
4476 4
4477 1
4478 3
4479 3
4480 3
4481 4
4482 4
4483 4
4484 1
4485 5
4486 4
4487 2
4488 2
4489 5
4490 4
4491 3
4492 2
4493 3
4494 4
4495 1
4496 2
4497 6
4498 1
4499 3
4500 3
4501 2
4502 2
4503 2
4504 1
4505 2
4506 3
4507 5
4508 4
4509 3
4510 3
4511 4
4512 7
4513 6
4514 1
4515 2
4516 4
4517 6
4518 1
4519 4
4521 6
4522 3
4524 2
4525 1
4526 3
4527 5
4528 1
4529 4
4530 2
4531 2
4532 3
4533 5
4534 4
4535 3
4536 3
4537 3
4538 3
4540 2
4541 6
4542 1
4543 3
4544 3
4545 2
4546 5
4547 4
4548 1
4549 4
4550 1
4551 1
4552 1
4553 3
4554 3
4555 3
4556 1
4557 2
4558 4
4559 2
4560 5
4561 3
4562 1
4563 1
4564 2
4565 1
4566 4
4567 2
4568 4
4569 2
4570 4
4571 1
4572 5
4575 3
4576 3
4577 5
4578 1
4579 1
4580 4
4581 6
4582 4
4583 4
4584 2
4585 4
4587 1
4588 4
4589 5
4590 3
4591 6
4592 1
4593 2
4594 2
4595 4
4596 4
4597 3
4598 3
4599 5
4600 4
4601 6
4602 2
4603 1
4605 5
4607 1
4608 2
4609 1
4610 2
4611 1
4612 2
4613 4
4614 6
4615 4
4616 1
4617 5
4618 1
4619 3
4620 1
4621 2
4623 3
4624 1
4625 2
4626 3
4627 4
4628 2
4629 2
4630 1
4631 2
4632 3
4633 2
4634 1
4635 2
4636 3
4637 4
4638 2
4639 4
4640 3
4641 1
4643 2
4644 3
4645 3
4646 3
4647 2
4648 3
4649 3
4650 3
4651 4
4652 4
4653 4
4654 2
4655 3
4656 3
4657 3
4658 2
4659 3
4661 2
4662 3
4663 3
4664 3
4665 1
4666 2
4667 3
4669 1
4670 2
4671 1
4672 2
4673 3
4674 3
4675 7
4676 2
4677 5
4678 4
4679 4
4680 3
4682 5
4683 2
4684 1
4685 4
4686 5
4687 3
4688 2
4689 4
4690 4
4691 2
4692 2
4693 4
4694 2
4695 2
4696 2
4697 3
4698 5
4699 1
4700 2
4701 1
4702 2
4703 2
4704 1
4705 4
4706 1
4708 1
4709 4
4710 3
4711 3
4712 1
4713 2
4714 2
4715 2
4716 4
4717 3
4718 2
4720 3
4721 4
4722 4
4723 3
4724 1
4725 4
4726 7
4727 2
4728 10
4729 3
4730 1
4731 4
4732 1
4733 1
4734 2
4735 3
4736 1
4737 2
4738 2
4739 5
4740 4
4741 4
4742 1
4743 2
4744 2
4745 4
4746 1
4747 2
4748 7
4749 1
4750 1
4751 1
4752 2
4753 4
4754 2
4755 1
4756 3
4757 5
4758 3
4759 2
4760 6
4761 4
4762 4
4764 5
4765 3
4766 6
4767 2
4768 3
4769 5
4770 2
4771 1
4772 1
4773 3
4774 1
4775 5
4776 4
4777 3
4778 1
4779 1
4780 5
4781 4
4783 2
4784 2
4785 3
4786 1
4787 6
4788 2
4789 3
4790 4
4791 2
4792 3
4793 4
4794 3
4795 5
4796 3
4797 1
4798 2
4799 1
4800 2
4801 3
4802 2
4803 2
4804 1
4805 2
4806 2
4807 1
4808 3
4809 3
4810 1
4811 3
4812 2
4813 2
4814 3
4815 5
4816 3
4817 4
4818 3
4819 2
4820 3
4821 3
4822 4
4823 2
4824 1
4825 1
4826 1
4827 4
4828 4
4829 2
4830 3
4831 2
4832 3
4833 3
4834 2
4835 1
4836 2
4837 1
4838 4
4839 2
4841 1
4842 1
4843 5
4844 4
4845 1
4846 4
4847 4
4848 2
4849 5
4851 9
4852 1
4853 3
4854 1
4855 1
4856 3
4857 2
4858 1
4859 2
4860 4
4861 2
4862 3
4863 4
4864 1
4865 1
4866 2
4867 1
4868 1
4869 1
4870 3
4871 2
4872 4
4873 2
4874 1
4875 1
4876 1
4877 1
4878 3
4879 2
4880 3
4881 3
4882 3
4883 2
4884 2
4885 1
4886 4
4887 3
4888 1
4889 2
4890 1
4891 4
4892 3
4893 2
4894 3
4895 1
4896 2
4897 2
4898 1
4899 2
4900 1
4901 5
4902 3
4903 1
4905 1
4907 2
4908 1
4910 3
4911 1
4912 3
4914 2
4916 3
4917 2
4918 4
4919 1
4920 2
4921 3
4922 1
4923 1
4924 5
4925 1
4926 2
4928 4
4929 4
4930 2
4931 5
4932 1
4933 3
4934 3
4935 2
4936 2
4938 1
4939 4
4941 1
4943 3
4944 1
4945 2
4946 2
4947 5
4948 1
4949 2
4950 1
4951 1
4952 4
4953 1
4954 1
4955 3
4956 1
4957 4
4958 2
4959 5
4960 2
4962 2
4963 4
4964 1
4965 3
4966 2
4967 4
4968 4
4970 1
4972 7
4973 3
4974 3
4975 2
4976 5
4977 2
4978 1
4979 2
4980 1
4982 3
4983 3
4984 3
4985 3
4986 1
4987 2
4988 5
4989 2
4990 4
4991 3
4993 4
4994 1
4995 2
4996 1
4997 3
4998 3
5000 4
5001 4
5002 2
5003 6
5004 2
5005 1
5006 2
5007 3
5009 1
5010 4
5011 2
5012 4
5013 2
5014 1
5015 2
5016 3
5017 2
5018 5
5019 2
5020 4
5021 1
5022 2
5023 6
5025 2
5026 1
5027 3
5028 3
5029 2
5030 4
5031 2
5032 3
5033 6
5034 1
5035 1
5036 4
5037 2
5038 3
5039 3
5040 3
5041 4
5042 2
5043 2
5045 3
5046 4
5047 2
5048 3
5049 2
5050 4
5051 3
5052 3
5054 4
5055 3
5056 1
5057 2
5058 4
5059 1
5061 3
5062 2
5065 2
5066 2
5067 3
5068 2
5069 1
5070 3
5071 3
5072 1
5073 8
5074 2
5075 5
5076 2
5077 2
5078 3
5080 1
5081 3
5082 2
5083 2
5086 2
5087 1
5088 3
5090 1
5091 2
5092 8
5093 1
5094 3
5095 2
5096 2
5097 3
5098 4
5099 6
5100 2
5101 2
5102 5
5103 2
5104 2
5105 2
5106 2
5107 1
5108 1
5109 2
5110 3
5111 7
5112 3
5113 1
5114 1
5115 2
5116 1
5118 4
5119 4
5120 2
5121 4
5122 1
5126 1
5127 2
5128 2
5129 2
5130 2
5132 1
5133 1
5134 4
5135 3
5136 1
5137 3
5138 1
5139 2
5140 3
5142 2
5143 2
5144 2
5146 5
5147 4
5148 2
5150 2
5151 4
5152 3
5153 5
5154 5
5156 5
5157 3
5158 1
5159 3
5160 2
5161 4
5162 1
5163 1
5165 2
5166 3
5167 2
5168 1
5169 3
5171 4
5173 2
5174 1
5175 3
5177 2
5178 2
5179 2
5180 2
5181 2
5182 2
5183 1
5184 2
5185 1
5186 1
5187 1
5190 2
5191 3
5192 4
5194 1
5195 2
5196 2
5197 4
5198 2
5199 2
5200 3
5201 2
5202 2
5203 1
5204 2
5205 3
5206 4
5207 2
5208 3
5209 2
5211 1
5213 2
5214 3
5215 6
5218 2
5219 4
5220 4
5222 4
5223 2
5224 4
5227 3
5229 1
5231 3
5232 2
5233 4
5234 1
5235 1
5237 3
5238 1
5239 2
5241 1
5243 1
5244 1
5245 3
5247 3
5249 4
5250 1
5251 1
5252 1
5253 2
5254 1
5255 4
5256 1
5257 4
5259 1
5260 6
5261 2
5262 1
5263 2
5264 4
5265 2
5266 3
5268 1
5272 4
5273 1
5274 3
5275 2
5277 3
5278 2
5279 3
5280 4
5282 2
5283 2
5284 2
5285 3
5286 1
5287 3
5288 1
5289 1
5290 2
5291 1
5292 2
5294 2
5295 3
5296 3
5298 2
5299 1
5301 1
5302 2
5303 1
5304 2
5307 3
5310 1
5311 4
5312 2
5313 2
5315 4
5316 1
5317 2
5319 2
5322 1
5323 2
5324 3
5325 5
5326 1
5330 2
5331 2
5332 3
5333 3
5334 3
5335 3
5337 1
5338 1
5339 3
5340 2
5341 1
5342 1
5343 1
5344 1
5345 1
5346 1
5347 2
5349 1
5350 1
5351 1
5352 3
5353 1
5354 1
5355 1
5356 4
5357 3
5358 3
5359 2
5360 1
5361 1
5362 1
5363 2
5365 4
5366 1
5367 3
5368 1
5369 3
5370 2
5371 2
5372 3
5373 1
5375 1
5376 2
5377 5
5379 1
5380 1
5381 2
5382 1
5383 1
5384 5
5385 1
5386 1
5387 4
5388 3
5389 3
5390 1
5391 1
5392 1
5393 1
5394 1
5395 3
5396 2
5397 3
5398 2
5401 2
5402 2
5403 1
5404 5
5405 1
5406 1
5407 2
5408 2
5409 2
5410 4
5411 4
5412 5
5413 1
5414 2
5415 2
5416 1
5417 4
5418 3
5419 4
5420 3
5421 3
5422 4
5423 1
5424 6
5426 1
5427 2
5428 1
5429 2
5430 2
5431 1
5432 1
5433 1
5434 5
5435 2
5437 1
5438 2
5439 3
5440 1
5441 2
5442 4
5443 1
5444 1
5445 1
5446 1
5447 1
5448 1
5449 2
5450 2
5451 1
5452 2
5454 2
5455 2
5456 1
5458 4
5459 1
5460 3
5461 2
5462 1
5463 3
5464 1
5465 1
5466 4
5467 5
5468 4
5470 1
5471 2
5472 1
5474 1
5475 1
5477 2
5478 4
5479 2
5480 1
5481 3
5483 1
5484 4
5485 3
5486 2
5487 2
5488 4
5489 1
5490 2
5492 1
5493 2
5494 2
5496 1
5497 2
5498 3
5499 1
5500 2
5501 2
5502 1
5503 2
5504 3
5505 3
5506 1
5507 2
5509 3
5510 1
5511 1
5512 1
5514 2
5516 3
5517 2
5518 1
5519 2
5520 1
5521 2
5523 2
5524 3
5526 4
5527 3
5528 5
5529 2
5530 2
5532 2
5535 2
5536 3
5537 1
5539 5
5541 2
5542 2
5543 1
5544 1
5545 1
5546 4
5548 1
5549 3
5550 5
5552 3
5553 2
5554 1
5555 4
5556 4
5557 1
5558 2
5559 3
5560 2
5561 3
5562 2
5563 3
5565 3
5566 3
5568 2
5569 1
5570 3
5571 1
5572 2
5574 2
5575 2
5576 2
5577 3
5579 3
5580 1
5581 1
5582 2
5584 1
5585 2
5587 1
5588 1
5589 1
5591 3
5592 2
5594 2
5596 1
5597 1
5599 2
5600 2
5601 1
5604 2
5605 1
5606 1
5607 3
5608 2
5609 1
5610 2
5613 2
5614 1
5615 1
5616 1
5617 3
5619 1
5620 1
5622 2
5623 1
5625 2
5626 3
5627 1
5628 1
5629 1
5630 5
5631 1
5632 4
5633 2
5634 1
5635 3
5637 1
5638 3
5639 1
5641 2
5643 2
5645 1
5646 3
5647 1
5648 2
5649 1
5650 2
5653 1
5654 1
5655 1
5658 1
5659 3
5660 1
5661 1
5662 2
5664 3
5665 3
5668 3
5669 2
5671 4
5672 6
5673 2
5674 2
5676 2
5677 1
5678 1
5680 3
5681 3
5682 1
5684 1
5685 2
5686 1
5688 1
5689 1
5691 1
5692 3
5693 1
5694 3
5696 1
5697 3
5698 1
5700 1
5701 3
5702 2
5703 4
5704 3
5705 2
5706 2
5707 1
5708 2
5709 2
5711 1
5712 4
5713 2
5715 1
5716 4
5717 1
5718 3
5720 1
5721 1
5722 1
5723 2
5725 3
5727 2
5728 2
5729 2
5730 1
5731 3
5732 1
5733 4
5734 2
5735 1
5736 1
5737 1
5738 1
5739 4
5740 4
5742 3
5744 3
5746 1
5747 3
5748 3
5750 1
5751 3
5752 1
5753 3
5754 2
5755 1
5756 1
5757 1
5758 5
5759 4
5760 3
5761 1
5762 1
5763 3
5764 1
5765 2
5766 1
5768 1
5769 3
5770 3
5771 2
5773 1
5774 3
5775 3
5776 2
5777 2
5778 2
5779 4
5782 2
5783 1
5784 1
5785 2
5786 1
5788 2
5789 1
5791 1
5794 2
5795 2
5796 1
5797 1
5798 1
5801 2
5802 1
5803 1
5804 1
5805 2
5806 2
5807 1
5808 3
5809 2
5810 1
5811 1
5812 1
5813 2
5814 3
5815 1
5816 1
5817 1
5818 1
5819 3
5820 1
5821 1
5822 1
5824 3
5825 2
5826 2
5827 1
5828 2
5831 1
5833 2
5835 2
5837 4
5838 2
5839 2
5840 1
5841 3
5842 2
5843 1
5845 3
5846 1
5847 4
5848 1
5849 2
5850 1
5852 4
5854 3
5856 2
5857 2
5859 1
5860 2
5862 5
5863 2
5865 4
5866 5
5867 2
5868 2
5869 4
5871 1
5872 1
5873 2
5877 1
5878 1
5880 3
5881 2
5882 5
5883 1
5884 3
5885 1
5886 2
5887 3
5888 2
5889 3
5890 2
5891 4
5897 4
5898 3
5899 2
5900 3
5901 2
5903 2
5904 1
5905 2
5907 2
5909 1
5910 3
5911 2
5912 2
5913 1
5914 2
5915 3
5916 1
5918 3
5919 2
5920 1
5921 3
5923 1
5924 6
5925 2
5927 1
5928 3
5929 3
5930 2
5931 2
5932 3
5933 3
5934 2
5935 1
5936 3
5937 2
5938 2
5939 1
5940 1
5941 2
5942 1
5945 1
5946 1
5948 3
5949 1
5951 1
5952 1
5954 2
5956 1
5957 1
5958 1
5960 2
5962 2
5965 3
5966 2
5967 4
5969 1
5970 1
5971 1
5972 2
5973 1
5975 1
5979 1
5981 1
5984 1
5986 2
5987 1
5988 3
5990 2
5991 2
5993 3
5994 1
5995 4
5996 3
5999 1
6000 1
6001 1
6002 1
6003 2
6004 1
6005 2
6006 1
6007 1
6008 2
6009 3
6010 5
6014 2
6016 2
6017 4
6018 1
6019 3
6020 1
6021 4
6022 2
6024 2
6025 1
6026 1
6027 1
6028 1
6029 1
6030 3
6031 2
6033 1
6034 1
6035 1
6039 1
6040 2
6041 2
6042 6
6044 1
6045 1
6046 4
6047 3
6048 1
6049 2
6050 3
6052 1
6053 1
6054 1
6055 1
6056 1
6058 2
6059 1
6060 1
6061 2
6062 1
6063 4
6064 1
6065 1
6066 2
6067 2
6068 2
6069 1
6070 1
6071 3
6072 1
6073 1
6074 1
6075 2
6076 4
6077 2
6081 2
6082 1
6083 1
6084 1
6085 4
6086 1
6091 1
6092 1
6093 2
6095 4
6096 2
6098 2
6100 1
6103 2
6104 1
6105 1
6108 2
6110 1
6111 1
6112 1
6113 1
6114 2
6116 4
6117 2
6118 1
6119 2
6120 2
6122 2
6123 1
6124 1
6126 2
6127 1
6129 1
6130 1
6131 2
6132 3
6133 3
6134 1
6137 2
6139 2
6141 1
6142 2
6143 1
6144 1
6149 1
6150 1
6151 2
6153 2
6154 1
6155 3
6157 1
6159 1
6160 2
6161 1
6162 1
6164 1
6165 2
6167 3
6168 1
6169 2
6170 1
6171 4
6172 2
6174 3
6175 2
6176 3
6178 5
6179 2
6180 2
6183 1
6184 2
6186 1
6187 1
6188 2
6191 1
6192 1
6193 1
6195 2
6196 3
6197 1
6199 1
6200 2
6203 1
6204 5
6205 1
6208 1
6209 4
6210 2
6213 1
6216 2
6217 1
6218 2
6219 1
6220 4
6221 2
6222 3
6223 2
6225 3
6226 1
6228 1
6229 2
6231 1
6232 4
6233 1
6234 1
6235 1
6236 3
6238 2
6239 2
6240 1
6242 3
6244 3
6245 2
6246 1
6247 2
6249 1
6251 2
6252 2
6253 3
6254 4
6255 1
6256 1
6257 2
6258 3
6259 2
6260 1
6261 2
6262 2
6263 2
6264 1
6266 1
6267 4
6268 2
6269 1
6271 1
6272 2
6273 1
6274 2
6276 2
6278 5
6279 1
6280 1
6281 2
6282 1
6283 2
6286 2
6288 1
6289 2
6290 1
6291 1
6292 1
6293 1
6294 1
6295 1
6296 1
6298 4
6299 2
6300 1
6301 1
6303 1
6305 4
6306 1
6307 3
6308 2
6309 1
6310 1
6311 2
6312 2
6313 2
6316 1
6318 1
6319 3
6320 1
6321 1
6322 2
6324 3
6326 2
6327 2
6328 2
6329 1
6330 1
6331 1
6332 1
6334 2
6336 2
6337 2
6338 1
6339 2
6340 2
6341 1
6342 2
6343 2
6345 1
6350 2
6351 2
6353 1
6355 1
6358 3
6359 1
6360 1
6361 2
6362 3
6365 1
6366 1
6367 1
6368 3
6370 2
6371 1
6372 2
6373 1
6374 2
6375 1
6377 5
6379 3
6380 1
6381 1
6383 1
6384 2
6385 2
6386 2
6388 2
6391 1
6393 3
6395 2
6396 1
6397 1
6398 1
6399 2
6401 2
6402 2
6403 1
6404 3
6406 2
6407 2
6408 3
6410 3
6412 1
6414 2
6418 1
6419 1
6420 2
6421 2
6422 3
6426 2
6427 4
6429 2
6430 1
6431 2
6434 2
6436 2
6437 1
6438 2
6440 1
6441 3
6442 2
6443 1
6445 2
6447 1
6448 2
6449 1
6451 1
6452 2
6455 1
6456 1
6457 1
6460 2
6462 2
6466 3
6467 2
6468 1
6469 3
6470 1
6471 2
6472 2
6473 1
6476 2
6479 2
6480 1
6481 2
6482 1
6483 1
6484 1
6485 2
6486 2
6487 2
6489 4
6491 1
6492 1
6493 2
6498 1
6499 1
6500 1
6501 3
6502 1
6503 1
6505 2
6507 1
6508 1
6509 2
6510 1
6511 1
6515 1
6517 1
6518 1
6520 1
6522 3
6523 1
6526 2
6527 1
6528 1
6532 3
6533 1
6534 2
6535 1
6536 1
6537 1
6538 1
6539 1
6540 1
6542 1
6543 1
6544 1
6545 3
6546 2
6547 1
6550 2
6553 2
6554 2
6555 3
6556 2
6557 3
6558 2
6560 1
6561 2
6562 1
6564 2
6565 3
6566 1
6567 1
6569 1
6570 2
6571 1
6572 2
6573 2
6574 1
6575 2
6577 1
6578 1
6579 1
6580 2
6581 1
6582 1
6583 1
6584 2
6585 1
6587 2
6589 2
6590 1
6591 3
6592 1
6593 2
6595 2
6596 1
6597 2
6599 2
6601 1
6605 4
6606 3
6607 3
6608 1
6609 1
6610 2
6611 1
6612 3
6613 1
6615 1
6617 1
6621 1
6622 1
6623 2
6624 1
6625 1
6627 4
6628 3
6630 2
6631 1
6632 3
6633 1
6634 1
6635 1
6636 1
6641 2
6642 1
6643 1
6644 2
6647 4
6648 1
6651 2
6652 1
6653 3
6654 3
6655 1
6657 1
6659 1
6660 1
6661 2
6662 1
6663 3
6666 1
6668 1
6669 3
6670 1
6671 2
6674 1
6675 3
6676 1
6678 1
6679 1
6683 1
6684 1
6687 2
6688 1
6690 4
6691 2
6692 1
6693 1
6694 1
6697 3
6698 1
6699 2
6700 1
6701 1
6704 2
6707 1
6708 1
6710 3
6714 5
6715 3
6717 1
6719 2
6724 1
6725 1
6728 2
6729 3
6730 5
6731 1
6733 1
6734 1
6735 1
6736 2
6738 1
6739 3
6740 1
6741 2
6742 1
6748 2
6749 1
6750 1
6753 2
6754 1
6755 2
6757 2
6763 3
6764 1
6765 1
6766 2
6767 1
6769 1
6772 1
6773 2
6774 1
6776 1
6777 2
6778 1
6779 1
6780 1
6781 1
6783 1
6784 1
6787 3
6788 1
6791 1
6793 1
6794 2
6795 1
6797 2
6798 4
6800 2
6801 1
6802 2
6804 2
6806 1
6807 2
6808 5
6810 1
6811 1
6815 1
6816 3
6819 1
6820 2
6821 2
6824 1
6826 1
6827 2
6828 2
6830 2
6833 1
6834 3
6835 2
6839 1
6841 1
6842 1
6844 2
6845 2
6846 1
6849 1
6850 2
6851 1
6852 3
6854 1
6855 1
6856 1
6857 1
6858 1
6859 2
6860 1
6861 1
6863 2
6864 1
6865 2
6868 1
6870 1
6872 1
6873 1
6874 1
6877 1
6879 2
6881 1
6882 1
6884 2
6886 2
6889 2
6891 1
6892 1
6894 1
6896 1
6898 3
6899 1
6900 1
6902 1
6904 3
6905 1
6906 1
6907 3
6908 1
6909 1
6910 5
6911 1
6914 1
6916 1
6917 4
6920 1
6922 1
6924 5
6925 2
6926 1
6928 2
6929 1
6931 2
6933 1
6934 1
6935 3
6936 1
6937 1
6938 1
6939 2
6940 1
6941 4
6942 1
6945 1
6948 2
6950 1
6951 1
6952 3
6953 1
6956 1
6957 2
6958 2
6959 1
6960 1
6961 1
6963 1
6964 3
6965 3
6966 2
6967 1
6968 1
6969 2
6972 2
6973 1
6975 1
6976 1
6979 1
6980 1
6984 2
6985 6
6986 1
6987 3
6989 1
6990 1
6991 2
6994 3
6995 1
6996 3
6998 1
7000 1
7001 1
7005 2
7006 2
7008 1
7010 2
7011 2
7012 1
7013 1
7014 1
7015 2
7016 3
7017 2
7018 1
7021 2
7022 2
7023 1
7024 3
7027 1
7028 1
7029 1
7031 1
7033 1
7036 2
7037 2
7038 1
7039 2
7040 2
7042 2
7043 3
7044 1
7045 1
7049 4
7051 1
7052 1
7055 1
7057 2
7058 3
7059 2
7063 1
7064 1
7065 2
7066 1
7067 2
7068 2
7069 2
7074 2
7075 1
7076 1
7077 1
7078 1
7079 1
7081 1
7082 1
7083 1
7085 2
7088 1
7089 1
7091 2
7095 1
7096 2
7098 1
7099 1
7100 1
7101 2
7102 2
7103 2
7105 1
7108 1
7110 1
7112 1
7113 1
7114 1
7115 3
7116 1
7117 1
7119 1
7120 2
7121 2
7122 2
7123 2
7124 1
7125 1
7126 4
7130 1
7132 1
7133 2
7136 3
7137 2
7138 1
7139 3
7142 1
7143 1
7144 3
7146 1
7148 2
7149 2
7150 6
7152 1
7154 2
7155 4
7157 2
7158 1
7159 1
7160 4
7161 2
7162 1
7168 1
7171 2
7172 1
7173 1
7174 1
7175 3
7176 1
7178 1
7180 1
7182 4
7184 1
7186 4
7187 1
7189 1
7190 2
7191 2
7192 2
7194 1
7195 1
7196 2
7197 1
7198 1
7200 1
7201 1
7203 5
7204 2
7205 1
7206 1
7207 1
7208 1
7211 2
7214 1
7217 3
7218 1
7219 1
7224 1
7225 1
7226 2
7227 1
7228 1
7229 1
7231 2
7233 1
7234 1
7236 2
7238 1
7240 1
7242 1
7243 3
7245 3
7246 1
7248 1
7251 2
7252 2
7254 1
7255 1
7256 1
7258 1
7260 1
7261 5
7263 1
7265 1
7266 1
7268 3
7269 3
7271 2
7276 2
7277 1
7278 1
7284 2
7285 1
7286 1
7288 1
7289 2
7290 1
7292 1
7296 1
7298 1
7301 1
7302 1
7303 3
7304 1
7305 2
7308 2
7309 1
7310 1
7312 3
7313 2
7314 1
7315 2
7316 1
7317 4
7318 3
7322 2
7323 1
7324 2
7325 1
7328 1
7329 1
7330 1
7333 1
7335 2
7337 2
7340 1
7341 4
7343 1
7344 2
7345 1
7346 1
7347 1
7350 2
7352 2
7353 2
7357 1
7361 1
7362 2
7363 1
7364 6
7366 3
7367 3
7368 3
7369 1
7370 1
7372 1
7374 1
7375 2
7376 1
7377 1
7379 2
7380 1
7381 1
7382 2
7385 3
7386 1
7387 1
7389 2
7391 2
7392 1
7394 1
7396 1
7400 2
7403 1
7404 1
7405 5
7410 1
7412 1
7416 1
7417 1
7418 1
7419 1
7422 1
7423 1
7424 1
7425 3
7426 1
7427 1
7428 2
7429 2
7433 1
7436 1
7437 1
7438 2
7439 3
7440 1
7441 1
7442 1
7444 1
7445 2
7449 1
7451 4
7453 1
7454 2
7455 2
7456 1
7458 2
7459 1
7461 2
7462 1
7464 1
7467 1
7468 1
7470 1
7471 1
7473 1
7476 2
7479 1
7481 2
7483 4
7484 1
7486 1
7487 2
7488 1
7490 2
7491 2
7492 1
7493 1
7494 3
7495 2
7499 2
7500 3
7501 2
7503 1
7505 1
7506 2
7507 4
7508 1
7512 2
7513 1
7516 2
7518 1
7521 1
7522 1
7526 1
7528 2
7529 1
7530 1
7531 1
7533 1
7534 1
7535 2
7536 1
7538 1
7539 2
7540 1
7541 1
7542 1
7543 1
7544 2
7545 1
7546 1
7548 1
7550 1
7551 2
7552 1
7557 1
7558 1
7559 1
7560 2
7561 2
7562 2
7566 2
7568 3
7572 2
7578 2
7579 1
7580 1
7582 1
7584 1
7585 1
7586 1
7587 1
7591 3
7596 1
7597 3
7599 2
7602 1
7603 2
7604 1
7607 1
7608 1
7611 1
7612 2
7613 1
7615 1
7616 1
7617 3
7618 1
7619 1
7621 1
7623 2
7626 2
7627 1
7629 2
7630 1
7631 1
7632 1
7634 2
7635 1
7636 2
7637 1
7639 1
7642 1
7646 1
7647 1
7648 3
7650 1
7651 1
7652 1
7655 1
7656 1
7658 1
7659 1
7661 1
7662 2
7664 1
7665 1
7666 2
7668 3
7669 4
7670 1
7672 2
7673 1
7675 1
7677 2
7679 3
7680 1
7682 1
7683 2
7684 2
7686 3
7688 1
7689 1
7690 2
7693 2
7694 2
7695 1
7696 1
7698 1
7699 1
7700 1
7703 2
7705 2
7706 1
7709 1
7712 1
7713 2
7714 1
7715 1
7718 1
7721 2
7722 1
7725 1
7726 1
7727 1
7732 2
7733 3
7734 1
7735 1
7736 2
7737 1
7738 1
7739 2
7741 2
7742 1
7744 1
7747 1
7748 3
7750 1
7752 1
7754 2
7756 2
7757 1
7759 2
7760 1
7761 1
7763 2
7764 1
7765 1
7767 1
7768 1
7769 1
7771 2
7772 2
7774 1
7775 2
7776 1
7779 2
7780 1
7781 3
7782 1
7783 3
7784 1
7785 1
7786 2
7788 1
7789 1
7790 2
7791 1
7792 4
7795 1
7797 1
7798 1
7799 1
7803 1
7804 1
7808 1
7809 1
7810 1
7811 1
7812 1
7814 1
7815 2
7817 1
7820 1
7822 1
7823 2
7825 1
7826 1
7828 1
7829 5
7831 2
7833 2
7834 3
7835 1
7838 1
7839 2
7840 1
7842 1
7844 2
7845 1
7847 2
7848 1
7849 3
7854 4
7855 3
7856 2
7857 1
7862 2
7864 2
7867 2
7869 1
7873 1
7874 2
7876 1
7880 2
7884 1
7885 1
7888 2
7889 1
7891 1
7893 3
7896 1
7898 2
7903 2
7904 1
7906 1
7907 3
7908 1
7909 2
7910 2
7912 1
7913 1
7914 1
7915 1
7917 2
7918 2
7920 1
7921 4
7922 1
7925 1
7928 1
7929 2
7931 1
7933 1
7934 5
7936 1
7937 1
7938 2
7939 1
7940 1
7941 1
7943 1
7948 1
7951 1
7952 1
7954 1
7956 1
7958 1
7959 2
7961 1
7962 1
7963 1
7964 1
7965 1
7966 1
7971 3
7972 1
7973 1
7974 1
7975 1
7976 1
7977 1
7980 2
7982 1
7986 1
7988 1
7992 2
7993 2
7994 1
7996 1
7998 1
7999 2
8000 1
8003 1
8006 1
8007 1
8008 1
8009 1
8010 1
8013 1
8014 1
8017 3
8018 1
8019 1
8020 1
8021 1
8022 3
8023 2
8024 2
8025 1
8026 1
8027 2
8028 2
8032 1
8033 1
8035 1
8036 1
8038 1
8039 1
8041 1
8042 1
8043 1
8044 1
8045 2
8046 2
8048 2
8049 1
8053 1
8054 1
8059 2
8060 2
8063 1
8066 2
8067 1
8070 1
8073 2
8074 1
8077 2
8078 2
8079 1
8080 4
8081 6
8082 1
8084 1
8086 2
8087 1
8088 1
8090 1
8092 1
8097 1
8099 1
8102 4
8105 1
8106 1
8107 1
8109 4
8110 1
8111 1
8113 1
8115 1
8116 1
8117 2
8118 4
8120 2
8121 3
8122 1
8124 1
8126 1
8128 1
8129 1
8130 1
8131 1
8135 2
8137 1
8138 1
8139 1
8144 1
8145 2
8146 1
8148 1
8151 1
8153 1
8154 2
8155 2
8157 2
8158 1
8161 2
8163 1
8164 1
8166 2
8167 2
8168 2
8169 1
8170 2
8171 1
8172 1
8174 1
8175 2
8176 1
8178 1
8181 2
8183 1
8184 1
8186 2
8188 2
8190 2
8191 3
8192 3
8194 1
8195 1
8196 1
8197 2
8198 1
8199 1
8201 1
8203 3
8204 1
8206 2
8207 3
8213 1
8216 1
8217 2
8219 2
8222 2
8223 2
8224 3
8227 2
8228 3
8229 1
8230 1
8231 1
8234 2
8236 1
8240 1
8243 1
8246 1
8248 3
8249 1
8250 2
8251 2
8252 1
8253 2
8254 1
8256 1
8260 1
8262 2
8263 1
8264 1
8265 2
8272 2
8273 1
8274 1
8275 1
8276 1
8277 1
8279 1
8283 1
8286 2
8287 1
8288 1
8290 1
8291 1
8292 2
8294 1
8295 1
8296 2
8297 1
8298 1
8300 1
8302 1
8304 1
8305 1
8306 2
8307 3
8308 1
8310 1
8311 1
8312 1
8313 2
8315 3
8321 1
8323 1
8324 2
8326 1
8327 1
8328 2
8332 1
8336 1
8338 2
8339 1
8342 1
8349 1
8350 1
8352 3
8358 1
8359 2
8360 1
8361 1
8363 1
8368 1
8370 2
8371 2
8372 3
8373 2
8376 1
8377 2
8379 2
8381 1
8384 1
8385 2
8386 1
8387 1
8388 3
8389 1
8390 2
8392 1
8395 1
8399 1
8401 1
8403 3
8405 1
8407 1
8412 1
8413 2
8415 1
8416 1
8417 2
8418 1
8421 1
8422 1
8426 1
8427 1
8430 1
8431 2
8433 1
8434 1
8435 1
8438 1
8439 2
8440 1
8442 3
8443 1
8445 1
8447 1
8449 3
8451 1
8453 2
8455 1
8456 2
8460 1
8461 2
8462 1
8463 1
8464 1
8466 1
8469 3
8470 1
8471 1
8474 1
8475 2
8477 2
8478 1
8480 1
8482 2
8483 2
8485 2
8486 1
8488 2
8490 1
8495 2
8496 1
8497 2
8498 1
8499 2
8501 3
8502 3
8504 1
8505 1
8506 2
8507 2
8508 1
8509 1
8510 4
8514 3
8517 1
8519 2
8520 1
8523 1
8524 1
8525 1
8526 1
8527 2
8529 1
8530 2
8531 2
8533 1
8534 1
8539 2
8542 1
8546 1
8547 1
8549 1
8550 2
8552 2
8553 2
8554 1
8555 2
8557 1
8558 1
8564 1
8567 1
8568 1
8571 1
8572 3
8573 1
8574 2
8577 1
8580 1
8582 1
8584 1
8585 2
8586 1
8588 1
8590 1
8591 3
8593 1
8596 1
8597 2
8599 3
8600 2
8601 1
8603 1
8605 1
8608 3
8609 3
8613 1
8614 1
8616 2
8617 1
8619 1
8620 2
8623 1
8624 1
8625 1
8627 1
8629 2
8630 1
8631 1
8633 1
8634 1
8637 1
8639 1
8640 1
8641 1
8642 3
8643 2
8644 1
8648 1
8649 1
8650 1
8651 1
8652 1
8654 1
8655 1
8656 2
8657 1
8658 1
8660 1
8661 1
8663 1
8664 1
8667 1
8668 1
8670 1
8672 1
8673 1
8676 1
8678 2
8679 1
8680 1
8681 2
8683 1
8693 1
8694 1
8697 3
8698 3
8699 2
8700 1
8701 3
8703 1
8704 1
8706 1
8707 2
8712 1
8713 2
8715 1
8716 1
8717 1
8720 2
8721 1
8723 3
8726 1
8728 2
8730 1
8734 1
8737 2
8738 1
8739 1
8741 1
8743 1
8748 1
8749 3
8752 1
8753 1
8756 2
8757 1
8763 1
8764 1
8766 1
8767 1
8771 2
8772 1
8774 1
8779 1
8781 3
8782 3
8784 2
8785 1
8788 1
8789 2
8791 2
8795 1
8798 2
8802 1
8803 1
8808 1
8809 1
8812 1
8816 2
8817 1
8818 2
8820 1
8821 2
8822 1
8823 1
8824 1
8827 1
8828 1
8829 2
8830 1
8834 2
8836 1
8838 1
8840 1
8844 1
8848 1
8859 1
8862 1
8864 3
8868 2
8869 2
8871 1
8877 1
8884 1
8886 1
8889 1
8892 2
8893 2
8894 1
8897 1
8899 1
8902 1
8905 1
8907 1
8908 2
8909 2
8910 1
8921 1
8923 1
8925 2
8926 2
8930 2
8934 1
8935 1
8938 1
8939 1
8940 1
8941 1
8942 1
8943 1
8944 3
8945 1
8946 2
8947 1
8949 2
8950 5
8951 2
8952 3
8954 1
8957 1
8959 1
8962 1
8967 2
8968 1
8969 2
8971 2
8972 1
8977 1
8979 2
8980 1
8981 1
8982 1
8983 1
8984 2
8987 1
8988 1
8989 1
8993 2
8995 1
8998 1
8999 1
9008 3
9009 1
9010 1
9011 1
9013 1
9014 1
9015 2
9016 1
9019 1
9023 2
9025 2
9028 2
9030 1
9031 1
9032 1
9034 2
9035 1
9038 1
9039 1
9040 1
9042 1
9044 1
9046 1
9047 2
9050 2
9054 1
9055 2
9057 1
9058 2
9059 1
9060 1
9064 1
9067 1
9068 1
9070 1
9071 1
9075 1
9078 1
9085 1
9092 1
9093 1
9094 1
9095 1
9099 1
9101 1
9105 4
9109 1
9112 1
9113 2
9114 1
9116 1
9120 1
9122 1
9123 2
9124 1
9126 2
9127 1
9128 1
9129 1
9133 1
9134 2
9135 1
9136 1
9137 1
9139 1
9142 1
9143 1
9148 2
9149 1
9150 2
9151 1
9153 1
9155 3
9157 1
9162 1
9163 3
9164 2
9165 1
9166 2
9167 1
9170 1
9171 2
9172 1
9173 1
9175 1
9179 1
9180 2
9183 1
9184 1
9186 1
9187 1
9188 1
9189 2
9190 1
9193 1
9195 2
9196 1
9198 1
9200 1
9201 1
9202 1
9203 1
9204 1
9205 2
9206 1
9208 1
9209 1
9210 1
9211 1
9212 2
9214 1
9217 1
9219 2
9221 1
9222 1
9223 1
9224 1
9227 2
9229 1
9230 2
9232 1
9233 2
9234 2
9235 1
9237 1
9242 1
9249 2
9250 2
9254 1
9256 1
9259 1
9262 3
9263 1
9264 1
9265 3
9266 1
9269 1
9272 2
9273 3
9275 2
9277 1
9279 1
9283 1
9284 2
9285 1
9286 1
9287 1
9291 1
9294 1
9295 1
9296 1
9298 1
9300 3
9301 1
9303 1
9306 1
9309 1
9310 2
9311 1
9314 1
9317 1
9320 1
9326 2
9327 1
9328 1
9329 2
9331 1
9334 2
9335 2
9337 1
9339 2
9340 1
9342 1
9344 1
9345 1
9347 3
9348 2
9351 3
9353 2
9359 2
9360 2
9361 1
9363 2
9364 1
9370 2
9371 1
9373 1
9376 1
9380 2
9382 3
9383 2
9385 3
9386 1
9388 2
9389 3
9390 1
9392 2
9393 1
9397 1
9398 1
9400 1
9401 1
9402 1
9403 1
9405 1
9406 1
9409 1
9411 1
9412 1
9413 1
9414 1
9417 1
9418 2
9419 1
9420 1
9421 2
9422 2
9423 1
9426 1
9427 1
9428 1
9430 1
9431 1
9433 2
9434 1
9435 3
9436 2
9437 1
9439 1
9440 1
9446 1
9448 2
9453 1
9455 3
9457 1
9458 1
9460 1
9463 1
9468 2
9469 1
9471 1
9474 1
9478 1
9479 1
9480 2
9489 3
9490 1
9491 1
9493 1
9495 1
9496 4
9497 2
9498 1
9499 2
9500 1
9502 1
9504 1
9505 1
9509 1
9510 1
9512 1
9514 1
9516 1
9517 1
9520 1
9522 1
9523 1
9524 1
9525 2
9526 2
9527 1
9529 1
9530 1
9531 1
9532 1
9535 2
9536 1
9541 1
9542 1
9543 1
9544 2
9545 1
9546 1
9550 1
9554 1
9555 1
9557 1
9559 2
9560 2
9563 1
9564 1
9565 2
9566 2
9569 1
9571 2
9572 1
9575 1
9577 1
9578 1
9579 1
9580 2
9582 1
9583 1
9584 1
9585 2
9587 2
9588 1
9589 1
9590 1
9595 1
9596 4
9599 1
9600 1
9601 1
9603 1
9605 2
9606 1
9607 1
9608 1
9611 1
9613 2
9614 1
9615 1
9619 2
9620 2
9621 2
9622 1
9623 1
9624 2
9625 1
9627 4
9628 1
9630 2
9635 1
9636 2
9637 1
9638 1
9640 2
9643 1
9644 1
9647 1
9648 1
9649 1
9650 1
9651 1
9652 1
9653 1
9658 2
9663 1
9664 2
9667 1
9672 1
9673 1
9674 1
9676 2
9677 1
9678 1
9680 2
9681 2
9682 2
9683 2
9684 1
9685 1
9686 1
9688 2
9693 1
9700 1
9706 1
9708 2
9709 1
9710 1
9713 1
9714 1
9716 1
9717 3
9720 1
9724 1
9725 1
9728 1
9730 2
9732 1
9733 1
9734 2
9737 2
9740 1
9743 2
9744 1
9745 2
9746 1
9754 2
9757 2
9758 2
9759 1
9760 3
9761 2
9762 1
9763 2
9765 2
9767 1
9769 1
9770 1
9771 1
9772 1
9775 1
9777 1
9778 1
9784 1
9786 1
9787 1
9788 1
9789 1
9790 2
9791 1
9792 2
9795 1
9799 2
9801 1
9804 2
9805 1
9806 1
9807 2
9811 2
9818 1
9821 2
9823 1
9825 1
9834 1
9836 1
9838 1
9839 3
9840 1
9841 1
9846 1
9855 1
9864 2
9868 2
9869 1
9871 1
9878 1
9879 1
9880 2
9881 1
9882 1
9884 1
9886 2
9888 4
9889 1
9891 1
9892 2
9896 1
9897 2
9900 2
9901 2
9904 1
9905 1
9906 1
9907 1
9910 3
9914 1
9915 3
9916 1
9919 1
9920 1
9921 2
9925 2
9927 2
9931 1
9933 1
9937 2
9941 1
9943 1
9947 2
9949 1
9954 3
9956 1
9957 2
9959 2
9962 1
9965 1
9966 1
9968 3
9969 1
9970 1
9971 2
9974 1
9975 1
9976 2
9978 1
9979 2
9980 3
9982 1
9984 2
9986 1
9987 2
9989 1
9990 3
9992 1
9993 1
9994 1
9995 1
9998 3
9999 1
10000 1
10003 2
10004 1
10007 2
10008 1
10010 1
10013 1
10016 1
10017 1
10023 1
10025 1
10026 1
10027 1
10028 2
10029 1
10030 1
10032 1
10035 1
10037 1
10038 2
10040 1
10041 1
10045 1
10047 1
10050 1
10053 1
10054 3
10058 1
10059 1
10063 2
10064 3
10066 2
10067 1
10068 1
10069 1
10070 1
10071 1
10075 1
10078 1
10079 1
10083 3
10085 3
10091 2
10092 1
10097 1
10098 1
10099 1
10101 1
10102 2
10107 2
10110 1
10112 1
10113 1
10117 1
10118 1
10120 1
10121 1
10122 1
10123 1
10124 2
10125 1
10128 1
10131 3
10135 1
10139 3
10140 2
10141 1
10142 3
10145 2
10147 2
10149 1
10151 1
10153 1
10154 1
10155 2
10158 2
10161 1
10163 1
10165 1
10168 1
10169 1
10171 1
10173 1
10174 1
10175 2
10179 1
10180 1
10181 1
10182 1
10184 2
10187 1
10188 2
10190 1
10191 2
10192 2
10194 1
10195 1
10196 2
10198 1
10203 1
10208 1
10209 2
10211 1
10213 1
10214 1
10217 1
10220 1
10222 1
10224 2
10226 2
10228 1
10229 1
10231 1
10234 2
10236 1
10238 1
10239 1
10240 1
10244 2
10248 1
10249 1
10251 4
10254 1
10255 1
10258 1
10262 1
10263 3
10264 1
10265 1
10268 2
10269 1
10272 1
10273 2
10274 1
10276 3
10278 1
10281 1
10284 2
10285 1
10286 1
10289 1
10290 1
10292 1
10294 2
10299 1
10305 1
10307 2
10308 1
10310 1
10313 1
10314 1
10315 1
10319 2
10320 1
10322 1
10324 2
10325 1
10329 1
10332 1
10333 1
10335 1
10336 1
10339 1
10341 1
10345 2
10347 1
10350 1
10352 1
10353 1
10354 1
10356 1
10357 2
10359 1
10360 2
10364 1
10366 1
10367 2
10368 1
10372 1
10378 1
10379 1
10385 4
10386 1
10388 3
10390 1
10391 2
10392 2
10393 2
10394 1
10395 1
10396 1
10399 2
10401 1
10405 2
10408 1
10409 2
10410 2
10412 1
10413 1
10414 1
10415 1
10417 1
10418 1
10420 1
10421 1
10423 1
10425 2
10427 1
10430 1
10431 3
10432 1
10433 1
10441 2
10442 1
10443 1
10444 1
10445 1
10448 1
10449 1
10450 2
10451 1
10452 2
10456 1
10457 1
10458 1
10460 2
10461 1
10465 1
10471 2
10472 1
10473 1
10477 1
10484 1
10487 1
10488 2
10489 1
10494 1
10495 1
10496 1
10498 3
10500 1
10505 1
10508 1
10509 1
10511 1
10513 3
10515 1
10519 1
10524 1
10525 2
10526 2
10527 1
10528 1
10532 1
10533 2
10537 1
10538 1
10539 1
10540 2
10542 1
10545 1
10547 1
10548 1
10550 1
10553 1
10560 1
10562 1
10563 1
10564 1
10565 1
10566 1
10571 2
10572 1
10574 1
10576 1
10577 1
10578 1
10581 1
10584 1
10585 2
10591 2
10592 1
10594 1
10595 1
10597 1
10598 3
10600 1
10602 1
10603 1
10604 1
10606 1
10607 1
10613 1
10615 1
10616 2
10623 1
10625 1
10626 1
10627 1
10628 1
10629 1
10634 1
10635 2
10636 1
10641 1
10642 3
10643 1
10644 1
10646 2
10647 1
10649 2
10650 1
10651 1
10655 2
10657 1
10658 1
10660 1
10664 1
10668 1
10670 1
10672 1
10674 1
10676 2
10677 1
10678 1
10681 2
10682 4
10683 1
10684 1
10689 1
10690 3
10692 1
10697 3
10699 2
10700 1
10702 1
10704 1
10707 2
10709 1
10710 1
10711 2
10714 1
10715 3
10716 2
10717 1
10719 2
10722 1
10725 2
10729 1
10730 1
10731 2
10732 1
10733 1
10735 2
10736 1
10738 1
10740 1
10741 1
10748 1
10751 1
10752 1
10756 1
10757 1
10760 3
10764 1
10765 1
10768 3
10771 3
10773 1
10774 1
10775 1
10779 1
10782 4
10784 1
10788 1
10799 1
10800 1
10801 1
10803 1
10804 2
10806 1
10807 1
10809 1
10815 2
10816 1
10817 4
10819 1
10820 1
10822 2
10828 1
10829 1
10832 2
10833 1
10837 1
10838 2
10840 1
10841 1
10845 1
10846 1
10847 1
10848 1
10852 1
10853 1
10856 1
10857 3
10858 1
10859 2
10860 2
10861 1
10862 1
10865 2
10866 1
10867 1
10871 2
10875 2
10878 1
10879 1
10880 1
10882 2
10888 2
10889 1
10890 1
10895 2
10896 2
10897 1
10899 1
10900 1
10904 1
10913 1
10914 1
10915 3
10917 1
10920 1
10921 1
10924 2
10929 1
10931 1
10936 1
10938 1
10941 1
10942 1
10944 3
10945 1
10949 2
10950 1
10952 1
10954 2
10956 1
10958 1
10960 1
10961 2
10963 1
10964 1
10966 1
10968 1
10969 1
10971 2
10976 1
10979 1
10982 3
10983 1
10986 1
10989 1
10990 1
10993 1
10996 1
10997 1
10998 2
10999 1
11000 2
11001 3
11003 2
11004 4
11008 1
11011 1
11013 1
11014 1
11018 1
11020 1
11023 1
11028 1
11032 1
11033 1
11037 1
11039 3
11040 1
11041 1
11042 2
11045 1
11050 1
11054 1
11055 3
11056 1
11058 1
11060 1
11061 1
11064 2
11067 1
11070 1
11071 1
11072 1
11073 1
11074 2
11076 2
11079 1
11081 1
11085 1
11086 1
11087 2
11088 1
11089 1
11090 1
11092 1
11097 1
11099 1
11101 2
11103 1
11104 1
11105 1
11106 1
11112 1
11113 1
11114 1
11119 2
11121 1
11123 1
11126 3
11127 2
11129 1
11130 1
11135 2
11137 1
11140 1
11141 2
11146 1
11148 1
11151 1
11153 1
11154 1
11155 2
11157 1
11158 2
11159 1
11169 1
11170 1
11173 1
11177 1
11178 1
11179 1
11181 1
11182 1
11184 1
11185 1
11187 1
11188 1
11189 1
11190 2
11191 2
11192 1
11194 1
11200 2
11202 1
11208 1
11210 1
11211 2
11213 1
11218 1
11223 1
11224 1
11225 2
11226 1
11227 2
11229 1
11231 2
11232 2
11233 2
11234 1
11237 1
11239 1
11240 1
11244 1
11245 3
11246 1
11247 1
11250 1
11252 2
11257 1
11261 1
11264 1
11268 1
11271 1
11272 1
11273 1
11278 1
11279 1
11282 1
11287 1
11290 1
11293 1
11296 1
11299 2
11300 1
11302 1
11303 1
11304 2
11306 1
11307 3
11308 1
11319 1
11320 1
11325 1
11326 1
11331 1
11332 2
11333 1
11334 1
11335 1
11336 1
11338 1
11340 1
11343 1
11345 1
11346 1
11347 2
11351 1
11353 1
11355 1
11357 1
11359 1
11365 3
11366 1
11367 1
11368 1
11371 1
11374 1
11376 1
11377 1
11378 2
11380 1
11382 1
11384 2
11387 1
11389 2
11390 1
11391 1
11392 1
11394 1
11396 1
11398 1
11399 1
11400 1
11402 1
11403 2
11404 1
11405 1
11407 1
11408 1
11410 1
11411 1
11414 1
11416 1
11419 2
11425 1
11427 1
11431 1
11436 1
11441 1
11444 1
11447 1
11448 2
11449 1
11450 1
11453 2
11454 2
11455 1
11456 1
11459 1
11460 2
11463 1
11465 1
11466 2
11468 3
11469 2
11472 1
11478 1
11480 1
11482 1
11484 1
11486 2
11487 1
11489 1
11493 2
11498 1
11500 1
11501 1
11502 2
11504 1
11509 1
11513 1
11516 1
11517 1
11520 1
11522 1
11528 1
11531 2
11539 1
11551 1
11552 1
11553 2
11554 2
11557 1
11563 1
11566 1
11571 1
11573 2
11579 1
11580 1
11581 2
11583 1
11585 2
11593 1
11594 3
11597 1
11599 1
11600 1
11604 1
11605 1
11606 1
11607 1
11609 2
11611 1
11612 1
11618 1
11620 1
11621 1
11625 1
11630 1
11632 1
11637 1
11638 1
11640 1
11645 1
11648 1
11649 1
11654 3
11657 2
11659 1
11661 1
11664 1
11665 2
11668 1
11669 1
11675 1
11677 1
11679 3
11680 1
11682 4
11689 2
11692 2
11694 1
11695 2
11696 1
11699 2
11703 1
11707 2
11708 4
11709 1
11714 1
11717 2
11718 1
11719 1
11721 2
11722 2
11725 1
11726 1
11727 1
11732 1
11740 1
11743 1
11744 1
11749 2
11757 1
11762 1
11766 1
11769 2
11771 1
11774 1
11776 1
11782 1
11785 1
11787 2
11789 1
11793 1
11795 1
11796 1
11800 1
11804 1
11806 1
11812 1
11818 2
11820 2
11821 3
11825 2
11826 1
11828 1
11832 1
11838 1
11840 1
11841 1
11843 1
11846 1
11848 1
11849 1
11851 1
11856 1
11857 1
11858 1
11862 1
11866 1
11867 2
11876 1
11878 1
11879 1
11881 1
11882 1
11886 1
11887 1
11892 1
11893 1
11894 1
11895 1
11897 2
11898 1
11901 1
11902 1
11905 1
11906 1
11910 1
11912 2
11914 1
11916 1
11917 1
11922 1
11927 1
11929 1
11930 2
11932 1
11933 1
11935 1
11937 1
11941 1
11945 1
11949 1
11950 1
11951 1
11953 1
11954 2
11955 2
11956 1
11961 1
11964 1
11966 1
11967 1
11968 1
11971 1
11973 1
11984 1
11989 1
11991 1
11994 2
11998 1
12000 1
12003 1
12004 1
12006 1
12008 1
12011 1
12012 1
12016 1
12018 1
12019 1
12020 1
12022 2
12024 2
12025 2
12027 1
12032 2
12033 1
12036 1
12039 1
12040 1
12042 1
12043 1
12049 1
12053 1
12059 1
12061 1
12063 1
12064 1
12073 1
12078 1
12079 1
12080 1
12084 1
12087 1
12089 2
12093 2
12096 1
12098 2
12101 1
12104 1
12105 1
12111 1
12116 1
12117 1
12120 1
12129 1
12130 1
12135 1
12150 1
12153 1
12155 1
12156 1
12161 1
12164 1
12169 1
12179 1
12184 1
12188 1
12198 1
12200 1
12201 2
12202 2
12205 1
12212 1
12216 1
12221 1
12226 1
12229 2
12233 1
12238 1
12240 1
12243 1
12251 2
12254 2
12259 1
12264 1
12269 1
12270 1
12273 2
12276 1
12281 1
12284 2
12285 1
12288 1
12291 1
12294 1
12297 1
12306 1
12311 1
12315 1
12318 2
12321 1
12327 1
12329 1
12332 2
12333 1
12353 2
12356 2
12358 2
12360 1
12361 1
12362 1
12365 1
12366 1
12370 1
12372 1
12376 1
12382 1
12389 1
12390 1
12395 1
12404 1
12405 1
12413 1
12415 1
12417 1
12419 1
12421 1
12423 1
12425 2
12426 1
12428 1
12431 1
12432 2
12434 2
12442 1
12444 1
12449 1
12451 2
12456 1
12458 1
12462 1
12464 1
12468 2
12469 1
12470 1
12472 1
12481 1
12489 1
12493 2
12497 2
12500 1
12510 1
12515 1
12520 1
12528 1
12529 1
12532 1
12533 1
12537 1
12539 1
12542 1
12549 2
12550 1
12551 1
12552 1
12560 1
12566 1
12568 1
12571 1
12579 1
12582 1
12591 1
12596 1
12597 1
12604 1
12613 1
12616 1
12618 1
12619 1
12622 1
12626 2
12628 1
12632 1
12636 1
12637 1
12638 1
12639 1
12642 3
12650 2
12654 1
12656 1
12660 2
12665 1
12674 2
12679 2
12681 1
12682 2
12698 1
12701 1
12702 2
12705 1
12715 1
12720 1
12727 1
12728 1
12729 1
12730 1
12738 1
12740 1
12742 1
12748 1
12752 1
12758 1
12770 2
12776 1
12781 1
12783 2
12785 1
12792 1
12793 1
12796 2
12797 1
12800 1
12803 1
12806 1
12808 1
12809 1
12812 1
12814 1
12817 1
12819 1
12822 1
12827 1
12831 1
12832 1
12835 1
12838 1
12842 1
12843 1
12844 2
12853 1
12857 2
12861 1
12862 1
12863 1
12873 1
12891 1
12894 2
12896 1
12897 2
12899 1
12905 1
12907 1
12908 1
12915 1
12919 1
12922 1
12925 2
12926 1
12928 2
12931 1
12938 1
12943 2
12957 1
12960 1
12965 1
12966 1
12967 1
12972 1
12973 1
12975 1
12986 1
12990 1
12992 1
12995 1
12997 1
13009 1
13018 1
13020 1
13022 1
13027 1
13029 1
13030 1
13034 1
13040 1
13044 1
13046 1
13047 1
13048 1
13050 1
13064 1
13065 1
13072 1
13075 2
13076 1
13081 3
13090 1
13096 1
13104 1
13106 2
13109 1
13119 1
13120 1
13126 1
13131 1
13136 1
13143 2
13145 1
13148 1
13155 1
13158 1
13163 1
13167 1
13168 1
13175 1
13176 1
13178 1
13179 1
13182 1
13183 1
13194 1
13195 2
13197 1
13201 1
13209 1
13211 1
13214 1
13216 1
13222 1
13227 1
13230 1
13232 1
13237 1
13238 1
13242 1
13253 1
13263 1
13279 1
13284 1
13287 1
13288 1
13289 1
13290 1
13293 1
13295 1
13298 1
13299 1
13304 1
13311 1
13312 1
13325 1
13326 1
13335 1
13336 1
13337 1
13340 1
13347 1
13350 2
13367 1
13368 1
13372 1
13377 1
13379 1
13389 1
13399 1
13401 1
13411 1
13423 1
13427 1
13429 1
13430 1
13432 1
13435 1
13438 2
13442 1
13443 1
13451 1
13452 1
13454 1
13462 1
13477 1
13482 1
13491 1
13493 1
13498 1
13516 1
13522 2
13523 1
13525 1
13528 1
13534 1
13537 1
13538 1
13551 1
13554 1
13555 1
13560 1
13563 1
13564 1
13575 1
13579 1
13581 1
13595 1
13597 1
13598 1
13605 1
13609 1
13613 1
13614 1
13618 1
13620 1
13623 1
13631 1
13632 1
13633 1
13637 1
13639 1
13647 1
13651 2
13657 1
13663 1
13668 2
13671 1
13675 1
13678 1
13683 1
13685 1
13689 1
13701 1
13710 1
13718 1
13722 1
13727 1
13740 1
13746 1
13747 1
13748 1
13750 1
13767 2
13771 1
13773 1
13775 1
13781 1
13782 1
13785 1
13789 1
13795 1
13796 1
13797 1
13805 1
13809 1
13810 1
13815 1
13820 1
13831 1
13842 1
13847 1
13857 1
13860 1
13874 1
13886 1
13888 1
13889 1
13892 2
13901 1
13904 1
13906 1
13910 1
13914 1
13924 1
13927 1
13929 1
13930 1
13942 1
13947 1
13957 2
13969 1
13972 2
13985 1
13986 1
13988 2
13993 1
13997 1
14000 1
14002 1
14012 1
14014 1
14015 2
14016 1
14021 1
14032 1
14033 1
14049 1
14051 1
14056 1
14061 1
14065 2
14070 1
14074 1
14081 1
14083 1
14091 1
14094 1
14110 1
14121 1
14123 1
14131 1
14132 1
14141 1
14153 1
14155 1
14157 1
14160 1
14174 2
14186 1
14194 1
14207 1
14213 1
14217 1
14219 1
14220 1
14231 1
14237 2
14239 1
14250 1
14258 1
14264 1
14272 2
14275 1
14283 1
14290 1
14291 1
14300 1
14304 1
14310 1
14316 1
14318 1
14324 1
14329 1
14333 1
14334 1
14341 3
14346 1
14352 1
14359 1
14385 1
14401 1
14405 1
14408 1
14415 1
14419 1
14424 1
14426 1
14428 1
14432 1
14436 1
14437 1
14439 1
14440 1
14441 1
14451 1
14456 1
14464 1
14465 1
14470 1
14471 1
14476 1
14477 1
14485 1
14488 1
14494 1
14496 1
14501 1
14523 1
14527 1
14529 1
14537 1
14546 1
14550 2
14569 1
14574 2
14584 2
14589 1
14598 2
14601 1
14602 1
14606 2
14610 1
14627 2
14628 2
14657 1
14669 1
14671 1
14672 1
14676 1
14682 1
14688 1
14691 1
14696 1
14730 2
14738 1
14743 1
14769 1
14772 1
14774 3
14779 1
14791 1
14792 1
14795 1
14801 1
14806 1
14812 1
14814 1
14824 1
14827 2
14829 1
14833 1
14843 1
14853 1
14858 1
14865 1
14870 1
14889 1
14897 1
14903 1
14911 1
14920 1
14941 1
14947 1
14955 1
14956 1
14980 1
14994 1
15000 1
15001 1
15016 2
15024 1
15037 1
15038 1
15050 1
15055 1
15058 1
15076 1
15081 2
15086 1
15100 1
15104 1
15105 1
15112 1
15121 1
15134 1
15142 1
15146 1
15147 1
15149 2
15154 1
15162 1
15163 1
15165 1
15169 1
15179 1
15180 1
15181 1
15212 1
15218 1
15227 1
15242 1
15256 1
15263 1
15268 1
15273 1
15288 1
15297 1
15298 1
15306 2
15319 1
15327 1
15334 1
15351 1
15360 1
15372 1
15374 1
15385 1
15386 1
15407 1
15413 1
15428 1
15448 1
15456 1
15488 2
15495 1
15504 1
15508 1
15512 1
15528 1
15532 1
15542 1
15554 1
15555 1
15563 1
15588 1
15600 2
15602 1
15608 1
15623 1
15625 1
15648 1
15650 1
15695 1
15716 1
15733 1
15756 1
15771 1
15781 1
15788 1
15800 1
15823 1
15844 1
15845 1
15846 1
15854 1
15876 1
15882 1
15912 1
15926 2
15930 1
15941 1
15950 1
15956 2
15968 1
16013 1
16020 2
16025 1
16044 1
16053 1
16064 1
16065 1
16072 1
16074 1
16094 1
16095 1
16097 1
16121 1
16176 1
16192 1
16202 1
16207 1
16219 1
16230 1
16233 1
16245 1
16246 2
16275 1
16278 1
16283 1
16319 1
16320 1
16330 1
16341 1
16353 1
16402 1
16418 1
16429 1
16446 1
16447 1
16467 1
16474 1
16483 1
16513 1
16522 1
16534 1
16547 1
16566 1
16584 1
16586 1
16589 1
16597 1
16602 1
16604 1
16610 1
16630 1
16633 1
16647 1
16671 1
16678 1
16685 1
16698 1
16721 1
16760 1
16774 1
16811 1
16817 1
16821 1
16823 1
16833 1
16844 1
16872 1
16874 1
16893 1
16895 1
16924 1
16971 1
16980 1
17041 1
17065 1
17105 1
17134 1
17140 1
17148 1
17149 1
17198 1
17214 1
17223 1
17243 1
17258 1
17268 1
17280 1
17292 1
17297 1
17306 1
17311 1
17320 1
17365 1
17377 1
17378 1
17381 1
17389 1
17391 1
17431 1
17458 1
17480 1
17490 1
17526 1
17541 1
17567 1
17594 1
17646 1
17666 1
17683 1
17731 1
17757 1
17758 1
17772 1
17785 1
17830 2
17850 1
17868 1
17872 1
17873 1
17908 1
17913 1
17940 1
17970 1
17979 1
17999 1
18022 1
18032 1
18033 1
18131 1
18160 1
18178 1
18192 1
18241 1
18272 1
18300 1
18315 1
18326 1
18338 1
18348 1
18353 1
18391 1
18421 1
18457 1
18482 1
18509 1
18516 1
18521 1
18528 1
18530 1
18537 1
18541 1
18560 1
18608 1
18612 1
18617 1
18646 1
18706 1
18708 1
18744 1
18766 1
18774 1
18807 1
18872 1
18952 1
19042 1
19051 1
19081 1
19148 1
19187 1
19199 1
19204 1
19210 1
19248 1
19252 1
19329 1
19402 1
19492 1
19523 1
19616 1
19621 1
19635 1
19647 1
19648 1
19671 1
19700 1
19710 1
19814 1
19828 1
19884 1
19900 1
19935 1
19944 1
19956 1
19968 1
20011 1
20149 1
20332 1
20401 1
20429 1
20441 1
20450 1
20452 1
20498 1
20513 1
20628 1
20672 1
20858 1
20883 1
20935 1
21022 1
21138 1
21165 1
21450 1
21575 1
21594 1
21674 1
21765 1
21770 1
21773 1
21882 1
21893 1
21930 1
22002 1
22022 1
22148 1
22166 1
22318 1
22339 1
22428 1
22484 1
22499 1
22532 1
22594 1
22716 1
22826 1
22984 1
23098 1
23182 1
23268 1
23547 1
23609 1
23658 1
23751 1
23832 1
23899 1
24011 1
24318 1
24580 1
24588 1
25114 1
25957 1
26167 1
26390 1
26464 1
26592 1
28199 1
28508 1
29040 1
29169 1
30442 1
30515 1
30533 1
31571 1
34641 1
