-1020 3
-1019 1
-1018 4
-1017 7
-1016 5
-1015 8
-1014 9
-1013 11
-1012 25
-1011 23
-1010 42
-1009 57
-1008 58
-1007 77
-1006 100
-1005 118
-1004 137
-1003 161
-1002 149
-1001 161
-1000 152
-999 184
-998 231
-997 238
-996 210
-995 226
-994 212
-993 217
-992 216
-991 256
-990 241
-989 239
-988 229
-987 243
-986 275
-985 282
-984 292
-983 330
-982 312
-981 340
-980 354
-979 314
-978 322
-977 329
-976 313
-975 324
-974 339
-973 303
-972 358
-971 447
-970 359
-969 337
-968 369
-967 393
-966 363
-965 365
-964 380
-963 401
-962 390
-961 390
-960 377
-959 425
-958 392
-957 454
-956 443
-955 419
-954 458
-953 462
-952 459
-951 401
-950 441
-949 474
-948 463
-947 468
-946 454
-945 476
-944 475
-943 518
-942 489
-941 495
-940 517
-939 519
-938 440
-937 518
-936 490
-935 489
-934 499
-933 514
-932 495
-931 491
-930 538
-929 511
-928 496
-927 517
-926 497
-925 539
-924 481
-923 482
-922 485
-921 489
-920 493
-919 491
-918 478
-917 532
-916 507
-915 531
-914 601
-913 529
-912 552
-911 555
-910 534
-909 618
-908 564
-907 612
-906 622
-905 569
-904 599
-903 619
-902 656
-901 665
-900 629
-899 672
-898 687
-897 735
-896 703
-895 780
-894 830
-893 864
-892 847
-891 864
-890 977
-889 1007
-888 964
-887 1052
-886 1014
-885 1024
-884 1107
-883 1156
-882 1112
-881 1161
-880 1209
-879 1260
-878 1225
-877 1192
-876 1219
-875 1246
-874 1328
-873 1241
-872 1285
-871 1278
-870 1290
-869 1318
-868 1388
-867 1340
-866 1419
-865 1437
-864 1506
-863 1537
-862 1573
-861 1573
-860 1603
-859 1659
-858 1658
-857 1674
-856 1699
-855 1838
-854 1781
-853 1722
-852 1825
-851 1783
-850 1810
-849 1880
-848 1883
-847 1908
-846 1824
-845 1892
-844 1930
-843 2040
-842 2016
-841 1997
-840 1992
-839 2040
-838 2128
-837 2209
-836 2100
-835 2202
-834 2132
-833 2281
-832 2152
-831 2256
-830 2201
-829 2190
-828 2285
-827 2242
-826 2226
-825 2270
-824 2278
-823 2402
-822 2218
-821 2251
-820 2268
-819 2244
-818 2390
-817 2372
-816 2373
-815 2315
-814 2385
-813 2272
-812 2429
-811 2445
-810 2546
-809 2489
-808 2586
-807 2526
-806 2608
-805 2631
-804 2606
-803 2586
-802 2645
-801 2596
-800 2690
-799 2598
-798 2671
-797 2714
-796 2639
-795 2566
-794 2642
-793 2723
-792 2675
-791 2663
-790 2721
-789 2755
-788 2748
-787 2699
-786 2876
-785 2758
-784 2777
-783 2684
-782 2725
-781 2809
-780 2735
-779 2850
-778 2858
-777 2855
-776 2798
-775 2922
-774 2902
-773 2798
-772 2832
-771 2869
-770 2894
-769 2889
-768 2788
-767 3004
-766 3020
-765 3027
-764 2958
-763 3080
-762 3139
-761 3110
-760 3179
-759 3044
-758 3185
-757 3204
-756 3042
-755 3130
-754 3222
-753 3233
-752 3239
-751 3097
-750 3246
-749 3265
-748 3181
-747 3318
-746 3328
-745 3319
-744 3284
-743 3482
-742 3301
-741 3403
-740 3457
-739 3454
-738 3432
-737 3449
-736 3466
-735 3352
-734 3464
-733 3374
-732 3502
-731 3527
-730 3490
-729 3589
-728 3634
-727 3602
-726 3587
-725 3608
-724 3686
-723 3718
-722 3722
-721 3707
-720 3666
-719 3808
-718 3857
-717 3691
-716 3832
-715 3870
-714 3793
-713 3741
-712 3817
-711 3854
-710 3915
-709 3851
-708 3776
-707 3895
-706 3891
-705 3930
-704 3908
-703 3898
-702 4006
-701 3893
-700 3964
-699 4033
-698 3974
-697 4069
-696 4026
-695 4064
-694 4169
-693 4175
-692 4107
-691 4166
-690 4091
-689 4219
-688 4433
-687 4243
-686 4168
-685 4368
-684 4398
-683 4348
-682 4495
-681 4487
-680 4568
-679 4434
-678 4603
-677 4599
-676 4468
-675 4505
-674 4554
-673 4640
-672 4543
-671 4571
-670 4631
-669 4639
-668 4687
-667 4669
-666 4774
-665 4738
-664 4732
-663 4715
-662 4675
-661 4744
-660 4845
-659 4972
-658 4912
-657 4930
-656 4954
-655 4917
-654 4990
-653 5106
-652 5017
-651 5014
-650 5026
-649 5013
-648 5045
-647 5062
-646 5073
-645 5158
-644 5239
-643 5156
-642 5234
-641 5034
-640 5095
-639 5031
-638 4943
-637 4937
-636 5009
-635 5017
-634 4877
-633 4927
-632 4984
-631 4858
-630 4942
-629 4910
-628 4978
-627 4942
-626 4797
-625 4961
-624 4934
-623 4776
-622 4921
-621 4924
-620 4900
-619 4868
-618 4818
-617 4878
-616 4860
-615 4923
-614 4894
-613 4928
-612 4877
-611 5011
-610 4888
-609 4960
-608 4942
-607 4936
-606 5071
-605 4912
-604 4922
-603 4918
-602 5005
-601 4961
-600 4911
-599 5029
-598 4995
-597 4968
-596 5138
-595 5056
-594 5023
-593 5078
-592 5015
-591 5174
-590 5187
-589 5155
-588 5166
-587 5116
-586 5107
-585 5269
-584 5260
-583 5252
-582 5169
-581 5262
-580 5327
-579 5161
-578 5282
-577 4982
-576 5108
-575 5196
-574 5171
-573 5245
-572 5184
-571 5163
-570 5207
-569 5360
-568 5156
-567 5395
-566 5236
-565 5414
-564 5351
-563 5328
-562 5453
-561 5413
-560 5386
-559 5309
-558 5220
-557 5283
-556 5377
-555 5200
-554 5397
-553 5264
-552 5215
-551 5211
-550 5313
-549 5374
-548 5326
-547 5282
-546 5281
-545 5344
-544 5417
-543 5344
-542 5335
-541 5301
-540 5253
-539 5263
-538 5294
-537 5377
-536 5338
-535 5312
-534 5381
-533 5315
-532 5269
-531 5222
-530 5378
-529 5418
-528 5425
-527 5349
-526 5446
-525 5427
-524 5423
-523 5407
-522 5306
-521 5384
-520 5450
-519 5424
-518 5289
-517 5396
-516 5390
-515 5340
-514 5444
-513 5384
-512 5470
-511 5328
-510 5174
-509 5332
-508 5399
-507 5484
-506 5314
-505 5351
-504 5293
-503 5311
-502 5246
-501 5326
-500 5286
-499 5194
-498 5347
-497 5227
-496 5228
-495 5350
-494 5361
-493 5296
-492 5310
-491 5308
-490 5414
-489 5364
-488 5430
-487 5225
-486 5325
-485 5391
-484 5206
-483 5255
-482 5252
-481 5159
-480 5270
-479 5346
-478 5334
-477 5320
-476 5334
-475 5327
-474 5263
-473 5295
-472 5336
-471 5420
-470 5453
-469 5413
-468 5459
-467 5358
-466 5489
-465 5471
-464 5291
-463 5428
-462 5483
-461 5530
-460 5383
-459 5347
-458 5519
-457 5573
-456 5586
-455 5574
-454 5535
-453 5539
-452 5404
-451 5644
-450 5443
-449 5562
-448 5551
-447 5683
-446 5511
-445 5539
-444 5590
-443 5712
-442 5588
-441 5680
-440 5564
-439 5694
-438 5732
-437 5630
-436 5677
-435 5668
-434 5678
-433 5846
-432 5684
-431 5702
-430 5643
-429 5606
-428 5547
-427 5567
-426 5584
-425 5597
-424 5450
-423 5517
-422 5436
-421 5581
-420 5514
-419 5412
-418 5416
-417 5546
-416 5442
-415 5478
-414 5530
-413 5349
-412 5475
-411 5436
-410 5649
-409 5498
-408 5504
-407 5521
-406 5525
-405 5415
-404 5389
-403 5281
-402 5533
-401 5430
-400 5534
-399 5366
-398 5505
-397 5583
-396 5600
-395 5252
-394 5491
-393 5466
-392 5366
-391 5545
-390 5487
-389 5509
-388 5457
-387 5526
-386 5527
-385 5442
-384 5223
-383 5568
-382 5338
-381 5366
-380 5387
-379 5414
-378 5391
-377 5369
-376 5323
-375 5347
-374 5395
-373 5468
-372 5253
-371 5400
-370 5425
-369 5422
-368 5520
-367 5436
-366 5233
-365 5443
-364 5529
-363 5349
-362 5342
-361 5391
-360 5366
-359 5598
-358 5619
-357 5361
-356 5420
-355 5313
-354 5225
-353 5295
-352 5247
-351 5379
-350 5352
-349 5241
-348 5288
-347 5241
-346 5429
-345 5266
-344 5178
-343 5130
-342 5224
-341 5171
-340 5142
-339 5213
-338 5179
-337 4962
-336 5194
-335 5128
-334 5122
-333 5071
-332 5068
-331 5001
-330 5112
-329 5083
-328 5111
-327 4927
-326 4944
-325 5014
-324 4923
-323 4980
-322 4997
-321 5018
-320 5126
-319 5100
-318 5159
-317 5021
-316 5172
-315 5120
-314 5089
-313 5109
-312 4976
-311 4992
-310 5122
-309 5013
-308 4978
-307 4921
-306 4933
-305 4972
-304 5108
-303 4999
-302 4968
-301 4906
-300 4928
-299 4871
-298 4820
-297 4924
-296 4810
-295 4894
-294 4823
-293 4784
-292 4647
-291 4771
-290 4746
-289 4782
-288 4822
-287 4899
-286 4808
-285 4789
-284 4692
-283 4694
-282 4767
-281 4536
-280 4611
-279 4739
-278 4740
-277 4709
-276 4648
-275 4722
-274 4650
-273 4592
-272 4544
-271 4683
-270 4606
-269 4660
-268 4542
-267 4699
-266 4730
-265 4688
-264 4731
-263 4785
-262 4594
-261 4626
-260 4592
-259 4564
-258 4654
-257 4566
-256 4561
-255 4464
-254 4589
-253 4530
-252 4526
-251 4494
-250 4440
-249 4443
-248 4453
-247 4444
-246 4277
-245 4355
-244 4381
-243 4244
-242 4292
-241 4171
-240 4230
-239 4152
-238 4188
-237 4259
-236 4355
-235 4310
-234 4278
-233 4106
-232 4218
-231 4095
-230 4054
-229 4108
-228 4126
-227 4090
-226 4105
-225 3971
-224 4008
-223 3991
-222 3967
-221 4046
-220 3899
-219 4017
-218 4113
-217 3997
-216 4021
-215 3911
-214 3983
-213 4007
-212 4019
-211 3958
-210 3889
-209 3859
-208 3853
-207 3792
-206 3911
-205 3830
-204 3853
-203 3729
-202 3702
-201 3768
-200 3752
-199 3758
-198 3798
-197 3719
-196 3763
-195 3673
-194 3774
-193 3667
-192 3702
-191 3651
-190 3546
-189 3632
-188 3633
-187 3596
-186 3543
-185 3450
-184 3390
-183 3519
-182 3582
-181 3374
-180 3439
-179 3423
-178 3476
-177 3400
-176 3239
-175 3351
-174 3356
-173 3371
-172 3329
-171 3393
-170 3228
-169 3437
-168 3185
-167 3190
-166 3247
-165 3227
-164 3211
-163 3249
-162 3256
-161 3226
-160 3216
-159 3258
-158 3125
-157 3098
-156 3120
-155 3255
-154 3060
-153 3114
-152 3168
-151 3088
-150 3168
-149 3159
-148 3129
-147 3097
-146 2996
-145 3105
-144 3148
-143 3071
-142 2959
-141 2995
-140 3003
-139 3030
-138 2980
-137 2943
-136 2989
-135 2852
-134 2877
-133 2838
-132 2876
-131 2881
-130 2881
-129 2834
-128 2820
-127 2763
-126 2783
-125 2818
-124 2695
-123 2904
-122 2728
-121 2769
-120 2701
-119 2789
-118 2815
-117 2689
-116 2669
-115 2700
-114 2691
-113 2703
-112 2686
-111 2651
-110 2763
-109 2570
-108 2783
-107 2611
-106 2695
-105 2512
-104 2600
-103 2546
-102 2580
-101 2627
-100 2530
-99 2571
-98 2486
-97 2476
-96 2425
-95 2493
-94 2495
-93 2452
-92 2492
-91 2422
-90 2401
-89 2419
-88 2406
-87 2413
-86 2351
-85 2354
-84 2308
-83 2346
-82 2282
-81 2348
-80 2258
-79 2259
-78 2389
-77 2399
-76 2285
-75 2266
-74 2288
-73 2328
-72 2324
-71 2326
-70 2279
-69 2273
-68 2277
-67 2247
-66 2333
-65 2215
-64 2227
-63 2161
-62 2223
-61 2186
-60 2101
-59 2112
-58 2205
-57 2119
-56 2185
-55 2039
-54 2080
-53 2081
-52 2076
-51 2130
-50 2048
-49 2097
-48 2082
-47 2027
-46 2115
-45 1963
-44 2006
-43 2001
-42 1999
-41 2009
-40 2019
-39 1910
-38 2020
-37 1865
-36 1941
-35 1916
-34 1875
-33 1888
-32 1893
-31 1902
-30 1833
-29 1836
-28 1783
-27 1779
-26 1800
-25 1819
-24 1676
-23 1810
-22 1787
-21 1885
-20 1840
-19 1699
-18 1745
-17 1717
-16 1741
-15 1645
-14 1609
-13 1681
-12 1651
-11 1613
-10 1634
-9 1578
-8 1610
-7 1638
-6 1560
-5 1529
-4 1550
-3 1636
-2 1493
-1 1564
0 1558
1 1507
2 1559
3 1427
4 1506
5 1438
6 1496
7 1439
8 1455
9 1448
10 1369
11 1425
12 1368
13 1391
14 1423
15 1380
16 1415
17 1375
18 1421
19 1358
20 1357
21 1319
22 1374
23 1297
24 1377
25 1292
26 1271
27 1381
28 1331
29 1292
30 1341
31 1298
32 1244
33 1294
34 1287
35 1319
36 1300
37 1277
38 1290
39 1225
40 1279
41 1290
42 1313
43 1265
44 1284
45 1324
46 1281
47 1281
48 1246
49 1221
50 1212
51 1184
52 1192
53 1168
54 1194
55 1215
56 1209
57 1149
58 1081
59 1155
60 1120
61 1145
62 1135
63 1078
64 1107
65 1115
66 1150
67 1051
68 1142
69 1087
70 1143
71 1077
72 1044
73 1046
74 1155
75 1074
76 1088
77 1057
78 1043
79 1004
80 1016
81 1056
82 1010
83 1016
84 976
85 1020
86 1000
87 1009
88 947
89 940
90 987
91 970
92 977
93 913
94 971
95 973
96 892
97 980
98 905
99 940
100 851
101 933
102 886
103 850
104 852
105 871
106 866
107 875
108 898
109 834
110 844
111 865
112 830
113 842
114 797
115 838
116 813
117 841
118 833
119 780
120 826
121 817
122 797
123 824
124 817
125 761
126 782
127 764
128 757
129 742
130 761
131 755
132 736
133 743
134 795
135 752
136 726
137 680
138 696
139 671
140 720
141 694
142 696
143 720
144 693
145 736
146 705
147 693
148 705
149 687
150 681
151 691
152 656
153 718
154 655
155 761
156 623
157 644
158 642
159 678
160 672
161 664
162 647
163 704
164 607
165 659
166 612
167 626
168 568
169 621
170 626
171 629
172 623
173 605
174 614
175 599
176 623
177 577
178 570
179 560
180 581
181 542
182 564
183 581
184 542
185 498
186 535
187 542
188 545
189 555
190 502
191 514
192 530
193 513
194 528
195 508
196 500
197 507
198 451
199 516
200 506
201 505
202 501
203 462
204 495
205 479
206 485
207 495
208 460
209 505
210 477
211 476
212 453
213 434
214 454
215 442
216 435
217 458
218 460
219 376
220 466
221 469
222 435
223 439
224 457
225 464
226 427
227 443
228 419
229 430
230 432
231 426
232 463
233 427
234 418
235 408
236 401
237 393
238 388
239 404
240 420
241 469
242 423
243 396
244 443
245 441
246 435
247 454
248 387
249 407
250 414
251 433
252 397
253 419
254 402
255 416
256 386
257 392
258 393
259 371
260 376
261 400
262 391
263 404
264 403
265 360
266 410
267 421
268 414
269 425
270 426
271 403
272 416
273 408
274 416
275 394
276 442
277 407
278 405
279 429
280 430
281 414
282 409
283 439
284 416
285 395
286 438
287 401
288 413
289 406
290 443
291 409
292 396
293 428
294 401
295 408
296 455
297 418
298 422
299 422
300 448
301 408
302 423
303 434
304 431
305 445
306 452
307 458
308 488
309 472
310 475
311 477
312 482
313 466
314 417
315 484
316 469
317 496
318 463
319 432
320 470
321 461
322 480
323 485
324 513
325 428
326 424
327 487
328 442
329 462
330 504
331 441
332 457
333 468
334 474
335 442
336 492
337 488
338 473
339 486
340 506
341 511
342 496
343 484
344 504
345 533
346 478
347 464
348 500
349 503
350 440
351 509
352 467
353 483
354 507
355 498
356 510
357 507
358 485
359 517
360 494
361 461
362 519
363 483
364 473
365 489
366 463
367 476
368 494
369 492
370 467
371 483
372 496
373 476
374 421
375 479
376 510
377 488
378 427
379 467
380 463
381 478
382 452
383 484
384 479
385 505
386 459
387 491
388 469
389 519
390 453
391 498
392 467
393 463
394 440
395 478
396 485
397 444
398 473
399 455
400 472
401 468
402 460
403 498
404 468
405 451
406 466
407 453
408 533
409 483
410 509
411 494
412 474
413 495
414 468
415 487
416 440
417 469
418 469
419 489
420 464
421 485
422 475
423 479
424 477
425 448
426 463
427 474
428 445
429 448
430 461
431 451
432 420
433 473
434 440
435 397
436 419
437 456
438 432
439 442
440 442
441 435
442 451
443 443
444 408
445 453
446 436
447 453
448 463
449 478
450 443
451 467
452 462
453 449
454 482
455 439
456 411
457 492
458 417
459 458
460 456
461 496
462 446
463 450
464 440
465 437
466 440
467 433
468 465
469 415
470 440
471 419
472 457
473 429
474 451
475 436
476 419
477 409
478 446
479 407
480 452
481 442
482 414
483 411
484 433
485 414
486 417
487 436
488 436
489 439
490 400
491 433
492 393
493 444
494 400
495 428
496 377
497 418
498 416
499 398
500 404
501 421
502 411
503 359
504 429
505 407
506 361
507 373
508 381
509 376
510 376
511 384
512 339
513 358
514 381
515 376
516 367
517 403
518 386
519 369
520 322
521 343
522 350
523 392
524 394
525 371
526 371
527 372
528 330
529 360
530 345
531 371
532 353
533 358
534 351
535 338
536 344
537 367
538 325
539 344
540 339
541 334
542 320
543 269
544 379
545 325
546 354
547 353
548 329
549 363
550 350
551 337
552 343
553 317
554 341
555 331
556 336
557 333
558 331
559 320
560 341
561 347
562 310
563 305
564 323
565 305
566 300
567 360
568 324
569 317
570 302
571 327
572 323
573 326
574 307
575 319
576 308
577 307
578 309
579 330
580 288
581 310
582 345
583 278
584 301
585 296
586 279
587 279
588 288
589 268
590 299
591 319
592 276
593 309
594 256
595 283
596 261
597 305
598 273
599 307
600 283
601 285
602 268
603 277
604 286
605 297
606 278
607 264
608 285
609 286
610 262
611 292
612 253
613 275
614 297
615 274
616 287
617 269
618 286
619 258
620 252
621 280
622 267
623 285
624 278
625 267
626 282
627 253
628 274
629 227
630 261
631 242
632 262
633 265
634 275
635 260
636 258
637 252
638 251
639 240
640 248
641 267
642 237
643 258
644 260
645 243
646 265
647 248
648 256
649 236
650 249
651 251
652 267
653 275
654 247
655 239
656 277
657 221
658 220
659 247
660 261
661 228
662 255
663 265
664 221
665 217
666 260
667 220
668 244
669 223
670 241
671 204
672 237
673 211
674 216
675 241
676 246
677 241
678 237
679 235
680 205
681 216
682 228
683 227
684 225
685 194
686 242
687 213
688 226
689 205
690 212
691 211
692 223
693 210
694 216
695 201
696 239
697 211
698 199
699 233
700 221
701 201
702 195
703 202
704 209
705 207
706 184
707 215
708 203
709 183
710 206
711 190
712 212
713 214
714 213
715 204
716 228
717 196
718 195
719 213
720 187
721 211
722 195
723 186
724 217
725 186
726 201
727 187
728 206
729 181
730 209
731 186
732 188
733 180
734 207
735 184
736 190
737 165
738 156
739 184
740 172
741 213
742 170
743 195
744 159
745 192
746 173
747 177
748 171
749 186
750 188
751 158
752 197
753 192
754 189
755 162
756 168
757 151
758 174
759 155
760 185
761 163
762 159
763 159
764 176
765 160
766 152
767 143
768 164
769 146
770 130
771 160
772 164
773 161
774 156
775 150
776 149
777 174
778 158
779 126
780 127
781 138
782 147
783 169
784 163
785 163
786 143
787 147
788 139
789 136
790 157
791 168
792 157
793 143
794 147
795 121
796 145
797 168
798 143
799 160
800 152
801 133
802 144
803 105
804 146
805 155
806 137
807 141
808 136
809 132
810 129
811 136
812 131
813 119
814 144
815 127
816 134
817 130
818 121
819 131
820 134
821 151
822 120
823 110
824 135
825 121
826 113
827 122
828 101
829 88
830 110
831 129
832 103
833 110
834 111
835 129
836 118
837 115
838 122
839 116
840 108
841 119
842 131
843 109
844 127
845 117
846 105
847 102
848 120
849 86
850 120
851 107
852 102
853 117
854 109
855 113
856 117
857 101
858 124
859 117
860 133
861 114
862 101
863 120
864 95
865 107
866 111
867 119
868 119
869 97
870 110
871 107
872 98
873 107
874 84
875 91
876 84
877 114
878 102
879 109
880 83
881 101
882 114
883 98
884 84
885 91
886 96
887 97
888 97
889 95
890 87
891 95
892 100
893 82
894 91
895 95
896 110
897 67
898 92
899 89
900 86
901 76
902 83
903 104
904 108
905 73
906 80
907 99
908 87
909 74
910 81
911 89
912 94
913 80
914 76
915 93
916 77
917 72
918 85
919 74
920 84
921 70
922 81
923 76
924 71
925 72
926 96
927 83
928 72
929 70
930 91
931 69
932 57
933 85
934 82
935 73
936 64
937 65
938 80
939 51
940 77
941 63
942 72
943 96
944 61
945 63
946 74
947 91
948 63
949 66
950 85
951 75
952 74
953 72
954 68
955 75
956 61
957 68
958 80
959 64
960 73
961 63
962 63
963 82
964 73
965 71
966 54
967 67
968 54
969 65
970 52
971 55
972 48
973 56
974 61
975 79
976 60
977 61
978 58
979 70
980 40
981 68
982 59
983 52
984 60
985 60
986 55
987 59
988 49
989 63
990 51
991 67
992 60
993 45
994 50
995 59
996 49
997 65
998 56
999 62
1000 43
1001 53
1002 51
1003 52
1004 59
1005 49
1006 51
1007 48
1008 49
1009 52
1010 71
1011 54
1012 49
1013 54
1014 48
1015 47
1016 47
1017 59
1018 47
1019 52
1020 59
1021 41
1022 56
1023 53
1024 40
1025 63
1026 51
1027 51
1028 49
1029 47
1030 37
1031 51
1032 42
1033 39
1034 44
1035 47
1036 39
1037 35
1038 41
1039 37
1040 29
1041 41
1042 37
1043 38
1044 43
1045 42
1046 40
1047 27
1048 43
1049 39
1050 51
1051 38
1052 30
1053 47
1054 43
1055 37
1056 38
1057 46
1058 34
1059 36
1060 37
1061 38
1062 14
1063 42
1064 41
1065 36
1066 34
1067 38
1068 28
1069 37
1070 44
1071 34
1072 28
1073 30
1074 31
1075 34
1076 28
1077 36
1078 32
1079 20
1080 39
1081 34
1082 39
1083 39
1084 30
1085 32
1086 29
1087 31
1088 23
1089 33
1090 31
1091 30
1092 42
1093 27
1094 32
1095 31
1096 29
1097 30
1098 23
1099 27
1100 27
1101 30
1102 37
1103 29
1104 24
1105 24
1106 26
1107 25
1108 34
1109 27
1110 35
1111 22
1112 29
1113 24
1114 27
1115 27
1116 25
1117 18
1118 17
1119 25
1120 26
1121 20
1122 29
1123 25
1124 25
1125 29
1126 22
1127 20
1128 25
1129 25
1130 14
1131 22
1132 23
1133 28
1134 19
1135 28
1136 27
1137 20
1138 22
1139 26
1140 17
1141 29
1142 23
1143 18
1144 20
1145 29
1146 24
1147 17
1148 22
1149 22
1150 19
1151 24
1152 18
1153 17
1154 29
1155 19
1156 17
1157 23
1158 14
1159 16
1160 22
1161 15
1162 22
1163 18
1164 23
1165 14
1166 14
1167 18
1168 19
1169 15
1170 24
1171 15
1172 20
1173 15
1174 11
1175 8
1176 11
1177 13
1178 14
1179 19
1180 27
1181 20
1182 27
1183 20
1184 13
1185 15
1186 11
1187 18
1188 20
1189 9
1190 16
1191 12
1192 16
1193 16
1194 13
1195 19
1196 12
1197 16
1198 14
1199 15
1200 18
1201 10
1202 7
1203 12
1204 10
1205 17
1206 11
1207 9
1208 18
1209 16
1210 17
1211 9
1212 16
1213 13
1214 6
1215 12
1216 10
1217 11
1218 12
1219 9
1220 11
1221 19
1222 14
1223 12
1224 17
1225 12
1226 5
1227 6
1228 5
1229 14
1230 9
1231 11
1232 14
1233 12
1234 15
1235 9
1236 13
1237 15
1238 10
1239 5
1240 8
1241 12
1242 8
1243 10
1244 3
1245 8
1246 11
1247 11
1248 12
1249 6
1250 6
1251 8
1252 8
1253 6
1254 14
1255 2
1256 4
1257 7
1258 10
1259 17
1260 9
1261 7
1262 7
1263 6
1264 9
1265 6
1266 4
1267 11
1268 4
1269 13
1270 4
1271 4
1272 7
1273 8
1274 8
1275 6
1276 7
1277 5
1278 9
1279 5
1280 4
1281 10
1282 6
1283 6
1284 6
1285 9
1286 4
1287 8
1288 6
1289 7
1290 5
1291 6
1292 3
1293 6
1294 4
1295 12
1296 5
1297 8
1298 8
1299 6
1300 7
1301 9
1302 3
1303 4
1304 10
1305 7
1306 5
1307 6
1308 8
1309 4
1310 9
1311 4
1312 4
1313 4
1314 3
1315 4
1316 7
1317 8
1318 5
1319 7
1320 8
1321 3
1322 11
1323 5
1324 3
1325 5
1326 3
1327 3
1328 5
1329 4
1330 9
1331 3
1332 7
1333 3
1334 8
1335 1
1336 5
1337 6
1338 4
1339 4
1340 5
1341 2
1342 4
1343 4
1344 7
1345 5
1346 5
1347 4
1348 7
1349 2
1350 4
1351 2
1352 3
1353 2
1354 3
1355 2
1356 3
1357 5
1358 2
1359 2
1360 6
1361 1
1362 6
1363 3
1364 3
1365 3
1366 3
1367 4
1368 1
1369 7
1371 2
1372 3
1373 1
1374 4
1375 2
1376 2
1377 5
1378 3
1379 3
1380 4
1381 3
1384 3
1385 5
1386 2
1387 3
1388 2
1389 3
1390 3
1391 2
1392 2
1393 3
1394 1
1395 2
1396 3
1399 4
1400 4
1401 3
1403 3
1404 1
1405 3
1406 3
1407 3
1408 5
1409 2
1410 3
1411 2
1412 2
1413 2
1414 5
1415 3
1416 3
1417 4
1418 2
1419 5
1420 3
1422 3
1424 1
1425 4
1426 2
1427 1
1428 5
1429 2
1430 3
1431 1
1432 3
1434 5
1435 1
1436 5
1437 3
1438 1
1439 2
1440 1
1442 1
1443 3
1444 1
1445 1
1446 4
1447 2
1448 4
1449 3
1451 2
1452 1
1453 2
1454 1
1456 1
1457 2
1458 2
1459 2
1460 1
1462 2
1463 1
1464 2
1465 1
1466 1
1468 1
1470 1
1471 2
1472 2
1473 2
1474 2
1475 3
1476 3
1477 1
1478 2
1479 1
1481 4
1482 2
1483 2
1484 2
1486 2
1487 2
1488 3
1489 1
1490 1
1491 1
1492 2
1493 3
1494 1
1496 1
1497 2
1499 2
1500 3
1501 1
1502 2
1503 1
1510 3
1512 2
1513 4
1515 2
1516 2
1517 1
1518 3
1520 1
1522 3
1524 2
1525 1
1527 1
1529 1
1531 1
1533 1
1537 1
1538 2
1541 2
1543 1
1545 2
1546 2
1547 1
1550 1
1554 2
1555 1
1557 1
1558 1
1559 1
1560 1
1561 1
1565 1
1567 2
1568 1
1571 1
1574 1
1580 1
1581 1
1587 1
1590 1
1592 1
1593 1
1594 1
1596 1
1598 1
1599 1
1603 1
1605 1
1608 1
1610 1
1615 1
1620 1
1623 2
1626 1
1629 1
1632 1
1634 1
1641 1
1643 1
1645 1
1648 1
1659 1
1677 1
1683 1
