-1071 2
-1070 1
-1069 7
-1068 9
-1067 13
-1066 19
-1065 27
-1064 19
-1063 19
-1062 37
-1061 41
-1060 41
-1059 59
-1058 62
-1057 63
-1056 91
-1055 105
-1054 110
-1053 102
-1052 129
-1051 118
-1050 117
-1049 93
-1048 88
-1047 115
-1046 109
-1045 115
-1044 137
-1043 123
-1042 122
-1041 122
-1040 120
-1039 126
-1038 126
-1037 141
-1036 128
-1035 141
-1034 169
-1033 158
-1032 168
-1031 180
-1030 201
-1029 229
-1028 254
-1027 195
-1026 217
-1025 251
-1024 286
-1023 267
-1022 264
-1021 251
-1020 279
-1019 275
-1018 298
-1017 243
-1016 213
-1015 263
-1014 229
-1013 200
-1012 196
-1011 224
-1010 222
-1009 215
-1008 230
-1007 242
-1006 240
-1005 219
-1004 230
-1003 243
-1002 283
-1001 269
-1000 247
-999 269
-998 272
-997 271
-996 259
-995 307
-994 252
-993 264
-992 250
-991 237
-990 233
-989 239
-988 223
-987 245
-986 236
-985 266
-984 253
-983 232
-982 246
-981 274
-980 252
-979 271
-978 287
-977 286
-976 289
-975 315
-974 300
-973 305
-972 331
-971 260
-970 279
-969 275
-968 263
-967 285
-966 261
-965 290
-964 273
-963 282
-962 300
-961 284
-960 300
-959 304
-958 304
-957 308
-956 295
-955 285
-954 298
-953 297
-952 287
-951 311
-950 329
-949 312
-948 355
-947 323
-946 357
-945 389
-944 376
-943 363
-942 396
-941 345
-940 414
-939 395
-938 387
-937 408
-936 454
-935 403
-934 418
-933 467
-932 434
-931 437
-930 417
-929 447
-928 454
-927 437
-926 517
-925 474
-924 520
-923 509
-922 514
-921 536
-920 512
-919 522
-918 511
-917 565
-916 495
-915 553
-914 530
-913 593
-912 526
-911 587
-910 599
-909 644
-908 653
-907 614
-906 669
-905 726
-904 767
-903 711
-902 809
-901 778
-900 796
-899 761
-898 717
-897 710
-896 755
-895 796
-894 787
-893 738
-892 841
-891 795
-890 784
-889 822
-888 859
-887 888
-886 963
-885 970
-884 932
-883 954
-882 1071
-881 1046
-880 1088
-879 1090
-878 1156
-877 1205
-876 1244
-875 1327
-874 1280
-873 1357
-872 1323
-871 1380
-870 1409
-869 1415
-868 1381
-867 1382
-866 1444
-865 1531
-864 1448
-863 1488
-862 1492
-861 1530
-860 1541
-859 1462
-858 1519
-857 1490
-856 1595
-855 1579
-854 1541
-853 1564
-852 1607
-851 1571
-850 1624
-849 1706
-848 1620
-847 1627
-846 1687
-845 1663
-844 1744
-843 1722
-842 1612
-841 1738
-840 1811
-839 1761
-838 1819
-837 1856
-836 1855
-835 1858
-834 1886
-833 1841
-832 1854
-831 1937
-830 1920
-829 1886
-828 1904
-827 1919
-826 2005
-825 1891
-824 1931
-823 1982
-822 1906
-821 1977
-820 1960
-819 2080
-818 2026
-817 2096
-816 1995
-815 2025
-814 2068
-813 2112
-812 2182
-811 2053
-810 2192
-809 2134
-808 2248
-807 2210
-806 2263
-805 2289
-804 2362
-803 2394
-802 2519
-801 2524
-800 2563
-799 2611
-798 2758
-797 2781
-796 2863
-795 3055
-794 2937
-793 3041
-792 3008
-791 3043
-790 3029
-789 3048
-788 3148
-787 3207
-786 3176
-785 3165
-784 3223
-783 3225
-782 3195
-781 3212
-780 3272
-779 3338
-778 3246
-777 3289
-776 3365
-775 3385
-774 3329
-773 3379
-772 3483
-771 3494
-770 3415
-769 3445
-768 3600
-767 3642
-766 3646
-765 3785
-764 3789
-763 3958
-762 3811
-761 3805
-760 3928
-759 3819
-758 3801
-757 4000
-756 4036
-755 4010
-754 4215
-753 4095
-752 4061
-751 4124
-750 4120
-749 4285
-748 4162
-747 4372
-746 4302
-745 4500
-744 4386
-743 4360
-742 4314
-741 4441
-740 4354
-739 4495
-738 4513
-737 4628
-736 4628
-735 4456
-734 4426
-733 4556
-732 4570
-731 4664
-730 4671
-729 4772
-728 4692
-727 4798
-726 4869
-725 4935
-724 4989
-723 4946
-722 4855
-721 4905
-720 4939
-719 4888
-718 4938
-717 4824
-716 4937
-715 4970
-714 4946
-713 5056
-712 4854
-711 5035
-710 5158
-709 4980
-708 5053
-707 5091
-706 5023
-705 5049
-704 5093
-703 5078
-702 5089
-701 5138
-700 5101
-699 5159
-698 5097
-697 5109
-696 4974
-695 5085
-694 5079
-693 5159
-692 5196
-691 5162
-690 5068
-689 5081
-688 5063
-687 4958
-686 4967
-685 5233
-684 5148
-683 5201
-682 5111
-681 5016
-680 4959
-679 5087
-678 5031
-677 5142
-676 4964
-675 5169
-674 4939
-673 5115
-672 5071
-671 5172
-670 5287
-669 5250
-668 5294
-667 5174
-666 5145
-665 5097
-664 5098
-663 5266
-662 5240
-661 5424
-660 5351
-659 5412
-658 5229
-657 5449
-656 5306
-655 5498
-654 5516
-653 5414
-652 5604
-651 5604
-650 5630
-649 5528
-648 5720
-647 5578
-646 5527
-645 5557
-644 5661
-643 5744
-642 5749
-641 5644
-640 5636
-639 5838
-638 5710
-637 5817
-636 5680
-635 5750
-634 5924
-633 5843
-632 5805
-631 6059
-630 5878
-629 5971
-628 5987
-627 5826
-626 5829
-625 5972
-624 5804
-623 5859
-622 5874
-621 5792
-620 5907
-619 5932
-618 5964
-617 5934
-616 5863
-615 6013
-614 5963
-613 5949
-612 6169
-611 6177
-610 5979
-609 5776
-608 5977
-607 6064
-606 5936
-605 6115
-604 5956
-603 6062
-602 6093
-601 6165
-600 6086
-599 6163
-598 6167
-597 6218
-596 6208
-595 6214
-594 6180
-593 6110
-592 6364
-591 6441
-590 6398
-589 6484
-588 6262
-587 6524
-586 6536
-585 6356
-584 6572
-583 6607
-582 6607
-581 6620
-580 6705
-579 6671
-578 6780
-577 6982
-576 6866
-575 6955
-574 6944
-573 7033
-572 7148
-571 7196
-570 7123
-569 6940
-568 6960
-567 7039
-566 7070
-565 6973
-564 6914
-563 7041
-562 6932
-561 6761
-560 6859
-559 6912
-558 6650
-557 6818
-556 6810
-555 6643
-554 6491
-553 6648
-552 6689
-551 6642
-550 6430
-549 6659
-548 6648
-547 6500
-546 6451
-545 6475
-544 6576
-543 6427
-542 6564
-541 6432
-540 6523
-539 6463
-538 6403
-537 6477
-536 6549
-535 6460
-534 6433
-533 6501
-532 6458
-531 6488
-530 6486
-529 6519
-528 6537
-527 6613
-526 6504
-525 6660
-524 6612
-523 6703
-522 6748
-521 6812
-520 6845
-519 6637
-518 6887
-517 6890
-516 6891
-515 6908
-514 6825
-513 7044
-512 6946
-511 7107
-510 6930
-509 6992
-508 6981
-507 6790
-506 6886
-505 6909
-504 6924
-503 7038
-502 7150
-501 7123
-500 7092
-499 6955
-498 7041
-497 6996
-496 7114
-495 6992
-494 6958
-493 6872
-492 7014
-491 6838
-490 6826
-489 6886
-488 7058
-487 7037
-486 6950
-485 6835
-484 6982
-483 6993
-482 6800
-481 7017
-480 6894
-479 6828
-478 6956
-477 6940
-476 6759
-475 6872
-474 6812
-473 6859
-472 6774
-471 6786
-470 6806
-469 6782
-468 6749
-467 6784
-466 6950
-465 6758
-464 6844
-463 6929
-462 6835
-461 6764
-460 6627
-459 6883
-458 6964
-457 6975
-456 6906
-455 6903
-454 6790
-453 6868
-452 7024
-451 6775
-450 6764
-449 6870
-448 6812
-447 6949
-446 6750
-445 6823
-444 6630
-443 6636
-442 6611
-441 6580
-440 6607
-439 6671
-438 6653
-437 6613
-436 6743
-435 6718
-434 6768
-433 6676
-432 6749
-431 6627
-430 6702
-429 6633
-428 6621
-427 6608
-426 6560
-425 6666
-424 6707
-423 6676
-422 6520
-421 6392
-420 6383
-419 6539
-418 6455
-417 6394
-416 6571
-415 6383
-414 6206
-413 6412
-412 6450
-411 6330
-410 6326
-409 6205
-408 6226
-407 6298
-406 6325
-405 6332
-404 6311
-403 6209
-402 6387
-401 6235
-400 6362
-399 6356
-398 6461
-397 6281
-396 6327
-395 6324
-394 6184
-393 6174
-392 6231
-391 6302
-390 6218
-389 6125
-388 6152
-387 6067
-386 5958
-385 6041
-384 6046
-383 6023
-382 5834
-381 5975
-380 6007
-379 6034
-378 5771
-377 6086
-376 5946
-375 6101
-374 6022
-373 5896
-372 5794
-371 5872
-370 5853
-369 5948
-368 5772
-367 6044
-366 5869
-365 5875
-364 5810
-363 5826
-362 5710
-361 5743
-360 5850
-359 5741
-358 5703
-357 5624
-356 5579
-355 5497
-354 5681
-353 5536
-352 5542
-351 5387
-350 5279
-349 5411
-348 5392
-347 5461
-346 5434
-345 5337
-344 5268
-343 5357
-342 5350
-341 5248
-340 5227
-339 5237
-338 5317
-337 5236
-336 5343
-335 5070
-334 5233
-333 5086
-332 5065
-331 5145
-330 5056
-329 5080
-328 5086
-327 5016
-326 5045
-325 4890
-324 5020
-323 4936
-322 5010
-321 4981
-320 4725
-319 4941
-318 4885
-317 4767
-316 4794
-315 4684
-314 4705
-313 4632
-312 4534
-311 4577
-310 4555
-309 4412
-308 4571
-307 4610
-306 4549
-305 4551
-304 4533
-303 4511
-302 4507
-301 4457
-300 4545
-299 4563
-298 4502
-297 4388
-296 4448
-295 4434
-294 4478
-293 4468
-292 4469
-291 4465
-290 4395
-289 4340
-288 4299
-287 4397
-286 4366
-285 4298
-284 4300
-283 4255
-282 4246
-281 4068
-280 4127
-279 4135
-278 4186
-277 4121
-276 4126
-275 4107
-274 3965
-273 4099
-272 3899
-271 3981
-270 3931
-269 3684
-268 3979
-267 3902
-266 3821
-265 3643
-264 3853
-263 3655
-262 3817
-261 3680
-260 3675
-259 3617
-258 3791
-257 3809
-256 3591
-255 3629
-254 3589
-253 3750
-252 3460
-251 3566
-250 3638
-249 3554
-248 3617
-247 3500
-246 3503
-245 3402
-244 3400
-243 3507
-242 3466
-241 3381
-240 3407
-239 3446
-238 3297
-237 3234
-236 3376
-235 3315
-234 3284
-233 3258
-232 3296
-231 3209
-230 3269
-229 3215
-228 3215
-227 3177
-226 3179
-225 3198
-224 3239
-223 3178
-222 3092
-221 3134
-220 3130
-219 3121
-218 3135
-217 3149
-216 3154
-215 3187
-214 3104
-213 3045
-212 3094
-211 3071
-210 3082
-209 2968
-208 2962
-207 2957
-206 3107
-205 3022
-204 2946
-203 2933
-202 2974
-201 2848
-200 2911
-199 2891
-198 2865
-197 2837
-196 2801
-195 2871
-194 2805
-193 2809
-192 2829
-191 2794
-190 2788
-189 2823
-188 2750
-187 2660
-186 2802
-185 2712
-184 2722
-183 2596
-182 2764
-181 2707
-180 2730
-179 2594
-178 2624
-177 2567
-176 2644
-175 2604
-174 2604
-173 2573
-172 2553
-171 2570
-170 2457
-169 2491
-168 2508
-167 2482
-166 2432
-165 2524
-164 2495
-163 2417
-162 2473
-161 2475
-160 2385
-159 2354
-158 2470
-157 2366
-156 2334
-155 2390
-154 2373
-153 2302
-152 2338
-151 2375
-150 2316
-149 2288
-148 2338
-147 2300
-146 2258
-145 2279
-144 2199
-143 2192
-142 2187
-141 2109
-140 2275
-139 2214
-138 2197
-137 2179
-136 2103
-135 2232
-134 2035
-133 2153
-132 2177
-131 2179
-130 2168
-129 2049
-128 2112
-127 2135
-126 2061
-125 2089
-124 2130
-123 2017
-122 2087
-121 2117
-120 2070
-119 2074
-118 1997
-117 2017
-116 2063
-115 2035
-114 1950
-113 1895
-112 1912
-111 1995
-110 1960
-109 1974
-108 1927
-107 1886
-106 1892
-105 1855
-104 1858
-103 1902
-102 1900
-101 1910
-100 1884
-99 1908
-98 1730
-97 1910
-96 1825
-95 1785
-94 1773
-93 1804
-92 1877
-91 1826
-90 1767
-89 1789
-88 1765
-87 1734
-86 1698
-85 1686
-84 1793
-83 1752
-82 1690
-81 1625
-80 1719
-79 1617
-78 1688
-77 1657
-76 1569
-75 1675
-74 1561
-73 1639
-72 1648
-71 1610
-70 1597
-69 1619
-68 1614
-67 1528
-66 1614
-65 1561
-64 1562
-63 1559
-62 1527
-61 1528
-60 1482
-59 1519
-58 1504
-57 1522
-56 1447
-55 1529
-54 1497
-53 1435
-52 1430
-51 1427
-50 1394
-49 1415
-48 1478
-47 1401
-46 1435
-45 1381
-44 1435
-43 1397
-42 1348
-41 1379
-40 1417
-39 1444
-38 1380
-37 1303
-36 1384
-35 1367
-34 1351
-33 1350
-32 1393
-31 1298
-30 1393
-29 1407
-28 1367
-27 1344
-26 1312
-25 1320
-24 1309
-23 1303
-22 1301
-21 1331
-20 1306
-19 1286
-18 1271
-17 1229
-16 1305
-15 1267
-14 1160
-13 1236
-12 1203
-11 1160
-10 1234
-9 1200
-8 1183
-7 1236
-6 1133
-5 1125
-4 1198
-3 1162
-2 1165
-1 1196
0 1160
1 1088
2 1110
3 1090
4 1092
5 1144
6 1132
7 1166
8 1050
9 1128
10 1099
11 1133
12 1088
13 1081
14 1055
15 1004
16 1077
17 968
18 1081
19 1055
20 986
21 1067
22 968
23 1032
24 1051
25 963
26 1006
27 948
28 980
29 952
30 997
31 916
32 956
33 952
34 958
35 905
36 900
37 939
38 935
39 952
40 917
41 862
42 863
43 890
44 840
45 881
46 892
47 834
48 787
49 865
50 811
51 782
52 781
53 821
54 843
55 773
56 783
57 865
58 782
59 789
60 777
61 790
62 816
63 789
64 738
65 716
66 800
67 731
68 738
69 794
70 780
71 729
72 718
73 671
74 682
75 641
76 686
77 705
78 686
79 692
80 675
81 674
82 679
83 652
84 694
85 626
86 633
87 682
88 666
89 639
90 630
91 611
92 647
93 598
94 577
95 601
96 646
97 630
98 583
99 630
100 573
101 599
102 531
103 586
104 643
105 537
106 561
107 574
108 527
109 605
110 569
111 579
112 603
113 568
114 569
115 524
116 590
117 515
118 543
119 522
120 506
121 490
122 519
123 504
124 514
125 514
126 499
127 496
128 497
129 508
130 432
131 477
132 496
133 499
134 477
135 507
136 482
137 473
138 439
139 418
140 481
141 448
142 457
143 471
144 460
145 418
146 458
147 451
148 462
149 417
150 423
151 424
152 428
153 413
154 436
155 425
156 401
157 432
158 405
159 447
160 401
161 408
162 440
163 393
164 377
165 396
166 410
167 372
168 348
169 337
170 370
171 392
172 405
173 395
174 364
175 356
176 346
177 354
178 341
179 354
180 356
181 349
182 364
183 339
184 323
185 337
186 365
187 313
188 357
189 348
190 330
191 353
192 329
193 325
194 324
195 306
196 302
197 324
198 303
199 324
200 333
201 327
202 322
203 292
204 329
205 324
206 327
207 321
208 323
209 320
210 303
211 285
212 302
213 298
214 266
215 279
216 263
217 267
218 270
219 265
220 264
221 262
222 263
223 283
224 274
225 245
226 273
227 273
228 270
229 251
230 272
231 250
232 254
233 235
234 230
235 259
236 206
237 250
238 188
239 235
240 211
241 229
242 246
243 256
244 228
245 197
246 232
247 213
248 208
249 214
250 226
251 197
252 199
253 231
254 233
255 217
256 199
257 217
258 202
259 198
260 197
261 215
262 218
263 204
264 216
265 223
266 179
267 214
268 190
269 184
270 174
271 180
272 187
273 188
274 172
275 176
276 175
277 178
278 183
279 166
280 155
281 178
282 176
283 160
284 181
285 158
286 168
287 179
288 173
289 167
290 159
291 156
292 176
293 160
294 165
295 158
296 174
297 150
298 146
299 150
300 158
301 155
302 166
303 136
304 162
305 160
306 157
307 149
308 141
309 134
310 116
311 142
312 127
313 131
314 132
315 133
316 130
317 150
318 131
319 127
320 137
321 119
322 118
323 112
324 129
325 150
326 116
327 113
328 134
329 138
330 115
331 149
332 119
333 123
334 143
335 126
336 121
337 123
338 133
339 134
340 114
341 99
342 108
343 115
344 101
345 126
346 106
347 149
348 87
349 101
350 117
351 118
352 112
353 88
354 99
355 108
356 128
357 96
358 118
359 105
360 117
361 107
362 104
363 118
364 96
365 113
366 116
367 95
368 86
369 99
370 102
371 97
372 91
373 106
374 88
375 92
376 90
377 106
378 87
379 79
380 92
381 78
382 80
383 92
384 109
385 98
386 87
387 70
388 92
389 93
390 97
391 101
392 83
393 89
394 90
395 92
396 84
397 78
398 78
399 84
400 86
401 91
402 81
403 81
404 83
405 78
406 79
407 76
408 99
409 86
410 74
411 68
412 84
413 70
414 80
415 65
416 71
417 81
418 57
419 74
420 75
421 79
422 82
423 82
424 84
425 64
426 73
427 68
428 78
429 68
430 65
431 74
432 69
433 60
434 73
435 72
436 68
437 64
438 83
439 56
440 82
441 88
442 66
443 75
444 59
445 63
446 71
447 53
448 51
449 56
450 63
451 51
452 59
453 67
454 62
455 69
456 57
457 53
458 61
459 60
460 65
461 66
462 65
463 46
464 47
465 61
466 63
467 57
468 64
469 65
470 73
471 75
472 61
473 60
474 70
475 69
476 65
477 70
478 69
479 63
480 78
481 78
482 52
483 71
484 73
485 65
486 70
487 78
488 70
489 66
490 74
491 97
492 79
493 69
494 67
495 72
496 78
497 67
498 59
499 61
500 71
501 77
502 77
503 55
504 63
505 64
506 72
507 68
508 69
509 89
510 65
511 63
512 79
513 84
514 79
515 79
516 73
517 67
518 78
519 75
520 65
521 69
522 65
523 65
524 80
525 77
526 78
527 82
528 72
529 62
530 77
531 67
532 66
533 76
534 61
535 75
536 78
537 60
538 74
539 79
540 62
541 71
542 69
543 66
544 66
545 57
546 73
547 61
548 75
549 54
550 78
551 61
552 78
553 80
554 66
555 71
556 86
557 77
558 64
559 60
560 64
561 71
562 77
563 73
564 59
565 57
566 72
567 62
568 73
569 69
570 55
571 56
572 66
573 63
574 75
575 82
576 69
577 78
578 74
579 67
580 78
581 62
582 79
583 72
584 68
585 69
586 71
587 71
588 82
589 64
590 73
591 78
592 81
593 62
594 83
595 45
596 78
597 68
598 74
599 68
600 84
601 61
602 54
603 69
604 69
605 75
606 89
607 67
608 85
609 61
610 78
611 72
612 71
613 70
614 66
615 82
616 75
617 71
618 76
619 68
620 83
621 91
622 93
623 81
624 83
625 68
626 85
627 88
628 84
629 70
630 85
631 86
632 79
633 80
634 76
635 78
636 61
637 59
638 84
639 83
640 73
641 70
642 78
643 97
644 85
645 76
646 66
647 75
648 76
649 70
650 62
651 72
652 75
653 81
654 76
655 88
656 80
657 88
658 88
659 79
660 95
661 82
662 74
663 81
664 73
665 72
666 72
667 83
668 83
669 88
670 76
671 78
672 80
673 72
674 73
675 80
676 84
677 84
678 77
679 94
680 69
681 77
682 69
683 59
684 93
685 68
686 63
687 86
688 90
689 66
690 65
691 67
692 65
693 79
694 75
695 85
696 91
697 66
698 76
699 70
700 89
701 84
702 83
703 84
704 84
705 64
706 80
707 73
708 69
709 71
710 73
711 77
712 78
713 73
714 52
715 71
716 79
717 84
718 60
719 76
720 60
721 76
722 77
723 70
724 65
725 77
726 64
727 76
728 81
729 75
730 84
731 70
732 63
733 56
734 80
735 56
736 69
737 75
738 80
739 86
740 68
741 66
742 65
743 78
744 64
745 87
746 68
747 75
748 66
749 64
750 57
751 67
752 77
753 67
754 68
755 63
756 74
757 62
758 65
759 67
760 56
761 61
762 57
763 75
764 71
765 71
766 58
767 64
768 63
769 72
770 65
771 63
772 50
773 67
774 49
775 75
776 60
777 74
778 69
779 58
780 59
781 56
782 49
783 58
784 57
785 58
786 58
787 44
788 65
789 62
790 49
791 59
792 69
793 60
794 64
795 58
796 58
797 56
798 54
799 50
800 59
801 54
802 57
803 54
804 54
805 40
806 53
807 61
808 62
809 56
810 50
811 46
812 56
813 49
814 44
815 53
816 43
817 47
818 64
819 38
820 61
821 52
822 62
823 33
824 55
825 45
826 43
827 40
828 54
829 42
830 46
831 53
832 47
833 38
834 50
835 56
836 55
837 44
838 43
839 44
840 61
841 51
842 53
843 51
844 43
845 55
846 57
847 59
848 54
849 45
850 46
851 44
852 52
853 48
854 35
855 41
856 39
857 35
858 43
859 48
860 58
861 36
862 27
863 40
864 47
865 42
866 43
867 46
868 44
869 39
870 43
871 47
872 40
873 39
874 38
875 36
876 46
877 42
878 37
879 33
880 35
881 37
882 43
883 26
884 32
885 35
886 46
887 33
888 38
889 28
890 34
891 29
892 42
893 28
894 41
895 19
896 33
897 31
898 34
899 42
900 30
901 24
902 36
903 31
904 30
905 27
906 27
907 23
908 30
909 29
910 24
911 25
912 31
913 29
914 37
915 30
916 28
917 26
918 36
919 27
920 26
921 30
922 33
923 26
924 23
925 32
926 26
927 22
928 35
929 32
930 23
931 32
932 33
933 18
934 39
935 29
936 29
937 34
938 22
939 31
940 17
941 19
942 24
943 25
944 25
945 28
946 19
947 27
948 26
949 29
950 22
951 22
952 22
953 22
954 22
955 22
956 16
957 21
958 23
959 20
960 13
961 16
962 28
963 28
964 20
965 17
966 28
967 12
968 17
969 12
970 22
971 17
972 20
973 29
974 25
975 23
976 20
977 16
978 17
979 16
980 18
981 21
982 24
983 14
984 16
985 20
986 17
987 10
988 12
989 13
990 23
991 14
992 9
993 21
994 20
995 10
996 13
997 10
998 23
999 21
1000 16
1001 26
1002 23
1003 12
1004 12
1005 10
1006 17
1007 10
1008 20
1009 15
1010 15
1011 16
1012 11
1013 17
1014 16
1015 9
1016 11
1017 17
1018 10
1019 15
1020 14
1021 17
1022 11
1023 14
1024 13
1025 12
1026 11
1027 10
1028 9
1029 6
1030 7
1031 14
1032 16
1033 12
1034 13
1035 9
1036 11
1037 12
1038 10
1039 10
1040 8
1041 14
1042 8
1043 21
1044 11
1045 4
1046 14
1047 12
1048 13
1049 8
1050 10
1051 9
1052 18
1053 14
1054 6
1055 11
1056 15
1057 9
1058 8
1059 12
1060 11
1061 11
1062 10
1063 13
1064 7
1065 11
1066 10
1067 9
1068 16
1069 16
1070 5
1071 12
1072 10
1073 12
1074 7
1075 9
1076 7
1077 7
1078 9
1079 10
1080 6
1081 9
1082 10
1083 5
1084 7
1085 5
1086 5
1087 11
1088 7
1089 15
1090 9
1091 4
1092 17
1093 7
1094 4
1095 7
1096 10
1097 10
1098 5
1099 8
1100 5
1101 5
1102 7
1103 6
1104 9
1105 6
1106 8
1107 1
1108 6
1109 11
1110 7
1111 10
1112 8
1113 6
1114 5
1115 2
1116 3
1117 8
1118 7
1119 6
1120 10
1121 10
1122 5
1123 2
1124 9
1125 3
1126 6
1127 5
1128 4
1129 4
1130 7
1131 5
1132 2
1133 3
1134 4
1135 7
1136 9
1137 8
1138 7
1139 5
1140 4
1141 2
1142 4
1143 1
1144 5
1145 3
1146 2
1147 3
1148 5
1149 5
1150 7
1151 6
1152 4
1153 10
1154 3
1155 7
1156 5
1157 4
1158 3
1159 5
1160 4
1161 3
1162 5
1163 2
1164 5
1165 1
1166 3
1167 2
1168 10
1169 3
1170 7
1171 6
1172 4
1173 2
1174 2
1175 3
1176 4
1177 3
1178 9
1179 3
1180 6
1181 5
1182 6
1183 4
1184 1
1186 3
1187 7
1188 1
1189 2
1190 1
1191 4
1192 4
1193 4
1194 4
1195 5
1196 4
1197 3
1198 2
1199 5
1200 1
1201 3
1202 4
1203 4
1204 4
1206 1
1207 2
1208 1
1209 3
1210 4
1211 4
1212 3
1213 2
1215 3
1216 3
1217 1
1219 2
1220 3
1221 3
1222 1
1223 4
1224 1
1225 6
1226 2
1227 4
1228 3
1229 1
1230 2
1231 3
1233 3
1234 1
1236 4
1237 1
1238 1
1239 3
1240 1
1241 1
1242 3
1244 1
1245 1
1247 6
1248 2
1249 3
1251 1
1252 1
1253 3
1254 1
1255 2
1257 1
1258 2
1259 1
1262 2
1263 4
1264 1
1265 3
1266 1
1267 2
1269 1
1270 2
1271 3
1272 1
1273 1
1274 3
1275 2
1276 1
1278 4
1279 3
1280 2
1281 3
1282 1
1286 2
1289 3
1290 1
1291 1
1294 2
1295 1
1296 1
1300 2
1303 1
1306 2
1307 2
1308 1
1309 2
1310 2
1311 1
1314 1
1316 1
1317 2
1318 1
1319 1
1320 1
1322 2
1323 2
1324 1
1327 2
1329 1
1330 2
1332 1
1333 2
1334 2
1337 1
1338 2
1343 1
1345 2
1346 1
1347 1
1356 2
1361 1
1362 1
1366 2
1370 1
1375 1
1380 1
1384 2
1385 1
1388 2
1389 2
1390 1
1399 1
1402 2
1406 1
1407 1
1413 1
1415 1
1418 1
1423 2
1442 1
1443 1
1448 1
1456 1
1458 1
1464 1
1478 1
1498 1
