31 9
32 255
33 1960
34 5044
35 5681
36 4557
37 4247
38 5353
39 7918
40 9757
41 9604
42 10391
43 12574
44 14357
45 15331
46 17144
47 18459
48 17549
49 18164
50 17785
51 17490
52 17812
53 18797
54 19435
55 20073
56 21350
57 22234
58 23265
59 23321
60 23035
61 22967
62 23019
63 22713
64 24135
65 25491
66 26383
67 27020
68 27053
69 27097
70 27109
71 26970
72 28246
73 28974
74 27707
75 28321
76 27932
77 27034
78 27055
79 28852
80 30387
81 29983
82 29945
83 29602
84 30109
85 30886
86 31471
87 31333
88 30729
89 29319
90 28869
91 28502
92 28169
93 27693
94 28661
95 28734
96 28396
97 28396
98 28763
99 28696
100 28465
101 28271
102 28636
103 28696
104 27940
105 27281
106 26638
107 26348
108 25824
109 26003
110 25702
111 25342
112 25586
113 25444
114 26016
115 25358
116 25521
117 25526
118 25135
119 24736
120 24926
121 24129
122 23707
123 23286
124 23073
125 22688
126 22072
127 21867
128 21576
129 20561
130 19961
131 19795
132 19636
133 18932
134 18765
135 18580
136 18835
137 18525
138 18867
139 18850
140 18485
141 18253
142 17679
143 17079
144 17048
145 16941
146 16956
147 16489
148 16183
149 16198
150 15669
151 15514
152 15567
153 15446
154 14913
155 14929
156 14785
157 14182
158 13877
159 14048
160 13799
161 13713
162 13538
163 13256
164 13083
165 13184
166 12412
167 12293
168 12033
169 11856
170 11637
171 11433
172 11028
173 10879
174 10753
175 10516
176 10314
177 10088
178 10335
179 10078
180 9895
181 9834
182 9528
183 9519
184 9265
185 9177
186 8893
187 8666
188 8737
189 8630
190 8661
191 8456
192 8350
193 8243
194 8123
195 8117
196 7970
197 8145
198 8105
199 7880
200 7903
201 7692
202 7588
203 7791
204 7376
205 7326
206 7278
207 7256
208 7266
209 7014
210 6898
211 6919
212 6781
213 6861
214 6685
215 6677
216 6476
217 6381
218 6405
219 6352
220 6375
221 6268
222 6363
223 6171
224 6153
225 6133
226 6205
227 6020
228 5856
229 5672
230 5600
231 5455
232 5381
233 5434
234 5171
235 5182
236 4984
237 5065
238 4933
239 4746
240 4709
241 4661
242 4666
243 4551
244 4428
245 4423
246 4209
247 4260
248 4282
249 4163
250 4131
251 4043
252 4066
253 3904
254 3931
255 3901
256 3841
257 3861
258 3761
259 3788
260 3689
261 3625
262 3644
263 3576
264 3545
265 3377
266 3412
267 3325
268 3360
269 3328
270 3186
271 3170
272 3104
273 3162
274 3179
275 3034
276 3047
277 3077
278 2989
279 3049
280 3073
281 3109
282 2995
283 2895
284 2891
285 2835
286 2774
287 2865
288 2763
289 2792
290 2673
291 2735
292 2654
293 2684
294 2539
295 2575
296 2510
297 2503
298 2556
299 2602
300 2546
301 2461
302 2435
303 2410
304 2426
305 2442
306 2378
307 2385
308 2241
309 2284
310 2162
311 2206
312 2290
313 2186
314 2174
315 2215
316 2208
317 2162
318 2081
319 2196
320 2108
321 2183
322 2063
323 2084
324 2062
325 2036
326 2074
327 2034
328 2054
329 1977
330 1954
331 1848
332 1893
333 1921
334 1849
335 1826
336 1832
337 1836
338 1839
339 1815
340 1754
341 1722
342 1779
343 1657
344 1703
345 1701
346 1644
347 1694
348 1613
349 1608
350 1613
351 1647
352 1590
353 1603
354 1630
355 1660
356 1615
357 1561
358 1536
359 1567
360 1538
361 1515
362 1452
363 1464
364 1428
365 1444
366 1485
367 1511
368 1419
369 1412
370 1418
371 1337
372 1414
373 1427
374 1404
375 1298
376 1394
377 1283
378 1379
379 1324
380 1280
381 1264
382 1265
383 1231
384 1254
385 1271
386 1238
387 1275
388 1257
389 1193
390 1172
391 1229
392 1147
393 1232
394 1200
395 1194
396 1166
397 1165
398 1134
399 1136
400 1078
401 1073
402 1102
403 1082
404 1051
405 1061
406 1061
407 1088
408 1014
409 1013
410 1054
411 1061
412 1035
413 985
414 991
415 1002
416 983
417 945
418 1014
419 1019
420 963
421 940
422 984
423 1023
424 930
425 933
426 933
427 900
428 937
429 912
430 954
431 832
432 866
433 867
434 878
435 832
436 855
437 846
438 863
439 817
440 795
441 837
442 783
443 751
444 815
445 838
446 807
447 764
448 780
449 786
450 729
451 789
452 739
453 767
454 736
455 743
456 746
457 702
458 750
459 665
460 729
461 707
462 712
463 727
464 724
465 695
466 661
467 672
468 652
469 730
470 653
471 660
472 626
473 700
474 642
475 619
476 691
477 661
478 635
479 669
480 646
481 651
482 657
483 592
484 554
485 653
486 600
487 590
488 557
489 526
490 568
491 572
492 600
493 569
494 572
495 544
496 596
497 549
498 531
499 557
500 561
501 551
502 559
503 480
504 523
505 552
506 501
507 487
508 521
509 527
510 505
511 497
512 494
513 453
514 476
515 510
516 497
517 464
518 494
519 479
520 457
521 452
522 462
523 467
524 463
525 492
526 469
527 443
528 454
529 434
530 431
531 425
532 460
533 426
534 474
535 408
536 443
537 398
538 425
539 413
540 417
541 443
542 423
543 404
544 447
545 428
546 422
547 408
548 376
549 391
550 397
551 390
552 419
553 412
554 420
555 409
556 401
557 384
558 383
559 388
560 355
561 383
562 360
563 364
564 362
565 373
566 345
567 380
568 400
569 366
570 345
571 346
572 353
573 374
574 368
575 335
576 313
577 332
578 339
579 341
580 334
581 338
582 324
583 317
584 333
585 319
586 337
587 351
588 315
589 340
590 324
591 321
592 294
593 282
594 306
595 313
596 311
597 310
598 287
599 283
600 321
601 297
602 269
603 281
604 297
605 309
606 275
607 291
608 321
609 296
610 274
611 272
612 279
613 272
614 317
615 289
616 275
617 287
618 276
619 267
620 297
621 280
622 265
623 270
624 275
625 261
626 279
627 225
628 266
629 275
630 277
631 263
632 243
633 235
634 256
635 253
636 248
637 228
638 261
639 240
640 238
641 232
642 229
643 238
644 235
645 234
646 237
647 228
648 222
649 239
650 229
651 244
652 250
653 248
654 220
655 236
656 223
657 231
658 209
659 234
660 222
661 228
662 225
663 207
664 213
665 246
666 207
667 230
668 244
669 198
670 202
671 213
672 198
673 186
674 239
675 221
676 188
677 195
678 216
679 204
680 225
681 217
682 213
683 200
684 207
685 201
686 181
687 196
688 204
689 189
690 199
691 179
692 195
693 183
694 187
695 187
696 213
697 190
698 180
699 221
700 171
701 162
702 178
703 190
704 167
705 194
706 155
707 185
708 159
709 167
710 172
711 171
712 178
713 181
714 147
715 159
716 164
717 181
718 170
719 158
720 175
721 132
722 153
723 162
724 150
725 168
726 164
727 155
728 127
729 153
730 164
731 161
732 124
733 164
734 155
735 149
736 157
737 167
738 143
739 130
740 144
741 158
742 157
743 145
744 127
745 143
746 124
747 142
748 111
749 145
750 158
751 125
752 144
753 154
754 130
755 132
756 123
757 131
758 130
759 138
760 138
761 147
762 126
763 137
764 101
765 120
766 128
767 113
768 134
769 134
770 119
771 121
772 109
773 112
774 120
775 124
776 114
777 124
778 128
779 105
780 119
781 138
782 122
783 110
784 126
785 107
786 124
787 112
788 99
789 102
790 135
791 118
792 128
793 99
794 103
795 132
796 133
797 97
798 123
799 107
800 112
801 117
802 113
803 109
804 101
805 93
806 106
807 92
808 110
809 122
810 76
811 109
812 107
813 107
814 131
815 92
816 101
817 116
818 104
819 125
820 98
821 113
822 109
823 105
824 104
825 84
826 86
827 77
828 125
829 95
830 84
831 112
832 97
833 90
834 94
835 80
836 90
837 100
838 81
839 90
840 91
841 89
842 95
843 86
844 92
845 84
846 91
847 89
848 86
849 87
850 70
851 95
852 102
853 82
854 97
855 88
856 91
857 94
858 68
859 96
860 86
861 87
862 84
863 71
864 86
865 87
866 89
867 76
868 75
869 80
870 73
871 78
872 74
873 81
874 79
875 86
876 60
877 86
878 77
879 66
880 82
881 105
882 102
883 60
884 62
885 82
886 76
887 79
888 75
889 62
890 69
891 66
892 73
893 76
894 80
895 74
896 61
897 78
898 78
899 58
900 74
901 69
902 58
903 65
904 66
905 63
906 68
907 59
908 53
909 53
910 53
911 65
912 54
913 55
914 56
915 67
916 55
917 64
918 70
919 68
920 59
921 67
922 63
923 53
924 61
925 63
926 70
927 78
928 61
929 54
930 50
931 67
932 53
933 65
934 76
935 61
936 78
937 69
938 50
939 52
940 62
941 61
942 56
943 49
944 54
945 65
946 56
947 47
948 45
949 57
950 55
951 68
952 50
953 45
954 55
955 45
956 45
957 58
958 68
959 63
960 52
961 52
962 46
963 55
964 55
965 49
966 51
967 53
968 55
969 40
970 51
971 56
972 56
973 37
974 56
975 61
976 50
977 55
978 43
979 41
980 41
981 48
982 52
983 45
984 51
985 61
986 57
987 60
988 50
989 57
990 56
991 61
992 42
993 57
994 47
995 49
996 55
997 41
998 51
999 62
1000 52
1001 50
1002 47
1003 49
1004 41
1005 42
1006 56
1007 37
1008 56
1009 59
1010 42
1011 55
1012 39
1013 47
1014 41
1015 42
1016 48
1017 52
1018 48
1019 35
1020 41
1021 35
1022 41
1023 48
1024 46
1025 40
1026 42
1027 42
1028 40
1029 39
1030 44
1031 48
1032 41
1033 45
1034 48
1035 45
1036 47
1037 47
1038 40
1039 37
1040 33
1041 40
1042 44
1043 38
1044 49
1045 38
1046 36
1047 41
1048 57
1049 34
1050 36
1051 29
1052 52
1053 47
1054 49
1055 51
1056 33
1057 34
1058 42
1059 33
1060 40
1061 47
1062 34
1063 40
1064 41
1065 38
1066 35
1067 31
1068 37
1069 35
1070 36
1071 37
1072 41
1073 43
1074 44
1075 31
1076 47
1077 38
1078 30
1079 39
1080 34
1081 32
1082 41
1083 43
1084 32
1085 38
1086 30
1087 45
1088 35
1089 41
1090 37
1091 38
1092 34
1093 38
1094 40
1095 31
1096 34
1097 48
1098 35
1099 37
1100 38
1101 32
1102 37
1103 32
1104 37
1105 22
1106 34
1107 36
1108 36
1109 31
1110 28
1111 40
1112 33
1113 44
1114 36
1115 26
1116 36
1117 30
1118 22
1119 29
1120 36
1121 36
1122 28
1123 29
1124 33
1125 25
1126 26
1127 39
1128 45
1129 34
1130 31
1131 32
1132 31
1133 33
1134 36
1135 38
1136 27
1137 22
1138 26
1139 24
1140 39
1141 26
1142 30
1143 41
1144 25
1145 23
1146 32
1147 22
1148 24
1149 36
1150 35
1151 31
1152 33
1153 22
1154 26
1155 35
1156 24
1157 21
1158 32
1159 32
1160 29
1161 18
1162 34
1163 25
1164 24
1165 30
1166 34
1167 31
1168 28
1169 28
1170 22
1171 21
1172 18
1173 27
1174 23
1175 26
1176 31
1177 34
1178 19
1179 24
1180 31
1181 21
1182 21
1183 23
1184 15
1185 21
1186 28
1187 23
1188 22
1189 25
1190 33
1191 30
1192 28
1193 20
1194 22
1195 24
1196 26
1197 20
1198 26
1199 18
1200 24
1201 19
1202 28
1203 30
1204 24
1205 19
1206 25
1207 28
1208 30
1209 24
1210 19
1211 26
1212 14
1213 21
1214 31
1215 29
1216 27
1217 25
1218 27
1219 17
1220 21
1221 23
1222 15
1223 21
1224 16
1225 20
1226 24
1227 19
1228 25
1229 18
1230 20
1231 28
1232 17
1233 23
1234 24
1235 27
1236 19
1237 23
1238 22
1239 28
1240 21
1241 22
1242 27
1243 19
1244 14
1245 19
1246 24
1247 22
1248 20
1249 26
1250 20
1251 20
1252 19
1253 15
1254 21
1255 23
1256 21
1257 25
1258 20
1259 21
1260 20
1261 18
1262 16
1263 15
1264 33
1265 18
1266 21
1267 20
1268 27
1269 21
1270 13
1271 14
1272 25
1273 25
1274 13
1275 22
1276 33
1277 7
1278 20
1279 19
1280 19
1281 19
1282 19
1283 19
1284 15
1285 17
1286 21
1287 13
1288 15
1289 17
1290 18
1291 20
1292 16
1293 25
1294 19
1295 25
1296 21
1297 15
1298 16
1299 15
1300 20
1301 19
1302 14
1303 22
1304 15
1305 20
1306 12
1307 16
1308 19
1309 19
1310 15
1311 12
1312 13
1313 21
1314 18
1315 18
1316 18
1317 15
1318 13
1319 20
1320 13
1321 13
1322 21
1323 19
1324 17
1325 17
1326 11
1327 15
1328 16
1329 13
1330 11
1331 15
1332 14
1333 18
1334 20
1335 16
1336 17
1337 14
1338 16
1339 18
1340 19
1341 11
1342 18
1343 18
1344 22
1345 18
1346 15
1347 20
1348 13
1349 15
1350 12
1351 10
1352 23
1353 17
1354 15
1355 11
1356 10
1357 13
1358 12
1359 13
1360 9
1361 22
1362 17
1363 12
1364 18
1365 18
1366 17
1367 14
1368 16
1369 17
1370 15
1371 8
1372 19
1373 16
1374 17
1375 17
1376 15
1377 9
1378 10
1379 9
1380 16
1381 15
1382 15
1383 11
1384 11
1385 19
1386 17
1387 14
1388 12
1389 15
1390 14
1391 13
1392 6
1393 9
1394 13
1395 16
1396 14
1397 14
1398 17
1399 19
1400 18
1401 13
1402 21
1403 20
1404 12
1405 14
1406 15
1407 17
1408 15
1409 9
1410 12
1411 24
1412 14
1413 15
1414 9
1415 12
1416 10
1417 13
1418 10
1419 13
1420 12
1421 11
1422 8
1423 13
1424 15
1425 7
1426 12
1427 9
1428 21
1429 14
1430 12
1431 11
1432 11
1433 13
1434 12
1435 12
1436 11
1437 7
1438 12
1439 13
1440 9
1441 16
1442 13
1443 9
1444 5
1445 15
1446 12
1447 13
1448 15
1449 16
1450 9
1451 18
1452 14
1453 10
1454 11
1455 11
1456 11
1457 19
1458 9
1459 14
1460 13
1461 14
1462 10
1463 12
1464 7
1465 15
1466 10
1467 12
1468 13
1469 11
1470 9
1471 11
1472 10
1473 7
1474 7
1475 17
1476 9
1477 12
1478 10
1479 13
1480 14
1481 10
1482 12
1483 18
1484 6
1485 15
1486 6
1487 12
1488 11
1489 12
1490 15
1491 10
1492 14
1493 11
1494 9
1495 11
1496 7
1497 16
1498 11
1499 14
1500 12
1501 9
1502 7
1503 13
1504 12
1505 16
1506 11
1507 17
1508 11
1509 12
1510 11
1511 5
1512 8
1513 11
1514 12
1515 13
1516 9
1517 14
1518 13
1519 7
1520 9
1521 10
1522 10
1523 6
1524 15
1525 4
1526 10
1527 9
1528 7
1529 11
1530 13
1531 14
1532 10
1533 6
1534 8
1535 9
1536 13
1537 7
1538 11
1539 12
1540 4
1541 7
1542 13
1543 7
1544 11
1545 5
1546 7
1547 7
1548 9
1549 10
1550 15
1551 6
1552 8
1553 8
1554 6
1555 7
1556 11
1557 14
1558 8
1559 11
1560 9
1561 8
1562 6
1563 5
1564 15
1565 8
1566 12
1567 5
1568 7
1569 7
1570 8
1571 7
1572 11
1573 10
1574 9
1575 7
1576 7
1577 6
1578 16
1579 7
1580 6
1581 7
1582 13
1583 10
1584 3
1585 16
1586 10
1587 9
1588 2
1589 10
1590 7
1591 10
1592 6
1593 3
1594 7
1595 5
1596 13
1597 9
1598 10
1599 9
1600 8
1601 11
1602 13
1603 5
1604 8
1605 4
1606 3
1607 11
1608 2
1609 7
1610 4
1611 4
1612 7
1613 9
1614 10
1615 4
1616 10
1617 10
1618 5
1619 8
1620 9
1621 8
1622 10
1623 9
1624 7
1625 13
1626 8
1627 8
1628 8
1629 8
1630 10
1631 8
1632 9
1633 4
1634 6
1635 9
1636 7
1637 8
1638 15
1639 6
1640 9
1641 9
1642 5
1643 6
1644 9
1645 6
1646 8
1647 8
1648 11
1649 7
1650 6
1651 11
1652 9
1653 6
1654 7
1655 6
1656 8
1657 8
1658 6
1659 12
1660 8
1661 7
1662 9
1663 7
1664 16
1665 3
1666 9
1667 9
1668 6
1669 9
1670 8
1671 5
1672 5
1673 8
1674 6
1675 8
1676 9
1677 4
1678 1
1679 9
1680 6
1681 9
1682 3
1683 2
1684 5
1685 4
1686 2
1687 7
1688 4
1689 4
1690 4
1691 4
1692 4
1693 7
1694 10
1695 7
1696 4
1697 11
1698 6
1699 8
1700 3
1701 7
1702 7
1703 5
1704 8
1705 9
1706 5
1707 10
1708 4
1709 5
1710 9
1711 3
1712 3
1713 7
1714 4
1715 7
1716 4
1717 5
1718 3
1719 5
1720 9
1721 7
1722 9
1723 10
1724 8
1725 12
1726 3
1727 4
1728 9
1729 3
1730 5
1731 8
1732 1
1733 11
1734 8
1735 5
1736 7
1737 9
1738 4
1739 4
1740 5
1741 7
1742 5
1743 6
1744 4
1745 8
1746 3
1747 9
1748 6
1749 9
1750 13
1751 4
1752 4
1753 8
1754 4
1755 8
1756 7
1757 3
1758 4
1759 6
1760 4
1761 3
1762 5
1763 6
1764 3
1765 8
1766 5
1767 10
1768 2
1770 12
1771 6
1772 4
1773 2
1774 14
1775 3
1776 5
1777 3
1778 7
1779 8
1780 5
1781 9
1782 3
1783 4
1784 8
1785 3
1786 5
1787 5
1788 13
1789 7
1790 6
1791 5
1792 8
1793 2
1794 4
1795 5
1796 6
1797 5
1798 7
1799 8
1800 5
1801 4
1802 6
1803 4
1804 5
1805 4
1806 1
1807 7
1808 6
1809 5
1810 2
1811 5
1812 6
1813 6
1814 8
1815 5
1816 4
1817 6
1818 4
1819 3
1820 7
1821 10
1822 4
1823 3
1824 4
1825 2
1826 5
1827 5
1828 5
1829 4
1830 5
1831 6
1832 2
1833 3
1834 5
1835 4
1836 6
1837 11
1838 9
1839 6
1840 2
1841 5
1842 2
1843 3
1844 3
1845 10
1846 6
1847 9
1848 4
1849 2
1850 7
1851 3
1852 6
1853 4
1854 6
1855 9
1856 4
1857 6
1858 3
1859 2
1860 7
1861 7
1862 5
1864 1
1865 8
1866 8
1867 8
1868 6
1869 3
1870 3
1871 7
1872 7
1873 3
1874 5
1875 4
1876 6
1877 2
1878 9
1879 9
1880 3
1881 7
1882 6
1883 5
1884 2
1886 5
1887 2
1888 9
1889 8
1890 3
1891 3
1892 4
1893 5
1894 3
1895 5
1896 7
1897 3
1898 6
1899 5
1900 3
1901 6
1902 2
1903 11
1904 7
1905 2
1906 6
1907 5
1908 3
1909 2
1910 4
1911 11
1912 8
1913 5
1914 6
1915 6
1916 5
1917 4
1918 4
1919 7
1920 6
1921 2
1922 3
1923 5
1924 3
1925 3
1926 8
1927 3
1928 6
1929 5
1930 6
1931 6
1932 4
1933 3
1934 8
1935 5
1936 10
1937 6
1938 7
1939 8
1940 4
1941 2
1942 11
1943 4
1944 2
1945 5
1946 1
1947 4
1948 3
1949 6
1950 5
1951 4
1952 2
1953 4
1954 4
1955 2
1956 6
1957 2
1958 1
1959 6
1960 8
1961 1
1962 3
1963 13
1964 4
1965 5
1966 9
1967 5
1968 5
1969 4
1970 5
1971 6
1972 9
1973 4
1974 5
1975 4
1976 6
1977 3
1978 5
1979 1
1980 1
1981 6
1982 7
1984 4
1985 5
1986 3
1987 5
1988 3
1989 6
1990 6
1991 3
1992 4
1993 3
1994 3
1995 3
1996 2
1997 1
1998 5
1999 2
2000 5
2001 3
2002 5
2003 1
2004 3
2005 8
2006 4
2007 5
2008 7
2009 3
2010 2
2011 2
2012 3
2013 6
2014 5
2015 4
2016 5
2017 7
2018 6
2019 5
2020 3
2021 5
2022 6
2023 7
2024 2
2025 10
2026 6
2027 4
2028 3
2029 4
2031 3
2032 2
2033 7
2034 3
2035 1
2036 3
2037 2
2038 2
2039 6
2040 5
2041 1
2042 6
2043 7
2044 2
2045 4
2046 2
2047 4
2048 4
2049 6
2050 3
2051 2
2052 5
2053 5
2054 4
2055 5
2056 7
2057 5
2058 6
2059 10
2060 4
2061 4
2062 1
2063 4
2064 4
2065 4
2066 6
2067 2
2068 2
2069 3
2070 3
2071 5
2072 6
2073 6
2074 6
2075 4
2076 3
2077 1
2078 8
2079 5
2080 4
2081 5
2082 1
2083 7
2084 2
2085 1
2087 3
2088 2
2089 4
2090 6
2091 4
2092 6
2093 5
2094 2
2095 5
2096 6
2097 3
2098 6
2099 5
2100 3
2101 6
2102 3
2103 4
2104 4
2105 4
2106 3
2107 3
2108 9
2109 6
2110 3
2111 1
2112 2
2113 5
2114 4
2115 2
2116 6
2117 1
2118 4
2119 2
2120 5
2121 2
2122 3
2123 5
2124 3
2125 2
2126 2
2127 3
2128 3
2129 4
2130 4
2132 2
2133 2
2134 3
2135 4
2136 1
2137 2
2138 2
2139 5
2140 3
2141 4
2142 1
2143 5
2144 5
2145 4
2146 3
2147 3
2148 2
2149 6
2150 2
2151 7
2152 5
2153 3
2154 5
2155 1
2156 1
2157 3
2158 3
2159 11
2160 4
2161 3
2162 6
2163 3
2164 1
2165 4
2166 4
2167 5
2168 3
2169 3
2170 6
2171 3
2172 2
2173 3
2174 3
2175 4
2176 2
2177 2
2178 1
2179 1
2180 3
2181 4
2182 1
2184 1
2185 3
2186 3
2187 4
2188 1
2189 4
2190 3
2192 2
2193 6
2194 4
2195 3
2196 7
2197 3
2198 2
2199 3
2200 2
2201 2
2202 3
2203 5
2204 4
2205 3
2206 6
2207 2
2208 5
2209 2
2210 2
2212 1
2213 3
2214 1
2215 1
2216 1
2217 4
2218 1
2220 5
2221 5
2222 3
2223 2
2224 3
2225 2
2227 3
2228 2
2229 1
2230 2
2231 1
2232 6
2233 8
2234 2
2235 1
2236 3
2237 2
2238 4
2239 2
2240 2
2241 2
2242 1
2243 4
2244 3
2245 1
2246 4
2247 3
2248 4
2249 5
2250 2
2251 2
2252 3
2253 5
2254 1
2255 6
2256 3
2257 1
2258 5
2259 2
2260 6
2261 1
2262 2
2263 3
2264 5
2265 4
2266 5
2267 5
2268 1
2269 3
2270 2
2271 2
2272 4
2273 4
2274 3
2275 3
2276 4
2277 3
2278 3
2279 4
2280 3
2281 6
2282 4
2283 6
2284 2
2285 1
2286 2
2287 3
2288 5
2289 5
2290 5
2291 5
2292 3
2293 3
2295 1
2296 3
2297 2
2298 2
2299 4
2300 4
2301 2
2302 1
2303 4
2304 1
2305 7
2306 3
2307 4
2308 1
2309 5
2310 3
2311 2
2312 1
2313 5
2314 5
2316 2
2317 1
2318 2
2319 3
2320 4
2321 4
2322 3
2323 6
2324 1
2326 5
2327 2
2328 2
2329 2
2330 1
2331 1
2332 2
2333 5
2334 6
2335 9
2336 2
2337 3
2338 1
2339 2
2340 4
2341 4
2342 3
2343 4
2344 7
2346 5
2347 4
2348 4
2349 3
2350 5
2352 4
2353 1
2354 3
2355 3
2356 1
2357 4
2358 6
2359 5
2360 7
2361 3
2362 1
2363 4
2364 4
2365 5
2366 7
2367 3
2368 1
2369 4
2370 2
2371 2
2372 2
2373 1
2374 3
2375 4
2376 1
2377 3
2379 1
2380 1
2381 1
2382 4
2383 1
2385 1
2386 1
2387 3
2388 2
2389 3
2390 1
2391 1
2392 4
2393 3
2394 5
2395 2
2396 4
2397 2
2398 4
2399 4
2400 3
2401 3
2402 4
2403 2
2404 4
2405 3
2406 2
2408 4
2409 7
2410 3
2411 1
2412 3
2413 5
2415 3
2416 6
2417 4
2418 1
2419 3
2420 3
2421 2
2422 1
2423 2
2424 3
2425 3
2426 2
2427 4
2428 2
2429 4
2431 1
2432 5
2434 2
2435 2
2436 1
2437 6
2438 1
2439 2
2440 3
2441 1
2442 3
2443 4
2444 1
2445 1
2446 3
2447 2
2448 3
2449 4
2450 2
2451 2
2452 2
2453 4
2454 6
2455 3
2456 3
2457 2
2458 1
2459 3
2460 3
2461 2
2462 3
2463 7
2464 2
2465 3
2466 2
2467 2
2468 2
2469 4
2470 3
2471 4
2472 4
2475 1
2476 3
2477 4
2478 3
2479 2
2480 4
2481 4
2482 3
2483 2
2484 5
2485 2
2486 6
2487 2
2488 4
2489 1
2491 1
2492 2
2493 3
2494 2
2495 5
2496 1
2497 2
2498 3
2499 4
2500 4
2501 5
2502 1
2503 5
2504 2
2505 3
2506 3
2507 5
2508 1
2509 2
2510 2
2511 1
2512 1
2513 1
2514 3
2515 4
2516 5
2517 4
2518 3
2519 4
2520 3
2521 3
2523 2
2524 5
2525 3
2526 3
2527 1
2528 3
2529 5
2531 2
2532 2
2534 3
2535 4
2536 1
2537 4
2538 2
2539 1
2540 5
2541 2
2542 4
2543 5
2545 1
2546 4
2547 1
2548 2
2549 6
2550 3
2551 2
2552 3
2554 2
2555 3
2556 4
2557 4
2558 3
2559 1
2560 2
2562 3
2563 2
2564 1
2565 1
2566 6
2567 1
2568 1
2569 4
2570 1
2571 1
2572 3
2573 2
2574 3
2575 3
2577 2
2578 3
2579 2
2580 2
2581 2
2582 2
2584 3
2585 1
2586 5
2587 1
2589 3
2590 3
2591 7
2592 4
2593 5
2594 1
2595 2
2596 2
2597 7
2598 1
2599 2
2600 2
2602 3
2603 2
2604 3
2605 1
2606 2
2607 1
2608 4
2609 2
2610 4
2611 3
2612 5
2613 4
2614 1
2615 4
2616 3
2617 2
2618 2
2619 4
2620 3
2621 4
2622 3
2623 1
2624 3
2625 4
2626 7
2627 5
2628 2
2629 3
2630 2
2631 1
2632 5
2633 1
2634 4
2635 3
2636 4
2637 2
2638 6
2639 2
2640 2
2641 4
2642 4
2643 1
2644 4
2645 2
2646 4
2647 1
2648 2
2649 2
2650 1
2651 2
2652 3
2653 1
2654 6
2655 2
2656 6
2657 2
2659 2
2660 1
2661 2
2662 1
2663 3
2664 2
2665 1
2666 3
2668 4
2669 4
2670 6
2671 3
2672 4
2673 5
2674 4
2675 2
2676 1
2677 6
2678 2
2679 1
2681 6
2682 3
2684 3
2685 1
2686 4
2687 1
2688 3
2689 5
2690 2
2691 3
2692 2
2693 1
2695 5
2696 3
2697 2
2698 3
2699 1
2700 2
2701 1
2703 1
2704 1
2705 2
2706 3
2707 2
2708 2
2709 2
2710 2
2711 1
2712 3
2714 2
2715 6
2716 4
2717 1
2718 3
2719 1
2720 1
2721 1
2722 5
2723 2
2724 3
2725 2
2726 5
2727 3
2728 3
2729 1
2730 1
2731 1
2732 3
2733 4
2734 5
2735 2
2737 1
2738 1
2739 3
2740 1
2741 3
2742 5
2743 1
2744 3
2745 1
2746 3
2747 3
2748 4
2749 3
2750 3
2751 2
2752 2
2753 4
2754 2
2755 2
2756 1
2758 3
2759 2
2760 3
2761 2
2762 3
2764 4
2765 1
2766 1
2767 3
2768 4
2769 3
2770 4
2771 2
2772 1
2773 1
2775 2
2776 3
2778 2
2779 2
2780 1
2781 1
2783 4
2784 5
2785 1
2786 1
2787 2
2788 2
2789 2
2790 4
2791 6
2792 3
2793 7
2794 3
2795 2
2796 2
2797 3
2798 4
2799 5
2800 2
2801 3
2802 2
2803 1
2805 1
2806 3
2807 1
2808 1
2809 3
2810 2
2811 4
2813 3
2814 1
2815 5
2816 2
2817 1
2818 3
2819 2
2820 3
2821 3
2822 3
2823 2
2825 1
2826 1
2827 4
2828 1
2829 3
2830 5
2831 2
2832 1
2833 4
2834 1
2835 2
2836 1
2837 3
2838 3
2839 3
2840 4
2842 1
2843 3
2844 6
2845 2
2846 4
2847 3
2848 3
2849 4
2851 3
2852 3
2853 3
2854 6
2855 1
2856 2
2857 2
2858 3
2859 7
2860 3
2861 1
2863 3
2864 1
2865 4
2866 4
2867 3
2868 1
2869 2
2870 3
2871 1
2872 4
2873 4
2874 3
2875 1
2876 3
2877 5
2878 2
2880 4
2881 2
2882 1
2883 2
2884 3
2885 3
2886 1
2887 4
2888 3
2889 1
2890 2
2891 4
2892 2
2893 3
2894 1
2895 1
2896 1
2897 2
2898 3
2899 4
2900 1
2901 1
2902 3
2903 4
2905 2
2906 2
2908 3
2910 1
2911 2
2912 1
2913 2
2914 3
2915 2
2916 2
2917 1
2918 4
2919 2
2920 3
2921 1
2922 1
2923 5
2924 1
2925 2
2926 2
2927 8
2928 3
2929 1
2930 1
2931 1
2933 4
2934 1
2935 4
2936 2
2937 3
2938 3
2939 3
2940 3
2941 4
2942 2
2944 6
2945 2
2946 5
2948 2
2949 5
2950 5
2951 2
2952 4
2953 4
2955 4
2956 4
2957 2
2958 4
2959 4
2960 3
2961 1
2962 1
2963 2
2964 1
2965 2
2966 5
2967 3
2968 7
2969 3
2970 1
2971 3
2972 4
2973 3
2974 5
2975 1
2976 5
2977 2
2978 3
2979 4
2980 3
2981 3
2982 2
2983 2
2984 1
2985 4
2986 2
2987 3
2988 1
2989 2
2990 4
2991 1
2993 2
2994 4
2995 1
2996 3
2997 4
2998 5
2999 5
3000 1
3001 2
3002 3
3004 2
3005 3
3006 1
3007 5
3008 1
3009 4
3010 1
3011 4
3012 2
3014 1
3015 2
3016 3
3017 2
3018 2
3019 4
3020 6
3021 3
3023 3
3024 2
3025 2
3026 3
3027 3
3028 2
3029 1
3030 3
3031 6
3032 1
3033 3
3034 3
3035 2
3036 1
3037 5
3038 2
3039 1
3040 4
3041 5
3042 2
3043 2
3044 4
3045 5
3046 3
3047 2
3048 2
3049 1
3050 2
3052 1
3053 2
3054 4
3055 2
3056 1
3057 1
3058 2
3059 1
3061 2
3062 3
3063 2
3064 1
3065 2
3066 5
3068 1
3069 2
3070 3
3071 2
3072 5
3073 2
3074 6
3075 2
3076 1
3077 2
3078 2
3079 3
3080 3
3081 1
3082 2
3083 6
3084 1
3085 4
3086 3
3087 1
3088 5
3089 4
3090 2
3091 3
3092 4
3093 4
3094 2
3095 6
3096 1
3097 2
3098 2
3099 6
3100 1
3101 3
3102 2
3103 2
3104 2
3105 3
3106 1
3107 9
3108 1
3109 3
3110 3
3111 3
3113 3
3114 3
3115 2
3116 1
3117 2
3118 4
3119 3
3120 2
3121 3
3122 4
3123 3
3124 3
3125 2
3126 1
3127 3
3128 2
3129 4
3130 2
3132 2
3133 4
3134 1
3135 3
3136 3
3137 3
3138 2
3139 4
3140 5
3141 4
3143 3
3144 6
3145 2
3146 6
3147 2
3148 1
3149 3
3150 2
3151 2
3152 1
3153 3
3155 1
3156 4
3157 2
3158 3
3159 2
3160 2
3161 4
3162 5
3163 3
3164 2
3165 4
3167 2
3168 1
3169 1
3170 2
3171 4
3172 3
3173 6
3174 3
3175 3
3176 2
3177 1
3178 2
3179 3
3180 1
3181 2
3182 1
3183 1
3184 3
3185 3
3186 3
3187 2
3188 3
3189 3
3190 6
3191 5
3192 3
3193 5
3194 1
3195 1
3196 5
3197 3
3198 1
3199 5
3200 4
3201 3
3203 2
3204 2
3205 4
3206 3
3208 2
3209 2
3210 5
3211 4
3212 6
3213 5
3214 1
3215 4
3216 4
3217 3
3218 5
3219 6
3220 8
3222 5
3223 3
3224 3
3225 3
3226 1
3227 3
3228 4
3229 4
3230 2
3231 3
3232 4
3233 2
3234 4
3235 2
3236 4
3237 3
3238 1
3239 4
3240 2
3241 4
3243 5
3244 5
3245 1
3246 2
3247 3
3248 2
3249 3
3251 4
3252 1
3253 4
3254 5
3255 3
3256 6
3257 4
3258 2
3259 3
3260 4
3261 5
3262 3
3263 4
3264 1
3265 2
3267 2
3268 4
3269 4
3270 3
3271 6
3272 3
3274 2
3275 7
3276 1
3277 3
3278 3
3279 3
3280 1
3281 4
3282 4
3283 6
3284 2
3285 1
3286 2
3287 3
3290 3
3291 2
3292 7
3293 2
3294 2
3295 1
3296 1
3297 2
3298 4
3299 4
3300 1
3301 3
3302 1
3303 3
3304 2
3305 3
3306 3
3307 1
3308 1
3309 3
3310 4
3311 2
3312 3
3313 3
3314 3
3315 6
3316 1
3317 1
3318 2
3319 3
3320 4
3321 2
3322 4
3323 4
3324 1
3325 5
3326 7
3327 3
3328 3
3330 4
3331 3
3332 3
3333 5
3334 5
3335 6
3336 1
3337 2
3338 1
3339 1
3340 2
3341 4
3342 4
3344 7
3345 1
3346 3
3348 1
3349 3
3350 4
3351 5
3352 5
3353 3
3354 5
3355 2
3356 3
3357 4
3359 1
3360 1
3361 3
3362 2
3363 4
3364 2
3365 1
3366 3
3367 6
3368 2
3369 3
3370 2
3371 2
3372 3
3373 7
3374 3
3376 4
3377 4
3378 4
3379 3
3380 3
3381 1
3382 4
3383 6
3384 2
3385 8
3386 3
3387 2
3388 5
3389 3
3390 2
3391 2
3392 4
3393 4
3394 3
3395 5
3396 2
3397 4
3398 4
3399 1
3400 3
3401 2
3402 5
3403 4
3404 2
3406 6
3407 2
3408 4
3409 5
3410 3
3411 5
3412 4
3413 1
3414 4
3415 3
3416 1
3417 4
3418 2
3419 1
3421 1
3422 6
3423 2
3424 3
3425 8
3426 5
3427 2
3428 1
3429 5
3430 4
3431 5
3432 4
3433 2
3434 3
3435 2
3437 9
3438 2
3439 1
3440 2
3441 4
3442 3
3443 3
3444 2
3446 5
3447 4
3448 3
3449 3
3450 6
3451 2
3452 2
3453 6
3454 2
3455 2
3456 2
3457 3
3458 4
3459 3
3460 1
3461 2
3462 2
3463 9
3464 4
3465 1
3466 1
3467 3
3468 5
3469 2
3470 2
3471 4
3472 3
3473 2
3474 3
3475 3
3476 2
3477 1
3478 4
3479 4
3480 4
3481 5
3482 4
3483 2
3484 5
3485 2
3486 1
3487 2
3488 2
3489 2
3490 1
3491 3
3492 2
3493 1
3494 2
3495 5
3496 2
3497 4
3498 3
3499 2
3500 2
3501 5
3502 4
3503 5
3504 1
3505 4
3506 4
3507 2
3508 6
3509 4
3510 2
3511 4
3512 5
3513 3
3514 5
3516 2
3517 2
3518 2
3519 2
3520 1
3521 2
3522 5
3523 3
3524 5
3525 2
3526 2
3527 2
3528 1
3529 1
3530 1
3531 2
3532 6
3533 6
3534 6
3535 1
3536 1
3537 3
3538 2
3540 1
3541 2
3542 2
3543 4
3544 2
3545 2
3546 1
3547 7
3548 2
3549 4
3550 3
3551 3
3552 2
3553 3
3554 7
3555 3
3556 2
3557 3
3558 1
3559 6
3560 2
3561 1
3562 4
3563 8
3564 4
3565 6
3566 1
3568 3
3569 4
3570 3
3571 5
3572 3
3573 1
3574 2
3575 6
3576 5
3577 10
3578 2
3580 5
3581 2
3582 4
3583 2
3584 2
3586 2
3587 1
3588 1
3589 4
3590 3
3591 3
3592 6
3593 1
3594 6
3595 1
3596 4
3597 2
3598 1
3599 5
3600 3
3601 5
3602 1
3603 1
3604 2
3605 3
3606 3
3607 5
3608 4
3609 6
3610 5
3611 2
3612 1
3613 3
3614 6
3615 2
3616 3
3618 3
3619 2
3620 5
3621 2
3622 6
3623 4
3624 5
3625 2
3626 1
3627 4
3628 5
3629 1
3630 8
3631 2
3632 2
3633 2
3635 4
3636 4
3637 1
3638 5
3641 2
3642 1
3643 1
3644 4
3645 4
3646 2
3647 2
3648 8
3649 3
3650 1
3651 1
3652 2
3653 2
3654 5
3655 4
3656 4
3657 2
3658 7
3659 3
3660 2
3661 7
3662 1
3663 10
3664 4
3665 5
3666 2
3667 1
3668 4
3669 1
3670 5
3671 4
3672 2
3673 2
3674 6
3675 1
3676 1
3677 4
3678 4
3679 2
3680 1
3681 3
3682 2
3683 4
3684 6
3685 2
3686 6
3687 3
3688 2
3689 3
3690 4
3691 2
3692 2
3693 3
3695 5
3696 3
3697 1
3699 2
3700 1
3702 2
3703 2
3704 5
3705 4
3707 2
3708 3
3709 5
3710 4
3711 5
3712 2
3713 1
3714 2
3715 1
3716 2
3717 4
3718 4
3719 4
3720 5
3721 7
3722 5
3723 2
3725 3
3726 2
3727 2
3728 1
3729 3
3730 1
3731 3
3732 8
3733 6
3734 5
3735 2
3736 2
3737 2
3738 2
3739 2
3741 6
3742 2
3743 3
3744 3
3745 2
3746 4
3747 4
3748 3
3749 3
3750 2
3751 3
3752 3
3753 4
3754 3
3755 3
3756 5
3757 2
3758 3
3759 1
3760 4
3761 2
3762 3
3763 1
3765 6
3766 3
3767 1
3769 4
3770 3
3771 6
3772 2
3773 5
3774 5
3775 5
3776 2
3777 2
3778 2
3779 3
3780 1
3781 5
3782 3
3783 2
3784 3
3785 2
3786 4
3787 2
3788 1
3789 5
3790 2
3791 4
3792 1
3793 4
3794 4
3795 4
3796 4
3797 1
3798 2
3799 4
3800 3
3801 2
3802 3
3803 3
3804 4
3805 4
3806 1
3807 4
3808 6
3809 5
3810 3
3811 2
3812 3
3813 3
3814 2
3815 6
3816 3
3817 5
3818 2
3819 5
3821 1
3822 1
3823 6
3824 3
3825 7
3826 2
3827 3
3828 1
3829 4
3830 2
3831 1
3832 3
3833 5
3834 2
3835 2
3836 1
3837 2
3838 4
3839 3
3841 4
3843 3
3844 4
3845 5
3846 5
3847 4
3848 1
3849 5
3850 2
3851 3
3852 4
3853 1
3854 1
3855 2
3856 2
3857 4
3858 5
3859 3
3860 2
3861 2
3862 7
3863 4
3864 6
3865 3
3866 5
3867 4
3868 4
3869 4
3870 3
3871 1
3872 6
3873 1
3874 1
3875 3
3876 5
3877 2
3878 1
3879 1
3880 3
3881 2
3882 9
3883 2
3884 1
3885 1
3886 3
3887 2
3888 4
3890 1
3891 2
3892 2
3893 3
3894 5
3895 2
3896 2
3897 2
3898 4
3899 5
3900 1
3901 1
3902 1
3903 2
3904 4
3905 3
3906 2
3907 2
3908 3
3909 2
3910 1
3911 2
3912 4
3913 2
3914 4
3915 2
3916 2
3917 1
3918 7
3919 3
3920 4
3921 2
3922 1
3923 4
3924 3
3925 4
3926 2
3927 2
3928 3
3929 3
3930 2
3931 1
3932 2
3933 3
3934 2
3935 2
3936 4
3937 4
3938 1
3939 2
3940 3
3941 4
3942 2
3943 3
3944 2
3945 2
3946 5
3947 1
3949 5
3950 1
3951 2
3952 4
3953 3
3954 1
3955 3
3956 1
3957 3
3958 3
3959 3
3960 3
3961 1
3962 4
3963 3
3964 6
3965 4
3966 1
3967 1
3968 8
3969 3
3970 2
3971 2
3972 3
3974 1
3975 2
3977 1
3978 3
3979 3
3980 2
3981 6
3982 3
3983 2
3984 3
3985 2
3986 2
3987 2
3988 2
3989 3
3990 3
3991 5
3992 1
3993 3
3994 3
3995 2
3996 4
3997 2
3998 3
3999 4
4000 2
4001 2
4002 2
4003 5
4004 4
4006 4
4008 4
4010 1
4011 5
4012 2
4013 1
4014 4
4015 4
4017 2
4018 2
4019 1
4020 4
4021 6
4022 2
4023 4
4025 1
4026 3
4027 1
4028 2
4030 2
4031 3
4032 1
4033 1
4034 1
4035 3
4036 2
4038 1
4040 3
4041 2
4042 5
4043 4
4044 5
4045 8
4046 1
4047 3
4049 4
4050 4
4051 2
4053 3
4055 2
4057 3
4058 6
4060 4
4061 2
4062 4
4063 3
4064 2
4065 3
4066 2
4069 2
4070 2
4071 2
4072 2
4073 3
4074 1
4075 3
4076 3
4077 1
4078 1
4079 2
4080 4
4081 2
4082 5
4083 7
4084 4
4085 2
4086 3
4087 4
4089 2
4090 2
4091 7
4092 4
4093 2
4096 3
4097 4
4099 6
4100 3
4101 2
4102 1
4103 3
4105 3
4106 2
4108 3
4109 1
4110 2
4112 4
4113 2
4114 3
4116 2
4117 4
4119 2
4121 2
4123 2
4124 1
4125 1
4126 2
4127 5
4130 4
4131 3
4132 2
4134 1
4135 3
4136 3
4138 1
4139 1
4141 3
4142 4
4143 1
4144 3
4145 3
4146 1
4147 2
4148 5
4149 1
4150 1
4151 2
4152 1
4153 2
4154 3
4155 2
4156 1
4158 1
4159 1
4160 3
4161 1
4162 1
4163 2
4164 3
4165 2
4167 2
4168 2
4169 1
4170 5
4171 2
4172 1
4173 4
4175 1
4176 3
4177 4
4178 3
4179 2
4181 2
4183 5
4184 6
4185 3
4186 1
4188 2
4190 2
4191 1
4192 2
4193 4
4194 4
4196 5
4198 2
4199 1
4200 4
4201 1
4203 1
4204 1
4205 1
4206 1
4207 3
4208 4
4209 1
4210 3
4211 2
4213 2
4214 3
4215 2
4216 2
4217 1
4218 3
4219 2
4220 4
4221 1
4222 2
4223 4
4224 3
4225 4
4226 1
4227 2
4229 2
4230 1
4231 3
4232 5
4233 3
4234 1
4236 1
4238 6
4239 5
4240 2
4241 2
4242 2
4243 2
4244 2
4247 3
4248 2
4249 4
4250 2
4251 3
4252 2
4253 1
4254 5
4256 4
4257 4
4259 1
4260 3
4261 2
4262 1
4263 2
4264 2
4265 2
4266 1
4267 2
4268 1
4270 1
4271 1
4272 3
4273 2
4274 4
4275 2
4276 2
4277 5
4278 5
4279 1
4280 2
4281 2
4283 3
4284 2
4285 1
4287 1
4288 2
4289 3
4291 1
4292 3
4293 4
4294 3
4295 1
4296 3
4297 4
4298 2
4299 1
4300 1
4301 2
4303 1
4304 4
4305 7
4306 3
4308 3
4309 1
4311 1
4313 1
4315 6
4316 2
4317 2
4318 7
4319 5
4320 2
4321 5
4322 6
4323 2
4324 1
4325 2
4326 2
4327 2
4328 4
4329 3
4330 4
4331 2
4332 2
4333 3
4335 2
4336 1
4337 3
4338 4
4340 2
4343 5
4344 4
4345 3
4346 1
4347 2
4348 1
4349 2
4350 1
4351 5
4352 2
4353 2
4354 2
4355 4
4356 5
4357 4
4358 2
4359 1
4360 2
4363 2
4364 4
4366 2
4367 1
4368 2
4369 3
4370 1
4371 1
4372 2
4373 2
4374 4
4375 3
4376 2
4378 2
4382 2
4383 3
4385 1
4386 3
4387 3
4388 3
4389 4
4390 3
4391 4
4392 2
4393 3
4394 3
4395 3
4397 2
4398 1
4399 3
4400 1
4401 2
4402 3
4403 1
4404 2
4405 2
4406 3
4407 1
4408 4
4409 2
4410 2
4411 3
4412 3
4413 2
4414 3
4415 2
4416 3
4417 1
4418 2
4420 2
4423 2
4425 2
4426 4
4427 1
4428 1
4429 4
4430 1
4431 3
4432 1
4433 1
4434 1
4436 5
4438 2
4440 1
4441 1
4442 3
4443 1
4444 3
4445 1
4447 1
4448 4
4449 1
4451 3
4452 2
4453 4
4454 4
4455 1
4456 3
4457 4
4458 4
4460 1
4462 1
4463 2
4464 2
4465 1
4466 1
4467 2
4468 1
4469 1
4470 1
4471 3
4472 5
4473 2
4474 1
4475 2
4476 3
4477 3
4478 2
4479 1
4481 3
4482 6
4484 2
4485 2
4486 1
4487 4
4488 2
4489 1
4490 3
4491 3
4492 4
4494 2
4495 1
4496 2
4497 1
4498 1
4499 2
4500 3
4501 3
4502 4
4504 2
4505 2
4506 2
4507 1
4509 2
4510 1
4511 1
4512 3
4513 3
4514 3
4515 3
4516 2
4517 2
4519 1
4520 3
4521 3
4522 2
4524 4
4525 2
4527 1
4528 2
4529 1
4530 4
4531 3
4532 2
4533 2
4534 1
4535 1
4537 1
4538 1
4540 2
4541 1
4544 3
4545 3
4546 4
4547 1
4548 1
4549 1
4550 2
4551 2
4552 2
4553 2
4554 1
4555 2
4556 1
4557 2
4558 4
4559 1
4560 7
4562 2
4563 3
4565 2
4566 2
4567 1
4568 2
4569 1
4570 2
4572 1
4573 3
4574 2
4575 2
4576 1
4577 4
4578 2
4579 2
4580 2
4581 4
4582 2
4584 2
4585 3
4586 1
4587 2
4588 1
4589 1
4590 1
4591 4
4592 2
4593 1
4595 1
4596 5
4597 2
4598 2
4599 1
4601 1
4602 2
4603 6
4604 3
4606 2
4607 2
4608 2
4609 4
4610 1
4611 3
4612 2
4613 2
4614 3
4615 2
4616 1
4617 1
4618 2
4619 1
4622 3
4623 1
4624 3
4625 1
4626 1
4627 6
4628 1
4629 3
4630 3
4631 1
4632 2
4633 1
4634 1
4636 1
4637 1
4638 3
4639 1
4640 3
4641 2
4642 1
4643 5
4644 1
4646 1
4647 1
4649 1
4651 1
4652 6
4653 1
4654 2
4655 1
4656 3
4658 1
4659 1
4661 1
4662 1
4663 1
4664 1
4665 2
4666 1
4667 2
4669 1
4671 1
4672 1
4673 1
4674 3
4675 1
4676 2
4677 2
4678 2
4680 1
4682 2
4683 2
4684 1
4686 2
4687 6
4688 3
4689 1
4691 1
4692 1
4693 1
4695 2
4696 3
4697 2
4698 1
4700 1
4701 1
4704 1
4705 3
4706 3
4707 2
4708 2
4709 2
4710 2
4711 2
4712 1
4713 2
4714 2
4715 1
4717 2
4718 2
4720 2
4721 1
4723 1
4724 1
4725 1
4726 3
4727 3
4728 2
4729 1
4731 1
4732 1
4733 1
4734 1
4735 3
4736 1
4737 2
4739 3
4741 1
4743 1
4744 1
4745 3
4746 2
4747 2
4749 1
4751 4
4752 2
4753 3
4754 4
4755 3
4756 3
4759 4
4761 2
4762 1
4763 2
4764 3
4765 1
4766 3
4767 2
4768 3
4770 2
4772 1
4774 4
4775 2
4776 2
4778 2
4779 1
4781 1
4782 1
4783 4
4784 2
4785 1
4786 2
4787 2
4788 3
4789 5
4790 3
4791 2
4792 2
4793 1
4794 1
4795 3
4796 2
4797 2
4798 1
4799 3
4800 2
4801 1
4802 4
4803 2
4804 2
4805 1
4806 1
4807 3
4808 1
4809 1
4810 2
4812 2
4813 1
4814 3
4815 1
4817 1
4819 3
4820 2
4821 3
4825 3
4826 1
4827 3
4828 1
4829 1
4830 2
4831 1
4832 5
4834 3
4835 1
4836 3
4837 1
4838 1
4839 3
4840 3
4841 1
4842 3
4844 2
4845 2
4846 2
4847 5
4848 2
4849 3
4850 3
4852 1
4853 2
4855 3
4856 1
4857 2
4862 2
4863 2
4864 2
4865 2
4866 2
4867 1
4868 2
4870 5
4871 2
4872 2
4874 2
4876 2
4878 2
4879 2
4880 2
4881 1
4882 1
4883 2
4884 1
4885 2
4886 3
4887 3
4888 2
4889 1
4890 2
4891 5
4892 1
4893 3
4894 1
4895 1
4897 1
4899 1
4900 4
4901 5
4903 2
4905 3
4907 1
4909 2
4910 1
4911 1
4912 1
4913 2
4914 2
4918 3
4920 3
4922 1
4924 4
4926 3
4928 3
4930 2
4931 1
4933 2
4934 5
4935 1
4936 2
4937 3
4939 1
4940 1
4941 3
4942 1
4945 1
4948 1
4949 3
4950 3
4951 1
4952 3
4954 4
4955 1
4956 1
4957 4
4958 2
4961 1
4962 4
4965 2
4966 4
4967 1
4968 1
4969 1
4972 1
4973 1
4975 1
4976 1
4977 2
4978 4
4979 1
4980 1
4981 5
4982 3
4983 1
4984 1
4985 1
4988 1
4989 2
4990 5
4991 1
4992 3
4993 2
4994 1
4995 2
4998 3
5000 1
5002 1
5005 1
5007 1
5009 1
5010 1
5011 1
5013 1
5014 2
5015 1
5016 2
5017 1
5018 1
5019 1
5022 1
5023 4
5024 2
5025 2
5026 2
5027 1
5028 1
5030 1
5033 1
5034 1
5035 1
5036 1
5037 2
5038 1
5039 2
5041 2
5042 3
5045 5
5046 2
5048 1
5049 1
5050 1
5051 1
5053 2
5055 2
5056 2
5058 1
5062 4
5063 2
5064 1
5065 2
5066 2
5067 3
5068 1
5069 1
5071 4
5073 1
5075 1
5076 1
5077 1
5078 3
5079 1
5080 1
5082 2
5083 1
5085 1
5086 2
5090 1
5091 2
5092 2
5093 4
5095 1
5099 3
5100 1
5102 1
5104 3
5106 1
5107 2
5109 1
5110 1
5111 1
5112 3
5113 1
5114 4
5115 2
5116 2
5117 1
5119 1
5120 3
5121 5
5122 2
5123 1
5124 2
5125 2
5127 1
5128 2
5129 2
5130 3
5131 2
5132 1
5133 1
5134 1
5135 2
5136 3
5137 2
5138 2
5139 2
5140 1
5141 2
5142 1
5143 1
5145 2
5146 3
5147 1
5149 1
5150 4
5151 1
5152 2
5153 2
5154 1
5155 2
5156 1
5157 2
5158 1
5162 3
5163 1
5164 1
5169 1
5170 2
5171 2
5173 1
5174 3
5175 2
5176 1
5180 1
5182 1
5185 2
5186 2
5187 2
5188 4
5189 1
5190 1
5192 1
5193 3
5194 2
5195 2
5197 1
5199 2
5201 1
5203 2
5204 1
5207 1
5210 1
5211 2
5212 2
5213 1
5214 1
5216 1
5219 1
5220 1
5221 1
5222 2
5225 3
5227 2
5228 3
5230 2
5231 2
5232 1
5233 1
5234 2
5235 1
5237 3
5239 1
5241 1
5242 3
5243 1
5244 2
5245 6
5246 2
5247 1
5249 2
5251 2
5252 2
5253 2
5255 1
5257 1
5258 1
5259 1
5260 3
5261 2
5262 1
5263 2
5264 2
5265 3
5266 1
5267 2
5269 2
5271 1
5273 1
5274 2
5275 2
5277 1
5278 3
5279 1
5280 2
5282 1
5283 1
5284 2
5286 2
5287 1
5288 1
5289 3
5290 1
5291 1
5292 3
5293 3
5295 3
5296 2
5297 3
5298 3
5299 2
5300 3
5301 2
5302 1
5304 1
5307 1
5308 2
5309 1
5310 1
5311 1
5312 2
5313 2
5316 1
5318 3
5319 2
5320 1
5321 1
5322 2
5323 1
5326 4
5327 1
5328 2
5329 2
5333 3
5334 2
5335 3
5336 1
5337 2
5338 1
5341 1
5342 2
5343 4
5344 2
5345 1
5346 1
5347 2
5348 2
5349 1
5353 1
5356 2
5357 2
5363 1
5364 1
5366 1
5369 3
5372 3
5376 2
5378 1
5379 2
5381 2
5382 3
5387 6
5389 1
5390 1
5391 1
5392 2
5393 1
5394 2
5396 1
5397 1
5399 1
5400 2
5401 3
5402 1
5406 4
5408 3
5409 1
5410 2
5411 2
5415 1
5416 1
5418 1
5420 1
5422 2
5423 1
5424 1
5426 2
5432 2
5434 1
5435 1
5436 1
5437 1
5439 1
5440 1
5441 1
5442 1
5443 1
5445 1
5446 1
5447 1
5449 1
5450 1
5451 2
5453 1
5456 2
5457 2
5458 1
5459 4
5460 1
5464 1
5466 1
5467 1
5468 1
5469 2
5470 2
5471 4
5476 1
5477 1
5478 1
5479 2
5482 2
5483 1
5484 1
5485 4
5486 2
5489 1
5490 2
5492 1
5495 1
5497 1
5498 2
5499 1
5500 1
5501 2
5502 2
5504 1
5505 2
5507 1
5508 2
5509 2
5510 1
5511 2
5512 1
5518 2
5519 1
5520 1
5524 2
5526 2
5527 2
5528 1
5529 1
5535 1
5536 1
5538 2
5541 2
5542 3
5544 3
5545 2
5546 2
5547 2
5549 2
5550 1
5551 2
5552 2
5559 4
5563 1
5565 1
5566 2
5568 1
5570 2
5571 1
5573 1
5576 1
5578 1
5579 1
5580 1
5582 1
5584 1
5587 2
5589 1
5590 2
5591 1
5595 1
5597 1
5599 1
5601 2
5602 3
5603 2
5605 4
5607 1
5608 1
5609 3
5612 1
5613 1
5614 2
5616 1
5618 2
5621 2
5623 3
5625 1
5627 1
5629 2
5630 2
5632 1
5633 2
5634 1
5635 1
5636 2
5639 2
5640 2
5642 3
5643 2
5645 2
5646 1
5647 2
5648 1
5650 1
5651 1
5652 2
5654 2
5656 1
5657 2
5658 2
5660 2
5661 1
5662 1
5664 1
5665 2
5666 2
5667 1
5668 2
5669 1
5672 1
5674 1
5680 2
5682 2
5687 2
5688 2
5689 1
5691 1
5692 1
5699 1
5700 1
5701 1
5702 1
5703 1
5704 2
5705 2
5711 2
5714 1
5716 1
5717 1
5718 2
5719 2
5720 1
5722 1
5723 1
5725 1
5726 2
5728 1
5729 2
5731 2
5732 1
5733 3
5734 1
5738 3
5739 1
5740 1
5742 1
5744 4
5745 1
5746 1
5747 1
5749 1
5750 2
5755 1
5756 1
5759 2
5760 1
5761 3
5762 3
5764 1
5765 1
5766 1
5768 1
5769 1
5770 1
5771 3
5774 1
5775 1
5776 1
5777 1
5778 2
5781 1
5782 1
5783 1
5785 1
5786 1
5787 1
5789 1
5790 3
5793 1
5794 1
5795 1
5798 1
5799 2
5802 1
5803 1
5805 2
5807 1
5809 1
5813 2
5814 1
5815 1
5816 1
5817 1
5819 1
5824 1
5825 1
5826 1
5827 1
5828 2
5830 1
5832 1
5833 1
5835 1
5836 1
5837 1
5838 1
5839 1
5841 2
5842 2
5843 1
5845 1
5846 1
5847 1
5849 1
5850 1
5856 3
5858 2
5859 4
5862 1
5865 2
5866 2
5868 2
5869 2
5871 2
5873 2
5875 1
5876 1
5877 1
5878 1
5880 1
5881 2
5886 1
5888 1
5889 1
5890 1
5891 1
5892 1
5893 1
5894 1
5896 1
5897 1
5899 2
5902 1
5903 3
5907 1
5910 2
5913 2
5916 3
5917 1
5918 2
5920 1
5926 1
5928 1
5931 1
5933 1
5934 1
5935 1
5937 1
5938 1
5945 1
5946 1
5948 1
5949 2
5951 1
5954 1
5955 1
5956 1
5957 1
5961 2
5963 2
5964 1
5965 2
5966 3
5967 1
5968 1
5970 1
5971 2
5974 1
5975 1
5978 1
5979 3
5980 1
5983 1
5985 1
5989 1
5990 1
5991 2
5992 1
5996 1
5997 2
6001 1
6005 1
6008 1
6009 2
6012 2
6013 1
6014 1
6015 2
6017 1
6018 1
6020 1
6022 1
6026 1
6027 1
6028 1
6029 2
6030 1
6031 2
6032 1
6033 1
6038 2
6041 1
6045 2
6048 1
6049 2
6052 2
6053 1
6055 1
6056 1
6060 2
6061 1
6064 1
6068 1
6072 1
6073 1
6074 1
6075 1
6077 2
6078 1
6079 1
6080 2
6084 1
6085 1
6090 1
6091 1
6093 3
6095 1
6104 1
6105 1
6106 1
6109 2
6113 2
6115 1
6117 2
6119 2
6120 2
6121 3
6122 2
6125 1
6127 1
6128 2
6130 3
6132 1
6135 2
6136 1
6137 1
6140 2
6142 1
6143 1
6148 1
6150 2
6153 1
6156 1
6159 1
6163 1
6166 2
6167 1
6168 1
6169 1
6170 1
6171 2
6176 1
6179 1
6181 1
6183 1
6184 2
6185 1
6187 1
6188 1
6189 1
6191 1
6193 1
6201 1
6203 1
6207 1
6211 2
6213 1
6214 1
6218 1
6219 1
6220 1
6221 2
6223 1
6224 1
6225 1
6228 1
6229 1
6230 1
6233 1
6234 2
6235 1
6236 1
6240 1
6245 2
6247 1
6250 1
6252 1
6253 2
6254 1
6255 1
6256 1
6257 1
6259 1
6262 1
6264 2
6265 1
6266 1
6272 1
6273 2
6275 1
6282 1
6283 1
6285 1
6286 1
6287 1
6288 2
6290 1
6291 1
6292 2
6297 1
6301 1
6302 1
6307 1
6308 2
6309 1
6310 1
6315 1
6316 1
6317 1
6320 2
6321 1
6322 2
6324 2
6330 1
6331 1
6332 1
6333 1
6337 1
6338 3
6339 1
6340 1
6342 2
6343 2
6348 2
6355 1
6358 1
6365 1
6366 1
6368 1
6372 1
6374 1
6375 3
6377 1
6378 2
6379 1
6381 2
6382 1
6383 1
6384 2
6385 2
6387 1
6388 2
6389 1
6390 1
6393 1
6394 1
6398 2
6399 1
6402 2
6404 1
6406 2
6411 1
6412 1
6417 1
6423 2
6430 1
6431 1
6433 2
6434 1
6435 1
6436 2
6438 1
6439 1
6443 1
6444 3
6448 4
6450 1
6452 1
6453 3
6456 1
6459 1
6460 1
6461 1
6465 1
6467 1
6469 1
6472 1
6473 1
6480 3
6483 1
6485 1
6487 1
6488 2
6489 1
6493 1
6497 1
6498 3
6500 1
6501 2
6505 1
6507 1
6508 1
6509 1
6510 1
6514 1
6515 1
6517 1
6518 2
6519 1
6524 2
6526 2
6527 1
6532 1
6534 1
6537 2
6539 1
6540 1
6541 1
6544 1
6545 1
6552 1
6557 1
6558 1
6563 2
6564 1
6569 2
6572 1
6574 1
6577 1
6578 1
6579 2
6582 1
6585 1
6590 1
6591 2
6592 1
6596 1
6598 1
6602 2
6603 1
6607 1
6611 1
6613 1
6618 2
6622 1
6626 1
6629 3
6631 1
6633 1
6640 1
6643 2
6644 2
6646 2
6647 2
6648 2
6649 1
6650 1
6651 1
6654 1
6660 1
6662 1
6664 1
6668 2
6674 1
6687 1
6688 1
6690 1
6692 1
6697 1
6698 2
6700 1
6701 1
6703 1
6705 3
6706 1
6709 1
6710 1
6711 2
6714 1
6715 1
6719 1
6720 2
6722 1
6726 3
6730 1
6732 1
6737 1
6738 1
6742 1
6744 2
6745 1
6750 1
6751 1
6754 1
6756 1
6763 1
6766 2
6773 1
6775 1
6782 1
6785 1
6788 1
6791 1
6793 1
6795 1
6796 1
6798 1
6799 1
6800 2
6805 1
6806 1
6807 1
6808 1
6810 1
6815 1
6819 1
6821 1
6822 2
6825 1
6827 1
6828 2
6829 2
6835 1
6839 1
6841 1
6843 1
6858 2
6862 1
6865 1
6869 1
6872 1
6873 1
6877 1
6878 1
6880 1
6881 2
6885 3
6886 1
6887 1
6889 1
6890 1
6897 1
6908 1
6909 2
6911 1
6913 1
6915 1
6917 1
6918 1
6920 1
6922 1
6927 1
6929 1
6938 1
6939 1
6942 1
6944 1
6945 2
6950 1
6953 1
6963 1
6964 1
6968 1
6969 1
6973 2
6977 1
6983 2
6985 2
6990 1
6991 2
6992 2
6993 1
6998 1
7001 1
7002 1
7005 2
7007 1
7014 1
7015 1
7016 1
7017 1
7018 1
7021 2
7022 1
7025 1
7026 1
7031 1
7032 3
7035 1
7036 1
7037 1
7038 1
7039 2
7047 1
7050 1
7052 2
7053 1
7056 1
7057 1
7058 1
7059 1
7062 1
7064 1
7071 1
7074 1
7075 1
7081 1
7082 1
7083 2
7084 1
7088 1
7089 1
7090 1
7092 1
7098 2
7099 1
7100 1
7101 2
7114 1
7124 1
7128 1
7129 1
7130 1
7136 1
7139 1
7143 2
7150 2
7151 1
7153 1
7155 1
7161 1
7162 2
7164 2
7169 1
7170 1
7177 1
7181 1
7182 1
7185 1
7190 1
7194 1
7196 1
7198 1
7200 1
7201 1
7209 1
7213 2
7214 1
7217 1
7223 1
7231 1
7232 1
7236 1
7238 1
7240 1
7249 1
7252 1
7253 2
7260 1
7265 1
7271 1
7280 2
7285 1
7287 1
7291 2
7296 1
7298 1
7299 2
7300 1
7308 1
7311 1
7316 1
7317 1
7318 1
7323 1
7329 1
7346 1
7350 1
7353 1
7358 1
7359 1
7372 1
7374 1
7375 2
7376 1
7387 1
7389 2
7390 1
7391 1
7405 1
7408 1
7411 1
7415 1
7417 1
7418 1
7421 1
7422 1
7426 1
7436 1
7438 1
7449 1
7450 1
7451 2
7457 1
7465 1
7466 1
7470 1
7478 2
7490 1
7497 1
7503 1
7514 1
7532 2
7534 1
7537 1
7539 1
7543 1
7544 1
7546 1
7548 1
7549 2
7558 1
7560 1
7563 1
7568 1
7573 1
7579 1
7580 1
7588 1
7589 1
7590 1
7591 1
7592 2
7594 2
7601 2
7604 2
7605 1
7610 1
7617 1
7618 1
7630 1
7635 1
7637 1
7638 1
7647 1
7648 1
7651 1
7654 1
7659 1
7674 1
7678 1
7680 2
7684 1
7689 1
7693 1
7696 1
7698 2
7699 1
7701 1
7702 1
7717 1
7725 1
7731 1
7736 1
7737 1
7738 1
7741 1
7748 1
7749 2
7757 1
7760 1
7765 1
7768 2
7769 1
7770 1
7771 1
7780 1
7783 1
7791 1
7793 1
7800 2
7801 1
7806 2
7814 1
7818 1
7828 1
7829 1
7833 1
7837 1
7839 1
7841 1
7843 2
7847 1
7849 1
7853 2
7857 1
7859 1
7863 1
7870 1
7889 1
7894 1
7910 1
7914 1
7919 1
7921 1
7924 1
7925 1
7936 2
7937 2
7946 1
7949 1
7962 1
7968 1
7978 1
7985 1
7989 1
7996 1
8003 1
8004 1
8005 1
8009 1
8016 1
8022 1
8028 1
8037 1
8042 1
8044 1
8058 1
8059 1
8064 1
8066 1
8069 1
8071 1
8072 1
8074 1
8079 1
8085 1
8088 1
8091 1
8092 1
8107 2
8113 1
8115 1
8122 1
8126 1
8131 1
8133 1
8134 1
8138 1
8152 2
8153 1
8158 2
8163 1
8164 1
8173 2
8174 1
8179 1
8182 1
8193 1
8207 1
8215 1
8223 1
8232 1
8243 1
8250 1
8251 1
8261 1
8271 1
8273 1
8277 1
8282 1
8286 1
8288 1
8297 1
8308 1
8312 1
8313 1
8316 1
8322 1
8329 1
8336 1
8337 1
8355 1
8357 1
8385 1
8386 1
8388 1
8391 1
8405 1
8408 1
8409 1
8410 1
8429 1
8430 1
8431 1
8432 1
8436 1
8437 1
8439 1
8454 2
8459 1
8465 2
8478 1
8488 1
8493 1
8494 1
8497 1
8502 1
8524 1
8526 1
8528 1
8529 1
8547 1
8570 1
8572 1
8573 1
8576 2
8580 1
8588 1
8590 1
8591 1
8606 1
8610 1
8611 1
8614 1
8619 1
8626 1
8633 1
8638 1
8639 1
8642 1
8654 1
8661 1
8669 1
8671 1
8673 1
8687 1
8688 3
8697 2
8725 1
8741 1
8747 1
8753 1
8755 1
8764 1
8777 1
8814 1
8815 1
8817 1
8825 1
8828 1
8844 1
8860 1
8865 1
8866 1
8897 1
8922 1
8930 2
8933 1
8936 1
8937 1
8942 1
8952 1
8966 1
8976 1
8994 1
9003 1
9015 1
9021 1
9024 1
9027 2
9036 1
9050 1
9065 1
9066 1
9078 1
9099 1
9102 1
9114 1
9141 1
9157 1
9163 1
9164 1
9190 1
9198 1
9217 1
9250 1
9259 1
9263 1
9325 1
9336 1
9338 2
9340 1
9346 1
9350 1
9352 1
9362 1
9364 1
9370 1
9372 1
9378 1
9381 1
9390 1
9407 1
9410 1
9413 1
9414 1
9423 1
9438 1
9443 1
9446 1
9469 1
9471 1
9480 1
9498 1
9507 1
9508 1
9516 1
9531 1
9546 1
9549 1
9557 1
9575 2
9589 1
9604 1
9668 1
9672 2
9687 1
9693 1
9725 1
9748 1
9758 1
9767 1
9772 1
9790 1
9797 2
9800 1
9810 1
9822 1
9833 1
9836 1
9847 1
9872 1
9904 1
9910 1
9936 1
9942 1
9950 1
9969 1
9986 1
10002 1
10042 1
10052 1
10065 1
10084 1
10114 1
10117 1
10118 1
10123 1
10126 1
10142 1
10149 1
10160 1
10164 1
10212 1
10227 1
10262 1
10264 1
10338 1
10347 1
10348 1
10362 1
10366 1
10379 1
10382 1
10384 1
10387 1
10393 1
10477 1
10504 1
10523 1
10532 1
10554 1
10561 1
10621 1
10655 1
10666 1
10680 2
10689 1
10697 1
10699 1
10704 1
10720 1
10764 1
10806 1
10818 1
10828 1
10842 1
10940 1
10970 1
11021 1
11031 1
11032 1
11037 1
11047 1
11053 1
11090 1
11099 1
11116 1
11151 1
11240 1
11249 1
11251 1
11262 1
11281 1
11315 1
11333 1
11345 1
11532 1
11533 1
11549 1
11582 1
11622 1
11645 1
11649 1
11674 1
11681 1
11689 1
11700 1
11796 1
11824 1
11838 1
11846 1
11873 1
11944 1
11996 1
12081 1
12095 1
12114 1
12155 1
12166 1
12200 1
12230 1
12242 1
12266 1
12315 1
12491 1
12559 1
12567 1
12660 1
12749 1
12778 1
12810 1
12813 1
12821 1
12990 1
13028 1
13071 1
13127 1
13134 1
13258 1
13275 1
13319 1
13361 1
13509 1
13572 1
13590 1
13790 1
14430 1
14548 1
14575 1
14729 1
14816 1
15018 1
15478 1
15590 1
15873 1
16056 1
16292 1
16900 1
17571 1
17706 1
17777 1
18616 1
19107 1
19270 1
19425 1
