-279 2
-278 2
-277 13
-276 7
-275 22
-274 30
-273 26
-272 32
-271 53
-270 49
-269 43
-268 52
-267 67
-266 61
-265 54
-264 52
-263 49
-262 66
-261 47
-260 49
-259 54
-258 56
-257 56
-256 62
-255 64
-254 69
-253 49
-252 61
-251 57
-250 67
-249 48
-248 52
-247 61
-246 59
-245 68
-244 64
-243 63
-242 70
-241 73
-240 88
-239 92
-238 92
-237 103
-236 104
-235 110
-234 144
-233 141
-232 144
-231 120
-230 152
-229 121
-228 153
-227 153
-226 137
-225 147
-224 143
-223 149
-222 140
-221 159
-220 153
-219 126
-218 125
-217 128
-216 132
-215 155
-214 155
-213 134
-212 127
-211 130
-210 149
-209 142
-208 130
-207 143
-206 136
-205 141
-204 138
-203 151
-202 145
-201 153
-200 155
-199 149
-198 149
-197 169
-196 135
-195 164
-194 149
-193 153
-192 160
-191 169
-190 163
-189 198
-188 153
-187 170
-186 161
-185 177
-184 168
-183 163
-182 202
-181 197
-180 211
-179 163
-178 189
-177 202
-176 213
-175 215
-174 204
-173 236
-172 253
-171 236
-170 217
-169 223
-168 255
-167 236
-166 220
-165 246
-164 233
-163 231
-162 251
-161 242
-160 254
-159 253
-158 232
-157 250
-156 262
-155 259
-154 245
-153 238
-152 246
-151 272
-150 296
-149 302
-148 310
-147 321
-146 310
-145 294
-144 314
-143 306
-142 323
-141 356
-140 313
-139 347
-138 362
-137 358
-136 362
-135 356
-134 381
-133 354
-132 387
-131 363
-130 399
-129 349
-128 402
-127 399
-126 374
-125 379
-124 389
-123 386
-122 407
-121 439
-120 413
-119 454
-118 420
-117 462
-116 488
-115 481
-114 489
-113 511
-112 493
-111 485
-110 535
-109 505
-108 483
-107 543
-106 544
-105 541
-104 537
-103 551
-102 579
-101 514
-100 641
-99 637
-98 621
-97 585
-96 605
-95 578
-94 631
-93 641
-92 632
-91 543
-90 619
-89 627
-88 581
-87 603
-86 651
-85 574
-84 646
-83 619
-82 599
-81 599
-80 646
-79 623
-78 669
-77 651
-76 633
-75 695
-74 632
-73 625
-72 667
-71 627
-70 634
-69 644
-68 723
-67 668
-66 644
-65 658
-64 667
-63 662
-62 723
-61 687
-60 714
-59 669
-58 715
-57 715
-56 712
-55 672
-54 733
-53 678
-52 688
-51 726
-50 722
-49 782
-48 732
-47 765
-46 754
-45 749
-44 764
-43 733
-42 790
-41 765
-40 763
-39 815
-38 800
-37 817
-36 870
-35 836
-34 851
-33 881
-32 870
-31 849
-30 934
-29 842
-28 928
-27 933
-26 903
-25 909
-24 935
-23 934
-22 935
-21 996
-20 1021
-19 1092
-18 983
-17 1038
-16 1028
-15 1045
-14 1098
-13 1094
-12 1145
-11 1105
-10 1116
-9 1203
-8 1137
-7 1199
-6 1159
-5 1155
-4 1168
-3 1224
-2 1158
-1 1234
0 1174
1 1194
2 1235
3 1167
4 1266
5 1207
6 1302
7 1288
8 1256
9 1301
10 1269
11 1333
12 1333
13 1438
14 1357
15 1387
16 1391
17 1469
18 1421
19 1406
20 1475
21 1450
22 1446
23 1391
24 1494
25 1499
26 1462
27 1480
28 1545
29 1537
30 1577
31 1522
32 1573
33 1660
34 1606
35 1675
36 1579
37 1700
38 1718
39 1643
40 1742
41 1727
42 1716
43 1756
44 1815
45 1837
46 1859
47 1859
48 1884
49 1866
50 1787
51 1877
52 1870
53 1930
54 1963
55 1902
56 1968
57 1983
58 1941
59 1922
60 1882
61 1958
62 1957
63 1919
64 2080
65 1920
66 2031
67 1976
68 2097
69 2084
70 2074
71 2180
72 2230
73 2159
74 2155
75 2140
76 2214
77 2193
78 2237
79 2228
80 2287
81 2253
82 2338
83 2368
84 2385
85 2269
86 2312
87 2337
88 2350
89 2406
90 2358
91 2412
92 2440
93 2435
94 2413
95 2483
96 2435
97 2568
98 2398
99 2439
100 2427
101 2507
102 2475
103 2463
104 2535
105 2479
106 2562
107 2447
108 2514
109 2498
110 2574
111 2511
112 2561
113 2530
114 2561
115 2599
116 2508
117 2498
118 2586
119 2589
120 2479
121 2579
122 2654
123 2572
124 2522
125 2667
126 2623
127 2581
128 2682
129 2615
130 2620
131 2613
132 2688
133 2718
134 2655
135 2712
136 2724
137 2718
138 2688
139 2729
140 2716
141 2803
142 2822
143 2839
144 2738
145 2821
146 2720
147 2843
148 2739
149 2900
150 2997
151 2960
152 2916
153 2935
154 2899
155 2963
156 2930
157 2854
158 2935
159 2904
160 3012
161 3050
162 2994
163 2940
164 2981
165 2934
166 3067
167 3027
168 2899
169 3042
170 2968
171 3049
172 2948
173 3105
174 3000
175 3088
176 3136
177 3138
178 3028
179 3111
180 3105
181 3218
182 3179
183 3095
184 3037
185 3217
186 3226
187 3215
188 3204
189 3197
190 3199
191 3204
192 3264
193 3213
194 3218
195 3209
196 3236
197 3289
198 3339
199 3167
200 3203
201 3365
202 3204
203 3339
204 3326
205 3396
206 3423
207 3330
208 3269
209 3391
210 3316
211 3314
212 3333
213 3440
214 3343
215 3469
216 3424
217 3408
218 3362
219 3487
220 3499
221 3432
222 3418
223 3445
224 3460
225 3416
226 3504
227 3415
228 3389
229 3444
230 3442
231 3385
232 3402
233 3425
234 3492
235 3505
236 3399
237 3492
238 3548
239 3497
240 3467
241 3507
242 3504
243 3549
244 3508
245 3533
246 3582
247 3482
248 3511
249 3449
250 3555
251 3584
252 3442
253 3528
254 3559
255 3484
256 3533
257 3551
258 3486
259 3511
260 3486
261 3582
262 3666
263 3680
264 3599
265 3581
266 3551
267 3604
268 3585
269 3613
270 3485
271 3565
272 3575
273 3540
274 3590
275 3567
276 3600
277 3632
278 3626
279 3610
280 3594
281 3656
282 3571
283 3752
284 3623
285 3582
286 3504
287 3633
288 3653
289 3682
290 3643
291 3645
292 3758
293 3757
294 3702
295 3737
296 3805
297 3695
298 3809
299 3745
300 3788
301 3737
302 3710
303 3792
304 3779
305 3670
306 3765
307 3703
308 3765
309 3829
310 3796
311 3804
312 3605
313 3887
314 3905
315 3893
316 3815
317 3712
318 3812
319 3861
320 3842
321 3781
322 3932
323 3834
324 3857
325 3909
326 3913
327 3767
328 3879
329 3959
330 3767
331 3851
332 3885
333 3857
334 3904
335 3841
336 4021
337 3987
338 4010
339 3964
340 3875
341 3862
342 4048
343 3944
344 3910
345 3914
346 4049
347 3958
348 4058
349 4050
350 3975
351 4058
352 3997
353 4071
354 4063
355 4134
356 4103
357 4215
358 4043
359 4168
360 4170
361 4159
362 4103
363 4162
364 4127
365 4115
366 4246
367 4137
368 4118
369 4064
370 4139
371 4228
372 4169
373 4319
374 4307
375 4321
376 4338
377 4389
378 4397
379 4372
380 4326
381 4293
382 4361
383 4308
384 4410
385 4205
386 4269
387 4364
388 4229
389 4362
390 4288
391 4284
392 4151
393 4278
394 4231
395 4340
396 4316
397 4174
398 4370
399 4176
400 4259
401 4283
402 4344
403 4298
404 4173
405 4390
406 4283
407 4307
408 4300
409 4322
410 4289
411 4234
412 4358
413 4264
414 4269
415 4350
416 4406
417 4393
418 4479
419 4255
420 4512
421 4421
422 4418
423 4459
424 4481
425 4463
426 4457
427 4501
428 4426
429 4524
430 4551
431 4689
432 4662
433 4662
434 4633
435 4766
436 4809
437 4786
438 4757
439 4598
440 4827
441 4877
442 4778
443 4754
444 4776
445 4790
446 4868
447 4751
448 4708
449 4680
450 4662
451 4804
452 4792
453 4677
454 4856
455 4977
456 4738
457 4714
458 4873
459 4967
460 4790
461 4838
462 4840
463 4747
464 4775
465 4981
466 4863
467 4829
468 5024
469 4839
470 4902
471 4895
472 4885
473 5088
474 4917
475 5031
476 5073
477 5140
478 4950
479 4941
480 4855
481 4996
482 4921
483 5018
484 5010
485 4927
486 4985
487 5010
488 5004
489 5047
490 5156
491 4986
492 4984
493 5004
494 5059
495 5056
496 5041
497 4904
498 4959
499 5015
500 5108
501 5054
502 5079
503 5008
504 5130
505 5122
506 5210
507 5098
508 5099
509 5052
510 5095
511 5094
512 5165
513 5261
514 5217
515 5238
516 5231
517 5281
518 5168
519 5249
520 5295
521 5299
522 5304
523 5258
524 5394
525 5469
526 5368
527 5444
528 5527
529 5408
530 5395
531 5461
532 5418
533 5406
534 5426
535 5466
536 5343
537 5413
538 5523
539 5604
540 5597
541 5536
542 5510
543 5701
544 5534
545 5725
546 5676
547 5864
548 5680
549 5678
550 5751
551 5607
552 5706
553 5663
554 5632
555 5614
556 5771
557 5606
558 5726
559 5919
560 5885
561 5864
562 5874
563 5868
564 5844
565 6015
566 5916
567 6044
568 6072
569 5976
570 6049
571 6060
572 6117
573 6430
574 6351
575 6204
576 6105
577 6306
578 6241
579 6299
580 6351
581 6352
582 6326
583 6321
584 6477
585 6376
586 6497
587 6525
588 6531
589 6643
590 6680
591 6711
592 6725
593 6619
594 6296
595 6488
596 6414
597 6290
598 6201
599 6255
600 6194
601 6280
602 6098
603 6113
604 6153
605 6297
606 6206
607 6243
608 6257
609 6235
610 6420
611 6185
612 6249
613 6286
614 6107
615 6337
616 6220
617 6401
618 6390
619 6478
620 6563
621 6532
622 6513
623 6393
624 6497
625 6490
626 6429
627 6352
628 6288
629 6289
630 6418
631 6455
632 6328
633 6467
634 6279
635 6315
636 6294
637 6250
638 6444
639 6410
640 6332
641 6224
642 6228
643 6146
644 6185
645 6229
646 6093
647 6188
648 6151
649 6004
650 6318
651 6245
652 6270
653 6255
654 6282
655 6309
656 6263
657 6325
658 6320
659 6230
660 6319
661 6205
662 6157
663 6337
664 6479
665 6348
666 6359
667 6094
668 6177
669 6210
670 6253
671 6194
672 6170
673 6319
674 6258
675 6256
676 6520
677 6374
678 6678
679 6679
680 6821
681 7088
682 6660
683 6751
684 6840
685 6607
686 6474
687 6608
688 6419
689 6468
690 6612
691 6673
692 6459
693 6497
694 6563
695 6298
696 6398
697 6410
698 6379
699 6290
700 6171
701 6144
702 5904
703 5772
704 5871
705 5680
706 5597
707 5666
708 5585
709 5566
710 5545
711 5529
712 5351
713 5246
714 5229
715 5253
716 5102
717 5290
718 5142
719 5132
720 5017
721 5047
722 5007
723 4683
724 4823
725 4610
726 4813
727 4727
728 4601
729 4698
730 4474
731 4687
732 4623
733 4541
734 4554
735 4605
736 4577
737 4723
738 4564
739 4504
740 4509
741 4440
742 4568
743 4669
744 4683
745 4702
746 4638
747 4542
748 4617
749 4700
750 4500
751 4462
752 4569
753 4454
754 4539
755 4387
756 4407
757 4590
758 4603
759 4499
760 4754
761 4483
762 4505
763 4374
764 4447
765 4415
766 4368
767 4440
768 4416
769 4344
770 4280
771 4359
772 4397
773 4630
774 4454
775 4099
776 4159
777 4130
778 4063
779 4003
780 3909
781 3858
782 3874
783 3726
784 3746
785 3705
786 3637
787 3500
788 3645
789 3580
790 3485
791 3505
792 3515
793 3369
794 3398
795 3462
796 3330
797 3388
798 3370
799 3355
800 3498
801 3409
802 3226
803 3354
804 3251
805 3315
806 3116
807 3226
808 3230
809 3124
810 3080
811 3185
812 3172
813 3200
814 3163
815 3065
816 3143
817 3073
818 3039
819 3119
820 3003
821 2989
822 2940
823 3060
824 2947
825 2992
826 2885
827 2982
828 2933
829 2920
830 2906
831 2931
832 2864
833 2784
834 2751
835 2682
836 2771
837 2727
838 2665
839 2648
840 2600
841 2555
842 2541
843 2594
844 2490
845 2479
846 2398
847 2440
848 2417
849 2431
850 2382
851 2380
852 2301
853 2247
854 2357
855 2215
856 2312
857 2343
858 2243
859 2238
860 2225
861 2176
862 2162
863 2227
864 2167
865 2187
866 2136
867 2092
868 2103
869 2078
870 2062
871 2048
872 2092
873 2006
874 1994
875 2073
876 1972
877 1998
878 2003
879 2025
880 1997
881 1967
882 1884
883 1949
884 1891
885 1836
886 1879
887 1871
888 1809
889 1832
890 1804
891 1798
892 1757
893 1808
894 1783
895 1685
896 1693
897 1705
898 1665
899 1673
900 1731
901 1592
902 1690
903 1620
904 1554
905 1589
906 1575
907 1623
908 1515
909 1636
910 1532
911 1611
912 1559
913 1496
914 1513
915 1493
916 1512
917 1510
918 1522
919 1466
920 1455
921 1510
922 1455
923 1512
924 1440
925 1503
926 1557
927 1519
928 1636
929 1759
930 1644
931 1576
932 1572
933 1470
934 1497
935 1410
936 1399
937 1429
938 1394
939 1408
940 1334
941 1343
942 1340
943 1333
944 1390
945 1313
946 1302
947 1315
948 1269
949 1233
950 1224
951 1230
952 1251
953 1244
954 1206
955 1223
956 1216
957 1154
958 1193
959 1133
960 1103
961 1153
962 1131
963 1090
964 1132
965 1111
966 1056
967 1058
968 1026
969 1041
970 1058
971 1061
972 1052
973 995
974 1045
975 988
976 1042
977 988
978 958
979 975
980 1010
981 975
982 941
983 908
984 950
985 939
986 935
987 932
988 885
989 881
990 880
991 924
992 942
993 872
994 886
995 847
996 855
997 908
998 835
999 839
1000 778
1001 811
1002 765
1003 809
1004 770
1005 751
1006 756
1007 792
1008 748
1009 702
1010 812
1011 725
1012 763
1013 740
1014 698
1015 714
1016 700
1017 727
1018 715
1019 711
1020 683
1021 712
1022 650
1023 650
1024 638
1025 668
1026 701
1027 630
1028 675
1029 635
1030 646
1031 663
1032 653
1033 664
1034 628
1035 645
1036 637
1037 677
1038 660
1039 630
1040 597
1041 614
1042 603
1043 589
1044 626
1045 581
1046 630
1047 613
1048 581
1049 556
1050 534
1051 533
1052 615
1053 556
1054 553
1055 525
1056 585
1057 573
1058 531
1059 465
1060 453
1061 539
1062 521
1063 462
1064 517
1065 477
1066 489
1067 494
1068 442
1069 511
1070 436
1071 476
1072 437
1073 476
1074 445
1075 438
1076 484
1077 424
1078 452
1079 415
1080 418
1081 427
1082 412
1083 415
1084 446
1085 420
1086 427
1087 366
1088 396
1089 438
1090 390
1091 363
1092 377
1093 401
1094 370
1095 388
1096 360
1097 371
1098 369
1099 348
1100 378
1101 348
1102 346
1103 348
1104 344
1105 341
1106 330
1107 321
1108 304
1109 358
1110 306
1111 307
1112 321
1113 325
1114 292
1115 303
1116 306
1117 279
1118 306
1119 289
1120 270
1121 308
1122 312
1123 310
1124 271
1125 294
1126 299
1127 309
1128 290
1129 286
1130 293
1131 291
1132 273
1133 279
1134 268
1135 266
1136 278
1137 268
1138 295
1139 255
1140 282
1141 241
1142 244
1143 245
1144 256
1145 270
1146 231
1147 238
1148 275
1149 252
1150 256
1151 243
1152 244
1153 232
1154 252
1155 288
1156 230
1157 240
1158 215
1159 236
1160 252
1161 251
1162 224
1163 220
1164 225
1165 250
1166 226
1167 237
1168 225
1169 207
1170 200
1171 242
1172 226
1173 237
1174 236
1175 201
1176 207
1177 216
1178 219
1179 202
1180 193
1181 201
1182 195
1183 207
1184 192
1185 205
1186 214
1187 226
1188 180
1189 198
1190 208
1191 213
1192 201
1193 210
1194 195
1195 197
1196 175
1197 174
1198 188
1199 170
1200 182
1201 187
1202 185
1203 181
1204 197
1205 179
1206 181
1207 187
1208 159
1209 188
1210 171
1211 199
1212 179
1213 155
1214 187
1215 172
1216 162
1217 164
1218 194
1219 150
1220 153
1221 177
1222 161
1223 167
1224 183
1225 162
1226 171
1227 145
1228 162
1229 157
1230 155
1231 164
1232 140
1233 167
1234 159
1235 156
1236 150
1237 149
1238 146
1239 153
1240 139
1241 154
1242 159
1243 154
1244 159
1245 116
1246 140
1247 136
1248 142
1249 151
1250 157
1251 149
1252 145
1253 127
1254 143
1255 133
1256 154
1257 134
1258 122
1259 146
1260 133
1261 144
1262 139
1263 141
1264 160
1265 127
1266 129
1267 110
1268 132
1269 138
1270 147
1271 140
1272 120
1273 150
1274 135
1275 139
1276 134
1277 124
1278 160
1279 132
1280 126
1281 166
1282 115
1283 159
1284 159
1285 121
1286 132
1287 122
1288 127
1289 116
1290 132
1291 130
1292 130
1293 123
1294 119
1295 142
1296 124
1297 145
1298 116
1299 128
1300 121
1301 114
1302 125
1303 121
1304 122
1305 137
1306 131
1307 134
1308 129
1309 126
1310 130
1311 116
1312 132
1313 134
1314 114
1315 109
1316 127
1317 132
1318 105
1319 127
1320 124
1321 120
1322 137
1323 132
1324 130
1325 132
1326 136
1327 141
1328 147
1329 150
1330 105
1331 125
1332 118
1333 125
1334 139
1335 129
1336 139
1337 136
1338 153
1339 135
1340 114
1341 145
1342 122
1343 145
1344 139
1345 130
1346 149
1347 143
1348 129
1349 148
1350 135
1351 105
1352 136
1353 129
1354 135
1355 148
1356 154
1357 139
1358 155
1359 150
1360 136
1361 154
1362 146
1363 139
1364 146
1365 145
1366 173
1367 126
1368 158
1369 136
1370 144
1371 141
1372 142
1373 141
1374 134
1375 135
1376 168
1377 163
1378 161
1379 128
1380 128
1381 150
1382 111
1383 133
1384 132
1385 127
1386 126
1387 160
1388 144
1389 142
1390 159
1391 135
1392 148
1393 138
1394 134
1395 127
1396 144
1397 144
1398 136
1399 150
1400 154
1401 151
1402 119
1403 148
1404 120
1405 114
1406 138
1407 125
1408 126
1409 119
1410 145
1411 132
1412 124
1413 153
1414 121
1415 117
1416 121
1417 136
1418 122
1419 112
1420 139
1421 128
1422 123
1423 140
1424 110
1425 117
1426 137
1427 114
1428 120
1429 124
1430 126
1431 143
1432 118
1433 137
1434 150
1435 137
1436 116
1437 136
1438 137
1439 126
1440 130
1441 127
1442 124
1443 130
1444 131
1445 110
1446 139
1447 122
1448 160
1449 109
1450 129
1451 116
1452 135
1453 125
1454 121
1455 128
1456 118
1457 138
1458 137
1459 134
1460 113
1461 118
1462 113
1463 108
1464 121
1465 119
1466 119
1467 118
1468 113
1469 130
1470 118
1471 109
1472 122
1473 133
1474 120
1475 133
1476 118
1477 115
1478 109
1479 143
1480 108
1481 126
1482 109
1483 112
1484 113
1485 104
1486 117
1487 117
1488 135
1489 138
1490 116
1491 115
1492 123
1493 112
1494 121
1495 107
1496 103
1497 121
1498 118
1499 120
1500 110
1501 111
1502 117
1503 111
1504 120
1505 103
1506 115
1507 112
1508 123
1509 122
1510 124
1511 108
1512 112
1513 113
1514 114
1515 101
1516 111
1517 99
1518 109
1519 119
1520 93
1521 113
1522 99
1523 97
1524 103
1525 95
1526 121
1527 94
1528 100
1529 105
1530 97
1531 112
1532 101
1533 102
1534 99
1535 94
1536 96
1537 105
1538 118
1539 89
1540 111
1541 101
1542 90
1543 93
1544 106
1545 97
1546 77
1547 97
1548 76
1549 102
1550 95
1551 107
1552 100
1553 87
1554 91
1555 115
1556 113
1557 76
1558 110
1559 94
1560 98
1561 92
1562 81
1563 83
1564 89
1565 96
1566 77
1567 85
1568 100
1569 97
1570 105
1571 88
1572 88
1573 75
1574 94
1575 75
1576 93
1577 89
1578 84
1579 79
1580 95
1581 63
1582 89
1583 94
1584 85
1585 75
1586 93
1587 74
1588 82
1589 72
1590 69
1591 79
1592 80
1593 76
1594 64
1595 83
1596 72
1597 77
1598 77
1599 75
1600 89
1601 60
1602 76
1603 73
1604 71
1605 70
1606 81
1607 76
1608 84
1609 61
1610 66
1611 66
1612 66
1613 69
1614 71
1615 77
1616 74
1617 71
1618 73
1619 90
1620 51
1621 63
1622 67
1623 78
1624 78
1625 79
1626 72
1627 64
1628 67
1629 71
1630 79
1631 61
1632 83
1633 67
1634 62
1635 60
1636 63
1637 67
1638 51
1639 68
1640 57
1641 54
1642 59
1643 65
1644 69
1645 61
1646 63
1647 61
1648 65
1649 47
1650 70
1651 56
1652 63
1653 60
1654 60
1655 54
1656 49
1657 51
1658 55
1659 60
1660 53
1661 64
1662 44
1663 69
1664 69
1665 56
1666 47
1667 57
1668 65
1669 41
1670 56
1671 52
1672 39
1673 47
1674 61
1675 58
1676 60
1677 45
1678 57
1679 38
1680 52
1681 59
1682 48
1683 51
1684 44
1685 47
1686 45
1687 37
1688 54
1689 45
1690 44
1691 40
1692 52
1693 55
1694 48
1695 50
1696 55
1697 54
1698 48
1699 55
1700 50
1701 51
1702 50
1703 44
1704 53
1705 49
1706 45
1707 46
1708 36
1709 53
1710 35
1711 47
1712 42
1713 43
1714 44
1715 42
1716 48
1717 38
1718 48
1719 44
1720 50
1721 51
1722 43
1723 41
1724 56
1725 38
1726 42
1727 36
1728 32
1729 44
1730 60
1731 39
1732 38
1733 32
1734 55
1735 55
1736 45
1737 50
1738 37
1739 41
1740 41
1741 43
1742 35
1743 42
1744 33
1745 45
1746 43
1747 36
1748 36
1749 40
1750 33
1751 51
1752 46
1753 43
1754 35
1755 36
1756 41
1757 29
1758 31
1759 29
1760 36
1761 42
1762 30
1763 40
1764 39
1765 31
1766 47
1767 32
1768 34
1769 26
1770 32
1771 46
1772 36
1773 28
1774 34
1775 37
1776 42
1777 37
1778 32
1779 53
1780 31
1781 30
1782 29
1783 36
1784 43
1785 38
1786 33
1787 31
1788 38
1789 30
1790 34
1791 35
1792 45
1793 28
1794 26
1795 24
1796 28
1797 31
1798 26
1799 31
1800 34
1801 26
1802 33
1803 31
1804 35
1805 30
1806 35
1807 29
1808 26
1809 34
1810 31
1811 20
1812 29
1813 45
1814 38
1815 27
1816 36
1817 16
1818 29
1819 25
1820 33
1821 27
1822 25
1823 28
1824 22
1825 25
1826 29
1827 21
1828 28
1829 26
1830 21
1831 27
1832 29
1833 34
1834 28
1835 27
1836 32
1837 23
1838 22
1839 33
1840 31
1841 26
1842 29
1843 37
1844 29
1845 22
1846 20
1847 20
1848 25
1849 22
1850 22
1851 14
1852 16
1853 22
1854 28
1855 24
1856 27
1857 19
1858 18
1859 21
1860 23
1861 9
1862 18
1863 19
1864 14
1865 23
1866 22
1867 22
1868 20
1869 20
1870 25
1871 23
1872 13
1873 23
1874 19
1875 26
1876 24
1877 15
1878 25
1879 25
1880 17
1881 23
1882 24
1883 22
1884 17
1885 13
1886 18
1887 18
1888 12
1889 16
1890 15
1891 16
1892 15
1893 17
1894 12
1895 19
1896 16
1897 21
1898 18
1899 15
1900 14
1901 12
1902 12
1903 13
1904 10
1905 15
1906 19
1907 19
1908 18
1909 13
1910 20
1911 16
1912 10
1913 8
1914 14
1915 12
1916 8
1917 7
1918 11
1919 15
1920 12
1921 12
1922 7
1923 13
1924 13
1925 11
1926 12
1927 9
1928 6
1929 10
1930 7
1931 16
1932 8
1933 15
1934 15
1935 9
1936 14
1937 14
1938 7
1939 7
1940 14
1941 8
1942 9
1943 15
1944 6
1945 8
1946 5
1947 8
1948 6
1949 10
1950 7
1951 11
1952 10
1953 13
1954 7
1955 4
1956 8
1957 11
1958 7
1959 9
1960 7
1961 3
1962 8
1963 11
1964 8
1965 4
1966 9
1967 11
1968 7
1969 8
1970 9
1971 13
1972 6
1973 4
1974 12
1975 8
1976 7
1977 6
1978 3
1979 9
1980 8
1981 8
1982 10
1983 4
1984 4
1985 6
1986 3
1987 9
1988 6
1989 7
1990 4
1991 6
1992 3
1993 5
1994 7
1995 11
1996 7
1997 5
1998 5
1999 10
2000 5
2001 6
2002 6
2003 3
2004 4
2005 5
2006 6
2007 2
2008 8
2009 4
2010 5
2011 6
2012 6
2013 4
2014 6
2015 5
2016 4
2017 3
2018 5
2019 2
2020 6
2021 1
2022 3
2023 7
2024 7
2025 1
2026 1
2027 2
2028 2
2029 3
2030 1
2031 3
2032 1
2033 5
2034 3
2035 9
2036 2
2037 6
2038 3
2039 2
2040 3
2041 5
2042 3
2043 4
2044 5
2045 2
2046 5
2047 5
2048 2
2049 2
2050 1
2051 5
2052 5
2053 4
2054 3
2055 2
2056 3
2057 1
2058 4
2059 2
2060 5
2061 1
2062 4
2063 4
2064 3
2066 4
2067 1
2068 2
2069 1
2070 2
2071 1
2072 2
2073 1
2074 2
2075 2
2076 4
2077 1
2078 3
2079 5
2080 1
2081 2
2082 1
2083 3
2084 2
2085 4
2086 3
2090 1
2091 3
2093 3
2094 2
2095 2
2096 2
2097 1
2098 2
2099 1
2101 1
2102 2
2103 2
2104 1
2105 2
2106 1
2107 3
2108 1
2109 2
2110 1
2111 1
2112 1
2113 1
2114 1
2116 2
2117 1
2118 1
2119 1
2121 2
2122 2
2123 3
2127 1
2128 1
2129 2
2130 4
2132 2
2133 1
2135 2
2136 3
2137 1
2138 2
2139 1
2141 3
2143 2
2144 1
2146 2
2147 3
2148 1
2150 2
2152 2
2153 1
2155 2
2156 1
2157 2
2159 1
2160 1
2161 4
2162 1
2163 1
2164 1
2165 2
2166 1
2168 1
2169 2
2170 1
2171 2
2172 1
2174 1
2175 1
2177 1
2179 2
2180 1
2181 1
2182 1
2185 1
2186 2
2187 1
2190 1
2191 1
2192 2
2193 2
2194 1
2196 1
2198 1
2199 1
2201 1
2202 1
2203 1
2206 1
2212 1
2214 2
2217 1
2219 2
2220 1
2221 1
2222 1
2225 2
2227 1
2229 1
2236 1
2237 2
2239 2
2240 2
2243 1
2248 1
2254 2
2255 1
2257 1
2272 1
2287 1
2288 1
2292 1
2314 1
2315 1
2318 1
2339 1
2375 1
2387 1
