-1084 2
-1083 1
-1082 7
-1081 19
-1080 23
-1079 31
-1078 28
-1077 40
-1076 69
-1075 78
-1074 95
-1073 101
-1072 103
-1071 106
-1070 152
-1069 193
-1068 186
-1067 217
-1066 260
-1065 286
-1064 268
-1063 348
-1062 331
-1061 354
-1060 382
-1059 391
-1058 394
-1057 403
-1056 424
-1055 423
-1054 480
-1053 414
-1052 433
-1051 477
-1050 528
-1049 551
-1048 518
-1047 548
-1046 537
-1045 559
-1044 539
-1043 566
-1042 556
-1041 599
-1040 540
-1039 540
-1038 565
-1037 614
-1036 558
-1035 547
-1034 552
-1033 524
-1032 553
-1031 541
-1030 558
-1029 602
-1028 583
-1027 591
-1026 605
-1025 623
-1024 631
-1023 616
-1022 564
-1021 611
-1020 635
-1019 662
-1018 724
-1017 681
-1016 671
-1015 692
-1014 659
-1013 662
-1012 622
-1011 657
-1010 688
-1009 773
-1008 749
-1007 714
-1006 713
-1005 740
-1004 767
-1003 720
-1002 749
-1001 760
-1000 775
-999 755
-998 824
-997 729
-996 817
-995 793
-994 876
-993 832
-992 855
-991 853
-990 849
-989 869
-988 838
-987 872
-986 907
-985 876
-984 855
-983 894
-982 908
-981 906
-980 856
-979 887
-978 976
-977 985
-976 998
-975 1020
-974 1109
-973 1005
-972 1069
-971 996
-970 1053
-969 1069
-968 990
-967 1045
-966 969
-965 1072
-964 1058
-963 1078
-962 1156
-961 1150
-960 1168
-959 1176
-958 1143
-957 1166
-956 1149
-955 1180
-954 1081
-953 1087
-952 1058
-951 1145
-950 1156
-949 1183
-948 1152
-947 1181
-946 1200
-945 1170
-944 1213
-943 1155
-942 1186
-941 1223
-940 1193
-939 1159
-938 1218
-937 1301
-936 1204
-935 1260
-934 1324
-933 1253
-932 1245
-931 1318
-930 1268
-929 1264
-928 1276
-927 1300
-926 1282
-925 1315
-924 1339
-923 1266
-922 1288
-921 1255
-920 1304
-919 1302
-918 1377
-917 1293
-916 1305
-915 1290
-914 1308
-913 1293
-912 1363
-911 1357
-910 1355
-909 1379
-908 1343
-907 1362
-906 1395
-905 1355
-904 1390
-903 1398
-902 1408
-901 1429
-900 1475
-899 1396
-898 1461
-897 1347
-896 1342
-895 1360
-894 1391
-893 1347
-892 1434
-891 1268
-890 1347
-889 1363
-888 1346
-887 1351
-886 1408
-885 1426
-884 1332
-883 1291
-882 1431
-881 1412
-880 1438
-879 1482
-878 1437
-877 1415
-876 1480
-875 1517
-874 1529
-873 1440
-872 1464
-871 1519
-870 1422
-869 1458
-868 1367
-867 1417
-866 1491
-865 1497
-864 1498
-863 1507
-862 1496
-861 1605
-860 1485
-859 1545
-858 1486
-857 1547
-856 1545
-855 1490
-854 1498
-853 1519
-852 1555
-851 1634
-850 1633
-849 1708
-848 1751
-847 1752
-846 1816
-845 1894
-844 1870
-843 1801
-842 1908
-841 1978
-840 1900
-839 2044
-838 1959
-837 1921
-836 2015
-835 1980
-834 1934
-833 1894
-832 1897
-831 1938
-830 2079
-829 2098
-828 2155
-827 2129
-826 2156
-825 2185
-824 2185
-823 2188
-822 2145
-821 2256
-820 2274
-819 2289
-818 2285
-817 2263
-816 2348
-815 2268
-814 2429
-813 2418
-812 2562
-811 2629
-810 2610
-809 2652
-808 2689
-807 2879
-806 2927
-805 2998
-804 2927
-803 2980
-802 2909
-801 3005
-800 3223
-799 3102
-798 3167
-797 3225
-796 3206
-795 3231
-794 3188
-793 3174
-792 3116
-791 3143
-790 3147
-789 3244
-788 3205
-787 3188
-786 3234
-785 3249
-784 3283
-783 3189
-782 3331
-781 3275
-780 3219
-779 3279
-778 3310
-777 3420
-776 3445
-775 3383
-774 3576
-773 3507
-772 3555
-771 3745
-770 3709
-769 3743
-768 3812
-767 4027
-766 4042
-765 4175
-764 4115
-763 4186
-762 4042
-761 4093
-760 4227
-759 4172
-758 4164
-757 4220
-756 4155
-755 4217
-754 4134
-753 4082
-752 4197
-751 4263
-750 4221
-749 4201
-748 4322
-747 4179
-746 4363
-745 4296
-744 4308
-743 4316
-742 4310
-741 4215
-740 4274
-739 4211
-738 4250
-737 4518
-736 4533
-735 4576
-734 4613
-733 4636
-732 4552
-731 4503
-730 4559
-729 4514
-728 4497
-727 4656
-726 4506
-725 4452
-724 4450
-723 4625
-722 4580
-721 4545
-720 4672
-719 4562
-718 4598
-717 4496
-716 4580
-715 4741
-714 4553
-713 4709
-712 4695
-711 4664
-710 4654
-709 4684
-708 4679
-707 4662
-706 4884
-705 4888
-704 4844
-703 5058
-702 5045
-701 5017
-700 4994
-699 5152
-698 5132
-697 5158
-696 5114
-695 5266
-694 5226
-693 5239
-692 5397
-691 5469
-690 5542
-689 5550
-688 5608
-687 5527
-686 5730
-685 5801
-684 5784
-683 5787
-682 5935
-681 5951
-680 6026
-679 5915
-678 5914
-677 5983
-676 6061
-675 6036
-674 5909
-673 5859
-672 5844
-671 5856
-670 5841
-669 5832
-668 5968
-667 5990
-666 5927
-665 5997
-664 6001
-663 6152
-662 6181
-661 6207
-660 6212
-659 6350
-658 6290
-657 6269
-656 6437
-655 6470
-654 6381
-653 6528
-652 6345
-651 6441
-650 6568
-649 6449
-648 6644
-647 6434
-646 6558
-645 6456
-644 6473
-643 6496
-642 6363
-641 6495
-640 6636
-639 6483
-638 6536
-637 6597
-636 6743
-635 6764
-634 6633
-633 6525
-632 6467
-631 6590
-630 6788
-629 6822
-628 6688
-627 6679
-626 6737
-625 6641
-624 6650
-623 6608
-622 6701
-621 6661
-620 6619
-619 6639
-618 6425
-617 6574
-616 6592
-615 6594
-614 6517
-613 6580
-612 6764
-611 6665
-610 6677
-609 6801
-608 6656
-607 6772
-606 6925
-605 6742
-604 6805
-603 6769
-602 6676
-601 6787
-600 6935
-599 6855
-598 6971
-597 6975
-596 6931
-595 6865
-594 6868
-593 6933
-592 6901
-591 7052
-590 7042
-589 6933
-588 6930
-587 7012
-586 6968
-585 7091
-584 7002
-583 7255
-582 7192
-581 7145
-580 7376
-579 7262
-578 7308
-577 7349
-576 7325
-575 7299
-574 7280
-573 7154
-572 7227
-571 7461
-570 7339
-569 7369
-568 7405
-567 7357
-566 7417
-565 7587
-564 7455
-563 7471
-562 7277
-561 7516
-560 7554
-559 7419
-558 7438
-557 7421
-556 7439
-555 7343
-554 7318
-553 7302
-552 7211
-551 7306
-550 7198
-549 7256
-548 7360
-547 7239
-546 7453
-545 7344
-544 7239
-543 7344
-542 7165
-541 7405
-540 7146
-539 7211
-538 7367
-537 7333
-536 7289
-535 7297
-534 7253
-533 7323
-532 7311
-531 7340
-530 7278
-529 7189
-528 7062
-527 7179
-526 7306
-525 7098
-524 7162
-523 7117
-522 6942
-521 7070
-520 6985
-519 7083
-518 7195
-517 6975
-516 7141
-515 7088
-514 7014
-513 7118
-512 7111
-511 7115
-510 6886
-509 6792
-508 6737
-507 6789
-506 6768
-505 6812
-504 6688
-503 6831
-502 6971
-501 6736
-500 6779
-499 6568
-498 6694
-497 6646
-496 6766
-495 6713
-494 6599
-493 6615
-492 6579
-491 6472
-490 6472
-489 6512
-488 6520
-487 6430
-486 6501
-485 6436
-484 6494
-483 6527
-482 6505
-481 6459
-480 6589
-479 6386
-478 6412
-477 6339
-476 6395
-475 6372
-474 6170
-473 6220
-472 6178
-471 6287
-470 6133
-469 6301
-468 6306
-467 6249
-466 6111
-465 6194
-464 6200
-463 6183
-462 6068
-461 6071
-460 6276
-459 5894
-458 6157
-457 6210
-456 6087
-455 6090
-454 6020
-453 6010
-452 5943
-451 6019
-450 5971
-449 6113
-448 5949
-447 5849
-446 5975
-445 6179
-444 6024
-443 6146
-442 6083
-441 6134
-440 6110
-439 6056
-438 6113
-437 6079
-436 6099
-435 5992
-434 6066
-433 6090
-432 6066
-431 6052
-430 5761
-429 6000
-428 6012
-427 5906
-426 5746
-425 5775
-424 5752
-423 5853
-422 5904
-421 5795
-420 5760
-419 5975
-418 5875
-417 5762
-416 5629
-415 5750
-414 5727
-413 5589
-412 5801
-411 5591
-410 5750
-409 5591
-408 5548
-407 5547
-406 5669
-405 5656
-404 5723
-403 5550
-402 5454
-401 5498
-400 5367
-399 5420
-398 5502
-397 5355
-396 5415
-395 5426
-394 5406
-393 5505
-392 5380
-391 5330
-390 5322
-389 5272
-388 5204
-387 5253
-386 5101
-385 5025
-384 5190
-383 5102
-382 5140
-381 5058
-380 5074
-379 5095
-378 5063
-377 5047
-376 5076
-375 5005
-374 4910
-373 4876
-372 4801
-371 4835
-370 4904
-369 4804
-368 4671
-367 4780
-366 4708
-365 4656
-364 4776
-363 4690
-362 4629
-361 4586
-360 4612
-359 4654
-358 4592
-357 4551
-356 4613
-355 4545
-354 4597
-353 4376
-352 4454
-351 4495
-350 4449
-349 4437
-348 4388
-347 4372
-346 4301
-345 4236
-344 4410
-343 4343
-342 4260
-341 4344
-340 4358
-339 4257
-338 4339
-337 4288
-336 4224
-335 4183
-334 4264
-333 4171
-332 4201
-331 4224
-330 4151
-329 4161
-328 4165
-327 4069
-326 4139
-325 3981
-324 3963
-323 4052
-322 4048
-321 4071
-320 4057
-319 4002
-318 4047
-317 3945
-316 4111
-315 3919
-314 3923
-313 3983
-312 3927
-311 3929
-310 3968
-309 3855
-308 3939
-307 3762
-306 3829
-305 3894
-304 3712
-303 3752
-302 3699
-301 3775
-300 3815
-299 3819
-298 3773
-297 3760
-296 3655
-295 3609
-294 3771
-293 3615
-292 3602
-291 3654
-290 3655
-289 3754
-288 3546
-287 3651
-286 3521
-285 3534
-284 3613
-283 3517
-282 3595
-281 3509
-280 3407
-279 3554
-278 3536
-277 3468
-276 3499
-275 3493
-274 3522
-273 3447
-272 3467
-271 3389
-270 3407
-269 3451
-268 3435
-267 3464
-266 3334
-265 3397
-264 3281
-263 3282
-262 3389
-261 3325
-260 3130
-259 3141
-258 3255
-257 3231
-256 3153
-255 3262
-254 3215
-253 3258
-252 3168
-251 3122
-250 3122
-249 3077
-248 3093
-247 3072
-246 2987
-245 3162
-244 3075
-243 2960
-242 3084
-241 3059
-240 2976
-239 2935
-238 3003
-237 3082
-236 2963
-235 2989
-234 2989
-233 2898
-232 3043
-231 2933
-230 2922
-229 2916
-228 2878
-227 2870
-226 2936
-225 2880
-224 2848
-223 2857
-222 2858
-221 2859
-220 2785
-219 2855
-218 2828
-217 2808
-216 2806
-215 2776
-214 2821
-213 2738
-212 2778
-211 2698
-210 2737
-209 2634
-208 2665
-207 2711
-206 2642
-205 2647
-204 2683
-203 2759
-202 2609
-201 2628
-200 2572
-199 2594
-198 2591
-197 2612
-196 2491
-195 2573
-194 2655
-193 2642
-192 2587
-191 2624
-190 2561
-189 2615
-188 2572
-187 2439
-186 2473
-185 2400
-184 2466
-183 2451
-182 2406
-181 2413
-180 2376
-179 2379
-178 2436
-177 2343
-176 2428
-175 2408
-174 2415
-173 2355
-172 2298
-171 2419
-170 2436
-169 2336
-168 2332
-167 2412
-166 2425
-165 2354
-164 2381
-163 2313
-162 2273
-161 2262
-160 2354
-159 2317
-158 2288
-157 2056
-156 2270
-155 2234
-154 2195
-153 2273
-152 2176
-151 2174
-150 2154
-149 2166
-148 2118
-147 2102
-146 2121
-145 2123
-144 2155
-143 2187
-142 2125
-141 2142
-140 2111
-139 2102
-138 2158
-137 2073
-136 2002
-135 2062
-134 1962
-133 2058
-132 2040
-131 2047
-130 1950
-129 1982
-128 1960
-127 1979
-126 1926
-125 1903
-124 1887
-123 1995
-122 2016
-121 1894
-120 1900
-119 1866
-118 1904
-117 1843
-116 1824
-115 1886
-114 1839
-113 1792
-112 1754
-111 1761
-110 1801
-109 1788
-108 1769
-107 1727
-106 1727
-105 1812
-104 1830
-103 1703
-102 1746
-101 1679
-100 1610
-99 1724
-98 1760
-97 1671
-96 1757
-95 1591
-94 1732
-93 1698
-92 1725
-91 1657
-90 1685
-89 1726
-88 1699
-87 1628
-86 1654
-85 1550
-84 1577
-83 1609
-82 1623
-81 1587
-80 1601
-79 1581
-78 1524
-77 1593
-76 1490
-75 1439
-74 1442
-73 1506
-72 1439
-71 1463
-70 1369
-69 1433
-68 1405
-67 1421
-66 1439
-65 1453
-64 1421
-63 1360
-62 1448
-61 1298
-60 1404
-59 1316
-58 1289
-57 1301
-56 1303
-55 1406
-54 1245
-53 1264
-52 1317
-51 1288
-50 1246
-49 1402
-48 1255
-47 1281
-46 1290
-45 1234
-44 1243
-43 1230
-42 1175
-41 1262
-40 1247
-39 1146
-38 1190
-37 1290
-36 1196
-35 1193
-34 1142
-33 1204
-32 1169
-31 1198
-30 1119
-29 1140
-28 1180
-27 1122
-26 1137
-25 1126
-24 1072
-23 1091
-22 1187
-21 1094
-20 1071
-19 1094
-18 1065
-17 1138
-16 1112
-15 1051
-14 1074
-13 1124
-12 1000
-11 1041
-10 1025
-9 1023
-8 1084
-7 1050
-6 1002
-5 1040
-4 996
-3 999
-2 1019
-1 962
0 992
1 971
2 959
3 956
4 988
5 928
6 897
7 949
8 947
9 938
10 918
11 925
12 884
13 874
14 908
15 909
16 873
17 883
18 891
19 939
20 883
21 876
22 856
23 850
24 886
25 832
26 866
27 867
28 816
29 847
30 866
31 795
32 789
33 844
34 820
35 833
36 832
37 822
38 774
39 769
40 796
41 779
42 800
43 810
44 737
45 773
46 741
47 785
48 744
49 697
50 709
51 747
52 738
53 718
54 714
55 736
56 729
57 723
58 722
59 701
60 686
61 700
62 681
63 733
64 710
65 685
66 705
67 709
68 682
69 652
70 657
71 713
72 656
73 659
74 629
75 637
76 637
77 677
78 633
79 611
80 648
81 670
82 620
83 636
84 609
85 664
86 640
87 648
88 631
89 620
90 607
91 610
92 591
93 623
94 610
95 588
96 630
97 592
98 635
99 569
100 565
101 585
102 569
103 543
104 576
105 620
106 550
107 579
108 570
109 559
110 562
111 588
112 566
113 515
114 566
115 557
116 523
117 553
118 526
119 573
120 527
121 544
122 561
123 492
124 519
125 521
126 497
127 539
128 546
129 487
130 448
131 528
132 515
133 489
134 443
135 483
136 472
137 470
138 481
139 500
140 491
141 508
142 484
143 493
144 457
145 478
146 494
147 480
148 441
149 481
150 454
151 478
152 440
153 399
154 454
155 489
156 445
157 442
158 429
159 458
160 423
161 421
162 397
163 408
164 439
165 373
166 414
167 399
168 396
169 404
170 405
171 406
172 395
173 383
174 406
175 403
176 394
177 434
178 418
179 371
180 383
181 394
182 388
183 356
184 386
185 363
186 377
187 378
188 371
189 365
190 361
191 323
192 380
193 346
194 359
195 340
196 328
197 348
198 377
199 319
200 302
201 336
202 352
203 316
204 328
205 385
206 310
207 345
208 320
209 329
210 319
211 312
212 306
213 289
214 316
215 325
216 299
217 293
218 321
219 312
220 275
221 258
222 271
223 340
224 293
225 302
226 255
227 279
228 310
229 265
230 274
231 269
232 282
233 281
234 262
235 285
236 287
237 280
238 299
239 257
240 247
241 262
242 266
243 273
244 241
245 231
246 286
247 236
248 268
249 228
250 265
251 238
252 263
253 251
254 227
255 231
256 237
257 205
258 231
259 254
260 273
261 230
262 212
263 229
264 225
265 223
266 232
267 254
268 227
269 253
270 227
271 231
272 204
273 226
274 205
275 202
276 199
277 222
278 193
279 205
280 195
281 200
282 170
283 220
284 196
285 208
286 207
287 195
288 194
289 204
290 173
291 198
292 192
293 176
294 182
295 184
296 195
297 183
298 176
299 181
300 156
301 176
302 192
303 171
304 183
305 208
306 166
307 171
308 183
309 183
310 154
311 186
312 156
313 145
314 149
315 181
316 151
317 173
318 176
319 128
320 180
321 136
322 148
323 153
324 161
325 148
326 152
327 153
328 166
329 163
330 137
331 160
332 149
333 168
334 165
335 144
336 167
337 124
338 143
339 123
340 130
341 149
342 150
343 154
344 130
345 132
346 122
347 126
348 115
349 115
350 138
351 137
352 127
353 117
354 124
355 126
356 112
357 134
358 148
359 125
360 122
361 129
362 128
363 129
364 133
365 126
366 117
367 108
368 126
369 113
370 97
371 102
372 99
373 101
374 115
375 103
376 109
377 123
378 118
379 106
380 118
381 107
382 102
383 110
384 88
385 97
386 107
387 96
388 121
389 104
390 101
391 95
392 104
393 108
394 124
395 125
396 112
397 90
398 77
399 103
400 83
401 107
402 128
403 90
404 99
405 86
406 122
407 72
408 89
409 94
410 97
411 92
412 95
413 88
414 59
415 93
416 84
417 80
418 97
419 81
420 89
421 77
422 88
423 87
424 66
425 89
426 83
427 81
428 95
429 85
430 97
431 81
432 62
433 63
434 64
435 73
436 80
437 95
438 61
439 82
440 74
441 77
442 77
443 68
444 64
445 92
446 73
447 63
448 75
449 66
450 71
451 63
452 71
453 71
454 60
455 62
456 79
457 58
458 53
459 56
460 57
461 65
462 65
463 52
464 70
465 63
466 72
467 60
468 59
469 76
470 43
471 62
472 62
473 67
474 72
475 63
476 67
477 60
478 73
479 54
480 57
481 59
482 49
483 68
484 55
485 64
486 57
487 57
488 59
489 57
490 47
491 47
492 53
493 55
494 66
495 53
496 51
497 64
498 57
499 42
500 56
501 44
502 55
503 56
504 48
505 56
506 59
507 43
508 44
509 45
510 41
511 41
512 29
513 52
514 41
515 58
516 48
517 48
518 53
519 31
520 39
521 45
522 49
523 50
524 54
525 56
526 42
527 47
528 38
529 43
530 34
531 37
532 57
533 40
534 34
535 47
536 36
537 40
538 44
539 38
540 37
541 35
542 39
543 47
544 39
545 41
546 38
547 39
548 31
549 55
550 26
551 40
552 37
553 33
554 45
555 36
556 41
557 42
558 37
559 38
560 38
561 41
562 32
563 44
564 33
565 43
566 33
567 36
568 25
569 44
570 44
571 39
572 30
573 36
574 44
575 41
576 32
577 31
578 28
579 30
580 31
581 29
582 23
583 37
584 28
585 37
586 30
587 36
588 31
589 39
590 38
591 33
592 36
593 34
594 24
595 42
596 33
597 30
598 28
599 33
600 31
601 36
602 28
603 23
604 31
605 32
606 28
607 30
608 22
609 29
610 22
611 30
612 21
613 33
614 25
615 40
616 26
617 32
618 23
619 29
620 28
621 32
622 35
623 26
624 21
625 28
626 28
627 29
628 23
629 20
630 26
631 34
632 27
633 18
634 31
635 26
636 26
637 22
638 23
639 32
640 22
641 29
642 31
643 26
644 34
645 30
646 24
647 28
648 33
649 21
650 26
651 20
652 15
653 25
654 21
655 18
656 21
657 28
658 23
659 24
660 20
661 24
662 25
663 20
664 29
665 23
666 24
667 22
668 28
669 23
670 24
671 22
672 23
673 25
674 19
675 23
676 28
677 21
678 18
679 28
680 14
681 12
682 15
683 22
684 23
685 23
686 22
687 24
688 26
689 11
690 24
691 28
692 15
693 21
694 20
695 32
696 22
697 13
698 15
699 14
700 20
701 27
702 25
703 18
704 24
705 16
706 24
707 15
708 31
709 28
710 24
711 27
712 19
713 24
714 19
715 25
716 27
717 25
718 17
719 21
720 24
721 21
722 19
723 14
724 18
725 20
726 30
727 19
728 22
729 13
730 17
731 17
732 16
733 18
734 17
735 17
736 21
737 19
738 19
739 28
740 32
741 18
742 35
743 29
744 18
745 19
746 20
747 23
748 30
749 26
750 23
751 22
752 30
753 23
754 26
755 25
756 25
757 26
758 30
759 17
760 19
761 25
762 14
763 30
764 16
765 23
766 27
767 14
768 31
769 24
770 34
771 21
772 29
773 30
774 31
775 13
776 21
777 21
778 19
779 18
780 23
781 21
782 20
783 20
784 29
785 25
786 17
787 25
788 15
789 32
790 28
791 29
792 29
793 13
794 20
795 23
796 18
797 23
798 16
799 23
800 30
801 19
802 28
803 21
804 23
805 27
806 32
807 18
808 29
809 22
810 30
811 28
812 32
813 25
814 29
815 22
816 30
817 21
818 21
819 40
820 25
821 22
822 26
823 29
824 22
825 15
826 20
827 27
828 19
829 29
830 24
831 18
832 28
833 20
834 23
835 35
836 17
837 23
838 23
839 27
840 16
841 21
842 30
843 18
844 22
845 24
846 23
847 21
848 23
849 24
850 23
851 30
852 26
853 28
854 18
855 22
856 29
857 33
858 26
859 18
860 27
861 18
862 27
863 21
864 26
865 21
866 30
867 26
868 29
869 27
870 25
871 26
872 34
873 31
874 23
875 31
876 24
877 40
878 27
879 28
880 23
881 28
882 27
883 33
884 26
885 38
886 24
887 21
888 29
889 31
890 32
891 21
892 34
893 20
894 34
895 23
896 28
897 24
898 30
899 26
900 28
901 25
902 27
903 28
904 24
905 27
906 34
907 27
908 33
909 27
910 30
911 34
912 24
913 30
914 39
915 26
916 39
917 36
918 29
919 27
920 34
921 28
922 32
923 25
924 31
925 24
926 38
927 41
928 26
929 29
930 27
931 27
932 26
933 30
934 22
935 25
936 25
937 29
938 24
939 23
940 26
941 33
942 34
943 24
944 26
945 28
946 26
947 32
948 34
949 27
950 31
951 28
952 34
953 30
954 26
955 22
956 17
957 29
958 33
959 30
960 35
961 22
962 31
963 25
964 28
965 25
966 17
967 21
968 22
969 22
970 29
971 24
972 23
973 24
974 25
975 26
976 26
977 37
978 23
979 26
980 21
981 25
982 21
983 21
984 21
985 18
986 29
987 27
988 30
989 23
990 22
991 22
992 34
993 13
994 15
995 22
996 20
997 24
998 29
999 21
1000 18
1001 14
1002 19
1003 16
1004 26
1005 23
1006 25
1007 20
1008 29
1009 24
1010 23
1011 14
1012 19
1013 23
1014 20
1015 21
1016 22
1017 18
1018 27
1019 21
1020 23
1021 22
1022 18
1023 21
1024 25
1025 15
1026 24
1027 27
1028 17
1029 23
1030 23
1031 23
1032 17
1033 11
1034 16
1035 16
1036 13
1037 17
1038 17
1039 15
1040 18
1041 20
1042 17
1043 21
1044 17
1045 15
1046 23
1047 15
1048 20
1049 16
1050 26
1051 12
1052 8
1053 11
1054 23
1055 11
1056 19
1057 19
1058 17
1059 20
1060 13
1061 19
1062 14
1063 15
1064 13
1065 8
1066 16
1067 14
1068 14
1069 13
1070 20
1071 12
1072 14
1073 13
1074 12
1075 15
1076 16
1077 20
1078 15
1079 11
1080 9
1081 12
1082 17
1083 11
1084 13
1085 19
1086 10
1087 16
1088 9
1089 18
1090 22
1091 14
1092 16
1093 8
1094 16
1095 15
1096 12
1097 17
1098 8
1099 10
1100 13
1101 11
1102 17
1103 18
1104 12
1105 9
1106 13
1107 13
1108 5
1109 12
1110 14
1111 13
1112 12
1113 15
1114 10
1115 9
1116 16
1117 15
1118 10
1119 9
1120 10
1121 12
1122 12
1123 9
1124 9
1125 3
1126 7
1127 9
1128 6
1129 11
1130 8
1131 12
1132 11
1133 12
1134 7
1135 13
1136 13
1137 6
1138 11
1139 10
1140 13
1141 7
1142 15
1143 10
1144 9
1145 9
1146 3
1147 13
1148 3
1149 10
1150 8
1151 9
1152 8
1153 8
1154 9
1155 4
1156 4
1157 3
1158 5
1159 10
1160 9
1161 10
1162 7
1163 3
1164 4
1165 4
1166 7
1167 8
1168 8
1169 8
1170 4
1171 12
1172 3
1173 5
1174 6
1175 5
1176 10
1177 6
1178 10
1179 9
1180 13
1181 7
1182 11
1183 4
1184 5
1185 8
1186 7
1187 6
1188 3
1189 7
1190 4
1191 3
1192 4
1193 7
1194 4
1195 7
1196 8
1197 4
1198 6
1199 9
1200 5
1201 5
1202 2
1203 4
1204 2
1205 5
1206 7
1207 4
1208 4
1209 6
1210 3
1211 11
1212 4
1213 3
1214 1
1215 3
1216 6
1217 2
1218 3
1219 4
1220 1
1221 1
1222 5
1223 3
1224 3
1225 4
1226 4
1228 6
1229 5
1230 3
1231 2
1232 3
1233 3
1234 2
1235 5
1236 4
1237 4
1238 2
1239 2
1240 2
1241 4
1242 5
1243 1
1244 2
1245 3
1246 6
1247 2
1248 3
1249 2
1250 3
1251 1
1252 3
1253 3
1254 3
1255 2
1256 3
1258 3
1259 1
1260 3
1261 2
1262 3
1263 3
1264 4
1265 2
1266 3
1267 2
1269 2
1270 1
1271 2
1272 5
1273 7
1274 1
1275 3
1276 2
1277 2
1278 3
1279 2
1281 4
1282 3
1284 2
1285 2
1286 1
1287 1
1289 1
1290 2
1291 3
1292 2
1293 2
1294 1
1295 3
1296 1
1297 3
1298 2
1299 1
1300 3
1301 1
1302 4
1303 2
1304 3
1305 1
1306 2
1307 3
1309 4
1310 3
1311 1
1313 2
1314 2
1315 1
1316 3
1317 2
1319 1
1320 2
1322 2
1323 2
1324 5
1325 1
1326 1
1327 1
1328 1
1330 3
1331 1
1332 1
1334 1
1335 1
1336 1
1339 2
1342 1
1343 2
1344 1
1346 1
1347 2
1350 1
1351 1
1353 1
1356 1
1357 1
1358 1
1359 1
1360 4
1361 1
1362 1
1364 1
1367 2
1369 2
1371 1
1372 1
1373 2
1374 1
1375 1
1376 1
1378 1
1379 2
1380 2
1381 1
1383 1
1385 3
1386 1
1394 2
1397 2
1398 1
1399 1
1401 1
1402 1
1403 1
1404 1
1407 1
1408 1
1409 1
1410 1
1412 1
1413 1
1418 1
1421 2
1422 1
1424 1
1429 1
1433 1
1436 1
1440 2
1445 1
1448 1
1450 1
1451 1
1452 1
1454 1
1455 1
1465 1
1468 1
1470 1
1478 1
1481 1
1482 1
1485 1
1489 1
1491 2
1500 1
1503 1
1513 1
1516 1
1522 1
1525 1
1532 1
1534 1
1550 1
1564 1
1585 1
1591 1
1640 1
1653 1
1668 1
