-1100 2
-1099 8
-1098 5
-1097 17
-1096 16
-1095 15
-1094 19
-1093 29
-1092 34
-1091 30
-1090 35
-1089 30
-1088 53
-1087 55
-1086 73
-1085 67
-1084 87
-1083 74
-1082 74
-1081 85
-1080 79
-1079 74
-1078 78
-1077 79
-1076 87
-1075 90
-1074 88
-1073 104
-1072 83
-1071 81
-1070 91
-1069 81
-1068 77
-1067 105
-1066 93
-1065 100
-1064 79
-1063 87
-1062 85
-1061 99
-1060 90
-1059 99
-1058 102
-1057 80
-1056 88
-1055 85
-1054 111
-1053 108
-1052 87
-1051 89
-1050 84
-1049 92
-1048 79
-1047 81
-1046 89
-1045 96
-1044 73
-1043 93
-1042 81
-1041 76
-1040 94
-1039 74
-1038 92
-1037 90
-1036 78
-1035 83
-1034 97
-1033 81
-1032 89
-1031 86
-1030 80
-1029 96
-1028 102
-1027 79
-1026 83
-1025 98
-1024 102
-1023 91
-1022 109
-1021 94
-1020 91
-1019 88
-1018 77
-1017 84
-1016 68
-1015 72
-1014 78
-1013 72
-1012 61
-1011 90
-1010 75
-1009 92
-1008 72
-1007 76
-1006 77
-1005 82
-1004 91
-1003 86
-1002 90
-1001 65
-1000 92
-999 87
-998 96
-997 92
-996 74
-995 77
-994 97
-993 73
-992 88
-991 81
-990 94
-989 104
-988 63
-987 84
-986 80
-985 80
-984 90
-983 74
-982 79
-981 86
-980 85
-979 95
-978 111
-977 99
-976 103
-975 94
-974 111
-973 114
-972 132
-971 149
-970 138
-969 150
-968 181
-967 168
-966 171
-965 197
-964 180
-963 185
-962 174
-961 184
-960 166
-959 183
-958 193
-957 206
-956 197
-955 184
-954 209
-953 185
-952 207
-951 201
-950 219
-949 246
-948 201
-947 226
-946 280
-945 296
-944 275
-943 314
-942 348
-941 304
-940 348
-939 380
-938 414
-937 475
-936 500
-935 501
-934 445
-933 498
-932 473
-931 480
-930 543
-929 499
-928 511
-927 482
-926 506
-925 467
-924 553
-923 538
-922 551
-921 526
-920 507
-919 532
-918 559
-917 562
-916 584
-915 536
-914 539
-913 554
-912 581
-911 579
-910 557
-909 547
-908 551
-907 530
-906 529
-905 552
-904 526
-903 534
-902 580
-901 527
-900 572
-899 559
-898 554
-897 571
-896 631
-895 619
-894 654
-893 646
-892 707
-891 776
-890 777
-889 797
-888 848
-887 823
-886 798
-885 783
-884 815
-883 886
-882 842
-881 836
-880 821
-879 859
-878 769
-877 870
-876 879
-875 922
-874 887
-873 835
-872 903
-871 878
-870 864
-869 905
-868 934
-867 1017
-866 1005
-865 934
-864 917
-863 931
-862 949
-861 949
-860 996
-859 919
-858 891
-857 924
-856 897
-855 931
-854 951
-853 995
-852 966
-851 1032
-850 1015
-849 984
-848 1023
-847 969
-846 949
-845 989
-844 1010
-843 967
-842 954
-841 953
-840 990
-839 996
-838 1022
-837 1063
-836 1110
-835 1118
-834 1064
-833 1130
-832 1132
-831 1176
-830 1088
-829 1163
-828 1149
-827 1189
-826 1197
-825 1216
-824 1206
-823 1212
-822 1253
-821 1307
-820 1362
-819 1338
-818 1417
-817 1422
-816 1446
-815 1489
-814 1595
-813 1562
-812 1669
-811 1744
-810 1807
-809 1841
-808 1863
-807 1967
-806 1914
-805 2045
-804 1984
-803 2011
-802 1982
-801 2002
-800 2050
-799 2161
-798 2091
-797 2017
-796 2198
-795 2093
-794 2159
-793 2119
-792 2140
-791 2119
-790 2036
-789 2120
-788 2144
-787 2106
-786 2110
-785 2087
-784 2211
-783 2266
-782 2295
-781 2292
-780 2350
-779 2344
-778 2490
-777 2425
-776 2553
-775 2482
-774 2599
-773 2559
-772 2541
-771 2509
-770 2641
-769 2673
-768 2765
-767 2770
-766 2618
-765 2725
-764 2677
-763 2730
-762 2695
-761 2760
-760 2906
-759 2900
-758 2789
-757 2713
-756 2812
-755 2893
-754 2889
-753 2952
-752 2907
-751 3091
-750 2990
-749 3156
-748 3298
-747 3294
-746 3347
-745 3381
-744 3524
-743 3527
-742 3563
-741 3463
-740 3485
-739 3507
-738 3548
-737 3468
-736 3664
-735 3532
-734 3499
-733 3720
-732 3700
-731 3680
-730 3655
-729 3550
-728 3535
-727 3450
-726 3621
-725 3558
-724 3595
-723 3599
-722 3552
-721 3717
-720 3583
-719 3633
-718 3688
-717 3601
-716 3643
-715 3647
-714 3541
-713 3670
-712 3607
-711 3489
-710 3521
-709 3502
-708 3452
-707 3543
-706 3577
-705 3478
-704 3662
-703 3508
-702 3573
-701 3551
-700 3661
-699 3578
-698 3606
-697 3622
-696 3733
-695 3601
-694 3641
-693 3604
-692 3608
-691 3700
-690 3765
-689 3715
-688 3784
-687 3654
-686 3669
-685 3756
-684 3698
-683 3737
-682 3724
-681 3627
-680 3647
-679 3731
-678 3783
-677 3657
-676 3632
-675 3774
-674 3653
-673 3864
-672 3864
-671 3856
-670 3892
-669 3902
-668 3821
-667 3847
-666 3829
-665 3908
-664 3887
-663 3882
-662 4059
-661 3981
-660 4075
-659 4004
-658 4102
-657 4269
-656 4213
-655 4176
-654 4313
-653 4293
-652 4283
-651 4315
-650 4379
-649 4383
-648 4441
-647 4285
-646 4318
-645 4294
-644 4466
-643 4482
-642 4373
-641 4342
-640 4609
-639 4372
-638 4504
-637 4531
-636 4508
-635 4478
-634 4545
-633 4569
-632 4567
-631 4629
-630 4563
-629 4597
-628 4852
-627 4670
-626 4818
-625 4816
-624 4837
-623 4804
-622 4951
-621 4834
-620 4882
-619 4961
-618 4910
-617 4950
-616 4832
-615 4791
-614 4769
-613 4857
-612 4818
-611 4838
-610 4794
-609 4835
-608 4722
-607 4757
-606 4847
-605 4990
-604 4953
-603 4874
-602 4999
-601 5021
-600 5076
-599 5217
-598 5123
-597 5120
-596 5282
-595 5225
-594 5279
-593 5155
-592 5422
-591 5403
-590 5472
-589 5541
-588 5495
-587 5550
-586 5475
-585 5520
-584 5340
-583 5903
-582 5564
-581 5660
-580 5590
-579 5538
-578 5575
-577 5536
-576 5582
-575 5628
-574 5665
-573 5552
-572 5533
-571 5606
-570 5710
-569 5777
-568 5576
-567 5865
-566 5774
-565 5813
-564 5829
-563 5989
-562 5957
-561 5966
-560 6055
-559 5986
-558 6055
-557 6029
-556 5903
-555 5994
-554 5909
-553 6120
-552 5969
-551 6049
-550 5834
-549 6030
-548 5950
-547 5981
-546 5905
-545 6068
-544 5874
-543 5959
-542 6087
-541 5792
-540 5904
-539 5952
-538 6081
-537 5992
-536 5869
-535 5970
-534 5988
-533 6127
-532 6094
-531 5976
-530 6108
-529 6255
-528 6155
-527 6212
-526 6026
-525 6103
-524 6102
-523 6098
-522 5983
-521 6078
-520 6121
-519 6130
-518 6213
-517 6095
-516 6167
-515 6130
-514 6127
-513 6210
-512 6085
-511 6297
-510 6155
-509 6221
-508 6158
-507 6280
-506 6092
-505 6338
-504 6342
-503 6238
-502 6359
-501 6389
-500 6603
-499 6483
-498 6499
-497 6503
-496 6407
-495 6460
-494 6535
-493 6378
-492 6386
-491 6605
-490 6616
-489 6574
-488 6671
-487 6727
-486 6660
-485 6523
-484 6585
-483 6590
-482 6609
-481 6579
-480 6504
-479 6520
-478 6492
-477 6572
-476 6556
-475 6477
-474 6593
-473 6538
-472 6448
-471 6719
-470 6469
-469 6694
-468 6596
-467 6602
-466 6575
-465 6605
-464 6654
-463 6442
-462 6620
-461 6583
-460 6732
-459 6650
-458 6542
-457 6561
-456 6594
-455 6629
-454 6647
-453 6530
-452 6494
-451 6521
-450 6508
-449 6416
-448 6406
-447 6388
-446 6605
-445 6366
-444 6253
-443 6414
-442 6423
-441 6536
-440 6221
-439 6335
-438 6414
-437 6346
-436 6470
-435 6317
-434 6335
-433 6491
-432 6483
-431 6457
-430 6431
-429 6551
-428 6534
-427 6456
-426 6329
-425 6436
-424 6371
-423 6244
-422 6275
-421 6423
-420 6098
-419 6191
-418 6279
-417 6147
-416 6169
-415 6027
-414 6017
-413 6043
-412 6121
-411 6021
-410 6099
-409 5926
-408 6061
-407 5964
-406 6120
-405 5880
-404 6046
-403 6026
-402 5925
-401 5996
-400 6002
-399 6097
-398 5935
-397 5801
-396 5913
-395 5973
-394 5906
-393 5909
-392 5930
-391 5965
-390 5893
-389 5893
-388 5805
-387 5896
-386 5859
-385 5917
-384 5761
-383 5779
-382 5756
-381 5920
-380 5811
-379 5771
-378 5896
-377 5822
-376 5761
-375 5764
-374 5687
-373 5892
-372 5694
-371 5689
-370 5778
-369 5795
-368 5638
-367 5796
-366 5680
-365 5775
-364 5800
-363 5800
-362 5752
-361 5705
-360 5665
-359 5674
-358 5552
-357 5602
-356 5776
-355 5741
-354 5663
-353 5593
-352 5641
-351 5611
-350 5696
-349 5624
-348 5560
-347 5651
-346 5612
-345 5564
-344 5528
-343 5559
-342 5614
-341 5479
-340 5481
-339 5584
-338 5615
-337 5496
-336 5550
-335 5538
-334 5710
-333 5579
-332 5432
-331 5447
-330 5472
-329 5594
-328 5581
-327 5629
-326 5560
-325 5471
-324 5307
-323 5347
-322 5441
-321 5481
-320 5435
-319 5363
-318 5388
-317 5227
-316 5240
-315 5271
-314 5309
-313 5229
-312 5127
-311 5224
-310 5106
-309 5070
-308 5205
-307 5129
-306 5053
-305 5136
-304 5180
-303 5165
-302 4997
-301 5130
-300 5141
-299 5103
-298 4924
-297 5143
-296 5025
-295 5083
-294 5027
-293 5051
-292 5047
-291 5109
-290 5053
-289 4892
-288 5037
-287 4984
-286 5010
-285 5031
-284 4915
-283 4993
-282 4887
-281 4822
-280 4855
-279 4911
-278 4905
-277 4892
-276 4727
-275 4860
-274 4922
-273 4724
-272 4692
-271 4785
-270 4683
-269 4710
-268 4761
-267 4600
-266 4777
-265 4598
-264 4578
-263 4575
-262 4712
-261 4527
-260 4692
-259 4516
-258 4557
-257 4582
-256 4490
-255 4457
-254 4524
-253 4536
-252 4483
-251 4466
-250 4499
-249 4442
-248 4286
-247 4391
-246 4331
-245 4348
-244 4349
-243 4363
-242 4216
-241 4356
-240 4381
-239 4265
-238 4408
-237 4226
-236 4223
-235 4330
-234 4359
-233 4157
-232 4218
-231 4324
-230 4228
-229 4152
-228 4335
-227 4245
-226 4345
-225 4403
-224 4263
-223 4235
-222 4166
-221 4265
-220 4233
-219 4258
-218 4188
-217 4055
-216 4136
-215 4062
-214 4070
-213 4127
-212 4138
-211 3970
-210 3922
-209 4041
-208 3962
-207 4050
-206 3893
-205 3917
-204 3787
-203 3836
-202 3941
-201 3917
-200 3785
-199 3832
-198 3688
-197 3737
-196 3789
-195 3802
-194 3756
-193 3618
-192 3709
-191 3628
-190 3653
-189 3562
-188 3591
-187 3553
-186 3541
-185 3570
-184 3651
-183 3544
-182 3575
-181 3502
-180 3433
-179 3434
-178 3486
-177 3471
-176 3346
-175 3413
-174 3489
-173 3496
-172 3498
-171 3402
-170 3371
-169 3380
-168 3309
-167 3245
-166 3377
-165 3313
-164 3282
-163 3433
-162 3318
-161 3294
-160 3330
-159 3281
-158 3180
-157 3250
-156 3175
-155 3244
-154 3161
-153 3135
-152 3095
-151 3126
-150 3050
-149 2978
-148 3120
-147 3038
-146 3027
-145 3026
-144 2992
-143 2945
-142 2973
-141 2937
-140 3031
-139 3002
-138 3030
-137 3002
-136 2959
-135 2792
-134 2946
-133 2856
-132 2985
-131 2917
-130 2862
-129 2877
-128 2901
-127 2801
-126 2885
-125 2764
-124 2844
-123 2784
-122 2737
-121 2765
-120 2717
-119 2690
-118 2739
-117 2668
-116 2755
-115 2710
-114 2624
-113 2596
-112 2608
-111 2582
-110 2562
-109 2733
-108 2668
-107 2645
-106 2514
-105 2517
-104 2506
-103 2407
-102 2511
-101 2533
-100 2457
-99 2502
-98 2458
-97 2476
-96 2368
-95 2532
-94 2342
-93 2398
-92 2365
-91 2428
-90 2416
-89 2342
-88 2410
-87 2432
-86 2287
-85 2390
-84 2363
-83 2263
-82 2315
-81 2371
-80 2307
-79 2396
-78 2360
-77 2203
-76 2304
-75 2322
-74 2308
-73 2143
-72 2274
-71 2222
-70 2261
-69 2262
-68 2262
-67 2261
-66 2144
-65 2189
-64 2176
-63 2109
-62 2148
-61 2121
-60 2070
-59 2166
-58 2144
-57 2033
-56 2137
-55 2018
-54 2059
-53 2080
-52 2058
-51 1994
-50 2062
-49 2064
-48 2115
-47 2013
-46 2111
-45 2040
-44 2093
-43 1950
-42 1969
-41 2024
-40 1960
-39 1944
-38 2050
-37 1930
-36 1984
-35 1922
-34 1892
-33 1956
-32 1945
-31 1898
-30 1955
-29 1892
-28 1807
-27 1901
-26 1934
-25 1896
-24 1848
-23 1813
-22 1803
-21 1899
-20 1838
-19 1840
-18 1892
-17 1822
-16 1698
-15 1763
-14 1773
-13 1764
-12 1777
-11 1795
-10 1722
-9 1714
-8 1749
-7 1638
-6 1673
-5 1711
-4 1655
-3 1644
-2 1711
-1 1640
0 1669
1 1608
2 1588
3 1607
4 1553
5 1529
6 1568
7 1546
8 1502
9 1537
10 1513
11 1598
12 1493
13 1476
14 1552
15 1519
16 1547
17 1501
18 1411
19 1460
20 1448
21 1445
22 1452
23 1446
24 1412
25 1444
26 1472
27 1398
28 1448
29 1430
30 1409
31 1387
32 1419
33 1335
34 1394
35 1298
36 1337
37 1312
38 1345
39 1382
40 1322
41 1306
42 1329
43 1374
44 1276
45 1403
46 1322
47 1293
48 1308
49 1316
50 1355
51 1295
52 1269
53 1294
54 1317
55 1278
56 1293
57 1229
58 1255
59 1225
60 1326
61 1221
62 1194
63 1194
64 1159
65 1210
66 1234
67 1188
68 1161
69 1252
70 1186
71 1159
72 1085
73 1111
74 1114
75 1211
76 1154
77 1162
78 1115
79 1093
80 1082
81 1109
82 1081
83 1081
84 1037
85 1085
86 1004
87 1037
88 995
89 1019
90 970
91 984
92 1038
93 985
94 985
95 981
96 950
97 982
98 950
99 921
100 916
101 985
102 978
103 924
104 947
105 868
106 903
107 848
108 904
109 872
110 875
111 833
112 877
113 891
114 867
115 863
116 822
117 808
118 814
119 802
120 832
121 850
122 854
123 805
124 757
125 732
126 778
127 726
128 760
129 742
130 719
131 787
132 713
133 712
134 709
135 719
136 730
137 674
138 698
139 686
140 675
141 641
142 679
143 694
144 662
145 657
146 657
147 682
148 685
149 637
150 612
151 651
152 604
153 658
154 607
155 590
156 597
157 616
158 602
159 639
160 587
161 600
162 566
163 584
164 566
165 575
166 578
167 551
168 575
169 557
170 528
171 549
172 590
173 563
174 540
175 550
176 540
177 557
178 514
179 520
180 487
181 540
182 498
183 467
184 507
185 528
186 505
187 553
188 487
189 507
190 472
191 452
192 446
193 472
194 441
195 469
196 466
197 497
198 459
199 462
200 462
201 449
202 462
203 431
204 425
205 406
206 434
207 461
208 426
209 437
210 386
211 430
212 413
213 412
214 416
215 397
216 399
217 375
218 401
219 388
220 419
221 378
222 386
223 398
224 348
225 391
226 351
227 355
228 402
229 380
230 334
231 358
232 342
233 338
234 333
235 350
236 330
237 328
238 318
239 358
240 328
241 375
242 349
243 341
244 337
245 319
246 346
247 320
248 339
249 296
250 312
251 323
252 291
253 325
254 296
255 305
256 309
257 326
258 313
259 292
260 278
261 278
262 304
263 311
264 305
265 278
266 287
267 293
268 314
269 266
270 279
271 275
272 336
273 284
274 274
275 280
276 257
277 269
278 286
279 288
280 293
281 249
282 220
283 256
284 268
285 267
286 254
287 250
288 260
289 260
290 243
291 206
292 258
293 221
294 262
295 251
296 247
297 236
298 254
299 282
300 254
301 242
302 269
303 249
304 247
305 271
306 246
307 257
308 223
309 245
310 246
311 267
312 252
313 200
314 260
315 235
316 235
317 233
318 262
319 263
320 273
321 218
322 239
323 261
324 247
325 240
326 275
327 246
328 235
329 245
330 256
331 237
332 235
333 235
334 228
335 207
336 244
337 210
338 233
339 247
340 229
341 258
342 228
343 240
344 220
345 255
346 249
347 239
348 212
349 238
350 213
351 209
352 226
353 226
354 218
355 225
356 220
357 251
358 267
359 234
360 246
361 234
362 230
363 229
364 227
365 223
366 230
367 247
368 235
369 197
370 254
371 250
372 216
373 257
374 227
375 256
376 278
377 267
378 236
379 253
380 272
381 235
382 260
383 249
384 250
385 228
386 257
387 253
388 270
389 247
390 270
391 260
392 269
393 257
394 247
395 281
396 245
397 265
398 255
399 258
400 262
401 267
402 264
403 286
404 283
405 271
406 283
407 290
408 264
409 263
410 254
411 277
412 287
413 291
414 270
415 288
416 285
417 249
418 297
419 283
420 275
421 279
422 273
423 276
424 317
425 281
426 285
427 261
428 270
429 251
430 290
431 284
432 301
433 293
434 288
435 297
436 274
437 301
438 272
439 306
440 285
441 272
442 307
443 284
444 309
445 308
446 262
447 320
448 289
449 305
450 309
451 301
452 278
453 289
454 267
455 282
456 285
457 311
458 288
459 284
460 264
461 294
462 257
463 303
464 270
465 284
466 273
467 317
468 258
469 298
470 300
471 285
472 288
473 303
474 326
475 299
476 277
477 294
478 295
479 284
480 296
481 276
482 314
483 312
484 300
485 269
486 272
487 271
488 293
489 270
490 310
491 291
492 276
493 295
494 293
495 278
496 290
497 296
498 274
499 271
500 300
501 271
502 306
503 321
504 269
505 296
506 326
507 292
508 311
509 328
510 299
511 300
512 298
513 302
514 288
515 281
516 295
517 282
518 285
519 319
520 241
521 261
522 285
523 295
524 307
525 279
526 280
527 297
528 286
529 289
530 266
531 287
532 282
533 283
534 281
535 297
536 296
537 271
538 290
539 282
540 283
541 295
542 296
543 302
544 272
545 269
546 305
547 273
548 299
549 304
550 268
551 276
552 258
553 292
554 287
555 283
556 281
557 283
558 279
559 292
560 245
561 288
562 288
563 294
564 293
565 271
566 261
567 263
568 273
569 268
570 292
571 261
572 288
573 257
574 289
575 316
576 261
577 267
578 263
579 263
580 251
581 298
582 261
583 252
584 243
585 254
586 271
587 283
588 253
589 231
590 276
591 257
592 285
593 261
594 246
595 268
596 283
597 249
598 223
599 239
600 264
601 260
602 259
603 270
604 249
605 259
606 262
607 237
608 245
609 291
610 269
611 228
612 239
613 230
614 233
615 268
616 258
617 233
618 227
619 237
620 257
621 230
622 249
623 239
624 239
625 244
626 213
627 262
628 220
629 267
630 266
631 217
632 242
633 275
634 207
635 253
636 260
637 219
638 218
639 235
640 247
641 201
642 188
643 238
644 211
645 232
646 235
647 225
648 227
649 217
650 222
651 200
652 195
653 211
654 205
655 211
656 238
657 191
658 203
659 226
660 225
661 203
662 212
663 220
664 202
665 196
666 193
667 211
668 207
669 197
670 200
671 212
672 184
673 220
674 216
675 216
676 179
677 180
678 189
679 193
680 203
681 198
682 191
683 176
684 193
685 187
686 189
687 178
688 190
689 183
690 200
691 199
692 204
693 210
694 179
695 171
696 202
697 183
698 187
699 177
700 195
701 182
702 206
703 194
704 153
705 207
706 164
707 194
708 183
709 164
710 190
711 160
712 167
713 169
714 177
715 183
716 200
717 180
718 195
719 193
720 194
721 185
722 182
723 167
724 152
725 157
726 215
727 147
728 162
729 174
730 176
731 151
732 174
733 165
734 164
735 138
736 169
737 150
738 157
739 167
740 184
741 147
742 137
743 156
744 159
745 169
746 179
747 168
748 152
749 168
750 171
751 167
752 168
753 156
754 139
755 143
756 137
757 166
758 148
759 172
760 141
761 150
762 137
763 160
764 144
765 137
766 146
767 147
768 132
769 136
770 138
771 151
772 138
773 143
774 140
775 137
776 143
777 147
778 167
779 181
780 150
781 138
782 145
783 131
784 135
785 141
786 129
787 148
788 146
789 143
790 137
791 134
792 125
793 138
794 132
795 127
796 132
797 148
798 108
799 145
800 131
801 117
802 138
803 131
804 112
805 132
806 133
807 122
808 122
809 125
810 128
811 110
812 127
813 130
814 118
815 127
816 124
817 116
818 132
819 109
820 112
821 132
822 109
823 122
824 137
825 142
826 110
827 127
828 118
829 130
830 130
831 105
832 121
833 105
834 110
835 113
836 118
837 92
838 99
839 109
840 107
841 98
842 112
843 112
844 105
845 97
846 115
847 110
848 92
849 103
850 104
851 107
852 99
853 111
854 103
855 114
856 91
857 102
858 92
859 91
860 114
861 121
862 104
863 126
864 111
865 73
866 105
867 105
868 107
869 90
870 82
871 105
872 102
873 92
874 85
875 88
876 88
877 84
878 102
879 95
880 88
881 83
882 93
883 78
884 93
885 90
886 85
887 78
888 79
889 72
890 82
891 86
892 78
893 95
894 88
895 82
896 84
897 85
898 81
899 86
900 66
901 82
902 65
903 71
904 74
905 77
906 77
907 76
908 82
909 71
910 73
911 85
912 81
913 68
914 88
915 60
916 78
917 54
918 67
919 69
920 70
921 75
922 81
923 78
924 72
925 55
926 75
927 88
928 62
929 64
930 65
931 52
932 62
933 68
934 70
935 67
936 70
937 63
938 55
939 47
940 64
941 61
942 59
943 61
944 69
945 54
946 61
947 56
948 61
949 68
950 71
951 47
952 63
953 65
954 65
955 67
956 71
957 56
958 67
959 60
960 42
961 66
962 45
963 70
964 50
965 45
966 54
967 60
968 43
969 50
970 56
971 49
972 48
973 54
974 51
975 57
976 60
977 47
978 56
979 41
980 50
981 55
982 54
983 37
984 51
985 44
986 39
987 46
988 43
989 44
990 45
991 43
992 32
993 54
994 36
995 44
996 45
997 39
998 41
999 43
1000 51
1001 41
1002 55
1003 29
1004 49
1005 47
1006 47
1007 46
1008 38
1009 40
1010 35
1011 43
1012 31
1013 49
1014 45
1015 35
1016 31
1017 42
1018 44
1019 42
1020 39
1021 41
1022 49
1023 37
1024 43
1025 22
1026 35
1027 41
1028 35
1029 45
1030 40
1031 44
1032 40
1033 32
1034 41
1035 30
1036 36
1037 30
1038 38
1039 45
1040 37
1041 39
1042 27
1043 27
1044 36
1045 28
1046 32
1047 37
1048 40
1049 37
1050 32
1051 25
1052 33
1053 26
1054 34
1055 36
1056 33
1057 26
1058 31
1059 23
1060 39
1061 38
1062 24
1063 35
1064 18
1065 17
1066 30
1067 32
1068 29
1069 29
1070 35
1071 24
1072 19
1073 31
1074 25
1075 27
1076 31
1077 28
1078 18
1079 29
1080 24
1081 31
1082 24
1083 27
1084 21
1085 24
1086 14
1087 23
1088 21
1089 24
1090 21
1091 18
1092 26
1093 31
1094 33
1095 25
1096 22
1097 19
1098 20
1099 21
1100 24
1101 25
1102 23
1103 19
1104 26
1105 16
1106 20
1107 11
1108 21
1109 32
1110 20
1111 18
1112 21
1113 25
1114 14
1115 18
1116 14
1117 25
1118 22
1119 16
1120 21
1121 16
1122 19
1123 16
1124 20
1125 16
1126 15
1127 17
1128 18
1129 21
1130 20
1131 14
1132 15
1133 19
1134 21
1135 16
1136 16
1137 20
1138 13
1139 17
1140 18
1141 16
1142 15
1143 12
1144 12
1145 11
1146 13
1147 16
1148 20
1149 17
1150 18
1151 13
1152 14
1153 13
1154 20
1155 15
1156 12
1157 13
1158 16
1159 8
1160 12
1161 11
1162 18
1163 8
1164 7
1165 11
1166 16
1167 15
1168 14
1169 14
1170 13
1171 13
1172 10
1173 14
1174 10
1175 16
1176 5
1177 17
1178 5
1179 8
1180 12
1181 7
1182 7
1183 10
1184 9
1185 9
1186 17
1187 10
1188 4
1189 15
1190 10
1191 10
1192 11
1193 14
1194 12
1195 15
1196 10
1197 7
1198 8
1199 12
1200 11
1201 8
1202 9
1203 10
1204 8
1205 8
1206 12
1207 11
1208 10
1209 11
1210 7
1211 7
1212 3
1213 7
1214 8
1215 9
1216 10
1217 7
1218 12
1219 8
1220 6
1221 10
1222 6
1223 6
1224 9
1225 3
1226 14
1227 10
1228 7
1229 3
1230 5
1231 5
1232 6
1233 11
1234 7
1235 10
1236 9
1237 13
1238 11
1239 6
1240 7
1241 13
1242 7
1243 7
1244 6
1245 8
1246 5
1247 4
1248 10
1249 2
1250 4
1251 11
1252 6
1253 6
1254 2
1255 3
1256 7
1257 6
1258 5
1259 7
1260 6
1261 8
1262 6
1263 7
1264 5
1265 4
1266 10
1267 9
1268 5
1269 7
1270 7
1271 6
1272 8
1273 15
1274 4
1275 5
1276 2
1277 7
1278 3
1279 4
1280 8
1281 4
1282 8
1283 5
1284 4
1285 8
1286 2
1287 5
1288 4
1289 7
1290 6
1291 6
1292 2
1293 5
1294 6
1295 2
1296 6
1297 3
1298 6
1299 3
1300 4
1301 3
1302 1
1303 4
1304 2
1305 2
1306 5
1307 6
1308 1
1309 4
1310 2
1311 4
1312 4
1313 5
1314 8
1315 5
1316 5
1317 2
1318 4
1319 2
1320 3
1321 1
1322 5
1323 2
1324 2
1325 2
1326 4
1327 1
1328 1
1329 4
1330 2
1331 1
1332 3
1333 3
1334 2
1335 3
1337 4
1338 1
1339 3
1340 2
1341 2
1342 1
1343 4
1344 2
1345 7
1346 4
1348 1
1349 4
1350 6
1351 4
1352 1
1354 2
1356 5
1357 3
1359 3
1360 2
1362 3
1365 2
1367 1
1368 1
1370 3
1371 2
1372 2
1373 2
1374 2
1375 3
1377 2
1378 2
1379 2
1380 4
1381 1
1382 4
1384 1
1385 3
1386 2
1387 1
1390 2
1391 3
1393 1
1394 1
1395 2
1397 1
1398 2
1399 3
1400 1
1401 1
1402 1
1403 1
1404 1
1405 2
1406 1
1407 3
1408 5
1409 3
1410 2
1411 4
1412 1
1414 3
1415 3
1416 1
1417 3
1419 2
1421 1
1422 2
1423 3
1424 2
1425 4
1427 1
1428 2
1429 2
1430 1
1431 1
1433 3
1434 4
1435 1
1436 1
1439 2
1440 2
1441 2
1444 1
1446 2
1447 1
1448 2
1449 2
1451 5
1452 2
1453 1
1454 2
1455 1
1456 2
1457 2
1458 1
1461 1
1463 1
1466 1
1468 3
1469 1
1470 1
1471 1
1472 1
1473 1
1475 2
1476 1
1477 1
1479 1
1480 2
1481 1
1482 1
1484 2
1485 1
1486 1
1491 2
1496 1
1500 1
1501 2
1506 1
1507 2
1508 1
1509 1
1510 1
1516 2
1517 2
1523 1
1524 1
1525 1
1527 1
1530 1
1531 1
1532 1
1537 1
1541 1
1542 1
1546 1
1547 1
1549 1
1552 1
1556 1
1558 1
1559 1
1562 1
1564 3
1565 1
1566 1
1567 2
1571 1
1574 1
1575 1
1576 1
1580 1
1581 1
1585 1
1586 2
1587 1
1588 1
1590 2
1597 1
1600 1
1601 3
1605 1
1607 1
1608 1
1614 1
1627 1
1631 1
1635 1
1637 1
1645 1
1647 1
1649 1
1652 1
1660 1
1661 1
1664 1
1670 1
1676 1
1681 1
1688 1
1710 1
1716 1
1742 1
1757 1
1759 1
1776 1
1816 1
1825 1
