-708 2
-706 3
-705 11
-704 13
-703 28
-702 42
-701 43
-700 69
-699 100
-698 131
-697 129
-696 143
-695 168
-694 175
-693 185
-692 158
-691 157
-690 160
-689 186
-688 191
-687 194
-686 210
-685 213
-684 212
-683 212
-682 227
-681 195
-680 215
-679 155
-678 195
-677 210
-676 208
-675 199
-674 189
-673 202
-672 229
-671 216
-670 247
-669 261
-668 243
-667 282
-666 249
-665 269
-664 243
-663 272
-662 298
-661 311
-660 364
-659 361
-658 319
-657 280
-656 295
-655 298
-654 299
-653 327
-652 318
-651 328
-650 347
-649 341
-648 343
-647 346
-646 333
-645 332
-644 350
-643 319
-642 370
-641 364
-640 358
-639 356
-638 381
-637 401
-636 397
-635 392
-634 436
-633 424
-632 493
-631 458
-630 427
-629 509
-628 443
-627 443
-626 460
-625 448
-624 477
-623 427
-622 451
-621 428
-620 460
-619 404
-618 421
-617 436
-616 481
-615 480
-614 458
-613 487
-612 480
-611 529
-610 551
-609 549
-608 572
-607 561
-606 564
-605 587
-604 569
-603 596
-602 542
-601 594
-600 554
-599 577
-598 579
-597 565
-596 600
-595 618
-594 591
-593 579
-592 626
-591 595
-590 589
-589 590
-588 615
-587 587
-586 624
-585 628
-584 663
-583 687
-582 726
-581 703
-580 671
-579 762
-578 695
-577 732
-576 749
-575 728
-574 781
-573 835
-572 744
-571 762
-570 809
-569 852
-568 846
-567 874
-566 841
-565 814
-564 860
-563 905
-562 953
-561 945
-560 862
-559 873
-558 892
-557 949
-556 937
-555 914
-554 913
-553 955
-552 894
-551 973
-550 973
-549 969
-548 988
-547 958
-546 986
-545 1042
-544 1157
-543 1145
-542 1149
-541 1151
-540 1115
-539 1105
-538 1152
-537 1124
-536 1134
-535 1149
-534 1234
-533 1149
-532 1205
-531 1185
-530 1196
-529 1170
-528 1149
-527 1175
-526 1110
-525 1167
-524 1145
-523 1085
-522 1093
-521 1153
-520 1078
-519 1155
-518 1110
-517 1127
-516 1185
-515 1109
-514 1108
-513 1198
-512 1190
-511 1150
-510 1150
-509 1162
-508 1134
-507 1206
-506 1137
-505 1200
-504 1252
-503 1181
-502 1254
-501 1176
-500 1301
-499 1283
-498 1343
-497 1357
-496 1284
-495 1306
-494 1400
-493 1348
-492 1387
-491 1299
-490 1290
-489 1294
-488 1399
-487 1301
-486 1286
-485 1354
-484 1246
-483 1282
-482 1299
-481 1275
-480 1262
-479 1316
-478 1338
-477 1234
-476 1247
-475 1259
-474 1282
-473 1345
-472 1263
-471 1372
-470 1303
-469 1439
-468 1353
-467 1458
-466 1457
-465 1580
-464 1623
-463 1588
-462 1626
-461 1733
-460 1774
-459 1830
-458 1728
-457 1938
-456 1977
-455 1983
-454 2016
-453 1930
-452 1902
-451 2009
-450 2044
-449 1994
-448 2082
-447 2091
-446 2070
-445 2098
-444 2073
-443 2110
-442 2187
-441 2268
-440 2245
-439 2317
-438 2146
-437 2225
-436 2234
-435 2307
-434 2324
-433 2314
-432 2410
-431 2391
-430 2362
-429 2438
-428 2428
-427 2385
-426 2398
-425 2382
-424 2260
-423 2404
-422 2511
-421 2536
-420 2672
-419 2693
-418 2691
-417 2936
-416 2887
-415 2919
-414 3049
-413 3058
-412 3141
-411 3026
-410 3017
-409 2992
-408 2870
-407 2942
-406 2924
-405 2921
-404 2967
-403 2990
-402 2992
-401 3071
-400 3153
-399 3145
-398 3159
-397 3239
-396 3400
-395 3357
-394 3449
-393 3534
-392 3685
-391 3656
-390 3821
-389 3798
-388 3934
-387 3934
-386 3892
-385 3794
-384 3914
-383 3791
-382 3899
-381 3798
-380 3822
-379 3805
-378 3681
-377 3866
-376 3783
-375 3740
-374 3710
-373 3799
-372 3712
-371 3900
-370 3879
-369 3856
-368 3813
-367 3788
-366 3935
-365 3934
-364 3935
-363 3857
-362 4095
-361 4037
-360 3966
-359 3926
-358 3874
-357 3905
-356 3845
-355 3864
-354 3907
-353 3816
-352 3820
-351 3851
-350 3859
-349 3965
-348 3983
-347 3919
-346 3887
-345 3853
-344 3947
-343 3928
-342 4080
-341 4069
-340 4057
-339 4039
-338 4175
-337 4101
-336 4059
-335 4227
-334 4211
-333 4180
-332 4236
-331 4138
-330 4113
-329 4158
-328 4260
-327 4311
-326 4488
-325 4471
-324 4538
-323 4495
-322 4707
-321 4833
-320 4858
-319 4802
-318 4827
-317 4691
-316 4793
-315 4735
-314 4828
-313 4667
-312 4706
-311 4683
-310 4699
-309 4530
-308 4630
-307 4525
-306 4629
-305 4503
-304 4639
-303 4570
-302 4662
-301 4778
-300 4730
-299 4756
-298 4753
-297 4779
-296 4943
-295 4910
-294 4869
-293 4991
-292 4957
-291 4971
-290 5019
-289 5103
-288 4944
-287 4920
-286 5081
-285 5044
-284 5114
-283 5002
-282 5043
-281 5046
-280 5113
-279 5038
-278 5072
-277 5115
-276 4980
-275 5034
-274 5109
-273 5115
-272 5205
-271 5073
-270 5268
-269 5099
-268 5316
-267 5320
-266 5472
-265 5462
-264 5475
-263 5414
-262 5597
-261 5440
-260 5650
-259 5643
-258 5645
-257 5722
-256 5788
-255 5697
-254 5796
-253 5784
-252 5763
-251 5896
-250 5883
-249 5940
-248 6010
-247 5939
-246 6067
-245 5960
-244 5870
-243 6122
-242 6266
-241 6117
-240 6183
-239 6376
-238 6207
-237 6197
-236 6250
-235 6251
-234 6338
-233 6184
-232 6270
-231 6348
-230 6522
-229 6564
-228 6515
-227 6538
-226 6345
-225 6459
-224 6225
-223 6476
-222 6316
-221 6296
-220 6434
-219 6387
-218 6464
-217 6605
-216 6556
-215 6519
-214 6379
-213 6438
-212 6400
-211 6448
-210 6461
-209 6421
-208 6292
-207 6418
-206 6472
-205 6504
-204 6376
-203 6452
-202 6541
-201 6452
-200 6446
-199 6550
-198 6673
-197 6656
-196 6488
-195 6592
-194 6624
-193 6469
-192 6639
-191 6654
-190 6728
-189 6425
-188 6606
-187 6504
-186 6702
-185 6495
-184 6670
-183 6440
-182 6511
-181 6534
-180 6326
-179 6491
-178 6518
-177 6517
-176 6411
-175 6599
-174 6525
-173 6442
-172 6703
-171 6445
-170 6550
-169 6512
-168 6440
-167 6737
-166 6638
-165 6610
-164 6735
-163 6521
-162 6702
-161 6664
-160 6767
-159 6592
-158 6720
-157 6671
-156 6645
-155 6732
-154 6858
-153 6912
-152 6710
-151 6732
-150 6826
-149 6817
-148 6863
-147 6939
-146 6945
-145 6966
-144 6945
-143 7088
-142 6982
-141 7060
-140 6922
-139 6934
-138 7080
-137 7047
-136 7005
-135 6918
-134 6939
-133 7090
-132 6951
-131 6975
-130 7235
-129 7053
-128 7067
-127 7247
-126 7137
-125 7191
-124 7208
-123 7272
-122 7098
-121 7248
-120 7271
-119 7169
-118 7115
-117 7181
-116 7259
-115 7259
-114 7213
-113 7278
-112 7462
-111 7069
-110 7222
-109 7318
-108 7295
-107 7150
-106 7142
-105 7077
-104 7117
-103 7165
-102 7239
-101 7161
-100 7292
-99 7296
-98 7149
-97 7130
-96 7311
-95 7044
-94 7103
-93 7135
-92 6884
-91 7071
-90 7179
-89 7244
-88 6984
-87 7028
-86 6976
-85 7093
-84 7004
-83 6886
-82 6751
-81 6931
-80 6902
-79 6829
-78 6893
-77 6779
-76 6833
-75 6794
-74 6923
-73 6871
-72 6720
-71 6772
-70 6811
-69 6863
-68 6743
-67 6772
-66 6663
-65 6742
-64 6608
-63 6675
-62 6507
-61 6452
-60 6560
-59 6647
-58 6375
-57 6564
-56 6410
-55 6497
-54 6527
-53 6404
-52 6388
-51 6420
-50 6296
-49 6472
-48 6216
-47 6396
-46 6320
-45 6378
-44 6220
-43 6239
-42 6322
-41 6319
-40 6221
-39 6139
-38 6206
-37 6147
-36 6400
-35 6186
-34 6177
-33 6121
-32 6162
-31 6125
-30 6085
-29 6219
-28 6060
-27 6103
-26 6093
-25 6070
-24 6096
-23 6119
-22 6208
-21 6145
-20 6130
-19 5904
-18 6003
-17 5971
-16 6016
-15 6001
-14 5865
-13 5915
-12 6064
-11 5993
-10 5929
-9 5913
-8 5874
-7 5858
-6 5894
-5 5961
-4 5943
-3 5896
-2 5902
-1 5876
0 5787
1 5711
2 5722
3 5798
4 5712
5 5873
6 5846
7 5784
8 5818
9 5839
10 5865
11 5756
12 5733
13 5897
14 5727
15 5710
16 5772
17 5693
18 5762
19 5756
20 5707
21 5769
22 5917
23 5833
24 5815
25 5736
26 5880
27 5852
28 5779
29 5709
30 5844
31 5718
32 5618
33 5567
34 5647
35 5663
36 5576
37 5622
38 5465
39 5609
40 5479
41 5447
42 5373
43 5359
44 5310
45 5179
46 5208
47 5280
48 5221
49 5085
50 5321
51 5146
52 5090
53 5085
54 5213
55 4995
56 4985
57 5083
58 5085
59 4981
60 5057
61 5125
62 5080
63 4897
64 5147
65 4932
66 4957
67 4911
68 4947
69 4825
70 4868
71 4933
72 4834
73 4821
74 4800
75 4725
76 4649
77 4729
78 4680
79 4781
80 4727
81 4705
82 4617
83 4607
84 4567
85 4744
86 4609
87 4484
88 4569
89 4422
90 4529
91 4426
92 4425
93 4460
94 4299
95 4443
96 4426
97 4299
98 4352
99 4386
100 4336
101 4170
102 4408
103 4221
104 4401
105 4334
106 4144
107 4191
108 4256
109 4198
110 4258
111 4184
112 4183
113 4145
114 4121
115 4208
116 4145
117 4152
118 4124
119 4088
120 4056
121 3982
122 3913
123 4031
124 4005
125 3882
126 4079
127 3969
128 3884
129 4028
130 3975
131 3943
132 3921
133 3835
134 3862
135 3859
136 3837
137 3674
138 3893
139 3763
140 3776
141 3735
142 3692
143 3770
144 3670
145 3787
146 3709
147 3594
148 3628
149 3632
150 3657
151 3644
152 3632
153 3648
154 3511
155 3504
156 3444
157 3522
158 3376
159 3471
160 3407
161 3463
162 3399
163 3397
164 3392
165 3418
166 3228
167 3298
168 3346
169 3230
170 3294
171 3254
172 3243
173 3312
174 3185
175 3207
176 3161
177 3199
178 3045
179 3086
180 3123
181 3164
182 3119
183 3105
184 3099
185 3063
186 2995
187 2979
188 3015
189 2938
190 2995
191 2796
192 2876
193 2883
194 2871
195 2863
196 2773
197 2710
198 2849
199 2874
200 2818
201 2833
202 2838
203 2779
204 2805
205 2713
206 2661
207 2692
208 2689
209 2703
210 2696
211 2750
212 2643
213 2650
214 2564
215 2511
216 2623
217 2537
218 2514
219 2545
220 2575
221 2547
222 2586
223 2509
224 2429
225 2482
226 2455
227 2344
228 2439
229 2364
230 2332
231 2409
232 2315
233 2337
234 2316
235 2272
236 2287
237 2310
238 2213
239 2233
240 2245
241 2229
242 2175
243 2248
244 2105
245 2159
246 2184
247 2137
248 2207
249 1991
250 2065
251 2101
252 2081
253 2066
254 1976
255 2036
256 2020
257 2015
258 2090
259 1994
260 1892
261 1946
262 1989
263 1931
264 1921
265 1889
266 1860
267 1836
268 1859
269 1975
270 1923
271 1869
272 1826
273 1849
274 1872
275 1801
276 1898
277 1811
278 1696
279 1816
280 1754
281 1783
282 1741
283 1808
284 1670
285 1788
286 1698
287 1704
288 1687
289 1740
290 1729
291 1631
292 1687
293 1660
294 1637
295 1659
296 1611
297 1630
298 1613
299 1615
300 1620
301 1550
302 1554
303 1576
304 1522
305 1529
306 1553
307 1550
308 1478
309 1484
310 1470
311 1544
312 1536
313 1474
314 1425
315 1526
316 1501
317 1454
318 1500
319 1483
320 1375
321 1472
322 1388
323 1428
324 1374
325 1369
326 1411
327 1359
328 1417
329 1287
330 1371
331 1304
332 1340
333 1338
334 1266
335 1275
336 1319
337 1314
338 1286
339 1307
340 1207
341 1223
342 1241
343 1223
344 1264
345 1211
346 1205
347 1195
348 1158
349 1151
350 1183
351 1176
352 1179
353 1165
354 1165
355 1172
356 1192
357 1120
358 1161
359 1113
360 1156
361 1113
362 1075
363 1150
364 1086
365 1099
366 1081
367 1079
368 1051
369 1023
370 1020
371 1040
372 999
373 1010
374 1032
375 1034
376 1051
377 993
378 1036
379 999
380 958
381 967
382 909
383 976
384 993
385 1003
386 946
387 980
388 902
389 953
390 938
391 897
392 889
393 951
394 902
395 867
396 878
397 925
398 836
399 898
400 833
401 907
402 864
403 803
404 810
405 876
406 860
407 791
408 802
409 771
410 813
411 785
412 814
413 831
414 798
415 792
416 752
417 779
418 774
419 794
420 700
421 760
422 745
423 740
424 771
425 692
426 715
427 754
428 716
429 717
430 702
431 676
432 687
433 741
434 720
435 755
436 708
437 671
438 692
439 650
440 709
441 697
442 632
443 685
444 620
445 699
446 641
447 612
448 602
449 630
450 615
451 636
452 617
453 596
454 567
455 636
456 628
457 623
458 603
459 587
460 623
461 557
462 673
463 579
464 579
465 533
466 590
467 554
468 559
469 599
470 560
471 558
472 524
473 555
474 564
475 497
476 519
477 530
478 568
479 520
480 507
481 522
482 493
483 485
484 502
485 510
486 482
487 495
488 513
489 479
490 465
491 500
492 494
493 426
494 473
495 454
496 435
497 461
498 467
499 490
500 438
501 439
502 444
503 483
504 428
505 447
506 448
507 424
508 433
509 406
510 458
511 417
512 451
513 418
514 436
515 406
516 423
517 384
518 431
519 379
520 372
521 398
522 436
523 410
524 382
525 405
526 380
527 403
528 369
529 374
530 377
531 394
532 393
533 384
534 377
535 376
536 382
537 402
538 346
539 353
540 362
541 355
542 326
543 361
544 355
545 341
546 360
547 366
548 357
549 342
550 332
551 353
552 321
553 331
554 323
555 316
556 347
557 314
558 317
559 336
560 326
561 310
562 303
563 315
564 295
565 300
566 314
567 281
568 300
569 303
570 320
571 284
572 320
573 321
574 315
575 275
576 303
577 284
578 286
579 279
580 287
581 255
582 272
583 295
584 263
585 259
586 267
587 256
588 266
589 245
590 264
591 259
592 256
593 263
594 232
595 254
596 273
597 220
598 228
599 256
600 246
601 222
602 248
603 236
604 222
605 256
606 237
607 227
608 230
609 212
610 222
611 215
612 209
613 244
614 210
615 224
616 212
617 222
618 199
619 214
620 223
621 209
622 196
623 203
624 222
625 210
626 219
627 200
628 186
629 186
630 210
631 214
632 202
633 193
634 193
635 191
636 181
637 201
638 176
639 170
640 179
641 197
642 181
643 184
644 184
645 175
646 196
647 174
648 166
649 175
650 193
651 174
652 157
653 195
654 172
655 131
656 182
657 155
658 162
659 149
660 142
661 184
662 178
663 177
664 145
665 168
666 183
667 162
668 156
669 160
670 170
671 147
672 135
673 136
674 151
675 140
676 143
677 160
678 140
679 135
680 147
681 142
682 144
683 136
684 129
685 125
686 147
687 127
688 126
689 136
690 128
691 136
692 122
693 135
694 133
695 147
696 145
697 138
698 125
699 125
700 128
701 129
702 120
703 140
704 108
705 115
706 126
707 120
708 124
709 134
710 118
711 135
712 121
713 110
714 125
715 104
716 99
717 119
718 119
719 106
720 106
721 94
722 114
723 102
724 108
725 107
726 107
727 104
728 94
729 117
730 105
731 86
732 87
733 112
734 102
735 83
736 101
737 71
738 125
739 112
740 113
741 94
742 100
743 100
744 93
745 95
746 101
747 104
748 90
749 108
750 99
751 107
752 85
753 89
754 93
755 73
756 76
757 97
758 72
759 89
760 96
761 88
762 93
763 77
764 85
765 75
766 75
767 77
768 97
769 80
770 68
771 82
772 69
773 88
774 79
775 89
776 61
777 71
778 80
779 62
780 78
781 67
782 74
783 65
784 72
785 73
786 70
787 51
788 64
789 38
790 71
791 75
792 69
793 68
794 82
795 78
796 69
797 56
798 59
799 64
800 70
801 57
802 76
803 62
804 54
805 75
806 65
807 56
808 56
809 59
810 58
811 61
812 58
813 54
814 57
815 62
816 44
817 58
818 52
819 67
820 62
821 46
822 51
823 54
824 41
825 65
826 37
827 60
828 49
829 47
830 45
831 43
832 44
833 55
834 47
835 48
836 51
837 40
838 50
839 54
840 53
841 72
842 42
843 49
844 49
845 47
846 37
847 61
848 43
849 58
850 50
851 54
852 50
853 48
854 57
855 37
856 53
857 46
858 42
859 49
860 46
861 44
862 43
863 47
864 29
865 33
866 39
867 46
868 38
869 34
870 43
871 36
872 36
873 43
874 35
875 27
876 36
877 45
878 31
879 38
880 46
881 43
882 35
883 30
884 30
885 36
886 34
887 43
888 38
889 41
890 44
891 31
892 29
893 34
894 41
895 35
896 31
897 42
898 36
899 33
900 37
901 31
902 40
903 38
904 33
905 34
906 24
907 45
908 38
909 26
910 25
911 36
912 25
913 27
914 30
915 31
916 32
917 26
918 37
919 40
920 32
921 31
922 28
923 30
924 29
925 22
926 24
927 36
928 25
929 18
930 25
931 21
932 37
933 18
934 25
935 28
936 27
937 27
938 26
939 37
940 22
941 24
942 29
943 20
944 19
945 30
946 20
947 27
948 29
949 32
950 26
951 25
952 27
953 25
954 21
955 25
956 16
957 32
958 22
959 15
960 23
961 21
962 20
963 28
964 20
965 31
966 21
967 26
968 30
969 25
970 23
971 32
972 22
973 19
974 15
975 23
976 27
977 26
978 27
979 27
980 25
981 20
982 15
983 24
984 19
985 21
986 24
987 25
988 18
989 19
990 24
991 19
992 23
993 21
994 18
995 28
996 18
997 22
998 22
999 22
1000 23
1001 15
1002 19
1003 14
1004 15
1005 16
1006 25
1007 24
1008 15
1009 15
1010 24
1011 17
1012 26
1013 22
1014 15
1015 16
1016 18
1017 21
1018 15
1019 17
1020 12
1021 13
1022 13
1023 19
1024 19
1025 19
1026 17
1027 16
1028 19
1029 18
1030 16
1031 18
1032 16
1033 17
1034 18
1035 15
1036 23
1037 17
1038 18
1039 18
1040 17
1041 12
1042 13
1043 18
1044 16
1045 15
1046 16
1047 18
1048 11
1049 20
1050 15
1051 24
1052 14
1053 19
1054 16
1055 8
1056 15
1057 17
1058 16
1059 16
1060 11
1061 21
1062 13
1063 5
1064 24
1065 16
1066 14
1067 26
1068 15
1069 10
1070 13
1071 14
1072 14
1073 13
1074 11
1075 12
1076 16
1077 19
1078 12
1079 21
1080 14
1081 15
1082 14
1083 12
1084 20
1085 14
1086 15
1087 12
1088 14
1089 16
1090 13
1091 10
1092 19
1093 8
1094 19
1095 14
1096 12
1097 9
1098 14
1099 23
1100 16
1101 13
1102 20
1103 22
1104 13
1105 8
1106 13
1107 12
1108 17
1109 13
1110 13
1111 18
1112 18
1113 10
1114 13
1115 9
1116 13
1117 14
1118 10
1119 11
1120 15
1121 14
1122 13
1123 10
1124 14
1125 13
1126 22
1127 17
1128 11
1129 8
1130 14
1131 13
1132 9
1133 12
1134 8
1135 17
1136 8
1137 10
1138 13
1139 15
1140 11
1141 12
1142 17
1143 18
1144 13
1145 16
1146 10
1147 12
1148 6
1149 12
1150 14
1151 11
1152 11
1153 18
1154 16
1155 18
1156 12
1157 10
1158 18
1159 19
1160 10
1161 9
1162 12
1163 5
1164 12
1165 16
1166 12
1167 9
1168 9
1169 13
1170 16
1171 19
1172 10
1173 6
1174 4
1175 13
1176 9
1177 12
1178 8
1179 13
1180 16
1181 14
1182 8
1183 8
1184 9
1185 9
1186 15
1187 11
1188 7
1189 11
1190 11
1191 13
1192 9
1193 5
1194 10
1195 9
1196 15
1197 8
1198 15
1199 12
1200 15
1201 14
1202 10
1203 7
1204 11
1205 10
1206 8
1207 6
1208 11
1209 5
1210 18
1211 10
1212 19
1213 11
1214 7
1215 11
1216 10
1217 8
1218 12
1219 11
1220 13
1221 12
1222 12
1223 9
1224 16
1225 9
1226 11
1227 9
1228 10
1229 13
1230 16
1231 9
1232 11
1233 11
1234 13
1235 15
1236 8
1237 12
1238 14
1239 9
1240 10
1241 9
1242 17
1243 9
1244 14
1245 11
1246 11
1247 14
1248 5
1249 10
1250 12
1251 9
1252 11
1253 10
1254 10
1255 6
1256 17
1257 7
1258 11
1259 11
1260 8
1261 8
1262 19
1263 12
1264 9
1265 7
1266 9
1267 13
1268 7
1269 11
1270 11
1271 11
1272 10
1273 4
1274 10
1275 7
1276 8
1277 5
1278 7
1279 8
1280 5
1281 8
1282 6
1283 7
1284 4
1285 10
1286 11
1287 12
1288 7
1289 11
1290 15
1291 13
1292 12
1293 10
1294 2
1295 7
1296 9
1297 6
1298 10
1299 9
1300 12
1301 7
1302 12
1303 11
1304 11
1305 6
1306 6
1307 8
1308 15
1309 7
1310 12
1311 12
1312 17
1313 6
1314 11
1315 10
1316 6
1317 10
1318 16
1319 3
1320 6
1321 8
1322 8
1323 11
1324 10
1325 9
1326 6
1327 11
1328 10
1329 5
1330 10
1331 4
1332 11
1333 10
1334 8
1335 13
1336 18
1337 13
1338 7
1339 9
1340 12
1341 8
1342 7
1343 10
1344 11
1345 8
1346 14
1347 17
1348 5
1349 5
1350 11
1351 9
1352 8
1353 12
1354 6
1355 10
1356 9
1357 11
1358 7
1359 7
1360 12
1361 11
1362 12
1363 7
1364 5
1365 14
1366 9
1367 6
1368 7
1369 7
1370 5
1371 4
1372 8
1373 6
1374 5
1375 9
1376 7
1377 10
1378 2
1379 9
1380 8
1381 8
1382 10
1383 7
1384 11
1385 6
1386 14
1387 13
1388 14
1389 11
1390 13
1391 4
1392 9
1393 8
1394 9
1395 9
1396 10
1397 10
1398 9
1399 9
1400 6
1401 9
1402 6
1403 8
1404 8
1405 9
1406 8
1407 5
1408 7
1409 5
1410 9
1411 5
1412 8
1413 6
1414 6
1415 16
1416 4
1417 8
1418 10
1419 8
1420 6
1421 8
1422 10
1423 13
1424 9
1425 9
1426 4
1427 4
1428 4
1429 6
1430 6
1431 10
1432 7
1433 6
1434 10
1435 12
1436 6
1437 10
1438 6
1439 6
1440 8
1441 3
1442 7
1443 5
1444 5
1445 7
1446 8
1447 11
1448 8
1449 9
1450 7
1451 8
1452 8
1453 7
1454 8
1455 11
1456 10
1457 6
1458 8
1459 10
1460 7
1461 7
1462 13
1463 9
1464 15
1465 5
1466 7
1467 5
1468 9
1469 10
1470 8
1471 7
1472 9
1473 7
1474 8
1475 6
1476 4
1477 9
1478 5
1479 7
1480 10
1481 12
1482 7
1483 13
1484 4
1485 6
1486 15
1487 11
1488 9
1489 3
1490 7
1491 6
1492 9
1493 4
1494 1
1495 5
1496 2
1497 3
1498 7
1499 5
1500 4
1501 14
1502 7
1503 4
1504 13
1505 3
1506 6
1507 6
1508 10
1509 9
1510 7
1511 4
1512 10
1513 4
1514 6
1515 5
1516 11
1517 4
1518 6
1519 7
1520 3
1521 4
1522 9
1523 4
1524 2
1525 2
1526 2
1527 8
1528 4
1529 2
1530 3
1531 2
1532 3
1533 5
1534 5
1535 5
1536 2
1538 4
1539 6
1540 4
1541 7
1542 3
1543 2
1544 1
1545 5
1546 6
1547 4
1548 2
1549 2
1550 2
1551 7
1552 5
1553 5
1554 2
1555 5
1556 3
1557 2
1558 4
1559 3
1560 2
1561 2
1562 3
1563 2
1564 4
1565 2
1566 3
1567 2
1568 1
1569 2
1570 4
1571 2
1572 2
1573 2
1574 8
1575 2
1576 1
1577 2
1579 1
1580 4
1582 4
1583 5
1584 4
1586 1
1587 1
1589 4
1590 1
1591 1
1593 1
1594 1
1596 3
1597 1
1598 2
1599 3
1600 4
1602 2
1603 2
1605 4
1606 1
1608 1
1609 1
1610 3
1611 3
1613 2
1614 2
1615 2
1617 1
1618 1
1621 3
1624 2
1625 5
1626 1
1627 3
1628 2
1629 1
1631 1
1632 2
1633 2
1634 2
1635 2
1636 2
1637 1
1638 1
1639 3
1640 1
1641 2
1645 2
1646 2
1649 1
1655 1
1656 2
1657 1
1660 3
1661 2
1662 1
1663 1
1664 1
1665 2
1668 1
1670 1
1672 2
1673 1
1675 1
1678 3
1679 1
1682 3
1684 3
1686 1
1688 2
1689 1
1690 1
1691 1
1699 1
1703 1
1704 2
1707 1
1708 1
1711 1
1712 1
1713 2
1716 1
1717 1
1718 1
1719 1
1721 2
1722 1
1723 2
1729 1
1731 1
1734 1
1736 1
1739 1
1742 1
1744 1
1745 2
1746 1
1748 1
1762 1
1763 1
1766 1
1767 1
1768 2
1772 1
1775 2
1782 1
1785 1
1788 1
1791 1
1793 1
1800 1
1806 1
1810 1
1812 1
1823 1
1828 1
1835 1
1836 1
1840 1
1844 2
1848 1
1851 1
1856 1
1857 2
1863 1
1881 1
1882 1
1888 1
1900 1
1902 1
1931 1
1946 1
1991 1
