-610 2
-608 3
-607 4
-606 8
-605 2
-604 6
-603 9
-602 18
-601 15
-600 25
-599 28
-598 31
-597 40
-596 54
-595 51
-594 50
-593 67
-592 61
-591 53
-590 52
-589 42
-588 51
-587 41
-586 53
-585 41
-584 55
-583 25
-582 49
-581 32
-580 38
-579 43
-578 37
-577 54
-576 74
-575 57
-574 61
-573 53
-572 69
-571 61
-570 63
-569 58
-568 70
-567 64
-566 86
-565 70
-564 58
-563 69
-562 72
-561 85
-560 74
-559 70
-558 91
-557 96
-556 108
-555 93
-554 114
-553 106
-552 104
-551 143
-550 165
-549 130
-548 145
-547 119
-546 131
-545 159
-544 150
-543 188
-542 151
-541 173
-540 186
-539 182
-538 178
-537 140
-536 175
-535 189
-534 199
-533 184
-532 183
-531 165
-530 190
-529 191
-528 187
-527 186
-526 197
-525 182
-524 188
-523 182
-522 175
-521 184
-520 179
-519 190
-518 160
-517 193
-516 196
-515 196
-514 181
-513 205
-512 202
-511 210
-510 179
-509 202
-508 168
-507 195
-506 194
-505 195
-504 203
-503 214
-502 220
-501 216
-500 196
-499 238
-498 246
-497 242
-496 216
-495 235
-494 236
-493 237
-492 211
-491 185
-490 224
-489 226
-488 203
-487 227
-486 216
-485 255
-484 255
-483 245
-482 245
-481 246
-480 261
-479 263
-478 274
-477 292
-476 263
-475 249
-474 283
-473 281
-472 272
-471 302
-470 287
-469 279
-468 307
-467 300
-466 278
-465 307
-464 292
-463 315
-462 293
-461 257
-460 320
-459 330
-458 328
-457 321
-456 383
-455 359
-454 409
-453 391
-452 423
-451 417
-450 448
-449 415
-448 424
-447 449
-446 453
-445 398
-444 465
-443 461
-442 428
-441 373
-440 404
-439 427
-438 393
-437 375
-436 412
-435 465
-434 455
-433 406
-432 402
-431 394
-430 460
-429 460
-428 429
-427 364
-426 442
-425 455
-424 445
-423 447
-422 417
-421 396
-420 433
-419 434
-418 386
-417 437
-416 416
-415 474
-414 434
-413 434
-412 422
-411 470
-410 465
-409 477
-408 487
-407 499
-406 483
-405 466
-404 558
-403 529
-402 523
-401 562
-400 556
-399 554
-398 585
-397 565
-396 561
-395 621
-394 596
-393 587
-392 593
-391 575
-390 566
-389 551
-388 599
-387 640
-386 610
-385 586
-384 621
-383 570
-382 588
-381 570
-380 573
-379 607
-378 597
-377 619
-376 556
-375 600
-374 619
-373 643
-372 673
-371 633
-370 678
-369 720
-368 712
-367 702
-366 722
-365 770
-364 765
-363 839
-362 718
-361 859
-360 837
-359 841
-358 831
-357 888
-356 881
-355 842
-354 813
-353 790
-352 791
-351 871
-350 906
-349 842
-348 826
-347 833
-346 846
-345 816
-344 844
-343 836
-342 825
-341 840
-340 850
-339 903
-338 854
-337 871
-336 886
-335 843
-334 875
-333 867
-332 895
-331 951
-330 1002
-329 938
-328 948
-327 952
-326 1016
-325 1009
-324 1034
-323 1015
-322 1002
-321 1068
-320 1068
-319 1079
-318 1083
-317 1141
-316 1182
-315 1147
-314 1286
-313 1290
-312 1277
-311 1319
-310 1299
-309 1272
-308 1359
-307 1375
-306 1376
-305 1335
-304 1390
-303 1440
-302 1446
-301 1427
-300 1469
-299 1491
-298 1551
-297 1506
-296 1535
-295 1558
-294 1554
-293 1572
-292 1513
-291 1645
-290 1608
-289 1703
-288 1659
-287 1648
-286 1714
-285 1645
-284 1720
-283 1688
-282 1728
-281 1718
-280 1757
-279 1738
-278 1836
-277 1959
-276 1930
-275 1967
-274 1927
-273 1961
-272 2014
-271 1966
-270 1831
-269 1910
-268 1949
-267 1959
-266 2012
-265 1955
-264 2023
-263 2062
-262 2015
-261 1911
-260 2098
-259 2083
-258 2103
-257 2053
-256 2075
-255 2185
-254 2094
-253 2176
-252 2253
-251 2130
-250 2257
-249 2196
-248 2254
-247 2236
-246 2276
-245 2241
-244 2238
-243 2130
-242 2302
-241 2296
-240 2351
-239 2363
-238 2376
-237 2355
-236 2367
-235 2379
-234 2424
-233 2497
-232 2552
-231 2544
-230 2501
-229 2508
-228 2610
-227 2542
-226 2571
-225 2598
-224 2547
-223 2519
-222 2708
-221 2578
-220 2623
-219 2528
-218 2542
-217 2617
-216 2616
-215 2650
-214 2621
-213 2734
-212 2611
-211 2702
-210 2679
-209 2809
-208 2726
-207 2730
-206 2887
-205 2791
-204 2898
-203 2929
-202 2962
-201 2887
-200 2906
-199 2869
-198 2949
-197 2998
-196 2974
-195 2962
-194 3076
-193 3018
-192 3073
-191 3130
-190 3119
-189 3126
-188 3212
-187 3218
-186 3190
-185 3223
-184 3263
-183 3103
-182 3184
-181 3299
-180 3308
-179 3318
-178 3318
-177 3301
-176 3418
-175 3360
-174 3394
-173 3445
-172 3428
-171 3448
-170 3588
-169 3564
-168 3568
-167 3629
-166 3680
-165 3761
-164 3764
-163 3786
-162 3720
-161 3800
-160 3691
-159 3792
-158 3822
-157 3760
-156 3831
-155 3864
-154 3896
-153 3832
-152 3856
-151 3953
-150 3979
-149 3932
-148 3997
-147 3896
-146 3883
-145 3970
-144 3997
-143 4062
-142 3975
-141 3964
-140 4077
-139 4113
-138 4034
-137 4194
-136 4030
-135 4156
-134 4187
-133 4248
-132 4180
-131 4243
-130 4401
-129 4359
-128 4294
-127 4314
-126 4405
-125 4370
-124 4275
-123 4325
-122 4470
-121 4331
-120 4321
-119 4350
-118 4258
-117 4380
-116 4388
-115 4488
-114 4413
-113 4334
-112 4433
-111 4392
-110 4517
-109 4404
-108 4329
-107 4470
-106 4558
-105 4566
-104 4630
-103 4320
-102 4577
-101 4392
-100 4470
-99 4367
-98 4494
-97 4274
-96 4428
-95 4440
-94 4570
-93 4511
-92 4472
-91 4668
-90 4596
-89 4582
-88 4683
-87 4629
-86 4582
-85 4619
-84 4562
-83 4702
-82 4578
-81 4637
-80 4479
-79 4603
-78 4564
-77 4753
-76 4671
-75 4805
-74 4700
-73 4650
-72 4750
-71 4678
-70 4763
-69 4788
-68 4806
-67 4690
-66 5040
-65 4832
-64 4985
-63 4869
-62 4978
-61 4800
-60 4868
-59 4809
-58 4977
-57 4996
-56 4984
-55 4896
-54 4925
-53 4825
-52 4942
-51 5014
-50 4871
-49 5010
-48 4986
-47 4972
-46 5023
-45 5161
-44 5214
-43 5217
-42 5139
-41 5153
-40 5209
-39 5163
-38 5157
-37 5171
-36 5324
-35 5166
-34 5259
-33 5147
-32 5249
-31 5161
-30 5207
-29 5082
-28 5254
-27 5284
-26 5359
-25 5517
-24 5437
-23 5317
-22 5451
-21 5290
-20 5378
-19 5310
-18 5354
-17 5293
-16 5284
-15 5389
-14 5383
-13 5359
-12 5324
-11 5245
-10 5230
-9 5359
-8 5290
-7 5339
-6 5412
-5 5295
-4 5250
-3 5285
-2 5279
-1 5342
0 5470
1 5313
2 5235
3 5227
4 5233
5 5190
6 5427
7 5306
8 5291
9 5314
10 5238
11 5256
12 5167
13 5269
14 5144
15 5210
16 5222
17 5202
18 5212
19 4998
20 5207
21 5141
22 5273
23 5305
24 5205
25 5298
26 5265
27 5260
28 5377
29 5143
30 5218
31 5225
32 5368
33 5351
34 5358
35 5466
36 5408
37 5500
38 5444
39 5511
40 5318
41 5436
42 5345
43 5488
44 5444
45 5604
46 5480
47 5453
48 5464
49 5556
50 5421
51 5484
52 5432
53 5462
54 5553
55 5362
56 5505
57 5322
58 5364
59 5339
60 5363
61 5401
62 5397
63 5301
64 5473
65 5457
66 5618
67 5373
68 5370
69 5410
70 5424
71 5435
72 5429
73 5327
74 5299
75 5423
76 5294
77 5399
78 5277
79 5308
80 5393
81 5313
82 5236
83 5389
84 5361
85 5400
86 5426
87 5290
88 5289
89 5264
90 5255
91 5328
92 5377
93 5273
94 5231
95 5307
96 5293
97 5433
98 5319
99 5363
100 5277
101 5169
102 5341
103 5202
104 5322
105 5243
106 5403
107 5376
108 5224
109 5193
110 5235
111 5261
112 5192
113 5206
114 5156
115 5121
116 5219
117 5124
118 5106
119 5029
120 5098
121 5111
122 5069
123 4955
124 5166
125 5095
126 4993
127 5256
128 5071
129 5053
130 5128
131 4941
132 4991
133 4950
134 4886
135 4908
136 4902
137 4865
138 4917
139 4931
140 4934
141 4854
142 4905
143 4751
144 4740
145 4817
146 4830
147 4747
148 4801
149 4727
150 4600
151 4739
152 4573
153 4631
154 4639
155 4744
156 4648
157 4576
158 4688
159 4729
160 4657
161 4484
162 4480
163 4582
164 4570
165 4489
166 4545
167 4601
168 4409
169 4472
170 4476
171 4392
172 4372
173 4469
174 4455
175 4382
176 4418
177 4307
178 4265
179 4354
180 4230
181 4298
182 4401
183 4184
184 4243
185 4160
186 4253
187 4321
188 4198
189 4176
190 4089
191 4204
192 4200
193 4106
194 4034
195 4132
196 3991
197 3955
198 3980
199 4066
200 4079
201 3940
202 3881
203 3999
204 3986
205 4001
206 3918
207 4029
208 3888
209 3963
210 3920
211 3885
212 4012
213 3982
214 3746
215 3809
216 3805
217 3779
218 3847
219 3713
220 3625
221 3771
222 3719
223 3651
224 3802
225 3655
226 3710
227 3668
228 3697
229 3723
230 3670
231 3565
232 3577
233 3610
234 3573
235 3585
236 3581
237 3505
238 3516
239 3387
240 3456
241 3451
242 3446
243 3365
244 3330
245 3374
246 3400
247 3307
248 3352
249 3350
250 3388
251 3399
252 3315
253 3306
254 3449
255 3285
256 3282
257 3307
258 3238
259 3259
260 3134
261 3273
262 3260
263 3255
264 3125
265 3191
266 3057
267 3172
268 3231
269 3148
270 3027
271 2990
272 3005
273 3020
274 3004
275 3043
276 3100
277 3052
278 2945
279 2899
280 3056
281 2879
282 3071
283 2937
284 2893
285 2777
286 2950
287 2779
288 2872
289 2794
290 2831
291 2816
292 2779
293 2728
294 2682
295 2661
296 2809
297 2636
298 2713
299 2764
300 2655
301 2686
302 2609
303 2556
304 2525
305 2628
306 2627
307 2560
308 2625
309 2543
310 2534
311 2554
312 2370
313 2511
314 2531
315 2464
316 2505
317 2420
318 2395
319 2335
320 2363
321 2245
322 2314
323 2302
324 2262
325 2208
326 2196
327 2297
328 2226
329 2257
330 2224
331 2216
332 2218
333 2145
334 2174
335 2157
336 2151
337 2220
338 2134
339 2055
340 2137
341 2078
342 2103
343 2069
344 2002
345 2054
346 2041
347 1960
348 2050
349 1888
350 1959
351 1954
352 2009
353 1874
354 1893
355 1957
356 1913
357 1973
358 1951
359 1849
360 1810
361 1840
362 1792
363 1844
364 1818
365 1714
366 1844
367 1814
368 1820
369 1802
370 1731
371 1738
372 1767
373 1749
374 1738
375 1818
376 1854
377 1861
378 1773
379 1805
380 1799
381 1719
382 1704
383 1720
384 1750
385 1710
386 1751
387 1742
388 1714
389 1824
390 1768
391 1786
392 1783
393 1739
394 1756
395 1748
396 1672
397 1748
398 1746
399 1665
400 1590
401 1633
402 1672
403 1564
404 1685
405 1666
406 1578
407 1638
408 1600
409 1556
410 1532
411 1566
412 1546
413 1596
414 1627
415 1532
416 1586
417 1663
418 1646
419 1686
420 1611
421 1578
422 1622
423 1571
424 1637
425 1630
426 1551
427 1574
428 1618
429 1581
430 1629
431 1619
432 1686
433 1659
434 1698
435 1674
436 1671
437 1683
438 1703
439 1669
440 1609
441 1758
442 1733
443 1750
444 1690
445 1644
446 1680
447 1582
448 1638
449 1694
450 1641
451 1743
452 1701
453 1692
454 1825
455 1722
456 1681
457 1703
458 1774
459 1700
460 1730
461 1814
462 1686
463 1805
464 1776
465 1876
466 1868
467 1916
468 1847
469 1933
470 1922
471 1863
472 1865
473 1859
474 1935
475 1897
476 1846
477 1883
478 1845
479 1959
480 1983
481 1993
482 1937
483 1980
484 1959
485 1911
486 1970
487 2048
488 1964
489 1943
490 1976
491 2009
492 2018
493 1998
494 2042
495 2034
496 2207
497 2251
498 2215
499 2185
500 2165
501 2185
502 2131
503 2179
504 2216
505 2207
506 2182
507 2223
508 2309
509 2180
510 2352
511 2176
512 2243
513 2229
514 2300
515 2245
516 2311
517 2264
518 2368
519 2279
520 2387
521 2245
522 2355
523 2309
524 2457
525 2317
526 2408
527 2364
528 2442
529 2392
530 2401
531 2469
532 2331
533 2484
534 2442
535 2448
536 2427
537 2417
538 2509
539 2393
540 2431
541 2370
542 2334
543 2389
544 2421
545 2447
546 2457
547 2461
548 2436
549 2419
550 2416
551 2320
552 2573
553 2406
554 2530
555 2497
556 2547
557 2460
558 2551
559 2481
560 2515
561 2624
562 2572
563 2613
564 2484
565 2598
566 2514
567 2543
568 2442
569 2456
570 2459
571 2429
572 2471
573 2497
574 2506
575 2438
576 2534
577 2495
578 2571
579 2588
580 2546
581 2562
582 2595
583 2610
584 2442
585 2474
586 2512
587 2490
588 2572
589 2645
590 2566
591 2539
592 2549
593 2544
594 2575
595 2522
596 2585
597 2577
598 2620
599 2636
600 2636
601 2612
602 2553
603 2649
604 2611
605 2635
606 2629
607 2649
608 2642
609 2577
610 2607
611 2529
612 2583
613 2618
614 2626
615 2613
616 2627
617 2635
618 2643
619 2638
620 2578
621 2634
622 2485
623 2677
624 2600
625 2608
626 2598
627 2610
628 2608
629 2681
630 2582
631 2549
632 2597
633 2466
634 2602
635 2639
636 2545
637 2492
638 2578
639 2612
640 2508
641 2503
642 2516
643 2513
644 2448
645 2490
646 2497
647 2466
648 2506
649 2379
650 2499
651 2445
652 2342
653 2380
654 2328
655 2455
656 2411
657 2366
658 2359
659 2440
660 2351
661 2453
662 2366
663 2267
664 2312
665 2363
666 2309
667 2337
668 2363
669 2334
670 2340
671 2198
672 2310
673 2341
674 2334
675 2402
676 2335
677 2322
678 2229
679 2266
680 2310
681 2266
682 2300
683 2240
684 2233
685 2280
686 2231
687 2269
688 2197
689 2202
690 2166
691 2177
692 2240
693 2156
694 2152
695 2163
696 2115
697 2123
698 2133
699 2065
700 2021
701 2091
702 2170
703 2034
704 2100
705 2156
706 2079
707 2100
708 2114
709 2089
710 2097
711 2084
712 2055
713 2085
714 2024
715 1985
716 2001
717 2023
718 2036
719 1901
720 2047
721 1971
722 2049
723 2011
724 1948
725 1958
726 2005
727 1991
728 2012
729 1950
730 1908
731 1954
732 1931
733 1953
734 1928
735 1958
736 1845
737 1872
738 1809
739 1804
740 1842
741 1898
742 1812
743 1910
744 1820
745 1843
746 1844
747 1834
748 1754
749 1768
750 1751
751 1677
752 1796
753 1771
754 1726
755 1731
756 1656
757 1662
758 1727
759 1688
760 1728
761 1714
762 1786
763 1679
764 1711
765 1679
766 1627
767 1615
768 1610
769 1678
770 1609
771 1640
772 1615
773 1638
774 1559
775 1629
776 1619
777 1561
778 1554
779 1543
780 1654
781 1528
782 1549
783 1570
784 1548
785 1481
786 1573
787 1528
788 1553
789 1532
790 1502
791 1463
792 1425
793 1531
794 1462
795 1428
796 1515
797 1458
798 1441
799 1485
800 1465
801 1442
802 1459
803 1401
804 1493
805 1449
806 1408
807 1364
808 1405
809 1393
810 1475
811 1370
812 1407
813 1389
814 1405
815 1444
816 1397
817 1436
818 1452
819 1472
820 1426
821 1438
822 1354
823 1396
824 1377
825 1361
826 1396
827 1431
828 1337
829 1376
830 1353
831 1372
832 1342
833 1308
834 1345
835 1358
836 1408
837 1321
838 1322
839 1292
840 1322
841 1326
842 1339
843 1313
844 1311
845 1347
846 1246
847 1269
848 1302
849 1328
850 1388
851 1205
852 1314
853 1223
854 1276
855 1305
856 1283
857 1321
858 1264
859 1265
860 1269
861 1270
862 1247
863 1249
864 1236
865 1163
866 1298
867 1221
868 1192
869 1262
870 1201
871 1224
872 1179
873 1239
874 1170
875 1200
876 1238
877 1211
878 1189
879 1202
880 1186
881 1180
882 1155
883 1157
884 1145
885 1107
886 1165
887 1228
888 1196
889 1191
890 1142
891 1213
892 1185
893 1191
894 1115
895 1147
896 1176
897 1132
898 1161
899 1112
900 1095
901 1065
902 1192
903 1118
904 1115
905 1067
906 1136
907 1108
908 1170
909 1072
910 1074
911 1096
912 1061
913 1089
914 1080
915 1070
916 1059
917 1107
918 1062
919 1063
920 1066
921 1066
922 1044
923 1025
924 1061
925 1044
926 1052
927 1071
928 987
929 1008
930 1052
931 1033
932 1001
933 976
934 985
935 974
936 1055
937 1021
938 1008
939 957
940 1003
941 952
942 974
943 1006
944 962
945 955
946 993
947 973
948 950
949 930
950 1013
951 983
952 932
953 942
954 920
955 913
956 947
957 942
958 883
959 895
960 887
961 922
962 934
963 943
964 900
965 904
966 923
967 890
968 910
969 886
970 933
971 884
972 848
973 841
974 859
975 865
976 848
977 861
978 857
979 852
980 835
981 866
982 839
983 882
984 779
985 860
986 840
987 755
988 810
989 905
990 835
991 825
992 828
993 841
994 840
995 814
996 845
997 826
998 797
999 808
1000 820
1001 845
1002 818
1003 799
1004 764
1005 822
1006 768
1007 846
1008 803
1009 773
1010 761
1011 764
1012 710
1013 768
1014 725
1015 763
1016 748
1017 730
1018 726
1019 759
1020 733
1021 773
1022 724
1023 756
1024 688
1025 701
1026 715
1027 677
1028 717
1029 708
1030 743
1031 759
1032 712
1033 712
1034 702
1035 690
1036 701
1037 696
1038 706
1039 627
1040 702
1041 728
1042 684
1043 648
1044 679
1045 657
1046 694
1047 635
1048 616
1049 679
1050 679
1051 630
1052 643
1053 670
1054 708
1055 640
1056 634
1057 659
1058 619
1059 628
1060 650
1061 569
1062 578
1063 599
1064 625
1065 615
1066 642
1067 588
1068 589
1069 597
1070 579
1071 577
1072 592
1073 602
1074 575
1075 580
1076 528
1077 593
1078 583
1079 568
1080 576
1081 541
1082 501
1083 507
1084 566
1085 548
1086 549
1087 510
1088 549
1089 549
1090 531
1091 564
1092 536
1093 521
1094 501
1095 540
1096 510
1097 529
1098 524
1099 491
1100 523
1101 503
1102 514
1103 460
1104 487
1105 525
1106 481
1107 515
1108 511
1109 467
1110 508
1111 497
1112 491
1113 489
1114 472
1115 470
1116 462
1117 467
1118 481
1119 463
1120 466
1121 459
1122 464
1123 466
1124 413
1125 442
1126 484
1127 448
1128 417
1129 461
1130 468
1131 403
1132 424
1133 436
1134 463
1135 397
1136 467
1137 411
1138 402
1139 405
1140 433
1141 394
1142 434
1143 411
1144 401
1145 423
1146 424
1147 418
1148 456
1149 395
1150 390
1151 372
1152 391
1153 415
1154 390
1155 409
1156 385
1157 408
1158 350
1159 393
1160 387
1161 334
1162 393
1163 362
1164 372
1165 382
1166 352
1167 357
1168 333
1169 378
1170 366
1171 344
1172 336
1173 349
1174 349
1175 341
1176 350
1177 320
1178 305
1179 312
1180 331
1181 312
1182 308
1183 360
1184 321
1185 319
1186 343
1187 295
1188 330
1189 307
1190 318
1191 314
1192 326
1193 302
1194 297
1195 302
1196 295
1197 296
1198 290
1199 296
1200 313
1201 306
1202 290
1203 314
1204 316
1205 290
1206 272
1207 253
1208 289
1209 285
1210 272
1211 277
1212 274
1213 281
1214 267
1215 278
1216 294
1217 269
1218 270
1219 266
1220 256
1221 247
1222 243
1223 261
1224 281
1225 272
1226 256
1227 256
1228 260
1229 258
1230 226
1231 278
1232 224
1233 255
1234 255
1235 255
1236 237
1237 220
1238 233
1239 208
1240 213
1241 255
1242 254
1243 197
1244 220
1245 206
1246 242
1247 220
1248 221
1249 234
1250 238
1251 207
1252 210
1253 226
1254 197
1255 217
1256 208
1257 234
1258 227
1259 237
1260 204
1261 207
1262 224
1263 199
1264 210
1265 201
1266 213
1267 215
1268 210
1269 201
1270 204
1271 212
1272 185
1273 209
1274 179
1275 184
1276 197
1277 211
1278 178
1279 177
1280 193
1281 197
1282 174
1283 156
1284 194
1285 181
1286 159
1287 193
1288 175
1289 154
1290 182
1291 156
1292 181
1293 163
1294 178
1295 145
1296 169
1297 175
1298 179
1299 157
1300 190
1301 154
1302 144
1303 138
1304 162
1305 153
1306 153
1307 153
1308 151
1309 135
1310 159
1311 143
1312 110
1313 148
1314 154
1315 133
1316 152
1317 134
1318 131
1319 153
1320 155
1321 124
1322 138
1323 124
1324 136
1325 140
1326 130
1327 131
1328 142
1329 134
1330 132
1331 122
1332 118
1333 132
1334 106
1335 133
1336 121
1337 118
1338 134
1339 123
1340 130
1341 126
1342 109
1343 127
1344 106
1345 134
1346 119
1347 102
1348 110
1349 115
1350 118
1351 126
1352 130
1353 117
1354 93
1355 128
1356 105
1357 114
1358 108
1359 103
1360 98
1361 96
1362 122
1363 112
1364 107
1365 103
1366 79
1367 90
1368 101
1369 100
1370 87
1371 106
1372 95
1373 104
1374 101
1375 96
1376 90
1377 81
1378 97
1379 96
1380 109
1381 105
1382 90
1383 93
1384 99
1385 83
1386 95
1387 101
1388 84
1389 106
1390 102
1391 89
1392 96
1393 92
1394 82
1395 96
1396 91
1397 77
1398 76
1399 88
1400 63
1401 81
1402 96
1403 90
1404 67
1405 91
1406 89
1407 75
1408 61
1409 72
1410 84
1411 73
1412 62
1413 64
1414 70
1415 69
1416 76
1417 69
1418 74
1419 74
1420 61
1421 88
1422 71
1423 77
1424 80
1425 64
1426 65
1427 61
1428 70
1429 55
1430 71
1431 71
1432 62
1433 60
1434 74
1435 57
1436 72
1437 75
1438 66
1439 65
1440 53
1441 62
1442 56
1443 57
1444 67
1445 47
1446 45
1447 62
1448 65
1449 55
1450 63
1451 49
1452 68
1453 53
1454 59
1455 58
1456 63
1457 64
1458 41
1459 47
1460 59
1461 54
1462 57
1463 41
1464 55
1465 48
1466 45
1467 41
1468 63
1469 45
1470 43
1471 64
1472 50
1473 49
1474 52
1475 47
1476 43
1477 38
1478 40
1479 42
1480 49
1481 41
1482 40
1483 43
1484 42
1485 60
1486 31
1487 43
1488 39
1489 45
1490 34
1491 48
1492 37
1493 33
1494 37
1495 37
1496 45
1497 31
1498 42
1499 38
1500 48
1501 28
1502 42
1503 36
1504 34
1505 34
1506 40
1507 40
1508 41
1509 26
1510 35
1511 28
1512 38
1513 34
1514 41
1515 22
1516 31
1517 33
1518 24
1519 20
1520 42
1521 34
1522 37
1523 29
1524 27
1525 36
1526 36
1527 25
1528 25
1529 33
1530 25
1531 46
1532 36
1533 28
1534 25
1535 30
1536 36
1537 26
1538 15
1539 21
1540 27
1541 18
1542 31
1543 27
1544 30
1545 27
1546 26
1547 27
1548 24
1549 27
1550 16
1551 17
1552 21
1553 20
1554 31
1555 19
1556 30
1557 22
1558 18
1559 22
1560 17
1561 17
1562 17
1563 22
1564 13
1565 21
1566 26
1567 16
1568 18
1569 23
1570 21
1571 11
1572 24
1573 18
1574 15
1575 23
1576 29
1577 18
1578 16
1579 15
1580 13
1581 16
1582 22
1583 23
1584 14
1585 16
1586 24
1587 17
1588 18
1589 16
1590 13
1591 19
1592 17
1593 18
1594 8
1595 22
1596 13
1597 17
1598 19
1599 18
1600 19
1601 11
1602 12
1603 17
1604 21
1605 20
1606 18
1607 17
1608 12
1609 8
1610 17
1611 14
1612 22
1613 11
1614 23
1615 17
1616 12
1617 14
1618 3
1619 18
1620 14
1621 11
1622 15
1623 11
1624 8
1625 7
1626 13
1627 12
1628 11
1629 9
1630 12
1631 23
1632 21
1633 14
1634 12
1635 17
1636 6
1637 9
1638 9
1639 6
1640 8
1641 8
1642 15
1643 8
1644 8
1645 13
1646 11
1647 11
1648 13
1649 11
1650 11
1651 16
1652 13
1653 17
1654 14
1655 9
1656 12
1657 9
1658 4
1659 11
1660 9
1661 10
1662 10
1663 15
1664 7
1665 10
1666 8
1667 10
1668 3
1669 6
1670 4
1671 11
1672 9
1673 7
1674 8
1675 12
1676 5
1677 7
1678 8
1679 6
1680 2
1681 5
1682 9
1683 5
1684 11
1685 6
1686 5
1687 5
1688 7
1689 8
1690 11
1691 6
1692 8
1693 6
1694 3
1695 8
1696 9
1697 6
1698 7
1699 7
1700 4
1701 8
1702 3
1703 4
1704 3
1705 6
1706 11
1707 3
1708 5
1709 3
1710 5
1711 6
1712 6
1713 3
1714 3
1715 2
1716 4
1717 1
1718 5
1719 7
1720 7
1721 3
1722 3
1723 5
1724 4
1725 6
1726 3
1727 4
1728 6
1729 1
1730 1
1731 5
1732 3
1733 3
1734 6
1735 4
1736 3
1737 4
1738 3
1739 6
1740 2
1741 4
1742 5
1743 3
1744 5
1745 4
1746 3
1747 1
1748 2
1749 5
1750 1
1752 3
1753 4
1754 2
1755 4
1756 4
1757 3
1758 2
1759 2
1760 1
1761 3
1762 2
1763 3
1764 1
1765 2
1767 3
1768 2
1769 3
1770 2
1771 3
1772 2
1773 3
1774 2
1775 2
1776 2
1777 3
1778 5
1779 2
1780 4
1781 1
1782 3
1783 2
1784 2
1785 2
1788 4
1789 2
1790 1
1791 3
1792 1
1793 1
1794 1
1796 2
1797 3
1799 3
1800 3
1801 2
1803 2
1804 5
1805 2
1806 3
1807 2
1809 2
1811 4
1814 2
1815 2
1817 2
1818 1
1819 2
1820 1
1821 1
1822 2
1823 2
1825 2
1826 1
1827 1
1828 5
1829 1
1830 3
1831 1
1832 1
1834 1
1835 3
1836 3
1837 4
1840 1
1844 1
1845 1
1847 3
1851 1
1852 1
1854 1
1855 1
1856 2
1858 1
1861 2
1862 2
1864 2
1865 1
1870 1
1871 2
1872 1
1874 1
1876 2
1877 1
1878 1
1879 1
1881 1
1883 1
1887 2
1888 2
1893 2
1896 1
1898 1
1899 2
1900 1
1901 1
1907 1
1908 2
1909 2
1910 1
1911 1
1913 2
1914 1
1915 1
1916 1
1918 1
1921 1
1922 1
1923 1
1925 1
1928 1
1930 1
1931 1
1938 2
1940 1
1942 1
1943 1
1947 1
1949 1
1959 1
1969 1
1971 1
1975 1
1976 1
1977 1
1982 1
1988 1
1990 1
1991 1
1994 1
2001 1
2003 1
2009 1
2027 1
2028 1
2044 1
2076 1
2080 1
