-1098 1
-1097 2
-1096 4
-1095 5
-1094 9
-1093 22
-1092 20
-1091 33
-1090 22
-1089 47
-1088 54
-1087 69
-1086 92
-1085 99
-1084 121
-1083 109
-1082 130
-1081 138
-1080 140
-1079 151
-1078 219
-1077 200
-1076 223
-1075 238
-1074 249
-1073 266
-1072 287
-1071 285
-1070 313
-1069 277
-1068 354
-1067 300
-1066 311
-1065 312
-1064 385
-1063 345
-1062 334
-1061 373
-1060 380
-1059 375
-1058 351
-1057 370
-1056 352
-1055 312
-1054 374
-1053 285
-1052 318
-1051 353
-1050 289
-1049 293
-1048 288
-1047 312
-1046 265
-1045 294
-1044 283
-1043 268
-1042 305
-1041 321
-1040 339
-1039 309
-1038 314
-1037 352
-1036 406
-1035 380
-1034 332
-1033 371
-1032 352
-1031 339
-1030 376
-1029 364
-1028 396
-1027 393
-1026 423
-1025 443
-1024 466
-1023 471
-1022 540
-1021 526
-1020 513
-1019 577
-1018 559
-1017 605
-1016 562
-1015 640
-1014 670
-1013 693
-1012 692
-1011 719
-1010 695
-1009 642
-1008 729
-1007 751
-1006 749
-1005 820
-1004 796
-1003 808
-1002 879
-1001 881
-1000 893
-999 915
-998 955
-997 905
-996 919
-995 864
-994 867
-993 869
-992 810
-991 904
-990 852
-989 914
-988 952
-987 936
-986 1021
-985 1110
-984 1097
-983 1173
-982 1216
-981 1159
-980 1237
-979 1194
-978 1177
-977 1238
-976 1181
-975 1173
-974 1174
-973 1161
-972 1117
-971 1088
-970 1065
-969 1007
-968 1081
-967 1013
-966 1025
-965 995
-964 1026
-963 1037
-962 1103
-961 1021
-960 1091
-959 1066
-958 1048
-957 1091
-956 1100
-955 1067
-954 1067
-953 1060
-952 1119
-951 1155
-950 1082
-949 1123
-948 1045
-947 1101
-946 1129
-945 1091
-944 1187
-943 1232
-942 1198
-941 1248
-940 1256
-939 1289
-938 1261
-937 1236
-936 1216
-935 1207
-934 1167
-933 1168
-932 1204
-931 1262
-930 1251
-929 1235
-928 1275
-927 1171
-926 1134
-925 1241
-924 1135
-923 1160
-922 1164
-921 1146
-920 1163
-919 1148
-918 1099
-917 1142
-916 1156
-915 1176
-914 1237
-913 1181
-912 1247
-911 1241
-910 1291
-909 1384
-908 1293
-907 1286
-906 1377
-905 1324
-904 1318
-903 1415
-902 1308
-901 1340
-900 1462
-899 1448
-898 1369
-897 1443
-896 1528
-895 1512
-894 1614
-893 1530
-892 1556
-891 1642
-890 1657
-889 1648
-888 1732
-887 1795
-886 1881
-885 1902
-884 2030
-883 2035
-882 2034
-881 2014
-880 2098
-879 2154
-878 2136
-877 2138
-876 2102
-875 2138
-874 2121
-873 2256
-872 2353
-871 2279
-870 2424
-869 2428
-868 2370
-867 2493
-866 2440
-865 2464
-864 2336
-863 2381
-862 2392
-861 2391
-860 2311
-859 2260
-858 2166
-857 2215
-856 2180
-855 2225
-854 2292
-853 2166
-852 2172
-851 2202
-850 2177
-849 2236
-848 2197
-847 2218
-846 2355
-845 2307
-844 2330
-843 2151
-842 2186
-841 2188
-840 2164
-839 2162
-838 2284
-837 2216
-836 2276
-835 2271
-834 2239
-833 2301
-832 2303
-831 2270
-830 2391
-829 2277
-828 2252
-827 2338
-826 2338
-825 2215
-824 2189
-823 2298
-822 2264
-821 2294
-820 2426
-819 2469
-818 2544
-817 2615
-816 2633
-815 2635
-814 2728
-813 2758
-812 2677
-811 2633
-810 2750
-809 2642
-808 2677
-807 2714
-806 2781
-805 2722
-804 2790
-803 2851
-802 2787
-801 2734
-800 2781
-799 2705
-798 2704
-797 2645
-796 2686
-795 2457
-794 2517
-793 2515
-792 2488
-791 2531
-790 2396
-789 2419
-788 2580
-787 2526
-786 2532
-785 2670
-784 2697
-783 2677
-782 2642
-781 2670
-780 2827
-779 2744
-778 2772
-777 2848
-776 2811
-775 2851
-774 2821
-773 2869
-772 2840
-771 2857
-770 2791
-769 2861
-768 2735
-767 2869
-766 2971
-765 2939
-764 2991
-763 2942
-762 3081
-761 3051
-760 3103
-759 3123
-758 3103
-757 3136
-756 3007
-755 3345
-754 3195
-753 3277
-752 3329
-751 3324
-750 3413
-749 3276
-748 3332
-747 3390
-746 3436
-745 3475
-744 3416
-743 3364
-742 3472
-741 3461
-740 3354
-739 3534
-738 3565
-737 3584
-736 3471
-735 3615
-734 3611
-733 3698
-732 3641
-731 3637
-730 3575
-729 3609
-728 3703
-727 3693
-726 3769
-725 3759
-724 3711
-723 3767
-722 3795
-721 3711
-720 3693
-719 3710
-718 3812
-717 3920
-716 3931
-715 4022
-714 3894
-713 4104
-712 4143
-711 4164
-710 4258
-709 4309
-708 4305
-707 4419
-706 4416
-705 4429
-704 4534
-703 4594
-702 4585
-701 4589
-700 4658
-699 4821
-698 4639
-697 4708
-696 4872
-695 4848
-694 4734
-693 4690
-692 4808
-691 4935
-690 5066
-689 4938
-688 5082
-687 5133
-686 5035
-685 5183
-684 5151
-683 5155
-682 5291
-681 5174
-680 5177
-679 5304
-678 5241
-677 5352
-676 5370
-675 5209
-674 5460
-673 5436
-672 5412
-671 5541
-670 5566
-669 5564
-668 5676
-667 5714
-666 5813
-665 5759
-664 5821
-663 5642
-662 5747
-661 5779
-660 5820
-659 5770
-658 5833
-657 5794
-656 5873
-655 5876
-654 6004
-653 5974
-652 5956
-651 6248
-650 6065
-649 6171
-648 6203
-647 6317
-646 6524
-645 6494
-644 6363
-643 6450
-642 6412
-641 6219
-640 6224
-639 6266
-638 6403
-637 6477
-636 6648
-635 6925
-634 7043
-633 7196
-632 6987
-631 7143
-630 7255
-629 7291
-628 7201
-627 7293
-626 7325
-625 7110
-624 7285
-623 7201
-622 7383
-621 7118
-620 7060
-619 7075
-618 7002
-617 7244
-616 6980
-615 7259
-614 7413
-613 7269
-612 7332
-611 7449
-610 7423
-609 7610
-608 7559
-607 7514
-606 7530
-605 7249
-604 7261
-603 7361
-602 7215
-601 7301
-600 7427
-599 7587
-598 7595
-597 7501
-596 7341
-595 7440
-594 7478
-593 7504
-592 7324
-591 7629
-590 7710
-589 7459
-588 7565
-587 7519
-586 7421
-585 7371
-584 7536
-583 7450
-582 7662
-581 7517
-580 7677
-579 7549
-578 7390
-577 7504
-576 7396
-575 7332
-574 7227
-573 7138
-572 7112
-571 7362
-570 7115
-569 7229
-568 7042
-567 7116
-566 7134
-565 7115
-564 7013
-563 7259
-562 7176
-561 7168
-560 7256
-559 7342
-558 7186
-557 7284
-556 7208
-555 7074
-554 7103
-553 7301
-552 7388
-551 7241
-550 7325
-549 7289
-548 7419
-547 7393
-546 7370
-545 7542
-544 7501
-543 7305
-542 7429
-541 7417
-540 7421
-539 7440
-538 7398
-537 7228
-536 7258
-535 7179
-534 7334
-533 7244
-532 7405
-531 7289
-530 7467
-529 7359
-528 7483
-527 7279
-526 7439
-525 7305
-524 7235
-523 7207
-522 7385
-521 7356
-520 7160
-519 7252
-518 7277
-517 7139
-516 7305
-515 7229
-514 7347
-513 7410
-512 7240
-511 7410
-510 7552
-509 7419
-508 7349
-507 7406
-506 7436
-505 7445
-504 7273
-503 7419
-502 7335
-501 7199
-500 7327
-499 7259
-498 7455
-497 7095
-496 7048
-495 7086
-494 7000
-493 6960
-492 7105
-491 6991
-490 6796
-489 6759
-488 6775
-487 6844
-486 6690
-485 6686
-484 6731
-483 6768
-482 6775
-481 6655
-480 6687
-479 6520
-478 6626
-477 6821
-476 6656
-475 6640
-474 6647
-473 6614
-472 6588
-471 6535
-470 6489
-469 6469
-468 6466
-467 6533
-466 6511
-465 6469
-464 6472
-463 6325
-462 6509
-461 6284
-460 6213
-459 6238
-458 6258
-457 6308
-456 6344
-455 6504
-454 6272
-453 6245
-452 6386
-451 6140
-450 6458
-449 6147
-448 6187
-447 6158
-446 6047
-445 6104
-444 6231
-443 6061
-442 6078
-441 6026
-440 6132
-439 6030
-438 6123
-437 6252
-436 6064
-435 6035
-434 6192
-433 6161
-432 6145
-431 6165
-430 6150
-429 6021
-428 5999
-427 5934
-426 6039
-425 6019
-424 6075
-423 6010
-422 5891
-421 5995
-420 5854
-419 5812
-418 5998
-417 5784
-416 5845
-415 5855
-414 5828
-413 5848
-412 5882
-411 5980
-410 5930
-409 6018
-408 5897
-407 5941
-406 6097
-405 6050
-404 5960
-403 6042
-402 5889
-401 5872
-400 5962
-399 5991
-398 5858
-397 6052
-396 5856
-395 5926
-394 5830
-393 5820
-392 5840
-391 5925
-390 5901
-389 5916
-388 5671
-387 5899
-386 5794
-385 5880
-384 5785
-383 5797
-382 5817
-381 5944
-380 5739
-379 5758
-378 5806
-377 5912
-376 5797
-375 5849
-374 5752
-373 5843
-372 5773
-371 5776
-370 5753
-369 5723
-368 5677
-367 5710
-366 5564
-365 5478
-364 5518
-363 5575
-362 5383
-361 5365
-360 5265
-359 5425
-358 5251
-357 5278
-356 5264
-355 5259
-354 5196
-353 5320
-352 5237
-351 5140
-350 5224
-349 5207
-348 5193
-347 5189
-346 5197
-345 5130
-344 5136
-343 5033
-342 5046
-341 5176
-340 5164
-339 5184
-338 5038
-337 5083
-336 5054
-335 5055
-334 5113
-333 5060
-332 5045
-331 5062
-330 5152
-329 4997
-328 5043
-327 5198
-326 5074
-325 5065
-324 4984
-323 4985
-322 5061
-321 4928
-320 4889
-319 4933
-318 4810
-317 5023
-316 4897
-315 4891
-314 4900
-313 4839
-312 4930
-311 4838
-310 4895
-309 4739
-308 4867
-307 4780
-306 4757
-305 4704
-304 4607
-303 4597
-302 4572
-301 4570
-300 4556
-299 4544
-298 4532
-297 4499
-296 4533
-295 4593
-294 4537
-293 4388
-292 4580
-291 4560
-290 4405
-289 4437
-288 4595
-287 4509
-286 4446
-285 4422
-284 4294
-283 4331
-282 4259
-281 4285
-280 4325
-279 4235
-278 4252
-277 4194
-276 4272
-275 4076
-274 4136
-273 4018
-272 4045
-271 4000
-270 4050
-269 4003
-268 3998
-267 3887
-266 3999
-265 3988
-264 3918
-263 4050
-262 4081
-261 4033
-260 4037
-259 4037
-258 3991
-257 3883
-256 3936
-255 3958
-254 3849
-253 3799
-252 3705
-251 3642
-250 3638
-249 3686
-248 3543
-247 3539
-246 3711
-245 3710
-244 3593
-243 3541
-242 3500
-241 3536
-240 3625
-239 3541
-238 3699
-237 3517
-236 3527
-235 3442
-234 3419
-233 3438
-232 3429
-231 3376
-230 3418
-229 3340
-228 3400
-227 3383
-226 3364
-225 3247
-224 3285
-223 3347
-222 3266
-221 3228
-220 3315
-219 3296
-218 3281
-217 3237
-216 3302
-215 3233
-214 3098
-213 3118
-212 3144
-211 3067
-210 3086
-209 3004
-208 3021
-207 3023
-206 2833
-205 2932
-204 2900
-203 2899
-202 2896
-201 2843
-200 2806
-199 2837
-198 2698
-197 2785
-196 2768
-195 2729
-194 2622
-193 2682
-192 2710
-191 2732
-190 2686
-189 2582
-188 2570
-187 2631
-186 2606
-185 2558
-184 2500
-183 2562
-182 2487
-181 2438
-180 2455
-179 2400
-178 2426
-177 2450
-176 2396
-175 2439
-174 2431
-173 2350
-172 2316
-171 2297
-170 2302
-169 2245
-168 2087
-167 2190
-166 2154
-165 2129
-164 2162
-163 2148
-162 2152
-161 2137
-160 2077
-159 2022
-158 2084
-157 2149
-156 2120
-155 2143
-154 2099
-153 1915
-152 2039
-151 1994
-150 1970
-149 1870
-148 1938
-147 1912
-146 1828
-145 1849
-144 1923
-143 1872
-142 1892
-141 1748
-140 1762
-139 1754
-138 1844
-137 1812
-136 1792
-135 1769
-134 1738
-133 1660
-132 1664
-131 1663
-130 1640
-129 1752
-128 1630
-127 1543
-126 1661
-125 1528
-124 1596
-123 1549
-122 1575
-121 1580
-120 1525
-119 1546
-118 1509
-117 1473
-116 1470
-115 1509
-114 1471
-113 1425
-112 1439
-111 1474
-110 1477
-109 1461
-108 1469
-107 1510
-106 1426
-105 1401
-104 1406
-103 1429
-102 1385
-101 1357
-100 1345
-99 1327
-98 1298
-97 1315
-96 1361
-95 1264
-94 1238
-93 1314
-92 1276
-91 1314
-90 1349
-89 1298
-88 1160
-87 1263
-86 1308
-85 1239
-84 1210
-83 1270
-82 1186
-81 1266
-80 1188
-79 1150
-78 1203
-77 1185
-76 1202
-75 1141
-74 1153
-73 1087
-72 1150
-71 1124
-70 1131
-69 1120
-68 1112
-67 1129
-66 1150
-65 1081
-64 1080
-63 1069
-62 1074
-61 1050
-60 1022
-59 1042
-58 1043
-57 1038
-56 1007
-55 998
-54 1047
-53 955
-52 987
-51 946
-50 1014
-49 961
-48 962
-47 945
-46 939
-45 925
-44 977
-43 919
-42 883
-41 968
-40 917
-39 926
-38 865
-37 879
-36 910
-35 883
-34 860
-33 845
-32 809
-31 884
-30 842
-29 810
-28 844
-27 902
-26 795
-25 802
-24 813
-23 856
-22 801
-21 771
-20 816
-19 801
-18 796
-17 771
-16 740
-15 751
-14 780
-13 770
-12 740
-11 792
-10 769
-9 728
-8 662
-7 719
-6 680
-5 680
-4 727
-3 685
-2 693
-1 685
0 699
1 681
2 677
3 710
4 696
5 675
6 665
7 687
8 662
9 667
10 687
11 652
12 640
13 684
14 632
15 673
16 617
17 620
18 625
19 597
20 583
21 574
22 524
23 596
24 580
25 560
26 584
27 560
28 540
29 532
30 520
31 557
32 547
33 507
34 562
35 536
36 473
37 553
38 502
39 496
40 490
41 494
42 513
43 492
44 510
45 539
46 488
47 507
48 463
49 456
50 449
51 490
52 462
53 494
54 465
55 458
56 441
57 453
58 455
59 421
60 448
61 396
62 445
63 442
64 420
65 415
66 394
67 408
68 454
69 388
70 436
71 400
72 407
73 419
74 383
75 391
76 385
77 396
78 386
79 380
80 402
81 393
82 338
83 373
84 365
85 373
86 358
87 397
88 385
89 368
90 391
91 355
92 337
93 360
94 359
95 333
96 350
97 322
98 342
99 337
100 344
101 320
102 306
103 313
104 324
105 342
106 293
107 337
108 305
109 339
110 313
111 341
112 332
113 307
114 299
115 305
116 316
117 294
118 292
119 310
120 293
121 311
122 292
123 282
124 271
125 298
126 276
127 265
128 281
129 286
130 306
131 257
132 299
133 270
134 281
135 250
136 260
137 277
138 253
139 282
140 222
141 249
142 237
143 238
144 273
145 231
146 255
147 261
148 230
149 231
150 235
151 203
152 198
153 238
154 237
155 236
156 230
157 217
158 224
159 231
160 232
161 228
162 242
163 203
164 223
165 234
166 221
167 231
168 235
169 215
170 200
171 198
172 197
173 207
174 182
175 198
176 172
177 184
178 194
179 199
180 169
181 211
182 205
183 184
184 181
185 171
186 165
187 164
188 177
189 189
190 175
191 175
192 189
193 178
194 175
195 202
196 155
197 176
198 181
199 179
200 178
201 162
202 173
203 173
204 169
205 170
206 164
207 134
208 136
209 152
210 153
211 167
212 152
213 179
214 152
215 162
216 150
217 169
218 124
219 155
220 157
221 163
222 171
223 142
224 148
225 151
226 166
227 133
228 145
229 159
230 165
231 150
232 136
233 131
234 127
235 156
236 125
237 115
238 123
239 124
240 138
241 112
242 139
243 125
244 144
245 155
246 137
247 116
248 131
249 121
250 115
251 113
252 154
253 124
254 120
255 117
256 117
257 109
258 126
259 104
260 112
261 115
262 115
263 113
264 112
265 133
266 100
267 119
268 118
269 99
270 112
271 131
272 112
273 110
274 123
275 109
276 106
277 97
278 95
279 93
280 122
281 87
282 96
283 104
284 106
285 103
286 91
287 110
288 103
289 94
290 84
291 87
292 83
293 115
294 86
295 72
296 84
297 78
298 101
299 80
300 75
301 121
302 85
303 99
304 74
305 85
306 78
307 98
308 104
309 76
310 92
311 96
312 69
313 78
314 76
315 91
316 76
317 78
318 75
319 92
320 79
321 105
322 69
323 83
324 80
325 66
326 74
327 73
328 63
329 61
330 68
331 83
332 54
333 75
334 85
335 84
336 81
337 71
338 61
339 68
340 77
341 73
342 90
343 59
344 60
345 67
346 74
347 68
348 57
349 65
350 76
351 66
352 63
353 47
354 63
355 69
356 57
357 57
358 60
359 67
360 47
361 66
362 53
363 46
364 57
365 65
366 72
367 61
368 68
369 67
370 64
371 53
372 61
373 53
374 57
375 67
376 49
377 50
378 59
379 48
380 46
381 58
382 52
383 65
384 49
385 61
386 57
387 46
388 48
389 68
390 51
391 51
392 43
393 50
394 53
395 59
396 42
397 45
398 75
399 47
400 59
401 53
402 46
403 45
404 51
405 46
406 49
407 55
408 51
409 55
410 53
411 46
412 39
413 40
414 39
415 52
416 44
417 46
418 50
419 40
420 52
421 47
422 43
423 49
424 40
425 39
426 41
427 40
428 31
429 37
430 41
431 31
432 33
433 47
434 39
435 37
436 46
437 33
438 50
439 52
440 37
441 43
442 45
443 41
444 40
445 42
446 41
447 40
448 38
449 31
450 37
451 34
452 36
453 37
454 27
455 35
456 35
457 28
458 46
459 43
460 38
461 29
462 43
463 36
464 24
465 42
466 26
467 30
468 26
469 44
470 37
471 34
472 29
473 32
474 24
475 34
476 43
477 38
478 35
479 33
480 17
481 42
482 30
483 29
484 25
485 24
486 38
487 20
488 29
489 33
490 31
491 33
492 28
493 40
494 24
495 25
496 24
497 23
498 24
499 23
500 22
501 29
502 25
503 29
504 22
505 23
506 27
507 22
508 24
509 25
510 29
511 30
512 34
513 33
514 29
515 12
516 21
517 23
518 15
519 21
520 27
521 29
522 21
523 18
524 25
525 21
526 31
527 26
528 26
529 21
530 21
531 35
532 23
533 28
534 29
535 15
536 10
537 27
538 24
539 24
540 18
541 33
542 26
543 17
544 19
545 21
546 20
547 19
548 19
549 23
550 18
551 12
552 23
553 14
554 27
555 15
556 17
557 26
558 21
559 24
560 21
561 24
562 26
563 20
564 20
565 16
566 24
567 20
568 14
569 18
570 19
571 22
572 21
573 33
574 20
575 17
576 12
577 20
578 16
579 24
580 19
581 29
582 18
583 14
584 19
585 20
586 18
587 25
588 13
589 17
590 15
591 18
592 17
593 18
594 13
595 19
596 12
597 9
598 19
599 12
600 8
601 19
602 8
603 18
604 16
605 18
606 16
607 18
608 12
609 27
610 10
611 17
612 24
613 15
614 10
615 13
616 8
617 13
618 16
619 13
620 19
621 12
622 7
623 14
624 15
625 12
626 19
627 11
628 10
629 15
630 13
631 11
632 9
633 17
634 13
635 16
636 13
637 12
638 16
639 13
640 12
641 11
642 9
643 20
644 15
645 14
646 10
647 20
648 21
649 10
650 11
651 13
652 13
653 12
654 11
655 12
656 13
657 14
658 14
659 9
660 8
661 13
662 12
663 16
664 13
665 13
666 10
667 14
668 17
669 12
670 11
671 11
672 14
673 7
674 14
675 14
676 12
677 9
678 12
679 12
680 10
681 8
682 10
683 8
684 13
685 9
686 11
687 9
688 5
689 17
690 8
691 10
692 12
693 9
694 9
695 7
696 8
697 11
698 13
699 11
700 5
701 11
702 11
703 4
704 8
705 5
706 8
707 9
708 9
709 8
710 8
711 7
712 10
713 6
714 5
715 5
716 6
717 12
718 4
719 7
720 13
721 6
722 7
723 7
724 11
725 13
726 8
727 9
728 15
729 7
730 8
731 9
732 8
733 6
734 7
735 5
736 10
737 4
738 5
739 9
740 6
741 12
742 10
743 15
744 11
745 7
746 10
747 4
748 7
749 5
750 8
751 5
752 11
753 9
754 2
755 7
756 8
757 5
758 11
759 8
760 4
761 7
762 6
763 7
764 10
765 7
766 8
767 8
768 10
769 4
770 7
771 11
772 5
773 8
774 8
775 1
776 8
777 7
778 5
779 6
780 5
781 4
782 7
783 9
784 7
785 8
786 7
787 9
788 3
789 5
790 4
791 6
792 11
793 2
794 4
795 2
796 6
797 7
798 7
799 4
800 1
801 5
802 9
803 6
804 4
805 5
806 4
807 7
808 7
809 7
810 3
811 3
812 3
813 7
814 3
815 4
816 4
817 4
818 7
819 4
820 8
821 3
822 4
823 5
824 7
825 7
826 3
827 3
828 9
829 7
830 5
831 5
832 7
833 4
834 6
835 4
836 2
837 7
838 7
839 2
840 5
841 4
842 5
843 6
844 3
845 7
846 4
847 2
848 2
849 9
850 2
851 4
852 8
853 3
854 1
855 6
856 2
857 6
858 7
859 2
860 2
861 2
862 6
863 3
864 5
865 9
866 2
867 3
868 3
869 2
870 5
871 7
872 5
873 3
874 1
875 1
876 4
877 6
878 10
879 4
880 5
881 4
882 2
883 5
884 6
885 4
886 6
887 3
888 7
889 2
890 2
891 3
892 3
893 5
894 8
896 7
897 4
898 4
899 3
900 6
901 3
902 5
903 3
904 4
905 3
906 1
907 3
908 2
909 2
910 8
911 5
912 3
913 4
914 5
915 5
916 1
917 2
918 6
919 4
920 4
921 8
923 4
924 4
925 6
926 6
927 5
928 6
929 5
930 2
931 2
932 1
933 4
934 7
935 3
936 3
937 3
938 2
939 1
940 3
941 4
942 4
944 2
945 4
946 2
947 5
948 2
949 5
950 2
951 5
952 1
953 3
955 2
956 2
957 3
958 1
960 3
961 1
962 1
963 2
964 2
965 4
966 2
967 1
968 2
969 3
970 4
971 4
972 3
973 2
974 3
975 3
976 2
977 1
978 1
979 2
980 2
981 3
982 1
983 2
984 3
985 2
986 1
988 1
989 2
990 6
991 1
992 4
994 2
996 1
997 3
998 2
999 3
1000 1
1001 1
1002 5
1003 3
1004 4
1006 1
1007 1
1008 1
1009 5
1011 2
1012 2
1013 2
1014 3
1015 2
1016 3
1017 3
1018 4
1022 5
1023 4
1024 3
1025 1
1027 1
1028 3
1031 4
1032 1
1033 2
1034 6
1035 2
1036 3
1037 1
1039 1
1040 2
1042 3
1043 4
1044 2
1046 2
1047 2
1049 2
1050 2
1051 2
1052 1
1053 1
1054 3
1055 1
1056 3
1057 1
1058 3
1060 1
1061 3
1063 3
1064 2
1065 3
1066 2
1067 4
1068 1
1069 1
1070 2
1073 3
1074 2
1075 1
1076 3
1078 1
1079 2
1080 1
1081 2
1082 2
1083 2
1084 1
1086 1
1087 1
1088 3
1089 3
1091 1
1092 1
1094 2
1096 1
1097 4
1098 1
1099 1
1100 1
1103 3
1104 3
1105 4
1106 1
1107 1
1108 1
1109 1
1110 1
1111 1
1112 1
1114 1
1115 3
1118 4
1119 1
1120 1
1121 2
1122 1
1123 1
1124 1
1126 2
1127 2
1128 1
1129 2
1130 1
1131 1
1132 2
1133 3
1134 2
1135 3
1136 2
1138 3
1139 1
1140 2
1141 3
1143 2
1145 2
1146 2
1147 1
1148 1
1149 1
1150 2
1151 1
1152 3
1153 1
1156 1
1157 2
1158 1
1160 1
1161 1
1163 6
1164 1
1165 1
1166 1
1167 1
1168 2
1169 1
1170 2
1173 1
1174 1
1177 1
1178 1
1179 2
1180 2
1182 1
1183 2
1185 1
1188 1
1189 5
1191 3
1193 2
1195 1
1196 1
1197 1
1198 2
1199 1
1200 1
1201 1
1202 2
1203 2
1204 1
1205 1
1207 2
1211 1
1212 2
1213 1
1214 2
1215 1
1216 2
1217 2
1218 2
1220 1
1227 1
1228 1
1229 1
1234 2
1235 1
1236 1
1239 1
1241 1
1242 1
1244 2
1245 2
1247 1
1249 1
1250 2
1255 1
1257 2
1258 1
1262 1
1263 1
1266 1
1267 1
1268 3
1269 1
1270 1
1271 2
1273 1
1276 3
1278 1
1281 1
1283 1
1285 1
1287 1
1291 1
1293 1
1294 1
1295 1
1298 2
1299 1
1303 1
1307 1
1308 2
1310 2
1312 1
1318 1
1320 1
1322 1
1324 1
1325 1
1327 1
1328 2
1332 1
1334 2
1337 1
1342 1
1344 1
1346 1
1349 1
1350 1
1353 1
1357 2
1364 2
1367 1
1370 1
1381 2
1385 2
1386 1
1392 1
1399 1
1400 1
1402 1
1403 1
1405 1
1414 2
1425 1
1433 1
1435 1
1438 1
1455 1
1460 1
1467 1
1477 1
1484 1
1492 1
1496 1
1498 1
1507 1
1529 1
1531 1
1539 1
1544 2
1549 1
1550 1
1568 1
1599 2
1679 1
1682 1
1686 1
1699 1
