214 4
215 16
216 18
217 36
218 43
219 47
220 52
221 62
222 30
223 54
224 36
225 44
226 54
227 58
228 56
229 35
230 44
231 58
232 57
233 54
234 56
235 70
236 74
237 92
238 100
239 87
240 94
241 86
242 78
243 69
244 72
245 77
246 76
247 92
248 99
249 89
250 101
251 110
252 87
253 118
254 88
255 96
256 111
257 120
258 95
259 95
260 123
261 92
262 103
263 87
264 114
265 103
266 84
267 85
268 92
269 85
270 90
271 92
272 88
273 87
274 74
275 82
276 94
277 84
278 86
279 88
280 79
281 77
282 90
283 110
284 106
285 115
286 123
287 113
288 136
289 135
290 141
291 117
292 136
293 109
294 119
295 133
296 124
297 153
298 124
299 136
300 127
301 162
302 181
303 179
304 224
305 240
306 237
307 238
308 286
309 303
310 362
311 377
312 425
313 429
314 403
315 477
316 454
317 483
318 554
319 580
320 553
321 550
322 585
323 632
324 638
325 589
326 576
327 640
328 643
329 614
330 682
331 690
332 754
333 738
334 849
335 843
336 991
337 1008
338 998
339 1016
340 1096
341 1105
342 1216
343 1259
344 1238
345 1257
346 1359
347 1407
348 1439
349 1374
350 1351
351 1307
352 1334
353 1303
354 1309
355 1339
356 1419
357 1346
358 1451
359 1451
360 1391
361 1505
362 1493
363 1598
364 1554
365 1537
366 1664
367 1641
368 1654
369 1731
370 1850
371 1947
372 1964
373 2056
374 2083
375 2159
376 2204
377 2331
378 2356
379 2405
380 2582
381 2436
382 2536
383 2634
384 2595
385 2526
386 2610
387 2593
388 2603
389 2606
390 2829
391 2695
392 2914
393 2941
394 3102
395 3131
396 3314
397 3207
398 3156
399 3087
400 3278
401 3427
402 3418
403 3456
404 3555
405 3753
406 3667
407 3689
408 3609
409 3760
410 3755
411 3894
412 4039
413 4049
414 4019
415 4040
416 3982
417 4087
418 4109
419 4195
420 4143
421 4293
422 4198
423 4237
424 4497
425 4544
426 4827
427 4758
428 4857
429 5015
430 5019
431 4876
432 5201
433 5005
434 5226
435 5149
436 5222
437 5352
438 5463
439 5434
440 5478
441 5480
442 5644
443 5661
444 5820
445 5690
446 5728
447 5740
448 5958
449 5970
450 5921
451 6042
452 5959
453 5807
454 5948
455 5925
456 5812
457 5815
458 5867
459 5982
460 5995
461 6049
462 6161
463 6089
464 6025
465 6095
466 6205
467 6233
468 6192
469 6152
470 6073
471 5994
472 6241
473 6015
474 6222
475 6374
476 6208
477 6319
478 6337
479 6442
480 6436
481 6466
482 6452
483 6682
484 6627
485 6868
486 6858
487 6918
488 6948
489 6913
490 6921
491 7017
492 6841
493 7099
494 6971
495 7144
496 7084
497 7069
498 7070
499 7125
500 7143
501 7283
502 7384
503 7426
504 7319
505 7245
506 7490
507 7655
508 7591
509 7665
510 7467
511 7700
512 7773
513 7547
514 7689
515 7536
516 7834
517 7823
518 7947
519 7693
520 8005
521 7877
522 8032
523 8195
524 8025
525 8238
526 8092
527 7979
528 8165
529 8190
530 7997
531 8023
532 8017
533 7973
534 7858
535 8142
536 8031
537 8046
538 8038
539 8065
540 8322
541 8298
542 8332
543 8566
544 8595
545 8533
546 8814
547 8691
548 8671
549 8434
550 8776
551 8729
552 8561
553 8587
554 8552
555 8780
556 8711
557 8840
558 8694
559 8828
560 8987
561 9012
562 8994
563 8923
564 9001
565 8996
566 8965
567 8910
568 8868
569 8977
570 8995
571 8995
572 8904
573 9096
574 9007
575 8892
576 9013
577 9033
578 8806
579 8884
580 8817
581 8992
582 8863
583 8869
584 8891
585 9025
586 8984
587 9084
588 9047
589 8951
590 8971
591 9065
592 8934
593 9117
594 8947
595 9028
596 9066
597 8969
598 9261
599 9412
600 9299
601 9145
602 9424
603 9140
604 9152
605 9217
606 9324
607 9402
608 9520
609 9341
610 9608
611 9468
612 9232
613 9225
614 9383
615 9154
616 9257
617 9344
618 9284
619 9404
620 9241
621 9187
622 9130
623 9199
624 9043
625 9101
626 8933
627 8936
628 9163
629 9235
630 8910
631 8873
632 8949
633 8835
634 8959
635 8790
636 8627
637 8608
638 8715
639 8652
640 8594
641 8591
642 8787
643 8538
644 8650
645 8543
646 8527
647 8351
648 8403
649 8393
650 8242
651 8378
652 8249
653 8227
654 8471
655 8262
656 8301
657 8302
658 8231
659 8147
660 8140
661 8054
662 8015
663 8031
664 8060
665 8040
666 8052
667 8061
668 7953
669 8025
670 8022
671 7901
672 7937
673 8001
674 8053
675 7844
676 8086
677 7926
678 8174
679 8155
680 8077
681 7916
682 7844
683 8034
684 7849
685 8017
686 8040
687 8006
688 7875
689 7923
690 7851
691 7793
692 7934
693 7968
694 8107
695 7974
696 7847
697 7965
698 7927
699 7829
700 7820
701 7739
702 7806
703 7924
704 7830
705 8042
706 7949
707 7989
708 7823
709 7816
710 7756
711 7690
712 7608
713 7662
714 7760
715 7682
716 7482
717 7513
718 7559
719 7742
720 7453
721 7539
722 7507
723 7417
724 7347
725 7423
726 7238
727 7308
728 7304
729 7375
730 7459
731 7515
732 7378
733 7359
734 7210
735 7288
736 7299
737 7250
738 7286
739 7134
740 7192
741 6908
742 7078
743 7108
744 7081
745 7130
746 7007
747 7019
748 6841
749 7021
750 6899
751 6833
752 6943
753 6681
754 6777
755 6729
756 6798
757 6764
758 6647
759 6664
760 6584
761 6778
762 6572
763 6570
764 6539
765 6537
766 6631
767 6465
768 6532
769 6476
770 6368
771 6512
772 6173
773 6181
774 6212
775 6163
776 6130
777 6122
778 6130
779 6008
780 6015
781 6090
782 6012
783 5973
784 5947
785 5726
786 6111
787 5841
788 5854
789 5897
790 5727
791 5764
792 5844
793 5669
794 5820
795 5716
796 5768
797 5816
798 5779
799 5616
800 5655
801 5719
802 5708
803 5842
804 5630
805 5632
806 5593
807 5544
808 5581
809 5697
810 5450
811 5433
812 5482
813 5483
814 5486
815 5264
816 5192
817 5355
818 5288
819 5213
820 5182
821 5244
822 5098
823 5100
824 5180
825 4952
826 5103
827 5224
828 5034
829 5139
830 4876
831 4912
832 5037
833 4897
834 5032
835 5023
836 4804
837 4828
838 4767
839 4771
840 4744
841 4659
842 4705
843 4723
844 4667
845 4652
846 4598
847 4542
848 4668
849 4485
850 4445
851 4453
852 4334
853 4406
854 4301
855 4322
856 4263
857 4275
858 4207
859 4268
860 4057
861 4058
862 4012
863 4070
864 4033
865 4010
866 4008
867 4121
868 3870
869 3957
870 3881
871 3941
872 3810
873 3877
874 3773
875 3715
876 3730
877 3741
878 3781
879 3665
880 3666
881 3701
882 3715
883 3565
884 3476
885 3617
886 3556
887 3713
888 3549
889 3525
890 3449
891 3483
892 3460
893 3419
894 3401
895 3404
896 3409
897 3352
898 3410
899 3189
900 3268
901 3256
902 3308
903 3236
904 3193
905 3208
906 3045
907 3195
908 3141
909 3064
910 3054
911 2987
912 3100
913 3068
914 2992
915 2988
916 2956
917 2974
918 2912
919 2849
920 2812
921 2796
922 2814
923 2878
924 2786
925 2773
926 2693
927 2637
928 2664
929 2561
930 2678
931 2623
932 2629
933 2690
934 2611
935 2581
936 2621
937 2619
938 2526
939 2462
940 2549
941 2444
942 2513
943 2398
944 2359
945 2433
946 2374
947 2338
948 2327
949 2345
950 2382
951 2326
952 2243
953 2274
954 2245
955 2259
956 2257
957 2153
958 2109
959 2150
960 2121
961 2038
962 1956
963 2015
964 2049
965 1989
966 2087
967 1941
968 1869
969 1921
970 1965
971 1938
972 1856
973 1917
974 1925
975 1880
976 1788
977 1852
978 1742
979 1822
980 1755
981 1759
982 1681
983 1623
984 1707
985 1676
986 1665
987 1566
988 1707
989 1684
990 1633
991 1658
992 1679
993 1624
994 1609
995 1610
996 1569
997 1571
998 1506
999 1472
1000 1450
1001 1478
1002 1567
1003 1523
1004 1502
1005 1380
1006 1446
1007 1323
1008 1375
1009 1356
1010 1426
1011 1342
1012 1375
1013 1317
1014 1331
1015 1368
1016 1276
1017 1271
1018 1251
1019 1304
1020 1291
1021 1254
1022 1244
1023 1254
1024 1254
1025 1237
1026 1234
1027 1184
1028 1182
1029 1161
1030 1180
1031 1169
1032 1163
1033 1138
1034 1096
1035 1146
1036 1108
1037 1071
1038 1050
1039 1083
1040 1067
1041 1058
1042 1057
1043 1020
1044 1050
1045 1009
1046 1041
1047 1026
1048 946
1049 949
1050 1001
1051 911
1052 869
1053 890
1054 895
1055 889
1056 869
1057 901
1058 842
1059 864
1060 868
1061 771
1062 792
1063 784
1064 797
1065 722
1066 790
1067 781
1068 738
1069 715
1070 811
1071 761
1072 735
1073 695
1074 689
1075 728
1076 745
1077 721
1078 695
1079 694
1080 679
1081 679
1082 692
1083 680
1084 646
1085 709
1086 648
1087 683
1088 622
1089 666
1090 633
1091 607
1092 605
1093 618
1094 632
1095 576
1096 592
1097 557
1098 593
1099 553
1100 547
1101 557
1102 520
1103 561
1104 545
1105 575
1106 564
1107 506
1108 598
1109 495
1110 487
1111 511
1112 467
1113 488
1114 491
1115 489
1116 501
1117 480
1118 475
1119 476
1120 488
1121 487
1122 450
1123 450
1124 459
1125 479
1126 441
1127 415
1128 445
1129 437
1130 447
1131 431
1132 444
1133 450
1134 417
1135 409
1136 417
1137 419
1138 407
1139 433
1140 410
1141 427
1142 409
1143 402
1144 377
1145 360
1146 398
1147 423
1148 362
1149 384
1150 360
1151 377
1152 411
1153 399
1154 387
1155 395
1156 343
1157 395
1158 349
1159 335
1160 344
1161 367
1162 339
1163 356
1164 331
1165 307
1166 323
1167 318
1168 290
1169 306
1170 326
1171 325
1172 317
1173 352
1174 331
1175 294
1176 290
1177 295
1178 291
1179 311
1180 295
1181 320
1182 327
1183 269
1184 325
1185 305
1186 290
1187 295
1188 283
1189 254
1190 270
1191 291
1192 279
1193 277
1194 268
1195 281
1196 261
1197 293
1198 292
1199 259
1200 269
1201 299
1202 251
1203 250
1204 280
1205 255
1206 283
1207 248
1208 241
1209 241
1210 254
1211 261
1212 276
1213 239
1214 258
1215 232
1216 238
1217 236
1218 245
1219 213
1220 224
1221 240
1222 263
1223 238
1224 243
1225 233
1226 239
1227 264
1228 223
1229 263
1230 225
1231 225
1232 234
1233 238
1234 218
1235 226
1236 242
1237 242
1238 201
1239 205
1240 254
1241 216
1242 229
1243 233
1244 184
1245 222
1246 238
1247 213
1248 216
1249 236
1250 214
1251 225
1252 201
1253 207
1254 206
1255 193
1256 216
1257 205
1258 192
1259 218
1260 193
1261 208
1262 203
1263 221
1264 192
1265 204
1266 214
1267 215
1268 197
1269 188
1270 216
1271 182
1272 202
1273 187
1274 169
1275 215
1276 203
1277 202
1278 192
1279 203
1280 228
1281 215
1282 237
1283 211
1284 225
1285 207
1286 229
1287 213
1288 235
1289 222
1290 211
1291 216
1292 218
1293 239
1294 223
1295 225
1296 231
1297 225
1298 219
1299 216
1300 243
1301 229
1302 218
1303 237
1304 228
1305 224
1306 263
1307 259
1308 241
1309 239
1310 238
1311 257
1312 276
1313 249
1314 237
1315 245
1316 257
1317 277
1318 259
1319 259
1320 271
1321 252
1322 242
1323 247
1324 245
1325 266
1326 252
1327 263
1328 272
1329 254
1330 253
1331 244
1332 248
1333 272
1334 261
1335 244
1336 258
1337 288
1338 268
1339 282
1340 287
1341 243
1342 272
1343 229
1344 259
1345 252
1346 272
1347 269
1348 291
1349 253
1350 279
1351 281
1352 279
1353 254
1354 251
1355 286
1356 274
1357 281
1358 277
1359 256
1360 251
1361 273
1362 254
1363 269
1364 271
1365 240
1366 282
1367 278
1368 234
1369 266
1370 255
1371 268
1372 270
1373 277
1374 265
1375 264
1376 309
1377 266
1378 258
1379 243
1380 254
1381 231
1382 249
1383 281
1384 276
1385 286
1386 254
1387 273
1388 279
1389 236
1390 280
1391 294
1392 250
1393 240
1394 270
1395 226
1396 244
1397 277
1398 258
1399 265
1400 240
1401 297
1402 246
1403 252
1404 262
1405 232
1406 230
1407 252
1408 270
1409 214
1410 255
1411 246
1412 235
1413 247
1414 221
1415 264
1416 249
1417 229
1418 257
1419 266
1420 252
1421 233
1422 256
1423 260
1424 253
1425 243
1426 243
1427 226
1428 249
1429 249
1430 260
1431 217
1432 238
1433 239
1434 242
1435 263
1436 218
1437 220
1438 228
1439 240
1440 246
1441 221
1442 218
1443 243
1444 231
1445 232
1446 242
1447 209
1448 215
1449 235
1450 233
1451 232
1452 228
1453 245
1454 209
1455 233
1456 234
1457 229
1458 232
1459 218
1460 202
1461 206
1462 249
1463 206
1464 197
1465 229
1466 223
1467 214
1468 204
1469 230
1470 236
1471 198
1472 205
1473 245
1474 213
1475 209
1476 198
1477 198
1478 242
1479 186
1480 207
1481 206
1482 231
1483 224
1484 203
1485 230
1486 213
1487 200
1488 194
1489 190
1490 207
1491 204
1492 207
1493 197
1494 195
1495 177
1496 210
1497 191
1498 177
1499 200
1500 197
1501 208
1502 191
1503 194
1504 181
1505 182
1506 186
1507 189
1508 176
1509 187
1510 195
1511 185
1512 201
1513 171
1514 174
1515 169
1516 180
1517 183
1518 168
1519 171
1520 189
1521 167
1522 172
1523 136
1524 159
1525 172
1526 139
1527 181
1528 185
1529 151
1530 162
1531 166
1532 184
1533 163
1534 158
1535 172
1536 142
1537 151
1538 167
1539 154
1540 187
1541 168
1542 161
1543 138
1544 173
1545 125
1546 165
1547 158
1548 144
1549 148
1550 154
1551 143
1552 162
1553 158
1554 153
1555 135
1556 140
1557 142
1558 148
1559 136
1560 133
1561 140
1562 154
1563 148
1564 120
1565 145
1566 168
1567 151
1568 158
1569 123
1570 110
1571 146
1572 153
1573 129
1574 116
1575 159
1576 132
1577 130
1578 138
1579 130
1580 122
1581 117
1582 132
1583 137
1584 133
1585 115
1586 119
1587 138
1588 133
1589 108
1590 115
1591 121
1592 115
1593 121
1594 121
1595 127
1596 129
1597 118
1598 125
1599 122
1600 115
1601 118
1602 107
1603 107
1604 111
1605 113
1606 109
1607 116
1608 115
1609 114
1610 114
1611 115
1612 100
1613 93
1614 117
1615 106
1616 107
1617 102
1618 92
1619 108
1620 90
1621 110
1622 108
1623 107
1624 88
1625 97
1626 89
1627 87
1628 108
1629 106
1630 90
1631 105
1632 104
1633 88
1634 83
1635 87
1636 91
1637 106
1638 97
1639 95
1640 90
1641 79
1642 94
1643 97
1644 84
1645 98
1646 85
1647 73
1648 98
1649 74
1650 82
1651 88
1652 79
1653 81
1654 71
1655 77
1656 94
1657 82
1658 88
1659 73
1660 69
1661 78
1662 75
1663 72
1664 72
1665 71
1666 55
1667 67
1668 65
1669 75
1670 73
1671 56
1672 74
1673 63
1674 75
1675 70
1676 69
1677 65
1678 55
1679 62
1680 78
1681 60
1682 80
1683 67
1684 69
1685 67
1686 57
1687 62
1688 59
1689 73
1690 47
1691 49
1692 74
1693 61
1694 54
1695 64
1696 55
1697 60
1698 53
1699 54
1700 50
1701 61
1702 62
1703 51
1704 56
1705 64
1706 59
1707 50
1708 46
1709 58
1710 59
1711 53
1712 32
1713 57
1714 53
1715 52
1716 45
1717 54
1718 46
1719 48
1720 46
1721 42
1722 56
1723 40
1724 40
1725 51
1726 45
1727 63
1728 49
1729 37
1730 35
1731 47
1732 40
1733 47
1734 37
1735 37
1736 48
1737 37
1738 33
1739 47
1740 48
1741 35
1742 38
1743 46
1744 47
1745 37
1746 35
1747 30
1748 37
1749 40
1750 47
1751 30
1752 38
1753 35
1754 36
1755 36
1756 38
1757 29
1758 26
1759 23
1760 29
1761 34
1762 28
1763 30
1764 33
1765 33
1766 29
1767 25
1768 43
1769 24
1770 28
1771 26
1772 34
1773 27
1774 25
1775 22
1776 34
1777 21
1778 25
1779 25
1780 28
1781 27
1782 28
1783 33
1784 25
1785 29
1786 18
1787 30
1788 18
1789 31
1790 23
1791 27
1792 30
1793 21
1794 23
1795 20
1796 28
1797 18
1798 21
1799 23
1800 33
1801 19
1802 25
1803 28
1804 28
1805 22
1806 20
1807 16
1808 20
1809 18
1810 19
1811 29
1812 17
1813 28
1814 20
1815 26
1816 29
1817 24
1818 19
1819 26
1820 24
1821 22
1822 29
1823 22
1824 13
1825 9
1826 14
1827 12
1828 22
1829 11
1830 25
1831 14
1832 12
1833 20
1834 11
1835 10
1836 22
1837 17
1838 24
1839 23
1840 19
1841 24
1842 10
1843 13
1844 17
1845 20
1846 15
1847 17
1848 19
1849 19
1850 19
1851 10
1852 21
1853 14
1854 12
1855 14
1856 16
1857 15
1858 19
1859 20
1860 13
1861 16
1862 20
1863 11
1864 11
1865 20
1866 12
1867 17
1868 9
1869 9
1870 11
1871 11
1872 11
1873 17
1874 10
1875 10
1876 9
1877 11
1878 11
1879 7
1880 10
1881 10
1882 10
1883 12
1884 6
1885 7
1886 5
1887 11
1888 4
1889 8
1890 4
1891 6
1892 8
1893 9
1894 8
1895 11
1896 10
1897 9
1898 9
1899 8
1900 10
1901 11
1902 10
1903 7
1904 12
1905 5
1906 6
1907 11
1908 9
1909 6
1910 5
1911 11
1912 6
1913 8
1914 2
1915 11
1916 7
1917 7
1918 2
1919 8
1920 5
1921 6
1922 5
1923 7
1924 4
1925 5
1926 10
1927 7
1928 6
1929 3
1930 8
1931 16
1932 5
1933 3
1934 4
1935 5
1936 6
1937 5
1938 5
1939 6
1940 9
1941 5
1942 4
1943 4
1944 5
1945 11
1946 3
1947 5
1948 4
1949 2
1950 2
1951 6
1952 6
1953 8
1954 1
1955 5
1956 4
1957 4
1958 2
1959 3
1960 2
1961 6
1962 8
1963 3
1964 4
1965 3
1966 2
1967 6
1968 3
1969 2
1970 3
1971 4
1972 5
1973 5
1974 7
1975 4
1976 1
1977 3
1978 3
1979 3
1980 6
1981 2
1982 2
1984 3
1985 3
1986 6
1987 6
1988 8
1990 6
1991 6
1992 4
1993 3
1994 5
1995 3
1996 3
1997 3
1998 4
1999 5
2000 3
2001 2
2002 6
2003 2
2004 2
2006 3
2007 3
2008 4
2009 1
2010 1
2011 1
2012 4
2013 5
2014 4
2015 1
2016 2
2017 1
2018 3
2019 3
2020 1
2021 1
2022 1
2023 3
2024 3
2025 1
2026 3
2028 3
2029 1
2030 2
2032 2
2033 1
2035 4
2036 3
2037 3
2038 2
2039 6
2041 1
2042 1
2043 2
2044 2
2048 2
2050 2
2052 2
2054 1
2055 1
2056 1
2057 2
2058 3
2060 1
2061 1
2062 3
2063 1
2064 1
2066 1
2068 1
2069 1
2070 1
2071 1
2072 1
2075 1
2077 2
2079 1
2080 1
2084 1
2089 3
2091 1
2092 1
2093 1
2098 1
2101 1
2102 1
2104 1
2105 1
2107 1
2117 1
2123 2
2127 1
2129 1
2133 1
2134 2
2138 1
2139 3
2147 1
2149 1
2152 1
2156 1
2161 1
2162 1
2163 1
2164 1
2165 1
2167 1
2168 2
2173 1
2178 1
2179 1
2182 1
2190 1
2198 1
2211 1
2223 1
2231 1
2236 1
2239 1
