57 3
58 55
59 338
60 727
61 1117
62 1731
63 3177
64 4033
65 4246
66 4497
67 4572
68 4483
69 4473
70 4467
71 4552
72 4721
73 4566
74 4496
75 4300
76 4309
77 4419
78 4512
79 4640
80 4791
81 5364
82 5902
83 6404
84 7282
85 7726
86 8116
87 8595
88 8675
89 9043
90 8997
91 9505
92 10726
93 11640
94 12334
95 12486
96 12445
97 12554
98 12430
99 12669
100 12255
101 12408
102 12389
103 12570
104 12250
105 12336
106 12431
107 12546
108 12555
109 12261
110 11766
111 11962
112 11702
113 11808
114 11987
115 12148
116 11759
117 11641
118 12018
119 11931
120 12279
121 12279
122 12867
123 13195
124 13591
125 13951
126 14115
127 14005
128 13844
129 13849
130 13913
131 13538
132 13296
133 13260
134 13010
135 12618
136 12734
137 13037
138 12703
139 12921
140 12502
141 12654
142 12582
143 12592
144 12673
145 12475
146 12587
147 12832
148 12633
149 13122
150 12814
151 12852
152 13014
153 12819
154 12969
155 12744
156 13023
157 12910
158 12829
159 12832
160 12724
161 12815
162 12804
163 12589
164 12733
165 12685
166 13033
167 13084
168 12843
169 13091
170 13087
171 12970
172 13043
173 13165
174 13358
175 13838
176 14130
177 14455
178 14266
179 14429
180 14336
181 14270
182 14104
183 14441
184 14469
185 14387
186 14510
187 14511
188 14799
189 14560
190 14710
191 14512
192 14437
193 14412
194 14401
195 14067
196 14318
197 14216
198 14021
199 14156
200 14263
201 14231
202 14064
203 14038
204 13609
205 13764
206 13778
207 13661
208 13841
209 14061
210 14291
211 14107
212 14171
213 14207
214 14413
215 14734
216 14690
217 13789
218 13941
219 13593
220 13691
221 13400
222 13257
223 13563
224 13641
225 13556
226 13400
227 13332
228 13211
229 13178
230 12788
231 12903
232 12295
233 12392
234 12375
235 12175
236 11764
237 11748
238 11684
239 11323
240 11170
241 10956
242 10902
243 10874
244 10611
245 10531
246 10366
247 10229
248 10460
249 10261
250 10308
251 10156
252 10176
253 10089
254 10238
255 9869
256 9793
257 9852
258 9893
259 9581
260 9590
261 9470
262 9371
263 9568
264 9357
265 9437
266 9307
267 9395
268 9255
269 9173
270 9237
271 9099
272 8951
273 9137
274 9160
275 8793
276 8843
277 8574
278 8517
279 8431
280 8412
281 8525
282 8440
283 8422
284 8522
285 8436
286 8519
287 8396
288 8171
289 8210
290 8106
291 7982
292 7906
293 7703
294 7776
295 7602
296 7697
297 7491
298 7688
299 7633
300 7661
301 7575
302 7487
303 7352
304 7362
305 7384
306 7314
307 7310
308 7186
309 7265
310 7159
311 7209
312 7056
313 7327
314 7270
315 7358
316 7280
317 7337
318 7198
319 7060
320 6877
321 6843
322 6842
323 6736
324 6674
325 6310
326 6495
327 6520
328 6657
329 6513
330 6502
331 6429
332 6369
333 6438
334 6436
335 6430
336 6308
337 6267
338 6188
339 5961
340 6086
341 5928
342 5873
343 5763
344 5794
345 5761
346 5656
347 5605
348 5609
349 5430
350 5424
351 5216
352 5369
353 5396
354 5274
355 5195
356 5199
357 5079
358 5007
359 5119
360 5137
361 5016
362 4927
363 4909
364 5021
365 5043
366 4989
367 4908
368 4805
369 4813
370 4806
371 4782
372 4669
373 4634
374 4420
375 4652
376 4578
377 4507
378 4630
379 4615
380 4592
381 4491
382 4546
383 4329
384 4341
385 4373
386 4342
387 4295
388 4254
389 4186
390 4082
391 4088
392 3985
393 3983
394 3992
395 4039
396 3908
397 3924
398 3851
399 3988
400 3804
401 3858
402 3872
403 3730
404 3670
405 3782
406 3639
407 3686
408 3655
409 3786
410 3548
411 3576
412 3627
413 3614
414 3510
415 3493
416 3451
417 3343
418 3412
419 3235
420 3226
421 3272
422 3241
423 3232
424 3135
425 3202
426 3153
427 3191
428 3137
429 3056
430 3046
431 3084
432 3027
433 2880
434 2936
435 3037
436 2850
437 2950
438 2941
439 2854
440 2875
441 2846
442 2756
443 2762
444 2671
445 2740
446 2717
447 2733
448 2751
449 2617
450 2701
451 2600
452 2715
453 2603
454 2531
455 2585
456 2562
457 2536
458 2539
459 2478
460 2521
461 2611
462 2462
463 2451
464 2437
465 2439
466 2481
467 2423
468 2424
469 2441
470 2375
471 2408
472 2344
473 2238
474 2306
475 2285
476 2374
477 2373
478 2323
479 2325
480 2251
481 2172
482 2149
483 2229
484 2138
485 2261
486 2238
487 2234
488 2180
489 2148
490 2154
491 2099
492 2014
493 2163
494 2006
495 2055
496 2111
497 2131
498 2009
499 2111
500 2113
501 2097
502 2079
503 1934
504 2000
505 1961
506 1982
507 1928
508 1819
509 1995
510 1958
511 1824
512 1832
513 1887
514 1885
515 1874
516 1838
517 1784
518 1764
519 1746
520 1736
521 1771
522 1725
523 1754
524 1776
525 1896
526 1685
527 1767
528 1712
529 1691
530 1714
531 1682
532 1665
533 1566
534 1747
535 1648
536 1668
537 1618
538 1606
539 1567
540 1578
541 1631
542 1632
543 1597
544 1569
545 1543
546 1579
547 1618
548 1552
549 1561
550 1561
551 1501
552 1467
553 1483
554 1471
555 1438
556 1491
557 1471
558 1509
559 1430
560 1431
561 1472
562 1428
563 1444
564 1445
565 1421
566 1347
567 1409
568 1360
569 1324
570 1337
571 1351
572 1306
573 1350
574 1330
575 1355
576 1268
577 1268
578 1318
579 1317
580 1252
581 1316
582 1279
583 1214
584 1324
585 1279
586 1333
587 1284
588 1216
589 1268
590 1212
591 1231
592 1197
593 1214
594 1235
595 1238
596 1238
597 1150
598 1187
599 1172
600 1170
601 1144
602 1147
603 1205
604 1110
605 1148
606 1091
607 1092
608 1137
609 1078
610 1141
611 1118
612 1175
613 1131
614 1121
615 1093
616 1125
617 1090
618 1022
619 1052
620 1069
621 1085
622 1054
623 999
624 1101
625 1082
626 1047
627 1063
628 1087
629 998
630 1004
631 1005
632 992
633 1021
634 1011
635 1054
636 1001
637 955
638 1007
639 999
640 991
641 977
642 959
643 992
644 958
645 1000
646 973
647 977
648 951
649 946
650 974
651 983
652 937
653 927
654 956
655 907
656 884
657 963
658 916
659 918
660 918
661 914
662 901
663 902
664 847
665 903
666 910
667 885
668 827
669 864
670 917
671 857
672 909
673 847
674 821
675 840
676 894
677 863
678 921
679 827
680 809
681 866
682 852
683 873
684 811
685 814
686 827
687 807
688 766
689 804
690 789
691 733
692 809
693 720
694 780
695 761
696 796
697 776
698 773
699 756
700 761
701 754
702 785
703 750
704 762
705 724
706 771
707 762
708 788
709 746
710 706
711 758
712 687
713 763
714 709
715 767
716 715
717 676
718 667
719 697
720 668
721 730
722 714
723 725
724 652
725 614
726 711
727 654
728 687
729 655
730 657
731 703
732 659
733 673
734 680
735 647
736 619
737 637
738 612
739 660
740 623
741 647
742 629
743 659
744 634
745 702
746 588
747 623
748 634
749 624
750 632
751 593
752 608
753 616
754 642
755 617
756 597
757 569
758 588
759 605
760 571
761 610
762 585
763 596
764 589
765 593
766 631
767 601
768 543
769 529
770 557
771 587
772 510
773 555
774 596
775 529
776 503
777 542
778 524
779 543
780 517
781 504
782 571
783 504
784 521
785 515
786 527
787 473
788 535
789 484
790 502
791 513
792 471
793 499
794 494
795 492
796 513
797 482
798 514
799 482
800 501
801 468
802 483
803 472
804 491
805 473
806 463
807 481
808 486
809 446
810 451
811 452
812 453
813 423
814 486
815 463
816 445
817 463
818 465
819 428
820 443
821 436
822 433
823 426
824 442
825 468
826 454
827 418
828 392
829 383
830 407
831 422
832 401
833 386
834 401
835 397
836 413
837 428
838 415
839 419
840 350
841 406
842 415
843 432
844 406
845 372
846 402
847 390
848 361
849 390
850 373
851 350
852 384
853 356
854 368
855 365
856 377
857 378
858 341
859 356
860 339
861 366
862 373
863 340
864 337
865 355
866 394
867 348
868 384
869 345
870 351
871 353
872 348
873 323
874 327
875 374
876 310
877 346
878 323
879 337
880 319
881 346
882 346
883 328
884 284
885 339
886 309
887 334
888 318
889 330
890 320
891 337
892 311
893 326
894 303
895 337
896 311
897 294
898 286
899 307
900 304
901 285
902 313
903 292
904 302
905 303
906 283
907 315
908 312
909 313
910 334
911 316
912 312
913 315
914 261
915 297
916 315
917 305
918 311
919 296
920 279
921 285
922 297
923 254
924 285
925 282
926 258
927 259
928 287
929 283
930 284
931 254
932 301
933 277
934 267
935 273
936 246
937 243
938 297
939 277
940 268
941 287
942 274
943 254
944 259
945 280
946 262
947 237
948 293
949 264
950 254
951 259
952 242
953 264
954 261
955 247
956 260
957 238
958 237
959 267
960 234
961 250
962 245
963 241
964 247
965 250
966 230
967 239
968 245
969 251
970 223
971 271
972 254
973 237
974 245
975 218
976 216
977 202
978 222
979 207
980 211
981 197
982 224
983 255
984 238
985 214
986 218
987 234
988 223
989 239
990 210
991 216
992 193
993 215
994 194
995 186
996 208
997 205
998 202
999 201
1000 186
1001 189
1002 224
1003 202
1004 179
1005 194
1006 207
1007 195
1008 215
1009 185
1010 237
1011 198
1012 189
1013 210
1014 187
1015 197
1016 172
1017 199
1018 188
1019 175
1020 176
1021 196
1022 196
1023 188
1024 197
1025 157
1026 185
1027 206
1028 190
1029 179
1030 165
1031 182
1032 173
1033 202
1034 159
1035 190
1036 189
1037 168
1038 168
1039 167
1040 142
1041 189
1042 185
1043 171
1044 176
1045 163
1046 162
1047 179
1048 164
1049 184
1050 166
1051 184
1052 142
1053 171
1054 147
1055 172
1056 162
1057 162
1058 154
1059 156
1060 148
1061 163
1062 169
1063 182
1064 165
1065 135
1066 165
1067 153
1068 158
1069 131
1070 147
1071 168
1072 165
1073 149
1074 152
1075 136
1076 164
1077 147
1078 166
1079 161
1080 150
1081 148
1082 142
1083 156
1084 133
1085 162
1086 148
1087 150
1088 158
1089 147
1090 161
1091 153
1092 143
1093 157
1094 151
1095 146
1096 138
1097 135
1098 139
1099 144
1100 140
1101 140
1102 152
1103 144
1104 167
1105 126
1106 153
1107 151
1108 144
1109 131
1110 131
1111 132
1112 152
1113 124
1114 129
1115 136
1116 157
1117 127
1118 120
1119 138
1120 130
1121 151
1122 101
1123 138
1124 150
1125 115
1126 134
1127 139
1128 123
1129 138
1130 125
1131 125
1132 159
1133 138
1134 131
1135 121
1136 127
1137 119
1138 154
1139 130
1140 136
1141 137
1142 131
1143 123
1144 111
1145 128
1146 121
1147 115
1148 123
1149 112
1150 121
1151 140
1152 124
1153 114
1154 128
1155 122
1156 118
1157 127
1158 103
1159 104
1160 128
1161 119
1162 130
1163 132
1164 125
1165 126
1166 120
1167 124
1168 108
1169 109
1170 104
1171 115
1172 105
1173 107
1174 106
1175 98
1176 110
1177 108
1178 123
1179 120
1180 119
1181 126
1182 103
1183 121
1184 121
1185 94
1186 114
1187 123
1188 107
1189 101
1190 112
1191 109
1192 103
1193 112
1194 102
1195 116
1196 96
1197 90
1198 103
1199 106
1200 110
1201 95
1202 122
1203 102
1204 97
1205 114
1206 83
1207 109
1208 97
1209 99
1210 77
1211 110
1212 110
1213 103
1214 118
1215 106
1216 97
1217 109
1218 98
1219 95
1220 100
1221 117
1222 92
1223 97
1224 115
1225 98
1226 96
1227 104
1228 102
1229 88
1230 112
1231 100
1232 98
1233 94
1234 78
1235 97
1236 107
1237 99
1238 95
1239 94
1240 88
1241 89
1242 74
1243 81
1244 93
1245 102
1246 90
1247 112
1248 109
1249 112
1250 95
1251 93
1252 86
1253 94
1254 95
1255 88
1256 95
1257 83
1258 83
1259 93
1260 78
1261 90
1262 104
1263 106
1264 98
1265 87
1266 84
1267 93
1268 79
1269 90
1270 90
1271 89
1272 75
1273 90
1274 79
1275 87
1276 96
1277 98
1278 88
1279 89
1280 82
1281 86
1282 93
1283 64
1284 81
1285 72
1286 86
1287 91
1288 92
1289 97
1290 87
1291 81
1292 95
1293 72
1294 83
1295 70
1296 74
1297 85
1298 71
1299 61
1300 82
1301 84
1302 76
1303 79
1304 92
1305 71
1306 75
1307 82
1308 74
1309 80
1310 75
1311 71
1312 74
1313 76
1314 79
1315 65
1316 76
1317 62
1318 70
1319 70
1320 71
1321 75
1322 77
1323 74
1324 66
1325 65
1326 74
1327 83
1328 79
1329 75
1330 85
1331 66
1332 67
1333 77
1334 70
1335 61
1336 69
1337 62
1338 81
1339 69
1340 79
1341 68
1342 71
1343 66
1344 66
1345 84
1346 71
1347 69
1348 69
1349 72
1350 70
1351 51
1352 70
1353 66
1354 65
1355 81
1356 60
1357 80
1358 59
1359 69
1360 74
1361 58
1362 64
1363 69
1364 56
1365 62
1366 75
1367 76
1368 61
1369 59
1370 69
1371 70
1372 62
1373 66
1374 67
1375 55
1376 59
1377 56
1378 68
1379 49
1380 64
1381 58
1382 57
1383 70
1384 76
1385 53
1386 54
1387 61
1388 63
1389 69
1390 58
1391 51
1392 42
1393 63
1394 72
1395 65
1396 55
1397 69
1398 55
1399 60
1400 76
1401 63
1402 63
1403 62
1404 64
1405 53
1406 75
1407 56
1408 46
1409 56
1410 60
1411 49
1412 58
1413 53
1414 59
1415 40
1416 44
1417 57
1418 55
1419 49
1420 60
1421 54
1422 52
1423 64
1424 82
1425 42
1426 57
1427 50
1428 46
1429 56
1430 62
1431 54
1432 46
1433 59
1434 42
1435 48
1436 46
1437 38
1438 51
1439 52
1440 52
1441 59
1442 31
1443 65
1444 39
1445 49
1446 50
1447 54
1448 49
1449 59
1450 49
1451 57
1452 53
1453 42
1454 53
1455 45
1456 50
1457 51
1458 48
1459 50
1460 50
1461 42
1462 45
1463 53
1464 47
1465 41
1466 52
1467 56
1468 62
1469 43
1470 55
1471 57
1472 54
1473 45
1474 43
1475 46
1476 44
1477 43
1478 31
1479 49
1480 43
1481 46
1482 46
1483 53
1484 52
1485 40
1486 45
1487 54
1488 41
1489 46
1490 52
1491 46
1492 45
1493 39
1494 43
1495 50
1496 42
1497 42
1498 48
1499 40
1500 47
1501 65
1502 38
1503 57
1504 48
1505 47
1506 44
1507 34
1508 51
1509 42
1510 35
1511 45
1512 43
1513 50
1514 36
1515 43
1516 42
1517 42
1518 40
1519 36
1520 40
1521 41
1522 64
1523 46
1524 45
1525 43
1526 43
1527 39
1528 42
1529 49
1530 41
1531 30
1532 35
1533 38
1534 41
1535 35
1536 46
1537 41
1538 42
1539 53
1540 44
1541 34
1542 32
1543 36
1544 31
1545 41
1546 33
1547 41
1548 42
1549 43
1550 35
1551 44
1552 45
1553 38
1554 40
1555 36
1556 29
1557 33
1558 41
1559 44
1560 48
1561 55
1562 29
1563 37
1564 37
1565 37
1566 40
1567 38
1568 30
1569 38
1570 41
1571 36
1572 38
1573 40
1574 32
1575 34
1576 31
1577 30
1578 42
1579 31
1580 32
1581 33
1582 39
1583 34
1584 44
1585 39
1586 41
1587 27
1588 29
1589 33
1590 26
1591 47
1592 29
1593 35
1594 29
1595 31
1596 36
1597 42
1598 28
1599 38
1600 36
1601 31
1602 33
1603 33
1604 35
1605 34
1606 32
1607 28
1608 40
1609 42
1610 25
1611 33
1612 40
1613 33
1614 34
1615 30
1616 29
1617 37
1618 41
1619 39
1620 25
1621 32
1622 37
1623 44
1624 30
1625 36
1626 31
1627 35
1628 25
1629 43
1630 33
1631 39
1632 38
1633 32
1634 39
1635 35
1636 29
1637 36
1638 31
1639 31
1640 36
1641 44
1642 33
1643 24
1644 32
1645 26
1646 41
1647 29
1648 35
1649 26
1650 42
1651 34
1652 33
1653 29
1654 25
1655 32
1656 32
1657 28
1658 25
1659 25
1660 38
1661 35
1662 29
1663 38
1664 32
1665 36
1666 23
1667 33
1668 21
1669 20
1670 28
1671 26
1672 22
1673 30
1674 33
1675 35
1676 30
1677 32
1678 39
1679 31
1680 29
1681 28
1682 17
1683 23
1684 31
1685 29
1686 32
1687 26
1688 39
1689 23
1690 36
1691 20
1692 30
1693 36
1694 26
1695 37
1696 24
1697 24
1698 36
1699 32
1700 21
1701 30
1702 27
1703 39
1704 34
1705 32
1706 30
1707 27
1708 27
1709 26
1710 24
1711 24
1712 26
1713 28
1714 19
1715 28
1716 30
1717 30
1718 23
1719 39
1720 26
1721 23
1722 21
1723 28
1724 36
1725 25
1726 28
1727 29
1728 30
1729 28
1730 22
1731 25
1732 18
1733 26
1734 19
1735 26
1736 27
1737 18
1738 23
1739 23
1740 28
1741 30
1742 31
1743 18
1744 21
1745 29
1746 21
1747 24
1748 31
1749 25
1750 18
1751 26
1752 17
1753 22
1754 18
1755 24
1756 11
1757 27
1758 20
1759 18
1760 25
1761 24
1762 16
1763 18
1764 14
1765 20
1766 26
1767 31
1768 39
1769 19
1770 20
1771 29
1772 20
1773 19
1774 24
1775 21
1776 32
1777 25
1778 28
1779 24
1780 21
1781 26
1782 18
1783 20
1784 24
1785 17
1786 19
1787 28
1788 32
1789 24
1790 23
1791 32
1792 28
1793 23
1794 25
1795 27
1796 15
1797 31
1798 19
1799 28
1800 18
1801 25
1802 22
1803 26
1804 22
1805 26
1806 18
1807 20
1808 23
1809 21
1810 22
1811 20
1812 22
1813 17
1814 14
1815 20
1816 27
1817 22
1818 27
1819 18
1820 16
1821 23
1822 20
1823 31
1824 24
1825 17
1826 21
1827 17
1828 21
1829 21
1830 21
1831 23
1832 13
1833 22
1834 13
1835 18
1836 23
1837 26
1838 26
1839 18
1840 11
1841 14
1842 21
1843 32
1844 24
1845 24
1846 19
1847 31
1848 16
1849 24
1850 16
1851 15
1852 19
1853 26
1854 23
1855 24
1856 25
1857 31
1858 17
1859 29
1860 18
1861 12
1862 14
1863 24
1864 19
1865 16
1866 25
1867 23
1868 27
1869 17
1870 22
1871 19
1872 19
1873 25
1874 35
1875 14
1876 22
1877 19
1878 17
1879 24
1880 18
1881 21
1882 21
1883 19
1884 26
1885 17
1886 21
1887 17
1888 21
1889 21
1890 19
1891 21
1892 28
1893 20
1894 20
1895 20
1896 15
1897 19
1898 26
1899 18
1900 18
1901 24
1902 28
1903 21
1904 17
1905 28
1906 15
1907 25
1908 21
1909 19
1910 26
1911 18
1912 25
1913 25
1914 34
1915 24
1916 36
1917 20
1918 23
1919 17
1920 16
1921 20
1922 17
1923 22
1924 20
1925 19
1926 18
1927 12
1928 17
1929 28
1930 26
1931 20
1932 20
1933 26
1934 26
1935 23
1936 20
1937 23
1938 24
1939 34
1940 19
1941 21
1942 17
1943 22
1944 22
1945 16
1946 20
1947 32
1948 20
1949 24
1950 19
1951 22
1952 26
1953 14
1954 20
1955 23
1956 19
1957 20
1958 22
1959 20
1960 22
1961 17
1962 19
1963 17
1964 25
1965 15
1966 26
1967 30
1968 17
1969 16
1970 17
1971 14
1972 19
1973 24
1974 20
1975 16
1976 18
1977 15
1978 17
1979 20
1980 23
1981 19
1982 20
1983 23
1984 24
1985 19
1986 21
1987 13
1988 21
1989 22
1990 19
1991 20
1992 18
1993 17
1994 16
1995 24
1996 26
1997 14
1998 18
1999 18
2000 21
2001 15
2002 18
2003 15
2004 15
2005 18
2006 11
2007 17
2008 23
2009 16
2010 22
2011 14
2012 17
2013 17
2014 13
2015 19
2016 21
2017 19
2018 16
2019 22
2020 13
2021 18
2022 22
2023 18
2024 17
2025 21
2026 27
2027 23
2028 16
2029 15
2030 21
2031 13
2032 19
2033 17
2034 10
2035 10
2036 22
2037 10
2038 18
2039 19
2040 13
2041 22
2042 21
2043 14
2044 17
2045 16
2046 24
2047 10
2048 19
2049 24
2050 21
2051 14
2052 22
2053 12
2054 20
2055 21
2056 19
2057 20
2058 19
2059 21
2060 15
2061 26
2062 16
2063 17
2064 15
2065 27
2066 25
2067 21
2068 22
2069 12
2070 20
2071 16
2072 24
2073 22
2074 26
2075 17
2076 11
2077 19
2078 21
2079 17
2080 15
2081 22
2082 22
2083 18
2084 19
2085 21
2086 17
2087 22
2088 19
2089 22
2090 20
2091 15
2092 15
2093 17
2094 18
2095 19
2096 17
2097 21
2098 19
2099 16
2100 21
2101 21
2102 25
2103 20
2104 21
2105 24
2106 17
2107 18
2108 20
2109 12
2110 16
2111 21
2112 14
2113 16
2114 25
2115 13
2116 17
2117 24
2118 26
2119 13
2120 15
2121 21
2122 20
2123 15
2124 18
2125 20
2126 21
2127 21
2128 16
2129 29
2130 15
2131 14
2132 16
2133 25
2134 14
2135 23
2136 21
2137 21
2138 21
2139 15
2140 10
2141 21
2142 18
2143 14
2144 21
2145 26
2146 21
2147 16
2148 25
2149 21
2150 14
2151 19
2152 14
2153 16
2154 21
2155 20
2156 16
2157 15
2158 23
2159 24
2160 21
2161 14
2162 25
2163 16
2164 16
2165 18
2166 26
2167 21
2168 18
2169 17
2170 21
2171 20
2172 17
2173 20
2174 16
2175 23
2176 27
2177 16
2178 24
2179 14
2180 20
2181 18
2182 19
2183 24
2184 18
2185 17
2186 16
2187 19
2188 14
2189 22
2190 20
2191 17
2192 20
2193 15
2194 17
2195 22
2196 19
2197 15
2198 17
2199 18
2200 23
2201 20
2202 19
2203 30
2204 18
2205 19
2206 24
2207 17
2208 15
2209 18
2210 20
2211 22
2212 20
2213 19
2214 26
2215 16
2216 18
2217 19
2218 12
2219 21
2220 19
2221 18
2222 20
2223 18
2224 16
2225 16
2226 13
2227 18
2228 23
2229 14
2230 16
2231 20
2232 22
2233 19
2234 19
2235 20
2236 17
2237 16
2238 19
2239 17
2240 21
2241 16
2242 20
2243 15
2244 10
2245 22
2246 17
2247 15
2248 17
2249 20
2250 24
2251 16
2252 21
2253 13
2254 25
2255 15
2256 19
2257 17
2258 21
2259 20
2260 20
2261 15
2262 23
2263 26
2264 19
2265 20
2266 18
2267 18
2268 18
2269 22
2270 18
2271 17
2272 19
2273 16
2274 17
2275 13
2276 18
2277 15
2278 20
2279 9
2280 20
2281 20
2282 14
2283 13
2284 22
2285 14
2286 17
2287 17
2288 21
2289 15
2290 13
2291 23
2292 14
2293 18
2294 19
2295 26
2296 16
2297 26
2298 21
2299 17
2300 22
2301 20
2302 17
2303 24
2304 16
2305 18
2306 19
2307 16
2308 23
2309 17
2310 16
2311 11
2312 20
2313 16
2314 10
2315 19
2316 19
2317 11
2318 21
2319 14
2320 18
2321 17
2322 16
2323 17
2324 18
2325 17
2326 20
2327 17
2328 16
2329 19
2330 24
2331 15
2332 19
2333 17
2334 14
2335 17
2336 16
2337 25
2338 24
2339 20
2340 17
2341 15
2342 12
2343 18
2344 11
2345 14
2346 17
2347 11
2348 10
2349 22
2350 17
2351 16
2352 20
2353 14
2354 26
2355 10
2356 16
2357 22
2358 12
2359 10
2360 16
2361 25
2362 12
2363 22
2364 17
2365 16
2366 15
2367 19
2368 15
2369 19
2370 20
2371 16
2372 18
2373 15
2374 16
2375 13
2376 21
2377 23
2378 16
2379 13
2380 21
2381 9
2382 12
2383 20
2384 11
2385 18
2386 13
2387 19
2388 14
2389 23
2390 9
2391 27
2392 17
2393 21
2394 15
2395 18
2396 16
2397 18
2398 11
2399 11
2400 22
2401 21
2402 15
2403 20
2404 11
2405 21
2406 15
2407 16
2408 13
2409 22
2410 17
2411 10
2412 20
2413 21
2414 16
2415 18
2416 26
2417 17
2418 11
2419 18
2420 18
2421 17
2422 16
2423 17
2424 15
2425 20
2426 15
2427 20
2428 13
2429 23
2430 25
2431 18
2432 23
2433 18
2434 19
2435 15
2436 15
2437 29
2438 14
2439 11
2440 17
2441 19
2442 24
2443 15
2444 20
2445 20
2446 20
2447 21
2448 15
2449 14
2450 22
2451 15
2452 14
2453 21
2454 26
2455 22
2456 14
2457 17
2458 22
2459 19
2460 15
2461 8
2462 25
2463 17
2464 20
2465 19
2466 19
2467 20
2468 20
2469 15
2470 16
2471 19
2472 19
2473 25
2474 24
2475 16
2476 21
2477 15
2478 19
2479 28
2480 15
2481 14
2482 19
2483 13
2484 17
2485 22
2486 17
2487 22
2488 14
2489 20
2490 14
2491 18
2492 22
2493 17
2494 15
2495 15
2496 12
2497 13
2498 17
2499 17
2500 22
2501 14
2502 13
2503 17
2504 19
2505 15
2506 16
2507 15
2508 30
2509 25
2510 16
2511 12
2512 13
2513 17
2514 20
2515 18
2516 26
2517 18
2518 15
2519 14
2520 19
2521 13
2522 27
2523 13
2524 21
2525 17
2526 22
2527 21
2528 11
2529 12
2530 15
2531 19
2532 18
2533 16
2534 17
2535 18
2536 15
2537 31
2538 17
2539 15
2540 18
2541 18
2542 14
2543 18
2544 15
2545 20
2546 14
2547 18
2548 8
2549 24
2550 13
2551 14
2552 18
2553 19
2554 30
2555 17
2556 15
2557 10
2558 25
2559 21
2560 18
2561 26
2562 21
2563 25
2564 25
2565 18
2566 18
2567 23
2568 14
2569 11
2570 18
2571 18
2572 19
2573 18
2574 29
2575 13
2576 15
2577 15
2578 20
2579 18
2580 12
2581 19
2582 14
2583 20
2584 21
2585 16
2586 18
2587 25
2588 19
2589 10
2590 14
2591 15
2592 20
2593 18
2594 25
2595 16
2596 14
2597 17
2598 22
2599 20
2600 18
2601 9
2602 18
2603 13
2604 23
2605 23
2606 16
2607 18
2608 15
2609 19
2610 17
2611 18
2612 17
2613 17
2614 28
2615 24
2616 19
2617 19
2618 17
2619 26
2620 29
2621 15
2622 20
2623 23
2624 19
2625 13
2626 17
2627 18
2628 14
2629 13
2630 16
2631 12
2632 19
2633 21
2634 23
2635 13
2636 25
2637 14
2638 20
2639 19
2640 22
2641 21
2642 18
2643 15
2644 18
2645 24
2646 27
2647 17
2648 8
2649 19
2650 20
2651 15
2652 23
2653 18
2654 15
2655 21
2656 21
2657 18
2658 23
2659 15
2660 9
2661 21
2662 13
2663 17
2664 23
2665 13
2666 19
2667 25
2668 28
2669 18
2670 13
2671 24
2672 14
2673 16
2674 24
2675 21
2676 20
2677 18
2678 26
2679 22
2680 18
2681 13
2682 24
2683 22
2684 17
2685 23
2686 21
2687 24
2688 20
2689 15
2690 15
2691 21
2692 15
2693 21
2694 16
2695 16
2696 18
2697 13
2698 21
2699 21
2700 17
2701 14
2702 13
2703 25
2704 15
2705 15
2706 13
2707 23
2708 10
2709 36
2710 7
2711 19
2712 23
2713 17
2714 21
2715 17
2716 15
2717 13
2718 14
2719 17
2720 17
2721 13
2722 16
2723 16
2724 22
2725 21
2726 17
2727 23
2728 19
2729 24
2730 23
2731 25
2732 15
2733 14
2734 19
2735 24
2736 21
2737 21
2738 13
2739 20
2740 18
2741 16
2742 18
2743 19
2744 17
2745 18
2746 19
2747 23
2748 24
2749 20
2750 14
2751 16
2752 18
2753 16
2754 26
2755 20
2756 22
2757 18
2758 14
2759 14
2760 13
2761 21
2762 16
2763 26
2764 17
2765 16
2766 21
2767 18
2768 7
2769 15
2770 20
2771 23
2772 26
2773 20
2774 15
2775 14
2776 20
2777 14
2778 19
2779 18
2780 23
2781 22
2782 13
2783 15
2784 18
2785 20
2786 21
2787 18
2788 12
2789 14
2790 22
2791 14
2792 14
2793 11
2794 15
2795 18
2796 13
2797 24
2798 12
2799 8
2800 13
2801 25
2802 23
2803 21
2804 17
2805 14
2806 15
2807 18
2808 13
2809 21
2810 17
2811 17
2812 20
2813 23
2814 20
2815 15
2816 12
2817 9
2818 14
2819 16
2820 16
2821 15
2822 25
2823 13
2824 16
2825 21
2826 17
2827 20
2828 22
2829 23
2830 22
2831 24
2832 23
2833 21
2834 23
2835 14
2836 21
2837 21
2838 8
2839 16
2840 23
2841 20
2842 16
2843 20
2844 29
2845 15
2846 7
2847 15
2848 19
2849 20
2850 16
2851 14
2852 20
2853 19
2854 19
2855 16
2856 19
2857 16
2858 11
2859 18
2860 17
2861 19
2862 13
2863 18
2864 18
2865 25
2866 17
2867 18
2868 19
2869 19
2870 11
2871 13
2872 11
2873 23
2874 26
2875 14
2876 20
2877 17
2878 22
2879 17
2880 14
2881 15
2882 12
2883 17
2884 14
2885 15
2886 18
2887 15
2888 17
2889 19
2890 12
2891 18
2892 15
2893 10
2894 25
2895 24
2896 12
2897 23
2898 14
2899 16
2900 11
2901 20
2902 14
2903 16
2904 13
2905 10
2906 19
2907 13
2908 11
2909 20
2910 16
2911 27
2912 13
2913 14
2914 14
2915 18
2916 21
2917 14
2918 17
2919 22
2920 13
2921 17
2922 21
2923 12
2924 18
2925 19
2926 18
2927 17
2928 12
2929 12
2930 18
2931 19
2932 13
2933 16
2934 18
2935 15
2936 17
2937 12
2938 19
2939 14
2940 17
2941 17
2942 19
2943 16
2944 14
2945 14
2946 18
2947 23
2948 11
2949 9
2950 20
2951 17
2952 16
2953 11
2954 21
2955 11
2956 19
2957 16
2958 15
2959 11
2960 22
2961 17
2962 14
2963 13
2964 17
2965 19
2966 5
2967 14
2968 14
2969 14
2970 18
2971 31
2972 28
2973 16
2974 15
2975 18
2976 17
2977 8
2978 16
2979 16
2980 15
2981 14
2982 20
2983 21
2984 19
2985 20
2986 10
2987 12
2988 14
2989 20
2990 12
2991 18
2992 16
2993 16
2994 16
2995 9
2996 11
2997 19
2998 14
2999 15
3000 8
3001 17
3002 15
3003 13
3004 27
3005 13
3006 19
3007 12
3008 8
3009 14
3010 8
3011 11
3012 18
3013 17
3014 20
3015 14
3016 17
3017 15
3018 22
3019 9
3020 12
3021 11
3022 15
3023 15
3024 9
3025 17
3026 11
3027 12
3028 19
3029 14
3030 15
3031 21
3032 18
3033 19
3034 14
3035 12
3036 21
3037 19
3038 15
3039 17
3040 14
3041 17
3042 17
3043 14
3044 15
3045 17
3046 20
3047 20
3048 14
3049 15
3050 18
3051 16
3052 8
3053 17
3054 12
3055 19
3056 23
3057 11
3058 12
3059 20
3060 15
3061 13
3062 10
3063 14
3064 16
3065 15
3066 9
3067 20
3068 16
3069 14
3070 16
3071 14
3072 9
3073 10
3074 9
3075 17
3076 16
3077 21
3078 11
3079 13
3080 10
3081 17
3082 24
3083 16
3084 16
3085 21
3086 14
3087 17
3088 9
3089 15
3090 8
3091 14
3092 17
3093 21
3094 17
3095 14
3096 19
3097 12
3098 17
3099 15
3100 13
3101 21
3102 19
3103 13
3104 21
3105 26
3106 14
3107 14
3108 12
3109 8
3110 17
3111 14
3112 12
3113 12
3114 9
3115 9
3116 17
3117 15
3118 17
3119 18
3120 14
3121 12
3122 16
3123 13
3124 10
3125 14
3126 10
3127 20
3128 12
3129 14
3130 13
3131 18
3132 15
3133 17
3134 11
3135 15
3136 10
3137 16
3138 16
3139 11
3140 16
3141 14
3142 12
3143 11
3144 15
3145 16
3146 18
3147 15
3148 18
3149 15
3150 19
3151 11
3152 19
3153 14
3154 17
3155 18
3156 14
3157 15
3158 8
3159 15
3160 12
3161 20
3162 22
3163 21
3164 14
3165 22
3166 23
3167 12
3168 8
3169 19
3170 11
3171 19
3172 17
3173 11
3174 9
3175 14
3176 17
3177 14
3178 15
3179 11
3180 10
3181 7
3182 11
3183 15
3184 20
3185 13
3186 13
3187 11
3188 16
3189 20
3190 17
3191 10
3192 9
3193 14
3194 10
3195 15
3196 14
3197 16
3198 19
3199 15
3200 13
3201 10
3202 16
3203 15
3204 24
3205 16
3206 15
3207 13
3208 12
3209 15
3210 16
3211 15
3212 12
3213 11
3214 20
3215 9
3216 14
3217 11
3218 13
3219 12
3220 9
3221 10
3222 13
3223 13
3224 12
3225 16
3226 11
3227 22
3228 18
3229 9
3230 13
3231 18
3232 16
3233 14
3234 13
3235 20
3236 11
3237 18
3238 21
3239 16
3240 15
3241 16
3242 10
3243 15
3244 11
3245 8
3246 16
3247 16
3248 14
3249 17
3250 13
3251 23
3252 17
3253 16
3254 11
3255 15
3256 11
3257 12
3258 15
3259 8
3260 11
3261 14
3262 18
3263 11
3264 14
3265 16
3266 15
3267 14
3268 8
3269 9
3270 12
3271 12
3272 16
3273 12
3274 14
3275 13
3276 12
3277 17
3278 11
3279 14
3280 12
3281 14
3282 15
3283 9
3284 10
3285 9
3286 15
3287 9
3288 15
3289 13
3290 13
3291 19
3292 12
3293 9
3294 11
3295 16
3296 12
3297 11
3298 15
3299 19
3300 10
3301 13
3302 11
3303 11
3304 17
3305 13
3306 11
3307 11
3308 14
3309 14
3310 11
3311 13
3312 18
3313 18
3314 14
3315 16
3316 11
3317 8
3318 18
3319 10
3320 16
3321 11
3322 10
3323 11
3324 12
3325 7
3326 8
3327 14
3328 15
3329 10
3330 19
3331 5
3332 13
3333 13
3334 13
3335 18
3336 14
3337 6
3338 13
3339 16
3340 5
3341 13
3342 15
3343 12
3344 13
3345 13
3346 12
3347 10
3348 9
3349 10
3350 17
3351 10
3352 16
3353 17
3354 14
3355 15
3356 12
3357 13
3358 12
3359 13
3360 21
3361 11
3362 11
3363 5
3364 17
3365 19
3366 14
3367 10
3368 13
3369 14
3370 7
3371 7
3372 9
3373 12
3374 12
3375 8
3376 18
3377 12
3378 10
3379 12
3380 10
3381 9
3382 24
3383 8
3384 17
3385 12
3386 19
3387 15
3388 14
3389 8
3390 12
3391 10
3392 13
3393 6
3394 14
3395 11
3396 14
3397 6
3398 13
3399 7
3400 9
3401 12
3402 16
3403 10
3404 13
3405 9
3406 12
3407 11
3408 10
3409 14
3410 6
3411 13
3412 10
3413 16
3414 13
3415 18
3416 13
3417 13
3418 17
3419 16
3420 11
3421 14
3422 9
3423 12
3424 19
3425 9
3426 7
3427 11
3428 13
3429 5
3430 11
3431 13
3432 11
3433 9
3434 13
3435 15
3436 12
3437 17
3438 11
3439 10
3440 14
3441 8
3442 11
3443 7
3444 12
3445 11
3446 13
3447 16
3448 8
3449 15
3450 12
3451 14
3452 11
3453 14
3454 20
3455 10
3456 8
3457 9
3458 12
3459 11
3460 15
3461 12
3462 12
3463 6
3464 7
3465 17
3466 11
3467 11
3468 13
3469 11
3470 11
3471 11
3472 9
3473 12
3474 11
3475 6
3476 10
3477 26
3478 11
3479 19
3480 10
3481 10
3482 4
3483 14
3484 12
3485 13
3486 11
3487 16
3488 7
3489 8
3490 11
3491 6
3492 8
3493 8
3494 11
3495 14
3496 10
3497 9
3498 11
3499 12
3500 12
3501 10
3502 13
3503 17
3504 17
3505 13
3506 11
3507 7
3508 12
3509 13
3510 10
3511 10
3512 20
3513 17
3514 8
3515 7
3516 14
3517 11
3518 20
3519 11
3520 9
3521 19
3522 8
3523 14
3524 5
3525 17
3526 12
3527 10
3528 16
3529 15
3530 12
3531 12
3532 6
3533 12
3534 7
3535 7
3536 10
3537 9
3538 12
3539 11
3540 12
3541 8
3542 13
3543 12
3544 7
3545 16
3546 11
3547 11
3548 14
3549 13
3550 12
3551 13
3552 11
3553 7
3554 9
3555 13
3556 3
3557 14
3558 18
3559 12
3560 12
3561 17
3562 10
3563 7
3564 10
3565 7
3566 12
3567 7
3568 7
3569 10
3570 10
3571 10
3572 13
3573 12
3574 3
3575 16
3576 11
3577 12
3578 11
3579 14
3580 6
3581 12
3582 10
3583 9
3584 10
3585 11
3586 17
3587 16
3588 19
3589 9
3590 17
3591 10
3592 6
3593 13
3594 8
3595 13
3596 10
3597 14
3598 8
3599 9
3600 16
3601 6
3602 13
3603 4
3604 6
3605 16
3606 10
3607 11
3608 14
3609 7
3610 11
3611 10
3612 13
3613 11
3614 9
3615 6
3616 6
3617 11
3618 10
3619 13
3620 12
3621 3
3622 7
3623 12
3624 15
3625 7
3626 7
3627 6
3628 18
3629 11
3630 10
3631 11
3632 12
3633 11
3634 9
3635 9
3636 10
3637 17
3638 8
3639 9
3640 10
3641 10
3642 10
3643 7
3644 10
3645 5
3646 10
3647 8
3648 12
3649 16
3650 9
3651 6
3652 13
3653 6
3654 11
3655 12
3656 7
3657 11
3658 9
3659 8
3660 12
3661 12
3662 14
3663 5
3664 7
3665 11
3666 6
3667 10
3668 9
3669 7
3670 4
3671 10
3672 7
3673 9
3674 11
3675 12
3676 6
3677 9
3678 15
3679 4
3680 7
3681 11
3682 7
3683 15
3684 9
3685 6
3686 14
3687 8
3688 7
3689 8
3690 11
3691 9
3692 8
3693 8
3694 5
3695 7
3696 10
3697 10
3698 10
3699 8
3700 15
3701 11
3702 16
3703 14
3704 13
3705 7
3706 15
3707 6
3708 7
3709 7
3710 8
3711 10
3712 6
3713 6
3714 8
3715 16
3716 14
3717 8
3718 10
3719 9
3720 11
3721 7
3722 8
3723 8
3724 9
3725 7
3726 11
3727 11
3728 13
3729 8
3730 14
3731 5
3732 9
3733 13
3734 9
3735 12
3736 8
3737 7
3738 8
3739 10
3740 11
3741 11
3742 7
3743 6
3744 7
3745 8
3746 14
3747 5
3748 13
3749 16
3750 9
3751 12
3752 10
3753 10
3754 5
3755 12
3756 7
3757 9
3758 9
3759 13
3760 6
3761 6
3762 10
3763 9
3764 5
3765 8
3766 10
3767 11
3768 9
3769 7
3770 11
3771 9
3772 10
3773 8
3774 13
3775 19
3776 6
3777 5
3778 13
3779 11
3780 12
3781 15
3782 12
3783 11
3784 9
3785 12
3786 8
3787 12
3788 11
3789 5
3790 6
3791 8
3792 8
3793 11
3794 12
3795 12
3796 10
3797 13
3798 13
3799 10
3800 17
3801 10
3802 10
3803 5
3804 12
3805 7
3806 10
3807 10
3808 9
3809 16
3810 11
3811 5
3812 7
3813 12
3814 8
3815 9
3816 11
3817 7
3818 13
3819 10
3820 10
3821 5
3822 9
3823 10
3824 8
3825 10
3826 9
3827 18
3828 4
3829 7
3830 12
3831 7
3832 9
3833 9
3834 14
3835 7
3836 10
3837 9
3838 11
3839 11
3840 11
3841 7
3842 5
3843 12
3844 14
3845 7
3846 10
3847 5
3848 7
3849 8
3850 8
3851 10
3852 13
3853 8
3854 5
3855 11
3856 11
3857 10
3858 10
3859 11
3860 9
3861 14
3862 10
3863 10
3864 14
3865 4
3866 14
3867 9
3868 8
3869 14
3870 6
3871 4
3872 7
3873 13
3874 8
3875 8
3876 2
3877 7
3878 8
3879 9
3880 14
3881 3
3882 8
3883 8
3884 14
3885 13
3886 7
3887 12
3888 6
3889 7
3890 5
3891 11
3892 9
3893 9
3894 8
3895 12
3896 13
3897 10
3898 6
3899 4
3900 9
3901 6
3902 3
3903 6
3904 6
3905 10
3906 11
3907 13
3908 6
3909 4
3910 12
3911 14
3912 8
3913 18
3914 8
3915 14
3916 5
3917 5
3918 6
3919 10
3920 14
3921 8
3922 5
3923 8
3924 10
3925 3
3926 8
3927 5
3928 3
3929 8
3930 12
3931 14
3932 14
3933 11
3934 7
3935 10
3936 6
3937 7
3938 12
3939 3
3940 8
3941 8
3942 8
3943 9
3944 14
3945 6
3946 2
3947 10
3948 8
3949 5
3950 6
3951 4
3952 4
3953 3
3954 11
3955 14
3956 5
3957 10
3958 9
3959 11
3960 7
3961 7
3962 7
3963 6
3964 5
3965 6
3966 10
3967 9
3968 12
3969 3
3970 13
3971 6
3972 8
3973 8
3974 18
3975 11
3976 4
3977 6
3978 9
3979 8
3980 4
3981 5
3982 3
3983 9
3984 8
3985 16
3986 6
3987 13
3988 14
3989 10
3990 9
3991 3
3992 8
3993 6
3994 5
3995 7
3996 14
3997 11
3998 3
3999 11
4000 5
4001 3
4002 7
4003 6
4004 14
4005 6
4006 7
4007 9
4008 2
4009 5
4010 10
4011 6
4012 14
4013 5
4014 10
4015 3
4016 6
4017 4
4018 9
4019 11
4020 12
4021 11
4022 7
4023 9
4024 9
4025 7
4026 12
4027 9
4028 16
4029 4
4030 7
4031 9
4032 9
4033 5
4034 6
4035 8
4036 4
4037 5
4038 14
4039 9
4040 5
4041 10
4042 9
4043 10
4044 6
4045 11
4046 9
4047 8
4048 4
4049 6
4050 8
4051 7
4052 6
4053 8
4054 8
4055 7
4056 6
4057 5
4058 8
4059 7
4060 11
4061 8
4062 9
4063 10
4064 6
4065 9
4066 8
4067 8
4068 12
4069 8
4070 6
4071 4
4072 6
4073 4
4074 9
4075 9
4076 2
4077 8
4078 11
4079 6
4080 13
4081 8
4082 5
4083 3
4084 6
4085 6
4086 1
4087 6
4088 8
4089 10
4090 10
4091 6
4092 6
4093 5
4094 2
4095 10
4096 14
4097 11
4098 9
4099 7
4100 8
4101 8
4102 8
4103 6
4104 7
4105 9
4106 8
4107 6
4108 9
4109 7
4110 7
4111 9
4112 5
4113 7
4114 9
4115 7
4116 5
4117 9
4118 4
4119 9
4120 9
4121 8
4122 11
4123 2
4124 6
4125 10
4126 7
4127 4
4128 8
4129 12
4130 5
4131 13
4132 5
4133 7
4134 4
4135 5
4136 18
4137 3
4138 6
4139 8
4140 7
4141 5
4142 7
4143 7
4144 9
4145 9
4146 7
4147 12
4148 7
4149 12
4150 7
4151 10
4152 13
4153 7
4154 8
4155 8
4156 6
4157 10
4158 5
4159 5
4160 12
4161 9
4162 8
4163 10
4164 8
4165 7
4166 12
4167 9
4168 8
4169 8
4170 6
4171 10
4172 8
4173 8
4174 6
4175 7
4176 8
4177 10
4178 7
4179 10
4180 7
4181 4
4182 12
4183 15
4184 7
4185 6
4186 11
4187 5
4188 10
4189 6
4190 7
4191 5
4192 8
4193 4
4194 10
4195 4
4196 9
4197 12
4198 7
4199 9
4200 4
4201 11
4202 10
4203 7
4204 7
4205 7
4206 10
4207 5
4208 14
4209 10
4210 10
4211 9
4212 3
4213 11
4214 6
4215 10
4216 11
4217 8
4218 8
4219 4
4220 5
4221 9
4222 6
4223 9
4224 14
4225 9
4226 7
4227 8
4228 11
4229 6
4230 7
4231 6
4232 3
4233 5
4234 10
4235 3
4236 9
4237 4
4238 11
4239 10
4240 4
4241 5
4242 6
4243 5
4244 7
4245 7
4246 8
4247 5
4248 9
4249 8
4250 10
4251 16
4252 6
4253 10
4254 16
4255 6
4256 7
4257 10
4258 8
4259 4
4260 14
4261 7
4262 6
4263 4
4264 2
4265 11
4266 8
4267 7
4268 6
4269 7
4270 2
4271 12
4272 9
4273 4
4274 11
4275 9
4276 7
4277 5
4278 6
4279 9
4280 8
4281 4
4282 7
4283 6
4284 3
4285 7
4286 5
4287 7
4288 6
4289 13
4290 7
4291 6
4292 10
4293 8
4294 5
4295 4
4296 6
4297 6
4298 4
4299 7
4300 4
4301 12
4302 4
4303 4
4304 8
4305 6
4306 4
4307 8
4308 6
4309 3
4310 5
4311 9
4312 6
4313 9
4314 6
4315 13
4316 4
4317 9
4318 5
4319 4
4320 5
4321 5
4322 13
4323 2
4324 8
4325 4
4326 6
4327 4
4328 6
4329 11
4330 5
4331 5
4332 7
4333 4
4334 10
4335 8
4336 2
4337 9
4338 5
4339 4
4340 5
4341 2
4342 10
4343 9
4344 4
4345 4
4346 6
4347 9
4348 4
4349 4
4350 4
4351 6
4352 8
4353 10
4354 13
4355 2
4356 7
4357 6
4358 3
4359 11
4360 8
4361 8
4362 8
4363 7
4364 7
4365 6
4366 7
4367 5
4368 8
4369 13
4370 4
4371 3
4372 5
4373 4
4374 7
4375 7
4376 5
4377 4
4378 9
4379 9
4380 12
4381 6
4382 15
4383 8
4384 8
4385 8
4386 4
4387 6
4388 7
4389 8
4390 9
4391 7
4392 7
4393 7
4394 10
4395 7
4396 5
4397 3
4398 9
4399 3
4400 8
4401 7
4402 4
4403 8
4404 4
4405 7
4406 4
4407 7
4408 12
4409 12
4410 8
4411 8
4412 8
4413 6
4414 5
4415 6
4416 12
4417 6
4418 14
4419 6
4420 11
4421 5
4422 9
4423 8
4424 7
4425 10
4426 4
4427 9
4428 4
4429 15
4430 8
4431 9
4432 1
4433 4
4434 4
4435 9
4436 5
4437 12
4438 3
4439 3
4440 7
4441 5
4442 6
4443 6
4444 5
4445 2
4446 7
4447 9
4448 9
4449 6
4450 8
4451 11
4452 8
4453 3
4454 9
4455 4
4456 6
4457 6
4458 8
4459 6
4460 9
4461 4
4462 5
4463 8
4464 4
4465 5
4466 7
4467 4
4468 8
4469 3
4470 7
4472 5
4473 4
4474 9
4475 5
4476 9
4477 7
4478 4
4479 13
4480 10
4481 10
4482 2
4483 5
4484 10
4485 7
4486 6
4487 8
4488 8
4489 4
4490 13
4491 3
4492 6
4493 6
4494 8
4495 5
4496 4
4497 7
4498 6
4499 8
4500 10
4501 5
4502 6
4503 5
4504 4
4505 2
4506 8
4507 7
4508 8
4509 9
4510 11
4511 10
4512 14
4513 6
4514 4
4515 12
4516 5
4517 6
4518 8
4519 7
4520 11
4521 4
4522 7
4523 9
4524 4
4525 5
4526 9
4527 6
4528 7
4529 5
4530 7
4531 9
4532 4
4533 6
4534 4
4535 7
4536 6
4537 8
4538 5
4539 7
4540 6
4541 9
4542 5
4543 4
4544 7
4545 8
4546 2
4547 8
4548 5
4549 7
4550 9
4551 5
4552 4
4553 7
4554 5
4555 5
4556 7
4557 6
4558 4
4559 3
4560 5
4561 3
4562 8
4563 9
4564 4
4565 7
4566 8
4567 3
4568 7
4569 6
4570 8
4571 6
4572 5
4573 7
4574 4
4575 5
4576 5
4577 6
4578 9
4579 12
4580 3
4581 7
4582 6
4583 11
4584 1
4585 4
4586 5
4587 8
4588 6
4589 6
4590 6
4591 4
4592 6
4593 4
4594 6
4595 4
4596 7
4597 10
4598 5
4599 7
4600 7
4601 3
4602 6
4603 7
4604 4
4605 2
4606 4
4607 4
4608 8
4609 6
4610 6
4611 7
4612 6
4613 5
4614 6
4615 12
4616 6
4617 6
4618 9
4619 4
4620 7
4621 7
4622 6
4623 3
4624 4
4625 5
4626 4
4627 11
4628 4
4629 5
4630 5
4631 3
4632 5
4633 3
4634 5
4635 8
4636 4
4637 5
4638 4
4639 4
4640 5
4641 6
4642 8
4643 6
4644 7
4645 3
4646 4
4647 5
4648 10
4649 8
4650 4
4651 4
4652 12
4653 2
4654 3
4655 4
4656 7
4657 3
4658 2
4659 4
4660 7
4661 6
4662 5
4663 8
4664 6
4665 6
4666 7
4667 1
4668 7
4669 4
4670 3
4671 5
4672 7
4673 5
4674 9
4675 6
4676 5
4677 6
4678 5
4679 4
4680 7
4681 11
4682 6
4683 1
4684 6
4685 7
4686 4
4687 8
4688 5
4689 5
4690 4
4691 5
4692 7
4693 7
4694 3
4695 7
4696 4
4697 7
4698 8
4699 10
4700 4
4701 4
4702 8
4703 5
4704 6
4705 6
4706 5
4707 2
4708 6
4709 6
4710 5
4711 7
4712 6
4713 3
4714 7
4715 2
4716 4
4717 7
4718 5
4719 2
4720 9
4721 6
4722 5
4723 5
4724 8
4725 8
4726 5
4727 6
4728 5
4729 7
4730 3
4731 8
4732 8
4733 7
4734 15
4735 10
4736 8
4737 7
4738 6
4739 6
4740 10
4741 2
4742 6
4743 3
4744 5
4745 6
4746 5
4747 7
4748 4
4749 8
4750 6
4751 7
4752 4
4753 5
4754 6
4755 3
4756 4
4757 2
4758 5
4759 3
4760 5
4761 6
4762 6
4763 3
4764 6
4765 6
4766 6
4767 8
4768 8
4769 4
4770 6
4771 6
4772 5
4773 5
4774 3
4775 8
4776 5
4777 6
4778 3
4779 3
4780 5
4781 5
4782 4
4783 7
4784 6
4785 6
4786 9
4787 11
4788 6
4789 4
4790 7
4791 5
4792 2
4793 7
4794 7
4795 5
4796 4
4797 8
4798 5
4799 7
4800 7
4801 2
4802 6
4803 2
4804 4
4805 6
4806 6
4807 4
4808 8
4809 5
4810 9
4811 8
4812 8
4813 4
4814 8
4815 3
4816 6
4817 5
4818 9
4819 5
4820 4
4821 3
4822 6
4823 4
4824 6
4825 9
4826 9
4827 7
4828 6
4829 7
4830 7
4831 3
4832 4
4833 7
4834 6
4835 8
4836 6
4837 4
4838 4
4839 3
4840 6
4841 5
4842 7
4843 5
4844 8
4845 6
4846 4
4847 4
4848 5
4849 3
4850 3
4851 1
4852 1
4853 6
4854 3
4855 6
4856 7
4857 5
4858 5
4859 6
4860 2
4861 7
4862 4
4863 2
4864 4
4865 4
4866 6
4867 4
4868 4
4869 3
4870 5
4871 4
4872 5
4873 4
4874 5
4875 5
4877 2
4878 5
4879 4
4880 7
4881 5
4882 6
4883 10
4884 2
4885 6
4886 5
4887 4
4888 5
4889 5
4890 4
4891 4
4892 8
4893 3
4894 4
4895 1
4896 5
4897 6
4898 5
4899 3
4900 6
4901 4
4902 7
4903 8
4904 4
4905 6
4906 6
4907 3
4908 5
4909 8
4910 8
4912 6
4913 4
4914 4
4915 6
4916 4
4917 3
4918 2
4919 7
4920 4
4921 4
4922 8
4923 11
4924 3
4925 9
4926 6
4927 7
4928 2
4929 5
4930 6
4931 3
4932 3
4933 4
4934 4
4935 7
4936 5
4937 3
4938 5
4939 11
4940 3
4941 6
4942 3
4943 5
4944 5
4945 11
4946 7
4947 7
4948 6
4949 5
4950 2
4951 4
4952 3
4953 6
4954 2
4955 8
4956 4
4957 3
4958 7
4959 7
4960 10
4961 12
4962 3
4963 5
4964 6
4965 8
4966 7
4967 8
4968 3
4969 3
4970 4
4971 1
4972 7
4973 5
4974 8
4975 3
4976 5
4977 2
4978 5
4979 5
4980 8
4981 3
4982 6
4983 4
4984 1
4985 6
4986 7
4987 3
4988 6
4990 8
4991 5
4992 8
4993 6
4994 6
4995 3
4996 4
4997 7
4998 11
4999 9
5000 5
5001 2
5002 4
5003 5
5004 4
5005 3
5006 6
5007 5
5008 3
5009 6
5010 4
5011 4
5012 8
5013 6
5014 7
5015 5
5016 5
5017 9
5018 7
5019 1
5020 5
5021 5
5022 12
5023 5
5024 3
5025 7
5026 3
5027 5
5028 6
5029 4
5030 7
5031 6
5032 6
5033 6
5034 3
5035 1
5036 2
5037 6
5038 7
5039 4
5040 6
5041 3
5042 3
5043 4
5044 6
5045 10
5046 3
5047 2
5048 4
5049 11
5050 4
5052 6
5053 7
5054 4
5055 6
5056 2
5057 5
5058 6
5059 7
5060 5
5061 2
5062 12
5063 5
5064 2
5065 6
5066 7
5067 1
5068 9
5069 4
5070 7
5071 3
5072 8
5073 3
5074 4
5075 8
5076 5
5077 4
5078 4
5079 4
5080 7
5081 3
5082 4
5083 3
5084 7
5085 2
5086 6
5087 6
5088 5
5089 7
5090 2
5091 5
5092 7
5093 2
5094 4
5095 7
5096 7
5097 4
5098 3
5099 2
5100 2
5101 3
5102 7
5103 6
5104 5
5105 7
5106 2
5107 4
5108 9
5109 4
5110 2
5111 3
5112 4
5113 8
5114 3
5115 6
5116 7
5117 4
5118 3
5119 4
5120 5
5121 5
5122 2
5123 5
5124 4
5125 4
5126 5
5127 4
5128 4
5129 4
5130 3
5131 5
5132 5
5133 3
5134 6
5135 4
5136 7
5137 4
5138 3
5139 2
5140 5
5141 1
5142 6
5143 3
5144 6
5145 3
5146 2
5147 7
5148 6
5149 6
5150 4
5151 2
5152 5
5153 6
5154 1
5155 7
5156 2
5157 4
5158 1
5159 7
5160 3
5161 5
5162 6
5163 4
5164 4
5165 6
5166 7
5167 4
5168 5
5169 3
5170 8
5171 4
5172 5
5173 2
5174 5
5175 8
5176 8
5177 2
5178 6
5179 10
5180 3
5181 6
5182 5
5183 5
5184 2
5185 8
5186 6
5187 4
5188 4
5189 1
5190 2
5191 5
5192 1
5193 6
5194 7
5195 5
5196 8
5197 10
5198 5
5199 5
5201 2
5202 6
5203 1
5204 4
5205 3
5206 3
5207 3
5208 7
5209 4
5210 8
5211 8
5212 8
5213 2
5214 5
5215 5
5216 5
5217 7
5218 1
5219 8
5220 5
5221 5
5222 3
5223 8
5224 2
5225 8
5226 6
5227 3
5228 4
5229 4
5230 4
5231 5
5232 6
5233 2
5234 1
5235 3
5236 4
5237 5
5238 3
5239 3
5240 7
5241 1
5242 4
5243 4
5244 2
5245 5
5246 3
5247 3
5248 4
5249 8
5250 2
5251 4
5252 5
5253 3
5254 4
5255 1
5256 7
5257 4
5258 11
5259 2
5260 2
5261 3
5262 6
5263 4
5264 4
5265 5
5266 5
5267 3
5268 5
5269 6
5270 4
5271 3
5272 3
5273 6
5274 6
5275 3
5276 2
5277 5
5278 6
5279 4
5280 7
5281 2
5282 5
5283 5
5284 2
5285 5
5286 4
5287 12
5288 7
5289 3
5290 8
5291 4
5292 1
5293 4
5294 6
5295 5
5296 2
5297 7
5298 3
5299 7
5300 4
5301 6
5302 7
5303 9
5304 2
5306 3
5307 2
5308 6
5309 5
5310 11
5311 5
5312 3
5313 6
5314 2
5315 4
5316 2
5318 3
5319 6
5320 2
5321 2
5322 2
5323 6
5324 3
5325 8
5326 3
5327 4
5328 1
5329 5
5330 7
5331 3
5332 3
5333 2
5334 5
5335 5
5336 3
5337 2
5338 2
5339 4
5340 5
5341 7
5342 5
5343 3
5344 5
5345 2
5346 5
5347 5
5348 5
5349 1
5350 5
5351 2
5352 4
5353 4
5354 4
5355 6
5356 5
5357 4
5358 2
5359 5
5360 2
5361 2
5362 5
5363 7
5364 3
5365 5
5366 3
5367 3
5368 3
5369 5
5370 5
5371 5
5372 5
5373 5
5374 4
5376 6
5377 4
5378 2
5379 4
5380 3
5381 7
5382 4
5383 5
5384 6
5385 4
5386 2
5387 6
5388 1
5389 3
5390 4
5391 3
5392 5
5393 2
5394 6
5395 3
5396 9
5397 5
5398 2
5399 5
5400 5
5401 7
5402 2
5403 3
5404 3
5405 7
5406 3
5407 2
5408 3
5409 1
5410 3
5411 1
5413 4
5414 3
5415 5
5416 7
5417 5
5418 3
5419 1
5420 5
5421 6
5422 1
5423 5
5424 2
5425 4
5426 8
5427 6
5428 6
5429 6
5430 4
5431 3
5432 2
5433 5
5434 1
5435 3
5436 7
5437 6
5438 4
5439 2
5440 3
5441 1
5442 2
5443 9
5444 5
5445 2
5446 7
5447 8
5448 4
5449 2
5450 2
5451 7
5452 4
5453 2
5454 3
5455 2
5456 4
5457 5
5458 4
5459 5
5460 2
5461 5
5462 6
5463 5
5464 5
5465 1
5466 4
5467 5
5468 4
5469 2
5470 2
5471 8
5472 2
5473 2
5474 1
5475 1
5476 3
5477 6
5478 8
5479 3
5480 3
5481 1
5482 1
5483 4
5484 2
5485 8
5486 4
5487 6
5488 4
5489 6
5490 3
5491 4
5492 3
5493 4
5494 4
5495 2
5496 4
5497 6
5498 7
5499 5
5500 1
5501 5
5502 3
5503 2
5504 5
5505 6
5506 6
5507 7
5508 2
5509 6
5510 5
5511 4
5512 7
5513 6
5514 3
5515 4
5516 8
5517 3
5518 6
5519 3
5520 2
5521 5
5522 3
5523 4
5524 7
5525 4
5526 1
5527 1
5528 8
5529 7
5531 4
5532 1
5533 4
5534 5
5535 7
5536 2
5537 5
5538 2
5539 5
5540 6
5541 5
5542 2
5544 7
5545 1
5546 7
5547 4
5548 6
5549 3
5550 3
5551 4
5552 3
5553 3
5554 3
5555 1
5556 5
5557 3
5558 4
5559 3
5560 7
5561 6
5562 6
5563 5
5564 4
5565 6
5567 5
5568 2
5569 3
5570 3
5571 6
5572 4
5573 7
5574 1
5575 8
5576 2
5577 6
5578 4
5579 7
5580 4
5581 4
5582 8
5583 3
5584 3
5585 2
5586 5
5588 2
5589 4
5591 1
5592 4
5593 6
5594 4
5595 8
5596 6
5597 5
5598 7
5599 2
5600 2
5601 1
5602 5
5604 2
5605 7
5606 2
5607 4
5608 3
5609 3
5610 1
5611 1
5612 3
5613 4
5614 3
5615 3
5616 4
5617 1
5618 5
5619 6
5620 4
5621 4
5622 5
5623 4
5624 4
5625 1
5626 2
5627 2
5628 6
5629 2
5630 1
5631 3
5632 2
5633 2
5634 6
5635 4
5636 7
5637 3
5638 5
5639 3
5640 6
5641 4
5642 2
5643 3
5644 1
5645 3
5647 1
5648 4
5649 4
5650 5
5651 2
5652 4
5653 6
5654 2
5655 5
5656 4
5657 2
5658 3
5659 5
5660 2
5661 2
5662 2
5663 2
5664 4
5665 2
5666 3
5667 4
5668 4
5669 1
5670 3
5671 4
5672 4
5673 2
5674 2
5675 5
5676 6
5677 2
5678 5
5679 3
5680 6
5681 1
5682 3
5683 7
5684 2
5685 3
5686 3
5687 4
5688 5
5689 2
5690 6
5691 1
5692 3
5693 6
5694 4
5695 2
5696 2
5697 1
5698 3
5699 6
5700 5
5701 2
5702 2
5703 1
5704 2
5705 4
5706 4
5707 2
5708 3
5709 7
5710 3
5711 5
5712 3
5713 4
5714 6
5715 1
5716 1
5717 2
5718 2
5719 3
5720 3
5721 7
5722 5
5723 3
5724 4
5725 9
5726 1
5727 4
5728 6
5729 1
5730 7
5731 3
5732 5
5733 4
5734 4
5735 1
5736 6
5737 2
5738 2
5739 5
5740 6
5741 1
5742 3
5743 2
5744 1
5745 5
5746 3
5747 2
5748 6
5749 3
5750 4
5751 3
5753 3
5754 3
5755 3
5756 3
5757 4
5758 3
5759 5
5760 2
5761 3
5762 3
5763 3
5764 4
5765 2
5766 4
5767 1
5768 4
5769 3
5770 5
5771 1
5772 5
5773 3
5774 4
5775 3
5776 2
5777 4
5778 2
5779 4
5780 2
5781 4
5782 5
5783 5
5784 3
5785 3
5786 5
5787 3
5788 7
5789 2
5790 2
5791 6
5792 7
5793 6
5794 3
5795 1
5796 2
5797 3
5798 6
5799 4
5800 1
5801 3
5802 2
5803 2
5804 5
5805 1
5806 4
5808 3
5809 4
5810 2
5811 1
5812 5
5813 5
5814 3
5815 4
5816 3
5817 3
5818 4
5819 1
5820 3
5821 1
5822 4
5823 3
5824 3
5825 3
5826 1
5827 4
5828 3
5829 2
5830 2
5831 1
5832 4
5833 2
5834 2
5836 5
5837 2
5838 6
5839 3
5840 2
5841 7
5842 3
5843 6
5844 11
5845 5
5846 2
5847 2
5848 4
5849 2
5850 1
5851 2
5852 5
5853 3
5854 3
5855 3
5856 5
5857 5
5858 3
5859 1
5860 7
5862 4
5863 4
5864 2
5865 2
5866 2
5867 4
5868 2
5869 2
5870 3
5871 3
5872 3
5873 2
5874 5
5875 1
5876 3
5877 2
5878 4
5879 11
5880 3
5881 4
5882 5
5883 1
5884 3
5885 2
5886 3
5887 1
5888 2
5889 6
5890 3
5891 2
5892 4
5893 2
5894 4
5895 4
5897 3
5898 3
5899 3
5900 3
5901 3
5902 1
5903 5
5904 1
5905 1
5906 3
5908 4
5909 7
5910 3
5911 5
5912 2
5913 2
5914 2
5915 2
5916 5
5917 3
5918 2
5919 1
5920 1
5921 3
5922 1
5923 2
5924 2
5925 1
5926 1
5927 1
5928 2
5929 3
5930 5
5931 3
5932 6
5933 5
5934 3
5935 5
5936 2
5937 6
5938 2
5939 6
5940 1
5941 1
5942 1
5943 2
5944 5
5945 3
5946 2
5947 6
5948 3
5949 4
5950 1
5951 3
5952 3
5953 2
5955 2
5956 4
5957 4
5958 8
5959 2
5960 2
5961 1
5962 2
5963 3
5964 2
5965 2
5966 6
5967 3
5968 3
5969 1
5971 5
5972 4
5973 4
5974 6
5975 1
5976 3
5977 7
5978 1
5979 2
5980 5
5981 2
5982 3
5983 5
5985 1
5986 4
5987 2
5988 3
5989 3
5990 3
5991 2
5992 3
5994 3
5995 2
5996 2
5997 1
5998 4
6000 1
6001 3
6002 5
6003 1
6004 2
6005 4
6006 5
6007 3
6008 2
6009 2
6010 3
6011 5
6012 4
6013 2
6014 1
6015 6
6016 2
6017 3
6018 4
6019 3
6020 7
6021 1
6022 3
6023 4
6024 3
6026 2
6027 3
6028 1
6029 1
6031 2
6032 3
6033 6
6034 2
6035 1
6036 1
6037 8
6038 2
6039 3
6040 5
6041 4
6042 7
6043 6
6044 2
6045 1
6046 3
6047 3
6048 1
6049 5
6050 2
6051 4
6052 4
6054 3
6055 3
6056 3
6057 3
6059 3
6060 4
6061 1
6062 4
6063 5
6064 2
6065 4
6066 1
6067 1
6068 5
6069 4
6070 3
6071 3
6072 4
6073 1
6074 2
6075 3
6076 3
6077 2
6078 1
6079 5
6080 3
6081 4
6082 2
6083 1
6084 2
6085 2
6086 5
6087 5
6088 4
6089 3
6090 5
6091 6
6092 5
6093 2
6094 3
6095 2
6096 1
6098 2
6099 3
6100 4
6101 3
6102 1
6103 2
6105 3
6106 3
6107 2
6109 2
6110 6
6111 3
6112 7
6113 1
6114 2
6115 1
6116 4
6117 1
6118 2
6119 2
6120 5
6121 4
6122 2
6123 1
6124 1
6125 1
6126 2
6127 3
6128 3
6129 3
6130 6
6131 3
6132 5
6133 5
6134 6
6135 3
6136 1
6137 6
6138 4
6139 2
6140 4
6141 2
6142 1
6143 5
6144 3
6145 2
6146 3
6147 2
6148 3
6149 2
6150 2
6151 4
6152 2
6153 5
6154 2
6157 5
6158 1
6159 2
6160 4
6161 2
6162 2
6163 2
6164 2
6165 3
6166 3
6167 2
6168 4
6169 2
6170 1
6171 2
6172 4
6173 1
6174 3
6175 2
6177 1
6178 4
6179 3
6180 2
6181 2
6182 6
6183 4
6186 4
6187 3
6188 5
6189 1
6190 3
6191 1
6192 1
6193 2
6195 3
6197 1
6199 1
6201 3
6202 2
6203 1
6204 3
6205 3
6206 4
6207 4
6208 2
6209 3
6210 2
6211 3
6212 3
6213 4
6214 3
6215 4
6216 4
6217 2
6218 3
6219 3
6220 2
6221 3
6222 4
6223 3
6224 1
6225 3
6226 3
6227 3
6228 4
6230 3
6231 1
6232 2
6233 1
6234 8
6235 7
6236 2
6237 5
6238 5
6239 1
6241 1
6243 8
6244 3
6245 2
6246 5
6247 4
6248 3
6249 1
6250 1
6251 2
6252 2
6253 2
6254 3
6255 5
6256 1
6258 1
6259 4
6261 2
6262 1
6263 3
6264 2
6265 2
6266 3
6267 3
6268 1
6269 1
6270 1
6271 2
6272 2
6273 2
6274 3
6275 2
6276 3
6280 3
6282 2
6283 1
6284 2
6285 5
6286 2
6288 3
6289 7
6290 3
6292 5
6293 5
6294 2
6295 2
6296 5
6297 10
6298 3
6299 4
6301 4
6302 1
6303 3
6304 2
6305 1
6306 3
6307 3
6308 2
6309 2
6310 3
6311 5
6312 1
6314 2
6315 3
6316 2
6318 3
6319 3
6320 2
6321 2
6322 4
6323 2
6324 5
6325 2
6326 4
6327 3
6328 3
6329 1
6330 4
6331 2
6332 1
6333 4
6334 1
6335 1
6336 4
6337 2
6338 2
6339 3
6340 1
6342 1
6343 2
6344 1
6345 4
6346 3
6347 1
6348 3
6349 1
6350 3
6351 3
6352 5
6353 3
6354 2
6355 1
6356 1
6357 2
6358 3
6360 2
6361 1
6362 2
6363 2
6364 3
6365 2
6366 4
6367 8
6369 1
6370 3
6371 3
6372 3
6373 1
6374 1
6376 3
6377 4
6378 2
6379 2
6381 2
6382 1
6383 4
6384 1
6385 2
6386 2
6387 2
6388 2
6389 2
6391 4
6392 4
6394 2
6395 1
6396 4
6397 2
6398 2
6399 5
6400 4
6401 1
6402 1
6403 5
6404 2
6405 3
6406 1
6407 3
6408 1
6409 1
6410 1
6411 2
6412 4
6413 2
6414 1
6415 1
6416 4
6417 4
6418 1
6419 4
6420 4
6421 1
6422 4
6423 3
6424 4
6425 4
6426 1
6427 1
6428 1
6429 1
6430 3
6431 2
6432 1
6433 4
6434 2
6435 6
6436 3
6437 3
6438 2
6439 2
6440 1
6441 3
6442 1
6443 3
6444 1
6445 2
6446 2
6447 2
6449 1
6452 4
6453 4
6454 2
6455 3
6456 2
6458 1
6460 1
6461 1
6462 2
6463 1
6464 3
6465 2
6466 1
6467 2
6468 1
6469 2
6470 2
6471 2
6473 2
6474 1
6476 2
6477 2
6478 1
6479 1
6480 3
6481 3
6482 3
6483 3
6484 1
6485 1
6486 2
6488 1
6489 4
6490 1
6491 1
6492 1
6493 1
6494 2
6495 4
6496 2
6497 1
6498 4
6499 4
6500 1
6501 2
6502 5
6504 1
6505 4
6506 1
6507 3
6508 2
6509 4
6510 3
6511 3
6512 3
6513 1
6514 1
6515 2
6516 3
6517 2
6519 1
6520 3
6521 2
6522 2
6523 2
6524 2
6525 2
6526 3
6527 5
6528 5
6529 6
6530 3
6531 2
6532 2
6533 2
6534 2
6535 1
6536 1
6537 2
6538 2
6539 4
6540 1
6541 3
6542 3
6543 4
6544 2
6545 1
6546 2
6547 1
6548 1
6549 3
6550 2
6551 1
6552 3
6553 2
6554 1
6556 3
6558 3
6559 2
6560 1
6562 1
6563 2
6564 3
6565 3
6566 3
6567 1
6568 4
6570 1
6571 1
6572 2
6573 3
6574 3
6575 4
6576 4
6577 2
6578 1
6579 3
6580 1
6581 3
6582 2
6583 4
6584 3
6585 4
6586 5
6587 4
6588 2
6589 2
6592 2
6593 1
6594 1
6595 3
6597 2
6598 1
6599 2
6600 3
6601 1
6602 1
6603 1
6604 1
6605 2
6606 1
6607 2
6608 2
6610 2
6611 2
6612 1
6613 5
6614 3
6615 4
6616 2
6617 2
6618 1
6619 2
6620 3
6621 3
6622 2
6624 5
6625 3
6626 1
6627 3
6628 2
6629 2
6630 2
6631 1
6632 2
6633 1
6636 3
6637 2
6638 2
6639 2
6640 2
6641 1
6642 4
6643 1
6645 2
6646 3
6648 2
6649 5
6650 4
6652 2
6653 2
6654 1
6655 1
6656 5
6657 3
6658 3
6659 3
6660 2
6662 5
6663 3
6664 1
6665 5
6668 2
6669 3
6670 1
6671 3
6672 1
6673 1
6674 2
6675 3
6676 5
6677 1
6678 1
6679 3
6680 3
6683 1
6684 3
6685 2
6686 2
6687 4
6688 1
6689 3
6690 2
6691 2
6692 2
6693 2
6694 3
6695 1
6697 1
6698 5
6699 2
6700 4
6702 6
6703 2
6704 3
6705 2
6706 2
6707 5
6708 2
6709 1
6710 3
6712 4
6713 5
6714 3
6715 5
6716 4
6717 2
6718 1
6719 1
6720 3
6721 2
6722 3
6723 2
6724 1
6725 1
6727 2
6728 3
6729 1
6730 4
6731 1
6733 2
6734 5
6735 1
6737 4
6738 2
6739 1
6740 1
6741 1
6742 4
6743 1
6744 1
6745 3
6746 3
6747 3
6748 2
6749 4
6751 3
6752 4
6753 1
6754 1
6755 3
6756 2
6757 1
6758 1
6759 2
6761 2
6762 1
6763 3
6764 1
6765 3
6767 1
6768 3
6769 2
6770 3
6771 1
6772 4
6773 4
6774 1
6775 2
6776 2
6777 2
6778 2
6779 4
6780 4
6781 1
6782 3
6783 2
6784 1
6786 2
6787 2
6788 2
6789 2
6790 1
6791 2
6792 1
6793 3
6794 6
6795 2
6796 2
6797 2
6798 2
6799 2
6800 4
6801 3
6802 2
6803 1
6804 2
6805 3
6806 2
6808 1
6809 1
6810 2
6811 2
6812 5
6813 1
6814 4
6815 4
6816 2
6817 2
6818 1
6819 1
6820 1
6822 3
6823 3
6824 2
6825 2
6826 1
6827 3
6828 3
6829 2
6831 1
6832 2
6833 1
6834 1
6835 2
6836 6
6837 2
6838 1
6840 1
6841 1
6842 3
6843 1
6844 3
6845 1
6846 3
6848 1
6849 2
6850 5
6851 1
6854 2
6855 1
6856 3
6857 2
6858 3
6860 2
6861 3
6863 3
6864 1
6865 3
6867 1
6868 5
6869 1
6870 1
6871 2
6872 3
6873 1
6874 1
6875 1
6877 2
6878 4
6881 3
6884 4
6885 3
6886 4
6887 2
6888 1
6889 5
6890 2
6891 1
6892 2
6893 2
6894 2
6896 2
6897 2
6898 3
6899 4
6900 1
6901 3
6902 2
6903 2
6904 2
6905 3
6907 2
6908 1
6909 4
6910 7
6911 1
6912 1
6913 2
6914 3
6915 2
6916 1
6917 2
6918 5
6919 6
6920 2
6921 2
6922 3
6923 2
6925 5
6927 3
6930 1
6931 1
6932 1
6933 3
6935 3
6936 1
6937 2
6938 5
6939 2
6940 2
6941 3
6942 2
6943 3
6944 5
6945 3
6946 2
6947 1
6948 2
6949 2
6951 2
6952 1
6953 3
6954 2
6955 2
6956 1
6957 2
6959 4
6961 2
6963 1
6965 1
6966 1
6967 2
6968 2
6969 1
6970 1
6971 3
6972 3
6973 2
6974 3
6975 3
6976 3
6977 1
6978 3
6979 2
6981 1
6983 2
6984 3
6985 5
6986 1
6987 1
6988 1
6989 1
6990 5
6991 3
6992 1
6993 2
6994 1
6995 2
6997 2
6998 4
6999 1
7000 2
7001 5
7003 1
7004 1
7005 5
7006 1
7007 1
7008 1
7009 4
7011 2
7012 2
7013 3
7014 2
7017 1
7018 1
7019 4
7021 3
7022 1
7023 2
7024 3
7025 2
7026 1
7027 3
7028 3
7029 1
7031 4
7032 1
7033 2
7034 1
7035 2
7037 3
7038 1
7040 2
7041 1
7042 2
7044 1
7045 1
7046 2
7047 3
7048 1
7049 3
7050 1
7051 1
7052 2
7053 1
7054 2
7056 2
7057 1
7058 1
7059 4
7060 3
7063 2
7064 1
7065 3
7066 3
7067 2
7068 5
7069 1
7070 1
7071 3
7073 2
7074 2
7076 2
7077 1
7078 1
7079 3
7080 1
7081 2
7082 3
7084 2
7086 1
7088 3
7089 2
7090 1
7091 6
7092 1
7093 2
7094 1
7095 2
7096 1
7097 1
7098 2
7099 1
7101 3
7102 1
7103 1
7104 1
7105 2
7108 3
7111 1
7112 2
7113 1
7115 2
7116 2
7117 2
7118 1
7119 1
7120 1
7121 1
7122 1
7123 2
7124 5
7126 3
7127 1
7128 2
7129 2
7130 1
7131 1
7133 3
7134 1
7136 1
7139 1
7140 2
7143 4
7144 4
7146 2
7150 1
7151 3
7152 1
7153 4
7155 1
7156 3
7158 1
7162 2
7163 2
7164 1
7165 1
7166 1
7167 3
7168 2
7169 3
7170 2
7171 1
7173 4
7174 1
7177 3
7178 4
7179 1
7180 1
7182 1
7183 1
7184 2
7185 2
7186 4
7187 5
7188 1
7189 3
7190 3
7191 1
7192 1
7193 1
7194 1
7195 1
7196 1
7197 1
7199 1
7200 1
7201 1
7202 3
7204 3
7206 2
7207 2
7208 4
7210 1
7212 3
7213 2
7214 1
7216 1
7219 1
7222 3
7223 2
7224 2
7225 2
7226 1
7227 1
7228 2
7229 4
7230 2
7231 2
7232 3
7233 4
7235 1
7237 1
7238 1
7240 1
7241 3
7242 2
7243 1
7244 3
7245 1
7246 1
7247 1
7249 2
7251 2
7252 1
7253 2
7255 1
7256 2
7258 1
7259 1
7261 1
7262 2
7263 1
7264 1
7265 2
7266 1
7267 1
7268 3
7269 3
7270 1
7271 1
7273 3
7274 2
7275 1
7276 1
7277 2
7278 1
7279 3
7280 1
7281 1
7283 3
7284 1
7285 1
7287 1
7288 1
7289 2
7290 2
7292 1
7294 2
7295 1
7296 1
7297 1
7299 1
7302 2
7303 4
7304 5
7305 2
7306 1
7307 2
7308 3
7309 2
7312 3
7313 2
7314 1
7316 3
7317 1
7321 3
7322 1
7325 1
7326 1
7327 1
7328 2
7329 1
7330 3
7331 1
7332 1
7333 1
7334 3
7335 2
7336 1
7337 2
7338 1
7339 3
7341 2
7343 1
7344 1
7345 2
7346 3
7347 1
7348 2
7351 3
7352 3
7353 1
7356 3
7357 1
7358 2
7359 3
7360 1
7361 3
7362 1
7363 2
7364 3
7365 1
7366 2
7368 1
7369 1
7370 1
7371 2
7372 1
7374 1
7375 2
7376 1
7378 1
7381 3
7383 2
7385 1
7386 3
7387 2
7389 1
7390 2
7391 5
7392 1
7393 1
7394 2
7395 4
7396 3
7397 2
7398 1
7401 1
7402 1
7404 3
7406 3
7407 1
7409 1
7411 1
7412 1
7415 2
7416 1
7418 2
7419 2
7420 3
7421 2
7422 3
7424 2
7425 4
7426 1
7427 1
7428 1
7430 2
7431 1
7432 2
7433 3
7434 1
7436 2
7438 1
7439 1
7440 1
7441 2
7443 3
7444 2
7446 2
7447 1
7448 2
7449 1
7451 1
7453 1
7454 1
7456 1
7457 1
7459 1
7460 2
7461 1
7462 4
7463 2
7465 1
7466 3
7467 1
7469 3
7472 2
7476 1
7478 1
7479 3
7480 1
7481 2
7482 1
7483 2
7486 2
7487 1
7488 3
7489 2
7490 2
7491 2
7494 1
7495 1
7497 1
7498 1
7499 3
7500 2
7502 1
7503 1
7504 1
7505 1
7506 3
7508 1
7509 3
7510 2
7511 1
7513 3
7515 2
7516 1
7517 2
7518 4
7521 2
7522 5
7523 4
7524 1
7525 1
7526 2
7528 1
7529 1
7530 1
7531 1
7532 1
7533 3
7535 4
7537 2
7538 3
7539 3
7540 2
7541 1
7542 1
7543 3
7546 3
7547 1
7548 2
7550 1
7552 2
7553 1
7554 1
7555 1
7557 1
7560 1
7561 1
7563 1
7566 3
7569 1
7570 2
7571 2
7572 2
7573 2
7574 4
7575 3
7576 1
7577 1
7578 1
7581 1
7582 3
7583 3
7584 2
7585 1
7586 1
7588 4
7591 1
7592 2
7594 3
7595 1
7596 1
7597 1
7599 1
7600 1
7601 3
7604 1
7606 2
7607 3
7608 2
7611 3
7613 2
7614 2
7616 2
7619 3
7620 1
7625 1
7626 1
7627 2
7629 2
7630 3
7631 3
7632 3
7633 2
7635 1
7636 1
7637 2
7639 3
7640 1
7642 1
7643 2
7645 1
7648 2
7651 2
7652 1
7655 1
7656 1
7657 1
7658 3
7659 3
7661 2
7662 1
7664 3
7665 2
7666 1
7667 1
7668 4
7670 1
7671 1
7672 3
7673 1
7675 1
7676 3
7678 3
7679 1
7680 1
7681 2
7682 1
7684 3
7686 3
7687 1
7688 1
7689 1
7690 2
7691 2
7692 2
7693 2
7694 2
7696 1
7697 3
7698 2
7700 2
7702 3
7704 1
7705 1
7706 1
7707 1
7708 3
7710 1
7711 1
7712 1
7713 1
7714 3
7715 2
7716 2
7717 1
7718 4
7719 2
7720 3
7722 2
7723 3
7724 4
7725 2
7727 4
7731 1
7732 1
7733 1
7734 2
7735 1
7736 1
7738 2
7739 1
7740 2
7741 3
7742 1
7743 1
7744 2
7745 1
7746 1
7747 2
7748 1
7750 2
7751 2
7752 1
7754 2
7755 1
7757 1
7758 2
7759 4
7761 2
7762 4
7764 1
7766 1
7767 1
7768 1
7769 1
7770 2
7772 2
7773 1
7774 1
7775 2
7776 1
7777 1
7778 2
7779 3
7780 1
7781 1
7782 2
7783 2
7784 1
7785 1
7786 1
7787 4
7788 2
7790 2
7791 2
7792 3
7793 2
7794 1
7795 1
7796 4
7797 2
7799 3
7800 1
7801 1
7802 1
7803 3
7804 1
7805 2
7806 2
7807 1
7808 2
7809 1
7811 1
7812 1
7813 1
7815 1
7816 2
7818 1
7819 1
7820 1
7821 3
7824 1
7825 1
7826 2
7828 3
7829 1
7830 1
7831 1
7832 1
7833 1
7834 2
7835 4
7836 5
7838 2
7839 1
7841 2
7842 2
7843 3
7844 1
7845 3
7846 1
7847 1
7848 2
7849 1
7850 1
7851 4
7852 1
7854 2
7857 1
7858 1
7859 2
7861 1
7862 2
7863 1
7864 2
7865 1
7866 1
7870 1
7871 1
7872 4
7873 3
7874 1
7875 3
7876 1
7877 1
7878 3
7879 1
7880 2
7882 1
7883 2
7885 1
7887 3
7888 1
7892 1
7894 2
7895 3
7896 3
7898 1
7899 1
7901 1
7903 3
7904 1
7905 2
7906 2
7908 2
7911 1
7912 3
7913 1
7914 3
7916 1
7917 2
7918 2
7920 1
7921 1
7927 1
7928 1
7929 1
7933 1
7936 1
7937 2
7938 2
7939 1
7940 2
7941 1
7942 3
7943 3
7946 3
7947 2
7948 4
7949 1
7950 1
7951 1
7953 1
7954 1
7955 3
7957 1
7958 1
7959 2
7961 3
7962 2
7964 1
7967 3
7968 1
7970 2
7971 4
7972 2
7973 1
7975 1
7977 1
7980 1
7983 1
7984 1
7986 2
7991 1
7993 3
7994 1
7995 1
7996 2
7997 2
8000 2
8002 2
8003 2
8004 1
8005 1
8008 1
8010 1
8011 2
8014 3
8016 1
8018 1
8019 1
8020 1
8023 1
8025 1
8027 1
8028 1
8029 1
8033 2
8035 3
8036 2
8038 1
8042 1
8044 2
8046 2
8047 1
8048 3
8050 1
8051 2
8054 2
8055 3
8057 1
8058 1
8059 1
8060 1
8061 1
8065 1
8066 2
8067 2
8070 1
8071 1
8074 1
8075 1
8077 1
8078 1
8081 4
8082 1
8084 1
8085 2
8087 1
8088 1
8090 1
8091 2
8092 3
8093 3
8096 1
8099 1
8100 1
8101 1
8104 1
8105 2
8107 1
8108 1
8111 1
8113 1
8114 1
8115 3
8116 3
8119 1
8121 1
8122 2
8123 1
8124 1
8125 1
8126 1
8127 3
8128 3
8129 1
8131 2
8132 1
8134 1
8135 2
8137 1
8139 2
8140 1
8142 1
8143 3
8144 1
8145 1
8147 1
8148 2
8153 1
8156 4
8159 1
8161 1
8163 3
8165 2
8167 2
8169 1
8170 3
8171 1
8172 2
8176 1
8178 1
8179 1
8181 1
8183 3
8184 1
8185 2
8188 1
8189 1
8192 1
8193 1
8194 2
8200 1
8204 1
8206 2
8207 3
8208 1
8209 2
8210 2
8211 2
8213 3
8220 1
8221 1
8222 2
8224 1
8225 1
8226 3
8228 2
8229 1
8231 1
8234 4
8235 2
8236 2
8238 3
8239 1
8241 1
8242 1
8243 1
8245 1
8246 1
8247 3
8248 1
8249 3
8250 2
8253 2
8254 2
8255 1
8256 2
8257 1
8258 2
8261 1
8262 2
8263 2
8264 1
8265 1
8266 1
8267 1
8268 2
8269 1
8270 1
8271 1
8272 1
8274 3
8275 1
8276 2
8278 1
8279 1
8280 1
8281 1
8282 2
8283 1
8284 2
8285 1
8287 2
8288 1
8289 1
8290 1
8292 2
8293 1
8295 2
8296 1
8297 3
8298 2
8299 1
8300 1
8303 1
8305 1
8306 1
8308 1
8310 2
8311 2
8313 1
8314 1
8315 1
8317 2
8319 2
8323 2
8325 1
8326 2
8327 3
8328 1
8330 2
8331 3
8332 3
8334 1
8335 1
8338 1
8339 1
8344 1
8345 1
8347 2
8350 1
8358 1
8359 1
8362 2
8364 2
8366 1
8367 1
8373 2
8376 2
8377 2
8378 1
8379 2
8381 1
8382 1
8383 1
8384 3
8386 1
8387 2
8391 1
8392 1
8393 2
8395 2
8397 1
8398 2
8399 2
8401 1
8402 1
8404 1
8405 1
8406 1
8409 1
8410 2
8411 2
8412 2
8413 1
8414 1
8415 1
8418 2
8420 1
8426 1
8428 1
8429 2
8434 1
8435 1
8436 1
8442 1
8443 2
8444 1
8446 1
8448 1
8449 2
8452 1
8453 2
8454 1
8456 3
8457 2
8459 3
8463 1
8464 1
8465 1
8466 1
8467 2
8468 1
8472 2
8473 1
8475 1
8476 4
8478 1
8479 1
8480 3
8483 1
8486 2
8491 1
8492 2
8494 1
8495 1
8496 1
8499 1
8503 2
8505 1
8506 2
8508 1
8509 1
8511 3
8512 1
8514 2
8520 1
8522 1
8523 1
8524 1
8526 1
8527 1
8528 2
8529 1
8530 1
8532 1
8534 2
8535 1
8536 2
8537 1
8541 3
8543 1
8544 2
8549 3
8552 2
8553 1
8556 2
8557 2
8559 2
8560 1
8561 1
8562 1
8564 2
8565 1
8569 1
8571 1
8572 2
8573 2
8574 1
8575 1
8576 1
8580 1
8581 1
8582 2
8583 2
8585 2
8587 2
8588 1
8589 1
8590 1
8591 1
8593 2
8594 1
8595 2
8596 1
8601 1
8602 1
8603 1
8604 2
8605 1
8607 3
8608 1
8609 2
8610 1
8611 1
8612 1
8613 2
8614 2
8615 3
8619 2
8620 1
8622 1
8623 2
8626 1
8629 2
8630 2
8631 2
8634 2
8636 1
8637 1
8638 1
8640 2
8641 1
8644 5
8645 1
8647 3
8648 1
8649 2
8650 1
8651 2
8652 2
8653 1
8656 1
8657 1
8658 1
8661 1
8662 1
8664 1
8666 3
8667 1
8668 1
8670 1
8671 1
8673 1
8675 1
8677 1
8678 1
8680 1
8681 1
8684 1
8685 1
8686 2
8687 6
8688 2
8689 1
8692 1
8699 2
8700 1
8701 1
8704 1
8705 2
8707 1
8711 2
8712 1
8714 1
8715 1
8718 1
8719 3
8720 2
8721 1
8722 1
8723 2
8724 1
8725 5
8726 2
8727 1
8729 2
8730 1
8732 1
8742 1
8745 1
8751 1
8754 2
8756 1
8758 1
8759 1
8760 1
8761 2
8763 2
8764 1
8765 2
8767 2
8769 1
8770 1
8771 1
8772 1
8773 1
8775 1
8777 1
8780 1
8784 1
8785 1
8786 1
8790 2
8792 1
8793 2
8796 1
8798 1
8799 1
8800 1
8804 1
8807 1
8808 3
8811 1
8813 3
8814 1
8817 1
8819 1
8820 2
8821 3
8822 1
8825 1
8827 1
8828 2
8832 2
8833 1
8835 2
8838 2
8839 1
8842 2
8843 1
8844 1
8845 1
8846 2
8848 1
8850 1
8852 2
8853 2
8854 1
8855 2
8858 1
8860 1
8862 1
8864 1
8865 1
8868 1
8871 1
8873 1
8874 1
8876 1
8879 1
8880 1
8883 3
8884 1
8885 2
8887 1
8889 2
8894 1
8900 1
8901 1
8902 2
8903 1
8905 1
8907 2
8910 2
8911 1
8912 1
8914 1
8915 1
8916 1
8918 1
8919 1
8920 3
8921 2
8924 1
8925 2
8928 2
8931 2
8932 1
8934 1
8936 2
8937 2
8938 2
8939 1
8940 1
8945 1
8946 1
8947 1
8948 3
8950 2
8952 1
8953 1
8954 2
8957 1
8960 1
8961 1
8962 1
8963 2
8964 1
8965 1
8966 1
8968 1
8970 2
8973 3
8974 4
8975 1
8976 1
8979 1
8981 1
8982 1
8983 1
8986 1
8987 1
8991 1
8994 1
8997 1
8998 2
8999 1
9001 1
9002 1
9005 1
9006 2
9008 1
9010 1
9012 4
9014 1
9018 2
9019 1
9021 1
9024 1
9025 2
9030 1
9031 1
9032 1
9042 1
9043 1
9046 1
9047 2
9048 1
9050 2
9051 1
9052 1
9054 2
9056 4
9063 1
9064 1
9065 1
9067 1
9068 1
9072 1
9076 1
9078 2
9083 1
9084 1
9086 1
9088 1
9091 1
9092 1
9094 1
9095 1
9099 1
9100 1
9101 1
9103 1
9104 1
9107 1
9108 1
9109 1
9111 1
9113 1
9114 1
9115 2
9116 1
9117 2
9122 1
9123 1
9125 1
9126 1
9128 1
9129 1
9131 2
9133 1
9134 2
9135 1
9137 1
9138 1
9143 1
9144 1
9145 2
9146 1
9147 2
9148 2
9151 1
9154 1
9156 1
9160 1
9162 1
9172 1
9174 1
9176 2
9178 1
9179 1
9180 2
9181 1
9185 1
9187 1
9189 2
9192 1
9193 1
9194 1
9197 2
9198 2
9200 5
9201 1
9204 1
9209 1
9211 1
9212 2
9215 5
9217 1
9220 1
9222 1
9224 2
9225 1
9227 2
9229 1
9230 1
9231 2
9233 1
9234 2
9236 2
9238 1
9240 1
9242 1
9243 2
9253 1
9255 1
9256 1
9257 2
9259 1
9263 1
9264 2
9266 1
9267 1
9269 1
9272 1
9273 1
9274 1
9275 1
9277 1
9280 2
9282 1
9283 3
9285 1
9287 1
9288 1
9293 1
9295 1
9298 2
9299 1
9300 1
9301 1
9302 1
9306 1
9310 1
9312 2
9315 1
9316 1
9320 1
9321 2
9322 1
9325 3
9327 3
9328 2
9330 1
9334 1
9337 1
9338 1
9340 1
9342 1
9344 1
9348 1
9349 2
9353 2
9357 1
9359 2
9364 1
9365 2
9368 1
9370 1
9373 1
9375 1
9378 1
9384 1
9385 1
9387 1
9388 1
9391 2
9395 1
9399 1
9406 1
9415 1
9416 1
9417 1
9423 2
9428 1
9429 1
9431 1
9432 1
9436 1
9437 1
9438 1
9440 1
9442 3
9443 1
9444 1
9445 1
9446 1
9447 1
9448 1
9450 1
9452 1
9456 1
9460 1
9461 1
9465 1
9467 1
9471 2
9472 1
9481 1
9482 1
9485 1
9487 2
9492 1
9493 1
9496 1
9497 1
9499 1
9501 1
9503 1
9504 1
9509 1
9510 2
9511 1
9512 2
9517 3
9519 1
9521 1
9522 1
9523 1
9524 1
9525 1
9526 1
9529 1
9530 1
9534 1
9535 1
9536 1
9544 1
9546 1
9547 1
9549 1
9551 3
9555 1
9556 2
9557 1
9559 1
9560 1
9563 2
9565 1
9566 1
9568 1
9569 2
9570 2
9572 1
9574 1
9576 2
9578 1
9579 3
9582 2
9583 1
9584 2
9589 2
9595 1
9598 1
9601 1
9603 1
9604 1
9609 1
9612 2
9620 1
9622 1
9625 2
9626 1
9627 2
9631 1
9634 1
9635 1
9637 1
9638 1
9642 1
9643 1
9651 1
9653 1
9654 1
9655 2
9660 1
9665 1
9666 2
9667 1
9669 1
9671 1
9673 1
9674 1
9679 1
9680 1
9682 1
9695 1
9697 1
9700 1
9704 1
9705 1
9707 1
9708 1
9709 2
9711 2
9714 1
9716 2
9720 1
9728 1
9729 1
9730 1
9734 3
9737 1
9738 1
9740 1
9741 1
9745 1
9746 1
9749 2
9750 1
9752 3
9754 1
9762 2
9763 1
9764 1
9766 2
9767 1
9770 2
9772 1
9775 1
9778 1
9780 1
9781 1
9785 1
9787 1
9795 1
9796 1
9798 1
9799 1
9800 1
9801 2
9806 1
9812 1
9814 1
9815 1
9818 2
9823 1
9825 1
9826 1
9827 1
9828 1
9829 1
9832 1
9835 1
9837 1
9838 1
9839 1
9840 1
9841 1
9845 1
9855 2
9856 2
9858 2
9859 2
9867 2
9868 2
9869 1
9870 2
9872 1
9873 1
9875 1
9877 2
9882 1
9883 1
9884 1
9887 1
9891 1
9893 1
9894 1
9896 1
9899 1
9901 1
9902 2
9905 1
9910 1
9911 1
9914 1
9916 1
9923 1
9925 1
9930 1
9932 1
9933 1
9935 1
9946 2
9947 1
9948 1
9949 2
9953 1
9954 2
9955 1
9956 1
9958 1
9961 1
9968 1
9970 1
9975 1
9978 3
9980 1
9981 1
9982 1
9991 1
9992 1
9994 1
9997 1
9999 2
10006 1
10028 2
10029 1
10030 1
10032 1
10034 1
10038 1
10039 2
10041 1
10042 1
10044 1
10048 1
10049 1
10050 1
10051 1
10052 1
10062 1
10063 1
10064 2
10065 2
10066 1
10070 1
10073 1
10076 1
10077 3
10079 1
10080 1
10082 1
10084 1
10085 1
10091 1
10093 2
10094 1
10095 1
10097 1
10098 1
10099 1
10100 1
10104 1
10106 1
10109 1
10110 1
10111 2
10113 1
10115 1
10116 1
10117 1
10121 1
10123 1
10124 2
10126 1
10132 1
10134 1
10135 1
10140 2
10143 1
10146 1
10148 1
10150 1
10151 1
10152 1
10157 1
10163 1
10164 1
10166 1
10171 1
10177 1
10179 2
10181 1
10184 2
10185 2
10188 1
10190 1
10193 1
10194 1
10195 1
10197 1
10200 1
10201 2
10205 2
10209 1
10211 1
10218 1
10220 1
10222 1
10226 1
10230 1
10231 1
10232 1
10237 1
10238 1
10244 1
10247 2
10254 2
10255 2
10260 1
10261 1
10262 1
10270 2
10272 2
10276 1
10284 1
10286 2
10288 1
10289 2
10295 1
10299 1
10301 2
10307 1
10309 1
10312 1
10319 1
10322 1
10328 1
10329 1
10332 1
10336 1
10338 2
10343 2
10347 1
10350 1
10352 1
10360 2
10362 1
10363 3
10365 1
10368 1
10370 1
10372 1
10374 1
10387 1
10389 1
10390 2
10391 2
10393 1
10406 1
10418 1
10423 1
10424 1
10425 1
10428 1
10429 1
10432 1
10441 1
10443 1
10447 1
10449 1
10454 1
10463 2
10467 2
10470 1
10474 1
10477 2
10481 2
10485 1
10486 1
10488 1
10491 1
10492 1
10496 1
10497 1
10498 3
10501 1
10502 1
10504 1
10505 1
10510 1
10511 1
10513 1
10515 2
10520 3
10521 1
10522 1
10528 1
10530 1
10536 1
10538 2
10540 1
10542 1
10544 1
10546 1
10548 1
10555 1
10558 1
10560 2
10564 2
10566 1
10569 1
10570 1
10578 1
10579 1
10580 1
10581 1
10585 2
10591 1
10596 1
10602 1
10615 2
10616 1
10618 2
10635 1
10638 1
10639 1
10644 1
10645 1
10646 1
10652 1
10656 2
10657 1
10665 1
10671 2
10673 1
10674 1
10675 1
10682 1
10684 1
10690 1
10694 1
10699 1
10710 1
10713 2
10716 1
10718 1
10725 1
10726 1
10728 1
10730 1
10733 1
10735 1
10741 1
10742 1
10745 1
10748 2
10750 1
10751 1
10753 1
10758 1
10761 1
10763 1
10769 1
10773 1
10778 1
10779 1
10780 1
10782 1
10785 1
10787 1
10792 1
10798 1
10800 1
10801 1
10802 2
10803 1
10804 1
10810 1
10812 1
10814 1
10818 1
10820 2
10821 2
10822 1
10838 1
10841 1
10843 1
10844 1
10848 1
10849 1
10855 1
10856 1
10864 1
10865 1
10886 1
10888 1
10889 1
10893 2
10894 1
10895 1
10900 1
10901 1
10902 1
10904 1
10907 1
10914 1
10916 1
10917 1
10923 1
10927 1
10928 1
10937 1
10939 1
10943 3
10948 1
10949 1
10950 2
10952 1
10953 1
10957 1
10958 1
10959 1
10962 1
10964 1
10965 1
10969 2
10970 1
10971 1
10973 1
10996 1
10997 1
11005 3
11006 2
11013 1
11015 1
11019 1
11023 1
11024 1
11028 1
11034 1
11038 1
11042 1
11046 1
11047 1
11054 1
11056 1
11067 1
11073 1
11078 1
11079 1
11085 1
11087 1
11089 2
11092 1
11100 2
11102 1
11107 2
11108 1
11109 1
11110 1
11119 1
11135 1
11136 1
11139 1
11149 1
11152 1
11154 1
11158 1
11169 1
11176 1
11178 1
11179 1
11180 1
11183 1
11184 1
11185 1
11190 1
11205 1
11206 1
11207 1
11215 1
11216 1
11219 1
11221 1
11226 1
11228 1
11232 1
11237 1
11239 1
11240 2
11242 1
11244 1
11247 1
11250 1
11251 1
11253 1
11254 1
11258 1
11273 1
11274 1
11275 1
11276 1
11281 1
11287 1
11289 1
11295 1
11301 1
11302 1
11303 1
11304 2
11307 2
11312 1
11317 1
11318 1
11322 1
11330 1
11332 1
11335 1
11337 1
11339 1
11340 1
11342 1
11344 1
11345 1
11350 1
11353 3
11359 1
11361 2
11365 1
11368 1
11374 2
11376 1
11377 1
11378 1
11389 1
11391 1
11395 1
11397 2
11400 1
11410 1
11412 1
11414 1
11418 1
11426 2
11430 1
11432 1
11437 2
11438 1
11439 1
11441 1
11445 1
11448 1
11450 1
11452 1
11455 1
11466 1
11471 1
11476 1
11481 1
11484 1
11494 1
11499 1
11529 2
11535 1
11537 1
11541 1
11542 2
11543 1
11549 1
11550 2
11556 1
11562 1
11564 1
11569 1
11571 1
11574 1
11575 1
11579 2
11580 1
11582 1
11583 1
11584 1
11586 1
11589 2
11595 1
11601 1
11605 1
11609 1
11613 1
11618 1
11621 1
11636 1
11646 1
11653 2
11655 1
11678 1
11679 1
11680 2
11682 1
11683 1
11689 1
11701 1
11709 1
11714 1
11718 1
11719 1
11720 1
11732 1
11739 1
11755 1
11756 1
11771 1
11773 1
11782 1
11787 1
11800 1
11804 1
11805 1
11808 1
11817 1
11822 1
11838 1
11840 1
11841 1
11860 1
11865 1
11866 1
11867 1
11869 1
11873 1
11888 1
11889 1
11901 1
11912 1
11914 1
11917 1
11926 1
11929 1
11935 1
11945 1
11952 1
11962 1
11964 1
11969 1
11970 1
11971 1
11975 1
11983 1
11987 1
11993 1
11994 1
11996 1
11997 1
12000 1
12002 1
12012 1
12024 1
12035 1
12038 1
12045 1
12049 1
12050 1
12053 1
12056 2
12061 1
12066 1
12070 1
12082 1
12112 1
12116 1
12124 1
12130 1
12132 1
12134 1
12135 1
12143 1
12146 1
12147 1
12152 1
12153 1
12158 1
12171 1
12178 1
12184 1
12194 1
12195 1
12201 1
12202 1
12213 1
12214 2
12216 1
12227 1
12231 1
12236 1
12238 1
12239 1
12252 1
12253 1
12254 1
12261 1
12281 1
12289 1
12291 1
12304 1
12305 1
12321 1
12328 1
12330 1
12337 1
12351 1
12355 1
12369 1
12370 2
12372 1
12377 1
12402 1
12408 1
12415 1
12417 1
12420 1
12431 1
12445 1
12446 1
12473 1
12475 2
12476 1
12483 1
12507 1
12515 1
12518 1
12527 2
12541 1
12552 1
12554 1
12571 1
12589 2
12593 1
12594 1
12618 1
12640 1
12644 1
12655 1
12657 1
12660 1
12667 1
12673 1
12677 1
12686 1
12687 1
12692 1
12715 1
12717 1
12718 1
12721 1
12749 2
12760 1
12764 1
12767 1
12790 1
12796 1
12804 1
12808 1
12812 1
12834 1
12837 2
12846 1
12847 1
12854 1
12865 1
12866 1
12875 1
12886 1
12892 1
12897 1
12900 1
12916 1
12933 1
12939 1
12951 1
12973 1
12978 1
12981 1
12983 2
12985 2
12986 1
12990 1
13006 1
13007 1
13011 1
13018 1
13032 2
13043 1
13049 1
13068 1
13079 1
13093 1
13094 1
13095 1
13101 1
13113 1
13115 1
13116 1
13128 1
13130 1
13133 1
13135 1
13159 1
13168 1
13185 1
13194 1
13207 2
13208 1
13214 1
13236 1
13239 1
13240 1
13242 1
13254 1
13258 1
13265 1
13268 2
13273 1
13279 1
13285 1
13288 1
13334 1
13350 1
13352 1
13357 1
13362 1
13372 1
13377 1
13381 1
13382 1
13410 1
13413 1
13421 1
13427 1
13441 1
13448 1
13456 1
13460 1
13464 1
13465 1
13493 1
13507 1
13523 1
13524 1
13535 1
13536 1
13542 2
13563 1
13573 1
13586 1
13596 1
13608 1
13620 1
13626 1
13630 1
13647 1
13666 1
13693 1
13713 1
13768 1
13774 1
13784 1
13811 1
13818 1
13821 1
13824 1
13842 1
13843 1
13852 1
13877 1
13889 1
13895 1
13898 1
13902 1
13906 1
13916 1
13949 1
13952 1
13953 1
13955 1
13963 1
13985 1
13988 1
13991 1
14011 1
14030 1
14068 1
14075 2
14097 1
14102 1
14103 1
14105 1
14114 1
14132 1
14136 1
14138 1
14141 1
14155 1
14158 1
14159 1
14170 1
14189 1
14191 1
14192 1
14198 1
14205 1
14221 1
14235 1
14284 1
14292 1
14320 1
14329 1
14331 1
14359 1
14385 1
14405 1
14409 1
14411 1
14424 1
14429 1
14444 1
14447 1
14488 1
14495 2
14508 1
14522 1
14538 1
14558 1
14562 1
14565 1
14605 1
14615 1
14632 1
14639 1
14647 1
14650 1
14689 1
14729 1
14759 2
14768 1
14771 1
14781 1
14783 1
14796 1
14809 1
14818 1
14847 1
14848 1
14851 1
14857 1
14860 1
14878 1
14886 1
14910 1
14916 1
14927 1
14929 1
14981 1
15039 1
15050 1
15055 1
15056 1
15071 1
15077 1
15090 1
15094 1
15135 1
15148 1
15190 1
15193 1
15198 1
15199 1
15225 1
15231 1
15249 1
15297 1
15307 1
15311 1
15326 1
15339 1
15349 1
15382 1
15389 1
15396 1
15423 1
15444 1
15465 1
15487 1
15547 1
15581 1
15584 1
15602 1
15606 1
15654 1
15666 1
15679 1
15691 1
15809 1
15829 1
15852 1
15898 1
15924 1
15957 1
15981 1
15995 1
16025 1
16109 1
16115 1
16139 1
16160 1
16195 1
16271 1
16280 1
16294 1
16316 1
16344 1
16430 1
16493 1
16537 1
16592 1
16669 1
16681 1
16688 1
16710 1
16730 1
16739 1
16764 1
16868 1
16877 1
16904 1
16944 1
16982 1
17005 1
17086 1
17115 1
17153 1
17189 1
17268 1
17474 1
17537 1
17549 1
17585 1
17590 1
17598 1
17642 1
17766 1
17773 1
17804 1
17805 1
17816 1
17968 1
17973 1
17979 1
18018 1
18052 1
18105 1
18205 1
18239 1
18241 1
18287 1
18359 1
18360 1
18474 1
18529 1
18568 1
18582 1
18748 1
18779 1
18791 1
18840 1
18890 1
18894 1
19002 1
19118 1
19146 1
19154 1
19173 1
19207 1
19276 1
19477 1
19620 1
19794 1
19876 1
19932 1
20193 1
20255 1
20434 1
20585 1
20779 1
20878 2
21220 1
21226 1
21423 1
21769 1
21985 1
22603 1
22650 1
22736 1
23058 1
23639 1
23733 1
23749 1
23983 1
24475 1
25096 1
25261 1
25605 1
25772 1
25900 1
27234 1
28518 1
29496 1
29534 1
