-1243 1
-1242 1
-1241 1
-1240 1
-1239 2
-1238 3
-1237 6
-1236 8
-1235 13
-1234 13
-1233 14
-1232 24
-1231 37
-1230 32
-1229 48
-1228 62
-1227 68
-1226 61
-1225 96
-1224 93
-1223 91
-1222 100
-1221 92
-1220 106
-1219 118
-1218 122
-1217 129
-1216 154
-1215 170
-1214 175
-1213 175
-1212 159
-1211 190
-1210 191
-1209 201
-1208 214
-1207 245
-1206 288
-1205 348
-1204 350
-1203 365
-1202 453
-1201 480
-1200 486
-1199 494
-1198 512
-1197 556
-1196 567
-1195 600
-1194 529
-1193 622
-1192 628
-1191 650
-1190 641
-1189 616
-1188 626
-1187 618
-1186 653
-1185 629
-1184 692
-1183 708
-1182 677
-1181 687
-1180 675
-1179 662
-1178 675
-1177 690
-1176 692
-1175 654
-1174 725
-1173 667
-1172 746
-1171 754
-1170 676
-1169 762
-1168 651
-1167 682
-1166 725
-1165 705
-1164 727
-1163 711
-1162 695
-1161 733
-1160 702
-1159 695
-1158 707
-1157 744
-1156 680
-1155 693
-1154 736
-1153 774
-1152 697
-1151 737
-1150 691
-1149 704
-1148 730
-1147 818
-1146 819
-1145 771
-1144 842
-1143 810
-1142 778
-1141 783
-1140 702
-1139 709
-1138 727
-1137 801
-1136 811
-1135 817
-1134 735
-1133 818
-1132 747
-1131 755
-1130 783
-1129 760
-1128 747
-1127 763
-1126 765
-1125 738
-1124 753
-1123 685
-1122 730
-1121 719
-1120 794
-1119 742
-1118 743
-1117 777
-1116 791
-1115 818
-1114 737
-1113 771
-1112 756
-1111 830
-1110 803
-1109 810
-1108 814
-1107 803
-1106 839
-1105 856
-1104 829
-1103 790
-1102 792
-1101 908
-1100 860
-1099 884
-1098 898
-1097 825
-1096 906
-1095 890
-1094 993
-1093 979
-1092 975
-1091 981
-1090 1070
-1089 1017
-1088 1075
-1087 1091
-1086 1159
-1085 1145
-1084 1130
-1083 1175
-1082 1258
-1081 1260
-1080 1181
-1079 1244
-1078 1256
-1077 1320
-1076 1429
-1075 1427
-1074 1535
-1073 1454
-1072 1430
-1071 1465
-1070 1564
-1069 1657
-1068 1569
-1067 1533
-1066 1603
-1065 1552
-1064 1690
-1063 1679
-1062 1658
-1061 1714
-1060 1792
-1059 1760
-1058 1652
-1057 1736
-1056 1772
-1055 1812
-1054 1764
-1053 1793
-1052 1852
-1051 1924
-1050 1820
-1049 1873
-1048 1800
-1047 1917
-1046 1827
-1045 1865
-1044 1876
-1043 1937
-1042 1961
-1041 1888
-1040 2046
-1039 2140
-1038 2254
-1037 2225
-1036 2255
-1035 2337
-1034 2265
-1033 2523
-1032 2426
-1031 2561
-1030 2531
-1029 2555
-1028 2642
-1027 2683
-1026 2704
-1025 2743
-1024 2699
-1023 2727
-1022 2700
-1021 2732
-1020 2791
-1019 2720
-1018 2705
-1017 2845
-1016 2754
-1015 2805
-1014 2853
-1013 2743
-1012 2819
-1011 2764
-1010 2761
-1009 2847
-1008 2818
-1007 2844
-1006 2833
-1005 2846
-1004 2973
-1003 2912
-1002 2848
-1001 2837
-1000 2752
-999 2844
-998 2798
-997 2861
-996 2907
-995 2921
-994 2923
-993 2821
-992 2808
-991 3029
-990 2942
-989 2895
-988 2910
-987 3005
-986 3139
-985 2938
-984 2958
-983 2997
-982 2870
-981 2846
-980 3032
-979 2970
-978 3062
-977 2960
-976 2978
-975 3039
-974 3050
-973 3025
-972 3002
-971 3160
-970 3122
-969 3095
-968 3147
-967 3176
-966 3041
-965 3192
-964 3083
-963 3167
-962 3024
-961 2982
-960 2964
-959 2937
-958 3007
-957 3041
-956 3080
-955 3063
-954 3071
-953 2979
-952 2989
-951 2992
-950 3071
-949 3105
-948 3102
-947 2933
-946 3095
-945 3109
-944 3097
-943 3102
-942 3250
-941 3157
-940 3288
-939 3150
-938 3277
-937 3163
-936 3082
-935 3183
-934 3168
-933 3120
-932 3120
-931 3160
-930 3158
-929 3226
-928 3203
-927 3378
-926 3243
-925 3229
-924 3285
-923 3336
-922 3311
-921 3452
-920 3349
-919 3448
-918 3436
-917 3367
-916 3495
-915 3642
-914 3558
-913 3626
-912 3552
-911 3738
-910 3689
-909 3854
-908 3962
-907 3897
-906 3791
-905 4001
-904 3936
-903 4011
-902 4054
-901 4002
-900 4152
-899 4079
-898 4119
-897 4160
-896 4149
-895 3978
-894 4079
-893 4134
-892 4022
-891 4160
-890 4112
-889 4100
-888 4048
-887 4210
-886 4131
-885 4213
-884 4087
-883 3946
-882 4189
-881 4078
-880 4048
-879 4033
-878 4073
-877 4083
-876 4058
-875 4009
-874 4079
-873 4044
-872 3914
-871 3935
-870 3959
-869 3910
-868 3901
-867 3936
-866 4029
-865 4079
-864 4227
-863 4074
-862 3989
-861 3903
-860 4097
-859 4142
-858 4246
-857 4097
-856 4085
-855 4091
-854 3983
-853 4017
-852 4114
-851 4082
-850 4116
-849 4078
-848 4133
-847 4105
-846 4105
-845 4227
-844 4141
-843 4131
-842 4132
-841 4368
-840 4069
-839 4180
-838 4229
-837 4070
-836 4199
-835 4331
-834 4290
-833 4295
-832 4369
-831 4304
-830 4413
-829 4301
-828 4460
-827 4462
-826 4508
-825 4477
-824 4429
-823 4403
-822 4360
-821 4527
-820 4518
-819 4547
-818 4511
-817 4544
-816 4563
-815 4496
-814 4541
-813 4596
-812 4572
-811 4609
-810 4617
-809 4499
-808 4653
-807 4676
-806 4677
-805 4615
-804 4713
-803 4708
-802 4678
-801 4606
-800 4693
-799 4770
-798 4661
-797 4646
-796 4712
-795 4674
-794 4767
-793 4666
-792 4862
-791 4904
-790 4603
-789 4768
-788 4745
-787 4697
-786 4752
-785 4797
-784 4841
-783 4768
-782 4873
-781 4924
-780 4996
-779 5004
-778 5077
-777 5069
-776 4942
-775 4852
-774 5095
-773 4965
-772 5175
-771 5083
-770 5064
-769 5212
-768 5036
-767 5159
-766 5131
-765 5211
-764 5128
-763 5194
-762 5234
-761 5265
-760 5319
-759 5345
-758 5486
-757 5588
-756 5671
-755 5704
-754 5825
-753 5805
-752 5973
-751 5732
-750 5905
-749 5881
-748 5994
-747 5893
-746 5933
-745 5872
-744 5981
-743 5930
-742 5978
-741 5972
-740 5964
-739 5868
-738 6021
-737 6088
-736 6217
-735 6084
-734 6061
-733 6171
-732 6152
-731 6167
-730 6297
-729 6180
-728 6258
-727 6322
-726 6442
-725 6358
-724 6324
-723 6345
-722 6467
-721 6415
-720 6388
-719 6453
-718 6337
-717 6302
-716 6426
-715 6447
-714 6422
-713 6319
-712 6448
-711 6452
-710 6302
-709 6390
-708 6480
-707 6402
-706 6438
-705 6465
-704 6455
-703 6317
-702 6397
-701 6551
-700 6546
-699 6615
-698 6552
-697 6622
-696 6517
-695 6537
-694 6585
-693 6538
-692 6568
-691 6417
-690 6327
-689 6489
-688 6545
-687 6531
-686 6552
-685 6395
-684 6493
-683 6634
-682 6626
-681 6699
-680 6754
-679 6824
-678 6926
-677 6918
-676 6864
-675 6813
-674 6910
-673 6941
-672 6937
-671 7045
-670 7078
-669 7133
-668 7166
-667 7425
-666 7379
-665 7232
-664 6821
-663 6944
-662 7068
-661 6906
-660 6808
-659 6906
-658 6878
-657 7019
-656 6797
-655 6784
-654 6932
-653 6705
-652 6855
-651 7052
-650 6997
-649 7123
-648 6967
-647 7017
-646 7038
-645 6883
-644 6929
-643 7047
-642 6879
-641 6951
-640 6971
-639 6906
-638 6719
-637 6841
-636 6882
-635 6532
-634 6591
-633 6640
-632 6677
-631 6698
-630 6565
-629 6658
-628 6519
-627 6367
-626 6407
-625 6352
-624 6510
-623 6306
-622 6288
-621 6163
-620 6186
-619 6134
-618 6001
-617 6094
-616 6071
-615 6161
-614 6055
-613 6020
-612 5921
-611 5906
-610 5978
-609 5815
-608 5838
-607 5823
-606 5985
-605 5882
-604 5956
-603 5890
-602 5946
-601 5840
-600 5902
-599 5948
-598 5851
-597 5916
-596 5924
-595 5974
-594 5827
-593 5758
-592 5749
-591 5793
-590 5885
-589 5891
-588 5820
-587 5756
-586 5730
-585 5708
-584 5721
-583 5682
-582 5672
-581 5715
-580 5776
-579 5680
-578 5687
-577 5760
-576 5763
-575 5695
-574 5867
-573 5657
-572 5702
-571 5737
-570 5619
-569 5705
-568 5780
-567 5704
-566 5611
-565 5683
-564 5707
-563 5732
-562 5766
-561 5520
-560 5643
-559 5562
-558 5587
-557 5537
-556 5382
-555 5420
-554 5417
-553 5419
-552 5550
-551 5439
-550 5448
-549 5563
-548 5453
-547 5543
-546 5514
-545 5614
-544 5565
-543 5677
-542 5507
-541 5417
-540 5401
-539 5477
-538 5409
-537 5466
-536 5302
-535 5286
-534 5271
-533 5258
-532 5278
-531 5154
-530 5164
-529 5241
-528 5176
-527 5151
-526 5319
-525 5216
-524 5229
-523 5343
-522 5234
-521 5245
-520 5266
-519 5098
-518 5170
-517 5143
-516 5178
-515 5137
-514 5136
-513 5177
-512 5076
-511 5120
-510 5213
-509 5060
-508 5263
-507 5098
-506 5072
-505 5194
-504 5261
-503 5286
-502 5368
-501 5287
-500 5316
-499 5359
-498 5257
-497 5225
-496 5219
-495 5040
-494 5024
-493 5185
-492 5007
-491 4992
-490 4933
-489 4926
-488 4736
-487 4945
-486 4794
-485 4971
-484 5038
-483 4928
-482 4943
-481 4945
-480 4898
-479 4852
-478 5013
-477 4838
-476 4962
-475 4989
-474 4878
-473 4899
-472 4877
-471 4765
-470 4630
-469 4772
-468 4650
-467 4701
-466 4652
-465 4598
-464 4524
-463 4570
-462 4584
-461 4495
-460 4592
-459 4385
-458 4476
-457 4373
-456 4403
-455 4201
-454 4283
-453 4361
-452 4393
-451 4317
-450 4165
-449 4349
-448 4218
-447 4130
-446 4141
-445 4272
-444 4204
-443 4211
-442 4141
-441 4132
-440 4075
-439 4244
-438 4194
-437 4236
-436 4173
-435 4148
-434 4069
-433 4083
-432 4117
-431 4085
-430 4056
-429 3935
-428 3971
-427 3784
-426 4049
-425 3949
-424 3987
-423 3902
-422 4063
-421 3946
-420 4056
-419 3954
-418 3961
-417 3915
-416 3767
-415 3910
-414 3831
-413 3854
-412 3843
-411 3794
-410 3738
-409 3707
-408 3584
-407 3706
-406 3568
-405 3590
-404 3696
-403 3585
-402 3581
-401 3613
-400 3512
-399 3671
-398 3506
-397 3593
-396 3499
-395 3511
-394 3466
-393 3429
-392 3535
-391 3397
-390 3460
-389 3495
-388 3470
-387 3306
-386 3436
-385 3429
-384 3451
-383 3346
-382 3311
-381 3332
-380 3252
-379 3250
-378 3145
-377 3112
-376 3195
-375 3114
-374 3192
-373 3075
-372 3114
-371 3107
-370 3084
-369 3120
-368 3043
-367 3031
-366 3028
-365 3053
-364 2958
-363 2877
-362 3048
-361 2872
-360 2933
-359 3001
-358 2878
-357 2934
-356 2892
-355 2864
-354 2773
-353 2782
-352 2824
-351 2795
-350 2788
-349 2782
-348 2733
-347 2790
-346 2708
-345 2831
-344 2703
-343 2675
-342 2701
-341 2693
-340 2691
-339 2652
-338 2595
-337 2705
-336 2678
-335 2742
-334 2573
-333 2611
-332 2614
-331 2631
-330 2611
-329 2637
-328 2550
-327 2626
-326 2502
-325 2465
-324 2505
-323 2562
-322 2608
-321 2610
-320 2546
-319 2485
-318 2412
-317 2402
-316 2455
-315 2396
-314 2547
-313 2552
-312 2432
-311 2420
-310 2427
-309 2394
-308 2277
-307 2421
-306 2332
-305 2386
-304 2433
-303 2287
-302 2448
-301 2451
-300 2398
-299 2298
-298 2332
-297 2259
-296 2328
-295 2216
-294 2213
-293 2291
-292 2210
-291 2177
-290 2213
-289 2238
-288 2211
-287 2149
-286 2125
-285 2085
-284 2067
-283 2132
-282 2066
-281 2145
-280 2263
-279 2064
-278 2148
-277 2031
-276 2107
-275 2050
-274 2027
-273 1999
-272 2070
-271 2062
-270 2005
-269 1992
-268 1933
-267 2018
-266 2027
-265 1964
-264 1956
-263 1994
-262 2032
-261 1961
-260 1943
-259 1954
-258 1885
-257 1859
-256 1848
-255 1899
-254 1903
-253 1906
-252 1821
-251 1904
-250 1835
-249 1892
-248 1847
-247 1764
-246 1805
-245 1766
-244 1771
-243 1716
-242 1786
-241 1762
-240 1739
-239 1685
-238 1765
-237 1691
-236 1742
-235 1727
-234 1691
-233 1737
-232 1792
-231 1676
-230 1700
-229 1657
-228 1626
-227 1676
-226 1691
-225 1698
-224 1602
-223 1609
-222 1635
-221 1588
-220 1646
-219 1560
-218 1564
-217 1535
-216 1579
-215 1552
-214 1585
-213 1620
-212 1591
-211 1569
-210 1534
-209 1503
-208 1535
-207 1532
-206 1489
-205 1526
-204 1527
-203 1546
-202 1536
-201 1432
-200 1464
-199 1489
-198 1434
-197 1543
-196 1412
-195 1497
-194 1447
-193 1448
-192 1444
-191 1435
-190 1473
-189 1410
-188 1442
-187 1449
-186 1454
-185 1387
-184 1403
-183 1342
-182 1438
-181 1396
-180 1400
-179 1380
-178 1321
-177 1384
-176 1365
-175 1291
-174 1379
-173 1325
-172 1366
-171 1283
-170 1371
-169 1408
-168 1292
-167 1332
-166 1349
-165 1319
-164 1289
-163 1252
-162 1255
-161 1228
-160 1241
-159 1180
-158 1234
-157 1269
-156 1231
-155 1232
-154 1239
-153 1227
-152 1197
-151 1259
-150 1258
-149 1181
-148 1198
-147 1207
-146 1216
-145 1140
-144 1136
-143 1137
-142 1189
-141 1197
-140 1056
-139 1157
-138 1118
-137 1107
-136 1140
-135 1131
-134 1126
-133 1045
-132 1085
-131 1069
-130 1106
-129 1084
-128 1175
-127 1046
-126 1073
-125 1092
-124 1025
-123 1088
-122 1073
-121 1003
-120 1045
-119 1030
-118 1028
-117 1044
-116 1093
-115 1018
-114 953
-113 997
-112 960
-111 1005
-110 943
-109 945
-108 948
-107 960
-106 922
-105 970
-104 886
-103 917
-102 918
-101 879
-100 886
-99 942
-98 899
-97 907
-96 898
-95 881
-94 882
-93 877
-92 841
-91 859
-90 829
-89 863
-88 867
-87 844
-86 822
-85 831
-84 845
-83 846
-82 762
-81 769
-80 768
-79 765
-78 788
-77 805
-76 749
-75 786
-74 833
-73 732
-72 760
-71 747
-70 700
-69 708
-68 742
-67 734
-66 690
-65 695
-64 687
-63 726
-62 722
-61 740
-60 695
-59 666
-58 689
-57 683
-56 665
-55 670
-54 658
-53 645
-52 669
-51 680
-50 658
-49 642
-48 658
-47 610
-46 632
-45 610
-44 615
-43 625
-42 639
-41 689
-40 651
-39 603
-38 643
-37 661
-36 596
-35 590
-34 598
-33 555
-32 613
-31 597
-30 584
-29 562
-28 594
-27 575
-26 604
-25 580
-24 551
-23 600
-22 564
-21 555
-20 563
-19 537
-18 544
-17 547
-16 544
-15 523
-14 544
-13 566
-12 545
-11 514
-10 477
-9 461
-8 505
-7 517
-6 526
-5 507
-4 483
-3 470
-2 445
-1 466
0 443
1 485
2 438
3 468
4 499
5 453
6 457
7 439
8 425
9 451
10 453
11 416
12 450
13 416
14 441
15 430
16 405
17 388
18 426
19 401
20 415
21 409
22 402
23 406
24 374
25 380
26 409
27 396
28 378
29 357
30 405
31 361
32 373
33 400
34 368
35 379
36 376
37 371
38 386
39 377
40 361
41 355
42 367
43 369
44 383
45 343
46 350
47 339
48 347
49 349
50 329
51 343
52 345
53 344
54 368
55 324
56 363
57 347
58 319
59 325
60 310
61 342
62 320
63 330
64 285
65 332
66 355
67 318
68 291
69 288
70 293
71 298
72 329
73 322
74 294
75 295
76 297
77 302
78 259
79 304
80 294
81 269
82 287
83 264
84 312
85 285
86 275
87 296
88 297
89 269
90 288
91 254
92 290
93 271
94 224
95 266
96 322
97 274
98 261
99 258
100 251
101 287
102 263
103 248
104 254
105 246
106 281
107 263
108 224
109 241
110 272
111 255
112 226
113 225
114 232
115 250
116 231
117 226
118 221
119 221
120 211
121 226
122 212
123 234
124 230
125 218
126 214
127 220
128 209
129 230
130 216
131 193
132 220
133 217
134 201
135 209
136 200
137 214
138 199
139 182
140 196
141 199
142 190
143 189
144 189
145 209
146 209
147 196
148 200
149 171
150 181
151 155
152 184
153 197
154 178
155 175
156 176
157 151
158 159
159 166
160 157
161 182
162 168
163 163
164 168
165 163
166 157
167 189
168 160
169 154
170 144
171 170
172 154
173 162
174 148
175 152
176 174
177 168
178 152
179 143
180 146
181 148
182 147
183 167
184 156
185 124
186 144
187 160
188 125
189 130
190 143
191 146
192 124
193 164
194 132
195 129
196 139
197 129
198 119
199 129
200 143
201 109
202 128
203 128
204 124
205 124
206 127
207 127
208 118
209 133
210 140
211 120
212 130
213 137
214 123
215 135
216 116
217 122
218 121
219 114
220 119
221 125
222 100
223 101
224 118
225 129
226 96
227 123
228 104
229 125
230 110
231 122
232 122
233 94
234 105
235 114
236 104
237 113
238 99
239 91
240 93
241 107
242 95
243 97
244 80
245 79
246 83
247 113
248 91
249 96
250 104
251 87
252 102
253 109
254 95
255 95
256 100
257 92
258 80
259 88
260 88
261 94
262 87
263 75
264 97
265 74
266 108
267 77
268 100
269 111
270 69
271 97
272 82
273 100
274 88
275 92
276 86
277 94
278 89
279 94
280 94
281 95
282 128
283 85
284 88
285 85
286 103
287 102
288 105
289 96
290 95
291 91
292 91
293 88
294 100
295 85
296 74
297 100
298 87
299 91
300 88
301 84
302 71
303 84
304 80
305 83
306 90
307 93
308 71
309 77
310 81
311 85
312 86
313 88
314 96
315 102
316 88
317 92
318 90
319 98
320 87
321 84
322 96
323 105
324 83
325 83
326 93
327 96
328 96
329 91
330 88
331 97
332 96
333 90
334 98
335 90
336 102
337 93
338 104
339 96
340 92
341 93
342 92
343 108
344 94
345 106
346 92
347 87
348 92
349 101
350 92
351 84
352 98
353 91
354 101
355 107
356 98
357 86
358 84
359 93
360 87
361 114
362 102
363 101
364 80
365 87
366 92
367 102
368 86
369 109
370 75
371 88
372 93
373 90
374 91
375 95
376 94
377 82
378 86
379 106
380 91
381 92
382 89
383 103
384 92
385 103
386 114
387 92
388 114
389 95
390 109
391 101
392 110
393 113
394 109
395 97
396 101
397 89
398 97
399 111
400 93
401 107
402 110
403 92
404 113
405 96
406 101
407 108
408 111
409 128
410 96
411 111
412 101
413 99
414 110
415 103
416 113
417 117
418 130
419 107
420 97
421 115
422 121
423 107
424 117
425 103
426 127
427 115
428 126
429 128
430 107
431 110
432 104
433 118
434 103
435 105
436 136
437 118
438 116
439 122
440 121
441 113
442 103
443 124
444 114
445 110
446 103
447 104
448 109
449 125
450 91
451 119
452 150
453 112
454 112
455 121
456 108
457 120
458 113
459 117
460 101
461 109
462 112
463 100
464 112
465 112
466 120
467 105
468 104
469 118
470 102
471 108
472 96
473 135
474 102
475 112
476 105
477 98
478 104
479 103
480 99
481 98
482 123
483 106
484 124
485 103
486 103
487 98
488 97
489 120
490 108
491 110
492 124
493 83
494 111
495 96
496 103
497 96
498 119
499 108
500 135
501 108
502 91
503 94
504 102
505 108
506 118
507 99
508 89
509 111
510 121
511 100
512 120
513 92
514 96
515 101
516 95
517 99
518 98
519 94
520 113
521 91
522 94
523 90
524 93
525 100
526 109
527 99
528 84
529 97
530 100
531 81
532 91
533 97
534 104
535 86
536 99
537 91
538 103
539 86
540 90
541 104
542 89
543 75
544 93
545 96
546 109
547 95
548 88
549 88
550 101
551 89
552 79
553 89
554 85
555 110
556 87
557 85
558 79
559 80
560 94
561 82
562 81
563 83
564 76
565 70
566 79
567 75
568 90
569 81
570 83
571 82
572 83
573 73
574 90
575 78
576 77
577 91
578 98
579 83
580 91
581 88
582 78
583 84
584 88
585 73
586 89
587 93
588 69
589 84
590 72
591 70
592 88
593 82
594 65
595 84
596 73
597 63
598 69
599 85
600 70
601 75
602 75
603 67
604 73
605 84
606 69
607 74
608 67
609 81
610 63
611 59
612 75
613 74
614 69
615 70
616 67
617 72
618 89
619 77
620 82
621 79
622 74
623 78
624 80
625 76
626 81
627 64
628 77
629 88
630 59
631 78
632 65
633 60
634 59
635 69
636 64
637 59
638 58
639 71
640 76
641 62
642 82
643 66
644 74
645 83
646 82
647 55
648 71
649 64
650 52
651 76
652 70
653 66
654 82
655 76
656 62
657 67
658 60
659 60
660 60
661 71
662 60
663 56
664 74
665 57
666 52
667 63
668 52
669 60
670 66
671 58
672 65
673 54
674 63
675 84
676 61
677 53
678 61
679 55
680 69
681 61
682 67
683 60
684 74
685 56
686 45
687 47
688 49
689 55
690 57
691 55
692 64
693 50
694 70
695 61
696 60
697 60
698 57
699 60
700 68
701 59
702 57
703 54
704 62
705 63
706 53
707 55
708 54
709 53
710 51
711 45
712 51
713 61
714 64
715 48
716 56
717 62
718 58
719 45
720 48
721 53
722 52
723 66
724 59
725 52
726 44
727 42
728 53
729 50
730 49
731 49
732 57
733 33
734 54
735 54
736 54
737 48
738 39
739 56
740 49
741 61
742 50
743 53
744 49
745 56
746 51
747 43
748 52
749 39
750 46
751 47
752 40
753 39
754 46
755 48
756 36
757 47
758 58
759 39
760 45
761 42
762 45
763 52
764 37
765 38
766 38
767 54
768 41
769 47
770 41
771 33
772 37
773 41
774 42
775 37
776 46
777 36
778 31
779 45
780 32
781 50
782 37
783 41
784 41
785 41
786 36
787 36
788 50
789 33
790 36
791 34
792 21
793 43
794 38
795 45
796 34
797 27
798 23
799 54
800 32
801 39
802 31
803 30
804 34
805 29
806 37
807 33
808 36
809 32
810 24
811 20
812 26
813 36
814 32
815 41
816 32
817 27
818 36
819 29
820 28
821 37
822 22
823 37
824 32
825 30
826 36
827 44
828 27
829 34
830 24
831 38
832 34
833 34
834 26
835 29
836 25
837 29
838 30
839 38
840 38
841 29
842 31
843 26
844 31
845 32
846 25
847 29
848 23
849 32
850 20
851 29
852 18
853 24
854 21
855 22
856 26
857 25
858 20
859 29
860 20
861 21
862 23
863 18
864 26
865 23
866 24
867 25
868 19
869 27
870 21
871 23
872 18
873 21
874 20
875 19
876 32
877 25
878 17
879 23
880 23
881 19
882 16
883 23
884 21
885 24
886 28
887 24
888 28
889 23
890 23
891 28
892 32
893 17
894 31
895 22
896 27
897 18
898 21
899 11
900 27
901 22
902 13
903 18
904 13
905 14
906 19
907 15
908 18
909 16
910 21
911 17
912 16
913 15
914 17
915 14
916 26
917 23
918 21
919 18
920 19
921 16
922 9
923 17
924 17
925 15
926 10
927 17
928 20
929 10
930 14
931 17
932 18
933 14
934 20
935 24
936 16
937 24
938 14
939 18
940 16
941 18
942 9
943 17
944 12
945 14
946 16
947 18
948 10
949 14
950 18
951 17
952 19
953 18
954 11
955 16
956 6
957 18
958 8
959 12
960 14
961 18
962 5
963 14
964 19
965 19
966 10
967 12
968 15
969 11
970 15
971 11
972 8
973 7
974 7
975 16
976 9
977 7
978 15
979 12
980 13
981 19
982 10
983 9
984 8
985 12
986 5
987 14
988 9
989 11
990 14
991 10
992 11
993 8
994 17
995 11
996 9
997 6
998 13
999 9
1000 7
1001 6
1002 11
1003 15
1004 12
1005 15
1006 10
1007 6
1008 14
1009 9
1010 8
1011 9
1012 11
1013 7
1014 8
1015 11
1016 6
1017 7
1018 7
1019 5
1020 10
1021 14
1022 12
1023 9
1024 10
1025 7
1026 5
1027 7
1028 9
1029 5
1030 7
1031 11
1032 6
1033 11
1034 12
1035 6
1036 4
1037 10
1038 6
1039 11
1040 13
1041 2
1042 11
1043 5
1044 5
1045 9
1046 6
1047 6
1048 6
1049 7
1050 7
1051 12
1052 5
1053 10
1054 7
1055 13
1056 8
1057 8
1058 10
1059 6
1060 5
1061 1
1062 8
1063 9
1064 12
1065 5
1066 4
1067 6
1068 3
1069 6
1070 3
1071 4
1072 4
1073 5
1074 5
1075 3
1076 5
1077 4
1078 6
1079 8
1080 3
1081 8
1082 3
1083 2
1084 8
1085 4
1086 6
1087 6
1088 6
1089 2
1090 4
1091 4
1092 6
1093 2
1094 4
1095 3
1096 5
1097 2
1098 4
1099 3
1100 4
1101 1
1102 5
1103 5
1104 4
1105 3
1106 3
1107 4
1108 4
1109 5
1110 4
1111 2
1112 3
1113 8
1114 4
1115 4
1116 2
1117 5
1118 7
1119 1
1120 3
1121 4
1122 6
1123 7
1125 2
1126 6
1127 2
1128 4
1129 5
1130 1
1131 5
1132 3
1133 3
1134 3
1135 2
1136 1
1137 2
1139 3
1140 2
1141 4
1142 2
1143 5
1144 1
1145 5
1146 4
1147 1
1148 3
1149 4
1150 5
1151 4
1152 5
1153 2
1155 2
1156 3
1157 1
1158 1
1159 5
1160 2
1161 3
1162 3
1163 3
1164 1
1165 2
1166 3
1167 1
1168 1
1169 4
1170 3
1171 2
1172 5
1173 3
1174 3
1176 1
1177 1
1178 5
1179 2
1180 2
1182 4
1183 3
1185 4
1186 2
1187 3
1188 1
1189 2
1190 1
1192 1
1193 4
1195 3
1196 1
1199 2
1200 1
1201 1
1202 1
1203 1
1204 2
1205 1
1207 2
1208 2
1209 1
1211 1
1212 2
1213 2
1216 1
1217 1
1218 1
1220 1
1222 3
1223 1
1224 3
1227 2
1228 1
1229 1
1230 1
1231 1
1233 2
1234 1
1235 1
1237 1
1242 1
1244 2
1245 3
1247 1
1250 2
1251 3
1255 3
1256 1
1257 1
1258 1
1260 1
1261 2
1262 1
1264 2
1267 1
1268 1
1269 2
1273 1
1274 2
1275 1
1276 2
1279 1
1281 1
1282 2
1283 2
1285 1
1290 1
1293 1
1297 1
1298 1
1300 1
1305 1
1307 1
1310 1
1314 1
1318 1
1320 2
1327 2
1331 1
1338 1
1342 1
1354 1
1355 1
1357 1
1363 1
1374 1
1375 1
1376 1
1380 1
1389 1
1400 1
1402 1
1408 1
1411 1
1413 1
1435 1
1455 1
1470 2
