-674 1
-673 2
-672 4
-671 13
-670 20
-669 18
-668 28
-667 34
-666 56
-665 44
-664 56
-663 61
-662 72
-661 63
-660 71
-659 72
-658 79
-657 59
-656 56
-655 62
-654 57
-653 59
-652 71
-651 55
-650 63
-649 58
-648 62
-647 64
-646 62
-645 76
-644 77
-643 82
-642 84
-641 68
-640 77
-639 67
-638 84
-637 59
-636 71
-635 78
-634 75
-633 83
-632 97
-631 96
-630 121
-629 120
-628 108
-627 112
-626 132
-625 157
-624 145
-623 138
-622 158
-621 132
-620 164
-619 189
-618 195
-617 193
-616 185
-615 244
-614 231
-613 223
-612 207
-611 189
-610 222
-609 210
-608 244
-607 215
-606 247
-605 257
-604 275
-603 263
-602 268
-601 280
-600 256
-599 272
-598 281
-597 282
-596 275
-595 285
-594 308
-593 316
-592 278
-591 320
-590 292
-589 258
-588 272
-587 292
-586 281
-585 293
-584 274
-583 265
-582 261
-581 286
-580 270
-579 284
-578 282
-577 257
-576 282
-575 263
-574 276
-573 293
-572 296
-571 267
-570 297
-569 293
-568 282
-567 290
-566 246
-565 263
-564 280
-563 263
-562 287
-561 264
-560 261
-559 252
-558 307
-557 287
-556 268
-555 272
-554 314
-553 280
-552 297
-551 305
-550 326
-549 293
-548 309
-547 297
-546 345
-545 359
-544 371
-543 397
-542 371
-541 386
-540 416
-539 403
-538 400
-537 461
-536 463
-535 437
-534 424
-533 474
-532 505
-531 545
-530 567
-529 556
-528 560
-527 595
-526 631
-525 645
-524 665
-523 669
-522 642
-521 677
-520 666
-519 649
-518 657
-517 668
-516 618
-515 622
-514 658
-513 676
-512 651
-511 657
-510 641
-509 636
-508 623
-507 663
-506 683
-505 690
-504 747
-503 744
-502 727
-501 765
-500 754
-499 774
-498 836
-497 837
-496 883
-495 840
-494 891
-493 875
-492 873
-491 930
-490 923
-489 879
-488 874
-487 947
-486 909
-485 929
-484 924
-483 923
-482 946
-481 988
-480 928
-479 1026
-478 964
-477 926
-476 953
-475 1001
-474 957
-473 926
-472 1057
-471 974
-470 994
-469 1026
-468 932
-467 942
-466 915
-465 972
-464 913
-463 956
-462 950
-461 939
-460 957
-459 973
-458 927
-457 977
-456 996
-455 1000
-454 1023
-453 981
-452 1000
-451 1044
-450 1046
-449 1040
-448 1082
-447 1120
-446 1055
-445 1124
-444 1075
-443 1094
-442 1105
-441 1076
-440 1125
-439 1056
-438 1173
-437 1142
-436 1167
-435 1211
-434 1238
-433 1346
-432 1297
-431 1343
-430 1381
-429 1396
-428 1388
-427 1514
-426 1417
-425 1438
-424 1434
-423 1455
-422 1564
-421 1470
-420 1503
-419 1523
-418 1538
-417 1574
-416 1509
-415 1610
-414 1549
-413 1577
-412 1606
-411 1567
-410 1575
-409 1520
-408 1613
-407 1608
-406 1705
-405 1516
-404 1577
-403 1616
-402 1619
-401 1705
-400 1692
-399 1695
-398 1686
-397 1706
-396 1690
-395 1746
-394 1751
-393 1856
-392 1794
-391 1739
-390 1739
-389 1907
-388 1828
-387 1845
-386 1951
-385 1842
-384 1945
-383 1957
-382 1890
-381 1946
-380 1946
-379 1985
-378 2039
-377 1938
-376 1996
-375 2052
-374 2059
-373 2051
-372 2052
-371 2052
-370 2073
-369 2043
-368 2134
-367 2117
-366 2107
-365 2114
-364 2210
-363 2239
-362 2207
-361 2152
-360 2233
-359 2211
-358 2234
-357 2231
-356 2251
-355 2256
-354 2246
-353 2306
-352 2268
-351 2290
-350 2311
-349 2365
-348 2245
-347 2352
-346 2330
-345 2367
-344 2228
-343 2352
-342 2394
-341 2357
-340 2339
-339 2386
-338 2372
-337 2385
-336 2396
-335 2472
-334 2470
-333 2532
-332 2426
-331 2522
-330 2423
-329 2473
-328 2529
-327 2425
-326 2493
-325 2531
-324 2448
-323 2585
-322 2642
-321 2568
-320 2586
-319 2711
-318 2591
-317 2682
-316 2655
-315 2705
-314 2816
-313 2758
-312 2791
-311 2806
-310 2962
-309 2931
-308 2930
-307 3003
-306 2993
-305 3033
-304 2995
-303 2978
-302 3039
-301 3009
-300 3071
-299 3021
-298 3138
-297 3001
-296 3015
-295 3096
-294 3054
-293 3139
-292 3164
-291 3142
-290 3246
-289 3137
-288 3182
-287 3114
-286 3168
-285 3220
-284 3366
-283 3220
-282 3353
-281 3307
-280 3390
-279 3344
-278 3415
-277 3286
-276 3421
-275 3532
-274 3544
-273 3530
-272 3399
-271 3444
-270 3538
-269 3461
-268 3455
-267 3515
-266 3617
-265 3611
-264 3688
-263 3561
-262 3571
-261 3624
-260 3531
-259 3630
-258 3542
-257 3543
-256 3642
-255 3789
-254 3659
-253 3768
-252 3769
-251 3664
-250 3711
-249 3834
-248 3655
-247 3812
-246 3854
-245 3775
-244 3943
-243 3862
-242 3989
-241 4011
-240 3979
-239 3985
-238 4110
-237 3947
-236 4053
-235 4215
-234 4104
-233 4102
-232 4044
-231 3971
-230 4180
-229 4185
-228 4182
-227 4208
-226 4089
-225 4149
-224 4253
-223 4237
-222 4290
-221 4394
-220 4293
-219 4336
-218 4348
-217 4383
-216 4338
-215 4418
-214 4460
-213 4390
-212 4542
-211 4568
-210 4541
-209 4643
-208 4477
-207 4444
-206 4525
-205 4616
-204 4525
-203 4544
-202 4511
-201 4577
-200 4502
-199 4665
-198 4479
-197 4525
-196 4677
-195 4589
-194 4623
-193 4584
-192 4664
-191 4595
-190 4581
-189 4610
-188 4580
-187 4661
-186 4598
-185 4713
-184 4637
-183 4677
-182 4693
-181 4628
-180 4599
-179 4637
-178 4720
-177 4706
-176 4772
-175 4740
-174 4597
-173 4694
-172 4682
-171 4634
-170 4681
-169 4600
-168 4396
-167 4654
-166 4670
-165 4532
-164 4751
-163 4714
-162 4848
-161 4657
-160 4643
-159 4645
-158 4732
-157 4704
-156 4761
-155 4763
-154 4772
-153 4664
-152 4844
-151 4722
-150 4813
-149 4834
-148 4795
-147 4859
-146 4663
-145 4761
-144 4766
-143 4737
-142 4839
-141 4744
-140 4812
-139 4550
-138 4609
-137 4760
-136 4715
-135 4727
-134 4952
-133 4757
-132 4803
-131 4854
-130 4728
-129 4767
-128 4881
-127 4778
-126 4774
-125 4874
-124 4719
-123 4791
-122 4900
-121 4727
-120 4741
-119 4763
-118 4793
-117 4745
-116 4855
-115 4810
-114 4807
-113 4753
-112 4822
-111 4800
-110 4821
-109 4853
-108 4996
-107 4944
-106 4941
-105 4889
-104 4868
-103 4841
-102 4770
-101 4971
-100 4785
-99 4955
-98 4792
-97 4843
-96 4865
-95 4897
-94 4964
-93 5033
-92 5004
-91 4820
-90 4986
-89 4921
-88 5111
-87 4955
-86 4942
-85 4941
-84 5014
-83 5064
-82 4907
-81 4970
-80 5145
-79 5002
-78 5023
-77 5180
-76 4847
-75 5016
-74 4994
-73 5126
-72 5082
-71 5099
-70 5079
-69 5018
-68 5000
-67 5042
-66 5124
-65 5042
-64 5102
-63 5171
-62 4981
-61 4919
-60 4951
-59 5000
-58 5043
-57 4948
-56 4968
-55 5088
-54 4969
-53 4875
-52 5125
-51 4899
-50 4925
-49 4967
-48 5013
-47 5003
-46 4962
-45 4949
-44 4920
-43 4933
-42 5003
-41 4899
-40 4905
-39 4828
-38 4977
-37 4917
-36 4940
-35 4798
-34 4833
-33 4717
-32 4838
-31 4614
-30 4857
-29 4818
-28 4797
-27 4879
-26 4718
-25 4888
-24 4763
-23 4807
-22 4626
-21 4685
-20 4757
-19 4732
-18 4792
-17 4836
-16 4647
-15 4718
-14 4780
-13 4807
-12 4669
-11 4790
-10 4764
-9 4864
-8 4676
-7 4883
-6 4894
-5 4951
-4 4865
-3 4957
-2 4854
-1 4910
0 4873
1 4871
2 4830
3 4944
4 4890
5 4880
6 4966
7 4898
8 4929
9 4752
10 4860
11 4996
12 4933
13 4783
14 4907
15 4872
16 4822
17 4746
18 4813
19 4687
20 4672
21 4717
22 4736
23 4717
24 4695
25 4677
26 4683
27 4676
28 4629
29 4498
30 4608
31 4668
32 4513
33 4544
34 4434
35 4478
36 4373
37 4556
38 4393
39 4498
40 4467
41 4445
42 4372
43 4236
44 4245
45 4267
46 4307
47 4338
48 4347
49 4313
50 4193
51 4222
52 4338
53 4239
54 4240
55 4204
56 4190
57 4176
58 4217
59 4216
60 4234
61 4129
62 4120
63 4080
64 4095
65 4197
66 4074
67 4201
68 4213
69 4141
70 4068
71 4137
72 4014
73 4026
74 3966
75 4050
76 4028
77 3970
78 4098
79 4090
80 4037
81 4056
82 3875
83 3837
84 3896
85 3974
86 3954
87 3901
88 3833
89 3889
90 3883
91 3832
92 3937
93 3826
94 3822
95 3803
96 3830
97 3775
98 3930
99 3807
100 3780
101 3707
102 3768
103 3816
104 3705
105 3778
106 3790
107 3750
108 3827
109 3690
110 3748
111 3601
112 3590
113 3612
114 3700
115 3675
116 3725
117 3706
118 3654
119 3685
120 3696
121 3651
122 3721
123 3698
124 3683
125 3677
126 3654
127 3686
128 3701
129 3619
130 3571
131 3618
132 3591
133 3654
134 3694
135 3666
136 3667
137 3560
138 3691
139 3565
140 3614
141 3582
142 3525
143 3510
144 3624
145 3559
146 3501
147 3527
148 3607
149 3496
150 3500
151 3522
152 3464
153 3553
154 3495
155 3419
156 3426
157 3485
158 3320
159 3459
160 3462
161 3502
162 3348
163 3290
164 3306
165 3431
166 3459
167 3380
168 3407
169 3336
170 3312
171 3251
172 3319
173 3271
174 3169
175 3271
176 3279
177 3331
178 3253
179 3280
180 3120
181 3091
182 3155
183 3127
184 3128
185 3170
186 3108
187 3127
188 3177
189 3027
190 3245
191 3090
192 3052
193 3091
194 3194
195 3068
196 3142
197 3093
198 3124
199 3071
200 3141
201 3060
202 3154
203 3067
204 3065
205 3034
206 3025
207 3094
208 2954
209 3099
210 2953
211 2975
212 2917
213 2918
214 2867
215 2960
216 2935
217 2888
218 2889
219 2856
220 2835
221 2729
222 2776
223 2799
224 2809
225 2749
226 2766
227 2775
228 2763
229 2777
230 2824
231 2848
232 2846
233 2702
234 2741
235 2737
236 2683
237 2686
238 2666
239 2620
240 2646
241 2687
242 2698
243 2602
244 2698
245 2655
246 2553
247 2780
248 2645
249 2543
250 2650
251 2601
252 2459
253 2508
254 2522
255 2520
256 2470
257 2509
258 2438
259 2475
260 2379
261 2418
262 2457
263 2433
264 2371
265 2434
266 2339
267 2339
268 2395
269 2464
270 2405
271 2314
272 2343
273 2324
274 2264
275 2359
276 2329
277 2349
278 2337
279 2383
280 2335
281 2396
282 2265
283 2337
284 2248
285 2254
286 2140
287 2256
288 2232
289 2237
290 2201
291 2237
292 2213
293 2198
294 2138
295 2181
296 2136
297 2135
298 2259
299 2159
300 2174
301 2112
302 2123
303 2185
304 2084
305 2120
306 2063
307 2097
308 2000
309 2060
310 2108
311 2098
312 2001
313 1986
314 2039
315 2031
316 2108
317 2073
318 1993
319 2088
320 1975
321 1999
322 1892
323 1876
324 1890
325 1937
326 1913
327 1856
328 1970
329 1989
330 1869
331 1867
332 1906
333 1840
334 1822
335 1866
336 1886
337 1750
338 1752
339 1766
340 1773
341 1785
342 1770
343 1766
344 1791
345 1801
346 1732
347 1693
348 1820
349 1815
350 1739
351 1709
352 1757
353 1773
354 1847
355 1762
356 1719
357 1714
358 1756
359 1673
360 1737
361 1650
362 1708
363 1645
364 1664
365 1616
366 1664
367 1704
368 1666
369 1669
370 1594
371 1620
372 1583
373 1603
374 1646
375 1650
376 1537
377 1539
378 1619
379 1647
380 1619
381 1595
382 1586
383 1535
384 1585
385 1510
386 1610
387 1608
388 1522
389 1490
390 1508
391 1497
392 1651
393 1633
394 1567
395 1627
396 1550
397 1636
398 1563
399 1617
400 1544
401 1649
402 1627
403 1636
404 1651
405 1617
406 1693
407 1707
408 1773
409 1687
410 1811
411 1715
412 1640
413 1605
414 1627
415 1654
416 1627
417 1607
418 1637
419 1521
420 1605
421 1616
422 1603
423 1577
424 1541
425 1516
426 1593
427 1514
428 1578
429 1654
430 1556
431 1510
432 1560
433 1500
434 1549
435 1545
436 1550
437 1590
438 1537
439 1545
440 1463
441 1534
442 1589
443 1516
444 1570
445 1592
446 1514
447 1660
448 1611
449 1569
450 1582
451 1561
452 1587
453 1581
454 1623
455 1661
456 1631
457 1617
458 1722
459 1716
460 1749
461 1786
462 1748
463 1800
464 1754
465 1787
466 1857
467 1879
468 1812
469 1864
470 1800
471 1807
472 1899
473 1762
474 1742
475 1813
476 1760
477 1756
478 1718
479 1694
480 1723
481 1687
482 1651
483 1701
484 1682
485 1689
486 1625
487 1678
488 1618
489 1619
490 1652
491 1715
492 1695
493 1686
494 1779
495 1761
496 1739
497 1724
498 1775
499 1880
500 1840
501 1928
502 1887
503 1818
504 1914
505 1861
506 1853
507 1833
508 1944
509 1898
510 1925
511 1916
512 1905
513 1891
514 1933
515 1950
516 1951
517 1873
518 1944
519 1904
520 1919
521 1921
522 1964
523 1959
524 2018
525 1989
526 2051
527 1980
528 2080
529 2031
530 1992
531 1976
532 1981
533 1977
534 2040
535 1943
536 1961
537 2049
538 1975
539 1965
540 2120
541 2056
542 2160
543 2070
544 2090
545 2057
546 2077
547 2016
548 2076
549 2056
550 2068
551 2045
552 1981
553 2023
554 2058
555 1989
556 2048
557 2054
558 2005
559 2046
560 2001
561 2007
562 2089
563 1919
564 1988
565 2036
566 1961
567 2062
568 1986
569 2007
570 1970
571 1998
572 2067
573 2068
574 2050
575 1956
576 1926
577 1980
578 2013
579 2031
580 2068
581 1934
582 1983
583 2030
584 1965
585 1937
586 1998
587 2027
588 2048
589 2037
590 2055
591 2075
592 2001
593 2059
594 2027
595 2027
596 2057
597 2055
598 2040
599 2115
600 1996
601 2004
602 2118
603 2176
604 2052
605 2064
606 2137
607 2031
608 2061
609 2142
610 2106
611 2061
612 2049
613 2043
614 2136
615 2075
616 2086
617 2029
618 2097
619 2151
620 2060
621 2060
622 2010
623 2057
624 2013
625 2060
626 1989
627 2061
628 1992
629 2021
630 1934
631 1982
632 1973
633 1963
634 2045
635 1955
636 1942
637 1947
638 1953
639 1933
640 1966
641 1965
642 1916
643 1962
644 1925
645 1933
646 1932
647 1883
648 1892
649 1880
650 1908
651 1913
652 1905
653 1868
654 1835
655 1795
656 1883
657 1779
658 1866
659 1779
660 1837
661 1844
662 1863
663 1763
664 1862
665 1827
666 1838
667 1861
668 1802
669 1759
670 1768
671 1750
672 1808
673 1856
674 1775
675 1711
676 1726
677 1805
678 1799
679 1798
680 1776
681 1776
682 1836
683 1776
684 1761
685 1823
686 1776
687 1723
688 1670
689 1718
690 1758
691 1712
692 1769
693 1753
694 1723
695 1827
696 1689
697 1734
698 1738
699 1680
700 1722
701 1670
702 1729
703 1715
704 1665
705 1645
706 1656
707 1646
708 1679
709 1673
710 1676
711 1572
712 1584
713 1663
714 1513
715 1702
716 1564
717 1593
718 1646
719 1583
720 1545
721 1547
722 1575
723 1600
724 1565
725 1610
726 1556
727 1592
728 1602
729 1567
730 1547
731 1568
732 1578
733 1590
734 1498
735 1535
736 1568
737 1565
738 1559
739 1543
740 1519
741 1513
742 1509
743 1467
744 1515
745 1474
746 1509
747 1511
748 1488
749 1499
750 1467
751 1479
752 1385
753 1445
754 1495
755 1378
756 1440
757 1566
758 1441
759 1456
760 1422
761 1511
762 1426
763 1420
764 1408
765 1404
766 1356
767 1456
768 1404
769 1399
770 1369
771 1410
772 1450
773 1389
774 1414
775 1444
776 1348
777 1343
778 1368
779 1329
780 1341
781 1322
782 1323
783 1256
784 1257
785 1270
786 1245
787 1315
788 1253
789 1311
790 1246
791 1302
792 1239
793 1300
794 1256
795 1318
796 1212
797 1207
798 1227
799 1190
800 1243
801 1258
802 1227
803 1243
804 1169
805 1154
806 1242
807 1235
808 1232
809 1206
810 1208
811 1227
812 1243
813 1103
814 1164
815 1180
816 1143
817 1191
818 1181
819 1086
820 1076
821 1077
822 1145
823 1124
824 1215
825 1166
826 1144
827 1193
828 1145
829 1208
830 1161
831 1123
832 1120
833 1119
834 1092
835 1165
836 1091
837 1131
838 1064
839 1065
840 1144
841 1088
842 1089
843 1073
844 1103
845 1082
846 1112
847 1124
848 1114
849 1135
850 1104
851 1087
852 1036
853 1089
854 1091
855 1076
856 1151
857 1036
858 1052
859 1110
860 1034
861 1016
862 1083
863 1061
864 1080
865 1011
866 972
867 1023
868 1028
869 969
870 1024
871 1034
872 1060
873 978
874 1053
875 1027
876 1005
877 1007
878 952
879 960
880 983
881 959
882 1019
883 992
884 1005
885 994
886 973
887 1015
888 990
889 993
890 983
891 964
892 928
893 936
894 988
895 969
896 1017
897 947
898 985
899 987
900 950
901 982
902 934
903 960
904 903
905 909
906 943
907 907
908 960
909 937
910 935
911 915
912 945
913 894
914 882
915 860
916 910
917 945
918 923
919 887
920 879
921 863
922 913
923 898
924 894
925 876
926 882
927 908
928 888
929 890
930 817
931 854
932 872
933 863
934 882
935 885
936 857
937 854
938 869
939 875
940 871
941 876
942 873
943 842
944 819
945 863
946 852
947 836
948 841
949 828
950 806
951 812
952 857
953 767
954 803
955 869
956 798
957 822
958 800
959 808
960 770
961 797
962 768
963 747
964 780
965 804
966 718
967 773
968 780
969 788
970 787
971 783
972 793
973 714
974 755
975 791
976 749
977 756
978 796
979 725
980 779
981 750
982 698
983 682
984 698
985 681
986 713
987 720
988 696
989 750
990 721
991 714
992 684
993 715
994 714
995 647
996 686
997 653
998 689
999 676
1000 683
1001 619
1002 673
1003 701
1004 676
1005 659
1006 647
1007 717
1008 664
1009 642
1010 687
1011 630
1012 652
1013 604
1014 626
1015 661
1016 636
1017 595
1018 625
1019 624
1020 684
1021 615
1022 590
1023 567
1024 630
1025 605
1026 600
1027 593
1028 659
1029 614
1030 611
1031 614
1032 607
1033 612
1034 580
1035 556
1036 578
1037 599
1038 567
1039 600
1040 576
1041 551
1042 542
1043 576
1044 576
1045 530
1046 564
1047 540
1048 553
1049 552
1050 547
1051 587
1052 518
1053 519
1054 606
1055 555
1056 496
1057 538
1058 550
1059 522
1060 512
1061 524
1062 513
1063 527
1064 510
1065 485
1066 524
1067 504
1068 501
1069 470
1070 488
1071 523
1072 487
1073 496
1074 482
1075 519
1076 512
1077 470
1078 507
1079 487
1080 486
1081 494
1082 501
1083 509
1084 503
1085 476
1086 472
1087 450
1088 460
1089 479
1090 444
1091 487
1092 435
1093 460
1094 458
1095 420
1096 450
1097 439
1098 453
1099 455
1100 502
1101 473
1102 395
1103 464
1104 438
1105 443
1106 454
1107 452
1108 423
1109 452
1110 423
1111 415
1112 434
1113 426
1114 406
1115 437
1116 427
1117 421
1118 380
1119 434
1120 426
1121 379
1122 435
1123 468
1124 405
1125 384
1126 391
1127 401
1128 373
1129 388
1130 411
1131 415
1132 408
1133 356
1134 405
1135 389
1136 365
1137 366
1138 376
1139 358
1140 393
1141 387
1142 374
1143 354
1144 376
1145 361
1146 366
1147 347
1148 369
1149 367
1150 351
1151 366
1152 369
1153 365
1154 349
1155 364
1156 352
1157 355
1158 336
1159 351
1160 368
1161 346
1162 343
1163 360
1164 332
1165 320
1166 353
1167 307
1168 319
1169 328
1170 316
1171 339
1172 326
1173 323
1174 327
1175 328
1176 324
1177 303
1178 301
1179 321
1180 343
1181 346
1182 272
1183 330
1184 320
1185 332
1186 305
1187 313
1188 299
1189 313
1190 303
1191 327
1192 285
1193 330
1194 330
1195 347
1196 261
1197 276
1198 322
1199 266
1200 328
1201 304
1202 273
1203 289
1204 325
1205 280
1206 284
1207 298
1208 288
1209 302
1210 267
1211 304
1212 289
1213 268
1214 249
1215 297
1216 306
1217 260
1218 272
1219 270
1220 269
1221 299
1222 254
1223 235
1224 279
1225 255
1226 263
1227 268
1228 246
1229 246
1230 273
1231 291
1232 278
1233 267
1234 262
1235 254
1236 264
1237 250
1238 256
1239 232
1240 238
1241 220
1242 256
1243 246
1244 235
1245 258
1246 221
1247 245
1248 231
1249 238
1250 254
1251 238
1252 228
1253 247
1254 237
1255 224
1256 243
1257 227
1258 230
1259 224
1260 231
1261 213
1262 239
1263 205
1264 240
1265 245
1266 241
1267 206
1268 226
1269 192
1270 206
1271 190
1272 241
1273 193
1274 221
1275 227
1276 235
1277 211
1278 190
1279 193
1280 192
1281 206
1282 206
1283 180
1284 198
1285 206
1286 211
1287 205
1288 186
1289 183
1290 223
1291 181
1292 206
1293 175
1294 204
1295 189
1296 196
1297 200
1298 174
1299 185
1300 200
1301 176
1302 212
1303 182
1304 169
1305 184
1306 214
1307 183
1308 198
1309 189
1310 192
1311 177
1312 194
1313 191
1314 184
1315 181
1316 181
1317 169
1318 186
1319 182
1320 179
1321 171
1322 196
1323 172
1324 160
1325 167
1326 178
1327 178
1328 164
1329 161
1330 159
1331 159
1332 168
1333 183
1334 132
1335 152
1336 171
1337 179
1338 165
1339 154
1340 165
1341 161
1342 165
1343 159
1344 147
1345 155
1346 149
1347 165
1348 156
1349 167
1350 164
1351 172
1352 139
1353 132
1354 156
1355 150
1356 161
1357 164
1358 154
1359 153
1360 129
1361 158
1362 128
1363 147
1364 142
1365 158
1366 139
1367 148
1368 143
1369 158
1370 125
1371 115
1372 158
1373 118
1374 126
1375 153
1376 158
1377 130
1378 115
1379 130
1380 127
1381 132
1382 124
1383 121
1384 133
1385 113
1386 141
1387 114
1388 118
1389 112
1390 132
1391 122
1392 110
1393 117
1394 139
1395 128
1396 117
1397 108
1398 124
1399 104
1400 130
1401 104
1402 115
1403 129
1404 102
1405 120
1406 95
1407 87
1408 107
1409 127
1410 96
1411 115
1412 107
1413 96
1414 98
1415 119
1416 122
1417 115
1418 100
1419 122
1420 100
1421 99
1422 92
1423 81
1424 106
1425 104
1426 82
1427 106
1428 116
1429 91
1430 88
1431 107
1432 93
1433 95
1434 96
1435 84
1436 93
1437 108
1438 103
1439 105
1440 84
1441 96
1442 70
1443 101
1444 88
1445 92
1446 86
1447 86
1448 91
1449 87
1450 82
1451 95
1452 78
1453 72
1454 68
1455 82
1456 88
1457 89
1458 82
1459 69
1460 97
1461 85
1462 89
1463 76
1464 76
1465 71
1466 73
1467 68
1468 90
1469 73
1470 87
1471 88
1472 82
1473 72
1474 86
1475 74
1476 82
1477 74
1478 81
1479 67
1480 81
1481 63
1482 93
1483 68
1484 71
1485 70
1486 75
1487 62
1488 78
1489 68
1490 63
1491 54
1492 67
1493 57
1494 68
1495 71
1496 63
1497 72
1498 55
1499 56
1500 68
1501 66
1502 58
1503 68
1504 61
1505 57
1506 53
1507 50
1508 54
1509 69
1510 43
1511 67
1512 71
1513 49
1514 56
1515 60
1516 57
1517 49
1518 59
1519 64
1520 57
1521 43
1522 54
1523 50
1524 53
1525 53
1526 57
1527 56
1528 59
1529 50
1530 54
1531 47
1532 44
1533 52
1534 44
1535 34
1536 36
1537 48
1538 51
1539 50
1540 46
1541 52
1542 54
1543 48
1544 49
1545 30
1546 37
1547 33
1548 39
1549 48
1550 41
1551 41
1552 49
1553 41
1554 47
1555 53
1556 47
1557 24
1558 36
1559 42
1560 36
1561 39
1562 34
1563 41
1564 34
1565 37
1566 34
1567 40
1568 36
1569 33
1570 38
1571 47
1572 35
1573 26
1574 31
1575 42
1576 42
1577 34
1578 28
1579 52
1580 35
1581 27
1582 29
1583 35
1584 40
1585 47
1586 21
1587 26
1588 27
1589 31
1590 30
1591 45
1592 25
1593 26
1594 25
1595 30
1596 39
1597 33
1598 22
1599 20
1600 23
1601 18
1602 28
1603 25
1604 27
1605 27
1606 30
1607 27
1608 36
1609 23
1610 22
1611 16
1612 28
1613 31
1614 24
1615 31
1616 16
1617 22
1618 40
1619 32
1620 28
1621 38
1622 24
1623 25
1624 23
1625 25
1626 21
1627 24
1628 22
1629 17
1630 22
1631 28
1632 24
1633 25
1634 23
1635 22
1636 24
1637 21
1638 20
1639 22
1640 28
1641 22
1642 24
1643 18
1644 23
1645 20
1646 20
1647 13
1648 17
1649 11
1650 18
1651 18
1652 19
1653 19
1654 12
1655 16
1656 19
1657 13
1658 25
1659 17
1660 21
1661 22
1662 17
1663 16
1664 28
1665 12
1666 15
1667 11
1668 14
1669 14
1670 20
1671 12
1672 7
1673 18
1674 13
1675 18
1676 11
1677 13
1678 12
1679 17
1680 12
1681 10
1682 10
1683 10
1684 15
1685 17
1686 12
1687 9
1688 14
1689 13
1690 12
1691 17
1692 14
1693 13
1694 14
1695 12
1696 8
1697 8
1698 16
1699 11
1700 10
1701 17
1702 11
1703 4
1704 13
1705 5
1706 8
1707 10
1708 11
1709 8
1710 9
1711 10
1712 8
1713 13
1714 5
1715 10
1716 8
1717 16
1718 15
1719 5
1720 5
1721 6
1722 8
1723 9
1724 5
1725 8
1726 7
1727 8
1728 11
1729 5
1730 9
1731 8
1732 8
1733 7
1734 7
1735 5
1736 8
1737 6
1738 7
1739 8
1740 7
1741 8
1742 5
1743 4
1744 11
1745 10
1746 3
1747 5
1748 4
1749 3
1750 11
1751 5
1752 2
1753 8
1754 8
1755 6
1756 6
1757 5
1758 10
1759 4
1760 9
1761 5
1762 4
1763 6
1764 8
1765 3
1766 3
1767 4
1768 3
1769 8
1770 5
1771 14
1772 5
1773 7
1774 6
1775 2
1776 7
1777 3
1778 7
1779 7
1780 3
1781 3
1782 8
1783 5
1784 3
1785 4
1786 4
1787 3
1788 7
1789 4
1790 3
1791 3
1792 3
1793 6
1794 4
1795 1
1796 8
1797 4
1798 3
1799 6
1800 1
1801 3
1802 1
1803 4
1804 7
1805 6
1806 3
1807 3
1808 6
1809 1
1810 2
1811 3
1812 2
1813 4
1814 4
1815 6
1816 5
1817 5
1818 1
1819 4
1821 4
1822 2
1823 2
1824 4
1825 6
1826 3
1827 2
1830 5
1831 7
1832 1
1835 3
1836 5
1837 2
1838 5
1839 3
1840 4
1841 4
1842 2
1843 6
1844 1
1845 3
1846 2
1847 1
1848 2
1849 2
1850 5
1851 4
1852 3
1853 3
1854 4
1855 1
1856 2
1858 2
1859 3
1860 1
1861 3
1862 2
1863 2
1864 3
1865 5
1866 1
1867 3
1868 2
1869 2
1870 4
1871 5
1872 3
1873 2
1874 1
1877 1
1879 2
1882 2
1883 2
1885 1
1886 1
1889 2
1892 2
1895 1
1898 1
1899 1
1902 1
1909 1
1910 1
1914 1
1915 1
1917 2
1919 2
1923 1
1930 2
1932 1
1933 1
1935 1
1938 2
1939 1
1940 1
1941 1
1942 1
1943 1
1948 1
1949 2
1955 2
1958 1
1964 1
1965 1
1966 1
1969 4
1970 1
1977 1
1978 1
1980 1
1981 1
1987 1
1994 1
1997 1
2008 1
2010 1
2012 1
2020 1
2023 1
2030 1
2034 1
2035 2
2039 1
2040 1
2041 1
2042 1
2044 1
2045 1
2048 2
2063 1
2071 1
