-1221 1
-1220 1
-1219 1
-1218 4
-1217 4
-1216 7
-1215 10
-1214 22
-1213 31
-1212 24
-1211 36
-1210 37
-1209 46
-1208 65
-1207 91
-1206 82
-1205 88
-1204 92
-1203 124
-1202 136
-1201 126
-1200 167
-1199 189
-1198 180
-1197 175
-1196 210
-1195 194
-1194 200
-1193 249
-1192 213
-1191 257
-1190 237
-1189 263
-1188 273
-1187 296
-1186 259
-1185 298
-1184 326
-1183 310
-1182 300
-1181 305
-1180 292
-1179 322
-1178 362
-1177 337
-1176 366
-1175 373
-1174 368
-1173 370
-1172 432
-1171 344
-1170 391
-1169 391
-1168 400
-1167 343
-1166 383
-1165 399
-1164 360
-1163 361
-1162 412
-1161 389
-1160 394
-1159 360
-1158 398
-1157 409
-1156 380
-1155 404
-1154 398
-1153 364
-1152 417
-1151 403
-1150 418
-1149 419
-1148 449
-1147 437
-1146 469
-1145 474
-1144 531
-1143 513
-1142 512
-1141 525
-1140 544
-1139 539
-1138 535
-1137 543
-1136 536
-1135 556
-1134 579
-1133 589
-1132 565
-1131 614
-1130 613
-1129 571
-1128 584
-1127 671
-1126 609
-1125 596
-1124 592
-1123 588
-1122 661
-1121 674
-1120 649
-1119 717
-1118 679
-1117 665
-1116 687
-1115 654
-1114 714
-1113 780
-1112 771
-1111 813
-1110 737
-1109 827
-1108 832
-1107 808
-1106 809
-1105 809
-1104 823
-1103 832
-1102 816
-1101 879
-1100 919
-1099 871
-1098 826
-1097 890
-1096 950
-1095 937
-1094 860
-1093 936
-1092 924
-1091 937
-1090 930
-1089 897
-1088 918
-1087 912
-1086 888
-1085 937
-1084 942
-1083 893
-1082 826
-1081 851
-1080 878
-1079 974
-1078 919
-1077 909
-1076 900
-1075 909
-1074 982
-1073 929
-1072 928
-1071 961
-1070 961
-1069 913
-1068 980
-1067 974
-1066 979
-1065 970
-1064 972
-1063 1020
-1062 1043
-1061 1016
-1060 1063
-1059 1042
-1058 1066
-1057 1125
-1056 1145
-1055 1074
-1054 1102
-1053 1233
-1052 1223
-1051 1237
-1050 1256
-1049 1225
-1048 1284
-1047 1310
-1046 1326
-1045 1417
-1044 1411
-1043 1437
-1042 1471
-1041 1515
-1040 1507
-1039 1503
-1038 1556
-1037 1562
-1036 1618
-1035 1593
-1034 1529
-1033 1694
-1032 1623
-1031 1630
-1030 1597
-1029 1614
-1028 1656
-1027 1673
-1026 1699
-1025 1535
-1024 1613
-1023 1504
-1022 1587
-1021 1549
-1020 1589
-1019 1715
-1018 1688
-1017 1660
-1016 1664
-1015 1679
-1014 1626
-1013 1698
-1012 1679
-1011 1687
-1010 1734
-1009 1678
-1008 1650
-1007 1683
-1006 1720
-1005 1729
-1004 1778
-1003 1767
-1002 1838
-1001 1863
-1000 1799
-999 1774
-998 1813
-997 1813
-996 1845
-995 1856
-994 1935
-993 1905
-992 1937
-991 1935
-990 1943
-989 2017
-988 1925
-987 1938
-986 2002
-985 2038
-984 2152
-983 2130
-982 2192
-981 2152
-980 2175
-979 2212
-978 2233
-977 2357
-976 2280
-975 2220
-974 2410
-973 2439
-972 2401
-971 2483
-970 2525
-969 2423
-968 2447
-967 2541
-966 2486
-965 2489
-964 2470
-963 2384
-962 2486
-961 2448
-960 2534
-959 2501
-958 2509
-957 2470
-956 2522
-955 2601
-954 2574
-953 2568
-952 2606
-951 2663
-950 2630
-949 2641
-948 2634
-947 2662
-946 2681
-945 2717
-944 2795
-943 2780
-942 2806
-941 2688
-940 2783
-939 2706
-938 2671
-937 2693
-936 2825
-935 2821
-934 2757
-933 2944
-932 2805
-931 2892
-930 2816
-929 2923
-928 2837
-927 2845
-926 2926
-925 2950
-924 2947
-923 2945
-922 2991
-921 3073
-920 2873
-919 2987
-918 3016
-917 2969
-916 3055
-915 3145
-914 3121
-913 3210
-912 3217
-911 3114
-910 3232
-909 3301
-908 3213
-907 3141
-906 3268
-905 3303
-904 3287
-903 3248
-902 3366
-901 3475
-900 3406
-899 3390
-898 3332
-897 3292
-896 3290
-895 3298
-894 3377
-893 3377
-892 3362
-891 3329
-890 3590
-889 3329
-888 3431
-887 3359
-886 3436
-885 3400
-884 3370
-883 3366
-882 3364
-881 3438
-880 3404
-879 3419
-878 3274
-877 3427
-876 3338
-875 3417
-874 3523
-873 3496
-872 3479
-871 3414
-870 3548
-869 3556
-868 3496
-867 3511
-866 3589
-865 3514
-864 3413
-863 3494
-862 3467
-861 3521
-860 3547
-859 3462
-858 3506
-857 3602
-856 3651
-855 3653
-854 3473
-853 3625
-852 3683
-851 3635
-850 3619
-849 3734
-848 3739
-847 3823
-846 3742
-845 3808
-844 3785
-843 3749
-842 3896
-841 3897
-840 3945
-839 3837
-838 3853
-837 3863
-836 3738
-835 3823
-834 3870
-833 3785
-832 3797
-831 3885
-830 3867
-829 3780
-828 3859
-827 3954
-826 4009
-825 4017
-824 4015
-823 4067
-822 4014
-821 4204
-820 4068
-819 4156
-818 4246
-817 4136
-816 4196
-815 4260
-814 4233
-813 4293
-812 4435
-811 4307
-810 4406
-809 4418
-808 4457
-807 4329
-806 4492
-805 4460
-804 4487
-803 4502
-802 4662
-801 4524
-800 4499
-799 4609
-798 4590
-797 4688
-796 4640
-795 4693
-794 4685
-793 4703
-792 4953
-791 4803
-790 4761
-789 4834
-788 4714
-787 4660
-786 4733
-785 4798
-784 4846
-783 5006
-782 4987
-781 5135
-780 5000
-779 5231
-778 5220
-777 5233
-776 5051
-775 5358
-774 5236
-773 5355
-772 5482
-771 5372
-770 5466
-769 5552
-768 5590
-767 5513
-766 5531
-765 5435
-764 5523
-763 5550
-762 5490
-761 5382
-760 5435
-759 5599
-758 5627
-757 5525
-756 5519
-755 5558
-754 5501
-753 5538
-752 5422
-751 5682
-750 5624
-749 5565
-748 5503
-747 5445
-746 5436
-745 5466
-744 5364
-743 5410
-742 5544
-741 5484
-740 5462
-739 5594
-738 5522
-737 5620
-736 5593
-735 5690
-734 5675
-733 5744
-732 5877
-731 5845
-730 5595
-729 5591
-728 5626
-727 5712
-726 5639
-725 5650
-724 5678
-723 5666
-722 5526
-721 5602
-720 5568
-719 5693
-718 5546
-717 5756
-716 5701
-715 5709
-714 5722
-713 5738
-712 5755
-711 5796
-710 5778
-709 5733
-708 5809
-707 5723
-706 5808
-705 5772
-704 5799
-703 5997
-702 5964
-701 5974
-700 5975
-699 6176
-698 6084
-697 6114
-696 6139
-695 6091
-694 6150
-693 6343
-692 6391
-691 6261
-690 6237
-689 6187
-688 6233
-687 6127
-686 6287
-685 6253
-684 6204
-683 6141
-682 6143
-681 6219
-680 6252
-679 6364
-678 6723
-677 6565
-676 6630
-675 6781
-674 7085
-673 7118
-672 7439
-671 7138
-670 7169
-669 6958
-668 7401
-667 6999
-666 6873
-665 6937
-664 6676
-663 6944
-662 6763
-661 6872
-660 6862
-659 6807
-658 6826
-657 6624
-656 6809
-655 6737
-654 6671
-653 6679
-652 6838
-651 6561
-650 6692
-649 6554
-648 6653
-647 6516
-646 6609
-645 6649
-644 6613
-643 6469
-642 6604
-641 6620
-640 6631
-639 6525
-638 6476
-637 6612
-636 6551
-635 6638
-634 6647
-633 6732
-632 6706
-631 6518
-630 6517
-629 6495
-628 6571
-627 6485
-626 6460
-625 6514
-624 6364
-623 6208
-622 6296
-621 6249
-620 6336
-619 6251
-618 6111
-617 6248
-616 6168
-615 6309
-614 6169
-613 6279
-612 6220
-611 6125
-610 5976
-609 6131
-608 5895
-607 5911
-606 5970
-605 5783
-604 5826
-603 5707
-602 5847
-601 5859
-600 5863
-599 5847
-598 5834
-597 5705
-596 5759
-595 5822
-594 5637
-593 5905
-592 5764
-591 5676
-590 5636
-589 5702
-588 5584
-587 5678
-586 5692
-585 5751
-584 5631
-583 5562
-582 5550
-581 5730
-580 5638
-579 5758
-578 5629
-577 5569
-576 5557
-575 5539
-574 5488
-573 5662
-572 5653
-571 5566
-570 5608
-569 5564
-568 5516
-567 5500
-566 5411
-565 5518
-564 5549
-563 5515
-562 5759
-561 5665
-560 5731
-559 5587
-558 5507
-557 5572
-556 5495
-555 5691
-554 5720
-553 5640
-552 5884
-551 5718
-550 5520
-549 5688
-548 5567
-547 5566
-546 5510
-545 5595
-544 5667
-543 5713
-542 5519
-541 5653
-540 5644
-539 5616
-538 5537
-537 5537
-536 5506
-535 5588
-534 5527
-533 5460
-532 5517
-531 5393
-530 5431
-529 5430
-528 5371
-527 5592
-526 5431
-525 5418
-524 5465
-523 5277
-522 5466
-521 5431
-520 5366
-519 5336
-518 5399
-517 5255
-516 5352
-515 5240
-514 5220
-513 5169
-512 5059
-511 5228
-510 5228
-509 5169
-508 5157
-507 5157
-506 5254
-505 5029
-504 5187
-503 4914
-502 5167
-501 5062
-500 5107
-499 5206
-498 5055
-497 4960
-496 5113
-495 5130
-494 5049
-493 4971
-492 5006
-491 5063
-490 5108
-489 5010
-488 5144
-487 4950
-486 5062
-485 4975
-484 5085
-483 5056
-482 4888
-481 5009
-480 5043
-479 4981
-478 4998
-477 4987
-476 5036
-475 5090
-474 5194
-473 5137
-472 5170
-471 5174
-470 5147
-469 5023
-468 4972
-467 4915
-466 4825
-465 4929
-464 4877
-463 4857
-462 4877
-461 4966
-460 4833
-459 4937
-458 4876
-457 4845
-456 4839
-455 4911
-454 4936
-453 4814
-452 4816
-451 4905
-450 4942
-449 4915
-448 5026
-447 4897
-446 5018
-445 5019
-444 5204
-443 5027
-442 4965
-441 4930
-440 4950
-439 4854
-438 4646
-437 4734
-436 4641
-435 4602
-434 4499
-433 4728
-432 4493
-431 4624
-430 4600
-429 4467
-428 4607
-427 4513
-426 4620
-425 4653
-424 4607
-423 4551
-422 4668
-421 4572
-420 4489
-419 4605
-418 4587
-417 4603
-416 4501
-415 4508
-414 4534
-413 4306
-412 4454
-411 4460
-410 4491
-409 4340
-408 4382
-407 4284
-406 4339
-405 4421
-404 4533
-403 4188
-402 4426
-401 4447
-400 4317
-399 4341
-398 4424
-397 4358
-396 4342
-395 4443
-394 4287
-393 4316
-392 4412
-391 4407
-390 4406
-389 4341
-388 4408
-387 4451
-386 4429
-385 4489
-384 4376
-383 4410
-382 4498
-381 4420
-380 4423
-379 4381
-378 4359
-377 4451
-376 4328
-375 4449
-374 4529
-373 4538
-372 4344
-371 4342
-370 4174
-369 4192
-368 4153
-367 4259
-366 4017
-365 4068
-364 3993
-363 4073
-362 4088
-361 4093
-360 4081
-359 4071
-358 4119
-357 3931
-356 3973
-355 3950
-354 3974
-353 3832
-352 3884
-351 3875
-350 3772
-349 3780
-348 3671
-347 3800
-346 3561
-345 3632
-344 3628
-343 3680
-342 3596
-341 3713
-340 3598
-339 3584
-338 3549
-337 3475
-336 3544
-335 3471
-334 3495
-333 3529
-332 3411
-331 3403
-330 3369
-329 3276
-328 3389
-327 3343
-326 3207
-325 3351
-324 3257
-323 3292
-322 3278
-321 3341
-320 3201
-319 3167
-318 3170
-317 3177
-316 3165
-315 3125
-314 3120
-313 3067
-312 3062
-311 3106
-310 3041
-309 2947
-308 3068
-307 3035
-306 3021
-305 3033
-304 2976
-303 3007
-302 2956
-301 2972
-300 3035
-299 2877
-298 3056
-297 2992
-296 2750
-295 2848
-294 2823
-293 2917
-292 2916
-291 2739
-290 2844
-289 2863
-288 2781
-287 2867
-286 2914
-285 2752
-284 2811
-283 2753
-282 2806
-281 2749
-280 2731
-279 2686
-278 2730
-277 2687
-276 2660
-275 2688
-274 2763
-273 2737
-272 2805
-271 2742
-270 2705
-269 2707
-268 2679
-267 2721
-266 2578
-265 2587
-264 2590
-263 2595
-262 2526
-261 2551
-260 2539
-259 2470
-258 2375
-257 2476
-256 2468
-255 2425
-254 2376
-253 2373
-252 2380
-251 2360
-250 2292
-249 2329
-248 2367
-247 2386
-246 2357
-245 2326
-244 2324
-243 2257
-242 2343
-241 2217
-240 2261
-239 2286
-238 2261
-237 2321
-236 2191
-235 2175
-234 2099
-233 2202
-232 2271
-231 2159
-230 2122
-229 2095
-228 2146
-227 2132
-226 2072
-225 2086
-224 2130
-223 2046
-222 2111
-221 2109
-220 2065
-219 2097
-218 1924
-217 1976
-216 2067
-215 2068
-214 2054
-213 2073
-212 2046
-211 1986
-210 1924
-209 2008
-208 1936
-207 2003
-206 1994
-205 1991
-204 1937
-203 1940
-202 1876
-201 1906
-200 1881
-199 1841
-198 1809
-197 1835
-196 1787
-195 1916
-194 1831
-193 1774
-192 1825
-191 1742
-190 1741
-189 1822
-188 1708
-187 1748
-186 1784
-185 1743
-184 1731
-183 1874
-182 1671
-181 1707
-180 1687
-179 1632
-178 1732
-177 1621
-176 1647
-175 1656
-174 1662
-173 1660
-172 1660
-171 1701
-170 1607
-169 1631
-168 1570
-167 1519
-166 1575
-165 1503
-164 1479
-163 1537
-162 1536
-161 1496
-160 1558
-159 1486
-158 1412
-157 1451
-156 1490
-155 1436
-154 1484
-153 1442
-152 1464
-151 1499
-150 1468
-149 1422
-148 1380
-147 1363
-146 1429
-145 1391
-144 1372
-143 1374
-142 1354
-141 1371
-140 1354
-139 1357
-138 1313
-137 1298
-136 1305
-135 1303
-134 1256
-133 1347
-132 1287
-131 1210
-130 1265
-129 1265
-128 1229
-127 1257
-126 1195
-125 1209
-124 1129
-123 1236
-122 1179
-121 1107
-120 1225
-119 1153
-118 1167
-117 1128
-116 1125
-115 1115
-114 1117
-113 1120
-112 1109
-111 1145
-110 1096
-109 1087
-108 1136
-107 1072
-106 1066
-105 1013
-104 1062
-103 994
-102 1052
-101 979
-100 1006
-99 1003
-98 973
-97 991
-96 922
-95 1029
-94 1006
-93 951
-92 984
-91 1031
-90 941
-89 941
-88 939
-87 980
-86 962
-85 953
-84 867
-83 929
-82 936
-81 957
-80 953
-79 882
-78 941
-77 924
-76 925
-75 921
-74 884
-73 885
-72 875
-71 845
-70 875
-69 885
-68 884
-67 868
-66 863
-65 829
-64 837
-63 826
-62 825
-61 852
-60 886
-59 849
-58 813
-57 821
-56 762
-55 809
-54 855
-53 822
-52 830
-51 804
-50 802
-49 829
-48 774
-47 796
-46 801
-45 815
-44 755
-43 766
-42 764
-41 769
-40 767
-39 717
-38 734
-37 758
-36 735
-35 724
-34 715
-33 770
-32 686
-31 744
-30 729
-29 699
-28 672
-27 647
-26 665
-25 684
-24 707
-23 654
-22 691
-21 655
-20 657
-19 684
-18 662
-17 601
-16 633
-15 640
-14 611
-13 611
-12 653
-11 625
-10 593
-9 593
-8 590
-7 601
-6 594
-5 597
-4 635
-3 565
-2 582
-1 592
0 621
1 567
2 583
3 545
4 566
5 579
6 559
7 564
8 519
9 586
10 573
11 490
12 528
13 562
14 524
15 524
16 578
17 517
18 501
19 519
20 491
21 487
22 520
23 519
24 481
25 539
26 467
27 465
28 496
29 488
30 468
31 468
32 453
33 489
34 466
35 515
36 463
37 457
38 462
39 501
40 457
41 438
42 423
43 429
44 432
45 407
46 430
47 428
48 431
49 429
50 459
51 439
52 408
53 409
54 386
55 416
56 416
57 404
58 416
59 394
60 415
61 377
62 381
63 370
64 396
65 388
66 367
67 395
68 362
69 327
70 377
71 368
72 339
73 345
74 328
75 356
76 369
77 335
78 310
79 357
80 337
81 327
82 331
83 341
84 305
85 307
86 329
87 332
88 278
89 363
90 293
91 326
92 330
93 345
94 297
95 312
96 281
97 311
98 292
99 251
100 303
101 293
102 271
103 265
104 286
105 301
106 302
107 290
108 257
109 234
110 250
111 281
112 304
113 266
114 250
115 270
116 255
117 262
118 236
119 252
120 274
121 253
122 272
123 281
124 228
125 254
126 245
127 217
128 241
129 266
130 225
131 245
132 240
133 221
134 218
135 229
136 212
137 225
138 233
139 204
140 218
141 206
142 235
143 203
144 209
145 179
146 211
147 199
148 198
149 251
150 215
151 211
152 208
153 174
154 229
155 224
156 195
157 205
158 200
159 202
160 178
161 150
162 183
163 200
164 172
165 204
166 185
167 185
168 200
169 196
170 188
171 197
172 167
173 180
174 201
175 184
176 169
177 172
178 163
179 183
180 183
181 160
182 173
183 195
184 176
185 184
186 173
187 158
188 158
189 152
190 148
191 163
192 144
193 152
194 141
195 161
196 157
197 155
198 162
199 155
200 137
201 159
202 143
203 136
204 161
205 126
206 133
207 155
208 112
209 127
210 132
211 139
212 146
213 124
214 145
215 135
216 136
217 122
218 152
219 126
220 152
221 125
222 128
223 121
224 121
225 115
226 130
227 135
228 125
229 124
230 138
231 115
232 131
233 135
234 112
235 105
236 136
237 129
238 134
239 132
240 134
241 128
242 118
243 124
244 97
245 121
246 110
247 118
248 131
249 94
250 96
251 114
252 116
253 97
254 123
255 120
256 90
257 94
258 119
259 107
260 115
261 113
262 121
263 103
264 88
265 109
266 93
267 101
268 120
269 107
270 95
271 89
272 104
273 107
274 110
275 93
276 103
277 87
278 102
279 111
280 69
281 88
282 94
283 97
284 87
285 106
286 107
287 95
288 97
289 98
290 82
291 83
292 101
293 109
294 85
295 70
296 98
297 85
298 97
299 76
300 94
301 97
302 68
303 101
304 87
305 88
306 87
307 93
308 105
309 113
310 74
311 78
312 103
313 86
314 84
315 91
316 84
317 70
318 87
319 93
320 97
321 89
322 76
323 101
324 88
325 74
326 81
327 91
328 86
329 90
330 97
331 105
332 87
333 86
334 82
335 79
336 91
337 102
338 92
339 95
340 93
341 85
342 74
343 86
344 83
345 95
346 95
347 99
348 91
349 77
350 79
351 93
352 82
353 85
354 96
355 85
356 87
357 80
358 81
359 67
360 109
361 85
362 85
363 87
364 89
365 77
366 62
367 81
368 81
369 80
370 91
371 98
372 75
373 89
374 73
375 92
376 93
377 86
378 100
379 94
380 108
381 75
382 84
383 82
384 88
385 86
386 85
387 94
388 87
389 73
390 84
391 74
392 92
393 85
394 84
395 72
396 92
397 91
398 80
399 75
400 86
401 92
402 84
403 75
404 95
405 91
406 88
407 76
408 93
409 75
410 93
411 84
412 104
413 104
414 105
415 100
416 111
417 98
418 121
419 113
420 97
421 83
422 76
423 125
424 89
425 84
426 98
427 102
428 97
429 88
430 81
431 89
432 87
433 97
434 100
435 96
436 87
437 90
438 89
439 98
440 87
441 88
442 84
443 98
444 86
445 74
446 94
447 78
448 88
449 102
450 94
451 86
452 75
453 84
454 82
455 87
456 93
457 100
458 85
459 80
460 95
461 86
462 96
463 101
464 95
465 86
466 88
467 94
468 71
469 91
470 78
471 90
472 73
473 87
474 73
475 100
476 97
477 92
478 104
479 106
480 90
481 89
482 83
483 91
484 95
485 102
486 109
487 96
488 95
489 87
490 98
491 97
492 91
493 107
494 100
495 103
496 85
497 85
498 107
499 97
500 100
501 109
502 98
503 94
504 108
505 91
506 76
507 88
508 102
509 107
510 105
511 102
512 106
513 105
514 114
515 123
516 110
517 95
518 93
519 110
520 89
521 98
522 89
523 108
524 84
525 87
526 121
527 113
528 98
529 90
530 115
531 84
532 104
533 102
534 94
535 107
536 105
537 115
538 125
539 103
540 93
541 92
542 103
543 96
544 103
545 99
546 77
547 100
548 103
549 106
550 101
551 86
552 95
553 99
554 95
555 117
556 92
557 98
558 68
559 69
560 85
561 82
562 83
563 79
564 111
565 76
566 95
567 92
568 90
569 87
570 73
571 114
572 79
573 98
574 93
575 89
576 67
577 85
578 82
579 92
580 103
581 87
582 103
583 81
584 88
585 95
586 99
587 90
588 91
589 77
590 82
591 90
592 86
593 102
594 80
595 58
596 79
597 94
598 86
599 83
600 73
601 82
602 74
603 108
604 93
605 75
606 79
607 81
608 82
609 76
610 91
611 77
612 90
613 91
614 77
615 62
616 83
617 66
618 76
619 71
620 93
621 86
622 79
623 78
624 69
625 74
626 80
627 76
628 83
629 71
630 73
631 83
632 59
633 86
634 80
635 85
636 53
637 69
638 83
639 75
640 71
641 67
642 79
643 80
644 67
645 78
646 72
647 72
648 79
649 70
650 68
651 86
652 84
653 61
654 82
655 52
656 83
657 90
658 68
659 69
660 60
661 62
662 61
663 69
664 61
665 73
666 74
667 72
668 73
669 73
670 74
671 60
672 79
673 67
674 81
675 66
676 69
677 74
678 53
679 70
680 65
681 71
682 62
683 59
684 78
685 54
686 64
687 59
688 73
689 75
690 82
691 67
692 68
693 72
694 68
695 66
696 65
697 66
698 70
699 54
700 74
701 58
702 67
703 76
704 71
705 56
706 55
707 57
708 68
709 59
710 86
711 63
712 52
713 62
714 56
715 60
716 57
717 55
718 50
719 77
720 72
721 52
722 63
723 60
724 68
725 59
726 48
727 67
728 69
729 51
730 50
731 66
732 53
733 58
734 51
735 61
736 57
737 48
738 55
739 63
740 42
741 58
742 56
743 50
744 70
745 53
746 40
747 58
748 52
749 50
750 54
751 53
752 48
753 60
754 54
755 57
756 60
757 56
758 49
759 49
760 45
761 56
762 55
763 50
764 56
765 45
766 57
767 65
768 49
769 43
770 47
771 45
772 50
773 53
774 65
775 49
776 45
777 45
778 43
779 43
780 46
781 41
782 45
783 50
784 34
785 47
786 40
787 45
788 45
789 36
790 49
791 38
792 48
793 56
794 64
795 47
796 42
797 39
798 34
799 51
800 48
801 53
802 46
803 57
804 40
805 36
806 50
807 40
808 35
809 38
810 40
811 32
812 44
813 36
814 41
815 38
816 33
817 51
818 53
819 50
820 34
821 31
822 31
823 48
824 35
825 33
826 32
827 39
828 51
829 31
830 34
831 34
832 25
833 34
834 29
835 23
836 29
837 33
838 46
839 35
840 40
841 36
842 34
843 39
844 34
845 39
846 34
847 57
848 27
849 25
850 41
851 41
852 34
853 36
854 35
855 30
856 38
857 24
858 33
859 31
860 35
861 31
862 33
863 27
864 22
865 29
866 26
867 24
868 39
869 22
870 32
871 30
872 31
873 29
874 31
875 27
876 36
877 30
878 21
879 32
880 27
881 30
882 34
883 30
884 27
885 27
886 26
887 29
888 31
889 35
890 21
891 24
892 29
893 38
894 24
895 25
896 31
897 21
898 35
899 23
900 22
901 18
902 29
903 34
904 20
905 26
906 20
907 24
908 18
909 21
910 19
911 31
912 31
913 25
914 33
915 29
916 18
917 22
918 15
919 19
920 28
921 22
922 15
923 22
924 18
925 26
926 33
927 17
928 30
929 23
930 21
931 20
932 19
933 23
934 15
935 20
936 16
937 21
938 21
939 17
940 16
941 15
942 21
943 25
944 27
945 18
946 17
947 21
948 7
949 19
950 13
951 24
952 16
953 21
954 21
955 20
956 19
957 19
958 16
959 22
960 13
961 20
962 20
963 18
964 11
965 20
966 14
967 19
968 16
969 20
970 17
971 18
972 16
973 18
974 14
975 19
976 12
977 18
978 14
979 18
980 19
981 11
982 8
983 8
984 10
985 11
986 20
987 12
988 11
989 13
990 22
991 12
992 13
993 9
994 14
995 9
996 10
997 9
998 15
999 7
1000 18
1001 9
1002 8
1003 7
1004 10
1005 12
1006 11
1007 11
1008 7
1009 15
1010 15
1011 16
1012 9
1013 9
1014 15
1015 13
1016 12
1017 13
1018 13
1019 9
1020 8
1021 6
1022 15
1023 15
1024 6
1025 9
1026 10
1027 7
1028 10
1029 6
1030 12
1031 14
1032 10
1033 6
1034 10
1035 6
1036 12
1037 9
1038 12
1039 13
1040 8
1041 6
1042 11
1043 10
1044 6
1045 12
1046 4
1047 11
1048 10
1049 7
1050 13
1051 13
1052 8
1053 8
1054 4
1055 11
1056 2
1057 12
1058 11
1059 12
1060 12
1061 12
1062 6
1063 5
1064 9
1065 11
1066 11
1067 10
1068 9
1069 7
1070 6
1071 6
1072 10
1073 9
1074 4
1075 5
1076 10
1077 6
1078 6
1079 5
1080 6
1081 8
1082 7
1083 11
1084 9
1085 9
1086 11
1087 2
1088 10
1089 10
1090 9
1091 10
1092 6
1093 7
1094 6
1095 5
1096 3
1097 7
1098 5
1099 5
1100 12
1101 11
1102 6
1103 1
1104 5
1105 5
1106 7
1107 8
1108 3
1109 4
1110 7
1111 4
1112 5
1113 5
1114 3
1115 5
1116 5
1117 8
1118 3
1119 3
1120 6
1121 4
1122 8
1123 5
1124 3
1125 2
1126 4
1127 5
1128 1
1129 4
1130 3
1131 4
1132 5
1133 2
1134 5
1135 6
1136 4
1137 6
1138 4
1139 4
1140 5
1141 3
1142 6
1143 5
1144 7
1145 5
1146 3
1147 3
1148 7
1149 3
1150 2
1151 5
1152 1
1153 5
1154 3
1155 5
1156 5
1157 4
1158 6
1159 1
1160 2
1161 3
1162 5
1163 2
1164 6
1165 6
1166 4
1167 5
1168 6
1169 3
1170 4
1171 4
1172 2
1173 2
1174 7
1175 3
1176 1
1177 1
1178 3
1179 4
1181 4
1182 2
1183 2
1184 4
1185 1
1186 1
1187 3
1188 3
1189 5
1190 5
1191 3
1192 4
1193 4
1194 3
1195 1
1196 1
1197 4
1198 3
1199 1
1200 3
1201 4
1202 2
1203 4
1204 1
1205 4
1206 1
1207 1
1208 2
1209 4
1210 1
1211 3
1212 3
1213 3
1214 3
1215 3
1216 1
1217 3
1218 3
1219 1
1221 5
1222 4
1223 2
1224 2
1225 1
1226 3
1227 2
1228 3
1230 2
1231 4
1232 2
1233 3
1234 1
1235 3
1236 3
1237 3
1238 4
1239 1
1240 2
1241 2
1242 1
1243 5
1244 2
1246 2
1247 1
1248 4
1249 2
1250 1
1251 4
1252 3
1254 1
1255 1
1256 1
1257 1
1258 1
1259 1
1261 2
1262 1
1263 1
1264 3
1265 1
1266 2
1267 1
1268 3
1269 2
1271 3
1273 3
1274 1
1276 1
1277 1
1278 3
1279 2
1280 1
1281 3
1282 3
1283 3
1284 2
1285 3
1286 2
1287 3
1288 3
1292 1
1293 1
1294 1
1297 1
1299 2
1300 2
1301 2
1303 2
1304 2
1305 2
1307 1
1308 1
1310 2
1312 1
1313 3
1314 1
1315 2
1316 1
1317 2
1318 3
1319 1
1321 1
1323 2
1324 2
1329 1
1330 2
1332 3
1334 2
1336 2
1337 1
1338 1
1340 2
1341 1
1342 1
1343 1
1348 1
1349 1
1351 2
1358 1
1359 1
1365 1
1366 1
1367 1
1368 5
1370 2
1378 1
1379 1
1380 1
1382 1
1384 1
1393 1
1395 3
1398 1
1399 1
1402 1
1408 2
1410 1
1412 1
1416 1
1417 1
1428 1
1430 1
1431 1
1432 1
1433 2
1452 1
1465 2
1470 2
1472 1
1474 1
1478 1
1480 2
1484 2
1490 1
1491 2
1497 1
1499 1
1504 1
1509 1
1512 1
1513 1
1521 1
1530 1
1533 1
1599 1
1605 1
1621 1
1636 1
