-771 1
-770 3
-769 5
-768 2
-767 7
-766 8
-765 15
-764 15
-763 25
-762 28
-761 47
-760 63
-759 79
-758 77
-757 64
-756 79
-755 64
-754 81
-753 78
-752 78
-751 70
-750 82
-749 83
-748 99
-747 72
-746 79
-745 89
-744 118
-743 106
-742 133
-741 139
-740 138
-739 156
-738 164
-737 168
-736 153
-735 173
-734 183
-733 179
-732 205
-731 195
-730 197
-729 191
-728 179
-727 172
-726 207
-725 190
-724 209
-723 201
-722 200
-721 173
-720 164
-719 180
-718 164
-717 159
-716 196
-715 202
-714 206
-713 184
-712 232
-711 265
-710 216
-709 273
-708 221
-707 234
-706 239
-705 255
-704 233
-703 278
-702 263
-701 282
-700 274
-699 272
-698 274
-697 267
-696 251
-695 267
-694 281
-693 240
-692 293
-691 307
-690 303
-689 332
-688 339
-687 369
-686 366
-685 357
-684 388
-683 398
-682 435
-681 390
-680 452
-679 493
-678 516
-677 498
-676 524
-675 521
-674 525
-673 571
-672 616
-671 529
-670 548
-669 556
-668 570
-667 625
-666 673
-665 618
-664 608
-663 630
-662 694
-661 684
-660 750
-659 735
-658 746
-657 736
-656 793
-655 778
-654 742
-653 746
-652 726
-651 743
-650 754
-649 757
-648 736
-647 764
-646 747
-645 778
-644 754
-643 783
-642 742
-641 790
-640 781
-639 816
-638 886
-637 840
-636 939
-635 876
-634 941
-633 972
-632 873
-631 952
-630 926
-629 969
-628 1002
-627 1013
-626 1034
-625 1079
-624 1062
-623 1055
-622 1140
-621 1136
-620 1178
-619 1185
-618 1170
-617 1182
-616 1187
-615 1176
-614 1175
-613 1194
-612 1191
-611 1172
-610 1178
-609 1204
-608 1209
-607 1213
-606 1222
-605 1203
-604 1224
-603 1318
-602 1282
-601 1268
-600 1252
-599 1361
-598 1264
-597 1289
-596 1328
-595 1326
-594 1289
-593 1318
-592 1341
-591 1387
-590 1382
-589 1383
-588 1403
-587 1435
-586 1540
-585 1449
-584 1483
-583 1460
-582 1493
-581 1407
-580 1465
-579 1445
-578 1521
-577 1532
-576 1510
-575 1538
-574 1532
-573 1565
-572 1534
-571 1563
-570 1593
-569 1692
-568 1664
-567 1671
-566 1789
-565 1808
-564 1772
-563 1816
-562 1907
-561 1907
-560 1940
-559 2008
-558 1976
-557 1992
-556 1911
-555 1895
-554 1952
-553 1930
-552 1862
-551 1866
-550 1800
-549 1821
-548 1938
-547 1915
-546 1883
-545 1877
-544 2019
-543 1900
-542 2024
-541 2125
-540 2076
-539 2071
-538 2117
-537 2146
-536 2159
-535 2147
-534 2138
-533 2126
-532 2086
-531 2107
-530 2179
-529 2081
-528 2136
-527 2057
-526 2089
-525 2144
-524 2103
-523 2168
-522 2207
-521 2300
-520 2205
-519 2141
-518 2288
-517 2230
-516 2286
-515 2270
-514 2284
-513 2353
-512 2285
-511 2335
-510 2366
-509 2368
-508 2320
-507 2301
-506 2408
-505 2307
-504 2445
-503 2376
-502 2473
-501 2466
-500 2457
-499 2508
-498 2546
-497 2549
-496 2559
-495 2745
-494 2770
-493 2660
-492 2687
-491 2647
-490 2721
-489 2639
-488 2765
-487 2783
-486 2762
-485 2779
-484 2769
-483 2947
-482 2790
-481 2938
-480 2913
-479 3040
-478 2956
-477 3183
-476 3222
-475 3190
-474 3205
-473 3154
-472 3287
-471 3302
-470 3269
-469 3271
-468 3313
-467 3265
-466 3349
-465 3495
-464 3436
-463 3459
-462 3422
-461 3393
-460 3416
-459 3400
-458 3482
-457 3356
-456 3448
-455 3326
-454 3437
-453 3493
-452 3492
-451 3527
-450 3487
-449 3514
-448 3506
-447 3585
-446 3530
-445 3509
-444 3686
-443 3650
-442 3752
-441 3567
-440 3641
-439 3608
-438 3686
-437 3656
-436 3771
-435 3803
-434 3812
-433 3703
-432 3798
-431 3708
-430 3761
-429 3657
-428 3678
-427 3716
-426 3696
-425 3754
-424 3865
-423 3773
-422 3794
-421 3862
-420 3785
-419 3822
-418 3884
-417 3898
-416 3985
-415 3956
-414 3791
-413 3984
-412 4052
-411 4068
-410 4033
-409 4057
-408 4134
-407 4040
-406 4218
-405 4121
-404 4169
-403 4212
-402 4220
-401 4189
-400 4131
-399 4205
-398 4393
-397 4218
-396 4461
-395 4454
-394 4538
-393 4379
-392 4596
-391 4526
-390 4776
-389 4729
-388 4670
-387 4710
-386 4738
-385 4863
-384 4784
-383 4988
-382 4702
-381 4832
-380 4973
-379 4937
-378 4865
-377 4944
-376 5029
-375 4941
-374 5042
-373 5072
-372 5201
-371 5100
-370 5042
-369 5082
-368 5123
-367 5055
-366 5139
-365 5135
-364 5173
-363 5115
-362 5086
-361 5116
-360 5176
-359 5144
-358 5325
-357 5218
-356 5295
-355 5421
-354 5389
-353 5520
-352 5464
-351 5500
-350 5623
-349 5485
-348 5511
-347 5456
-346 5572
-345 5533
-344 5410
-343 5519
-342 5653
-341 5658
-340 5933
-339 5836
-338 6054
-337 5904
-336 5979
-335 5832
-334 5894
-333 5854
-332 5820
-331 5956
-330 5876
-329 5951
-328 5899
-327 5935
-326 5862
-325 5986
-324 5924
-323 6119
-322 5939
-321 6128
-320 5994
-319 6010
-318 6049
-317 6103
-316 6195
-315 6046
-314 6176
-313 6134
-312 6242
-311 6249
-310 6273
-309 6326
-308 6298
-307 6296
-306 6204
-305 6376
-304 6368
-303 6174
-302 6299
-301 6326
-300 6264
-299 6304
-298 6397
-297 6277
-296 6428
-295 6424
-294 6525
-293 6426
-292 6433
-291 6361
-290 6477
-289 6553
-288 6559
-287 6686
-286 6641
-285 6542
-284 6592
-283 6609
-282 6662
-281 6614
-280 6644
-279 6562
-278 6473
-277 6704
-276 6786
-275 6709
-274 6779
-273 6897
-272 6958
-271 6949
-270 7007
-269 7052
-268 6951
-267 7023
-266 6775
-265 6729
-264 6870
-263 6743
-262 6838
-261 6860
-260 6757
-259 6834
-258 6885
-257 6957
-256 6833
-255 6934
-254 6832
-253 6854
-252 6863
-251 7161
-250 6943
-249 7017
-248 7012
-247 6925
-246 7012
-245 7031
-244 7244
-243 7300
-242 7134
-241 7379
-240 7346
-239 7480
-238 7538
-237 7427
-236 7550
-235 7467
-234 7646
-233 7696
-232 7670
-231 7835
-230 7632
-229 7672
-228 7863
-227 7684
-226 7603
-225 7570
-224 7597
-223 7655
-222 7598
-221 7657
-220 7596
-219 7606
-218 7529
-217 7506
-216 7624
-215 7391
-214 7441
-213 7547
-212 7419
-211 7450
-210 7294
-209 7271
-208 7307
-207 7354
-206 7371
-205 7367
-204 7194
-203 7186
-202 7242
-201 7229
-200 7275
-199 7279
-198 7395
-197 7398
-196 7368
-195 7458
-194 7395
-193 7490
-192 7466
-191 7379
-190 7641
-189 7357
-188 7475
-187 7245
-186 7422
-185 7438
-184 7375
-183 7482
-182 7506
-181 7346
-180 7452
-179 7467
-178 7440
-177 7369
-176 7343
-175 7345
-174 7296
-173 7234
-172 7244
-171 7198
-170 7276
-169 7075
-168 7216
-167 7098
-166 7326
-165 7138
-164 7201
-163 7238
-162 7195
-161 7220
-160 7351
-159 7227
-158 7184
-157 7042
-156 7288
-155 7314
-154 7126
-153 7191
-152 7161
-151 7153
-150 7147
-149 7041
-148 6982
-147 7052
-146 6946
-145 7013
-144 6895
-143 7027
-142 6953
-141 6983
-140 6725
-139 6798
-138 6684
-137 6714
-136 6720
-135 6852
-134 6648
-133 6687
-132 6610
-131 6601
-130 6565
-129 6636
-128 6586
-127 6481
-126 6604
-125 6377
-124 6508
-123 6378
-122 6340
-121 6283
-120 6510
-119 6222
-118 6297
-117 6255
-116 6309
-115 6361
-114 6290
-113 6230
-112 6403
-111 6352
-110 6234
-109 6288
-108 6330
-107 6231
-106 6365
-105 6337
-104 6201
-103 6180
-102 6242
-101 6065
-100 6236
-99 6097
-98 6153
-97 6161
-96 6299
-95 6174
-94 6027
-93 6170
-92 6166
-91 6044
-90 5947
-89 6021
-88 5917
-87 5967
-86 5803
-85 5948
-84 5892
-83 5797
-82 5891
-81 5762
-80 5762
-79 5652
-78 5762
-77 5745
-76 5742
-75 5636
-74 5639
-73 5705
-72 5789
-71 5637
-70 5557
-69 5649
-68 5582
-67 5511
-66 5579
-65 5476
-64 5374
-63 5415
-62 5443
-61 5378
-60 5315
-59 5353
-58 5351
-57 5364
-56 5183
-55 5212
-54 5317
-53 5319
-52 5099
-51 5219
-50 5123
-49 5064
-48 5118
-47 5160
-46 5077
-45 5010
-44 5007
-43 5096
-42 4961
-41 4994
-40 5011
-39 4910
-38 4956
-37 4745
-36 4856
-35 4833
-34 4773
-33 4857
-32 4704
-31 4750
-30 4930
-29 4824
-28 4796
-27 4827
-26 4694
-25 4670
-24 4665
-23 4673
-22 4613
-21 4738
-20 4444
-19 4427
-18 4430
-17 4670
-16 4490
-15 4618
-14 4563
-13 4450
-12 4524
-11 4570
-10 4456
-9 4549
-8 4547
-7 4526
-6 4425
-5 4447
-4 4453
-3 4331
-2 4282
-1 4411
0 4277
1 4176
2 4305
3 4204
4 4294
5 4289
6 4280
7 4072
8 4175
9 4055
10 4200
11 4076
12 4140
13 4079
14 4001
15 3924
16 4035
17 3941
18 3986
19 4082
20 4000
21 3944
22 3882
23 3889
24 4040
25 3900
26 3865
27 3814
28 3895
29 3802
30 3914
31 3888
32 3867
33 3762
34 3876
35 3752
36 3810
37 3712
38 3719
39 3657
40 3637
41 3607
42 3720
43 3683
44 3647
45 3538
46 3596
47 3523
48 3496
49 3597
50 3555
51 3452
52 3524
53 3587
54 3546
55 3410
56 3432
57 3369
58 3453
59 3398
60 3399
61 3265
62 3371
63 3213
64 3356
65 3322
66 3193
67 3088
68 3108
69 3271
70 3151
71 3128
72 3074
73 3129
74 3156
75 3171
76 3125
77 3092
78 3106
79 3019
80 3045
81 3026
82 3012
83 3082
84 3043
85 3060
86 3049
87 3034
88 3031
89 2907
90 3005
91 2891
92 2893
93 2846
94 2925
95 2940
96 2777
97 2758
98 2827
99 2860
100 2854
101 2794
102 2704
103 2730
104 2743
105 2677
106 2758
107 2629
108 2697
109 2621
110 2658
111 2713
112 2622
113 2679
114 2615
115 2553
116 2576
117 2607
118 2677
119 2643
120 2469
121 2503
122 2540
123 2500
124 2389
125 2506
126 2434
127 2380
128 2396
129 2438
130 2449
131 2387
132 2418
133 2376
134 2501
135 2411
136 2352
137 2505
138 2241
139 2334
140 2341
141 2319
142 2267
143 2328
144 2305
145 2196
146 2303
147 2162
148 2235
149 2157
150 2134
151 2228
152 2191
153 2159
154 2192
155 2169
156 2211
157 2092
158 2123
159 2132
160 2094
161 2092
162 2070
163 2163
164 2054
165 1984
166 2028
167 2085
168 2050
169 2003
170 1969
171 2001
172 2009
173 2056
174 2061
175 1923
176 1870
177 1941
178 1807
179 1936
180 1815
181 1906
182 1817
183 1832
184 1847
185 1821
186 1776
187 1862
188 1818
189 1818
190 1784
191 1718
192 1779
193 1706
194 1739
195 1675
196 1721
197 1747
198 1725
199 1747
200 1641
201 1685
202 1724
203 1701
204 1688
205 1664
206 1610
207 1580
208 1646
209 1667
210 1634
211 1613
212 1608
213 1600
214 1545
215 1592
216 1553
217 1540
218 1501
219 1560
220 1471
221 1559
222 1424
223 1498
224 1452
225 1490
226 1493
227 1441
228 1435
229 1485
230 1412
231 1438
232 1372
233 1459
234 1401
235 1353
236 1406
237 1426
238 1429
239 1424
240 1367
241 1352
242 1371
243 1347
244 1359
245 1332
246 1315
247 1340
248 1325
249 1343
250 1388
251 1267
252 1256
253 1269
254 1290
255 1241
256 1212
257 1286
258 1225
259 1271
260 1192
261 1256
262 1266
263 1183
264 1268
265 1191
266 1202
267 1201
268 1187
269 1182
270 1226
271 1193
272 1205
273 1166
274 1170
275 1125
276 1146
277 1186
278 1189
279 1097
280 1114
281 1128
282 1133
283 1076
284 1087
285 1085
286 1071
287 1090
288 1057
289 1091
290 1072
291 1092
292 1007
293 1082
294 1108
295 1094
296 1037
297 1007
298 1006
299 1045
300 963
301 1011
302 971
303 1053
304 1024
305 998
306 1011
307 1008
308 1006
309 947
310 998
311 959
312 928
313 963
314 927
315 959
316 998
317 946
318 1000
319 934
320 929
321 943
322 897
323 926
324 964
325 910
326 870
327 884
328 890
329 871
330 878
331 890
332 889
333 873
334 934
335 856
336 869
337 859
338 877
339 845
340 806
341 850
342 845
343 825
344 875
345 809
346 851
347 875
348 843
349 854
350 845
351 822
352 803
353 810
354 698
355 833
356 819
357 754
358 789
359 809
360 814
361 790
362 762
363 794
364 701
365 799
366 761
367 776
368 776
369 744
370 751
371 743
372 695
373 721
374 715
375 680
376 705
377 729
378 681
379 756
380 674
381 689
382 689
383 740
384 681
385 724
386 668
387 698
388 722
389 702
390 694
391 606
392 679
393 668
394 688
395 652
396 668
397 677
398 667
399 671
400 665
401 651
402 627
403 613
404 606
405 587
406 644
407 615
408 648
409 641
410 593
411 611
412 606
413 592
414 562
415 566
416 617
417 593
418 602
419 628
420 586
421 590
422 603
423 574
424 607
425 563
426 544
427 586
428 559
429 547
430 523
431 580
432 561
433 569
434 549
435 540
436 541
437 512
438 520
439 547
440 518
441 571
442 496
443 535
444 518
445 530
446 487
447 495
448 470
449 542
450 467
451 516
452 478
453 520
454 470
455 465
456 492
457 486
458 471
459 491
460 482
461 514
462 480
463 471
464 445
465 465
466 450
467 437
468 511
469 460
470 438
471 459
472 424
473 464
474 406
475 427
476 409
477 444
478 502
479 470
480 363
481 430
482 408
483 423
484 418
485 439
486 405
487 424
488 409
489 388
490 415
491 384
492 398
493 384
494 412
495 408
496 418
497 376
498 431
499 382
500 370
501 369
502 367
503 383
504 379
505 390
506 365
507 384
508 375
509 382
510 385
511 364
512 332
513 349
514 349
515 348
516 353
517 331
518 337
519 353
520 361
521 287
522 379
523 377
524 323
525 347
526 334
527 337
528 341
529 346
530 295
531 321
532 365
533 310
534 291
535 322
536 335
537 308
538 299
539 360
540 326
541 320
542 318
543 314
544 293
545 281
546 311
547 300
548 302
549 318
550 276
551 304
552 258
553 322
554 305
555 291
556 290
557 305
558 291
559 266
560 274
561 253
562 267
563 237
564 286
565 269
566 256
567 255
568 249
569 260
570 243
571 264
572 265
573 260
574 260
575 239
576 271
577 257
578 257
579 241
580 245
581 255
582 256
583 249
584 253
585 286
586 230
587 246
588 264
589 246
590 245
591 203
592 250
593 225
594 220
595 197
596 236
597 223
598 211
599 259
600 212
601 214
602 218
603 236
604 251
605 235
606 229
607 211
608 234
609 206
610 204
611 212
612 178
613 226
614 212
615 207
616 215
617 207
618 199
619 196
620 196
621 203
622 233
623 210
624 200
625 193
626 212
627 187
628 199
629 172
630 175
631 177
632 183
633 197
634 197
635 195
636 203
637 198
638 173
639 189
640 166
641 183
642 206
643 166
644 175
645 173
646 171
647 175
648 184
649 188
650 191
651 172
652 199
653 152
654 167
655 171
656 158
657 164
658 156
659 167
660 155
661 146
662 167
663 176
664 132
665 159
666 179
667 149
668 170
669 137
670 175
671 177
672 176
673 162
674 122
675 159
676 144
677 138
678 146
679 142
680 140
681 133
682 133
683 156
684 137
685 123
686 151
687 121
688 152
689 137
690 147
691 134
692 124
693 123
694 125
695 137
696 150
697 112
698 125
699 159
700 138
701 125
702 131
703 138
704 132
705 132
706 136
707 140
708 124
709 145
710 131
711 131
712 101
713 130
714 150
715 128
716 118
717 124
718 122
719 115
720 133
721 109
722 123
723 126
724 110
725 131
726 108
727 124
728 124
729 106
730 111
731 115
732 120
733 128
734 127
735 108
736 102
737 119
738 108
739 111
740 123
741 85
742 114
743 108
744 93
745 98
746 103
747 113
748 93
749 116
750 114
751 92
752 94
753 95
754 95
755 101
756 89
757 94
758 87
759 103
760 106
761 104
762 107
763 117
764 107
765 102
766 104
767 104
768 99
769 89
770 90
771 81
772 90
773 100
774 106
775 83
776 75
777 89
778 97
779 88
780 104
781 81
782 74
783 81
784 92
785 87
786 100
787 77
788 83
789 80
790 82
791 70
792 96
793 78
794 79
795 82
796 85
797 74
798 89
799 72
800 82
801 85
802 72
803 69
804 83
805 71
806 68
807 85
808 75
809 88
810 80
811 77
812 85
813 68
814 92
815 89
816 78
817 77
818 73
819 77
820 74
821 85
822 77
823 68
824 63
825 63
826 71
827 78
828 62
829 71
830 85
831 64
832 63
833 71
834 75
835 71
836 79
837 66
838 78
839 66
840 64
841 49
842 65
843 52
844 53
845 70
846 67
847 68
848 54
849 65
850 82
851 63
852 67
853 67
854 46
855 47
856 53
857 81
858 65
859 66
860 74
861 62
862 64
863 73
864 58
865 56
866 46
867 48
868 47
869 50
870 54
871 61
872 70
873 47
874 55
875 51
876 57
877 45
878 52
879 56
880 54
881 55
882 52
883 50
884 45
885 51
886 51
887 54
888 56
889 48
890 51
891 42
892 47
893 46
894 49
895 51
896 54
897 56
898 42
899 48
900 43
901 44
902 51
903 52
904 50
905 44
906 48
907 38
908 53
909 41
910 55
911 51
912 51
913 37
914 56
915 37
916 47
917 54
918 47
919 44
920 39
921 43
922 46
923 37
924 37
925 50
926 53
927 29
928 35
929 31
930 41
931 38
932 50
933 39
934 43
935 40
936 38
937 45
938 41
939 35
940 36
941 34
942 31
943 38
944 41
945 50
946 45
947 36
948 39
949 46
950 55
951 45
952 36
953 33
954 19
955 26
956 31
957 31
958 26
959 35
960 42
961 35
962 34
963 25
964 34
965 35
966 36
967 36
968 35
969 31
970 39
971 29
972 30
973 35
974 39
975 28
976 27
977 34
978 28
979 38
980 21
981 39
982 34
983 32
984 35
985 33
986 22
987 32
988 23
989 37
990 20
991 25
992 22
993 33
994 31
995 28
996 37
997 31
998 22
999 32
1000 19
1001 25
1002 27
1003 21
1004 18
1005 30
1006 27
1007 26
1008 33
1009 30
1010 23
1011 28
1012 29
1013 26
1014 32
1015 19
1016 20
1017 25
1018 25
1019 26
1020 22
1021 28
1022 25
1023 26
1024 22
1025 29
1026 16
1027 25
1028 19
1029 26
1030 19
1031 19
1032 24
1033 26
1034 17
1035 27
1036 27
1037 22
1038 26
1039 19
1040 23
1041 29
1042 27
1043 21
1044 26
1045 25
1046 22
1047 23
1048 22
1049 27
1050 24
1051 16
1052 13
1053 16
1054 22
1055 24
1056 26
1057 15
1058 29
1059 28
1060 17
1061 23
1062 20
1063 8
1064 21
1065 22
1066 18
1067 15
1068 16
1069 18
1070 30
1071 25
1072 24
1073 18
1074 10
1075 21
1076 13
1077 23
1078 9
1079 19
1080 19
1081 15
1082 14
1083 19
1084 21
1085 17
1086 18
1087 14
1088 13
1089 21
1090 15
1091 18
1092 17
1093 13
1094 13
1095 22
1096 18
1097 14
1098 15
1099 13
1100 11
1101 15
1102 12
1103 17
1104 13
1105 18
1106 19
1107 12
1108 18
1109 15
1110 25
1111 15
1112 19
1113 15
1114 12
1115 16
1116 8
1117 16
1118 9
1119 12
1120 17
1121 12
1122 15
1123 13
1124 9
1125 13
1126 15
1127 13
1128 8
1129 10
1130 14
1131 8
1132 11
1133 9
1134 14
1135 12
1136 17
1137 19
1138 16
1139 14
1140 11
1141 12
1142 19
1143 8
1144 14
1145 16
1146 13
1147 16
1148 17
1149 9
1150 10
1151 15
1152 13
1153 12
1154 11
1155 6
1156 8
1157 10
1158 9
1159 7
1160 11
1161 13
1162 4
1163 17
1164 20
1165 14
1166 11
1167 13
1168 14
1169 20
1170 15
1171 13
1172 20
1173 11
1174 21
1175 11
1176 12
1177 10
1178 16
1179 11
1180 9
1181 8
1182 6
1183 4
1184 13
1185 11
1186 11
1187 13
1188 14
1189 5
1190 12
1191 7
1192 8
1193 11
1194 8
1195 11
1196 7
1197 12
1198 15
1199 11
1200 7
1201 13
1202 10
1203 14
1204 13
1205 7
1206 6
1207 7
1208 10
1209 11
1210 11
1211 9
1212 10
1213 8
1214 13
1215 12
1216 8
1217 11
1218 5
1219 6
1220 9
1221 8
1222 7
1223 10
1224 7
1225 11
1226 9
1227 7
1228 7
1229 5
1230 9
1231 6
1232 8
1233 12
1234 12
1235 4
1236 7
1237 14
1238 10
1239 12
1240 14
1241 12
1242 6
1243 12
1244 6
1245 4
1246 4
1247 9
1248 9
1249 9
1250 7
1251 7
1252 9
1253 8
1254 6
1255 12
1256 8
1257 8
1258 6
1259 6
1260 5
1261 9
1262 11
1263 9
1264 6
1265 2
1266 12
1267 7
1268 6
1269 6
1270 11
1271 4
1272 12
1273 9
1274 7
1275 11
1276 11
1277 9
1278 7
1279 9
1280 6
1281 8
1282 7
1283 6
1284 9
1285 8
1286 8
1287 7
1288 10
1289 5
1290 1
1291 9
1292 8
1293 6
1294 10
1295 6
1296 9
1297 7
1298 7
1299 10
1300 6
1301 8
1302 7
1303 6
1304 8
1305 4
1306 8
1307 3
1308 5
1309 8
1310 3
1311 6
1312 10
1313 8
1314 4
1315 8
1316 9
1317 10
1318 3
1319 7
1320 9
1321 4
1322 7
1323 4
1324 6
1325 6
1326 8
1327 8
1328 10
1329 10
1330 6
1331 4
1332 4
1333 10
1334 5
1335 5
1336 7
1337 5
1338 6
1339 8
1340 2
1341 13
1342 4
1343 7
1344 10
1345 9
1346 4
1347 5
1348 6
1349 6
1350 10
1351 8
1352 5
1353 7
1354 2
1355 1
1356 7
1357 5
1358 5
1359 5
1360 5
1361 10
1362 11
1363 7
1364 8
1365 11
1366 7
1367 6
1368 4
1369 3
1370 6
1371 4
1372 8
1373 5
1374 8
1375 7
1376 9
1377 7
1378 5
1379 8
1380 7
1381 6
1382 6
1383 12
1384 7
1385 2
1386 7
1387 3
1388 7
1389 7
1390 5
1391 6
1392 3
1393 10
1394 4
1395 10
1396 4
1397 5
1398 4
1399 6
1400 5
1401 4
1402 4
1403 6
1404 6
1405 8
1406 7
1407 4
1408 12
1409 4
1411 6
1412 6
1413 3
1414 2
1415 7
1416 5
1417 8
1418 7
1419 3
1420 5
1421 5
1422 7
1423 4
1424 6
1425 10
1426 3
1427 5
1428 5
1429 7
1430 7
1431 9
1432 3
1433 7
1434 8
1435 3
1436 3
1437 5
1438 4
1439 1
1440 4
1441 4
1442 3
1443 3
1444 4
1445 9
1446 4
1447 5
1448 3
1449 5
1450 9
1451 11
1452 2
1453 3
1454 4
1455 7
1456 1
1457 9
1458 8
1459 6
1460 5
1461 9
1462 7
1463 6
1464 4
1465 5
1466 6
1467 5
1468 5
1469 3
1470 3
1471 5
1472 8
1473 2
1474 5
1475 8
1476 3
1477 3
1478 3
1479 2
1480 6
1481 1
1482 8
1483 4
1484 3
1485 3
1486 8
1487 5
1488 5
1489 6
1490 6
1491 7
1492 3
1493 2
1494 5
1495 5
1496 3
1497 4
1498 9
1499 3
1500 6
1501 5
1502 5
1503 8
1504 6
1505 2
1506 10
1507 9
1508 7
1509 4
1510 8
1511 4
1512 5
1513 1
1514 7
1515 5
1516 4
1517 6
1518 6
1519 5
1520 8
1521 4
1522 3
1523 5
1524 2
1525 2
1526 2
1527 11
1528 8
1530 4
1531 3
1532 2
1533 2
1534 2
1535 4
1536 7
1537 4
1538 5
1539 3
1540 4
1541 5
1542 6
1543 2
1544 1
1545 3
1546 8
1547 6
1548 5
1549 4
1550 2
1551 1
1552 6
1553 5
1554 1
1555 3
1556 3
1557 4
1558 4
1559 4
1560 6
1561 7
1562 2
1563 7
1564 1
1565 8
1566 4
1567 6
1568 3
1569 1
1570 5
1571 4
1572 2
1573 3
1574 4
1575 4
1576 5
1577 7
1578 7
1579 2
1580 6
1581 4
1582 7
1583 1
1584 4
1585 4
1586 5
1587 5
1588 3
1589 4
1591 6
1592 6
1593 3
1594 9
1595 4
1596 3
1597 5
1598 6
1599 2
1600 3
1601 2
1602 4
1603 3
1604 6
1605 4
1606 3
1607 3
1608 4
1609 3
1610 2
1611 6
1612 7
1613 6
1614 1
1615 1
1616 4
1617 4
1618 2
1619 5
1620 4
1621 6
1622 4
1623 4
1624 3
1625 9
1626 10
1627 5
1628 3
1629 3
1630 1
1631 6
1632 3
1633 5
1634 9
1635 4
1636 5
1637 2
1638 4
1639 6
1640 4
1641 2
1642 4
1643 3
1644 4
1645 1
1646 3
1647 4
1648 8
1649 4
1650 6
1651 3
1652 6
1653 4
1654 3
1655 5
1656 2
1657 4
1658 3
1659 2
1660 1
1661 5
1662 2
1663 3
1664 5
1665 5
1666 3
1667 4
1668 7
1669 7
1670 9
1671 2
1672 5
1673 2
1674 6
1675 2
1676 3
1677 3
1678 3
1679 4
1680 6
1681 2
1682 4
1683 1
1684 1
1685 7
1686 2
1687 7
1688 5
1689 4
1690 6
1691 4
1692 3
1693 7
1694 4
1695 2
1696 8
1697 3
1698 5
1699 3
1700 6
1701 5
1702 3
1703 6
1704 1
1705 7
1706 4
1707 3
1709 3
1710 5
1711 4
1712 3
1713 5
1714 2
1715 4
1716 8
1717 1
1718 3
1719 3
1720 2
1721 6
1722 2
1723 4
1724 1
1725 7
1726 3
1727 2
1728 4
1729 3
1730 4
1732 1
1733 5
1734 3
1735 1
1736 5
1737 1
1738 2
1739 4
1740 3
1741 4
1743 2
1745 3
1746 1
1747 1
1749 2
1750 1
1752 2
1753 5
1754 4
1755 5
1756 2
1757 5
1758 3
1760 1
1761 1
1762 1
1763 1
1764 1
1766 3
1767 1
1768 1
1771 2
1772 1
1774 3
1777 1
1778 2
1780 2
1782 3
1783 4
1784 1
1785 1
1786 1
1787 4
1788 2
1789 3
1790 3
1791 1
1794 1
1795 3
1796 1
1798 2
1799 2
1800 1
1801 1
1802 1
1803 1
1804 2
1805 2
1806 1
1810 1
1812 1
1815 1
1817 2
1819 2
1820 1
1822 1
1823 2
1824 1
1826 1
1827 2
1829 1
1830 2
1831 2
1832 1
1835 1
1837 2
1838 1
1839 1
1840 1
1841 2
1842 1
1843 1
1846 1
1850 1
1851 1
1854 2
1858 1
1862 1
1864 2
1865 1
1867 1
1868 1
1871 1
1873 1
1886 1
1887 1
1888 1
1889 1
1891 1
1897 1
1901 1
1902 1
1904 1
1906 1
1916 2
1917 1
1934 1
1939 1
1954 1
1984 1
1997 1
2055 1
