-1360 2
-1356 1
-1355 1
-1354 3
-1353 2
-1352 2
-1351 3
-1350 5
-1349 7
-1348 23
-1347 18
-1346 29
-1345 44
-1344 35
-1343 55
-1342 56
-1341 64
-1340 72
-1339 90
-1338 115
-1337 124
-1336 142
-1335 178
-1334 188
-1333 210
-1332 226
-1331 203
-1330 246
-1329 215
-1328 262
-1327 272
-1326 270
-1325 261
-1324 264
-1323 258
-1322 298
-1321 323
-1320 294
-1319 294
-1318 271
-1317 285
-1316 308
-1315 290
-1314 244
-1313 256
-1312 264
-1311 255
-1310 276
-1309 280
-1308 287
-1307 298
-1306 278
-1305 305
-1304 281
-1303 356
-1302 353
-1301 362
-1300 350
-1299 322
-1298 338
-1297 344
-1296 345
-1295 376
-1294 347
-1293 385
-1292 388
-1291 430
-1290 415
-1289 398
-1288 444
-1287 444
-1286 470
-1285 452
-1284 444
-1283 452
-1282 473
-1281 513
-1280 460
-1279 538
-1278 537
-1277 549
-1276 542
-1275 543
-1274 564
-1273 564
-1272 596
-1271 552
-1270 616
-1269 637
-1268 660
-1267 617
-1266 629
-1265 654
-1264 689
-1263 742
-1262 695
-1261 764
-1260 771
-1259 745
-1258 725
-1257 763
-1256 801
-1255 793
-1254 824
-1253 793
-1252 845
-1251 771
-1250 804
-1249 900
-1248 856
-1247 882
-1246 903
-1245 848
-1244 884
-1243 861
-1242 890
-1241 914
-1240 942
-1239 959
-1238 965
-1237 967
-1236 950
-1235 932
-1234 1012
-1233 962
-1232 918
-1231 970
-1230 989
-1229 1033
-1228 1013
-1227 1097
-1226 1074
-1225 1137
-1224 1108
-1223 1131
-1222 1173
-1221 1137
-1220 1094
-1219 1140
-1218 1073
-1217 1103
-1216 1112
-1215 1083
-1214 1154
-1213 1168
-1212 1161
-1211 1088
-1210 1133
-1209 1147
-1208 1203
-1207 1143
-1206 1079
-1205 1066
-1204 1078
-1203 1042
-1202 1012
-1201 1110
-1200 1058
-1199 1041
-1198 1101
-1197 1016
-1196 1003
-1195 1078
-1194 1110
-1193 1159
-1192 1085
-1191 1128
-1190 1090
-1189 1122
-1188 1040
-1187 1061
-1186 1111
-1185 1102
-1184 1079
-1183 1078
-1182 1190
-1181 1218
-1180 1226
-1179 1189
-1178 1172
-1177 1236
-1176 1172
-1175 1155
-1174 1213
-1173 1229
-1172 1223
-1171 1170
-1170 1180
-1169 1201
-1168 1238
-1167 1191
-1166 1333
-1165 1312
-1164 1430
-1163 1331
-1162 1351
-1161 1343
-1160 1322
-1159 1433
-1158 1383
-1157 1432
-1156 1492
-1155 1478
-1154 1541
-1153 1510
-1152 1605
-1151 1601
-1150 1655
-1149 1738
-1148 1679
-1147 1696
-1146 1705
-1145 1778
-1144 1798
-1143 1865
-1142 1838
-1141 1928
-1140 1869
-1139 1924
-1138 1875
-1137 1823
-1136 1864
-1135 1845
-1134 1792
-1133 1911
-1132 1906
-1131 2010
-1130 1908
-1129 1957
-1128 1968
-1127 1937
-1126 1969
-1125 1949
-1124 2058
-1123 2078
-1122 2015
-1121 2111
-1120 1967
-1119 2091
-1118 2105
-1117 2176
-1116 2157
-1115 2209
-1114 2258
-1113 2316
-1112 2474
-1111 2427
-1110 2397
-1109 2446
-1108 2477
-1107 2480
-1106 2440
-1105 2564
-1104 2461
-1103 2596
-1102 2679
-1101 2660
-1100 2645
-1099 2671
-1098 2740
-1097 2710
-1096 2707
-1095 2662
-1094 2850
-1093 2768
-1092 2702
-1091 2751
-1090 2714
-1089 2690
-1088 2713
-1087 2713
-1086 2654
-1085 2669
-1084 2754
-1083 2635
-1082 2733
-1081 2612
-1080 2546
-1079 2602
-1078 2570
-1077 2683
-1076 2678
-1075 2602
-1074 2563
-1073 2739
-1072 2730
-1071 2685
-1070 2742
-1069 2747
-1068 2791
-1067 2826
-1066 2851
-1065 2786
-1064 3000
-1063 2875
-1062 2899
-1061 2886
-1060 2814
-1059 2922
-1058 3013
-1057 2976
-1056 3020
-1055 2993
-1054 3100
-1053 3168
-1052 3074
-1051 3128
-1050 3241
-1049 3274
-1048 3337
-1047 3474
-1046 3407
-1045 3227
-1044 3279
-1043 3474
-1042 3483
-1041 3494
-1040 3692
-1039 3393
-1038 3552
-1037 3630
-1036 3577
-1035 3730
-1034 3565
-1033 3559
-1032 3480
-1031 3404
-1030 3596
-1029 3485
-1028 3672
-1027 3517
-1026 3543
-1025 3599
-1024 3625
-1023 3672
-1022 3613
-1021 3522
-1020 3613
-1019 3490
-1018 3645
-1017 3752
-1016 3871
-1015 3808
-1014 3660
-1013 3718
-1012 3825
-1011 3663
-1010 3770
-1009 3691
-1008 3764
-1007 3659
-1006 3700
-1005 3739
-1004 3863
-1003 3826
-1002 3793
-1001 3812
-1000 3866
-999 3771
-998 3772
-997 3792
-996 3886
-995 3928
-994 3927
-993 3974
-992 3986
-991 4061
-990 4032
-989 3994
-988 4144
-987 3988
-986 4056
-985 4097
-984 4081
-983 4047
-982 3979
-981 4096
-980 4232
-979 4091
-978 4166
-977 4378
-976 4381
-975 4351
-974 4493
-973 4308
-972 4324
-971 4395
-970 4495
-969 4332
-968 4456
-967 4354
-966 4387
-965 4421
-964 4223
-963 4235
-962 4300
-961 4199
-960 4356
-959 4285
-958 4283
-957 4200
-956 4345
-955 4475
-954 4435
-953 4384
-952 4439
-951 4483
-950 4489
-949 4594
-948 4692
-947 4517
-946 4667
-945 4612
-944 4662
-943 4534
-942 4667
-941 4700
-940 4635
-939 4785
-938 4860
-937 4788
-936 4861
-935 4820
-934 4776
-933 4886
-932 5017
-931 4966
-930 5063
-929 5122
-928 5093
-927 5050
-926 5159
-925 5158
-924 5228
-923 5216
-922 5655
-921 5432
-920 5410
-919 5515
-918 5504
-917 5523
-916 5674
-915 5755
-914 5809
-913 5806
-912 6005
-911 5943
-910 6224
-909 6212
-908 6287
-907 6058
-906 6139
-905 6013
-904 5974
-903 6046
-902 5956
-901 6040
-900 6036
-899 5996
-898 6185
-897 6050
-896 6110
-895 5943
-894 5986
-893 6109
-892 6304
-891 6185
-890 6293
-889 6235
-888 6387
-887 6275
-886 6455
-885 6393
-884 6700
-883 6685
-882 7188
-881 7197
-880 7156
-879 7403
-878 7310
-877 7554
-876 7738
-875 7788
-874 8210
-873 8164
-872 7926
-871 7584
-870 7578
-869 7622
-868 7301
-867 7315
-866 7404
-865 7394
-864 7210
-863 7255
-862 7370
-861 7019
-860 7011
-859 6953
-858 7038
-857 7069
-856 7026
-855 7014
-854 6958
-853 7030
-852 7027
-851 6931
-850 6737
-849 6960
-848 6917
-847 6985
-846 6999
-845 6720
-844 7155
-843 7144
-842 7203
-841 7463
-840 7276
-839 7294
-838 7580
-837 7313
-836 7284
-835 7358
-834 7261
-833 7078
-832 7060
-831 7173
-830 7222
-829 7305
-828 7250
-827 7184
-826 7114
-825 6997
-824 6966
-823 7131
-822 7001
-821 7043
-820 7067
-819 7003
-818 7100
-817 7000
-816 6904
-815 7028
-814 7139
-813 7139
-812 6914
-811 6992
-810 6779
-809 6667
-808 6670
-807 6747
-806 6655
-805 6635
-804 6737
-803 6632
-802 6650
-801 6611
-800 6827
-799 6599
-798 6645
-797 6753
-796 6700
-795 6715
-794 6640
-793 6691
-792 6685
-791 6590
-790 6515
-789 6399
-788 6482
-787 6399
-786 6520
-785 6333
-784 6427
-783 6316
-782 6369
-781 6402
-780 6410
-779 6530
-778 6265
-777 6433
-776 6313
-775 6240
-774 6369
-773 6521
-772 6329
-771 6307
-770 6350
-769 6248
-768 6420
-767 6408
-766 6403
-765 6497
-764 6451
-763 6461
-762 6379
-761 6546
-760 6363
-759 6358
-758 6302
-757 6319
-756 6305
-755 6483
-754 6293
-753 6393
-752 6318
-751 6376
-750 6172
-749 6386
-748 6202
-747 6402
-746 6337
-745 6305
-744 6280
-743 6288
-742 6266
-741 6102
-740 6208
-739 6253
-738 6344
-737 6253
-736 6187
-735 6271
-734 6207
-733 6235
-732 6262
-731 6191
-730 6498
-729 6350
-728 6363
-727 6235
-726 6309
-725 6272
-724 6217
-723 6061
-722 6271
-721 6287
-720 6192
-719 6121
-718 6081
-717 6013
-716 6021
-715 5990
-714 5867
-713 6114
-712 6078
-711 6148
-710 5997
-709 6079
-708 5940
-707 5939
-706 5824
-705 5989
-704 5777
-703 5685
-702 5838
-701 5613
-700 5634
-699 5765
-698 5801
-697 5690
-696 5688
-695 5626
-694 5575
-693 5577
-692 5622
-691 5606
-690 5750
-689 5596
-688 5570
-687 5587
-686 5545
-685 5584
-684 5501
-683 5514
-682 5479
-681 5412
-680 5459
-679 5544
-678 5422
-677 5448
-676 5416
-675 5251
-674 5325
-673 5406
-672 5331
-671 5467
-670 5219
-669 5485
-668 5218
-667 5277
-666 5096
-665 5201
-664 5314
-663 5228
-662 5340
-661 5221
-660 5213
-659 5187
-658 5295
-657 5185
-656 5248
-655 5186
-654 5302
-653 5438
-652 5305
-651 5371
-650 5264
-649 5257
-648 5224
-647 5254
-646 5175
-645 5161
-644 5023
-643 5041
-642 5099
-641 5209
-640 5067
-639 4990
-638 5097
-637 5194
-636 5084
-635 4952
-634 4834
-633 4800
-632 4919
-631 4931
-630 4801
-629 4805
-628 4709
-627 4826
-626 4783
-625 4795
-624 4962
-623 4839
-622 4868
-621 4764
-620 4834
-619 4800
-618 4699
-617 4617
-616 4780
-615 4649
-614 4788
-613 4696
-612 4601
-611 4656
-610 4487
-609 4757
-608 4609
-607 4670
-606 4545
-605 4634
-604 4728
-603 4609
-602 4717
-601 4550
-600 4657
-599 4715
-598 4765
-597 4711
-596 4722
-595 4779
-594 4718
-593 4916
-592 4720
-591 4691
-590 4581
-589 4739
-588 4735
-587 4826
-586 4687
-585 4774
-584 4837
-583 4862
-582 4716
-581 4817
-580 4865
-579 4773
-578 4716
-577 4666
-576 4711
-575 4810
-574 4722
-573 4730
-572 4655
-571 4465
-570 4476
-569 4503
-568 4324
-567 4375
-566 4327
-565 4407
-564 4218
-563 4419
-562 4229
-561 4331
-560 4310
-559 4336
-558 4177
-557 4302
-556 4267
-555 4265
-554 4208
-553 4146
-552 4126
-551 3966
-550 4148
-549 4036
-548 3920
-547 3968
-546 4054
-545 3924
-544 3953
-543 3924
-542 3985
-541 3967
-540 3769
-539 3975
-538 3901
-537 3876
-536 3832
-535 3782
-534 3805
-533 3623
-532 3811
-531 3694
-530 3744
-529 3850
-528 3739
-527 3760
-526 3594
-525 3708
-524 3653
-523 3784
-522 3657
-521 3735
-520 3683
-519 3714
-518 3702
-517 3645
-516 3688
-515 3542
-514 3604
-513 3598
-512 3471
-511 3556
-510 3493
-509 3512
-508 3586
-507 3505
-506 3427
-505 3465
-504 3489
-503 3463
-502 3493
-501 3471
-500 3544
-499 3541
-498 3404
-497 3216
-496 3329
-495 3307
-494 3280
-493 3355
-492 3332
-491 3403
-490 3384
-489 3239
-488 3306
-487 3263
-486 3319
-485 3331
-484 3258
-483 3233
-482 3281
-481 3250
-480 3232
-479 3274
-478 3244
-477 3212
-476 3141
-475 3130
-474 3083
-473 3023
-472 3062
-471 2966
-470 3035
-469 2968
-468 3022
-467 2979
-466 2896
-465 2950
-464 2958
-463 2899
-462 2931
-461 2861
-460 2793
-459 2858
-458 2723
-457 2897
-456 2775
-455 2734
-454 2761
-453 2667
-452 2712
-451 2621
-450 2680
-449 2623
-448 2676
-447 2655
-446 2667
-445 2594
-444 2685
-443 2690
-442 2768
-441 2721
-440 2681
-439 2636
-438 2662
-437 2637
-436 2534
-435 2599
-434 2551
-433 2527
-432 2538
-431 2453
-430 2534
-429 2446
-428 2455
-427 2499
-426 2505
-425 2470
-424 2474
-423 2417
-422 2368
-421 2403
-420 2347
-419 2321
-418 2328
-417 2237
-416 2303
-415 2278
-414 2312
-413 2272
-412 2291
-411 2142
-410 2200
-409 2171
-408 2185
-407 2179
-406 2085
-405 2110
-404 2094
-403 2093
-402 2156
-401 2061
-400 2093
-399 2057
-398 2032
-397 1949
-396 2137
-395 2026
-394 2023
-393 2045
-392 1994
-391 2050
-390 1956
-389 1980
-388 1970
-387 1978
-386 2001
-385 1991
-384 1983
-383 1855
-382 1886
-381 1968
-380 1882
-379 1952
-378 1937
-377 1895
-376 1877
-375 1903
-374 1885
-373 1741
-372 1821
-371 1791
-370 1772
-369 1783
-368 1772
-367 1800
-366 1776
-365 1745
-364 1766
-363 1742
-362 1749
-361 1722
-360 1647
-359 1696
-358 1705
-357 1646
-356 1680
-355 1624
-354 1668
-353 1701
-352 1565
-351 1578
-350 1651
-349 1614
-348 1608
-347 1625
-346 1587
-345 1637
-344 1586
-343 1648
-342 1569
-341 1624
-340 1492
-339 1487
-338 1510
-337 1460
-336 1482
-335 1430
-334 1463
-333 1413
-332 1507
-331 1431
-330 1416
-329 1508
-328 1423
-327 1416
-326 1351
-325 1451
-324 1358
-323 1368
-322 1366
-321 1351
-320 1395
-319 1404
-318 1313
-317 1288
-316 1300
-315 1353
-314 1275
-313 1304
-312 1323
-311 1339
-310 1396
-309 1268
-308 1317
-307 1259
-306 1224
-305 1323
-304 1248
-303 1200
-302 1273
-301 1183
-300 1280
-299 1161
-298 1241
-297 1224
-296 1274
-295 1200
-294 1214
-293 1220
-292 1189
-291 1193
-290 1204
-289 1214
-288 1211
-287 1210
-286 1220
-285 1278
-284 1212
-283 1215
-282 1191
-281 1179
-280 1147
-279 1151
-278 1161
-277 1214
-276 1171
-275 1193
-274 1210
-273 1135
-272 1194
-271 1188
-270 1194
-269 1112
-268 1170
-267 1139
-266 1148
-265 1115
-264 1128
-263 1070
-262 1090
-261 1120
-260 1074
-259 1114
-258 1147
-257 1040
-256 1136
-255 1019
-254 1069
-253 1083
-252 1043
-251 1001
-250 1078
-249 1027
-248 1061
-247 1006
-246 1044
-245 1008
-244 1018
-243 1046
-242 1005
-241 962
-240 959
-239 972
-238 977
-237 963
-236 974
-235 998
-234 1034
-233 931
-232 1025
-231 954
-230 949
-229 994
-228 972
-227 966
-226 957
-225 981
-224 914
-223 969
-222 939
-221 988
-220 968
-219 1009
-218 1004
-217 1008
-216 992
-215 947
-214 962
-213 992
-212 933
-211 862
-210 914
-209 886
-208 949
-207 881
-206 871
-205 857
-204 869
-203 873
-202 843
-201 861
-200 803
-199 802
-198 800
-197 819
-196 786
-195 831
-194 825
-193 804
-192 789
-191 764
-190 824
-189 823
-188 777
-187 698
-186 788
-185 784
-184 789
-183 785
-182 732
-181 729
-180 730
-179 746
-178 756
-177 715
-176 750
-175 726
-174 712
-173 732
-172 711
-171 697
-170 725
-169 737
-168 709
-167 667
-166 713
-165 682
-164 688
-163 672
-162 690
-161 671
-160 622
-159 641
-158 639
-157 631
-156 625
-155 646
-154 611
-153 608
-152 601
-151 622
-150 668
-149 591
-148 543
-147 602
-146 601
-145 586
-144 578
-143 584
-142 594
-141 587
-140 564
-139 587
-138 591
-137 595
-136 623
-135 561
-134 579
-133 573
-132 553
-131 568
-130 580
-129 555
-128 554
-127 570
-126 493
-125 543
-124 521
-123 493
-122 509
-121 488
-120 496
-119 507
-118 502
-117 505
-116 493
-115 472
-114 450
-113 500
-112 495
-111 514
-110 503
-109 467
-108 444
-107 483
-106 432
-105 444
-104 461
-103 470
-102 450
-101 434
-100 488
-99 442
-98 471
-97 448
-96 425
-95 430
-94 420
-93 411
-92 433
-91 427
-90 397
-89 436
-88 410
-87 439
-86 422
-85 392
-84 403
-83 419
-82 406
-81 428
-80 383
-79 367
-78 404
-77 401
-76 410
-75 339
-74 395
-73 447
-72 366
-71 380
-70 385
-69 355
-68 392
-67 393
-66 381
-65 366
-64 398
-63 395
-62 382
-61 331
-60 389
-59 372
-58 376
-57 330
-56 356
-55 366
-54 350
-53 356
-52 345
-51 337
-50 344
-49 331
-48 347
-47 337
-46 306
-45 306
-44 322
-43 291
-42 289
-41 316
-40 344
-39 318
-38 313
-37 354
-36 298
-35 272
-34 318
-33 265
-32 283
-31 296
-30 307
-29 266
-28 277
-27 295
-26 262
-25 312
-24 267
-23 277
-22 281
-21 256
-20 265
-19 246
-18 264
-17 264
-16 273
-15 282
-14 243
-13 281
-12 257
-11 246
-10 240
-9 252
-8 260
-7 238
-6 240
-5 253
-4 255
-3 241
-2 253
-1 214
0 241
1 254
2 250
3 253
4 234
5 235
6 213
7 242
8 221
9 259
10 242
11 231
12 233
13 222
14 201
15 195
16 205
17 209
18 207
19 242
20 231
21 208
22 231
23 213
24 213
25 219
26 192
27 215
28 204
29 199
30 191
31 208
32 225
33 211
34 208
35 178
36 192
37 177
38 205
39 182
40 194
41 180
42 200
43 207
44 211
45 202
46 197
47 194
48 181
49 187
50 176
51 183
52 173
53 229
54 188
55 193
56 177
57 189
58 157
59 172
60 180
61 179
62 163
63 166
64 206
65 176
66 168
67 164
68 153
69 175
70 183
71 141
72 170
73 176
74 155
75 166
76 149
77 153
78 159
79 148
80 158
81 123
82 123
83 158
84 124
85 128
86 125
87 120
88 130
89 132
90 149
91 142
92 144
93 122
94 144
95 141
96 142
97 129
98 129
99 116
100 135
101 130
102 139
103 124
104 125
105 124
106 101
107 126
108 118
109 120
110 116
111 126
112 117
113 114
114 121
115 116
116 89
117 117
118 124
119 112
120 94
121 132
122 115
123 101
124 106
125 133
126 109
127 95
128 103
129 110
130 97
131 96
132 83
133 106
134 84
135 96
136 104
137 115
138 106
139 98
140 90
141 95
142 95
143 87
144 71
145 101
146 96
147 97
148 85
149 89
150 89
151 90
152 84
153 89
154 78
155 87
156 90
157 80
158 88
159 81
160 81
161 76
162 94
163 80
164 82
165 82
166 73
167 97
168 65
169 94
170 78
171 75
172 81
173 94
174 97
175 79
176 73
177 84
178 82
179 80
180 95
181 62
182 80
183 68
184 63
185 81
186 74
187 71
188 70
189 61
190 67
191 86
192 70
193 66
194 71
195 79
196 69
197 76
198 73
199 72
200 64
201 77
202 66
203 63
204 66
205 51
206 65
207 57
208 54
209 68
210 61
211 55
212 57
213 65
214 55
215 54
216 66
217 74
218 47
219 53
220 67
221 72
222 65
223 66
224 57
225 52
226 60
227 59
228 55
229 66
230 68
231 63
232 60
233 73
234 55
235 57
236 58
237 66
238 52
239 60
240 66
241 50
242 47
243 53
244 59
245 52
246 49
247 51
248 52
249 53
250 49
251 41
252 41
253 55
254 54
255 52
256 51
257 50
258 37
259 66
260 42
261 56
262 34
263 63
264 36
265 61
266 45
267 62
268 38
269 45
270 45
271 40
272 49
273 53
274 44
275 48
276 42
277 35
278 58
279 45
280 39
281 38
282 63
283 44
284 39
285 36
286 39
287 50
288 41
289 44
290 29
291 49
292 48
293 50
294 47
295 43
296 24
297 40
298 38
299 45
300 50
301 30
302 35
303 32
304 42
305 31
306 34
307 47
308 47
309 38
310 34
311 24
312 46
313 35
314 45
315 48
316 32
317 37
318 43
319 39
320 35
321 35
322 35
323 35
324 38
325 34
326 41
327 31
328 34
329 28
330 44
331 36
332 26
333 28
334 30
335 36
336 39
337 35
338 27
339 32
340 29
341 33
342 31
343 30
344 38
345 25
346 27
347 32
348 22
349 42
350 35
351 28
352 34
353 23
354 32
355 25
356 28
357 46
358 30
359 36
360 27
361 20
362 38
363 39
364 29
365 29
366 24
367 29
368 30
369 27
370 39
371 31
372 32
373 30
374 27
375 33
376 26
377 31
378 34
379 33
380 28
381 36
382 23
383 34
384 29
385 20
386 44
387 36
388 25
389 24
390 21
391 22
392 26
393 30
394 34
395 25
396 30
397 30
398 22
399 24
400 24
401 26
402 29
403 21
404 34
405 31
406 39
407 24
408 30
409 33
410 20
411 24
412 32
413 31
414 30
415 25
416 31
417 33
418 35
419 26
420 28
421 34
422 37
423 29
424 30
425 44
426 41
427 36
428 38
429 38
430 33
431 39
432 27
433 27
434 31
435 36
436 29
437 45
438 28
439 29
440 31
441 30
442 36
443 19
444 29
445 36
446 34
447 28
448 34
449 39
450 24
451 34
452 37
453 21
454 25
455 32
456 20
457 33
458 29
459 28
460 29
461 18
462 24
463 28
464 30
465 35
466 28
467 35
468 25
469 32
470 20
471 28
472 32
473 21
474 26
475 25
476 25
477 33
478 31
479 29
480 32
481 23
482 31
483 26
484 34
485 32
486 33
487 31
488 33
489 27
490 22
491 32
492 29
493 37
494 20
495 38
496 27
497 42
498 44
499 32
500 38
501 34
502 33
503 43
504 38
505 30
506 39
507 31
508 42
509 29
510 28
511 33
512 32
513 44
514 47
515 43
516 49
517 44
518 37
519 40
520 41
521 40
522 41
523 41
524 36
525 35
526 34
527 48
528 41
529 28
530 36
531 52
532 36
533 45
534 38
535 46
536 34
537 38
538 47
539 43
540 46
541 35
542 45
543 45
544 47
545 42
546 34
547 45
548 39
549 47
550 48
551 40
552 57
553 52
554 40
555 41
556 34
557 57
558 39
559 37
560 44
561 36
562 48
563 39
564 43
565 44
566 41
567 30
568 43
569 44
570 43
571 44
572 38
573 32
574 41
575 29
576 46
577 35
578 33
579 36
580 55
581 40
582 50
583 40
584 37
585 23
586 33
587 30
588 27
589 40
590 36
591 40
592 32
593 39
594 43
595 39
596 36
597 33
598 43
599 40
600 45
601 34
602 34
603 35
604 40
605 34
606 37
607 47
608 41
609 28
610 35
611 30
612 32
613 29
614 33
615 36
616 45
617 36
618 31
619 41
620 42
621 40
622 46
623 38
624 31
625 32
626 45
627 44
628 34
629 41
630 39
631 29
632 37
633 40
634 37
635 47
636 36
637 38
638 33
639 41
640 35
641 40
642 27
643 37
644 34
645 34
646 30
647 44
648 48
649 32
650 31
651 30
652 53
653 39
654 18
655 31
656 29
657 42
658 35
659 37
660 31
661 30
662 34
663 33
664 34
665 44
666 39
667 30
668 28
669 41
670 28
671 42
672 32
673 47
674 30
675 31
676 30
677 30
678 38
679 31
680 25
681 34
682 35
683 22
684 28
685 39
686 37
687 26
688 32
689 32
690 29
691 38
692 40
693 30
694 37
695 38
696 34
697 27
698 47
699 34
700 33
701 27
702 26
703 24
704 32
705 34
706 36
707 27
708 27
709 27
710 28
711 29
712 22
713 18
714 33
715 35
716 19
717 36
718 43
719 28
720 28
721 21
722 17
723 35
724 18
725 28
726 29
727 23
728 26
729 26
730 27
731 30
732 41
733 31
734 26
735 31
736 28
737 33
738 25
739 21
740 28
741 29
742 26
743 20
744 27
745 28
746 27
747 18
748 27
749 21
750 29
751 27
752 26
753 24
754 20
755 20
756 28
757 17
758 23
759 14
760 24
761 26
762 36
763 16
764 21
765 19
766 18
767 21
768 26
769 32
770 23
771 21
772 16
773 26
774 29
775 26
776 25
777 28
778 21
779 17
780 17
781 21
782 18
783 21
784 22
785 25
786 25
787 30
788 20
789 20
790 14
791 27
792 20
793 15
794 32
795 19
796 19
797 21
798 25
799 16
800 11
801 20
802 22
803 13
804 18
805 21
806 16
807 18
808 17
809 20
810 15
811 18
812 15
813 15
814 16
815 16
816 27
817 15
818 25
819 9
820 17
821 11
822 18
823 12
824 14
825 28
826 15
827 18
828 20
829 13
830 17
831 14
832 20
833 17
834 9
835 21
836 12
837 13
838 16
839 18
840 16
841 16
842 11
843 23
844 9
845 20
846 15
847 21
848 12
849 7
850 16
851 15
852 17
853 13
854 19
855 16
856 11
857 17
858 14
859 10
860 5
861 16
862 9
863 14
864 9
865 5
866 14
867 14
868 18
869 13
870 8
871 11
872 12
873 10
874 9
875 16
876 10
877 17
878 14
879 15
880 20
881 12
882 9
883 9
884 9
885 19
886 8
887 13
888 14
889 14
890 7
891 8
892 9
893 17
894 11
895 9
896 9
897 12
898 5
899 8
900 9
901 10
902 7
903 12
904 10
905 10
906 16
907 9
908 13
909 6
910 12
911 11
912 12
913 14
914 8
915 11
916 7
917 9
918 7
919 4
920 5
921 6
922 7
923 10
924 4
925 4
926 11
927 3
928 8
929 8
930 9
931 12
932 5
933 4
934 8
935 7
936 11
937 11
938 5
939 7
940 6
941 6
942 10
943 5
944 6
945 2
946 7
947 5
948 7
949 7
950 8
951 4
952 9
953 11
954 2
955 6
956 10
957 6
958 6
959 8
960 7
961 8
962 12
963 5
964 5
965 7
966 9
967 11
968 7
969 7
970 6
971 6
972 4
973 8
974 2
975 5
976 7
977 4
978 3
979 6
980 5
981 2
982 4
983 3
984 3
985 11
986 5
988 6
989 6
990 7
991 6
992 3
993 3
994 3
995 6
996 4
997 8
998 3
1000 4
1001 5
1002 3
1003 2
1004 5
1005 4
1006 1
1007 2
1008 2
1009 3
1010 5
1012 3
1013 3
1014 3
1015 3
1016 7
1017 3
1018 3
1019 1
1020 7
1021 5
1022 4
1024 5
1025 1
1026 2
1027 2
1029 8
1030 5
1031 5
1032 2
1033 4
1034 5
1035 5
1036 4
1037 1
1038 5
1039 2
1040 6
1041 2
1042 5
1043 6
1044 2
1045 4
1046 4
1047 5
1049 2
1050 4
1051 2
1052 4
1053 3
1054 5
1055 3
1056 1
1057 3
1058 1
1059 3
1060 2
1061 5
1062 2
1063 5
1064 6
1065 1
1066 1
1067 1
1068 2
1070 2
1071 1
1072 3
1073 1
1075 1
1076 2
1077 3
1078 3
1079 2
1080 1
1081 4
1082 1
1083 1
1085 4
1086 3
1087 2
1089 1
1090 2
1091 3
1092 4
1093 4
1094 2
1095 3
1098 4
1099 3
1100 1
1101 1
1104 3
1105 2
1106 2
1107 2
1108 2
1109 1
1110 2
1111 2
1112 1
1115 2
1116 2
1119 1
1120 3
1121 2
1122 1
1123 2
1124 3
1125 4
1126 2
1127 1
1129 1
1131 1
1133 1
1134 1
1137 1
1138 2
1141 1
1142 1
1144 3
1145 2
1146 1
1148 2
1151 1
1152 2
1158 2
1161 1
1163 1
1164 1
1166 1
1167 1
1168 1
1172 1
1173 1
1175 1
1180 1
1182 1
1183 1
1186 1
1188 1
1189 1
1190 1
1194 1
1198 2
1204 1
1215 1
1218 2
1219 1
1227 1
1234 1
1236 1
1237 1
1241 1
1242 1
1253 1
1262 1
1272 1
1283 1
1304 1
1305 1
1328 1
1351 1
1357 1
1367 1
1369 1
1392 1
1415 1
