-135 2
-134 5
-133 17
-132 26
-131 48
-130 48
-129 48
-128 54
-127 68
-126 46
-125 61
-124 44
-123 42
-122 60
-121 58
-120 65
-119 64
-118 64
-117 62
-116 52
-115 62
-114 49
-113 62
-112 56
-111 72
-110 55
-109 56
-108 55
-107 64
-106 72
-105 102
-104 97
-103 122
-102 126
-101 130
-100 130
-99 162
-98 160
-97 169
-96 208
-95 244
-94 232
-93 225
-92 183
-91 197
-90 204
-89 190
-88 201
-87 208
-86 231
-85 245
-84 269
-83 267
-82 281
-81 269
-80 297
-79 303
-78 269
-77 285
-76 276
-75 254
-74 293
-73 240
-72 265
-71 246
-70 261
-69 279
-68 258
-67 272
-66 256
-65 235
-64 236
-63 260
-62 257
-61 245
-60 277
-59 275
-58 302
-57 298
-56 278
-55 317
-54 297
-53 324
-52 285
-51 301
-50 310
-49 300
-48 321
-47 312
-46 322
-45 281
-44 326
-43 314
-42 399
-41 389
-40 361
-39 356
-38 384
-37 408
-36 345
-35 368
-34 408
-33 398
-32 369
-31 429
-30 458
-29 480
-28 464
-27 464
-26 483
-25 509
-24 527
-23 464
-22 510
-21 588
-20 565
-19 658
-18 731
-17 769
-16 900
-15 921
-14 946
-13 988
-12 980
-11 962
-10 972
-9 957
-8 1002
-7 1038
-6 1102
-5 1168
-4 1300
-3 1298
-2 1273
-1 1257
0 1378
1 1418
2 1319
3 1339
4 1392
5 1374
6 1425
7 1468
8 1458
9 1486
10 1560
11 1544
12 1550
13 1581
14 1664
15 1609
16 1607
17 1695
18 1781
19 1675
20 1680
21 1688
22 1798
23 1760
24 1814
25 1813
26 1865
27 1886
28 1898
29 2025
30 2012
31 2110
32 2061
33 2141
34 2197
35 2150
36 2163
37 2246
38 2229
39 2373
40 2305
41 2326
42 2447
43 2564
44 2811
45 2772
46 2886
47 2892
48 2916
49 3019
50 3119
51 3087
52 3146
53 3405
54 3298
55 3392
56 3400
57 3587
58 3596
59 3678
60 3881
61 3905
62 4001
63 4163
64 3951
65 4065
66 4215
67 4272
68 4393
69 4343
70 4560
71 4649
72 4488
73 4810
74 4782
75 4809
76 4857
77 4928
78 5111
79 5078
80 5177
81 5229
82 5369
83 5564
84 5725
85 5764
86 5898
87 6155
88 6369
89 6290
90 6220
91 6451
92 6650
93 6724
94 6709
95 6889
96 7226
97 7451
98 7615
99 7946
100 8213
101 8010
102 8016
103 8321
104 8356
105 8194
106 8278
107 8303
108 8529
109 8697
110 9073
111 9128
112 9416
113 9575
114 9743
115 9874
116 10205
117 10349
118 10605
119 11202
120 11364
121 11895
122 11891
123 11859
124 11812
125 12044
126 12350
127 12561
128 13040
129 13374
130 13628
131 14357
132 14610
133 14672
134 15248
135 15755
136 16620
137 17685
138 16983
139 16555
140 17022
141 17286
142 17572
143 18124
144 18402
145 18622
146 19530
147 19392
148 19322
149 19569
150 20466
151 21097
152 22032
153 23177
154 23891
155 22436
156 22181
157 22104
158 22107
159 22530
160 23039
161 24085
162 24647
163 24322
164 24779
165 25446
166 26793
167 26257
168 24704
169 24741
170 25128
171 24578
172 25115
173 25352
174 26524
175 26424
176 26460
177 26571
178 27033
179 28041
180 27932
181 28506
182 28865
183 28923
184 30714
185 33118
186 33682
187 30146
188 29071
189 28555
190 28346
191 27864
192 27786
193 28472
194 29192
195 29062
196 28058
197 28197
198 29232
199 28162
200 26596
201 26060
202 25825
203 25715
204 26239
205 25796
206 25707
207 25706
208 24963
209 25207
210 25289
211 24485
212 24403
213 24879
214 25448
215 26842
216 25685
217 25639
218 24656
219 24654
220 24836
221 25910
222 28055
223 35190
224 29300
225 25715
226 22455
227 20477
228 19172
229 18354
230 17654
231 16903
232 16606
233 16422
234 16294
235 16511
236 15692
237 15101
238 14839
239 15253
240 14392
241 14126
242 13435
243 12373
244 11686
245 11266
246 10950
247 10674
248 10445
249 10311
250 10068
251 9691
252 9598
253 9442
254 9209
255 9356
256 9222
257 8941
258 8856
259 8808
260 8826
261 8143
262 7918
263 7610
264 7481
265 7122
266 7106
267 7055
268 6702
269 6640
270 6396
271 6358
272 6342
273 6137
274 6195
275 6033
276 5850
277 5667
278 5633
279 5444
280 5333
281 5199
282 5051
283 5029
284 5007
285 4738
286 4661
287 4532
288 4473
289 4389
290 4249
291 4156
292 4059
293 3986
294 3967
295 3958
296 3893
297 3892
298 3937
299 3791
300 3635
301 3561
302 3421
303 3322
304 3261
305 3213
306 3111
307 3105
308 3004
309 3004
310 2948
311 2969
312 2778
313 2742
314 2808
315 2725
316 2689
317 2669
318 2656
319 2649
320 2631
321 2559
322 2502
323 2381
324 2410
325 2331
326 2363
327 2312
328 2243
329 2154
330 2181
331 2132
332 2108
333 2038
334 1983
335 2001
336 1996
337 1895
338 1871
339 1902
340 1898
341 1834
342 1781
343 1712
344 1812
345 1645
346 1698
347 1710
348 1695
349 1698
350 1556
351 1594
352 1547
353 1579
354 1484
355 1518
356 1477
357 1453
358 1446
359 1410
360 1509
361 1455
362 1456
363 1449
364 1381
365 1345
366 1365
367 1310
368 1301
369 1324
370 1293
371 1215
372 1300
373 1274
374 1234
375 1213
376 1198
377 1206
378 1186
379 1216
380 1162
381 1160
382 1182
383 1119
384 1099
385 1128
386 1071
387 1079
388 1025
389 1045
390 1043
391 1054
392 1101
393 1034
394 994
395 985
396 986
397 957
398 985
399 943
400 948
401 957
402 903
403 897
404 893
405 868
406 873
407 803
408 815
409 813
410 786
411 740
412 810
413 794
414 784
415 792
416 737
417 778
418 729
419 715
420 697
421 675
422 700
423 700
424 694
425 669
426 655
427 637
428 633
429 645
430 644
431 610
432 646
433 636
434 638
435 593
436 595
437 616
438 551
439 545
440 570
441 554
442 548
443 557
444 587
445 580
446 547
447 500
448 556
449 531
450 511
451 523
452 493
453 495
454 510
455 502
456 504
457 495
458 501
459 430
460 464
461 470
462 456
463 424
464 463
465 441
466 442
467 403
468 411
469 460
470 435
471 470
472 443
473 435
474 400
475 425
476 457
477 452
478 401
479 350
480 363
481 400
482 403
483 409
484 354
485 383
486 362
487 357
488 387
489 370
490 375
491 312
492 366
493 384
494 343
495 322
496 333
497 327
498 337
499 328
500 393
501 371
502 337
503 324
504 310
505 288
506 303
507 334
508 319
509 293
510 342
511 296
512 317
513 284
514 279
515 299
516 288
517 303
518 312
519 272
520 270
521 281
522 294
523 261
524 283
525 261
526 235
527 253
528 219
529 262
530 247
531 251
532 274
533 256
534 262
535 261
536 243
537 256
538 229
539 241
540 242
541 240
542 259
543 242
544 235
545 236
546 226
547 224
548 207
549 217
550 222
551 203
552 230
553 219
554 206
555 215
556 245
557 212
558 215
559 215
560 218
561 202
562 208
563 210
564 189
565 192
566 203
567 187
568 206
569 191
570 203
571 195
572 172
573 210
574 188
575 206
576 194
577 192
578 193
579 194
580 178
581 171
582 174
583 179
584 163
585 167
586 148
587 173
588 169
589 158
590 173
591 157
592 170
593 151
594 155
595 177
596 158
597 156
598 143
599 156
600 154
601 147
602 159
603 139
604 153
605 149
606 143
607 175
608 142
609 140
610 136
611 158
612 151
613 136
614 157
615 150
616 135
617 145
618 167
619 138
620 174
621 131
622 120
623 135
624 140
625 142
626 123
627 131
628 142
629 119
630 133
631 117
632 100
633 127
634 93
635 122
636 107
637 133
638 107
639 104
640 113
641 106
642 111
643 120
644 113
645 111
646 95
647 127
648 113
649 102
650 108
651 106
652 137
653 132
654 100
655 109
656 103
657 97
658 97
659 100
660 101
661 106
662 105
663 87
664 116
665 100
666 119
667 101
668 88
669 101
670 100
671 99
672 98
673 89
674 86
675 110
676 95
677 84
678 95
679 98
680 90
681 90
682 96
683 89
684 100
685 80
686 93
687 85
688 79
689 86
690 95
691 74
692 86
693 85
694 82
695 87
696 86
697 92
698 83
699 78
700 73
701 73
702 72
703 73
704 69
705 63
706 81
707 67
708 60
709 60
710 79
711 78
712 80
713 91
714 78
715 69
716 75
717 84
718 69
719 68
720 77
721 53
722 68
723 80
724 76
725 79
726 75
727 57
728 69
729 70
730 62
731 60
732 77
733 57
734 71
735 62
736 64
737 62
738 62
739 43
740 71
741 72
742 64
743 60
744 81
745 68
746 69
747 69
748 49
749 57
750 64
751 57
752 71
753 63
754 64
755 63
756 68
757 60
758 68
759 41
760 58
761 55
762 48
763 58
764 80
765 55
766 57
767 58
768 56
769 59
770 52
771 63
772 56
773 57
774 51
775 56
776 55
777 60
778 43
779 59
780 54
781 50
782 45
783 47
784 39
785 58
786 36
787 49
788 38
789 47
790 42
791 49
792 42
793 41
794 42
795 41
796 52
797 33
798 37
799 34
800 39
801 48
802 40
803 46
804 49
805 55
806 45
807 47
808 45
809 38
810 42
811 37
812 42
813 42
814 36
815 42
816 46
817 43
818 52
819 43
820 51
821 30
822 38
823 49
824 33
825 25
826 42
827 32
828 32
829 49
830 39
831 51
832 40
833 46
834 39
835 40
836 33
837 31
838 39
839 32
840 30
841 35
842 42
843 34
844 35
845 42
846 41
847 28
848 34
849 34
850 44
851 34
852 32
853 27
854 31
855 38
856 26
857 30
858 42
859 29
860 36
861 32
862 34
863 32
864 25
865 29
866 31
867 33
868 39
869 27
870 30
871 23
872 25
873 33
874 37
875 39
876 27
877 27
878 32
879 31
880 30
881 31
882 22
883 28
884 28
885 30
886 25
887 21
888 24
889 26
890 31
891 31
892 27
893 25
894 26
895 31
896 32
897 35
898 23
899 29
900 28
901 31
902 31
903 31
904 30
905 20
906 23
907 16
908 24
909 16
910 27
911 25
912 26
913 23
914 12
915 23
916 18
917 26
918 28
919 23
920 16
921 29
922 26
923 23
924 21
925 21
926 23
927 21
928 25
929 28
930 21
931 26
932 8
933 21
934 15
935 22
936 19
937 23
938 22
939 22
940 17
941 9
942 19
943 21
944 19
945 18
946 22
947 18
948 25
949 12
950 19
951 25
952 23
953 14
954 27
955 14
956 25
957 21
958 23
959 15
960 16
961 15
962 19
963 16
964 13
965 10
966 17
967 16
968 17
969 11
970 15
971 17
972 12
973 16
974 11
975 13
976 9
977 12
978 20
979 11
980 16
981 22
982 17
983 11
984 14
985 11
986 11
987 10
988 10
989 13
990 9
991 18
992 10
993 16
994 15
995 12
996 13
997 14
998 14
999 11
1000 9
1001 18
1002 14
1003 8
1004 15
1005 13
1006 13
1007 11
1008 12
1009 18
1010 10
1011 10
1012 9
1013 12
1014 14
1015 13
1016 13
1017 10
1018 10
1019 6
1020 11
1021 10
1022 12
1023 11
1024 13
1025 10
1026 15
1027 7
1028 14
1029 18
1030 8
1031 13
1032 8
1033 10
1034 10
1035 7
1036 13
1037 8
1038 14
1039 12
1040 13
1041 6
1042 12
1043 9
1044 7
1045 9
1046 11
1047 6
1048 9
1049 10
1050 6
1051 10
1052 9
1053 5
1054 12
1055 9
1056 10
1057 9
1058 10
1059 4
1060 10
1061 5
1062 10
1063 12
1064 13
1065 10
1066 4
1067 7
1068 8
1069 8
1070 11
1071 12
1072 8
1073 6
1074 14
1075 5
1076 8
1077 6
1078 9
1079 10
1080 6
1081 8
1082 7
1083 7
1084 5
1085 5
1086 5
1087 6
1088 5
1089 7
1090 7
1091 5
1092 7
1093 8
1094 13
1095 7
1096 10
1097 5
1098 5
1099 5
1100 4
1101 11
1102 8
1103 9
1104 5
1105 5
1106 7
1107 7
1108 6
1109 6
1110 1
1111 5
1112 5
1113 7
1114 3
1115 6
1116 6
1117 11
1118 9
1119 4
1120 2
1121 8
1122 5
1123 14
1124 3
1125 6
1126 3
1127 8
1128 10
1129 3
1130 9
1131 3
1132 1
1133 1
1134 7
1135 6
1136 8
1137 10
1138 2
1139 3
1140 6
1141 3
1142 7
1143 6
1144 7
1145 8
1146 6
1147 7
1148 10
1149 4
1150 4
1151 2
1152 2
1153 3
1154 4
1155 3
1156 3
1157 5
1158 4
1159 3
1160 5
1161 6
1162 4
1163 2
1164 6
1165 3
1166 6
1167 7
1168 4
1169 3
1170 3
1171 7
1172 7
1173 7
1174 3
1175 3
1176 1
1177 2
1178 3
1179 4
1180 3
1181 3
1182 6
1183 9
1184 4
1185 5
1186 4
1187 5
1188 3
1189 3
1190 3
1191 5
1192 3
1193 6
1195 3
1196 4
1197 5
1198 2
1199 3
1200 4
1201 3
1202 5
1203 2
1204 4
1205 3
1206 4
1207 4
1208 3
1209 2
1210 4
1211 4
1212 4
1213 4
1214 3
1215 6
1216 4
1217 3
1218 2
1219 2
1220 5
1221 5
1223 1
1224 4
1225 3
1226 3
1227 2
1228 1
1229 3
1230 3
1231 5
1232 4
1233 3
1234 2
1235 5
1236 2
1237 2
1238 3
1239 3
1240 2
1241 1
1242 3
1244 6
1245 2
1246 1
1247 1
1248 1
1249 2
1250 7
1252 3
1253 1
1254 2
1255 5
1256 5
1257 2
1258 1
1260 2
1261 1
1262 4
1263 1
1264 2
1265 1
1266 2
1267 3
1268 2
1269 3
1270 4
1271 5
1272 3
1274 2
1275 4
1276 3
1277 1
1278 5
1279 1
1280 2
1281 6
1283 4
1284 6
1285 1
1286 2
1287 1
1288 3
1289 2
1290 3
1291 3
1292 3
1293 2
1294 2
1295 3
1296 4
1297 3
1298 1
1299 1
1300 5
1301 4
1302 2
1303 1
1304 1
1305 2
1306 3
1307 1
1308 3
1309 3
1310 2
1311 2
1312 3
1313 1
1314 3
1315 2
1316 2
1317 1
1318 4
1319 4
1320 1
1321 2
1325 3
1326 2
1327 1
1328 2
1329 2
1330 1
1331 3
1332 1
1333 3
1334 1
1335 1
1336 3
1337 1
1338 2
1339 1
1340 3
1341 2
1342 1
1343 3
1344 2
1346 4
1347 1
1348 5
1349 1
1350 3
1351 1
1352 1
1353 1
1354 4
1355 2
1356 1
1357 2
1358 1
1359 2
1360 3
1361 1
1362 1
1363 3
1365 4
1366 4
1367 2
1368 2
1369 5
1370 6
1371 1
1372 6
1373 1
1374 4
1375 2
1376 6
1377 3
1378 2
1379 2
1380 2
1381 1
1382 1
1384 2
1385 1
1386 3
1387 2
1388 3
1389 1
1390 4
1392 1
1393 6
1394 2
1396 2
1397 4
1398 2
1399 5
1400 2
1401 1
1402 4
1403 2
1404 4
1405 2
1406 2
1407 2
1408 1
1409 1
1411 4
1412 1
1414 2
1415 1
1416 2
1417 1
1419 4
1420 2
1421 3
1422 1
1423 1
1424 1
1425 1
1426 2
1428 4
1431 1
1432 4
1433 1
1434 4
1435 4
1436 3
1437 2
1438 1
1439 1
1440 4
1441 2
1442 2
1443 7
1444 2
1446 3
1447 2
1448 3
1449 1
1450 1
1451 2
1452 1
1453 1
1454 1
1455 2
1456 2
1457 3
1458 2
1459 1
1460 1
1461 1
1463 1
1464 1
1465 1
1466 3
1467 1
1468 1
1470 1
1471 3
1472 2
1473 5
1474 4
1476 1
1477 2
1478 1
1479 2
1480 2
1482 5
1483 1
1484 2
1485 2
1486 2
1487 1
1488 1
1489 3
1490 1
1491 1
1492 4
1493 2
1494 1
1495 2
1496 5
1497 2
1498 4
1499 1
1502 1
1503 1
1504 1
1505 2
1506 3
1507 2
1508 2
1509 3
1510 2
1511 4
1512 1
1514 1
1516 2
1518 4
1519 3
1520 1
1521 2
1523 1
1524 2
1526 3
1527 2
1528 1
1529 1
1530 2
1531 3
1532 1
1534 1
1537 3
1538 3
1539 3
1540 2
1541 2
1542 1
1543 2
1544 1
1545 1
1546 1
1547 1
1549 3
1550 4
1551 1
1552 2
1553 1
1554 1
1555 6
1556 3
1559 4
1560 4
1561 2
1562 2
1563 1
1564 2
1565 1
1566 2
1567 2
1569 1
1570 1
1572 3
1573 2
1574 2
1575 3
1576 2
1577 2
1578 3
1579 2
1580 1
1581 2
1582 6
1583 2
1584 3
1585 3
1586 2
1587 2
1588 1
1590 3
1591 3
1592 3
1593 3
1594 4
1595 2
1596 1
1597 1
1598 6
1599 1
1600 2
1601 1
1602 2
1603 6
1604 1
1606 4
1607 2
1609 3
1610 3
1611 2
1612 1
1613 2
1616 1
1618 1
1619 1
1620 2
1621 5
1622 3
1623 3
1624 2
1625 3
1626 2
1627 1
1628 3
1629 1
1630 5
1631 2
1632 3
1633 1
1634 5
1635 2
1637 2
1638 2
1639 2
1640 1
1641 2
1642 1
1643 1
1644 4
1645 1
1646 2
1647 2
1648 2
1649 4
1650 2
1651 1
1652 1
1654 2
1655 1
1656 3
1657 1
1658 2
1659 4
1660 3
1661 1
1662 2
1663 1
1664 2
1665 2
1666 1
1667 2
1668 2
1669 4
1670 4
1671 1
1672 3
1673 5
1674 2
1675 3
1676 2
1677 2
1678 2
1679 3
1680 2
1681 1
1682 1
1683 6
1684 1
1685 1
1686 6
1687 2
1688 1
1689 5
1690 1
1691 1
1692 1
1693 5
1694 3
1695 3
1696 2
1697 3
1698 1
1699 1
1700 6
1701 2
1702 4
1703 3
1704 3
1705 4
1706 1
1707 1
1708 2
1709 3
1710 3
1711 2
1712 4
1714 4
1715 4
1716 4
1717 2
1718 4
1719 2
1720 3
1721 2
1722 2
1723 4
1724 3
1725 4
1726 1
1727 1
1728 2
1729 5
1730 1
1731 2
1732 2
1733 3
1734 3
1735 3
1736 2
1737 1
1739 2
1740 2
1742 1
1744 3
1745 1
1750 1
1752 1
1753 1
1755 1
1756 1
1758 1
1759 1
1760 1
1763 1
1764 1
1766 1
1768 2
1769 1
1774 2
1778 2
1782 1
1784 2
1789 1
1790 1
1792 1
1795 1
1796 1
1797 2
1798 1
1802 2
1805 1
1817 1
1818 1
1836 1
1842 1
1847 1
1861 1
1880 1
1892 1
