120 6
121 15
122 56
123 133
124 259
125 509
126 565
127 500
128 491
129 425
130 485
131 489
132 431
133 442
134 407
135 440
136 695
137 794
138 830
139 917
140 929
141 911
142 894
143 912
144 970
145 1078
146 1063
147 1188
148 1348
149 1333
150 1373
151 1424
152 1673
153 1674
154 1634
155 1538
156 1583
157 1520
158 1605
159 1738
160 1668
161 1613
162 1619
163 1841
164 1854
165 1971
166 2040
167 2149
168 2276
169 2280
170 2098
171 2001
172 1994
173 2100
174 2075
175 2210
176 2132
177 2088
178 2076
179 2087
180 1940
181 1948
182 1912
183 1880
184 1858
185 1815
186 1876
187 1885
188 1833
189 1892
190 1720
191 1836
192 1873
193 1875
194 1891
195 1888
196 1838
197 1772
198 1807
199 1861
200 1864
201 1807
202 1859
203 1697
204 1892
205 1916
206 1944
207 1908
208 2077
209 2019
210 2025
211 2006
212 2066
213 2061
214 1983
215 1977
216 1985
217 1935
218 1879
219 1869
220 1877
221 1901
222 1854
223 1935
224 2023
225 1953
226 1903
227 1914
228 1943
229 2030
230 2081
231 2130
232 2194
233 2176
234 2214
235 2181
236 2201
237 2157
238 2137
239 2327
240 2190
241 2217
242 2212
243 2279
244 2260
245 2230
246 2146
247 2181
248 2354
249 2311
250 2429
251 2526
252 2573
253 2564
254 2409
255 2467
256 2499
257 2433
258 2384
259 2436
260 2526
261 2518
262 2526
263 2545
264 2622
265 2564
266 2715
267 2670
268 2773
269 2612
270 2768
271 2604
272 2697
273 2755
274 2709
275 2677
276 2802
277 2887
278 2933
279 2815
280 2972
281 2854
282 2963
283 2831
284 2850
285 2873
286 2941
287 2897
288 2864
289 2976
290 2975
291 3050
292 3126
293 3002
294 3122
295 3236
296 3212
297 3124
298 3264
299 3189
300 3186
301 3248
302 3294
303 3354
304 3300
305 3446
306 3413
307 3412
308 3416
309 3351
310 3282
311 3395
312 3424
313 3467
314 3422
315 3474
316 3508
317 3563
318 3483
319 3462
320 3371
321 3344
322 3539
323 3510
324 3496
325 3561
326 3427
327 3411
328 3422
329 3320
330 3375
331 3462
332 3307
333 3322
334 3343
335 3399
336 3509
337 3424
338 3443
339 3383
340 3420
341 3503
342 3460
343 3504
344 3537
345 3537
346 3681
347 3520
348 3597
349 3686
350 3804
351 3844
352 3881
353 3912
354 3984
355 3982
356 4025
357 3990
358 3983
359 4020
360 3936
361 3917
362 4056
363 4026
364 4213
365 4109
366 4059
367 4191
368 4042
369 4077
370 3935
371 3895
372 3971
373 3951
374 3916
375 4108
376 4181
377 4201
378 4152
379 4016
380 3957
381 4009
382 4067
383 4031
384 3967
385 4021
386 4096
387 4070
388 4094
389 4194
390 4021
391 4085
392 3981
393 3996
394 4065
395 3990
396 4051
397 3911
398 3836
399 3981
400 3956
401 3742
402 3873
403 3835
404 3892
405 3802
406 3706
407 3708
408 3813
409 3775
410 3797
411 3630
412 3833
413 3615
414 3745
415 3689
416 3638
417 3651
418 3643
419 3639
420 3776
421 3707
422 3708
423 3675
424 3768
425 3681
426 3716
427 3868
428 3783
429 3708
430 3881
431 3763
432 3799
433 3883
434 3778
435 3853
436 3917
437 3796
438 3798
439 3840
440 3897
441 3748
442 3822
443 3786
444 3692
445 3703
446 3714
447 3617
448 3626
449 3560
450 3655
451 3549
452 3495
453 3459
454 3714
455 3591
456 3519
457 3497
458 3494
459 3555
460 3498
461 3430
462 3492
463 3418
464 3566
465 3523
466 3436
467 3324
468 3389
469 3409
470 3449
471 3529
472 3634
473 3481
474 3556
475 3532
476 3432
477 3522
478 3479
479 3603
480 3531
481 3511
482 3535
483 3558
484 3584
485 3644
486 3535
487 3526
488 3467
489 3419
490 3488
491 3417
492 3408
493 3391
494 3345
495 3399
496 3422
497 3351
498 3456
499 3572
500 3326
501 3469
502 3362
503 3428
504 3558
505 3595
506 3584
507 3526
508 3530
509 3629
510 3589
511 3570
512 3540
513 3511
514 3644
515 3669
516 3492
517 3554
518 3512
519 3657
520 3600
521 3527
522 3543
523 3504
524 3545
525 3413
526 3479
527 3509
528 3357
529 3504
530 3429
531 3504
532 3416
533 3430
534 3538
535 3414
536 3433
537 3460
538 3533
539 3373
540 3481
541 3373
542 3486
543 3355
544 3362
545 3442
546 3431
547 3495
548 3428
549 3518
550 3452
551 3461
552 3503
553 3445
554 3395
555 3425
556 3418
557 3352
558 3362
559 3439
560 3209
561 3341
562 3291
563 3307
564 3316
565 3385
566 3292
567 3362
568 3468
569 3487
570 3333
571 3294
572 3454
573 3358
574 3404
575 3349
576 3369
577 3258
578 3364
579 3290
580 3249
581 3266
582 3330
583 3290
584 3210
585 3182
586 3287
587 3189
588 3360
589 3228
590 3299
591 3311
592 3309
593 3345
594 3274
595 3123
596 3211
597 3143
598 3274
599 3226
600 3198
601 3137
602 3187
603 3216
604 3155
605 3099
606 3002
607 3111
608 3038
609 3007
610 3004
611 3069
612 2907
613 2975
614 2962
615 2922
616 2942
617 2896
618 2926
619 2950
620 3022
621 2891
622 2866
623 2895
624 3052
625 2960
626 2920
627 2955
628 2917
629 2956
630 2931
631 2846
632 2934
633 2920
634 2824
635 2910
636 3031
637 2901
638 2870
639 2801
640 2820
641 2909
642 2901
643 2825
644 2790
645 2859
646 2825
647 2845
648 2728
649 2739
650 2825
651 2798
652 2682
653 2712
654 2707
655 2683
656 2748
657 2727
658 2714
659 2719
660 2727
661 2729
662 2670
663 2650
664 2746
665 2643
666 2711
667 2618
668 2622
669 2572
670 2562
671 2525
672 2525
673 2380
674 2551
675 2502
676 2587
677 2496
678 2523
679 2490
680 2528
681 2463
682 2389
683 2350
684 2465
685 2363
686 2331
687 2420
688 2455
689 2379
690 2375
691 2393
692 2291
693 2286
694 2312
695 2366
696 2376
697 2229
698 2382
699 2398
700 2379
701 2330
702 2324
703 2404
704 2344
705 2445
706 2287
707 2433
708 2340
709 2343
710 2339
711 2362
712 2366
713 2310
714 2322
715 2394
716 2321
717 2376
718 2389
719 2372
720 2387
721 2462
722 2296
723 2311
724 2483
725 2401
726 2471
727 2380
728 2557
729 2421
730 2490
731 2546
732 2525
733 2497
734 2482
735 2473
736 2509
737 2471
738 2506
739 2544
740 2456
741 2585
742 2527
743 2401
744 2410
745 2461
746 2524
747 2467
748 2512
749 2472
750 2532
751 2475
752 2504
753 2418
754 2427
755 2496
756 2476
757 2354
758 2520
759 2486
760 2427
761 2445
762 2510
763 2511
764 2514
765 2342
766 2454
767 2542
768 2556
769 2592
770 2539
771 2510
772 2519
773 2460
774 2501
775 2493
776 2444
777 2464
778 2467
779 2419
780 2441
781 2487
782 2525
783 2537
784 2421
785 2587
786 2572
787 2477
788 2534
789 2535
790 2542
791 2555
792 2488
793 2561
794 2564
795 2430
796 2536
797 2475
798 2490
799 2563
800 2542
801 2502
802 2596
803 2497
804 2438
805 2470
806 2452
807 2478
808 2522
809 2513
810 2506
811 2566
812 2610
813 2468
814 2472
815 2457
816 2440
817 2447
818 2433
819 2422
820 2405
821 2415
822 2374
823 2313
824 2437
825 2406
826 2364
827 2427
828 2467
829 2404
830 2477
831 2335
832 2370
833 2350
834 2333
835 2374
836 2371
837 2421
838 2371
839 2433
840 2405
841 2416
842 2395
843 2338
844 2402
845 2532
846 2492
847 2562
848 2602
849 2633
850 2560
851 2524
852 2591
853 2586
854 2651
855 2609
856 2676
857 2641
858 2647
859 2661
860 2712
861 2569
862 2709
863 2721
864 2721
865 2704
866 2722
867 2632
868 2669
869 2664
870 2721
871 2643
872 2557
873 2577
874 2646
875 2553
876 2568
877 2620
878 2683
879 2707
880 2544
881 2610
882 2573
883 2603
884 2472
885 2583
886 2572
887 2665
888 2577
889 2624
890 2559
891 2520
892 2580
893 2629
894 2579
895 2566
896 2572
897 2613
898 2536
899 2604
900 2554
901 2631
902 2653
903 2643
904 2680
905 2668
906 2763
907 2708
908 2712
909 2603
910 2592
911 2596
912 2552
913 2653
914 2654
915 2696
916 2652
917 2652
918 2617
919 2643
920 2675
921 2720
922 2660
923 2613
924 2762
925 2751
926 2745
927 2736
928 2719
929 2742
930 2658
931 2680
932 2677
933 2636
934 2628
935 2707
936 2647
937 2680
938 2699
939 2604
940 2671
941 2676
942 2636
943 2649
944 2642
945 2630
946 2596
947 2654
948 2636
949 2662
950 2677
951 2641
952 2584
953 2662
954 2694
955 2570
956 2590
957 2593
958 2666
959 2634
960 2613
961 2660
962 2700
963 2635
964 2698
965 2709
966 2754
967 2779
968 2807
969 2647
970 2737
971 2741
972 2730
973 2717
974 2800
975 2717
976 2616
977 2624
978 2621
979 2722
980 2638
981 2660
982 2669
983 2640
984 2657
985 2675
986 2671
987 2539
988 2655
989 2665
990 2671
991 2714
992 2688
993 2682
994 2725
995 2525
996 2651
997 2754
998 2660
999 2610
1000 2717
1001 2619
1002 2662
1003 2670
1004 2726
1005 2554
1006 2739
1007 2702
1008 2626
1009 2748
1010 2576
1011 2725
1012 2646
1013 2678
1014 2535
1015 2633
1016 2605
1017 2553
1018 2543
1019 2554
1020 2562
1021 2586
1022 2562
1023 2608
1024 2469
1025 2594
1026 2514
1027 2370
1028 2528
1029 2418
1030 2512
1031 2497
1032 2549
1033 2593
1034 2510
1035 2540
1036 2456
1037 2453
1038 2490
1039 2402
1040 2388
1041 2511
1042 2480
1043 2473
1044 2409
1045 2482
1046 2461
1047 2398
1048 2448
1049 2432
1050 2454
1051 2431
1052 2366
1053 2337
1054 2453
1055 2403
1056 2365
1057 2452
1058 2450
1059 2371
1060 2320
1061 2333
1062 2513
1063 2411
1064 2296
1065 2331
1066 2362
1067 2411
1068 2430
1069 2410
1070 2404
1071 2243
1072 2357
1073 2315
1074 2333
1075 2383
1076 2245
1077 2291
1078 2270
1079 2283
1080 2262
1081 2307
1082 2231
1083 2258
1084 2188
1085 2200
1086 2250
1087 2141
1088 2190
1089 2251
1090 2100
1091 2141
1092 2105
1093 2168
1094 2093
1095 2133
1096 2132
1097 2100
1098 2046
1099 2158
1100 2057
1101 2047
1102 2056
1103 2026
1104 2129
1105 2081
1106 2089
1107 2007
1108 2043
1109 2080
1110 1997
1111 2136
1112 2082
1113 2075
1114 1987
1115 2057
1116 2024
1117 2093
1118 2043
1119 2049
1120 2041
1121 2055
1122 2121
1123 2042
1124 2054
1125 2021
1126 2003
1127 1961
1128 2019
1129 2061
1130 2117
1131 2058
1132 2062
1133 2136
1134 2114
1135 1991
1136 1998
1137 2009
1138 2083
1139 1935
1140 2114
1141 2064
1142 2030
1143 2009
1144 2042
1145 2105
1146 2060
1147 1913
1148 1991
1149 2022
1150 2033
1151 2072
1152 1999
1153 1984
1154 2018
1155 1954
1156 1959
1157 2063
1158 1984
1159 2002
1160 1954
1161 1933
1162 1988
1163 2002
1164 2054
1165 2014
1166 2021
1167 1975
1168 1919
1169 1947
1170 1996
1171 2027
1172 1939
1173 1913
1174 2032
1175 1922
1176 1914
1177 1956
1178 1904
1179 1969
1180 1904
1181 1959
1182 1922
1183 1922
1184 1956
1185 1953
1186 1918
1187 1920
1188 2001
1189 1954
1190 1867
1191 1887
1192 1920
1193 1908
1194 1983
1195 1916
1196 1885
1197 1884
1198 1888
1199 1934
1200 1950
1201 1903
1202 1880
1203 1885
1204 1864
1205 1904
1206 1855
1207 1893
1208 1901
1209 1841
1210 1808
1211 1890
1212 1943
1213 1856
1214 1959
1215 1884
1216 1843
1217 1931
1218 1851
1219 1878
1220 1854
1221 1823
1222 1830
1223 1899
1224 1780
1225 1818
1226 1783
1227 1843
1228 1865
1229 1761
1230 1852
1231 1860
1232 1853
1233 1790
1234 1793
1235 1829
1236 1816
1237 1842
1238 1809
1239 1924
1240 1846
1241 1832
1242 1825
1243 1841
1244 1814
1245 1801
1246 1790
1247 1828
1248 1807
1249 1869
1250 1880
1251 1855
1252 1776
1253 1838
1254 1827
1255 1877
1256 1798
1257 1818
1258 1831
1259 1813
1260 1851
1261 1824
1262 1721
1263 1854
1264 1872
1265 1832
1266 1867
1267 1805
1268 1759
1269 1820
1270 1771
1271 1841
1272 1831
1273 1790
1274 1863
1275 1832
1276 1898
1277 1830
1278 1812
1279 1790
1280 1894
1281 1788
1282 1813
1283 1817
1284 1850
1285 1841
1286 1824
1287 1841
1288 1932
1289 1828
1290 1848
1291 1885
1292 1954
1293 1887
1294 1849
1295 1753
1296 1881
1297 1835
1298 1882
1299 1802
1300 1858
1301 1840
1302 1798
1303 1929
1304 1926
1305 1913
1306 1820
1307 1931
1308 1886
1309 1895
1310 1836
1311 1947
1312 1857
1313 1943
1314 1879
1315 1840
1316 1977
1317 1941
1318 1845
1319 1964
1320 1885
1321 1901
1322 1899
1323 1859
1324 1924
1325 1940
1326 1872
1327 1979
1328 1873
1329 1844
1330 1864
1331 1933
1332 1915
1333 1942
1334 1859
1335 1850
1336 1834
1337 1829
1338 1825
1339 1823
1340 1848
1341 1845
1342 1811
1343 1790
1344 1790
1345 1776
1346 1790
1347 1771
1348 1818
1349 1781
1350 1836
1351 1802
1352 1800
1353 1767
1354 1751
1355 1823
1356 1794
1357 1830
1358 1804
1359 1769
1360 1744
1361 1779
1362 1721
1363 1792
1364 1742
1365 1766
1366 1724
1367 1709
1368 1667
1369 1724
1370 1630
1371 1712
1372 1825
1373 1778
1374 1706
1375 1670
1376 1740
1377 1662
1378 1792
1379 1673
1380 1662
1381 1666
1382 1723
1383 1713
1384 1660
1385 1650
1386 1678
1387 1599
1388 1669
1389 1756
1390 1679
1391 1690
1392 1601
1393 1557
1394 1652
1395 1639
1396 1717
1397 1626
1398 1606
1399 1596
1400 1594
1401 1612
1402 1590
1403 1602
1404 1606
1405 1587
1406 1470
1407 1621
1408 1503
1409 1549
1410 1559
1411 1559
1412 1550
1413 1640
1414 1562
1415 1576
1416 1590
1417 1606
1418 1547
1419 1591
1420 1488
1421 1546
1422 1539
1423 1541
1424 1494
1425 1561
1426 1537
1427 1555
1428 1558
1429 1511
1430 1462
1431 1515
1432 1485
1433 1400
1434 1484
1435 1457
1436 1438
1437 1420
1438 1450
1439 1511
1440 1530
1441 1462
1442 1427
1443 1482
1444 1413
1445 1483
1446 1380
1447 1438
1448 1438
1449 1401
1450 1377
1451 1481
1452 1381
1453 1445
1454 1472
1455 1396
1456 1405
1457 1411
1458 1476
1459 1437
1460 1353
1461 1407
1462 1429
1463 1466
1464 1441
1465 1488
1466 1382
1467 1450
1468 1450
1469 1350
1470 1426
1471 1348
1472 1442
1473 1437
1474 1504
1475 1362
1476 1402
1477 1407
1478 1371
1479 1305
1480 1378
1481 1334
1482 1362
1483 1381
1484 1286
1485 1381
1486 1308
1487 1412
1488 1344
1489 1363
1490 1418
1491 1323
1492 1340
1493 1357
1494 1298
1495 1313
1496 1298
1497 1330
1498 1275
1499 1355
1500 1377
1501 1315
1502 1260
1503 1293
1504 1271
1505 1308
1506 1303
1507 1261
1508 1306
1509 1280
1510 1242
1511 1273
1512 1297
1513 1263
1514 1268
1515 1281
1516 1178
1517 1289
1518 1200
1519 1312
1520 1220
1521 1265
1522 1281
1523 1251
1524 1172
1525 1307
1526 1242
1527 1229
1528 1218
1529 1196
1530 1199
1531 1215
1532 1193
1533 1251
1534 1225
1535 1239
1536 1177
1537 1188
1538 1204
1539 1198
1540 1206
1541 1187
1542 1172
1543 1159
1544 1198
1545 1175
1546 1192
1547 1152
1548 1169
1549 1196
1550 1161
1551 1181
1552 1165
1553 1170
1554 1144
1555 1101
1556 1155
1557 1161
1558 1132
1559 1173
1560 1180
1561 1093
1562 1049
1563 1107
1564 1137
1565 1084
1566 1099
1567 1115
1568 1080
1569 1134
1570 1085
1571 1127
1572 1115
1573 1100
1574 1052
1575 1078
1576 1132
1577 1055
1578 1002
1579 1036
1580 1046
1581 1107
1582 1045
1583 1086
1584 1041
1585 1077
1586 1012
1587 1021
1588 1028
1589 1068
1590 1044
1591 1076
1592 1020
1593 1042
1594 1007
1595 961
1596 1017
1597 1007
1598 1032
1599 954
1600 1018
1601 1032
1602 966
1603 987
1604 1030
1605 1001
1606 1018
1607 999
1608 951
1609 993
1610 1022
1611 965
1612 973
1613 948
1614 982
1615 975
1616 996
1617 932
1618 930
1619 969
1620 953
1621 934
1622 1001
1623 991
1624 919
1625 956
1626 931
1627 963
1628 914
1629 992
1630 933
1631 889
1632 901
1633 949
1634 939
1635 911
1636 920
1637 931
1638 923
1639 919
1640 917
1641 909
1642 916
1643 965
1644 919
1645 931
1646 902
1647 911
1648 896
1649 919
1650 918
1651 957
1652 860
1653 906
1654 905
1655 944
1656 877
1657 876
1658 896
1659 931
1660 866
1661 906
1662 895
1663 842
1664 868
1665 868
1666 857
1667 831
1668 872
1669 870
1670 835
1671 888
1672 915
1673 873
1674 873
1675 919
1676 830
1677 853
1678 822
1679 840
1680 795
1681 845
1682 822
1683 800
1684 857
1685 827
1686 759
1687 819
1688 799
1689 818
1690 833
1691 782
1692 810
1693 793
1694 789
1695 764
1696 789
1697 793
1698 802
1699 831
1700 770
1701 839
1702 835
1703 748
1704 745
1705 866
1706 770
1707 828
1708 834
1709 787
1710 822
1711 726
1712 773
1713 720
1714 754
1715 789
1716 751
1717 746
1718 759
1719 745
1720 714
1721 809
1722 758
1723 771
1724 750
1725 762
1726 777
1727 746
1728 776
1729 751
1730 739
1731 747
1732 669
1733 778
1734 726
1735 788
1736 706
1737 726
1738 702
1739 754
1740 750
1741 787
1742 755
1743 735
1744 702
1745 721
1746 738
1747 726
1748 712
1749 717
1750 715
1751 749
1752 686
1753 720
1754 744
1755 676
1756 727
1757 721
1758 694
1759 718
1760 709
1761 722
1762 680
1763 695
1764 667
1765 675
1766 678
1767 691
1768 717
1769 653
1770 679
1771 716
1772 663
1773 673
1774 640
1775 672
1776 648
1777 654
1778 680
1779 680
1780 611
1781 651
1782 655
1783 676
1784 646
1785 653
1786 629
1787 651
1788 636
1789 618
1790 656
1791 666
1792 667
1793 650
1794 651
1795 666
1796 567
1797 644
1798 659
1799 668
1800 645
1801 680
1802 637
1803 634
1804 652
1805 660
1806 651
1807 655
1808 668
1809 596
1810 660
1811 611
1812 665
1813 640
1814 621
1815 592
1816 617
1817 645
1818 600
1819 611
1820 632
1821 585
1822 611
1823 600
1824 576
1825 615
1826 568
1827 596
1828 608
1829 586
1830 640
1831 590
1832 575
1833 588
1834 556
1835 579
1836 604
1837 596
1838 620
1839 572
1840 559
1841 604
1842 589
1843 638
1844 567
1845 568
1846 559
1847 602
1848 622
1849 584
1850 552
1851 596
1852 575
1853 604
1854 580
1855 543
1856 533
1857 591
1858 539
1859 577
1860 548
1861 555
1862 539
1863 498
1864 553
1865 614
1866 558
1867 501
1868 583
1869 571
1870 590
1871 517
1872 563
1873 537
1874 597
1875 543
1876 599
1877 561
1878 552
1879 542
1880 518
1881 556
1882 559
1883 537
1884 545
1885 574
1886 528
1887 541
1888 539
1889 528
1890 552
1891 552
1892 498
1893 550
1894 509
1895 521
1896 528
1897 565
1898 500
1899 492
1900 529
1901 483
1902 560
1903 544
1904 481
1905 506
1906 535
1907 575
1908 527
1909 498
1910 529
1911 500
1912 513
1913 551
1914 524
1915 544
1916 495
1917 477
1918 513
1919 521
1920 535
1921 496
1922 525
1923 528
1924 493
1925 532
1926 507
1927 517
1928 529
1929 527
1930 503
1931 507
1932 531
1933 485
1934 525
1935 492
1936 515
1937 478
1938 527
1939 475
1940 503
1941 473
1942 516
1943 473
1944 471
1945 500
1946 502
1947 479
1948 496
1949 524
1950 473
1951 473
1952 484
1953 447
1954 454
1955 450
1956 498
1957 478
1958 464
1959 488
1960 479
1961 449
1962 420
1963 457
1964 446
1965 465
1966 509
1967 452
1968 493
1969 474
1970 418
1971 459
1972 469
1973 506
1974 416
1975 448
1976 457
1977 424
1978 462
1979 469
1980 444
1981 468
1982 454
1983 428
1984 434
1985 448
1986 456
1987 443
1988 413
1989 451
1990 452
1991 440
1992 411
1993 438
1994 451
1995 455
1996 407
1997 430
1998 451
1999 395
2000 414
2001 409
2002 415
2003 448
2004 447
2005 431
2006 456
2007 419
2008 435
2009 404
2010 502
2011 462
2012 435
2013 440
2014 438
2015 406
2016 409
2017 439
2018 444
2019 405
2020 387
2021 411
2022 403
2023 424
2024 387
2025 427
2026 401
2027 440
2028 447
2029 446
2030 433
2031 443
2032 420
2033 429
2034 415
2035 422
2036 426
2037 397
2038 383
2039 412
2040 403
2041 409
2042 389
2043 407
2044 404
2045 478
2046 433
2047 409
2048 407
2049 406
2050 356
2051 409
2052 380
2053 405
2054 394
2055 400
2056 411
2057 388
2058 413
2059 369
2060 387
2061 388
2062 384
2063 358
2064 403
2065 365
2066 389
2067 407
2068 357
2069 350
2070 402
2071 371
2072 392
2073 376
2074 368
2075 366
2076 358
2077 357
2078 376
2079 363
2080 370
2081 334
2082 361
2083 379
2084 341
2085 349
2086 361
2087 356
2088 356
2089 383
2090 355
2091 372
2092 344
2093 344
2094 349
2095 322
2096 353
2097 383
2098 351
2099 334
2100 353
2101 341
2102 334
2103 373
2104 318
2105 333
2106 354
2107 369
2108 323
2109 343
2110 331
2111 325
2112 324
2113 337
2114 372
2115 378
2116 331
2117 351
2118 348
2119 344
2120 310
2121 356
2122 315
2123 356
2124 349
2125 331
2126 301
2127 329
2128 318
2129 346
2130 313
2131 349
2132 319
2133 319
2134 348
2135 333
2136 296
2137 333
2138 310
2139 305
2140 326
2141 330
2142 279
2143 288
2144 328
2145 330
2146 323
2147 302
2148 289
2149 302
2150 291
2151 289
2152 289
2153 326
2154 320
2155 273
2156 321
2157 299
2158 292
2159 286
2160 300
2161 281
2162 336
2163 284
2164 270
2165 293
2166 286
2167 277
2168 274
2169 310
2170 251
2171 272
2172 265
2173 318
2174 254
2175 286
2176 276
2177 290
2178 282
2179 299
2180 309
2181 273
2182 276
2183 283
2184 280
2185 247
2186 254
2187 251
2188 252
2189 295
2190 266
2191 285
2192 242
2193 242
2194 250
2195 260
2196 251
2197 287
2198 259
2199 272
2200 236
2201 274
2202 283
2203 274
2204 250
2205 265
2206 259
2207 246
2208 225
2209 231
2210 259
2211 258
2212 268
2213 259
2214 231
2215 262
2216 254
2217 235
2218 239
2219 253
2220 273
2221 235
2222 241
2223 235
2224 242
2225 273
2226 228
2227 241
2228 271
2229 221
2230 231
2231 249
2232 244
2233 257
2234 251
2235 235
2236 259
2237 244
2238 222
2239 244
2240 263
2241 231
2242 218
2243 238
2244 219
2245 216
2246 260
2247 253
2248 243
2249 234
2250 211
2251 269
2252 247
2253 198
2254 226
2255 223
2256 254
2257 222
2258 206
2259 227
2260 232
2261 241
2262 181
2263 221
2264 214
2265 208
2266 225
2267 215
2268 210
2269 193
2270 234
2271 219
2272 236
2273 236
2274 186
2275 201
2276 225
2277 232
2278 234
2279 243
2280 229
2281 209
2282 243
2283 243
2284 219
2285 251
2286 224
2287 227
2288 236
2289 230
2290 192
2291 218
2292 208
2293 196
2294 223
2295 221
2296 203
2297 238
2298 207
2299 215
2300 196
2301 238
2302 208
2303 230
2304 217
2305 236
2306 191
2307 225
2308 197
2309 228
2310 232
2311 205
2312 194
2313 212
2314 196
2315 208
2316 196
2317 211
2318 213
2319 198
2320 184
2321 182
2322 185
2323 198
2324 212
2325 206
2326 196
2327 193
2328 179
2329 187
2330 197
2331 199
2332 177
2333 180
2334 186
2335 206
2336 178
2337 212
2338 198
2339 204
2340 195
2341 181
2342 178
2343 177
2344 188
2345 197
2346 184
2347 176
2348 166
2349 187
2350 186
2351 176
2352 193
2353 184
2354 186
2355 184
2356 165
2357 181
2358 194
2359 184
2360 182
2361 169
2362 193
2363 191
2364 153
2365 172
2366 183
2367 170
2368 176
2369 174
2370 196
2371 156
2372 161
2373 198
2374 175
2375 167
2376 147
2377 168
2378 176
2379 159
2380 176
2381 182
2382 170
2383 156
2384 164
2385 185
2386 163
2387 164
2388 155
2389 193
2390 163
2391 171
2392 171
2393 153
2394 159
2395 167
2396 148
2397 166
2398 168
2399 144
2400 155
2401 155
2402 170
2403 166
2404 178
2405 157
2406 147
2407 171
2408 179
2409 161
2410 144
2411 163
2412 155
2413 156
2414 152
2415 163
2416 167
2417 136
2418 158
2419 145
2420 146
2421 132
2422 145
2423 146
2424 151
2425 145
2426 170
2427 166
2428 132
2429 150
2430 138
2431 132
2432 130
2433 151
2434 150
2435 149
2436 171
2437 165
2438 167
2439 135
2440 146
2441 151
2442 145
2443 141
2444 123
2445 146
2446 133
2447 130
2448 153
2449 124
2450 139
2451 135
2452 133
2453 149
2454 120
2455 132
2456 127
2457 144
2458 117
2459 131
2460 125
2461 143
2462 135
2463 137
2464 129
2465 117
2466 121
2467 125
2468 129
2469 133
2470 130
2471 131
2472 139
2473 141
2474 123
2475 144
2476 131
2477 126
2478 146
2479 134
2480 148
2481 115
2482 116
2483 135
2484 129
2485 147
2486 150
2487 130
2488 121
2489 142
2490 114
2491 125
2492 127
2493 128
2494 101
2495 119
2496 120
2497 128
2498 127
2499 113
2500 110
2501 139
2502 142
2503 110
2504 108
2505 128
2506 110
2507 119
2508 126
2509 128
2510 130
2511 107
2512 113
2513 126
2514 105
2515 129
2516 114
2517 120
2518 125
2519 115
2520 114
2521 96
2522 112
2523 121
2524 108
2525 142
2526 106
2527 113
2528 120
2529 115
2530 111
2531 106
2532 110
2533 88
2534 113
2535 114
2536 117
2537 100
2538 103
2539 127
2540 118
2541 102
2542 113
2543 110
2544 119
2545 108
2546 103
2547 97
2548 81
2549 103
2550 105
2551 97
2552 103
2553 107
2554 126
2555 109
2556 110
2557 121
2558 99
2559 103
2560 104
2561 102
2562 104
2563 99
2564 101
2565 107
2566 112
2567 107
2568 106
2569 104
2570 103
2571 114
2572 99
2573 97
2574 111
2575 101
2576 116
2577 114
2578 102
2579 110
2580 90
2581 83
2582 94
2583 94
2584 107
2585 100
2586 92
2587 124
2588 97
2589 102
2590 98
2591 106
2592 94
2593 90
2594 98
2595 88
2596 90
2597 98
2598 104
2599 112
2600 100
2601 98
2602 104
2603 95
2604 98
2605 100
2606 95
2607 91
2608 113
2609 104
2610 92
2611 91
2612 77
2613 92
2614 98
2615 87
2616 90
2617 98
2618 96
2619 85
2620 104
2621 106
2622 91
2623 89
2624 88
2625 70
2626 85
2627 95
2628 88
2629 111
2630 67
2631 100
2632 71
2633 89
2634 85
2635 87
2636 86
2637 105
2638 99
2639 88
2640 80
2641 81
2642 90
2643 82
2644 84
2645 87
2646 90
2647 77
2648 87
2649 79
2650 92
2651 88
2652 80
2653 73
2654 71
2655 83
2656 80
2657 80
2658 88
2659 85
2660 94
2661 83
2662 83
2663 79
2664 82
2665 85
2666 85
2667 82
2668 85
2669 83
2670 92
2671 82
2672 85
2673 80
2674 93
2675 95
2676 82
2677 93
2678 71
2679 98
2680 84
2681 69
2682 86
2683 78
2684 90
2685 95
2686 66
2687 79
2688 103
2689 76
2690 80
2691 76
2692 75
2693 66
2694 77
2695 65
2696 75
2697 85
2698 65
2699 65
2700 70
2701 77
2702 62
2703 71
2704 68
2705 73
2706 82
2707 100
2708 69
2709 78
2710 64
2711 71
2712 74
2713 73
2714 73
2715 81
2716 75
2717 66
2718 72
2719 96
2720 52
2721 60
2722 78
2723 81
2724 89
2725 76
2726 72
2727 80
2728 86
2729 60
2730 85
2731 80
2732 72
2733 62
2734 71
2735 72
2736 64
2737 83
2738 72
2739 91
2740 71
2741 58
2742 65
2743 76
2744 77
2745 65
2746 66
2747 76
2748 54
2749 71
2750 80
2751 67
2752 78
2753 72
2754 70
2755 70
2756 50
2757 63
2758 74
2759 70
2760 68
2761 50
2762 70
2763 61
2764 70
2765 56
2766 53
2767 53
2768 71
2769 80
2770 52
2771 72
2772 66
2773 73
2774 52
2775 83
2776 78
2777 60
2778 65
2779 60
2780 70
2781 55
2782 62
2783 53
2784 62
2785 61
2786 63
2787 69
2788 57
2789 68
2790 79
2791 68
2792 60
2793 65
2794 50
2795 66
2796 63
2797 49
2798 59
2799 61
2800 60
2801 74
2802 51
2803 49
2804 59
2805 57
2806 47
2807 73
2808 64
2809 47
2810 45
2811 56
2812 64
2813 51
2814 70
2815 49
2816 45
2817 53
2818 62
2819 71
2820 62
2821 55
2822 56
2823 49
2824 62
2825 51
2826 54
2827 60
2828 62
2829 53
2830 58
2831 66
2832 56
2833 48
2834 39
2835 54
2836 61
2837 53
2838 62
2839 48
2840 48
2841 44
2842 56
2843 56
2844 49
2845 52
2846 65
2847 62
2848 46
2849 55
2850 66
2851 45
2852 39
2853 62
2854 46
2855 63
2856 43
2857 54
2858 52
2859 56
2860 52
2861 60
2862 59
2863 47
2864 58
2865 43
2866 59
2867 44
2868 50
2869 42
2870 49
2871 51
2872 49
2873 47
2874 54
2875 46
2876 48
2877 39
2878 60
2879 38
2880 58
2881 50
2882 43
2883 43
2884 48
2885 49
2886 39
2887 48
2888 59
2889 54
2890 46
2891 49
2892 43
2893 48
2894 32
2895 64
2896 35
2897 48
2898 58
2899 52
2900 49
2901 52
2902 44
2903 46
2904 58
2905 53
2906 44
2907 54
2908 43
2909 40
2910 42
2911 44
2912 52
2913 50
2914 52
2915 38
2916 51
2917 45
2918 47
2919 40
2920 37
2921 39
2922 49
2923 49
2924 50
2925 52
2926 44
2927 46
2928 48
2929 42
2930 47
2931 48
2932 41
2933 48
2934 46
2935 39
2936 44
2937 48
2938 52
2939 42
2940 49
2941 47
2942 49
2943 55
2944 52
2945 52
2946 44
2947 40
2948 53
2949 38
2950 43
2951 46
2952 33
2953 44
2954 52
2955 39
2956 59
2957 33
2958 49
2959 35
2960 36
2961 38
2962 41
2963 39
2964 28
2965 42
2966 41
2967 30
2968 35
2969 36
2970 43
2971 45
2972 48
2973 39
2974 43
2975 48
2976 41
2977 55
2978 40
2979 45
2980 39
2981 32
2982 41
2983 44
2984 38
2985 41
2986 37
2987 43
2988 48
2989 35
2990 35
2991 38
2992 40
2993 37
2994 43
2995 60
2996 37
2997 45
2998 52
2999 34
3000 41
3001 35
3002 31
3003 46
3004 35
3005 31
3006 33
3007 41
3008 40
3009 36
3010 33
3011 44
3012 39
3013 29
3014 44
3015 39
3016 33
3017 45
3018 44
3019 40
3020 52
3021 42
3022 34
3023 36
3024 38
3025 37
3026 21
3027 36
3028 27
3029 31
3030 38
3031 35
3032 43
3033 37
3034 36
3035 34
3036 32
3037 26
3038 30
3039 32
3040 29
3041 48
3042 31
3043 39
3044 32
3045 46
3046 44
3047 36
3048 33
3049 27
3050 50
3051 37
3052 34
3053 42
3054 34
3055 31
3056 32
3057 17
3058 46
3059 32
3060 24
3061 27
3062 36
3063 29
3064 28
3065 30
3066 28
3067 37
3068 30
3069 40
3070 42
3071 29
3072 34
3073 33
3074 41
3075 40
3076 37
3077 23
3078 28
3079 34
3080 27
3081 25
3082 39
3083 35
3084 29
3085 31
3086 29
3087 48
3088 41
3089 33
3090 30
3091 34
3092 33
3093 36
3094 29
3095 25
3096 22
3097 25
3098 30
3099 37
3100 29
3101 32
3102 32
3103 30
3104 33
3105 28
3106 32
3107 25
3108 27
3109 42
3110 28
3111 28
3112 33
3113 31
3114 28
3115 21
3116 32
3117 31
3118 23
3119 40
3120 26
3121 36
3122 27
3123 35
3124 31
3125 27
3126 37
3127 31
3128 31
3129 38
3130 36
3131 37
3132 40
3133 33
3134 27
3135 28
3136 21
3137 27
3138 32
3139 29
3140 31
3141 34
3142 29
3143 27
3144 34
3145 30
3146 28
3147 29
3148 30
3149 29
3150 32
3151 20
3152 29
3153 26
3154 20
3155 24
3156 24
3157 29
3158 27
3159 33
3160 39
3161 28
3162 27
3163 25
3164 22
3165 27
3166 23
3167 26
3168 26
3169 30
3170 27
3171 32
3172 31
3173 27
3174 28
3175 31
3176 27
3177 35
3178 30
3179 27
3180 26
3181 28
3182 26
3183 32
3184 24
3185 26
3186 27
3187 15
3188 26
3189 27
3190 25
3191 35
3192 26
3193 20
3194 22
3195 26
3196 29
3197 25
3198 17
3199 19
3200 30
3201 20
3202 27
3203 24
3204 24
3205 26
3206 22
3207 18
3208 22
3209 25
3210 31
3211 24
3212 23
3213 12
3214 30
3215 31
3216 27
3217 24
3218 33
3219 29
3220 24
3221 20
3222 23
3223 20
3224 23
3225 29
3226 25
3227 25
3228 22
3229 30
3230 29
3231 20
3232 30
3233 24
3234 23
3235 27
3236 17
3237 24
3238 21
3239 22
3240 25
3241 15
3242 24
3243 19
3244 24
3245 19
3246 25
3247 29
3248 19
3249 22
3250 17
3251 28
3252 14
3253 25
3254 17
3255 17
3256 30
3257 21
3258 31
3259 29
3260 18
3261 18
3262 16
3263 31
3264 29
3265 17
3266 20
3267 23
3268 17
3269 18
3270 22
3271 17
3272 21
3273 18
3274 18
3275 22
3276 27
3277 28
3278 17
3279 17
3280 21
3281 19
3282 19
3283 19
3284 20
3285 32
3286 17
3287 23
3288 21
3289 13
3290 28
3291 18
3292 25
3293 21
3294 20
3295 16
3296 21
3297 18
3298 20
3299 17
3300 12
3301 22
3302 20
3303 16
3304 23
3305 23
3306 19
3307 18
3308 18
3309 21
3310 18
3311 15
3312 20
3313 20
3314 17
3315 19
3316 16
3317 23
3318 21
3319 26
3320 24
3321 15
3322 14
3323 16
3324 27
3325 18
3326 29
3327 22
3328 20
3329 19
3330 25
3331 22
3332 17
3333 22
3334 12
3335 22
3336 14
3337 24
3338 16
3339 12
3340 20
3341 26
3342 27
3343 17
3344 15
3345 16
3346 22
3347 21
3348 19
3349 15
3350 21
3351 17
3352 20
3353 16
3354 25
3355 7
3356 19
3357 15
3358 25
3359 16
3360 21
3361 25
3362 14
3363 24
3364 22
3365 22
3366 25
3367 14
3368 19
3369 21
3370 16
3371 10
3372 24
3373 16
3374 18
3375 18
3376 15
3377 16
3378 16
3379 17
3380 27
3381 12
3382 20
3383 21
3384 21
3385 15
3386 13
3387 17
3388 12
3389 15
3390 20
3391 13
3392 15
3393 23
3394 11
3395 20
3396 10
3397 17
3398 15
3399 24
3400 20
3401 27
3402 16
3403 21
3404 12
3405 13
3406 16
3407 13
3408 15
3409 12
3410 22
3411 19
3412 18
3413 23
3414 15
3415 12
3416 27
3417 20
3418 14
3419 15
3420 14
3421 18
3422 24
3423 20
3424 9
3425 17
3426 14
3427 18
3428 21
3429 21
3430 16
3431 21
3432 21
3433 18
3434 14
3435 14
3436 10
3437 21
3438 14
3439 18
3440 12
3441 18
3442 18
3443 16
3444 17
3445 16
3446 17
3447 16
3448 17
3449 16
3450 13
3451 22
3452 9
3453 12
3454 16
3455 14
3456 21
3457 13
3458 17
3459 17
3460 16
3461 14
3462 13
3463 15
3464 26
3465 11
3466 17
3467 19
3468 14
3469 11
3470 7
3471 15
3472 20
3473 14
3474 17
3475 16
3476 13
3477 14
3478 12
3479 15
3480 15
3481 15
3482 16
3483 13
3484 17
3485 19
3486 16
3487 19
3488 13
3489 17
3490 20
3491 11
3492 11
3493 16
3494 16
3495 17
3496 10
3497 12
3498 12
3499 17
3500 15
3501 14
3502 20
3503 15
3504 10
3505 15
3506 16
3507 14
3508 14
3509 21
3510 17
3511 14
3512 10
3513 17
3514 17
3515 20
3516 6
3517 12
3518 13
3519 10
3520 6
3521 22
3522 14
3523 14
3524 9
3525 22
3526 15
3527 14
3528 20
3529 16
3530 16
3531 18
3532 18
3533 13
3534 13
3535 9
3536 19
3537 14
3538 14
3539 13
3540 13
3541 15
3542 8
3543 11
3544 22
3545 17
3546 6
3547 8
3548 18
3549 20
3550 10
3551 8
3552 18
3553 15
3554 19
3555 12
3556 10
3557 17
3558 21
3559 11
3560 10
3561 18
3562 17
3563 12
3564 16
3565 11
3566 16
3567 12
3568 10
3569 9
3570 14
3571 8
3572 19
3573 15
3574 7
3575 22
3576 13
3577 13
3578 14
3579 19
3580 12
3581 16
3582 11
3583 17
3584 10
3585 13
3586 17
3587 9
3588 14
3589 9
3590 16
3591 14
3592 9
3593 17
3594 17
3595 5
3596 11
3597 15
3598 12
3599 8
3600 15
3601 13
3602 14
3603 9
3604 17
3605 19
3606 13
3607 8
3608 9
3609 14
3610 12
3611 10
3612 8
3613 10
3614 11
3615 11
3616 13
3617 8
3618 11
3619 6
3620 9
3621 19
3622 6
3623 12
3624 7
3625 10
3626 12
3627 12
3628 13
3629 5
3630 9
3631 8
3632 13
3633 12
3634 12
3635 18
3636 18
3637 10
3638 15
3639 15
3640 9
3641 10
3642 19
3643 15
3644 16
3645 10
3646 11
3647 10
3648 17
3649 9
3650 10
3651 14
3652 9
3653 16
3654 12
3655 13
3656 14
3657 19
3658 16
3659 11
3660 19
3661 15
3662 8
3663 11
3664 15
3665 11
3666 13
3667 15
3668 12
3669 11
3670 9
3671 14
3672 20
3673 8
3674 12
3675 10
3676 11
3677 10
3678 7
3679 6
3680 15
3681 14
3682 9
3683 12
3684 12
3685 11
3686 16
3687 12
3688 7
3689 10
3690 8
3691 17
3692 14
3693 5
3694 9
3695 14
3696 15
3697 16
3698 9
3699 5
3700 7
3701 16
3702 9
3703 11
3704 15
3705 6
3706 8
3707 8
3708 8
3709 12
3710 6
3711 13
3712 14
3713 9
3714 8
3715 13
3716 8
3717 5
3718 10
3719 16
3720 16
3721 10
3722 14
3723 5
3724 12
3725 15
3726 11
3727 3
3728 13
3729 12
3730 10
3731 7
3732 14
3733 7
3734 12
3735 14
3736 10
3737 8
3738 12
3739 8
3740 6
3741 11
3742 10
3743 3
3744 6
3745 12
3746 9
3747 14
3748 5
3749 14
3750 10
3751 10
3752 11
3753 10
3754 6
3755 15
3756 16
3757 15
3758 8
3759 9
3760 6
3761 14
3762 8
3763 10
3764 9
3765 5
3766 10
3767 9
3768 9
3769 13
3770 8
3771 8
3772 15
3773 4
3774 13
3775 7
3776 6
3777 7
3778 6
3779 6
3780 13
3781 12
3782 8
3783 5
3784 8
3785 10
3786 10
3787 9
3788 13
3789 6
3790 10
3791 9
3792 11
3793 13
3794 8
3795 8
3796 7
3797 14
3798 7
3799 8
3800 12
3801 14
3802 10
3803 6
3804 10
3805 9
3806 8
3807 7
3808 16
3809 5
3810 8
3811 7
3812 12
3813 6
3814 4
3815 7
3816 10
3817 6
3818 9
3819 10
3820 9
3821 10
3822 5
3823 9
3824 9
3825 9
3826 14
3827 10
3828 12
3829 15
3830 11
3831 7
3832 7
3833 18
3834 11
3835 8
3836 8
3837 5
3838 8
3839 4
3840 7
3841 10
3842 10
3843 9
3844 13
3845 9
3846 7
3847 9
3848 8
3849 8
3850 7
3851 8
3852 7
3853 7
3854 15
3855 8
3856 10
3857 5
3858 14
3859 11
3860 14
3861 9
3862 8
3863 6
3864 8
3865 6
3866 8
3867 6
3868 11
3869 4
3870 9
3871 6
3872 7
3873 8
3874 9
3875 8
3876 15
3877 5
3878 9
3879 8
3880 7
3881 6
3882 11
3883 6
3884 8
3885 5
3886 8
3887 9
3888 12
3889 15
3890 4
3891 9
3892 6
3893 7
3894 6
3895 12
3896 6
3897 10
3898 6
3899 10
3900 4
3901 5
3902 12
3903 8
3904 11
3905 11
3906 7
3907 9
3908 5
3909 10
3910 7
3911 9
3912 8
3913 10
3914 12
3915 9
3916 8
3917 5
3918 14
3919 8
3920 10
3921 14
3922 7
3923 11
3924 9
3925 5
3926 6
3927 6
3928 7
3929 13
3930 6
3931 7
3932 12
3933 12
3934 2
3935 9
3936 13
3937 6
3938 9
3939 10
3940 9
3941 9
3942 8
3943 6
3944 13
3945 7
3946 10
3947 9
3948 12
3949 12
3950 10
3951 9
3952 7
3953 12
3954 12
3955 7
3956 6
3957 11
3958 6
3959 9
3960 11
3961 9
3962 10
3963 4
3964 7
3965 4
3966 5
3967 4
3968 9
3969 8
3970 8
3971 18
3972 7
3973 9
3974 10
3975 5
3976 12
3977 8
3978 5
3979 9
3980 7
3981 10
3982 8
3983 6
3984 6
3985 9
3986 11
3987 4
3988 9
3989 13
3990 14
3991 9
3992 7
3993 5
3994 12
3995 10
3996 10
3997 4
3998 11
3999 4
4000 6
4001 7
4002 4
4003 12
4004 10
4005 6
4006 5
4007 5
4008 9
4009 8
4010 7
4011 4
4012 6
4013 8
4014 11
4015 6
4016 10
4017 8
4018 4
4019 5
4020 11
4021 4
4022 10
4023 7
4024 5
4025 5
4026 6
4027 6
4028 2
4029 7
4030 13
4031 7
4032 6
4033 9
4034 6
4035 5
4036 8
4037 15
4038 6
4039 3
4040 6
4041 10
4042 5
4043 7
4044 6
4045 3
4046 8
4047 12
4048 7
4049 3
4050 14
4051 4
4052 7
4053 8
4054 8
4055 8
4056 3
4057 7
4058 9
4059 11
4060 7
4061 7
4062 7
4063 8
4064 7
4065 9
4066 11
4067 3
4068 7
4069 5
4070 3
4071 3
4072 3
4073 11
4074 5
4075 7
4076 8
4077 4
4078 4
4079 6
4080 7
4081 9
4082 7
4083 4
4084 5
4085 7
4086 4
4087 8
4088 13
4089 6
4090 5
4091 4
4092 10
4093 8
4094 7
4095 6
4096 6
4097 6
4098 9
4099 5
4100 6
4101 6
4102 6
4103 11
4104 2
4105 7
4106 11
4107 4
4108 11
4109 3
4110 4
4111 9
4112 5
4113 9
4114 7
4115 8
4116 6
4117 3
4118 13
4119 5
4120 5
4121 6
4122 9
4123 9
4124 7
4125 9
4126 4
4127 2
4128 2
4129 7
4130 5
4131 8
4132 13
4133 6
4134 10
4135 7
4136 11
4137 6
4138 6
4139 4
4140 8
4141 9
4142 8
4143 5
4144 3
4145 11
4146 6
4147 6
4148 4
4149 1
4150 8
4151 5
4152 5
4153 5
4154 3
4155 6
4156 10
4157 3
4158 10
4159 4
4160 4
4161 4
4162 6
4163 5
4164 7
4165 9
4166 9
4167 6
4168 7
4169 9
4170 10
4171 8
4172 7
4173 5
4174 5
4175 4
4176 10
4177 7
4178 3
4179 14
4180 6
4181 8
4182 10
4183 9
4184 6
4185 4
4186 9
4187 7
4188 8
4189 8
4190 7
4191 4
4192 9
4193 8
4194 4
4195 3
4196 6
4197 8
4198 6
4199 3
4200 11
4201 5
4202 9
4203 7
4204 3
4205 7
4206 6
4207 5
4208 5
4209 6
4210 9
4211 5
4212 8
4213 7
4214 8
4215 8
4216 7
4217 8
4218 5
4219 7
4220 6
4221 2
4222 4
4223 7
4224 4
4225 7
4226 6
4227 5
4228 3
4229 7
4230 8
4231 3
4232 8
4233 3
4234 9
4235 4
4236 2
4237 5
4238 5
4239 3
4240 5
4241 3
4242 4
4243 5
4244 5
4245 5
4246 10
4247 4
4248 10
4249 5
4250 5
4251 4
4252 5
4253 11
4254 11
4255 2
4256 4
4257 8
4258 2
4259 7
4260 4
4261 4
4262 3
4263 8
4264 5
4265 7
4266 7
4267 11
4268 6
4269 6
4270 6
4271 3
4272 6
4273 7
4274 9
4275 5
4276 5
4277 4
4278 6
4279 6
4280 5
4281 6
4282 7
4283 5
4284 6
4285 4
4286 7
4287 10
4288 5
4289 4
4290 5
4291 4
4292 4
4293 6
4294 5
4295 4
4296 6
4297 7
4298 2
4299 3
4300 9
4301 6
4302 8
4303 8
4304 10
4305 7
4306 8
4307 7
4308 11
4309 10
4310 6
4311 6
4312 7
4313 5
4314 3
4315 9
4316 8
4317 2
4318 11
4319 9
4320 5
4321 6
4322 3
4323 2
4324 6
4325 4
4326 6
4327 6
4328 5
4329 7
4330 4
4331 5
4332 3
4333 5
4334 4
4335 3
4336 7
4337 4
4338 4
4339 3
4340 10
4341 2
4342 10
4343 3
4344 7
4345 9
4346 6
4347 5
4348 3
4349 6
4350 4
4351 5
4352 4
4353 7
4354 6
4355 4
4356 8
4357 5
4358 7
4359 6
4360 5
4361 3
4362 4
4363 2
4364 6
4365 4
4366 2
4367 5
4368 5
4369 9
4370 6
4371 3
4372 3
4374 4
4375 6
4376 7
4377 3
4378 7
4379 4
4380 8
4381 3
4382 5
4383 2
4384 2
4385 8
4386 5
4387 5
4388 5
4389 6
4390 10
4391 5
4392 1
4393 4
4394 4
4395 9
4396 8
4397 10
4398 3
4399 5
4400 6
4401 7
4402 5
4403 8
4404 2
4405 4
4406 6
4407 6
4408 8
4409 5
4410 4
4411 4
4412 8
4413 8
4414 6
4415 2
4416 6
4417 5
4418 2
4419 5
4420 6
4421 8
4422 2
4423 4
4424 5
4425 7
4426 9
4427 7
4428 3
4429 8
4430 3
4431 5
4432 4
4433 10
4434 6
4435 6
4436 2
4437 5
4438 5
4439 5
4440 3
4441 8
4442 8
4443 3
4444 4
4445 2
4446 6
4447 2
4448 5
4449 2
4450 4
4451 7
4452 3
4453 9
4454 4
4455 1
4456 4
4457 4
4458 3
4459 6
4460 3
4461 6
4462 6
4463 4
4464 3
4465 6
4466 3
4467 6
4468 4
4469 3
4470 4
4471 5
4472 5
4473 2
4474 5
4475 7
4476 5
4477 5
4478 6
4479 2
4480 3
4481 1
4482 2
4483 5
4484 10
4485 7
4486 5
4487 5
4488 6
4489 6
4490 5
4491 3
4492 9
4493 7
4494 1
4495 6
4496 7
4497 2
4498 6
4499 3
4500 9
4501 6
4502 7
4503 5
4504 4
4505 3
4506 7
4508 4
4509 7
4510 4
4511 4
4512 4
4513 3
4514 4
4515 4
4516 2
4517 4
4518 4
4519 4
4520 10
4521 3
4522 1
4523 8
4524 4
4525 5
4526 2
4527 3
4528 5
4529 9
4530 3
4531 3
4532 2
4533 7
4534 6
4535 4
4536 3
4537 2
4538 4
4539 7
4540 7
4541 6
4542 5
4543 4
4544 2
4545 3
4546 5
4547 2
4548 4
4549 4
4550 3
4551 1
4552 6
4553 3
4554 7
4555 6
4556 2
4557 6
4558 3
4559 5
4560 5
4561 5
4562 8
4563 3
4564 6
4565 3
4566 7
4567 4
4568 3
4569 5
4570 6
4571 5
4572 2
4573 6
4574 4
4575 1
4576 13
4577 3
4578 5
4579 1
4580 4
4581 2
4582 1
4583 9
4584 4
4585 9
4586 4
4587 2
4588 6
4589 8
4590 7
4591 3
4592 5
4593 2
4594 4
4595 1
4596 5
4597 2
4598 4
4599 7
4600 4
4601 7
4602 2
4603 1
4604 10
4605 6
4606 3
4607 5
4608 5
4609 4
4610 6
4611 5
4612 3
4613 4
4614 8
4615 4
4616 2
4617 5
4618 5
4619 2
4620 4
4621 4
4622 4
4623 2
4624 7
4625 9
4626 3
4627 3
4628 4
4629 3
4630 5
4631 3
4632 2
4633 3
4634 1
4635 1
4636 4
4637 7
4638 1
4639 6
4640 4
4641 4
4642 4
4643 4
4644 3
4645 2
4646 7
4647 6
4648 3
4649 6
4650 4
4651 3
4652 1
4653 7
4654 2
4655 4
4656 3
4657 8
4658 1
4659 3
4660 4
4661 8
4662 6
4663 3
4664 7
4665 6
4666 8
4667 4
4668 4
4669 4
4670 4
4671 4
4672 4
4673 2
4674 2
4675 2
4676 1
4677 6
4678 4
4680 2
4681 10
4682 4
4683 8
4684 1
4685 4
4686 5
4687 5
4688 8
4689 5
4690 2
4691 5
4692 2
4693 3
4694 2
4695 4
4696 3
4697 5
4698 2
4700 2
4701 5
4702 4
4703 4
4704 1
4705 2
4706 4
4707 1
4708 4
4709 2
4710 3
4711 4
4712 4
4713 3
4714 2
4715 1
4716 7
4717 3
4718 4
4719 4
4720 1
4721 4
4722 6
4723 7
4724 2
4725 3
4726 3
4727 4
4728 4
4729 3
4730 4
4731 4
4732 1
4733 3
4734 3
4735 4
4737 8
4738 2
4739 2
4740 5
4741 5
4742 4
4744 5
4745 2
4746 3
4747 4
4748 5
4749 7
4750 5
4751 4
4752 3
4753 2
4754 2
4755 1
4756 5
4757 4
4758 9
4759 4
4760 4
4761 3
4762 4
4763 4
4764 3
4765 3
4766 4
4768 2
4769 2
4770 3
4771 6
4772 5
4773 5
4774 3
4775 8
4776 3
4777 3
4778 6
4779 3
4780 6
4781 5
4782 4
4783 3
4784 1
4785 8
4786 3
4787 4
4788 8
4789 2
4790 5
4791 5
4792 3
4793 3
4794 3
4795 4
4796 5
4797 4
4798 6
4799 5
4800 7
4801 4
4802 2
4803 1
4804 2
4805 2
4806 4
4807 4
4808 3
4809 6
4810 4
4811 5
4812 6
4813 4
4814 4
4815 3
4816 2
4817 4
4818 6
4819 6
4820 4
4821 2
4822 1
4823 5
4824 6
4825 1
4826 2
4827 4
4828 7
4829 4
4830 2
4831 2
4832 2
4833 6
4834 3
4835 2
4836 4
4837 3
4838 5
4839 5
4840 3
4841 5
4842 8
4843 3
4844 1
4845 1
4846 3
4847 3
4848 2
4849 6
4850 2
4851 8
4852 7
4853 2
4854 4
4855 2
4856 3
4857 4
4858 4
4859 7
4860 4
4861 2
4862 5
4863 2
4864 4
4865 5
4866 1
4867 6
4868 9
4869 5
4870 6
4871 2
4872 3
4873 6
4874 2
4875 3
4876 6
4877 2
4878 2
4879 2
4880 5
4881 2
4882 5
4883 3
4885 5
4886 2
4887 3
4888 3
4889 3
4890 5
4891 4
4892 2
4893 3
4894 2
4895 3
4896 4
4897 4
4898 2
4899 5
4900 5
4901 3
4902 3
4903 2
4904 3
4905 2
4906 5
4907 4
4908 4
4909 6
4910 6
4911 2
4912 7
4913 5
4915 2
4917 2
4918 2
4919 2
4920 3
4921 2
4922 1
4923 3
4924 6
4925 1
4926 1
4927 7
4928 4
4929 2
4930 1
4931 4
4933 3
4934 2
4935 6
4936 5
4937 2
4938 1
4939 4
4940 4
4941 2
4942 8
4943 3
4944 3
4945 3
4946 3
4947 2
4948 1
4949 1
4950 4
4951 3
4952 8
4953 4
4954 2
4955 3
4956 3
4957 7
4958 2
4959 4
4960 7
4961 7
4962 6
4963 3
4964 4
4965 4
4966 3
4967 4
4968 2
4969 6
4970 5
4971 6
4972 3
4973 5
4974 5
4975 4
4976 4
4977 2
4978 5
4980 3
4981 1
4982 5
4983 6
4984 6
4985 3
4986 4
4987 4
4988 2
4989 1
4990 3
4991 3
4992 3
4993 1
4994 4
4995 2
4996 2
4997 5
4998 5
4999 7
5000 2
5001 1
5002 4
5003 5
5004 1
5007 6
5008 7
5009 5
5010 4
5011 4
5012 9
5014 4
5015 1
5016 1
5017 3
5018 2
5019 5
5020 7
5021 4
5022 3
5023 6
5024 1
5025 3
5026 3
5027 5
5028 5
5029 5
5030 3
5031 2
5032 3
5033 5
5034 1
5035 5
5036 3
5037 1
5038 6
5039 2
5040 1
5041 4
5042 6
5043 5
5044 5
5045 3
5046 2
5048 3
5049 6
5050 3
5052 4
5053 3
5054 5
5055 8
5056 3
5057 4
5058 3
5059 1
5060 5
5061 1
5063 1
5064 5
5065 5
5066 5
5067 2
5068 4
5069 3
5070 4
5071 3
5073 5
5074 3
5076 2
5077 7
5078 5
5079 3
5080 6
5081 6
5082 2
5083 3
5084 3
5085 2
5086 3
5087 1
5088 4
5089 6
5090 4
5091 3
5092 4
5093 1
5094 4
5095 1
5096 5
5097 2
5098 1
5099 3
5100 6
5101 2
5102 2
5103 3
5104 8
5105 4
5106 3
5107 7
5108 2
5109 3
5110 6
5111 4
5112 4
5113 6
5114 2
5115 3
5116 2
5117 5
5118 2
5119 2
5120 1
5121 1
5122 1
5123 5
5124 2
5125 6
5126 3
5127 7
5128 1
5129 2
5130 3
5131 3
5132 2
5133 3
5134 3
5135 1
5136 1
5137 7
5138 5
5140 3
5141 6
5142 4
5143 4
5144 3
5145 1
5146 6
5147 7
5148 3
5149 3
5150 3
5151 4
5152 5
5153 3
5154 3
5155 2
5156 3
5157 3
5158 4
5159 4
5160 4
5161 4
5162 3
5163 4
5164 6
5165 2
5166 5
5167 1
5168 3
5169 1
5170 1
5171 2
5172 2
5173 3
5174 4
5175 4
5176 4
5177 7
5178 4
5179 3
5180 5
5181 5
5182 6
5183 2
5184 3
5185 3
5186 4
5187 6
5188 2
5189 5
5190 4
5191 4
5192 2
5193 3
5194 1
5195 2
5196 3
5197 6
5198 3
5199 3
5200 2
5201 5
5202 3
5203 4
5204 4
5205 1
5206 4
5207 1
5208 5
5209 4
5210 2
5211 3
5212 4
5213 2
5214 3
5215 5
5216 3
5217 4
5218 5
5219 2
5220 2
5221 1
5222 2
5224 4
5225 4
5226 4
5227 2
5228 4
5229 2
5230 3
5231 1
5232 2
5233 4
5234 1
5236 2
5238 3
5239 3
5240 3
5241 3
5242 3
5243 4
5244 4
5245 2
5246 3
5247 2
5248 3
5249 6
5250 2
5251 1
5252 4
5253 1
5254 2
5255 3
5257 5
5258 5
5259 2
5260 2
5261 2
5262 1
5264 2
5265 3
5266 3
5267 5
5268 5
5269 1
5270 1
5271 4
5272 6
5273 3
5274 3
5275 4
5276 3
5277 1
5278 2
5279 2
5280 1
5281 1
5282 6
5283 6
5284 2
5285 6
5286 4
5287 7
5288 3
5289 1
5290 5
5291 2
5292 3
5293 1
5294 2
5295 6
5296 7
5297 3
5298 1
5299 2
5300 6
5301 1
5302 5
5303 3
5304 2
5305 5
5306 5
5307 3
5309 4
5310 1
5312 3
5313 3
5314 4
5315 2
5316 5
5317 3
5318 4
5319 6
5320 1
5321 1
5322 2
5323 2
5324 6
5325 2
5326 4
5327 4
5328 2
5329 4
5330 2
5331 2
5332 4
5333 5
5334 1
5335 8
5336 1
5337 2
5338 4
5339 2
5340 2
5341 3
5342 1
5343 2
5344 1
5345 3
5346 4
5347 3
5348 1
5349 4
5350 4
5351 6
5352 2
5353 1
5354 5
5355 4
5357 3
5358 4
5360 1
5361 4
5362 4
5363 6
5364 3
5365 2
5366 1
5367 6
5368 1
5369 1
5370 1
5371 6
5373 4
5374 4
5375 1
5376 5
5377 3
5378 5
5379 2
5380 7
5381 2
5382 1
5383 4
5384 3
5385 1
5386 5
5387 5
5388 2
5389 3
5390 2
5391 6
5392 2
5393 3
5394 2
5395 5
5396 5
5397 2
5398 2
5399 2
5400 5
5401 3
5402 2
5403 6
5404 5
5405 2
5406 2
5407 5
5408 3
5409 5
5410 4
5412 2
5413 3
5414 4
5415 3
5416 3
5417 1
5418 1
5420 2
5421 3
5422 5
5423 4
5424 1
5425 1
5427 3
5428 3
5429 1
5430 3
5431 2
5432 2
5433 1
5434 5
5435 6
5436 3
5437 1
5438 1
5439 3
5440 3
5441 4
5442 5
5443 3
5444 3
5445 2
5446 3
5447 5
5448 3
5449 3
5450 6
5451 2
5452 1
5453 2
5454 6
5455 7
5456 5
5457 1
5458 3
5459 1
5461 5
5463 2
5464 3
5465 3
5466 3
5467 2
5468 1
5469 1
5470 5
5471 4
5472 1
5473 3
5474 3
5475 3
5476 1
5477 2
5478 2
5479 2
5480 2
5481 1
5482 2
5483 3
5484 1
5485 2
5486 3
5488 4
5489 2
5490 5
5491 4
5492 5
5493 2
5494 5
5495 1
5496 3
5497 4
5498 1
5499 6
5500 3
5501 3
5502 5
5503 5
5504 1
5505 1
5506 2
5507 4
5508 5
5509 3
5510 3
5511 5
5512 5
5515 3
5516 2
5517 2
5518 2
5520 1
5521 5
5522 2
5523 2
5524 2
5525 4
5526 4
5527 3
5528 1
5529 2
5530 2
5531 6
5532 3
5533 3
5534 3
5535 3
5536 1
5537 3
5538 2
5539 4
5540 2
5541 2
5542 4
5543 2
5544 3
5545 2
5546 4
5547 4
5548 2
5549 1
5550 6
5551 2
5552 2
5553 1
5554 4
5555 2
5557 2
5558 2
5559 2
5560 2
5561 3
5562 3
5563 2
5564 1
5565 3
5566 3
5567 2
5568 2
5569 7
5570 4
5571 2
5572 1
5573 6
5574 2
5575 2
5576 1
5577 2
5578 3
5579 1
5580 2
5581 1
5582 4
5583 6
5584 1
5585 3
5586 1
5587 1
5588 2
5589 1
5590 3
5591 1
5592 5
5593 1
5594 3
5595 2
5596 3
5597 3
5598 7
5600 3
5601 4
5602 3
5603 2
5604 2
5605 4
5606 4
5607 4
5608 1
5609 5
5610 2
5611 6
5612 2
5613 1
5614 5
5615 1
5616 1
5617 4
5618 3
5619 3
5620 4
5621 6
5622 1
5623 4
5624 4
5625 2
5626 2
5627 2
5628 3
5629 5
5630 3
5631 6
5632 2
5633 2
5634 2
5635 1
5636 2
5637 3
5638 2
5639 2
5640 4
5641 1
5642 1
5644 1
5645 1
5646 1
5647 2
5649 3
5650 1
5651 4
5652 3
5653 1
5654 2
5655 1
5656 3
5657 1
5658 4
5659 2
5660 4
5661 3
5662 1
5663 2
5665 2
5666 3
5667 1
5668 1
5669 1
5670 4
5671 6
5672 4
5673 3
5674 5
5675 4
5676 2
5677 3
5679 1
5681 2
5682 3
5683 3
5684 3
5685 1
5686 1
5687 4
5688 3
5689 6
5690 1
5691 4
5692 4
5693 6
5694 2
5695 4
5697 4
5698 4
5699 3
5700 2
5701 5
5702 5
5703 4
5704 1
5705 4
5706 1
5707 3
5708 3
5709 3
5710 3
5712 2
5713 4
5714 3
5715 6
5717 1
5718 4
5719 1
5720 1
5721 3
5722 3
5723 1
5724 4
5725 2
5726 3
5727 4
5728 2
5729 2
5730 2
5731 4
5732 3
5733 2
5734 3
5735 2
5736 3
5737 3
5738 5
5739 5
5740 4
5741 3
5742 2
5743 1
5744 1
5745 5
5746 2
5747 4
5748 1
5749 2
5750 3
5751 1
5752 1
5753 2
5754 3
5755 7
5756 1
5757 3
5758 2
5760 2
5761 3
5762 2
5763 2
5764 1
5765 3
5766 8
5767 1
5768 5
5769 4
5770 3
5771 3
5772 3
5773 6
5774 3
5775 2
5776 2
5777 4
5778 1
5779 5
5780 2
5781 4
5782 6
5783 6
5785 5
5786 6
5787 4
5788 2
5790 1
5791 2
5792 3
5793 3
5795 1
5796 2
5797 2
5798 2
5800 4
5802 4
5803 2
5804 4
5805 5
5806 5
5807 2
5808 1
5809 4
5810 4
5811 3
5812 1
5813 8
5814 5
5815 3
5816 2
5817 3
5818 3
5819 1
5821 3
5822 1
5823 1
5824 2
5825 1
5826 3
5827 3
5828 3
5829 3
5830 5
5831 4
5832 2
5833 4
5834 1
5835 5
5836 3
5837 3
5838 3
5839 1
5840 3
5842 2
5843 3
5846 1
5847 3
5848 2
5849 5
5850 3
5851 5
5852 1
5853 1
5854 2
5856 2
5857 1
5858 1
5859 2
5860 2
5861 4
5862 1
5864 3
5865 1
5866 2
5867 2
5868 4
5869 4
5870 2
5871 3
5872 1
5873 3
5874 3
5875 4
5876 1
5877 1
5878 1
5879 2
5880 3
5881 4
5882 6
5883 2
5884 1
5885 5
5886 1
5887 1
5888 1
5889 1
5890 3
5891 2
5892 3
5893 2
5894 2
5895 1
5896 1
5897 5
5898 3
5899 3
5900 3
5901 1
5902 1
5903 3
5904 2
5905 2
5906 1
5908 1
5910 2
5911 3
5912 1
5913 3
5914 3
5915 7
5916 3
5917 4
5918 2
5919 4
5920 2
5921 1
5922 2
5923 3
5924 2
5925 2
5926 1
5927 2
5928 2
5929 2
5930 4
5931 6
5932 3
5933 4
5934 3
5935 1
5936 1
5938 3
5939 1
5940 3
5942 2
5943 2
5944 4
5946 2
5947 1
5948 4
5949 2
5950 1
5951 1
5953 2
5954 4
5955 3
5956 2
5957 2
5958 4
5959 3
5960 4
5961 6
5962 3
5963 4
5964 1
5965 3
5967 3
5968 3
5969 4
5970 3
5971 1
5972 3
5973 3
5974 3
5975 2
5976 5
5977 2
5979 2
5980 2
5981 2
5983 2
5984 4
5985 3
5986 3
5987 3
5988 3
5989 4
5990 1
5991 2
5992 4
5993 4
5994 2
5995 2
5996 4
5997 3
5998 3
5999 3
6000 2
6001 2
6002 2
6004 2
6005 1
6007 2
6008 1
6011 6
6012 1
6013 2
6014 3
6015 3
6016 3
6017 2
6018 2
6019 5
6020 2
6021 2
6022 2
6023 1
6024 4
6025 1
6026 3
6027 3
6028 4
6029 2
6030 2
6031 1
6032 2
6033 1
6035 5
6036 2
6037 1
6038 2
6040 1
6041 1
6042 1
6043 3
6044 4
6045 1
6046 1
6047 2
6048 2
6049 1
6050 1
6051 2
6052 2
6053 6
6054 2
6055 3
6056 2
6057 3
6058 2
6059 5
6060 4
6061 3
6062 2
6063 2
6064 2
6066 2
6067 1
6069 3
6070 1
6071 2
6072 2
6074 3
6075 2
6077 1
6078 2
6081 1
6082 2
6083 3
6085 4
6086 3
6087 2
6089 5
6090 4
6093 2
6094 3
6095 4
6096 4
6097 2
6100 4
6101 1
6102 1
6104 3
6105 1
6106 2
6107 3
6108 2
6109 1
6110 2
6111 2
6112 3
6114 1
6115 2
6116 2
6117 1
6118 3
6119 2
6120 3
6121 2
6122 1
6123 3
6124 1
6125 3
6126 1
6127 7
6128 1
6129 4
6130 2
6132 2
6134 4
6135 3
6136 2
6138 2
6139 2
6140 1
6141 1
6142 2
6143 5
6144 1
6145 2
6146 1
6147 2
6148 3
6149 5
6150 2
6152 2
6154 1
6155 1
6156 2
6157 2
6158 3
6159 1
6160 1
6161 3
6162 4
6163 1
6165 3
6166 1
6167 2
6168 3
6169 2
6170 3
6171 2
6172 3
6173 1
6174 4
6175 7
6176 2
6177 2
6178 1
6180 2
6183 3
6184 1
6186 4
6187 1
6188 8
6189 2
6190 1
6191 1
6192 4
6193 2
6197 1
6198 3
6199 2
6200 2
6201 2
6202 2
6203 3
6204 2
6205 2
6206 4
6207 1
6208 3
6209 1
6210 3
6211 3
6212 4
6213 1
6214 2
6215 6
6216 1
6217 1
6218 3
6219 4
6220 2
6221 6
6222 3
6223 3
6224 2
6225 3
6227 2
6228 3
6229 1
6230 7
6231 2
6233 4
6234 5
6235 3
6236 1
6237 2
6238 3
6239 1
6240 2
6241 6
6242 2
6243 3
6244 2
6245 1
6246 3
6247 3
6248 5
6249 2
6250 6
6251 2
6252 6
6253 1
6254 1
6255 1
6256 2
6257 3
6258 2
6259 3
6260 2
6261 2
6262 4
6263 1
6264 2
6265 1
6266 3
6267 3
6269 5
6270 5
6271 3
6273 3
6274 4
6275 2
6277 3
6279 2
6280 1
6281 3
6283 2
6284 1
6285 2
6287 4
6290 1
6291 3
6293 4
6294 3
6295 1
6296 1
6297 2
6298 1
6300 3
6301 2
6302 3
6303 2
6305 3
6306 6
6307 1
6309 1
6310 2
6311 1
6312 1
6313 1
6314 4
6315 1
6316 3
6317 3
6318 3
6319 3
6320 3
6321 5
6323 2
6325 3
6326 3
6327 4
6328 1
6329 1
6330 4
6331 1
6332 3
6334 4
6335 3
6336 6
6337 3
6338 1
6339 1
6341 3
6342 3
6343 3
6344 1
6345 1
6346 1
6347 4
6348 4
6349 1
6350 1
6351 3
6352 1
6354 3
6355 2
6356 3
6357 4
6358 4
6359 2
6360 5
6361 3
6362 2
6363 3
6365 1
6366 1
6367 4
6368 3
6369 2
6370 1
6371 3
6372 2
6373 4
6374 1
6375 2
6377 1
6380 2
6381 3
6382 1
6383 3
6384 1
6385 2
6386 3
6387 3
6388 2
6389 1
6390 2
6392 4
6394 1
6395 2
6396 1
6397 6
6398 2
6399 1
6400 2
6402 3
6404 2
6405 2
6406 2
6407 1
6408 2
6409 4
6410 3
6412 1
6415 2
6416 2
6417 4
6418 2
6419 3
6420 3
6421 1
6422 1
6423 2
6424 4
6425 3
6426 4
6427 2
6428 2
6429 1
6430 3
6431 5
6433 2
6436 4
6437 2
6438 4
6439 2
6440 7
6441 3
6442 1
6443 3
6444 2
6445 3
6446 3
6450 2
6451 3
6454 3
6455 3
6456 1
6457 2
6458 4
6459 2
6460 2
6461 3
6462 2
6463 2
6465 3
6466 1
6468 2
6469 1
6471 1
6472 3
6473 3
6474 1
6475 2
6476 1
6477 1
6478 1
6479 2
6480 1
6482 2
6483 3
6484 2
6485 3
6486 3
6487 3
6489 4
6490 3
6491 1
6492 2
6493 2
6494 3
6495 4
6496 6
6497 2
6498 3
6499 2
6500 1
6501 2
6502 3
6503 2
6504 2
6505 2
6506 1
6507 2
6508 1
6509 3
6510 2
6511 4
6512 1
6513 1
6514 3
6515 2
6516 3
6517 1
6518 2
6519 2
6520 4
6521 2
6522 1
6523 4
6524 1
6525 2
6527 2
6528 3
6529 2
6530 2
6531 4
6532 1
6533 3
6535 4
6536 4
6538 4
6539 2
6540 5
6541 3
6542 4
6543 3
6544 1
6545 6
6546 1
6547 4
6548 1
6549 2
6550 6
6551 1
6552 4
6555 1
6556 3
6558 3
6559 3
6561 4
6563 3
6564 4
6565 1
6566 3
6567 4
6568 4
6569 1
6570 1
6571 3
6572 1
6573 4
6574 3
6575 3
6576 3
6577 1
6579 1
6580 2
6581 1
6583 1
6585 2
6586 3
6587 2
6588 2
6589 3
6590 1
6591 2
6592 4
6593 3
6594 2
6595 1
6596 3
6597 3
6598 4
6599 5
6600 5
6601 1
6602 2
6603 3
6605 1
6606 1
6607 1
6608 3
6609 3
6610 1
6611 4
6613 3
6615 2
6616 2
6617 2
6618 2
6619 1
6620 4
6621 4
6622 2
6623 3
6624 2
6625 1
6626 4
6627 4
6628 5
6629 1
6630 4
6631 2
6632 2
6633 3
6634 3
6635 2
6638 2
6639 3
6640 3
6641 1
6642 1
6643 3
6644 1
6645 1
6646 1
6647 2
6648 1
6649 3
6650 3
6651 4
6652 2
6653 3
6654 4
6655 4
6656 2
6657 1
6658 1
6659 1
6660 2
6661 2
6663 1
6665 4
6666 1
6667 1
6668 1
6669 1
6670 3
6671 3
6672 1
6673 4
6674 1
6675 1
6676 3
6677 2
6678 2
6679 1
6680 3
6681 2
6682 1
6684 4
6685 1
6687 1
6688 2
6689 1
6690 1
6691 1
6692 4
6693 5
6694 2
6697 2
6698 2
6699 3
6701 2
6702 2
6703 2
6704 4
6705 1
6706 1
6707 2
6708 2
6709 2
6710 1
6711 2
6712 2
6713 1
6714 1
6715 4
6716 1
6717 2
6719 2
6720 4
6721 1
6722 2
6723 1
6724 3
6726 4
6727 1
6728 5
6729 4
6730 3
6731 2
6732 1
6733 1
6734 1
6735 2
6736 3
6737 3
6738 3
6739 4
6740 2
6741 2
6742 2
6743 3
6745 5
6746 2
6747 2
6748 1
6749 4
6750 4
6751 2
6752 1
6753 4
6754 1
6755 4
6756 1
6757 3
6758 4
6759 2
6760 2
6761 3
6762 3
6763 3
6764 2
6766 2
6767 1
6768 3
6769 1
6770 3
6771 2
6772 2
6773 3
6774 1
6775 2
6776 3
6777 1
6778 4
6779 2
6780 2
6781 2
6782 2
6783 4
6784 1
6785 1
6786 3
6787 1
6788 1
6789 2
6790 3
6791 1
6792 2
6793 3
6794 3
6796 1
6797 1
6798 2
6799 2
6800 6
6801 2
6802 1
6803 3
6804 3
6805 2
6806 2
6807 1
6808 3
6809 1
6810 1
6811 3
6812 1
6813 5
6814 3
6815 3
6816 3
6818 1
6819 1
6821 1
6822 1
6823 1
6824 1
6826 2
6827 3
6829 2
6831 2
6832 4
6833 2
6834 2
6835 3
6836 3
6837 2
6838 2
6839 2
6840 1
6841 1
6842 1
6843 3
6844 1
6845 1
6846 2
6847 1
6848 2
6849 3
6851 2
6852 1
6854 4
6855 3
6856 3
6857 2
6858 2
6859 1
6860 2
6861 2
6862 3
6863 1
6864 2
6865 6
6866 3
6867 3
6868 2
6869 5
6870 1
6872 3
6873 1
6875 2
6876 3
6877 4
6878 1
6879 3
6880 3
6881 4
6882 1
6883 2
6884 1
6885 3
6886 2
6887 3
6889 2
6892 2
6893 1
6895 2
6896 2
6897 1
6898 3
6899 3
6900 2
6903 1
6904 3
6905 1
6906 2
6907 1
6908 3
6909 2
6911 2
6912 2
6913 2
6914 3
6915 2
6916 3
6917 1
6918 2
6919 2
6920 1
6921 1
6922 3
6923 1
6924 3
6927 1
6928 5
6929 2
6930 3
6931 1
6932 1
6933 3
6935 3
6936 1
6938 1
6940 1
6941 2
6942 2
6943 1
6944 1
6945 1
6946 1
6947 5
6948 1
6949 1
6952 3
6953 1
6954 2
6955 2
6956 1
6957 2
6958 3
6959 1
6960 2
6961 1
6962 3
6963 1
6964 1
6965 3
6966 1
6969 3
6970 4
6971 2
6972 2
6973 2
6974 3
6975 2
6976 1
6977 4
6978 4
6980 2
6981 2
6982 3
6984 1
6985 2
6986 5
6987 2
6988 1
6989 2
6990 2
6991 2
6993 1
6994 3
6995 6
6996 5
6997 1
6998 2
6999 2
7000 2
7002 2
7004 4
7005 3
7006 2
7007 4
7008 1
7009 2
7010 3
7011 3
7012 3
7013 3
7014 1
7015 2
7016 5
7017 4
7018 4
7019 1
7020 2
7021 4
7022 2
7023 3
7024 1
7025 1
7026 3
7027 3
7028 1
7029 1
7030 2
7031 4
7033 1
7034 1
7035 1
7036 4
7037 8
7038 4
7039 1
7041 3
7042 3
7044 2
7045 1
7047 4
7048 1
7049 3
7050 1
7051 2
7053 1
7054 4
7055 3
7056 3
7057 3
7058 3
7059 3
7060 3
7061 2
7064 2
7065 1
7066 1
7067 4
7068 3
7069 2
7070 3
7071 1
7072 6
7073 3
7074 2
7075 3
7076 1
7077 4
7078 3
7080 1
7081 1
7082 2
7083 1
7084 4
7085 1
7086 2
7087 3
7088 3
7090 1
7093 1
7094 2
7095 1
7096 4
7097 2
7098 2
7100 1
7101 3
7102 4
7103 1
7104 4
7105 2
7106 3
7107 2
7108 3
7109 2
7110 2
7111 2
7112 1
7113 1
7114 2
7115 2
7116 5
7118 2
7119 4
7120 2
7121 1
7122 1
7123 1
7124 1
7125 1
7126 4
7127 2
7128 1
7129 3
7130 3
7131 5
7132 2
7133 3
7134 3
7135 2
7136 1
7137 1
7138 1
7139 2
7140 2
7141 2
7142 3
7143 2
7144 3
7145 1
7146 1
7147 2
7148 1
7149 2
7150 2
7151 1
7152 3
7154 1
7155 1
7157 1
7158 1
7159 1
7160 3
7161 3
7162 1
7163 2
7164 1
7165 2
7167 2
7170 4
7171 1
7172 1
7173 6
7174 1
7175 3
7176 2
7177 3
7178 1
7179 4
7180 1
7181 2
7182 3
7183 2
7184 2
7185 6
7186 1
7187 2
7188 1
7189 2
7190 1
7192 2
7193 2
7194 2
7195 1
7196 6
7197 4
7198 5
7200 3
7201 3
7202 1
7203 2
7204 1
7205 1
7206 4
7207 2
7208 3
7211 1
7212 1
7213 1
7214 2
7215 2
7216 3
7218 2
7219 1
7220 2
7221 3
7223 2
7224 2
7226 3
7227 1
7228 2
7229 1
7231 4
7232 1
7233 1
7234 3
7235 1
7236 1
7237 1
7238 2
7239 3
7240 5
7241 3
7244 1
7245 2
7246 1
7247 1
7248 1
7249 3
7250 2
7251 1
7252 2
7253 2
7254 1
7255 1
7256 4
7257 2
7259 2
7260 1
7261 3
7262 1
7263 2
7264 1
7265 3
7266 2
7267 1
7268 2
7270 2
7272 2
7274 2
7276 1
7277 1
7278 1
7279 1
7280 1
7281 3
7282 2
7283 1
7284 2
7285 1
7286 1
7287 5
7289 1
7290 3
7291 1
7292 1
7295 3
7296 3
7297 3
7298 2
7300 2
7301 2
7302 3
7303 2
7304 3
7305 1
7306 1
7307 1
7309 1
7310 2
7311 1
7312 1
7313 2
7314 1
7315 2
7316 2
7317 1
7318 1
7319 2
7320 5
7324 3
7325 2
7326 2
7327 5
7328 1
7329 2
7330 2
7331 5
7333 5
7334 2
7335 1
7336 2
7337 3
7338 2
7339 6
7340 3
7342 2
7343 1
7344 1
7345 1
7346 3
7347 1
7348 2
7349 3
7350 1
7351 3
7352 1
7353 3
7354 4
7355 3
7356 3
7357 1
7358 2
7359 4
7361 3
7364 2
7365 2
7366 2
7367 1
7368 3
7369 3
7370 1
7371 1
7372 2
7373 2
7374 1
7375 3
7376 1
7377 1
7378 4
7379 1
7380 1
7381 4
7382 2
7383 1
7384 1
7385 4
7386 5
7388 4
7389 1
7390 1
7391 3
7392 2
7393 2
7394 3
7395 1
7396 1
7397 1
7398 2
7399 2
7400 2
7401 2
7402 5
7403 4
7404 2
7405 6
7406 2
7407 2
7409 1
7411 2
7412 4
7415 3
7416 1
7417 1
7418 5
7419 1
7420 1
7421 1
7422 3
7423 2
7425 2
7426 5
7427 3
7428 1
7429 4
7430 2
7431 1
7432 1
7433 2
7434 1
7436 1
7437 1
7438 3
7441 2
7442 1
7443 7
7444 1
7445 3
7448 1
7449 1
7450 3
7451 4
7453 2
7455 1
7458 1
7459 4
7460 2
7462 2
7463 1
7465 2
7466 3
7467 3
7468 3
7469 1
7470 1
7471 4
7472 1
7473 1
7474 3
7475 1
7476 2
7477 4
7478 2
7479 2
7480 2
7481 2
7484 1
7485 2
7486 3
7488 3
7490 2
7491 3
7492 3
7493 2
7495 1
7496 1
7497 2
7498 1
7499 1
7500 1
7501 4
7502 1
7503 2
7504 1
7505 1
7506 2
7507 2
7508 1
7509 4
7510 3
7511 2
7512 4
7513 1
7515 4
7516 1
7517 2
7518 1
7519 2
7520 3
7521 1
7522 6
7523 1
7524 1
7525 1
7526 1
7527 2
7528 1
7529 2
7530 3
7531 2
7532 2
7533 1
7534 1
7535 2
7536 1
7537 2
7538 1
7540 4
7541 1
7542 2
7543 3
7544 2
7545 3
7546 3
7547 3
7548 2
7549 4
7550 1
7551 1
7552 4
7553 3
7554 2
7555 3
7556 1
7557 3
7558 1
7559 1
7560 3
7561 2
7562 3
7563 1
7564 1
7567 2
7569 1
7570 1
7571 1
7572 2
7573 1
7576 4
7577 2
7578 2
7579 1
7580 3
7582 1
7583 1
7584 2
7585 1
7586 4
7587 4
7588 3
7590 1
7591 3
7592 3
7593 2
7594 1
7595 3
7596 3
7597 1
7598 2
7601 2
7602 2
7604 1
7606 2
7607 4
7608 1
7610 2
7611 2
7612 4
7613 1
7614 2
7615 1
7616 1
7617 2
7618 1
7619 3
7620 3
7621 1
7622 2
7623 3
7625 1
7626 1
7627 1
7628 1
7632 3
7633 2
7634 2
7635 2
7636 1
7637 1
7638 2
7639 2
7641 1
7642 2
7643 3
7644 3
7646 4
7647 3
7648 2
7650 4
7651 4
7652 2
7653 2
7654 1
7655 1
7656 2
7657 1
7658 1
7659 1
7661 1
7662 4
7663 4
7666 2
7667 3
7669 2
7671 4
7673 1
7674 4
7675 1
7676 5
7679 3
7680 2
7681 1
7682 4
7683 5
7685 2
7686 5
7687 2
7690 2
7691 3
7692 2
7693 4
7695 2
7696 1
7697 1
7699 2
7700 1
7701 1
7702 3
7703 2
7704 1
7705 4
7706 2
7707 4
7708 2
7709 3
7711 2
7712 2
7713 3
7714 2
7717 3
7718 3
7719 2
7720 4
7721 2
7722 4
7723 2
7724 3
7725 1
7726 3
7727 1
7729 3
7730 2
7731 2
7735 1
7736 3
7737 4
7738 1
7739 2
7740 2
7741 1
7742 1
7743 2
7744 3
7745 2
7746 2
7747 2
7748 3
7749 2
7750 3
7752 5
7753 3
7754 2
7755 1
7756 2
7757 1
7758 1
7760 1
7761 1
7762 2
7763 1
7764 2
7765 6
7767 2
7768 1
7769 1
7770 6
7771 2
7773 3
7774 1
7775 1
7776 2
7778 2
7779 4
7780 1
7781 3
7782 3
7783 1
7784 4
7785 1
7786 2
7787 4
7789 2
7790 1
7791 1
7793 1
7794 1
7795 6
7796 2
7797 2
7798 2
7799 4
7800 1
7801 2
7802 3
7803 4
7804 1
7805 2
7806 1
7807 2
7808 3
7810 1
7811 3
7812 4
7813 2
7814 2
7815 1
7817 1
7818 2
7819 3
7820 2
7821 4
7823 1
7825 4
7826 2
7827 2
7828 1
7829 2
7830 3
7831 1
7832 2
7833 2
7834 6
7835 1
7836 1
7837 1
7838 1
7839 1
7840 1
7844 1
7845 1
7846 2
7847 2
7849 3
7850 4
7851 2
7852 2
7854 1
7855 1
7856 1
7857 2
7859 1
7860 1
7862 1
7863 3
7864 2
7865 1
7866 1
7867 3
7868 3
7869 2
7870 2
7871 2
7872 2
7873 2
7877 2
7878 3
7879 1
7880 3
7881 2
7882 1
7883 1
7884 1
7885 2
7886 2
7888 2
7889 4
7890 3
7891 4
7892 2
7893 1
7895 1
7896 1
7899 1
7900 1
7901 4
7902 3
7903 3
7904 2
7906 2
7908 2
7909 3
7910 3
7911 2
7912 3
7913 2
7914 3
7915 1
7916 2
7917 1
7918 5
7919 1
7920 2
7922 1
7923 2
7924 2
7925 2
7926 1
7927 3
7928 1
7929 2
7930 4
7931 2
7932 1
7933 1
7934 2
7935 4
7936 1
7937 2
7938 1
7939 1
7940 2
7942 1
7943 1
7946 1
7947 2
7948 1
7950 3
7951 2
7952 1
7953 2
7955 3
7958 2
7959 3
7961 1
7963 1
7964 1
7965 1
7966 4
7967 2
7968 2
7969 1
7971 1
7972 3
7974 1
7977 4
7979 1
7982 3
7984 1
7985 1
7986 2
7987 2
7988 1
7990 2
7991 1
7992 2
7994 4
7996 1
7998 1
7999 2
8000 4
8001 1
8002 1
8003 2
8004 1
8005 5
8006 4
8007 1
8008 2
8009 1
8010 2
8011 2
8012 3
8013 3
8014 1
8016 4
8017 2
8018 2
8021 2
8022 1
8023 1
8024 2
8025 1
8026 2
8027 6
8028 3
8030 3
8031 3
8032 1
8033 1
8034 3
8035 2
8036 2
8037 2
8038 2
8039 2
8040 1
8041 3
8042 1
8043 2
8045 2
8046 3
8047 2
8048 1
8051 3
8053 1
8054 1
8056 3
8057 2
8058 2
8059 1
8060 3
8062 4
8063 4
8064 2
8065 4
8066 2
8067 5
8070 1
8072 1
8073 1
8074 2
8077 2
8078 1
8079 2
8080 1
8081 3
8083 2
8084 1
8086 3
8087 1
8088 3
8089 1
8090 1
8091 1
8095 3
8096 3
8097 3
8099 1
8101 1
8102 1
8103 1
8104 1
8105 2
8106 2
8107 2
8108 2
8109 1
8110 3
8112 2
8113 1
8114 2
8115 1
8116 1
8117 3
8118 1
8119 2
8120 1
8121 3
8124 2
8125 2
8126 1
8127 3
8130 2
8131 1
8132 1
8133 4
8135 1
8136 4
8137 4
8138 7
8139 1
8140 1
8143 2
8144 5
8145 1
8146 4
8147 1
8148 5
8150 1
8151 2
8152 3
8153 1
8156 1
8157 3
8159 1
8160 1
8161 2
8162 1
8163 1
8164 6
8167 1
8168 3
8169 1
8170 2
8172 1
8173 1
8174 1
8175 3
8176 2
8177 1
8178 2
8180 1
8182 3
8183 1
8184 2
8185 1
8186 2
8188 3
8189 3
8190 1
8191 3
8193 2
8195 3
8196 1
8197 3
8198 2
8199 3
8200 5
8201 3
8202 1
8206 2
8207 1
8208 1
8209 2
8211 2
8212 1
8213 3
8215 1
8216 3
8218 1
8220 4
8221 3
8222 3
8223 1
8224 2
8226 3
8227 1
8228 1
8229 2
8230 1
8231 4
8232 1
8233 1
8236 1
8237 1
8241 2
8242 1
8243 2
8244 2
8245 3
8246 4
8247 4
8248 2
8249 1
8250 1
8252 1
8253 1
8254 1
8255 2
8256 2
8257 2
8260 4
8265 2
8266 3
8268 3
8269 1
8270 1
8271 2
8272 2
8273 2
8274 2
8275 2
8276 2
8278 2
8279 2
8280 1
8281 1
8285 1
8286 3
8287 1
8288 1
8290 1
8291 1
8293 3
8295 2
8296 4
8297 1
8299 1
8300 3
8301 1
8302 2
8303 5
8304 2
8306 1
8307 4
8308 1
8309 3
8310 2
8311 2
8312 3
8313 1
8314 4
8316 1
8318 3
8319 2
8320 2
8322 2
8324 1
8325 4
8326 2
8328 2
8330 2
8331 1
8332 2
8333 4
8334 1
8335 2
8336 2
8337 1
8338 1
8339 1
8340 3
8343 1
8344 2
8345 5
8346 1
8347 3
8349 5
8350 2
8351 2
8352 1
8354 1
8355 5
8356 1
8357 1
8359 2
8361 4
8362 2
8363 2
8364 2
8365 1
8366 2
8367 1
8369 3
8370 4
8371 3
8372 1
8373 1
8374 3
8375 1
8376 3
8377 1
8378 1
8379 1
8380 2
8382 1
8384 1
8385 1
8386 2
8388 1
8389 1
8390 3
8392 2
8393 1
8394 3
8400 1
8402 2
8403 4
8404 2
8405 2
8406 3
8407 2
8409 1
8410 2
8411 1
8413 2
8414 2
8415 3
8416 1
8417 1
8418 2
8419 3
8420 2
8421 1
8422 4
8423 4
8426 1
8427 4
8428 1
8430 3
8431 5
8433 2
8434 1
8436 3
8437 1
8438 4
8440 2
8442 3
8443 1
8444 2
8445 1
8446 1
8447 2
8448 2
8449 2
8452 4
8454 2
8455 1
8458 1
8459 3
8460 3
8461 2
8462 6
8463 3
8466 2
8467 2
8468 2
8470 1
8471 1
8472 3
8473 2
8474 1
8475 2
8476 2
8478 5
8479 2
8480 2
8481 1
8482 3
8484 1
8485 3
8486 3
8487 2
8488 2
8489 2
8490 1
8491 1
8494 1
8495 1
8496 1
8497 3
8498 1
8500 1
8501 1
8502 1
8504 2
8505 1
8508 1
8509 1
8510 3
8512 1
8513 1
8514 4
8515 1
8516 1
8518 3
8521 1
8522 2
8523 1
8524 4
8526 1
8527 3
8528 2
8529 3
8530 1
8533 1
8534 2
8535 1
8536 2
8540 1
8541 1
8542 5
8543 2
8544 2
8546 4
8547 1
8548 3
8549 1
8551 1
8555 2
8556 2
8559 1
8560 1
8563 2
8564 2
8565 3
8567 3
8568 2
8569 4
8571 3
8573 1
8574 1
8577 1
8578 1
8579 3
8580 6
8581 1
8582 1
8583 4
8584 1
8585 3
8586 1
8587 1
8588 2
8589 3
8590 3
8591 2
8592 2
8593 1
8594 1
8596 1
8597 1
8598 2
8599 2
8600 2
8602 2
8603 2
8604 1
8605 1
8607 1
8608 2
8610 4
8612 1
8613 4
8614 2
8615 1
8616 1
8617 2
8618 2
8621 2
8623 3
8624 2
8626 1
8628 2
8629 6
8630 3
8632 1
8633 2
8634 2
8636 2
8638 1
8641 2
8642 1
8644 1
8645 2
8646 3
8647 3
8648 3
8649 2
8650 1
8651 1
8652 1
8653 3
8655 1
8656 3
8657 2
8658 2
8659 2
8660 2
8661 1
8662 1
8663 1
8664 4
8665 2
8666 3
8667 3
8668 3
8669 1
8670 2
8671 2
8672 1
8674 1
8675 4
8677 2
8678 2
8679 1
8680 1
8682 2
8683 4
8684 2
8686 2
8688 1
8690 2
8691 2
8694 2
8695 2
8697 3
8698 2
8699 1
8702 1
8703 2
8704 1
8705 1
8706 2
8707 2
8708 1
8709 2
8710 1
8713 2
8714 2
8715 2
8716 1
8717 1
8718 1
8719 1
8724 1
8725 2
8727 2
8728 3
8731 3
8732 2
8733 1
8734 1
8736 3
8737 1
8738 3
8739 4
8740 1
8741 2
8742 1
8743 2
8744 3
8745 3
8746 3
8748 1
8749 1
8750 2
8751 1
8754 3
8755 1
8757 2
8758 1
8759 2
8760 3
8763 2
8764 2
8765 3
8766 1
8767 2
8768 1
8769 1
8770 3
8771 3
8775 2
8776 1
8777 1
8778 1
8780 1
8786 1
8788 1
8789 2
8791 1
8792 1
8793 2
8795 4
8796 2
8797 1
8798 1
8799 1
8800 1
8801 3
8802 1
8803 1
8804 2
8807 2
8808 2
8809 3
8810 2
8811 2
8812 1
8813 2
8814 3
8817 1
8818 1
8819 1
8820 1
8821 1
8822 2
8823 1
8824 3
8825 3
8826 1
8827 4
8828 2
8829 1
8832 4
8833 2
8834 1
8835 1
8836 1
8840 2
8841 1
8843 2
8844 3
8846 1
8847 1
8848 3
8849 3
8850 4
8851 1
8852 1
8853 2
8854 3
8855 2
8858 1
8859 2
8861 2
8862 1
8863 3
8864 1
8865 5
8866 1
8867 1
8868 1
8869 3
8870 3
8871 1
8873 1
8874 2
8875 1
8876 1
8877 3
8879 1
8880 2
8882 1
8883 1
8884 1
8885 1
8886 2
8887 1
8888 4
8889 1
8890 2
8892 2
8893 1
8894 4
8895 2
8896 1
8897 1
8898 2
8899 2
8900 2
8901 1
8902 1
8903 1
8904 1
8906 2
8908 1
8909 1
8910 1
8912 1
8913 3
8915 1
8917 2
8921 2
8922 1
8923 1
8928 1
8929 1
8930 2
8932 3
8933 1
8934 2
8935 1
8936 1
8937 2
8938 3
8940 2
8941 3
8942 4
8946 2
8948 1
8949 2
8950 1
8951 4
8952 2
8953 1
8954 1
8957 1
8959 1
8962 2
8963 3
8964 1
8965 1
8966 2
8967 2
8969 1
8970 1
8971 2
8973 1
8974 1
8975 1
8976 1
8977 1
8978 2
8979 2
8981 1
8984 1
8985 1
8986 1
8987 2
8988 1
8989 1
8990 1
8992 1
8993 5
8994 1
8995 1
8996 1
8997 2
8998 4
8999 2
9000 4
9001 1
9002 2
9004 2
9005 1
9006 2
9008 1
9009 1
9011 3
9012 1
9013 2
9014 3
9015 1
9016 2
9017 2
9018 1
9019 1
9020 1
9021 3
9022 1
9023 1
9024 4
9025 1
9026 5
9027 2
9028 1
9029 1
9030 2
9031 1
9032 2
9033 2
9035 2
9037 2
9038 2
9043 1
9045 3
9046 2
9048 4
9049 3
9050 2
9055 2
9057 2
9059 2
9060 1
9061 1
9063 2
9065 3
9066 1
9067 3
9068 1
9070 1
9072 1
9073 1
9074 2
9075 3
9076 2
9077 2
9078 1
9080 2
9081 2
9082 2
9083 1
9085 2
9087 1
9088 1
9089 3
9090 1
9091 2
9092 3
9094 1
9096 1
9098 2
9099 2
9101 1
9102 1
9103 1
9104 1
9105 1
9106 1
9107 1
9108 1
9109 2
9110 2
9111 1
9112 1
9113 2
9114 1
9115 1
9116 2
9117 1
9119 4
9120 1
9121 2
9122 1
9123 5
9124 2
9126 2
9128 2
9129 1
9130 2
9131 2
9132 2
9133 1
9134 1
9135 1
9137 3
9139 1
9140 1
9141 3
9142 2
9143 1
9144 4
9148 1
9149 2
9150 2
9151 3
9152 1
9153 1
9154 1
9157 2
9158 1
9161 2
9162 2
9164 1
9166 2
9167 2
9168 2
9169 1
9170 1
9171 2
9172 1
9173 1
9174 1
9175 1
9176 2
9177 2
9178 2
9179 1
9180 2
9181 1
9183 2
9186 3
9187 3
9188 1
9190 1
9194 1
9195 1
9198 2
9200 2
9202 2
9205 2
9206 1
9207 2
9209 3
9210 1
9212 3
9213 1
9214 2
9215 2
9217 2
9218 3
9220 1
9222 1
9223 1
9224 2
9225 1
9229 2
9230 3
9232 3
9233 1
9234 2
9235 2
9237 3
9238 1
9239 3
9240 1
9243 2
9244 2
9245 2
9246 1
9248 1
9249 2
9250 2
9251 1
9253 2
9256 4
9257 1
9258 3
9259 1
9260 1
9262 2
9265 1
9266 1
9268 1
9270 3
9271 1
9272 1
9273 1
9274 2
9278 1
9280 1
9281 2
9283 1
9285 2
9287 1
9288 2
9289 1
9290 2
9291 2
9293 2
9297 2
9298 1
9299 1
9302 1
9304 1
9306 2
9307 1
9308 1
9311 3
9313 1
9315 1
9316 1
9317 1
9318 2
9321 2
9322 1
9323 1
9324 1
9326 2
9327 1
9329 1
9332 2
9333 4
9335 1
9337 1
9338 2
9340 2
9341 4
9342 2
9343 1
9345 1
9346 1
9347 1
9348 2
9350 2
9351 1
9352 1
9353 2
9354 3
9355 3
9356 3
9359 3
9362 4
9363 1
9364 2
9365 1
9366 2
9367 2
9368 2
9370 1
9371 2
9372 1
9373 2
9377 1
9378 1
9379 2
9381 2
9382 1
9383 2
9384 1
9385 1
9386 2
9387 1
9391 2
9392 2
9394 1
9396 3
9397 1
9398 2
9399 1
9400 2
9401 1
9405 1
9407 1
9408 2
9409 1
9411 3
9413 1
9414 1
9415 1
9416 2
9417 2
9418 1
9419 1
9420 1
9423 1
9427 3
9428 2
9429 1
9430 1
9432 1
9434 1
9436 2
9439 1
9440 4
9442 1
9443 3
9444 1
9450 1
9452 1
9453 5
9454 2
9455 1
9457 1
9459 2
9460 1
9463 2
9464 1
9465 2
9466 1
9467 2
9468 2
9469 1
9470 2
9472 2
9473 1
9474 1
9475 4
9476 2
9477 1
9478 1
9479 1
9483 1
9484 1
9485 1
9488 1
9489 1
9490 1
9494 2
9495 1
9498 1
9499 1
9500 1
9501 2
9502 1
9503 3
9504 1
9505 1
9506 2
9507 1
9508 1
9510 1
9511 2
9512 4
9513 1
9514 2
9515 2
9517 2
9518 1
9520 1
9522 1
9525 1
9529 1
9531 1
9532 4
9533 1
9534 2
9536 3
9538 3
9539 1
9542 1
9544 1
9545 3
9547 1
9548 1
9549 1
9550 1
9551 1
9553 2
9554 1
9555 4
9556 1
9557 2
9558 1
9559 1
9561 1
9562 1
9563 2
9568 2
9570 1
9571 2
9572 1
9574 1
9577 1
9578 1
9579 2
9580 1
9581 1
9582 2
9583 1
9584 1
9585 1
9586 1
9587 1
9589 1
9591 2
9592 3
9593 3
9595 1
9596 1
9599 1
9600 1
9601 2
9603 1
9604 1
9608 1
9609 3
9612 1
9613 1
9614 1
9619 1
9623 2
9624 2
9625 1
9626 1
9627 2
9631 1
9632 2
9633 2
9634 1
9635 2
9638 2
9639 2
9640 3
9641 1
9642 2
9643 2
9645 2
9648 2
9649 2
9651 2
9652 1
9655 1
9656 1
9657 2
9658 2
9659 1
9660 1
9661 1
9663 2
9665 1
9667 1
9668 1
9669 1
9671 2
9673 2
9674 1
9675 1
9676 1
9677 1
9678 1
9680 1
9681 1
9684 1
9687 1
9688 2
9689 2
9690 1
9691 1
9694 4
9696 1
9697 1
9698 2
9702 1
9704 2
9705 1
9708 1
9709 2
9711 1
9713 2
9716 1
9717 1
9719 1
9720 2
9723 1
9724 1
9725 2
9726 3
9728 1
9729 2
9730 1
9732 2
9733 1
9735 1
9738 1
9739 2
9740 1
9743 4
9745 1
9747 4
9752 1
9753 1
9754 3
9755 1
9756 1
9757 2
9759 3
9762 1
9763 3
9764 1
9765 2
9766 3
9767 1
9769 1
9770 2
9772 1
9773 2
9775 2
9777 2
9780 1
9781 1
9782 1
9785 1
9786 1
9787 1
9788 3
9791 1
9792 1
9793 1
9795 1
9798 2
9800 1
9801 1
9803 2
9804 1
9805 1
9808 1
9813 2
9814 4
9816 1
9817 3
9818 2
9819 1
9820 1
9821 2
9824 2
9825 3
9826 1
9827 1
9828 2
9829 1
9830 1
9831 1
9833 2
9836 1
9837 2
9838 1
9839 2
9840 1
9842 1
9843 1
9846 1
9848 2
9850 1
9851 1
9852 2
9853 1
9854 1
9855 1
9857 1
9858 2
9859 2
9861 1
9863 1
9864 2
9865 3
9866 2
9867 2
9868 1
9871 1
9874 1
9876 4
9877 1
9878 1
9884 1
9885 1
9886 1
9887 1
9888 1
9890 1
9892 2
9893 3
9896 1
9897 2
9899 2
9901 1
9903 2
9904 1
9906 1
9907 3
9908 2
9909 1
9910 3
9914 1
9915 1
9916 2
9918 1
9921 1
9922 1
9923 2
9924 2
9929 1
9930 4
9933 1
9934 1
9937 1
9939 1
9940 1
9942 1
9944 1
9945 1
9946 1
9947 1
9948 1
9949 1
9950 1
9951 1
9952 1
9955 2
9956 1
9961 1
9963 1
9966 3
9968 1
9969 2
9970 1
9971 2
9972 1
9973 2
9974 2
9976 1
9977 1
9978 1
9981 1
9982 1
9985 1
9987 1
9993 1
9994 2
9996 1
10001 2
10002 1
10004 2
10005 1
10006 1
10007 1
10010 1
10014 1
10018 1
10019 1
10021 1
10022 1
10024 1
10027 1
10031 1
10032 1
10036 1
10038 1
10040 1
10041 2
10043 1
10044 2
10046 2
10050 1
10051 1
10052 1
10054 1
10055 1
10057 1
10060 2
10061 1
10062 1
10063 1
10064 1
10066 1
10067 1
10073 1
10074 1
10075 1
10077 2
10078 1
10079 1
10080 2
10082 2
10085 1
10086 3
10087 1
10088 1
10090 1
10094 1
10095 3
10097 1
10100 1
10101 1
10104 2
10107 1
10110 1
10111 1
10113 2
10114 2
10115 1
10117 1
10119 1
10123 1
10124 3
10125 1
10131 1
10132 1
10134 1
10135 2
10137 2
10142 1
10144 1
10146 1
10148 1
10149 1
10152 1
10155 2
10157 1
10159 2
10162 3
10163 1
10164 1
10166 1
10169 1
10171 1
10172 3
10174 2
10175 2
10178 1
10180 1
10181 1
10182 2
10183 1
10184 1
10187 4
10189 1
10193 1
10194 1
10195 1
10196 2
10206 1
10208 1
10211 1
10215 1
10217 1
10218 1
10219 2
10223 2
10224 1
10226 1
10227 1
10233 2
10234 1
10237 1
10238 1
10239 1
10243 1
10244 1
10245 1
10248 1
10251 1
10252 2
10256 1
10257 1
10259 1
10260 2
10261 2
10262 2
10263 1
10265 1
10267 2
10268 2
10269 1
10272 1
10282 1
10288 2
10290 3
10291 2
10295 2
10297 2
10299 2
10300 1
10301 2
10302 2
10303 1
10304 1
10306 1
10308 1
10309 1
10310 3
10312 2
10313 1
10316 1
10318 3
10319 1
10320 1
10321 3
10322 1
10324 1
10325 2
10326 1
10328 3
10329 1
10330 1
10332 1
10337 2
10338 2
10340 1
10341 1
10343 1
10345 1
10347 1
10352 1
10353 1
10354 1
10356 2
10362 1
10364 1
10367 1
10369 1
10373 1
10375 1
10377 3
10378 1
10379 3
10384 1
10385 2
10386 2
10387 1
10389 1
10392 1
10393 1
10394 2
10408 1
10409 2
10410 2
10411 2
10417 1
10420 2
10422 1
10423 1
10431 1
10432 1
10433 2
10435 1
10439 1
10443 2
10446 1
10447 3
10448 1
10452 2
10453 2
10454 2
10455 2
10456 1
10458 2
10460 3
10461 1
10462 1
10463 1
10464 1
10469 2
10470 1
10471 1
10472 1
10474 1
10475 1
10476 1
10478 1
10481 1
10483 1
10484 1
10485 1
10491 1
10492 1
10493 1
10495 1
10496 1
10497 1
10500 3
10501 1
10503 1
10505 1
10507 1
10508 1
10511 1
10512 1
10513 1
10515 2
10516 1
10520 1
10521 2
10522 1
10524 1
10526 2
10527 1
10529 1
10530 1
10533 1
10534 1
10535 1
10536 1
10538 2
10539 2
10541 2
10543 1
10546 2
10548 2
10549 1
10550 2
10552 1
10554 1
10556 1
10558 1
10559 1
10562 1
10564 1
10565 1
10569 2
10570 1
10571 2
10576 2
10577 1
10581 1
10588 1
10589 1
10590 2
10592 1
10594 1
10600 1
10601 1
10604 1
10607 1
10608 1
10611 1
10616 3
10617 1
10621 1
10622 1
10623 1
10624 1
10625 1
10627 1
10628 2
10629 2
10630 1
10631 1
10635 1
10637 2
10639 1
10641 3
10642 1
10646 2
10650 1
10653 1
10654 1
10656 1
10660 1
10662 1
10667 1
10668 2
10670 1
10672 1
10673 1
10677 2
10679 1
10683 1
10690 1
10691 1
10700 1
10702 1
10704 1
10706 2
10710 2
10713 1
10714 1
10715 1
10716 1
10717 1
10718 2
10719 1
10723 1
10724 1
10727 1
10728 1
10729 1
10730 1
10733 1
10734 1
10735 1
10738 3
10739 1
10740 1
10742 1
10743 1
10744 1
10747 1
10748 1
10749 1
10751 1
10752 1
10754 2
10755 2
10760 1
10761 1
10763 2
10764 1
10767 2
10770 2
10772 2
10773 2
10774 1
10780 1
10781 2
10785 1
10788 1
10789 1
10790 1
10792 2
10798 1
10799 1
10800 2
10801 1
10802 1
10806 1
10808 2
10809 1
10810 1
10811 2
10812 1
10815 2
10822 1
10823 1
10824 1
10826 2
10827 1
10833 1
10834 1
10836 1
10837 1
10839 1
10840 1
10842 1
10843 3
10846 1
10851 2
10853 1
10856 1
10857 1
10864 1
10866 1
10871 1
10874 1
10881 1
10890 2
10892 1
10895 1
10899 1
10907 2
10909 3
10912 1
10913 2
10915 1
10920 1
10922 1
10923 2
10924 1
10927 1
10933 1
10935 1
10940 2
10942 1
10946 1
10948 1
10952 1
10954 1
10957 1
10958 2
10961 1
10962 1
10964 1
10965 1
10969 1
10971 1
10973 1
10975 1
10976 1
10982 1
10983 1
10984 2
10985 1
10986 1
10987 1
10989 1
10990 1
10993 2
10994 2
10997 1
11019 1
11036 1
11037 2
11039 1
11044 2
11045 1
11046 1
11054 1
11057 1
11061 1
11062 2
11063 2
11064 1
11067 1
11069 1
11071 1
11073 1
11081 1
11083 1
11085 2
11089 1
11093 1
11096 3
11097 1
11101 1
11107 2
11112 1
11116 1
11119 1
11123 1
11130 2
11134 1
11136 1
11138 1
11139 1
11141 1
11142 1
11149 1
11150 1
11153 2
11154 1
11158 1
11159 1
11160 1
11163 1
11166 1
11167 1
11168 1
11177 1
11181 1
11182 1
11184 1
11189 1
11192 2
11196 1
11198 2
11200 1
11202 1
11208 1
11211 1
11212 1
11213 1
11214 1
11216 1
11220 1
11222 1
11227 1
11236 1
11238 1
11239 1
11242 2
11243 1
11244 1
11248 1
11253 1
11259 1
11261 1
11264 1
11268 1
11269 1
11271 2
11277 1
11283 1
11285 1
11286 2
11296 1
11303 2
11307 1
11308 1
11310 1
11313 1
11319 1
11321 1
11322 2
11324 1
11330 1
11331 2
11341 1
11347 1
11348 1
11349 1
11355 1
11356 1
11357 1
11358 1
11361 1
11366 1
11367 1
11368 1
11369 1
11370 1
11371 1
11374 1
11376 1
11377 2
11381 2
11384 2
11388 1
11391 1
11397 1
11398 1
11399 2
11403 1
11406 1
11409 1
11410 1
11418 1
11420 1
11421 1
11422 1
11423 1
11424 1
11425 1
11429 1
11430 2
11432 1
11437 1
11438 2
11439 2
11440 1
11444 1
11445 1
11455 1
11458 1
11459 1
11466 1
11469 1
11470 1
11471 1
11472 1
11473 1
11474 2
11481 2
11484 1
11490 1
11497 1
11500 1
11502 1
11503 1
11504 1
11506 1
11509 1
11518 1
11520 1
11526 1
11530 1
11531 1
11539 1
11541 2
11542 1
11543 1
11544 1
11548 1
11549 1
11550 2
11551 1
11552 2
11556 2
11559 2
11560 1
11564 2
11568 1
11571 1
11573 1
11575 2
11576 1
11577 1
11580 2
11582 1
11583 1
11586 1
11587 1
11589 2
11590 1
11591 1
11595 1
11599 1
11606 2
11613 3
11615 2
11616 1
11618 2
11619 1
11621 1
11622 1
11625 1
11626 1
11630 2
11636 1
11642 2
11644 1
11646 1
11649 1
11651 1
11661 1
11662 1
11666 1
11670 1
11675 2
11676 1
11680 2
11682 1
11685 1
11687 1
11690 1
11691 2
11692 1
11696 1
11699 1
11711 1
11718 1
11719 2
11723 1
11725 1
11727 2
11728 1
11734 1
11735 1
11737 1
11741 1
11743 1
11744 1
11745 1
11746 1
11749 1
11750 1
11751 1
11756 1
11761 2
11768 3
11771 1
11774 1
11778 1
11779 1
11780 1
11781 1
11783 1
11786 1
11788 2
11790 1
11791 1
11796 1
11800 1
11804 1
11811 1
11813 1
11815 1
11824 1
11826 2
11832 2
11833 1
11835 2
11836 1
11841 1
11845 2
11848 1
11853 1
11859 1
11860 1
11862 1
11867 1
11871 1
11874 1
11880 1
11891 1
11892 3
11897 2
11899 1
11901 1
11904 1
11906 3
11908 1
11911 1
11912 2
11913 1
11914 1
11918 1
11920 1
11921 1
11928 1
11931 1
11933 1
11935 1
11936 1
11940 2
11946 1
11955 2
11956 1
11960 1
11966 1
11968 1
11978 1
11981 1
11989 2
11994 1
11998 1
11999 1
12000 1
12009 1
12010 1
12013 1
12020 2
12024 1
12034 1
12035 1
12037 1
12046 1
12056 1
12061 1
12070 1
12072 1
12076 1
12090 1
12094 1
12095 1
12100 1
12101 1
12107 1
12110 1
12111 1
12117 1
12123 1
12126 1
12128 1
12133 1
12137 1
12149 1
12153 1
12156 1
12160 1
12165 2
12169 1
12171 2
12173 1
12175 1
12180 1
12201 1
12202 1
12204 2
12205 2
12208 1
12213 1
12217 1
12218 1
12226 1
12230 1
12239 1
12240 1
12246 1
12247 2
12259 1
12262 1
12266 1
12273 4
12279 1
12281 1
12282 1
12287 1
12291 1
12298 1
12301 2
12302 1
12304 2
12309 2
12315 1
12317 1
12318 1
12323 1
12324 1
12327 1
12328 2
12332 1
12339 1
12341 1
12342 1
12347 1
12351 1
12352 1
12362 1
12363 2
12365 1
12367 1
12378 1
12384 1
12385 1
12387 1
12390 2
12394 1
12410 1
12416 1
12427 1
12430 1
12437 1
12438 2
12441 1
12457 1
12461 1
12463 1
12466 1
12472 1
12476 1
12477 1
12484 1
12491 1
12494 1
12506 1
12518 1
12521 1
12525 1
12532 3
12534 1
12535 1
12555 1
12558 2
12562 1
12565 1
12576 1
12582 1
12600 1
12604 1
12607 1
12609 1
12610 1
12614 1
12618 1
12620 1
12622 1
12634 1
12642 1
12648 1
12653 1
12667 1
12673 2
12675 1
12677 2
12682 1
12686 1
12691 1
12698 1
12708 1
12715 1
12732 1
12749 1
12752 2
12754 1
12755 1
12759 1
12774 1
12782 1
12792 1
12808 1
12821 1
12822 1
12824 1
12828 1
12829 2
12839 1
12851 1
12853 1
12865 1
12874 1
12906 1
12908 1
12911 1
12915 1
12919 1
12925 1
12926 1
12929 1
12955 1
12956 1
12966 1
12969 2
12981 1
12989 1
12996 1
12998 1
13001 1
13002 1
13004 2
13013 1
13017 1
13036 1
13040 1
13042 1
13045 1
13046 1
13049 1
13051 1
13057 1
13058 1
13065 1
13066 1
13071 1
13078 1
13095 1
13115 1
13120 1
13123 1
13126 1
13132 1
13142 2
13146 1
13157 1
13158 1
13161 1
13164 1
13196 1
13202 1
13209 1
13219 1
13242 1
13243 1
13244 1
13266 2
13270 2
13290 1
13294 1
13297 1
13305 1
13307 1
13316 1
13323 1
13341 1
13353 1
13361 1
13375 1
13402 1
13407 1
13408 1
13415 1
13417 1
13421 1
13444 1
13445 1
13449 2
13465 1
13466 1
13485 2
13495 1
13501 1
13505 1
13507 1
13518 1
13524 1
13532 1
13543 1
13545 2
13546 1
13548 1
13554 1
13566 1
13574 1
13594 1
13606 1
13620 1
13629 2
13638 1
13649 1
13651 1
13667 1
13670 1
13683 1
13685 1
13691 1
13704 1
13720 1
13734 1
13746 1
13752 1
13760 1
13772 1
13793 1
13797 1
13801 1
13802 1
13811 1
13836 1
13848 1
13855 1
13858 1
13867 1
13871 1
13872 1
13875 1
13878 1
13881 1
13883 1
13892 1
13923 1
13934 1
13954 1
13957 1
13971 1
13978 1
13981 1
13983 1
14010 2
14020 1
14033 1
14042 1
14044 1
14047 1
14066 1
14076 1
14080 1
14097 1
14141 1
14144 1
14168 1
14172 1
14183 1
14193 1
14196 2
14200 1
14209 1
14210 1
14220 1
14221 1
14253 1
14269 2
14276 1
14286 1
14295 1
14303 1
14307 1
14315 1
14319 1
14332 2
14358 1
14366 1
14373 1
14378 1
14394 1
14408 1
14415 1
14419 1
14429 1
14433 1
14506 1
14532 1
14579 1
14581 1
14583 1
14585 1
14598 1
14608 1
14622 1
14637 1
14668 1
14678 1
14698 1
14700 1
14703 1
14729 1
14762 1
14770 1
14794 1
14802 1
14812 1
14815 1
14833 1
14841 1
14849 1
14861 1
14862 1
14885 1
14887 1
14889 1
14917 1
14939 1
14944 1
14945 1
14972 1
14977 1
14986 1
15007 1
15012 1
15018 1
15038 1
15052 1
15065 1
15070 2
15072 1
15079 1
15099 1
15102 1
15105 1
15109 1
15113 1
15122 1
15142 1
15158 1
15186 1
15212 1
15227 1
15252 1
15259 1
15263 1
15283 1
15285 1
15293 1
15300 1
15309 1
15310 1
15320 1
15339 1
15369 1
15374 1
15428 1
15432 1
15446 1
15469 1
15480 1
15493 1
15523 1
15554 1
15568 1
15602 1
15622 1
15623 1
15633 1
15635 1
15641 1
15695 1
15738 1
15827 1
15890 1
15898 1
15954 1
15964 1
15966 1
16057 1
16058 1
16068 1
16099 1
16101 1
16132 1
16149 1
16162 1
16190 1
16212 1
16244 1
16246 1
16280 1
16306 1
16324 1
16369 1
16372 1
16384 1
16418 1
16456 1
16480 1
16577 1
16582 1
16606 1
16624 1
16677 1
16725 1
16774 1
16819 1
16839 1
16841 1
16842 1
16851 1
16858 1
16882 1
16942 1
16953 1
17141 1
17167 1
17168 2
17170 1
17198 1
17253 1
17263 1
17286 1
17325 1
17337 1
17381 1
17416 1
17425 1
17428 1
17432 1
17434 1
17462 1
17505 1
17534 1
17544 1
17573 1
17608 1
17688 1
17699 1
17721 1
17747 1
17763 1
17830 1
17911 1
17941 1
17964 1
17985 1
17998 1
18099 1
18268 1
18269 1
18270 2
18315 1
18334 1
18357 1
18481 1
18534 1
18553 1
18572 1
18591 1
18660 1
18731 1
18787 1
18837 1
19044 1
19057 1
19152 1
19169 1
19185 1
19218 1
19222 1
19242 1
19301 1
19324 1
19349 1
19465 1
19526 1
19637 1
19774 1
19827 1
19875 1
19898 1
20074 1
20192 1
20244 1
20417 1
20496 1
20563 1
20579 1
20617 1
20626 1
20633 1
20676 1
20720 1
20786 1
20851 1
20863 1
20881 1
21203 1
21226 1
21293 1
21692 1
22085 1
22175 1
22230 1
22315 1
22323 1
22361 1
22422 1
23251 1
23269 1
23354 1
23471 1
24441 1
24486 1
24516 1
24721 1
24792 1
25107 1
25439 1
26472 1
26941 1
27866 1
28492 1
28741 1
28848 1
29006 1
29054 1
29409 1
29527 1
30723 1
32062 1
32406 1
32922 1
