44 1
45 31
46 268
47 751
48 1115
49 1260
50 2343
51 4296
52 4946
53 5158
54 5388
55 6033
56 6502
57 7092
58 7564
59 7649
60 7676
61 7664
62 7910
63 7711
64 7635
65 8118
66 8307
67 8570
68 8759
69 9227
70 9335
71 9639
72 10219
73 10990
74 11667
75 12724
76 13399
77 13672
78 14052
79 13761
80 13853
81 14366
82 14631
83 14772
84 14495
85 14312
86 14277
87 14043
88 13842
89 13879
90 14022
91 14253
92 14483
93 14481
94 14478
95 14870
96 15168
97 15526
98 16067
99 16178
100 16241
101 16557
102 16745
103 16750
104 16795
105 17067
106 17067
107 16957
108 17144
109 17540
110 17931
111 17511
112 17224
113 17271
114 17330
115 17037
116 17036
117 17195
118 17307
119 17114
120 16980
121 17652
122 18093
123 18475
124 18736
125 19513
126 20894
127 21703
128 24985
129 24944
130 23464
131 22621
132 22466
133 21265
134 21166
135 21677
136 21489
137 21458
138 20785
139 20499
140 19956
141 19409
142 19285
143 19021
144 18994
145 18838
146 18771
147 18778
148 19111
149 19357
150 19406
151 19298
152 19133
153 19206
154 18778
155 18480
156 18422
157 18731
158 18791
159 18338
160 18459
161 17951
162 18083
163 17759
164 17874
165 17857
166 17640
167 17289
168 16974
169 17149
170 16817
171 16536
172 16244
173 15620
174 15535
175 15637
176 14974
177 14855
178 14669
179 14421
180 13947
181 13868
182 13771
183 13614
184 13845
185 13473
186 13322
187 13185
188 13177
189 12949
190 12826
191 12544
192 12839
193 12830
194 12827
195 12677
196 12673
197 12944
198 12892
199 12786
200 12515
201 12874
202 12284
203 12311
204 12333
205 12564
206 12472
207 12364
208 12388
209 12475
210 12334
211 12403
212 12640
213 12639
214 12198
215 12280
216 11944
217 12290
218 12280
219 12083
220 11959
221 11559
222 11422
223 11629
224 11366
225 11022
226 11170
227 11078
228 10846
229 10928
230 10810
231 10732
232 10507
233 10550
234 10563
235 10269
236 10200
237 10124
238 10012
239 9761
240 9871
241 9836
242 9770
243 9582
244 9319
245 9080
246 8878
247 8725
248 8696
249 8675
250 8619
251 8486
252 8360
253 8108
254 8091
255 8100
256 8017
257 8037
258 7798
259 7702
260 7657
261 7432
262 7499
263 7328
264 7303
265 7022
266 7036
267 7089
268 7037
269 6931
270 6901
271 6891
272 6741
273 6616
274 6555
275 6397
276 6411
277 6425
278 6355
279 6183
280 6312
281 6134
282 6180
283 6144
284 6056
285 5802
286 6198
287 6012
288 5777
289 5751
290 5715
291 5680
292 5645
293 5639
294 5616
295 5550
296 5527
297 5443
298 5425
299 5389
300 5278
301 5365
302 5083
303 5115
304 5258
305 5178
306 5006
307 5090
308 4950
309 4782
310 4844
311 4872
312 4906
313 4699
314 4702
315 4804
316 4647
317 4666
318 4703
319 4689
320 4691
321 4695
322 4385
323 4471
324 4332
325 4369
326 4262
327 4198
328 4189
329 4153
330 4146
331 4092
332 4103
333 3994
334 3922
335 3941
336 4009
337 3858
338 3742
339 3843
340 3870
341 3712
342 3827
343 3649
344 3882
345 3762
346 3930
347 3661
348 3619
349 3549
350 3436
351 3491
352 3438
353 3402
354 3475
355 3432
356 3422
357 3418
358 3333
359 3363
360 3255
361 3247
362 3198
363 3149
364 3167
365 3151
366 3169
367 3112
368 3059
369 3023
370 3007
371 3109
372 3010
373 2883
374 2898
375 2909
376 2839
377 2763
378 2854
379 2841
380 2724
381 2724
382 2674
383 2717
384 2666
385 2656
386 2687
387 2634
388 2625
389 2656
390 2666
391 2623
392 2533
393 2556
394 2572
395 2539
396 2619
397 2469
398 2522
399 2472
400 2484
401 2437
402 2391
403 2434
404 2358
405 2377
406 2384
407 2369
408 2373
409 2350
410 2375
411 2239
412 2218
413 2253
414 2205
415 2184
416 2258
417 2313
418 2155
419 2049
420 2077
421 2048
422 2160
423 2058
424 2056
425 2080
426 2065
427 2112
428 2062
429 2057
430 1999
431 2052
432 2069
433 1914
434 2094
435 1918
436 1882
437 1955
438 1847
439 1965
440 1851
441 1871
442 1818
443 1873
444 1848
445 1809
446 1735
447 1749
448 1766
449 1719
450 1741
451 1780
452 1690
453 1786
454 1762
455 1632
456 1817
457 1695
458 1676
459 1706
460 1652
461 1640
462 1625
463 1612
464 1566
465 1650
466 1621
467 1601
468 1582
469 1563
470 1559
471 1531
472 1611
473 1595
474 1603
475 1573
476 1488
477 1473
478 1461
479 1481
480 1457
481 1527
482 1442
483 1412
484 1464
485 1428
486 1424
487 1396
488 1422
489 1433
490 1398
491 1340
492 1361
493 1316
494 1293
495 1312
496 1290
497 1291
498 1335
499 1317
500 1304
501 1307
502 1294
503 1297
504 1241
505 1244
506 1244
507 1261
508 1280
509 1254
510 1186
511 1208
512 1274
513 1255
514 1240
515 1225
516 1236
517 1231
518 1186
519 1157
520 1158
521 1144
522 1033
523 1131
524 1081
525 1089
526 1086
527 1118
528 1108
529 1095
530 1048
531 1048
532 1087
533 1076
534 992
535 1002
536 1042
537 1071
538 974
539 1011
540 973
541 1015
542 959
543 1008
544 950
545 998
546 971
547 983
548 953
549 932
550 1007
551 985
552 972
553 974
554 914
555 893
556 951
557 903
558 857
559 887
560 858
561 884
562 902
563 872
564 871
565 895
566 873
567 900
568 859
569 813
570 833
571 884
572 786
573 812
574 828
575 792
576 793
577 778
578 851
579 802
580 776
581 793
582 799
583 792
584 734
585 779
586 804
587 741
588 781
589 742
590 736
591 730
592 703
593 683
594 738
595 684
596 739
597 723
598 685
599 738
600 677
601 645
602 699
603 653
604 723
605 691
606 709
607 693
608 705
609 601
610 677
611 655
612 655
613 671
614 607
615 666
616 647
617 630
618 658
619 626
620 582
621 617
622 591
623 635
624 633
625 638
626 574
627 557
628 613
629 624
630 570
631 590
632 567
633 581
634 598
635 556
636 594
637 586
638 561
639 552
640 567
641 573
642 550
643 519
644 523
645 520
646 532
647 528
648 526
649 506
650 480
651 511
652 555
653 522
654 509
655 551
656 561
657 499
658 491
659 501
660 489
661 500
662 506
663 508
664 463
665 494
666 463
667 487
668 503
669 476
670 470
671 479
672 495
673 449
674 453
675 469
676 444
677 476
678 452
679 442
680 427
681 438
682 466
683 384
684 430
685 464
686 430
687 421
688 426
689 436
690 400
691 447
692 426
693 417
694 458
695 417
696 406
697 439
698 425
699 392
700 410
701 381
702 399
703 391
704 420
705 379
706 341
707 373
708 371
709 396
710 351
711 390
712 374
713 360
714 389
715 361
716 373
717 383
718 375
719 380
720 383
721 347
722 352
723 367
724 393
725 365
726 376
727 382
728 370
729 343
730 338
731 328
732 329
733 336
734 383
735 353
736 360
737 325
738 381
739 325
740 347
741 378
742 330
743 328
744 341
745 326
746 307
747 374
748 322
749 365
750 341
751 358
752 325
753 312
754 329
755 335
756 348
757 312
758 331
759 317
760 314
761 345
762 319
763 318
764 333
765 309
766 326
767 309
768 301
769 335
770 319
771 290
772 309
773 293
774 319
775 345
776 290
777 310
778 298
779 322
780 283
781 292
782 274
783 287
784 258
785 284
786 282
787 261
788 298
789 266
790 266
791 269
792 277
793 268
794 296
795 296
796 298
797 296
798 276
799 269
800 268
801 266
802 238
803 232
804 292
805 282
806 257
807 279
808 288
809 261
810 243
811 253
812 275
813 279
814 235
815 256
816 231
817 246
818 251
819 254
820 236
821 215
822 235
823 247
824 234
825 243
826 232
827 254
828 245
829 255
830 220
831 237
832 234
833 212
834 229
835 225
836 214
837 222
838 212
839 223
840 216
841 239
842 241
843 205
844 212
845 201
846 212
847 226
848 218
849 197
850 203
851 203
852 182
853 222
854 193
855 200
856 187
857 204
858 243
859 180
860 191
861 196
862 220
863 207
864 198
865 180
866 197
867 200
868 197
869 197
870 178
871 196
872 192
873 186
874 179
875 168
876 189
877 171
878 187
879 160
880 181
881 196
882 166
883 174
884 163
885 202
886 201
887 168
888 175
889 174
890 187
891 204
892 165
893 156
894 181
895 171
896 181
897 167
898 172
899 157
900 182
901 165
902 162
903 149
904 162
905 163
906 163
907 158
908 165
909 186
910 147
911 150
912 141
913 146
914 161
915 152
916 148
917 154
918 170
919 146
920 151
921 157
922 161
923 115
924 151
925 149
926 141
927 134
928 147
929 147
930 159
931 145
932 159
933 146
934 139
935 129
936 148
937 144
938 146
939 135
940 153
941 148
942 144
943 114
944 143
945 133
946 125
947 147
948 128
949 149
950 120
951 123
952 129
953 139
954 157
955 142
956 120
957 160
958 147
959 119
960 125
961 144
962 149
963 120
964 124
965 124
966 111
967 115
968 114
969 133
970 111
971 128
972 127
973 117
974 122
975 115
976 110
977 124
978 124
979 123
980 113
981 117
982 110
983 113
984 111
985 92
986 107
987 104
988 118
989 104
990 113
991 118
992 115
993 98
994 111
995 107
996 104
997 101
998 117
999 113
1000 102
1001 105
1002 112
1003 103
1004 106
1005 123
1006 122
1007 110
1008 120
1009 110
1010 119
1011 112
1012 106
1013 81
1014 109
1015 89
1016 100
1017 109
1018 110
1019 102
1020 102
1021 109
1022 95
1023 95
1024 79
1025 101
1026 84
1027 82
1028 115
1029 87
1030 113
1031 84
1032 98
1033 99
1034 102
1035 112
1036 97
1037 90
1038 82
1039 89
1040 82
1041 84
1042 108
1043 82
1044 93
1045 101
1046 89
1047 92
1048 87
1049 92
1050 78
1051 87
1052 93
1053 105
1054 84
1055 80
1056 67
1057 91
1058 100
1059 79
1060 96
1061 86
1062 93
1063 112
1064 84
1065 83
1066 90
1067 75
1068 95
1069 84
1070 66
1071 100
1072 88
1073 75
1074 87
1075 72
1076 71
1077 82
1078 102
1079 81
1080 66
1081 79
1082 80
1083 66
1084 82
1085 77
1086 60
1087 76
1088 70
1089 68
1090 89
1091 70
1092 74
1093 84
1094 76
1095 84
1096 54
1097 70
1098 65
1099 59
1100 93
1101 95
1102 73
1103 70
1104 65
1105 82
1106 75
1107 79
1108 73
1109 95
1110 74
1111 72
1112 75
1113 75
1114 69
1115 68
1116 75
1117 67
1118 68
1119 69
1120 68
1121 78
1122 76
1123 75
1124 62
1125 69
1126 74
1127 64
1128 76
1129 63
1130 65
1131 68
1132 62
1133 69
1134 63
1135 103
1136 71
1137 54
1138 98
1139 54
1140 71
1141 71
1142 75
1143 65
1144 61
1145 56
1146 66
1147 88
1148 69
1149 63
1150 77
1151 61
1152 64
1153 69
1154 63
1155 51
1156 59
1157 75
1158 57
1159 57
1160 50
1161 60
1162 60
1163 56
1164 61
1165 59
1166 72
1167 51
1168 68
1169 67
1170 61
1171 49
1172 63
1173 61
1174 56
1175 66
1176 58
1177 68
1178 79
1179 57
1180 46
1181 59
1182 71
1183 58
1184 71
1185 63
1186 47
1187 52
1188 55
1189 52
1190 47
1191 58
1192 37
1193 46
1194 53
1195 67
1196 62
1197 57
1198 53
1199 39
1200 53
1201 57
1202 51
1203 52
1204 44
1205 48
1206 50
1207 62
1208 45
1209 48
1210 54
1211 55
1212 49
1213 53
1214 64
1215 46
1216 42
1217 38
1218 61
1219 49
1220 47
1221 64
1222 44
1223 60
1224 50
1225 51
1226 47
1227 52
1228 47
1229 52
1230 50
1231 45
1232 46
1233 52
1234 45
1235 54
1236 52
1237 36
1238 51
1239 46
1240 38
1241 52
1242 39
1243 40
1244 57
1245 49
1246 41
1247 38
1248 44
1249 33
1250 52
1251 47
1252 64
1253 45
1254 49
1255 44
1256 49
1257 54
1258 37
1259 42
1260 48
1261 27
1262 36
1263 35
1264 48
1265 34
1266 38
1267 42
1268 41
1269 42
1270 42
1271 43
1272 50
1273 27
1274 39
1275 43
1276 58
1277 33
1278 56
1279 41
1280 38
1281 46
1282 34
1283 41
1284 30
1285 45
1286 29
1287 40
1288 45
1289 38
1290 45
1291 41
1292 50
1293 40
1294 31
1295 35
1296 35
1297 34
1298 37
1299 36
1300 38
1301 33
1302 39
1303 45
1304 30
1305 50
1306 48
1307 40
1308 33
1309 35
1310 40
1311 33
1312 34
1313 29
1314 40
1315 40
1316 27
1317 33
1318 35
1319 48
1320 34
1321 27
1322 29
1323 33
1324 34
1325 32
1326 34
1327 40
1328 27
1329 34
1330 35
1331 34
1332 39
1333 40
1334 24
1335 35
1336 37
1337 33
1338 33
1339 43
1340 34
1341 23
1342 24
1343 36
1344 27
1345 35
1346 34
1347 27
1348 29
1349 32
1350 30
1351 28
1352 27
1353 35
1354 26
1355 42
1356 33
1357 35
1358 30
1359 25
1360 37
1361 30
1362 36
1363 42
1364 32
1365 29
1366 32
1367 29
1368 26
1369 23
1370 27
1371 25
1372 28
1373 35
1374 27
1375 38
1376 38
1377 29
1378 28
1379 37
1380 27
1381 36
1382 31
1383 31
1384 22
1385 32
1386 25
1387 28
1388 28
1389 30
1390 26
1391 33
1392 32
1393 30
1394 28
1395 28
1396 31
1397 25
1398 30
1399 30
1400 28
1401 23
1402 25
1403 26
1404 34
1405 29
1406 39
1407 32
1408 31
1409 30
1410 26
1411 24
1412 20
1413 22
1414 28
1415 18
1416 23
1417 28
1418 23
1419 16
1420 33
1421 35
1422 26
1423 26
1424 26
1425 34
1426 23
1427 21
1428 33
1429 27
1430 22
1431 23
1432 17
1433 26
1434 31
1435 24
1436 31
1437 23
1438 30
1439 34
1440 20
1441 31
1442 20
1443 26
1444 27
1445 27
1446 20
1447 24
1448 20
1449 34
1450 23
1451 33
1452 34
1453 27
1454 26
1455 25
1456 32
1457 31
1458 25
1459 25
1460 20
1461 18
1462 22
1463 25
1464 28
1465 21
1466 20
1467 18
1468 28
1469 29
1470 24
1471 25
1472 20
1473 22
1474 17
1475 23
1476 30
1477 23
1478 23
1479 19
1480 26
1481 26
1482 19
1483 23
1484 28
1485 24
1486 29
1487 30
1488 19
1489 24
1490 17
1491 28
1492 19
1493 21
1494 23
1495 23
1496 22
1497 26
1498 14
1499 21
1500 16
1501 23
1502 24
1503 19
1504 20
1505 19
1506 20
1507 18
1508 13
1509 24
1510 19
1511 22
1512 20
1513 20
1514 21
1515 19
1516 22
1517 13
1518 18
1519 21
1520 18
1521 15
1522 20
1523 16
1524 24
1525 18
1526 19
1527 23
1528 23
1529 22
1530 19
1531 18
1532 20
1533 18
1534 22
1535 16
1536 21
1537 21
1538 23
1539 17
1540 22
1541 23
1542 21
1543 15
1544 22
1545 21
1546 20
1547 13
1548 22
1549 11
1550 17
1551 19
1552 24
1553 18
1554 18
1555 18
1556 21
1557 15
1558 24
1559 14
1560 19
1561 13
1562 16
1563 9
1564 17
1565 12
1566 17
1567 24
1568 21
1569 18
1570 12
1571 20
1572 21
1573 23
1574 21
1575 14
1576 24
1577 16
1578 13
1579 21
1580 17
1581 17
1582 24
1583 26
1584 8
1585 14
1586 13
1587 14
1588 13
1589 22
1590 20
1591 26
1592 17
1593 12
1594 20
1595 17
1596 16
1597 22
1598 19
1599 20
1600 17
1601 17
1602 16
1603 23
1604 19
1605 13
1606 14
1607 17
1608 21
1609 12
1610 24
1611 16
1612 16
1613 16
1614 17
1615 18
1616 16
1617 17
1618 22
1619 17
1620 11
1621 16
1622 17
1623 17
1624 16
1625 15
1626 18
1627 12
1628 15
1629 14
1630 12
1631 16
1632 17
1633 20
1634 16
1635 14
1636 22
1637 14
1638 16
1639 18
1640 10
1641 18
1642 19
1643 20
1644 17
1645 12
1646 18
1647 14
1648 21
1649 14
1650 13
1651 20
1652 13
1653 14
1654 23
1655 15
1656 7
1657 15
1658 11
1659 7
1660 11
1661 11
1662 11
1663 18
1664 10
1665 18
1666 22
1667 9
1668 12
1669 21
1670 9
1671 16
1672 15
1673 14
1674 13
1675 17
1676 13
1677 14
1678 17
1679 16
1680 15
1681 14
1682 20
1683 11
1684 21
1685 11
1686 14
1687 14
1688 13
1689 12
1690 11
1691 12
1692 10
1693 14
1694 18
1695 16
1696 8
1697 8
1698 18
1699 7
1700 17
1701 15
1702 8
1703 14
1704 8
1705 14
1706 19
1707 15
1708 11
1709 12
1710 12
1711 17
1712 12
1713 7
1714 6
1715 15
1716 14
1717 18
1718 16
1719 17
1720 16
1721 10
1722 8
1723 7
1724 14
1725 9
1726 10
1727 15
1728 11
1729 4
1730 11
1731 12
1732 17
1733 14
1734 10
1735 11
1736 18
1737 15
1738 18
1739 17
1740 16
1741 13
1742 15
1743 15
1744 14
1745 9
1746 14
1747 19
1748 12
1749 15
1750 10
1751 12
1752 10
1753 12
1754 20
1755 12
1756 15
1757 6
1758 9
1759 15
1760 10
1761 20
1762 8
1763 7
1764 17
1765 11
1766 15
1767 8
1768 22
1769 13
1770 11
1771 11
1772 13
1773 14
1774 14
1775 11
1776 10
1777 11
1778 20
1779 13
1780 18
1781 15
1782 11
1783 12
1784 6
1785 16
1786 18
1787 13
1788 11
1789 12
1790 11
1791 9
1792 12
1793 15
1794 10
1795 17
1796 9
1797 8
1798 13
1799 13
1800 12
1801 15
1802 11
1803 10
1804 14
1805 15
1806 10
1807 10
1808 8
1809 10
1810 12
1811 6
1812 10
1813 12
1814 12
1815 12
1816 14
1817 13
1818 14
1819 12
1820 15
1821 17
1822 10
1823 11
1824 19
1825 6
1826 10
1827 11
1828 10
1829 10
1830 9
1831 10
1832 11
1833 11
1834 12
1835 13
1836 16
1837 7
1838 15
1839 15
1840 10
1841 11
1842 14
1843 15
1844 11
1845 6
1846 12
1847 13
1848 11
1849 10
1850 9
1851 11
1852 15
1853 5
1854 10
1855 8
1856 14
1857 9
1858 11
1859 12
1860 23
1861 14
1862 9
1863 8
1864 10
1865 18
1866 16
1867 16
1868 5
1869 13
1870 5
1871 15
1872 7
1873 9
1874 8
1875 8
1876 21
1877 11
1878 7
1879 9
1880 9
1881 11
1882 4
1883 8
1884 8
1885 4
1886 10
1887 9
1888 4
1889 6
1890 12
1891 11
1892 17
1893 10
1894 7
1895 10
1896 11
1897 18
1898 8
1899 9
1900 13
1901 6
1902 11
1903 10
1904 3
1905 11
1906 11
1907 5
1908 7
1909 6
1910 11
1911 15
1912 7
1913 6
1914 11
1915 10
1916 16
1917 11
1918 4
1919 11
1920 9
1921 10
1922 5
1923 10
1924 16
1925 9
1926 9
1927 6
1928 9
1929 10
1930 6
1931 8
1932 8
1933 6
1934 14
1935 8
1936 15
1937 9
1938 9
1939 7
1940 11
1941 10
1942 9
1943 12
1944 8
1945 11
1946 11
1947 6
1948 4
1949 5
1950 10
1951 11
1952 6
1953 12
1954 9
1955 8
1956 10
1957 6
1958 9
1959 6
1960 14
1961 7
1962 13
1963 9
1964 5
1965 14
1966 10
1967 10
1968 8
1969 6
1970 11
1971 7
1972 9
1973 4
1974 9
1975 11
1976 6
1977 5
1978 7
1979 7
1980 13
1981 7
1982 13
1983 7
1984 13
1985 16
1986 7
1987 8
1988 4
1989 7
1990 8
1991 12
1992 8
1993 9
1994 11
1995 12
1996 10
1997 11
1998 6
1999 12
2000 10
2001 16
2002 8
2003 5
2004 12
2005 10
2006 10
2007 6
2008 10
2009 6
2010 8
2011 9
2012 8
2013 6
2014 5
2015 7
2016 13
2017 9
2018 12
2019 6
2020 9
2021 8
2022 8
2023 11
2024 7
2025 8
2026 8
2027 7
2028 9
2029 10
2030 5
2031 15
2032 7
2033 10
2034 4
2035 6
2036 9
2037 5
2038 11
2039 11
2040 9
2041 8
2042 10
2043 15
2044 6
2045 10
2046 8
2047 6
2048 5
2049 10
2050 11
2051 13
2052 5
2053 5
2054 8
2055 6
2056 5
2057 6
2058 11
2059 15
2060 2
2061 3
2062 3
2063 4
2064 10
2065 6
2066 4
2067 11
2068 13
2069 8
2070 3
2071 8
2072 9
2073 11
2074 13
2075 6
2076 12
2077 12
2078 7
2079 7
2080 11
2081 7
2082 13
2083 7
2084 12
2085 7
2086 5
2087 8
2088 5
2089 5
2090 8
2091 8
2092 2
2093 6
2094 7
2095 9
2096 5
2097 7
2098 6
2099 5
2100 6
2101 6
2102 4
2103 7
2104 12
2105 5
2106 6
2107 4
2108 7
2109 3
2110 5
2111 14
2112 5
2113 6
2114 8
2115 9
2116 9
2117 4
2118 8
2119 5
2120 13
2121 12
2122 4
2123 2
2124 9
2125 5
2126 4
2127 9
2128 5
2129 4
2130 12
2131 8
2132 5
2133 5
2134 5
2135 6
2136 7
2137 7
2138 4
2139 7
2140 7
2141 6
2142 6
2143 9
2144 11
2145 10
2146 9
2147 7
2148 3
2149 9
2150 8
2151 7
2152 11
2153 5
2154 10
2155 4
2156 8
2157 8
2158 9
2159 5
2160 4
2161 6
2162 7
2163 2
2164 11
2165 8
2166 5
2167 11
2168 5
2169 9
2170 7
2171 2
2172 7
2173 5
2174 4
2175 10
2176 4
2177 5
2178 8
2179 7
2180 3
2181 4
2182 7
2183 4
2184 3
2185 3
2186 6
2187 6
2188 8
2189 8
2190 5
2191 8
2192 8
2193 7
2194 3
2195 3
2196 5
2197 3
2198 9
2199 4
2200 3
2201 4
2202 10
2203 5
2204 6
2205 10
2206 6
2207 1
2208 11
2209 4
2210 9
2211 4
2212 5
2213 7
2214 4
2215 2
2216 4
2217 4
2218 7
2219 8
2220 3
2221 8
2222 3
2223 6
2224 9
2225 6
2226 7
2227 5
2228 7
2229 9
2230 8
2231 3
2232 6
2233 4
2234 7
2235 7
2236 3
2237 5
2238 9
2239 6
2240 8
2241 5
2242 1
2243 8
2244 4
2245 8
2246 8
2247 6
2248 7
2249 6
2250 4
2251 3
2252 6
2253 5
2254 4
2255 7
2256 3
2257 4
2258 4
2259 12
2260 3
2261 6
2262 5
2263 4
2264 15
2265 9
2266 5
2267 8
2268 2
2269 3
2270 3
2271 7
2272 7
2273 3
2274 6
2275 5
2276 4
2277 6
2278 10
2279 8
2280 2
2281 4
2282 11
2283 1
2284 5
2285 8
2286 4
2287 5
2288 6
2289 5
2290 4
2291 5
2292 3
2293 4
2294 6
2295 8
2296 5
2297 8
2298 2
2299 7
2300 8
2301 7
2302 8
2303 6
2304 7
2305 5
2306 9
2307 3
2308 4
2309 5
2310 6
2311 6
2312 3
2313 7
2314 8
2315 3
2316 5
2317 3
2318 5
2319 10
2320 5
2321 5
2322 2
2323 4
2324 4
2325 3
2326 5
2327 3
2328 7
2329 4
2330 2
2331 6
2332 9
2333 9
2334 6
2335 6
2336 5
2337 10
2338 3
2339 4
2340 7
2341 6
2342 1
2343 8
2344 2
2345 10
2346 7
2347 6
2348 6
2349 4
2350 6
2351 6
2352 5
2353 4
2354 7
2355 7
2356 13
2357 8
2358 4
2359 6
2360 7
2361 10
2362 6
2363 4
2364 8
2365 3
2366 1
2367 7
2368 9
2369 8
2370 3
2371 3
2372 11
2373 9
2374 6
2375 8
2376 7
2377 5
2378 10
2379 7
2380 5
2381 3
2382 6
2383 8
2384 8
2385 3
2386 8
2387 3
2388 5
2389 8
2390 2
2391 2
2392 4
2393 5
2394 6
2395 9
2396 2
2397 5
2398 11
2399 4
2400 5
2401 5
2402 3
2403 5
2404 3
2405 3
2406 9
2407 6
2408 4
2409 3
2410 2
2411 5
2412 7
2413 4
2414 10
2415 7
2416 4
2417 7
2418 2
2420 5
2421 4
2422 4
2423 7
2424 6
2425 4
2426 3
2427 8
2428 5
2429 3
2430 6
2431 4
2432 7
2433 7
2434 6
2435 6
2436 3
2437 7
2438 3
2439 7
2440 6
2441 5
2442 5
2443 6
2444 3
2445 5
2446 6
2447 4
2448 2
2449 2
2450 7
2451 5
2452 7
2453 2
2454 7
2455 4
2456 7
2457 6
2458 5
2459 7
2460 5
2461 6
2462 1
2463 3
2464 4
2465 9
2466 3
2467 2
2468 3
2469 3
2470 8
2471 8
2472 8
2473 4
2474 8
2475 6
2476 7
2477 4
2478 8
2479 4
2480 5
2481 7
2482 1
2483 4
2484 7
2485 8
2486 3
2487 3
2488 4
2489 8
2490 7
2491 4
2492 5
2493 3
2494 2
2495 3
2496 5
2497 6
2498 5
2499 7
2500 7
2501 5
2502 4
2503 4
2504 5
2506 8
2507 5
2508 3
2509 6
2510 7
2511 6
2512 4
2513 5
2514 5
2515 8
2516 6
2517 10
2518 8
2519 6
2520 5
2521 5
2522 6
2523 6
2524 4
2525 7
2526 3
2527 6
2528 7
2529 3
2530 2
2531 2
2532 5
2533 5
2534 7
2535 2
2536 3
2537 7
2538 10
2539 1
2540 7
2541 4
2542 3
2543 4
2544 12
2545 6
2546 3
2547 7
2548 8
2549 11
2550 5
2551 6
2552 4
2553 5
2554 10
2555 4
2556 7
2557 6
2558 4
2559 1
2560 4
2561 7
2562 2
2563 3
2564 7
2565 3
2566 3
2567 3
2568 5
2569 9
2570 5
2571 4
2572 10
2573 2
2574 5
2575 7
2576 3
2577 4
2578 6
2579 7
2580 6
2581 6
2582 6
2583 5
2584 6
2585 7
2586 6
2587 6
2588 4
2589 4
2590 4
2591 9
2592 5
2593 5
2594 4
2595 2
2596 6
2597 5
2598 3
2599 7
2600 2
2601 3
2602 5
2603 10
2604 5
2605 5
2606 6
2607 5
2608 3
2609 2
2610 6
2611 4
2612 11
2613 11
2614 7
2615 6
2616 6
2617 3
2618 5
2619 3
2620 6
2621 9
2622 4
2623 10
2624 3
2625 5
2626 4
2627 6
2628 6
2629 7
2630 10
2631 14
2632 2
2633 3
2634 1
2635 11
2636 4
2637 7
2638 7
2639 4
2640 2
2641 4
2642 3
2643 6
2644 4
2645 4
2646 2
2647 6
2648 6
2649 6
2650 10
2651 2
2652 5
2653 15
2654 6
2655 7
2656 4
2657 7
2658 10
2659 4
2660 3
2661 2
2662 4
2663 4
2664 5
2665 5
2666 7
2667 8
2668 3
2669 5
2670 5
2671 2
2672 5
2673 4
2674 4
2675 2
2676 5
2677 6
2678 6
2679 4
2680 2
2681 2
2682 4
2683 4
2684 9
2685 3
2686 4
2687 7
2688 7
2689 5
2690 8
2691 10
2692 3
2693 2
2694 6
2695 10
2696 5
2697 4
2698 9
2699 4
2700 7
2701 9
2702 5
2703 4
2704 4
2705 4
2706 3
2707 5
2708 4
2709 7
2710 8
2711 4
2712 2
2713 6
2714 3
2715 5
2716 7
2717 8
2718 7
2719 8
2720 2
2721 7
2722 7
2723 2
2724 7
2725 10
2726 5
2727 5
2728 8
2729 4
2730 3
2731 8
2732 4
2733 4
2734 6
2735 3
2736 5
2737 5
2738 5
2739 7
2740 6
2741 5
2742 2
2743 5
2744 6
2745 7
2746 8
2747 4
2748 3
2749 5
2750 5
2751 6
2752 3
2753 5
2754 3
2755 5
2756 6
2757 2
2758 2
2759 4
2760 3
2761 2
2762 5
2763 3
2764 3
2765 3
2766 7
2767 6
2768 3
2769 3
2770 6
2771 5
2772 6
2773 5
2774 6
2775 2
2776 1
2777 4
2778 5
2779 6
2780 7
2781 6
2782 6
2783 3
2784 6
2785 3
2786 4
2787 4
2788 5
2789 7
2790 4
2791 5
2792 6
2793 4
2794 4
2795 8
2796 4
2797 4
2798 4
2799 2
2800 4
2801 1
2802 2
2803 3
2804 5
2805 6
2806 3
2807 5
2808 4
2809 5
2810 3
2811 6
2812 9
2813 1
2814 7
2815 3
2816 6
2817 6
2818 7
2819 4
2820 4
2821 3
2822 2
2823 7
2824 8
2825 7
2826 2
2827 5
2828 6
2829 7
2830 3
2831 3
2832 8
2833 6
2834 7
2835 6
2836 9
2837 4
2838 4
2839 5
2840 3
2841 9
2842 4
2843 2
2844 4
2845 8
2846 4
2847 3
2848 7
2849 5
2850 2
2851 4
2852 2
2853 1
2854 5
2855 5
2856 7
2857 4
2858 6
2859 4
2860 2
2861 6
2862 2
2863 4
2864 2
2865 2
2866 3
2867 4
2868 1
2869 6
2870 3
2871 5
2872 3
2873 6
2874 3
2875 3
2876 4
2877 4
2878 6
2879 5
2880 2
2881 5
2882 2
2883 3
2884 4
2885 6
2886 4
2887 6
2888 6
2889 6
2890 4
2891 5
2892 6
2893 4
2894 5
2895 1
2896 6
2897 4
2898 5
2899 3
2900 2
2901 4
2902 8
2903 2
2904 4
2905 8
2906 3
2907 6
2908 6
2909 7
2910 2
2911 3
2912 7
2913 3
2914 7
2915 1
2916 6
2917 2
2918 5
2919 4
2920 9
2921 4
2922 6
2923 8
2924 5
2925 6
2926 2
2927 3
2928 2
2929 8
2930 7
2931 2
2932 3
2933 6
2934 6
2935 4
2936 5
2937 6
2938 2
2939 2
2940 8
2941 7
2942 5
2943 4
2944 4
2945 4
2946 6
2947 5
2948 7
2949 2
2950 6
2951 3
2952 4
2953 2
2954 3
2955 5
2956 4
2957 6
2958 3
2959 8
2960 2
2961 5
2962 4
2963 8
2964 2
2965 8
2966 2
2967 7
2968 4
2969 7
2970 8
2971 7
2972 6
2973 3
2974 5
2975 8
2976 5
2977 8
2978 9
2979 4
2980 4
2981 1
2982 3
2983 7
2984 5
2985 3
2986 6
2987 7
2988 4
2989 5
2990 1
2991 7
2992 5
2993 5
2994 5
2995 4
2996 8
2997 8
2998 4
2999 7
3000 5
3001 2
3002 6
3003 8
3004 3
3005 4
3006 1
3007 1
3008 7
3009 7
3010 4
3011 3
3012 5
3013 4
3014 5
3015 5
3016 4
3017 2
3019 8
3020 9
3021 3
3022 1
3023 5
3024 3
3025 7
3026 10
3027 6
3028 11
3029 3
3030 5
3031 4
3032 3
3033 6
3034 5
3035 5
3036 2
3037 5
3038 7
3039 6
3040 4
3041 4
3042 3
3043 5
3044 9
3045 5
3046 5
3047 5
3048 10
3049 7
3050 7
3051 5
3052 9
3053 3
3054 9
3055 8
3056 4
3057 5
3058 3
3059 7
3060 5
3061 8
3062 5
3063 4
3064 2
3065 5
3066 2
3067 4
3068 8
3069 10
3070 6
3071 9
3072 8
3073 3
3074 7
3075 5
3076 4
3077 3
3078 2
3079 9
3080 6
3081 7
3082 10
3083 8
3084 6
3085 7
3086 5
3087 3
3088 6
3089 3
3090 8
3091 6
3092 9
3093 7
3094 1
3095 4
3096 6
3097 5
3098 7
3099 6
3100 7
3101 8
3102 7
3103 8
3104 7
3105 6
3106 3
3107 5
3108 3
3109 5
3110 4
3111 5
3112 6
3113 7
3114 8
3115 7
3116 2
3117 6
3118 6
3119 5
3120 8
3121 3
3122 9
3123 2
3124 9
3125 5
3126 2
3127 6
3128 4
3129 3
3130 6
3131 2
3132 2
3133 9
3134 9
3135 4
3136 9
3137 12
3138 10
3139 6
3140 6
3141 8
3142 2
3144 5
3145 3
3146 9
3147 4
3148 7
3149 5
3150 10
3151 6
3152 8
3153 5
3154 9
3155 4
3156 4
3157 1
3158 3
3159 2
3160 8
3161 4
3162 4
3163 4
3164 7
3165 5
3167 4
3168 3
3169 6
3170 5
3171 5
3172 8
3173 12
3174 8
3175 6
3176 11
3177 6
3178 6
3179 6
3180 6
3181 6
3182 2
3183 7
3184 7
3185 11
3186 6
3187 8
3188 7
3189 6
3190 5
3191 5
3192 4
3193 6
3194 2
3195 3
3196 7
3197 5
3198 7
3199 16
3200 3
3201 2
3202 5
3203 5
3204 7
3205 4
3206 8
3207 3
3208 5
3209 5
3210 4
3211 3
3212 4
3213 5
3214 5
3215 6
3216 9
3217 9
3218 7
3219 7
3220 6
3221 2
3222 5
3223 4
3224 11
3225 9
3226 4
3227 6
3228 11
3229 8
3230 4
3231 7
3232 4
3233 4
3234 6
3235 7
3236 5
3237 4
3238 8
3239 8
3240 4
3241 2
3242 3
3243 6
3244 1
3245 5
3246 3
3247 3
3248 5
3249 6
3250 2
3251 4
3252 8
3253 8
3254 4
3255 8
3256 4
3257 8
3258 6
3259 6
3260 8
3261 9
3262 3
3263 5
3264 5
3265 4
3266 4
3267 4
3268 6
3269 6
3270 9
3271 8
3272 9
3273 6
3274 10
3275 4
3276 7
3277 2
3278 4
3279 5
3280 2
3281 7
3282 4
3283 8
3284 9
3285 4
3286 4
3287 8
3288 7
3289 5
3290 3
3291 4
3292 4
3293 3
3294 9
3295 4
3296 2
3297 4
3298 4
3299 6
3300 5
3301 7
3302 7
3303 4
3304 7
3305 2
3306 4
3307 15
3308 5
3309 6
3310 4
3311 12
3312 5
3313 2
3314 7
3315 9
3316 3
3317 5
3318 5
3319 7
3320 3
3321 5
3322 4
3323 2
3324 6
3325 2
3326 5
3327 10
3328 2
3329 4
3330 4
3331 8
3332 3
3333 7
3334 5
3335 7
3336 9
3337 9
3338 5
3339 9
3340 5
3341 6
3342 9
3343 7
3344 8
3345 8
3346 6
3347 5
3348 5
3349 2
3350 3
3351 10
3352 6
3353 3
3354 7
3355 4
3356 7
3357 9
3358 10
3359 7
3360 1
3361 6
3362 7
3363 2
3364 7
3365 2
3366 1
3367 5
3368 6
3369 6
3370 10
3371 6
3372 9
3373 3
3374 3
3375 4
3376 3
3377 4
3378 3
3379 3
3380 5
3381 7
3382 6
3383 6
3384 10
3385 9
3386 3
3387 8
3388 4
3389 2
3390 6
3391 6
3392 5
3393 4
3394 5
3395 6
3396 8
3397 3
3398 6
3399 6
3400 5
3401 6
3402 3
3403 6
3404 6
3405 6
3406 9
3407 11
3408 4
3409 1
3410 5
3411 9
3412 8
3413 7
3414 3
3415 6
3416 4
3417 2
3418 9
3419 3
3420 8
3421 6
3422 5
3423 6
3424 5
3425 3
3426 7
3427 10
3428 5
3429 2
3430 7
3431 7
3432 3
3433 4
3434 8
3435 5
3436 5
3437 6
3438 14
3439 5
3440 5
3441 4
3442 5
3443 8
3444 3
3445 6
3446 5
3447 7
3448 5
3449 6
3450 4
3451 4
3452 3
3453 5
3454 6
3455 7
3456 5
3457 3
3458 8
3459 5
3460 3
3461 4
3462 4
3463 4
3464 3
3465 5
3466 6
3467 8
3468 6
3469 5
3470 7
3471 6
3472 5
3473 5
3474 1
3475 8
3476 8
3477 7
3478 10
3479 5
3480 7
3482 4
3483 5
3484 3
3485 3
3486 5
3487 7
3488 7
3489 4
3490 8
3491 8
3492 6
3493 9
3494 7
3495 9
3496 9
3497 2
3498 6
3499 7
3500 7
3501 4
3502 4
3503 6
3504 9
3505 6
3506 7
3507 6
3508 5
3509 6
3510 6
3511 3
3512 14
3513 5
3514 1
3515 7
3516 9
3517 4
3518 6
3519 6
3520 10
3521 6
3522 6
3523 7
3524 3
3525 2
3526 6
3527 7
3528 4
3529 5
3530 4
3531 7
3532 5
3533 6
3534 5
3535 6
3536 4
3537 2
3538 10
3539 5
3540 6
3541 3
3542 3
3543 9
3544 4
3545 4
3546 3
3547 4
3548 5
3549 3
3550 3
3551 5
3552 5
3553 6
3554 6
3555 5
3556 6
3557 4
3558 7
3559 7
3560 5
3561 1
3562 3
3563 6
3564 5
3565 9
3566 2
3567 11
3568 4
3569 1
3570 6
3571 4
3572 5
3573 6
3574 8
3575 8
3576 6
3577 3
3578 5
3579 7
3580 3
3581 6
3582 6
3583 5
3584 6
3585 6
3586 7
3587 3
3588 8
3589 7
3590 6
3591 5
3592 2
3593 5
3594 4
3595 3
3596 6
3597 5
3598 6
3599 5
3600 6
3601 7
3602 7
3603 7
3604 5
3605 7
3606 7
3607 2
3608 6
3609 6
3610 5
3611 7
3612 6
3613 4
3614 8
3615 6
3616 5
3617 5
3618 5
3619 2
3620 3
3621 6
3622 7
3623 10
3624 8
3625 8
3626 6
3627 3
3628 6
3629 6
3630 5
3631 3
3632 6
3633 6
3634 8
3635 4
3636 8
3637 7
3638 5
3639 3
3640 7
3641 6
3642 4
3643 6
3644 7
3645 4
3646 5
3647 6
3648 3
3649 3
3650 9
3651 5
3652 4
3653 10
3654 10
3655 5
3656 8
3657 5
3658 3
3659 5
3660 6
3661 3
3662 2
3663 4
3664 6
3665 5
3666 4
3667 9
3668 7
3669 3
3670 4
3671 3
3672 2
3673 7
3674 6
3675 5
3676 3
3677 6
3678 4
3679 6
3680 2
3681 6
3682 3
3683 7
3684 3
3685 7
3686 3
3687 8
3688 5
3689 14
3690 3
3691 2
3692 8
3693 5
3694 6
3695 8
3696 4
3697 4
3698 3
3699 6
3700 2
3701 5
3702 2
3703 7
3704 4
3705 10
3706 5
3707 3
3708 6
3709 5
3710 6
3711 6
3712 6
3713 6
3714 3
3715 3
3716 4
3717 5
3718 7
3719 2
3720 3
3721 6
3722 6
3723 1
3724 8
3725 5
3726 5
3727 4
3728 6
3729 6
3730 8
3731 3
3732 5
3733 3
3734 5
3735 4
3736 4
3737 4
3738 7
3739 5
3740 3
3741 7
3742 7
3743 8
3744 7
3745 6
3746 2
3747 9
3749 6
3750 7
3751 2
3752 3
3753 5
3754 11
3755 2
3756 6
3757 6
3758 2
3759 6
3760 4
3761 4
3762 4
3763 7
3764 1
3765 4
3766 2
3767 1
3768 9
3769 3
3770 4
3771 6
3772 4
3773 3
3774 5
3775 1
3776 9
3777 3
3778 4
3779 3
3780 3
3781 10
3782 7
3783 2
3784 7
3785 2
3786 5
3787 2
3788 6
3789 9
3790 9
3791 4
3792 9
3793 6
3794 6
3795 7
3796 4
3797 7
3798 3
3799 8
3800 1
3801 5
3802 2
3803 3
3804 1
3805 6
3806 9
3808 7
3809 3
3810 3
3811 4
3812 3
3813 5
3814 4
3815 7
3816 6
3817 6
3818 6
3819 5
3820 8
3821 8
3822 4
3823 6
3824 4
3825 9
3826 8
3827 3
3828 1
3829 2
3830 5
3831 2
3832 4
3833 8
3834 7
3835 4
3836 6
3837 5
3838 5
3839 4
3840 5
3841 6
3842 2
3843 8
3844 9
3845 5
3846 4
3847 4
3848 3
3849 6
3850 6
3851 1
3852 5
3853 2
3854 7
3855 8
3856 1
3857 5
3858 4
3859 5
3860 3
3861 4
3862 6
3863 8
3864 1
3865 4
3866 8
3867 9
3868 5
3869 6
3870 4
3871 2
3872 2
3873 8
3874 4
3875 2
3876 2
3877 8
3878 6
3879 3
3880 5
3881 5
3882 1
3883 4
3884 3
3885 4
3886 7
3887 4
3888 6
3889 3
3890 6
3891 4
3892 6
3893 6
3894 3
3895 3
3896 4
3897 8
3898 6
3899 5
3900 3
3901 5
3902 6
3903 1
3904 2
3905 3
3906 3
3908 1
3909 8
3910 3
3911 3
3912 4
3913 2
3914 5
3915 7
3916 5
3917 2
3918 5
3919 3
3920 4
3921 6
3922 4
3923 5
3924 3
3925 2
3926 1
3927 5
3928 6
3929 4
3930 3
3931 3
3932 7
3933 6
3934 2
3935 5
3936 3
3937 5
3938 4
3939 6
3940 4
3941 4
3942 6
3943 3
3944 9
3945 6
3947 5
3948 6
3949 2
3950 5
3951 9
3952 5
3953 9
3954 8
3955 4
3956 3
3957 3
3958 3
3959 5
3960 5
3961 3
3962 3
3963 8
3964 4
3965 5
3966 7
3967 9
3968 5
3969 4
3970 4
3971 3
3972 6
3973 8
3974 1
3975 2
3976 5
3977 6
3978 9
3979 6
3980 4
3981 5
3982 2
3983 4
3984 6
3985 4
3986 7
3987 4
3988 5
3989 8
3990 1
3991 4
3992 5
3993 4
3994 3
3995 5
3996 7
3997 2
3998 6
3999 4
4000 2
4001 4
4002 10
4003 3
4004 2
4005 5
4006 3
4007 4
4008 1
4009 5
4010 5
4011 2
4012 9
4013 3
4014 5
4015 3
4016 9
4017 10
4018 2
4019 7
4020 7
4021 1
4022 6
4023 5
4024 4
4025 5
4026 2
4027 5
4028 8
4029 5
4030 5
4031 4
4032 3
4033 4
4034 4
4035 3
4036 6
4037 4
4038 4
4039 3
4040 3
4041 3
4042 4
4043 7
4044 8
4045 5
4046 1
4047 3
4048 4
4049 2
4050 2
4051 3
4052 7
4053 2
4054 3
4055 3
4056 1
4057 4
4058 8
4059 4
4060 4
4061 8
4062 4
4063 5
4064 5
4065 5
4066 8
4067 6
4068 2
4069 4
4070 6
4071 6
4072 5
4073 5
4074 1
4075 5
4076 1
4077 7
4078 3
4079 8
4080 6
4081 7
4082 3
4083 6
4084 3
4085 3
4086 2
4087 9
4088 5
4089 5
4090 5
4091 5
4092 6
4093 5
4094 1
4095 3
4096 3
4097 4
4098 7
4099 3
4100 2
4101 3
4102 5
4103 6
4104 3
4105 3
4106 5
4107 5
4108 3
4109 7
4110 7
4111 1
4112 4
4113 5
4114 1
4115 4
4116 8
4117 4
4118 7
4119 5
4120 1
4121 3
4122 2
4123 3
4124 4
4125 3
4126 3
4127 2
4128 5
4129 5
4130 6
4131 2
4132 4
4134 9
4135 5
4136 2
4137 1
4138 6
4139 5
4140 2
4141 9
4142 3
4143 3
4144 1
4145 4
4146 2
4147 5
4148 4
4149 3
4150 4
4151 7
4152 2
4153 6
4154 3
4155 4
4156 5
4157 3
4158 9
4159 1
4160 1
4161 4
4162 8
4163 3
4164 1
4166 5
4167 3
4168 2
4169 5
4170 7
4171 2
4172 6
4173 9
4174 7
4175 2
4176 6
4177 1
4178 7
4179 1
4180 1
4181 3
4182 3
4183 2
4184 4
4185 6
4186 4
4187 4
4188 8
4189 5
4190 3
4191 4
4192 5
4193 3
4194 2
4195 8
4196 4
4197 4
4198 4
4199 6
4201 6
4203 4
4204 5
4205 6
4206 3
4207 3
4208 7
4209 6
4210 4
4211 1
4212 2
4213 4
4214 3
4215 2
4216 3
4217 2
4218 5
4219 3
4220 7
4221 1
4222 4
4223 2
4224 5
4225 3
4226 3
4227 8
4228 2
4230 3
4231 5
4232 4
4233 5
4234 4
4235 4
4236 6
4238 6
4239 3
4240 4
4241 2
4242 5
4243 2
4244 5
4246 4
4247 4
4248 5
4249 1
4250 2
4251 2
4252 3
4253 3
4254 3
4255 2
4256 7
4257 3
4258 8
4259 4
4260 6
4261 5
4262 9
4263 2
4264 4
4265 2
4266 8
4267 3
4268 2
4269 6
4270 5
4271 3
4272 6
4273 2
4274 1
4275 3
4276 3
4277 6
4278 6
4279 4
4280 2
4281 8
4282 3
4283 4
4284 2
4285 2
4286 7
4287 1
4288 3
4289 5
4290 4
4291 4
4292 4
4293 3
4294 5
4295 5
4296 7
4297 2
4298 3
4300 2
4301 2
4302 7
4303 5
4304 1
4305 5
4306 5
4308 2
4309 6
4310 3
4311 1
4312 2
4313 5
4314 1
4315 5
4316 2
4317 6
4318 3
4319 1
4320 7
4321 1
4322 3
4323 3
4324 2
4325 1
4326 3
4327 5
4328 1
4329 1
4330 4
4331 4
4332 6
4333 1
4334 1
4335 2
4336 3
4337 1
4338 3
4339 4
4340 1
4341 4
4342 4
4343 4
4344 2
4345 1
4346 5
4347 1
4348 4
4349 3
4350 1
4351 6
4352 8
4353 6
4354 3
4355 5
4356 10
4357 3
4358 7
4359 1
4360 6
4361 5
4362 2
4363 1
4364 3
4365 4
4367 4
4368 6
4369 8
4370 5
4371 5
4372 4
4373 5
4374 5
4375 3
4376 7
4377 8
4378 2
4379 4
4380 2
4381 4
4382 7
4383 4
4384 4
4385 3
4386 3
4388 7
4389 8
4390 3
4391 4
4392 5
4393 3
4394 4
4395 3
4396 3
4397 10
4398 3
4399 6
4400 2
4401 4
4402 3
4403 3
4404 6
4405 1
4406 5
4407 5
4408 7
4409 4
4410 13
4411 5
4412 2
4413 3
4414 3
4415 2
4416 6
4417 3
4418 2
4419 5
4420 3
4421 6
4422 1
4423 4
4424 3
4425 2
4426 2
4427 5
4428 3
4429 6
4430 8
4431 3
4432 4
4433 1
4434 4
4435 4
4436 1
4437 2
4438 4
4439 4
4440 4
4441 5
4442 2
4443 3
4444 2
4445 3
4446 1
4447 2
4448 4
4449 5
4450 1
4451 4
4452 2
4453 2
4454 1
4455 5
4456 2
4457 2
4458 3
4459 6
4460 3
4461 1
4462 1
4463 4
4464 5
4465 2
4466 7
4467 6
4468 2
4469 3
4470 5
4471 5
4472 1
4473 6
4474 4
4475 5
4476 5
4477 4
4478 2
4479 1
4480 8
4481 3
4482 1
4483 2
4485 6
4486 4
4487 3
4488 9
4489 4
4490 8
4491 5
4492 7
4493 1
4494 3
4495 3
4496 1
4497 6
4498 6
4499 5
4500 4
4501 2
4502 4
4503 2
4504 1
4505 2
4506 3
4507 1
4508 3
4509 4
4510 3
4511 7
4512 6
4513 3
4514 3
4515 4
4516 4
4517 2
4518 5
4519 2
4520 7
4521 5
4522 6
4523 8
4524 1
4525 3
4526 5
4527 6
4528 4
4529 3
4531 5
4532 3
4533 4
4534 3
4535 2
4536 3
4537 3
4538 5
4539 2
4540 4
4541 6
4542 3
4544 6
4545 3
4547 3
4548 6
4549 2
4550 6
4551 4
4552 1
4553 4
4554 4
4555 2
4556 4
4557 4
4559 2
4560 5
4561 6
4562 3
4563 5
4564 6
4565 5
4566 4
4567 2
4568 3
4569 1
4570 6
4571 2
4572 1
4573 3
4574 3
4575 4
4576 4
4577 2
4578 4
4579 3
4580 3
4581 2
4582 1
4583 7
4584 3
4585 3
4586 2
4587 3
4588 3
4589 1
4590 2
4591 2
4592 6
4593 4
4594 1
4595 5
4596 5
4597 3
4598 4
4599 3
4600 7
4601 5
4602 7
4603 2
4604 1
4605 5
4606 8
4607 4
4608 5
4609 4
4610 4
4611 2
4612 2
4613 4
4614 4
4615 2
4616 3
4617 3
4618 2
4619 5
4620 2
4621 1
4622 5
4623 2
4624 5
4625 2
4626 4
4627 3
4628 5
4630 2
4631 1
4632 3
4633 5
4634 1
4635 3
4636 2
4637 2
4638 2
4639 3
4640 2
4641 2
4642 6
4643 2
4644 1
4645 3
4646 3
4647 1
4648 4
4649 2
4650 5
4651 5
4652 3
4653 7
4654 7
4655 4
4656 3
4657 2
4658 3
4659 3
4660 1
4661 2
4662 2
4663 6
4664 3
4665 3
4666 4
4667 4
4668 2
4669 3
4670 5
4671 4
4672 3
4673 4
4674 4
4675 4
4676 1
4677 6
4678 4
4679 3
4681 4
4682 7
4683 5
4684 5
4685 6
4686 3
4687 8
4688 4
4689 2
4690 1
4691 1
4692 7
4693 5
4694 4
4695 5
4696 1
4697 4
4698 2
4699 2
4700 5
4701 5
4702 3
4703 5
4704 3
4705 2
4706 5
4707 6
4708 3
4709 3
4711 3
4712 6
4713 3
4714 2
4715 3
4716 2
4717 5
4718 5
4719 1
4720 5
4721 3
4722 1
4724 1
4725 2
4726 3
4727 4
4728 5
4729 2
4730 4
4731 4
4732 1
4733 2
4734 2
4735 2
4736 3
4737 5
4738 1
4739 5
4740 4
4741 4
4742 3
4743 5
4744 1
4746 1
4747 2
4748 1
4749 7
4750 2
4751 1
4752 2
4753 5
4755 2
4756 2
4758 2
4759 3
4760 5
4761 2
4763 4
4764 2
4765 5
4766 2
4767 3
4768 3
4769 2
4770 5
4771 1
4772 2
4773 2
4774 2
4775 3
4776 1
4777 3
4778 4
4779 2
4780 1
4781 2
4782 1
4783 6
4784 4
4785 5
4786 1
4787 3
4789 2
4790 1
4791 2
4792 2
4793 3
4794 3
4795 4
4796 3
4797 5
4799 1
4800 5
4801 4
4802 4
4803 3
4805 2
4806 2
4807 2
4808 1
4809 4
4810 3
4811 8
4812 2
4813 4
4814 3
4815 5
4817 3
4818 3
4819 4
4820 2
4821 5
4822 4
4823 2
4824 1
4825 5
4826 1
4827 1
4828 4
4829 2
4830 4
4831 4
4832 3
4833 3
4834 2
4835 1
4836 6
4837 4
4838 5
4839 2
4841 6
4842 2
4843 2
4844 3
4845 1
4846 5
4848 4
4849 5
4850 4
4851 5
4852 3
4853 4
4854 2
4855 3
4856 1
4857 2
4858 5
4859 2
4860 4
4861 4
4862 1
4863 3
4864 2
4865 1
4866 2
4867 1
4868 6
4869 1
4870 4
4871 2
4872 1
4873 6
4874 3
4875 2
4876 5
4878 1
4879 6
4880 2
4881 4
4882 3
4883 4
4884 5
4885 1
4886 2
4887 2
4888 4
4889 2
4890 3
4891 6
4892 5
4893 1
4894 4
4895 3
4896 3
4897 1
4898 2
4899 3
4900 6
4901 3
4902 1
4903 5
4904 3
4905 1
4906 2
4907 2
4908 2
4909 2
4910 4
4911 2
4912 3
4913 4
4914 3
4915 2
4916 3
4917 3
4918 4
4919 5
4920 2
4921 3
4922 2
4923 2
4924 1
4925 2
4926 2
4927 4
4928 2
4929 2
4930 2
4931 4
4932 2
4933 3
4934 1
4935 5
4936 3
4937 5
4938 1
4939 2
4940 1
4941 4
4942 1
4943 5
4944 4
4945 4
4946 5
4947 4
4948 1
4949 2
4950 3
4952 5
4953 3
4954 3
4955 4
4956 2
4957 2
4958 2
4959 4
4960 3
4961 2
4962 2
4963 4
4964 3
4965 3
4966 4
4967 1
4968 3
4969 4
4970 2
4971 3
4972 2
4973 2
4974 5
4975 4
4976 3
4977 2
4978 2
4979 2
4980 1
4981 6
4983 3
4984 1
4985 4
4986 5
4987 5
4988 2
4989 1
4990 1
4991 1
4992 1
4993 2
4994 1
4995 3
4996 2
4997 1
4998 2
4999 5
5001 4
5002 2
5003 1
5004 1
5005 4
5006 2
5007 1
5008 3
5009 4
5010 2
5011 7
5012 5
5013 5
5016 4
5018 3
5020 2
5021 2
5022 4
5023 5
5024 5
5025 4
5026 4
5027 2
5028 4
5030 2
5031 4
5032 2
5033 5
5035 4
5036 7
5037 2
5038 3
5039 2
5040 3
5041 3
5042 3
5043 2
5044 3
5045 5
5046 2
5047 3
5048 7
5049 3
5050 2
5051 4
5052 2
5053 1
5054 2
5055 3
5056 4
5057 3
5058 2
5059 4
5060 3
5061 2
5063 2
5064 3
5065 3
5066 4
5067 5
5069 2
5070 4
5072 3
5073 3
5075 4
5076 2
5077 4
5078 5
5079 3
5080 3
5081 4
5082 1
5083 3
5084 4
5085 3
5086 5
5087 3
5088 3
5089 3
5090 1
5091 1
5092 4
5093 3
5094 2
5095 2
5096 2
5097 4
5098 2
5100 2
5101 4
5102 2
5103 2
5104 3
5105 1
5106 2
5107 1
5108 3
5109 1
5110 2
5111 3
5112 1
5113 3
5114 2
5115 1
5116 1
5117 2
5118 2
5119 2
5120 1
5121 2
5122 1
5123 2
5124 2
5125 1
5126 5
5127 4
5128 2
5129 5
5130 3
5131 3
5132 1
5134 3
5135 1
5136 2
5137 5
5138 4
5139 3
5140 2
5141 5
5142 5
5143 2
5144 1
5145 5
5146 3
5148 5
5150 6
5151 3
5152 3
5153 3
5154 3
5155 1
5156 5
5157 2
5158 5
5159 5
5160 6
5162 2
5163 1
5164 1
5165 2
5166 2
5167 4
5168 1
5169 2
5170 6
5171 1
5172 7
5173 1
5174 5
5177 2
5178 3
5179 3
5181 2
5182 3
5183 8
5184 1
5185 1
5186 3
5187 2
5189 6
5190 1
5192 2
5193 2
5194 3
5195 2
5196 5
5197 4
5198 3
5199 4
5200 4
5201 4
5202 1
5203 4
5204 3
5206 4
5207 3
5209 6
5210 3
5211 4
5212 3
5213 3
5214 3
5215 2
5216 2
5217 2
5218 3
5219 1
5220 3
5221 2
5222 3
5223 2
5224 2
5227 3
5228 1
5229 2
5230 2
5231 2
5232 2
5233 2
5234 3
5235 1
5236 1
5237 2
5238 2
5239 1
5240 1
5241 2
5242 4
5243 2
5244 1
5245 2
5246 3
5247 2
5248 1
5249 3
5250 7
5251 2
5252 4
5254 2
5255 2
5256 3
5257 4
5258 1
5259 2
5261 2
5262 2
5263 1
5264 3
5265 3
5266 1
5267 2
5268 4
5269 5
5270 1
5271 3
5272 4
5273 3
5274 4
5275 2
5277 3
5278 2
5279 1
5280 2
5281 1
5282 2
5283 3
5285 3
5286 1
5287 4
5288 1
5289 5
5291 5
5292 3
5293 6
5294 4
5295 5
5296 3
5297 1
5299 2
5300 2
5301 4
5302 2
5303 3
5304 4
5305 3
5306 2
5307 1
5308 4
5309 3
5310 4
5311 3
5312 2
5314 2
5315 3
5316 4
5317 1
5318 3
5319 1
5320 2
5323 1
5324 2
5325 1
5326 3
5327 4
5328 2
5329 2
5330 3
5331 2
5332 1
5334 6
5335 2
5336 2
5337 4
5338 1
5339 1
5340 4
5341 2
5342 1
5344 3
5345 2
5346 2
5347 3
5348 2
5349 1
5350 5
5351 1
5352 1
5353 4
5354 2
5355 1
5356 4
5358 1
5359 1
5360 4
5361 2
5362 3
5363 1
5364 2
5365 2
5366 1
5367 2
5368 5
5369 2
5370 1
5371 4
5372 2
5373 2
5374 2
5376 3
5378 2
5379 2
5380 1
5381 3
5382 1
5383 1
5385 6
5386 2
5387 3
5388 2
5389 3
5390 1
5391 4
5392 2
5394 4
5395 1
5396 2
5397 7
5398 3
5399 1
5400 4
5401 5
5402 1
5403 3
5404 1
5405 3
5406 3
5407 4
5408 2
5409 5
5410 3
5411 1
5412 1
5413 1
5414 1
5415 3
5416 2
5417 6
5418 2
5420 3
5421 5
5422 1
5423 4
5424 2
5425 4
5426 3
5427 2
5428 6
5429 2
5430 3
5431 3
5432 2
5433 3
5434 3
5435 2
5438 2
5439 1
5440 4
5441 2
5443 3
5444 2
5445 3
5446 3
5447 2
5448 1
5449 5
5450 2
5451 1
5452 4
5453 2
5454 2
5455 4
5456 4
5457 2
5458 2
5459 2
5460 2
5461 2
5462 1
5463 2
5464 4
5465 2
5467 2
5468 2
5469 1
5470 1
5471 4
5472 2
5473 3
5474 1
5475 3
5476 2
5477 4
5478 2
5479 1
5480 2
5481 1
5482 1
5483 1
5484 3
5486 2
5487 2
5488 1
5490 2
5491 1
5492 1
5493 2
5496 2
5497 1
5498 3
5499 1
5500 2
5501 2
5502 2
5503 2
5504 2
5505 3
5506 3
5508 1
5509 5
5510 2
5511 2
5512 1
5513 1
5514 1
5515 3
5516 2
5517 1
5519 7
5520 6
5521 4
5522 2
5523 1
5524 2
5526 4
5527 3
5528 3
5529 3
5530 5
5531 1
5532 2
5533 5
5535 3
5536 3
5538 5
5539 4
5540 1
5541 5
5544 2
5545 3
5546 1
5547 2
5549 2
5550 4
5551 2
5552 4
5553 3
5555 2
5556 3
5557 3
5558 3
5559 2
5560 2
5561 1
5562 3
5563 2
5564 2
5565 2
5566 3
5568 2
5569 3
5570 4
5571 5
5572 2
5573 3
5574 1
5575 3
5576 3
5577 2
5578 1
5579 3
5580 4
5582 4
5583 4
5584 4
5585 5
5586 1
5587 1
5588 2
5589 1
5591 1
5592 3
5593 3
5594 4
5596 2
5597 2
5598 1
5599 1
5600 2
5601 3
5603 2
5604 4
5605 2
5608 3
5609 3
5610 1
5611 1
5612 1
5613 1
5614 3
5615 3
5616 3
5617 3
5618 5
5619 6
5620 1
5622 2
5623 1
5624 1
5625 4
5626 2
5627 2
5628 5
5629 2
5630 3
5631 3
5632 4
5634 3
5635 2
5636 4
5638 1
5639 3
5640 1
5641 1
5642 3
5643 1
5644 1
5645 3
5646 3
5647 2
5648 1
5649 1
5652 4
5653 2
5654 3
5655 5
5657 1
5658 1
5659 2
5660 1
5661 1
5662 1
5663 2
5665 2
5666 2
5668 1
5670 2
5671 2
5673 1
5674 1
5675 2
5676 1
5677 1
5678 2
5679 3
5680 1
5681 3
5682 4
5683 1
5684 1
5685 3
5686 2
5687 2
5689 1
5690 1
5691 4
5692 2
5694 2
5696 4
5697 2
5698 1
5699 2
5700 1
5701 1
5702 3
5703 5
5704 1
5705 1
5706 2
5707 2
5708 3
5709 1
5710 4
5712 3
5713 3
5714 4
5715 4
5720 6
5721 1
5723 3
5724 1
5725 3
5726 1
5727 2
5728 3
5729 1
5730 2
5731 1
5732 1
5733 6
5734 3
5735 1
5736 1
5737 1
5738 1
5739 3
5740 2
5741 1
5742 1
5743 1
5744 1
5746 1
5747 3
5748 2
5749 1
5750 5
5751 2
5752 2
5753 2
5754 3
5756 1
5759 4
5761 2
5762 1
5763 2
5764 1
5765 2
5766 1
5767 2
5768 2
5769 1
5770 1
5771 3
5772 3
5773 1
5775 2
5776 1
5777 5
5778 3
5779 1
5780 1
5782 1
5783 2
5784 3
5785 2
5786 1
5787 2
5788 3
5789 1
5790 1
5791 1
5792 3
5793 1
5795 3
5797 1
5798 1
5799 2
5800 1
5802 2
5803 1
5805 3
5806 2
5807 2
5809 4
5810 4
5811 3
5812 4
5813 1
5814 1
5815 1
5817 1
5818 4
5819 2
5820 1
5823 3
5824 1
5825 3
5826 4
5830 1
5831 6
5832 2
5834 1
5835 1
5837 1
5839 4
5840 1
5841 1
5842 1
5843 2
5844 1
5846 2
5847 3
5850 5
5851 1
5853 1
5854 2
5855 1
5857 2
5859 4
5861 4
5863 1
5864 1
5866 1
5867 5
5868 2
5869 1
5870 4
5871 1
5872 1
5873 3
5874 3
5875 1
5877 2
5879 3
5880 2
5881 2
5882 4
5883 2
5884 1
5885 1
5886 2
5888 2
5889 3
5892 3
5893 1
5894 3
5895 1
5896 2
5897 2
5898 4
5900 2
5901 1
5902 1
5903 5
5904 1
5906 2
5907 2
5908 2
5909 2
5910 1
5913 2
5914 2
5915 3
5916 1
5917 1
5918 1
5919 1
5920 2
5922 4
5923 2
5924 1
5925 3
5926 1
5927 1
5928 2
5930 1
5931 2
5932 1
5933 3
5934 1
5935 1
5937 3
5940 1
5942 2
5944 2
5945 1
5946 2
5947 5
5948 2
5949 1
5950 4
5951 4
5952 4
5954 4
5955 2
5956 1
5957 2
5958 1
5959 2
5960 3
5961 3
5962 3
5963 1
5964 1
5965 2
5967 1
5969 3
5970 1
5972 5
5973 2
5974 2
5975 1
5976 1
5980 3
5981 2
5982 1
5984 3
5985 2
5986 2
5988 3
5989 1
5990 1
5991 2
5992 2
5993 1
5994 1
5995 1
5996 1
5997 1
5998 3
5999 2
6000 1
6001 1
6002 2
6004 1
6005 2
6007 1
6008 1
6009 1
6011 1
6012 3
6013 2
6014 3
6016 3
6017 1
6018 3
6019 2
6020 2
6021 1
6022 1
6023 3
6024 1
6025 2
6026 1
6027 2
6028 3
6029 2
6030 1
6031 4
6033 3
6035 2
6036 1
6037 1
6038 2
6039 1
6040 3
6041 1
6042 1
6043 1
6044 3
6045 1
6046 2
6047 4
6048 3
6050 1
6051 1
6054 2
6055 1
6056 2
6057 1
6058 3
6059 2
6061 4
6062 1
6063 2
6065 2
6066 2
6067 1
6068 1
6069 3
6070 1
6071 1
6072 3
6073 2
6075 1
6076 2
6077 3
6080 1
6081 1
6082 1
6083 1
6085 2
6086 1
6088 2
6090 1
6091 3
6093 2
6094 2
6095 1
6096 1
6097 3
6098 2
6101 3
6102 2
6103 1
6105 2
6106 2
6108 2
6110 1
6111 4
6112 2
6113 1
6119 4
6120 2
6121 1
6123 2
6125 2
6126 1
6127 2
6128 3
6129 3
6131 2
6132 2
6133 1
6135 1
6137 2
6139 2
6140 1
6141 1
6143 3
6144 1
6145 1
6146 2
6147 3
6148 3
6149 1
6151 1
6153 2
6155 2
6156 3
6157 2
6158 2
6159 4
6160 2
6161 1
6162 3
6163 2
6165 2
6166 2
6168 4
6169 1
6170 1
6171 1
6172 5
6173 3
6175 1
6176 2
6177 2
6178 1
6181 1
6182 3
6183 1
6186 2
6189 2
6190 4
6191 1
6192 1
6193 1
6194 1
6195 3
6197 4
6198 1
6199 1
6200 3
6201 2
6202 1
6203 1
6204 2
6205 1
6206 4
6207 3
6208 2
6209 1
6210 1
6211 1
6212 2
6213 2
6214 2
6215 2
6216 3
6218 3
6221 1
6222 1
6223 2
6225 2
6226 2
6227 3
6230 2
6233 3
6234 2
6235 1
6236 4
6237 1
6239 4
6241 3
6242 1
6243 3
6244 2
6246 1
6247 1
6248 3
6249 1
6250 4
6252 2
6253 1
6254 1
6255 3
6256 1
6257 3
6258 1
6260 2
6262 1
6263 1
6265 1
6266 1
6267 2
6269 4
6270 1
6271 1
6272 3
6273 1
6274 4
6275 1
6276 1
6277 2
6279 2
6281 3
6282 1
6283 1
6284 2
6285 3
6286 1
6287 1
6288 2
6289 1
6291 1
6292 1
6293 3
6296 2
6297 3
6298 4
6300 1
6301 3
6302 4
6303 1
6304 3
6305 3
6308 1
6311 2
6312 1
6313 1
6314 2
6315 3
6316 1
6317 4
6321 1
6322 1
6323 1
6324 1
6325 2
6326 1
6327 1
6328 1
6330 1
6331 3
6332 2
6333 2
6335 1
6337 2
6339 1
6341 2
6342 4
6343 3
6344 1
6346 1
6347 2
6351 2
6352 2
6353 1
6358 1
6361 1
6362 2
6363 2
6364 1
6365 1
6366 2
6367 2
6370 2
6371 2
6373 1
6375 1
6376 1
6379 1
6380 3
6381 1
6383 3
6384 2
6386 2
6387 1
6389 1
6390 1
6391 1
6397 2
6398 1
6400 1
6401 3
6402 2
6405 3
6407 1
6408 1
6410 2
6411 1
6413 2
6414 2
6415 1
6416 3
6417 2
6418 1
6419 1
6420 1
6421 2
6422 3
6423 3
6424 2
6426 1
6429 1
6431 1
6432 2
6433 2
6435 2
6436 2
6437 3
6438 1
6439 2
6441 1
6442 2
6443 2
6444 1
6446 4
6447 1
6450 1
6451 1
6452 2
6454 2
6458 2
6461 1
6462 2
6463 4
6464 1
6465 3
6466 1
6467 2
6468 1
6469 2
6470 1
6471 3
6473 1
6476 2
6478 1
6479 2
6480 1
6481 1
6482 3
6484 1
6487 1
6488 2
6489 1
6490 3
6491 1
6492 1
6494 3
6495 2
6496 2
6497 1
6499 2
6500 1
6501 1
6503 2
6504 1
6505 1
6506 4
6507 2
6508 4
6512 1
6515 1
6516 1
6517 2
6518 1
6519 1
6520 1
6522 2
6523 3
6525 2
6526 5
6527 2
6528 1
6530 1
6532 1
6533 2
6535 2
6538 1
6539 2
6545 2
6548 2
6552 1
6553 4
6554 3
6555 1
6556 1
6557 1
6558 2
6560 3
6561 1
6562 1
6563 2
6565 2
6567 1
6568 1
6569 1
6570 3
6571 2
6572 1
6574 1
6576 3
6577 4
6578 1
6579 2
6580 1
6581 3
6582 1
6583 1
6584 2
6585 1
6587 2
6588 1
6589 4
6592 1
6593 2
6597 2
6602 2
6604 2
6607 2
6610 1
6611 3
6614 1
6615 2
6616 1
6617 1
6619 2
6620 1
6622 2
6623 1
6625 1
6626 1
6627 3
6631 1
6633 2
6634 1
6635 2
6636 2
6637 1
6638 3
6640 1
6641 1
6644 1
6645 2
6648 2
6649 1
6650 1
6651 3
6652 2
6655 2
6656 1
6657 2
6658 2
6659 2
6661 1
6662 2
6663 3
6665 4
6667 1
6668 2
6669 1
6670 1
6671 2
6672 3
6677 1
6679 3
6680 1
6681 1
6682 1
6683 2
6685 1
6686 1
6687 2
6688 1
6689 2
6690 3
6693 1
6695 2
6696 2
6697 1
6699 1
6702 2
6703 1
6704 1
6706 1
6709 1
6710 1
6711 2
6712 1
6714 1
6715 2
6717 1
6719 2
6720 3
6721 3
6723 1
6724 2
6726 1
6727 1
6728 1
6729 1
6732 1
6735 3
6736 1
6737 3
6739 3
6740 1
6741 3
6743 1
6744 2
6745 1
6746 1
6752 2
6754 2
6755 2
6756 2
6757 2
6758 1
6759 1
6760 1
6762 1
6764 2
6766 2
6767 1
6769 1
6772 2
6773 1
6774 1
6777 3
6778 1
6779 1
6780 1
6781 2
6782 1
6783 1
6784 1
6787 3
6788 3
6789 3
6791 5
6793 1
6795 2
6802 1
6806 1
6807 1
6808 1
6809 1
6811 1
6814 2
6815 1
6816 1
6817 2
6819 2
6823 1
6824 1
6827 2
6828 1
6831 1
6835 2
6837 2
6838 2
6840 2
6841 1
6842 5
6847 1
6848 2
6849 2
6850 1
6851 1
6853 3
6856 1
6857 1
6858 2
6859 1
6860 1
6861 1
6862 2
6864 2
6865 2
6866 1
6868 1
6869 1
6870 1
6871 1
6873 1
6875 1
6876 1
6877 1
6880 1
6882 2
6883 1
6884 3
6885 2
6887 1
6889 2
6891 4
6893 2
6894 6
6895 3
6897 2
6898 3
6901 2
6902 2
6903 1
6904 1
6905 1
6907 1
6908 2
6911 2
6912 1
6913 1
6914 4
6915 1
6916 1
6917 2
6922 1
6923 3
6924 2
6926 1
6927 1
6928 1
6931 1
6932 1
6934 1
6935 1
6937 3
6938 1
6939 1
6940 1
6944 2
6949 2
6950 1
6952 1
6953 1
6957 1
6959 1
6961 1
6962 1
6963 2
6965 2
6966 1
6968 1
6969 1
6970 1
6972 2
6974 1
6975 1
6976 1
6977 4
6978 4
6979 1
6980 2
6981 1
6982 3
6983 2
6984 1
6987 1
6991 4
6992 1
6994 2
6995 1
6996 1
6997 2
7000 2
7002 1
7004 1
7007 1
7010 2
7011 2
7013 3
7014 2
7015 2
7016 1
7017 1
7018 2
7019 1
7022 2
7024 3
7027 3
7028 2
7029 1
7030 1
7031 2
7033 1
7034 1
7035 1
7036 1
7039 2
7042 3
7044 1
7046 2
7047 1
7048 1
7049 1
7050 1
7051 1
7052 1
7053 1
7055 1
7056 1
7057 2
7059 2
7061 2
7064 1
7066 1
7068 2
7070 1
7072 2
7073 1
7074 1
7076 1
7077 2
7078 1
7081 1
7082 1
7083 2
7084 2
7085 1
7086 3
7087 1
7088 1
7090 2
7093 2
7095 1
7096 1
7097 2
7099 1
7103 2
7104 1
7105 1
7106 3
7107 2
7108 1
7111 1
7112 1
7114 1
7115 1
7118 1
7122 1
7124 2
7130 2
7132 1
7135 3
7137 1
7139 2
7140 2
7141 4
7142 1
7144 2
7145 2
7146 3
7149 1
7150 1
7151 1
7152 2
7156 2
7157 4
7158 2
7160 1
7161 1
7163 1
7166 1
7167 1
7168 2
7169 1
7170 1
7173 2
7175 1
7179 1
7186 3
7189 1
7190 1
7192 1
7193 2
7195 1
7196 1
7198 1
7199 1
7200 1
7201 1
7202 1
7203 2
7204 1
7205 1
7206 1
7207 1
7208 1
7209 2
7212 2
7213 2
7215 1
7217 3
7219 1
7220 2
7221 2
7223 2
7224 1
7228 2
7230 3
7232 1
7235 2
7236 1
7237 1
7238 1
7240 1
7246 2
7248 1
7249 3
7252 2
7254 1
7258 2
7260 2
7263 1
7267 2
7269 1
7270 1
7271 1
7281 2
7282 1
7285 1
7290 2
7294 1
7295 3
7297 4
7299 2
7301 1
7306 1
7307 1
7312 2
7318 2
7319 1
7322 2
7323 2
7325 2
7326 1
7329 2
7330 1
7331 1
7332 1
7334 1
7335 2
7336 1
7344 2
7347 2
7349 1
7351 1
7353 1
7354 1
7355 1
7356 1
7359 3
7360 1
7363 1
7364 1
7369 1
7372 1
7376 1
7377 3
7378 2
7379 1
7383 1
7384 2
7385 1
7387 1
7388 2
7390 2
7391 2
7393 1
7394 3
7396 2
7397 2
7399 1
7401 1
7402 1
7403 1
7404 1
7406 2
7407 1
7408 2
7409 2
7410 1
7411 4
7412 2
7416 2
7418 2
7423 2
7424 2
7426 1
7429 2
7434 1
7436 1
7437 1
7440 1
7446 1
7450 1
7453 1
7455 1
7456 1
7458 2
7461 1
7462 2
7463 1
7465 1
7467 2
7472 2
7475 3
7478 2
7479 2
7483 1
7484 1
7492 2
7493 2
7494 2
7498 1
7499 2
7500 2
7501 1
7502 1
7506 3
7509 1
7510 1
7511 1
7514 1
7516 1
7518 1
7519 1
7521 1
7524 1
7526 1
7528 1
7529 1
7533 2
7534 2
7535 2
7536 1
7537 2
7538 1
7540 1
7541 1
7545 1
7546 1
7548 1
7550 1
7551 1
7553 1
7554 1
7555 1
7561 1
7563 1
7564 2
7566 1
7570 1
7571 2
7572 1
7574 1
7580 1
7581 1
7583 1
7584 3
7590 3
7595 2
7597 1
7598 1
7603 1
7604 1
7606 1
7608 1
7610 1
7611 1
7612 2
7613 1
7615 1
7616 1
7620 2
7624 3
7625 1
7627 1
7629 2
7630 1
7631 1
7632 2
7635 1
7637 1
7639 2
7640 1
7641 1
7642 1
7643 2
7644 1
7649 1
7653 1
7655 1
7662 1
7663 1
7665 2
7668 1
7671 1
7674 2
7675 1
7677 1
7681 2
7682 1
7683 1
7684 1
7685 2
7686 1
7692 1
7695 1
7697 1
7701 2
7702 1
7703 1
7705 1
7707 1
7716 1
7719 2
7722 2
7728 1
7729 1
7730 1
7731 1
7735 1
7736 1
7738 1
7741 1
7745 2
7748 1
7751 1
7754 2
7755 1
7756 1
7758 1
7760 1
7762 1
7764 1
7766 1
7771 1
7777 1
7778 2
7780 2
7781 2
7783 1
7785 2
7786 1
7790 1
7791 1
7792 1
7795 1
7797 3
7798 1
7800 3
7802 1
7803 1
7804 1
7805 2
7806 2
7807 2
7808 1
7809 1
7812 1
7814 1
7815 2
7816 1
7825 1
7827 2
7829 1
7830 1
7831 1
7832 1
7834 1
7839 1
7840 2
7841 1
7844 1
7845 1
7846 1
7847 1
7848 1
7849 1
7851 1
7859 1
7860 2
7865 1
7867 2
7869 1
7871 3
7874 1
7876 1
7881 1
7883 2
7884 1
7885 1
7886 1
7889 1
7890 1
7893 1
7894 1
7895 2
7898 1
7901 1
7904 1
7906 1
7907 1
7911 1
7915 1
7918 1
7919 3
7926 1
7927 2
7928 1
7932 1
7936 1
7942 1
7943 2
7945 1
7946 1
7950 1
7955 1
7958 1
7959 1
7962 1
7964 1
7966 1
7969 1
7978 3
7981 1
7983 1
7984 1
7985 1
7988 2
7990 1
7994 1
7996 1
7997 1
7999 1
8000 1
8001 1
8004 1
8014 2
8016 2
8017 1
8024 2
8026 1
8033 1
8035 1
8038 1
8040 2
8042 2
8051 2
8055 1
8056 1
8058 1
8062 1
8064 1
8067 1
8072 2
8077 1
8078 1
8080 1
8082 2
8086 1
8087 1
8090 1
8091 2
8096 1
8097 2
8098 1
8100 2
8104 1
8113 1
8119 1
8121 1
8122 1
8123 1
8134 1
8135 1
8137 1
8140 1
8146 1
8147 1
8151 1
8156 1
8158 1
8162 1
8164 1
8169 1
8171 1
8172 1
8173 1
8175 1
8178 1
8179 2
8180 1
8182 1
8183 1
8184 1
8187 1
8188 2
8189 2
8190 1
8193 1
8195 1
8198 1
8203 2
8208 1
8209 1
8210 1
8211 1
8214 1
8217 1
8219 2
8224 1
8227 1
8229 1
8234 2
8236 1
8238 1
8245 2
8248 1
8250 2
8251 1
8258 2
8259 1
8260 1
8275 2
8276 1
8278 2
8279 1
8282 2
8283 1
8284 1
8286 1
8288 1
8293 1
8295 2
8296 1
8300 1
8301 1
8305 1
8306 1
8312 1
8314 1
8316 1
8321 1
8327 2
8336 1
8337 1
8341 1
8342 1
8348 1
8352 1
8355 3
8359 1
8367 1
8388 2
8390 1
8392 1
8397 1
8399 1
8401 1
8407 1
8409 2
8416 2
8421 1
8426 1
8427 1
8431 1
8434 2
8437 1
8438 1
8439 1
8441 1
8445 1
8446 1
8453 1
8454 1
8456 1
8458 1
8459 1
8461 1
8467 1
8470 2
8474 1
8477 1
8480 1
8481 1
8482 1
8483 1
8487 1
8488 1
8493 1
8496 2
8500 1
8504 1
8506 1
8507 2
8509 1
8510 2
8511 1
8513 1
8514 1
8516 2
8518 1
8519 1
8523 1
8524 1
8525 1
8527 1
8531 1
8532 1
8534 1
8535 2
8536 1
8540 2
8550 1
8551 1
8552 1
8553 1
8558 1
8560 1
8561 1
8564 2
8565 1
8568 1
8571 1
8573 1
8575 1
8577 3
8579 1
8584 2
8588 1
8590 1
8591 1
8593 1
8597 1
8598 1
8600 1
8602 3
8607 1
8611 1
8612 1
8615 1
8617 2
8618 1
8619 1
8620 1
8622 1
8627 1
8628 1
8633 1
8636 3
8637 1
8642 1
8643 1
8646 1
8652 1
8654 1
8663 2
8664 2
8665 1
8667 1
8676 1
8677 1
8679 1
8681 1
8688 1
8692 1
8693 1
8706 1
8708 1
8718 1
8719 1
8724 1
8732 1
8733 1
8737 1
8738 2
8739 1
8744 1
8753 2
8761 2
8762 1
8763 1
8768 1
8770 1
8771 1
8773 1
8775 1
8777 1
8779 1
8780 2
8781 1
8785 1
8787 1
8789 1
8790 1
8794 1
8801 1
8802 1
8803 1
8804 1
8805 2
8808 1
8810 3
8814 1
8816 1
8817 1
8820 1
8821 2
8822 1
8829 2
8835 1
8839 1
8841 1
8845 2
8846 1
8850 2
8851 1
8854 2
8863 1
8871 1
8873 1
8877 2
8878 2
8879 1
8892 1
8906 1
8910 1
8917 1
8920 1
8923 1
8926 1
8927 1
8928 1
8933 1
8935 2
8937 1
8941 1
8942 1
8949 1
8951 1
8958 1
8960 1
8972 1
8973 1
8976 1
8979 1
8984 1
8986 2
8989 1
8991 1
8996 2
9003 1
9005 1
9006 1
9013 1
9016 2
9019 1
9022 2
9023 1
9025 1
9030 1
9033 1
9046 1
9047 1
9049 1
9051 2
9055 1
9061 1
9069 1
9071 1
9072 1
9074 1
9085 1
9087 1
9089 1
9090 2
9092 2
9104 1
9119 2
9121 1
9129 1
9140 1
9145 1
9149 1
9152 1
9157 1
9161 1
9164 1
9167 2
9170 1
9184 1
9186 1
9189 1
9195 1
9197 1
9201 1
9203 1
9206 2
9207 1
9213 1
9217 1
9223 1
9224 1
9225 1
9227 1
9245 1
9246 1
9248 1
9249 1
9251 1
9253 1
9263 1
9271 1
9277 1
9281 1
9286 1
9293 1
9295 1
9297 1
9301 1
9308 1
9309 1
9314 1
9317 1
9318 1
9319 1
9321 1
9322 1
9330 1
9334 3
9335 1
9340 1
9348 1
9350 1
9351 1
9360 1
9370 1
9380 1
9387 1
9388 1
9397 1
9412 1
9413 1
9416 1
9418 1
9422 1
9423 1
9428 1
9434 1
9436 1
9439 1
9442 1
9445 1
9457 1
9463 1
9465 1
9472 1
9482 1
9483 1
9485 2
9487 1
9501 1
9510 1
9514 2
9518 1
9521 1
9522 1
9524 2
9529 1
9531 1
9532 1
9535 1
9548 1
9551 1
9557 1
9560 1
9562 1
9564 1
9569 1
9574 1
9580 1
9596 1
9609 1
9612 2
9615 1
9618 1
9619 1
9623 1
9625 1
9640 2
9642 1
9644 1
9647 1
9656 1
9659 1
9663 1
9675 1
9683 1
9689 1
9693 1
9695 1
9697 1
9701 1
9702 1
9707 1
9711 1
9714 1
9718 1
9720 1
9722 1
9725 1
9729 1
9730 2
9740 1
9745 1
9756 1
9763 1
9765 1
9768 1
9776 2
9782 1
9792 1
9793 1
9797 1
9803 1
9805 1
9808 1
9809 1
9812 1
9815 1
9818 2
9824 1
9834 1
9836 1
9844 1
9851 1
9856 1
9859 1
9865 1
9880 2
9884 1
9892 1
9895 2
9902 1
9905 1
9915 1
9916 1
9919 1
9923 1
9927 1
9928 1
9938 1
9939 1
9940 1
9942 1
9944 1
9947 1
9972 1
9974 2
9977 1
9980 1
9981 1
9983 2
9986 1
9987 1
9988 1
9993 1
9994 1
10013 1
10017 1
10019 1
10030 1
10038 1
10041 1
10045 1
10047 2
10050 1
10057 1
10058 1
10059 1
10061 1
10063 1
10064 1
10066 1
10068 1
10070 1
10072 1
10074 1
10075 1
10084 1
10094 1
10105 1
10114 1
10127 1
10129 1
10132 1
10141 1
10142 1
10143 1
10144 1
10145 2
10146 1
10154 1
10168 1
10171 1
10172 1
10174 1
10176 1
10198 1
10209 1
10216 1
10217 1
10220 1
10228 1
10232 1
10239 1
10243 1
10257 1
10261 1
10262 1
10266 1
10268 1
10280 1
10281 1
10287 1
10301 1
10314 1
10319 1
10347 1
10378 1
10389 2
10391 1
10403 1
10405 1
10418 1
10421 1
10429 1
10431 1
10450 1
10467 1
10468 1
10477 1
10491 1
10498 1
10501 1
10502 1
10506 1
10507 1
10513 1
10515 1
10520 1
10534 1
10543 1
10546 1
10548 1
10550 1
10552 1
10553 1
10556 1
10558 2
10559 1
10581 1
10586 1
10627 1
10652 1
10654 1
10657 1
10673 1
10674 1
10685 1
10692 1
10695 1
10698 2
10700 2
10712 1
10713 1
10736 1
10740 1
10757 1
10759 1
10762 1
10767 1
10780 1
10826 1
10839 1
10843 1
10844 1
10854 1
10874 2
10875 1
10884 1
10890 1
10900 1
10904 1
10921 1
10937 1
10942 1
10948 1
10949 1
10951 1
10968 1
11010 1
11012 1
11016 1
11017 1
11029 1
11065 2
11085 1
11133 1
11146 1
11178 1
11183 1
11192 1
11198 1
11208 1
11213 1
11227 1
11231 1
11233 1
11237 1
11248 1
11272 1
11297 1
11302 1
11322 1
11358 1
11406 1
11414 1
11415 1
11421 1
11432 1
11446 1
11466 1
11472 1
11477 1
11482 1
11497 1
11502 1
11512 1
11548 1
11586 1
11591 1
11640 1
11651 1
11709 1
11721 1
11725 1
11730 1
11760 1
11770 1
11794 1
11815 1
11820 1
11836 1
11843 1
11848 1
11855 1
11859 1
11862 1
11866 1
11870 1
11879 1
11910 1
11929 1
11940 1
11953 1
11959 1
12005 1
12007 1
12010 1
12027 1
12044 1
12071 1
12109 1
12126 1
12160 1
12163 1
12173 1
12176 2
12179 1
12187 1
12199 1
12200 1
12256 1
12260 1
12298 1
12318 1
12344 1
12351 1
12438 1
12447 1
12461 1
12487 1
12503 1
12528 1
12530 1
12547 2
12563 1
12582 1
12592 1
12642 1
12646 1
12662 1
12678 1
12744 1
12754 1
12758 1
12767 1
12785 1
12807 1
12817 1
12829 1
12875 1
12924 1
12937 1
12969 1
12981 1
13006 1
13026 1
13030 1
13036 1
13045 1
13047 1
13077 1
13082 1
13114 1
13145 1
13187 1
13292 1
13484 1
13487 1
13497 1
13498 1
13499 1
13530 1
13541 1
13576 1
13577 1
13594 1
13619 1
13655 1
13662 1
13681 1
13693 1
13706 1
13727 1
13730 1
13749 1
13843 1
13886 1
13971 1
13991 1
14042 1
14056 1
14062 1
14087 1
14141 1
14176 1
14306 1
14329 1
14418 1
14489 1
14607 1
14664 1
14718 1
14914 1
14955 1
15037 1
15040 1
15148 1
15156 1
15230 1
15283 1
15456 1
15537 1
15642 1
15656 1
15763 1
15784 1
15813 1
15914 1
16042 1
16103 1
16160 1
16482 1
16500 1
16641 1
16780 1
16920 1
17094 1
17215 1
17448 1
17529 1
17807 1
17821 1
18080 1
18660 1
19218 1
19703 1
19930 1
