60 3
61 39
62 181
63 493
64 706
65 733
66 669
67 715
68 616
69 660
70 782
71 688
72 692
73 590
74 553
75 547
76 636
77 617
78 546
79 553
80 549
81 608
82 647
83 545
84 573
85 556
86 615
87 1190
88 2000
89 2620
90 2983
91 3050
92 3303
93 3271
94 3385
95 3456
96 3840
97 3883
98 4140
99 4153
100 4326
101 4751
102 4768
103 4694
104 4651
105 4680
106 4581
107 4403
108 4371
109 4313
110 4312
111 4120
112 4291
113 4199
114 4116
115 4279
116 4521
117 4927
118 5340
119 5688
120 5684
121 5748
122 5933
123 6238
124 6399
125 6746
126 6686
127 6705
128 6758
129 6785
130 6942
131 6978
132 7241
133 7344
134 7354
135 7631
136 7754
137 7401
138 7286
139 7429
140 7341
141 7660
142 7676
143 7759
144 7578
145 7604
146 7553
147 7557
148 7591
149 7534
150 7508
151 7483
152 7595
153 7754
154 7755
155 7736
156 7904
157 7908
158 7673
159 7936
160 8055
161 8306
162 8391
163 8428
164 8534
165 8776
166 9112
167 9174
168 9255
169 9540
170 9555
171 9763
172 9563
173 9616
174 9568
175 9939
176 9771
177 10183
178 10129
179 9959
180 9960
181 10266
182 10317
183 10221
184 10447
185 10428
186 10330
187 10235
188 10310
189 10444
190 10393
191 10872
192 11569
193 12100
194 12529
195 12874
196 12665
197 12463
198 12166
199 12448
200 12101
201 11984
202 12037
203 12109
204 12202
205 12420
206 12803
207 12871
208 13055
209 13239
210 13416
211 13446
212 13622
213 13625
214 14374
215 13583
216 13440
217 13217
218 13033
219 12889
220 12838
221 12587
222 12238
223 12190
224 12440
225 12636
226 12668
227 12495
228 12759
229 13011
230 12816
231 13050
232 13138
233 13311
234 13311
235 13212
236 13246
237 13121
238 13021
239 13091
240 12704
241 12412
242 12508
243 12764
244 12823
245 12874
246 12944
247 12964
248 12662
249 12638
250 12186
251 12421
252 12401
253 12216
254 12114
255 12228
256 12118
257 12139
258 12003
259 11876
260 11931
261 11654
262 11776
263 11645
264 11765
265 11416
266 11483
267 11459
268 11623
269 11261
270 11248
271 10940
272 10987
273 11078
274 10995
275 11012
276 10668
277 10672
278 10550
279 10595
280 10559
281 10324
282 10197
283 10255
284 9885
285 10033
286 10134
287 10055
288 10094
289 9958
290 9922
291 10091
292 9812
293 9985
294 10010
295 9976
296 10299
297 10247
298 10211
299 10029
300 9773
301 9999
302 9736
303 9768
304 9642
305 9748
306 9689
307 9575
308 9719
309 9524
310 9534
311 9359
312 9392
313 9259
314 9135
315 9200
316 9173
317 9155
318 9290
319 8959
320 9205
321 9235
322 9338
323 9430
324 9371
325 9153
326 9104
327 9051
328 9071
329 8763
330 9087
331 9070
332 9099
333 8920
334 8979
335 8686
336 8666
337 8749
338 8773
339 8966
340 8735
341 8814
342 8869
343 8975
344 8646
345 8652
346 8565
347 8455
348 8517
349 8450
350 8301
351 8249
352 8343
353 8211
354 8327
355 8302
356 8421
357 8281
358 8027
359 8061
360 8078
361 7808
362 7981
363 7955
364 7830
365 8141
366 7772
367 7776
368 7582
369 7559
370 7577
371 7673
372 7585
373 7568
374 7350
375 7526
376 7253
377 7232
378 7006
379 7184
380 7027
381 6825
382 6939
383 6961
384 6971
385 6759
386 6817
387 6733
388 6712
389 6396
390 6439
391 6329
392 6163
393 6351
394 6024
395 6002
396 5931
397 5864
398 5942
399 5802
400 5779
401 5681
402 5578
403 5580
404 5510
405 5430
406 5388
407 5304
408 5256
409 5397
410 5289
411 5342
412 5246
413 5210
414 5077
415 5074
416 5015
417 4892
418 4936
419 4951
420 4979
421 4861
422 4793
423 4754
424 4754
425 4731
426 4676
427 4644
428 4570
429 4665
430 4538
431 4599
432 4492
433 4374
434 4535
435 4334
436 4505
437 4361
438 4380
439 4333
440 4227
441 4429
442 4363
443 4369
444 4273
445 4215
446 4165
447 4120
448 4201
449 4191
450 4170
451 4091
452 4191
453 4063
454 4124
455 4089
456 4134
457 4086
458 4010
459 4015
460 4014
461 3980
462 3825
463 3899
464 3834
465 3763
466 3834
467 3826
468 3709
469 3760
470 3663
471 3710
472 3635
473 3655
474 3476
475 3430
476 3466
477 3588
478 3407
479 3385
480 3299
481 3363
482 3274
483 3333
484 3270
485 3176
486 3086
487 3121
488 3124
489 3076
490 3090
491 3104
492 3122
493 3083
494 2951
495 3085
496 2974
497 2951
498 2951
499 2994
500 2935
501 2825
502 2963
503 2843
504 2832
505 2818
506 2797
507 2808
508 2716
509 2841
510 2719
511 2687
512 2716
513 2765
514 2722
515 2735
516 2695
517 2736
518 2656
519 2589
520 2623
521 2702
522 2616
523 2558
524 2572
525 2633
526 2481
527 2547
528 2512
529 2446
530 2464
531 2568
532 2537
533 2481
534 2593
535 2375
536 2469
537 2397
538 2361
539 2267
540 2347
541 2331
542 2467
543 2315
544 2360
545 2354
546 2338
547 2250
548 2229
549 2213
550 2278
551 2187
552 2290
553 2185
554 2101
555 2191
556 2212
557 2246
558 2146
559 2124
560 2171
561 2157
562 2151
563 2108
564 2023
565 2115
566 2143
567 2050
568 2151
569 2016
570 2009
571 2026
572 2111
573 2035
574 2121
575 2076
576 2033
577 2014
578 1996
579 1976
580 2005
581 2015
582 1936
583 2031
584 1997
585 1951
586 1964
587 2028
588 2035
589 1990
590 1971
591 1912
592 1989
593 1953
594 1906
595 1873
596 1893
597 1934
598 1918
599 1950
600 1908
601 1889
602 1919
603 1947
604 1937
605 1874
606 1855
607 1832
608 1876
609 1806
610 1788
611 1822
612 1778
613 1819
614 1710
615 1744
616 1783
617 1747
618 1811
619 1734
620 1694
621 1817
622 1715
623 1716
624 1652
625 1668
626 1709
627 1678
628 1638
629 1655
630 1685
631 1613
632 1589
633 1626
634 1682
635 1636
636 1612
637 1633
638 1570
639 1632
640 1601
641 1598
642 1542
643 1540
644 1581
645 1593
646 1548
647 1508
648 1571
649 1491
650 1536
651 1597
652 1542
653 1481
654 1490
655 1483
656 1450
657 1452
658 1443
659 1415
660 1460
661 1378
662 1416
663 1474
664 1414
665 1412
666 1384
667 1375
668 1345
669 1379
670 1352
671 1304
672 1277
673 1288
674 1216
675 1287
676 1232
677 1225
678 1185
679 1193
680 1280
681 1297
682 1219
683 1269
684 1133
685 1170
686 1149
687 1251
688 1211
689 1214
690 1099
691 1123
692 1206
693 1156
694 1113
695 1103
696 1252
697 1129
698 1098
699 1109
700 1081
701 1103
702 1096
703 1070
704 1111
705 1050
706 1054
707 1036
708 1087
709 1118
710 1036
711 1086
712 993
713 1043
714 1063
715 1019
716 1052
717 1027
718 972
719 1035
720 983
721 1025
722 998
723 950
724 1017
725 1030
726 942
727 994
728 991
729 979
730 1018
731 983
732 975
733 944
734 958
735 972
736 932
737 921
738 939
739 944
740 954
741 863
742 850
743 895
744 914
745 824
746 880
747 883
748 853
749 843
750 858
751 887
752 810
753 883
754 810
755 834
756 909
757 854
758 807
759 812
760 796
761 823
762 816
763 812
764 770
765 804
766 814
767 813
768 778
769 811
770 812
771 804
772 809
773 777
774 752
775 807
776 733
777 780
778 744
779 776
780 759
781 724
782 779
783 729
784 778
785 764
786 802
787 781
788 755
789 749
790 728
791 760
792 733
793 706
794 721
795 711
796 716
797 757
798 725
799 728
800 763
801 706
802 709
803 680
804 692
805 706
806 710
807 691
808 691
809 691
810 721
811 706
812 708
813 732
814 699
815 681
816 663
817 717
818 689
819 698
820 701
821 693
822 681
823 656
824 663
825 630
826 681
827 627
828 672
829 675
830 633
831 656
832 645
833 606
834 603
835 615
836 624
837 684
838 607
839 653
840 625
841 614
842 604
843 610
844 633
845 570
846 604
847 633
848 594
849 645
850 598
851 575
852 593
853 570
854 587
855 642
856 538
857 520
858 543
859 570
860 541
861 574
862 563
863 563
864 552
865 550
866 545
867 526
868 544
869 527
870 570
871 519
872 495
873 472
874 523
875 482
876 526
877 517
878 502
879 501
880 529
881 497
882 531
883 485
884 535
885 515
886 523
887 508
888 458
889 464
890 489
891 502
892 478
893 486
894 478
895 519
896 507
897 480
898 498
899 481
900 437
901 454
902 452
903 451
904 440
905 482
906 463
907 426
908 473
909 429
910 472
911 478
912 437
913 419
914 475
915 464
916 481
917 448
918 483
919 464
920 437
921 472
922 438
923 426
924 466
925 395
926 437
927 442
928 466
929 431
930 392
931 417
932 431
933 416
934 403
935 456
936 401
937 401
938 421
939 427
940 417
941 415
942 423
943 395
944 400
945 424
946 416
947 414
948 403
949 346
950 406
951 375
952 422
953 385
954 386
955 358
956 378
957 425
958 388
959 369
960 408
961 376
962 394
963 344
964 370
965 364
966 374
967 421
968 369
969 370
970 397
971 365
972 371
973 399
974 367
975 337
976 368
977 352
978 342
979 377
980 348
981 359
982 346
983 356
984 353
985 331
986 356
987 358
988 375
989 339
990 305
991 352
992 326
993 376
994 392
995 369
996 293
997 335
998 339
999 327
1000 329
1001 336
1002 342
1003 325
1004 314
1005 338
1006 351
1007 338
1008 323
1009 309
1010 322
1011 352
1012 287
1013 333
1014 305
1015 317
1016 324
1017 285
1018 295
1019 325
1020 308
1021 328
1022 313
1023 345
1024 302
1025 307
1026 320
1027 323
1028 314
1029 298
1030 320
1031 298
1032 278
1033 285
1034 288
1035 306
1036 331
1037 312
1038 315
1039 304
1040 294
1041 298
1042 302
1043 302
1044 295
1045 297
1046 314
1047 314
1048 265
1049 312
1050 307
1051 296
1052 274
1053 316
1054 283
1055 288
1056 292
1057 259
1058 283
1059 271
1060 262
1061 268
1062 291
1063 272
1064 286
1065 263
1066 304
1067 283
1068 270
1069 269
1070 293
1071 278
1072 270
1073 272
1074 255
1075 266
1076 281
1077 286
1078 237
1079 267
1080 272
1081 274
1082 247
1083 295
1084 235
1085 286
1086 264
1087 253
1088 253
1089 235
1090 251
1091 260
1092 268
1093 252
1094 239
1095 230
1096 230
1097 263
1098 243
1099 240
1100 278
1101 266
1102 242
1103 277
1104 241
1105 252
1106 241
1107 225
1108 247
1109 230
1110 263
1111 272
1112 218
1113 243
1114 215
1115 232
1116 218
1117 220
1118 265
1119 227
1120 239
1121 225
1122 225
1123 228
1124 254
1125 237
1126 233
1127 207
1128 223
1129 249
1130 229
1131 235
1132 216
1133 222
1134 253
1135 245
1136 215
1137 215
1138 226
1139 241
1140 219
1141 233
1142 220
1143 243
1144 195
1145 215
1146 232
1147 214
1148 243
1149 215
1150 218
1151 209
1152 194
1153 227
1154 221
1155 229
1156 195
1157 225
1158 202
1159 214
1160 206
1161 239
1162 206
1163 224
1164 204
1165 240
1166 211
1167 193
1168 201
1169 209
1170 212
1171 212
1172 189
1173 210
1174 198
1175 194
1176 217
1177 211
1178 190
1179 192
1180 187
1181 207
1182 187
1183 202
1184 192
1185 210
1186 198
1187 202
1188 191
1189 180
1190 208
1191 225
1192 195
1193 180
1194 187
1195 223
1196 191
1197 222
1198 182
1199 197
1200 208
1201 192
1202 176
1203 164
1204 200
1205 205
1206 199
1207 180
1208 196
1209 224
1210 183
1211 217
1212 185
1213 193
1214 158
1215 208
1216 192
1217 162
1218 175
1219 187
1220 185
1221 191
1222 176
1223 172
1224 192
1225 184
1226 198
1227 205
1228 162
1229 171
1230 173
1231 168
1232 168
1233 168
1234 167
1235 173
1236 194
1237 192
1238 179
1239 195
1240 154
1241 174
1242 149
1243 209
1244 159
1245 171
1246 160
1247 166
1248 171
1249 161
1250 176
1251 177
1252 165
1253 144
1254 165
1255 184
1256 176
1257 153
1258 172
1259 157
1260 171
1261 164
1262 171
1263 177
1264 158
1265 143
1266 163
1267 167
1268 179
1269 174
1270 170
1271 154
1272 177
1273 166
1274 174
1275 154
1276 160
1277 152
1278 138
1279 182
1280 176
1281 150
1282 175
1283 186
1284 176
1285 133
1286 171
1287 158
1288 174
1289 149
1290 140
1291 136
1292 143
1293 152
1294 141
1295 168
1296 141
1297 163
1298 177
1299 164
1300 157
1301 147
1302 141
1303 144
1304 158
1305 167
1306 143
1307 142
1308 140
1309 125
1310 161
1311 163
1312 159
1313 173
1314 158
1315 166
1316 139
1317 153
1318 149
1319 146
1320 135
1321 138
1322 136
1323 125
1324 130
1325 138
1326 153
1327 150
1328 151
1329 165
1330 127
1331 142
1332 117
1333 121
1334 138
1335 165
1336 129
1337 138
1338 146
1339 145
1340 124
1341 121
1342 145
1343 144
1344 132
1345 122
1346 142
1347 133
1348 136
1349 123
1350 156
1351 139
1352 125
1353 140
1354 125
1355 150
1356 142
1357 137
1358 142
1359 141
1360 124
1361 138
1362 120
1363 137
1364 132
1365 147
1366 119
1367 112
1368 126
1369 130
1370 122
1371 131
1372 123
1373 131
1374 136
1375 132
1376 118
1377 134
1378 120
1379 134
1380 106
1381 121
1382 134
1383 119
1384 125
1385 111
1386 99
1387 124
1388 119
1389 133
1390 106
1391 129
1392 130
1393 124
1394 108
1395 110
1396 115
1397 124
1398 126
1399 126
1400 117
1401 118
1402 107
1403 128
1404 132
1405 124
1406 114
1407 133
1408 122
1409 116
1410 117
1411 108
1412 113
1413 128
1414 130
1415 107
1416 115
1417 121
1418 109
1419 110
1420 121
1421 113
1422 102
1423 119
1424 104
1425 100
1426 97
1427 116
1428 135
1429 116
1430 111
1431 112
1432 116
1433 115
1434 126
1435 99
1436 113
1437 118
1438 115
1439 107
1440 110
1441 119
1442 127
1443 96
1444 114
1445 111
1446 108
1447 111
1448 108
1449 108
1450 109
1451 124
1452 101
1453 128
1454 106
1455 108
1456 112
1457 110
1458 102
1459 93
1460 106
1461 125
1462 105
1463 112
1464 108
1465 111
1466 106
1467 95
1468 101
1469 91
1470 123
1471 111
1472 105
1473 103
1474 88
1475 101
1476 106
1477 101
1478 99
1479 109
1480 98
1481 98
1482 108
1483 94
1484 94
1485 109
1486 98
1487 89
1488 118
1489 106
1490 103
1491 106
1492 81
1493 103
1494 86
1495 83
1496 80
1497 95
1498 118
1499 109
1500 101
1501 103
1502 99
1503 90
1504 109
1505 83
1506 90
1507 87
1508 95
1509 113
1510 107
1511 99
1512 107
1513 107
1514 82
1515 106
1516 120
1517 101
1518 101
1519 97
1520 87
1521 86
1522 92
1523 101
1524 95
1525 99
1526 96
1527 105
1528 95
1529 102
1530 93
1531 99
1532 80
1533 83
1534 89
1535 88
1536 80
1537 93
1538 100
1539 92
1540 91
1541 112
1542 105
1543 101
1544 90
1545 92
1546 112
1547 82
1548 87
1549 96
1550 102
1551 96
1552 89
1553 71
1554 91
1555 93
1556 92
1557 97
1558 81
1559 98
1560 100
1561 87
1562 89
1563 86
1564 90
1565 77
1566 88
1567 84
1568 86
1569 98
1570 89
1571 86
1572 83
1573 79
1574 100
1575 73
1576 80
1577 92
1578 98
1579 91
1580 88
1581 75
1582 91
1583 91
1584 97
1585 78
1586 87
1587 87
1588 73
1589 79
1590 81
1591 83
1592 84
1593 77
1594 77
1595 78
1596 80
1597 91
1598 84
1599 80
1600 93
1601 87
1602 88
1603 77
1604 84
1605 70
1606 88
1607 76
1608 78
1609 65
1610 80
1611 74
1612 67
1613 97
1614 82
1615 64
1616 71
1617 89
1618 67
1619 84
1620 69
1621 94
1622 75
1623 81
1624 73
1625 72
1626 67
1627 85
1628 89
1629 63
1630 95
1631 88
1632 81
1633 74
1634 56
1635 65
1636 70
1637 84
1638 70
1639 72
1640 77
1641 76
1642 88
1643 85
1644 70
1645 65
1646 88
1647 79
1648 81
1649 78
1650 74
1651 61
1652 79
1653 72
1654 80
1655 69
1656 77
1657 77
1658 64
1659 78
1660 64
1661 56
1662 83
1663 69
1664 70
1665 69
1666 64
1667 77
1668 74
1669 60
1670 67
1671 65
1672 62
1673 65
1674 75
1675 73
1676 60
1677 68
1678 70
1679 72
1680 63
1681 67
1682 64
1683 64
1684 63
1685 72
1686 72
1687 75
1688 94
1689 59
1690 58
1691 62
1692 63
1693 51
1694 61
1695 73
1696 82
1697 53
1698 69
1699 60
1700 61
1701 50
1702 54
1703 74
1704 50
1705 61
1706 78
1707 69
1708 69
1709 55
1710 70
1711 59
1712 53
1713 57
1714 61
1715 76
1716 50
1717 58
1718 61
1719 59
1720 59
1721 57
1722 58
1723 71
1724 68
1725 51
1726 66
1727 60
1728 53
1729 54
1730 73
1731 54
1732 62
1733 52
1734 66
1735 66
1736 51
1737 57
1738 67
1739 65
1740 67
1741 67
1742 71
1743 56
1744 58
1745 56
1746 63
1747 62
1748 50
1749 72
1750 66
1751 55
1752 53
1753 59
1754 49
1755 57
1756 58
1757 60
1758 52
1759 57
1760 60
1761 54
1762 68
1763 57
1764 52
1765 68
1766 56
1767 50
1768 57
1769 65
1770 64
1771 47
1772 40
1773 51
1774 58
1775 57
1776 53
1777 57
1778 65
1779 59
1780 56
1781 60
1782 43
1783 55
1784 59
1785 58
1786 59
1787 58
1788 48
1789 56
1790 53
1791 59
1792 47
1793 63
1794 52
1795 54
1796 50
1797 44
1798 55
1799 56
1800 46
1801 54
1802 62
1803 58
1804 51
1805 45
1806 44
1807 50
1808 60
1809 50
1810 39
1811 39
1812 49
1813 51
1814 59
1815 43
1816 64
1817 39
1818 44
1819 53
1820 42
1821 47
1822 47
1823 41
1824 39
1825 36
1826 46
1827 47
1828 35
1829 51
1830 56
1831 50
1832 35
1833 52
1834 37
1835 38
1836 51
1837 41
1838 39
1839 41
1840 44
1841 33
1842 39
1843 45
1844 52
1845 34
1846 47
1847 56
1848 36
1849 50
1850 52
1851 56
1852 53
1853 46
1854 42
1855 48
1856 55
1857 49
1858 54
1859 51
1860 45
1861 46
1862 56
1863 53
1864 51
1865 50
1866 38
1867 42
1868 37
1869 47
1870 55
1871 38
1872 44
1873 45
1874 47
1875 53
1876 37
1877 46
1878 41
1879 48
1880 39
1881 40
1882 27
1883 32
1884 32
1885 49
1886 36
1887 39
1888 37
1889 47
1890 40
1891 55
1892 43
1893 35
1894 38
1895 52
1896 54
1897 56
1898 33
1899 44
1900 46
1901 41
1902 42
1903 36
1904 61
1905 49
1906 42
1907 26
1908 26
1909 41
1910 37
1911 35
1912 46
1913 36
1914 41
1915 40
1916 36
1917 38
1918 34
1919 48
1920 44
1921 33
1922 50
1923 40
1924 39
1925 46
1926 42
1927 48
1928 40
1929 40
1930 40
1931 38
1932 46
1933 53
1934 31
1935 41
1936 33
1937 41
1938 37
1939 25
1940 29
1941 48
1942 38
1943 41
1944 31
1945 36
1946 36
1947 37
1948 39
1949 44
1950 39
1951 29
1952 49
1953 46
1954 41
1955 42
1956 27
1957 42
1958 30
1959 40
1960 34
1961 35
1962 36
1963 43
1964 40
1965 28
1966 23
1967 47
1968 30
1969 36
1970 30
1971 46
1972 37
1973 40
1974 34
1975 42
1976 40
1977 26
1978 41
1979 34
1980 31
1981 35
1982 38
1983 38
1984 33
1985 33
1986 34
1987 34
1988 43
1989 42
1990 36
1991 39
1992 35
1993 25
1994 38
1995 34
1996 30
1997 41
1998 36
1999 38
2000 36
2001 35
2002 27
2003 30
2004 40
2005 44
2006 32
2007 35
2008 40
2009 37
2010 32
2011 33
2012 30
2013 33
2014 31
2015 21
2016 45
2017 43
2018 38
2019 43
2020 25
2021 30
2022 31
2023 42
2024 45
2025 26
2026 37
2027 32
2028 42
2029 41
2030 28
2031 34
2032 34
2033 30
2034 27
2035 28
2036 37
2037 29
2038 34
2039 32
2040 34
2041 27
2042 42
2043 35
2044 28
2045 34
2046 23
2047 28
2048 23
2049 43
2050 24
2051 30
2052 36
2053 23
2054 29
2055 38
2056 20
2057 37
2058 35
2059 23
2060 28
2061 33
2062 35
2063 39
2064 22
2065 30
2066 27
2067 21
2068 27
2069 33
2070 34
2071 34
2072 28
2073 38
2074 28
2075 37
2076 42
2077 25
2078 30
2079 26
2080 29
2081 30
2082 41
2083 32
2084 25
2085 22
2086 31
2087 38
2088 25
2089 26
2090 28
2091 17
2092 27
2093 19
2094 27
2095 23
2096 26
2097 28
2098 24
2099 34
2100 20
2101 30
2102 31
2103 27
2104 26
2105 24
2106 36
2107 29
2108 23
2109 32
2110 25
2111 28
2112 33
2113 34
2114 18
2115 30
2116 23
2117 22
2118 39
2119 29
2120 32
2121 22
2122 32
2123 30
2124 29
2125 32
2126 29
2127 30
2128 26
2129 33
2130 36
2131 38
2132 28
2133 33
2134 30
2135 31
2136 31
2137 27
2138 30
2139 21
2140 24
2141 26
2142 26
2143 39
2144 18
2145 27
2146 25
2147 26
2148 31
2149 35
2150 24
2151 24
2152 29
2153 23
2154 28
2155 24
2156 37
2157 17
2158 33
2159 26
2160 31
2161 31
2162 27
2163 17
2164 34
2165 28
2166 28
2167 19
2168 35
2169 26
2170 27
2171 24
2172 24
2173 19
2174 30
2175 31
2176 24
2177 24
2178 28
2179 33
2180 25
2181 24
2182 29
2183 30
2184 19
2185 29
2186 23
2187 32
2188 31
2189 18
2190 25
2191 17
2192 24
2193 25
2194 19
2195 24
2196 26
2197 36
2198 24
2199 25
2200 23
2201 20
2202 25
2203 24
2204 30
2205 27
2206 31
2207 25
2208 21
2209 32
2210 30
2211 35
2212 25
2213 28
2214 24
2215 31
2216 21
2217 21
2218 23
2219 21
2220 29
2221 20
2222 22
2223 32
2224 24
2225 27
2226 29
2227 17
2228 21
2229 30
2230 19
2231 27
2232 24
2233 26
2234 20
2235 23
2236 18
2237 24
2238 29
2239 25
2240 19
2241 17
2242 14
2243 24
2244 26
2245 26
2246 26
2247 28
2248 20
2249 29
2250 30
2251 21
2252 19
2253 20
2254 20
2255 20
2256 20
2257 21
2258 28
2259 31
2260 18
2261 21
2262 18
2263 20
2264 23
2265 20
2266 21
2267 17
2268 27
2269 16
2270 16
2271 18
2272 21
2273 23
2274 26
2275 18
2276 29
2277 22
2278 29
2279 19
2280 18
2281 26
2282 20
2283 28
2284 26
2285 27
2286 21
2287 20
2288 19
2289 15
2290 20
2291 20
2292 20
2293 24
2294 19
2295 23
2296 28
2297 13
2298 15
2299 20
2300 42
2301 25
2302 26
2303 27
2304 20
2305 14
2306 20
2307 23
2308 22
2309 24
2310 25
2311 13
2312 22
2313 12
2314 27
2315 14
2316 25
2317 22
2318 16
2319 17
2320 21
2321 26
2322 23
2323 22
2324 27
2325 24
2326 12
2327 19
2328 18
2329 25
2330 25
2331 24
2332 22
2333 22
2334 18
2335 17
2336 20
2337 19
2338 20
2339 28
2340 14
2341 21
2342 19
2343 19
2344 23
2345 27
2346 24
2347 25
2348 21
2349 22
2350 17
2351 19
2352 18
2353 14
2354 19
2355 14
2356 18
2357 17
2358 16
2359 17
2360 18
2361 19
2362 17
2363 24
2364 17
2365 20
2366 15
2367 18
2368 20
2369 22
2370 17
2371 13
2372 23
2373 13
2374 18
2375 10
2376 19
2377 20
2378 18
2379 17
2380 18
2381 19
2382 21
2383 16
2384 18
2385 19
2386 19
2387 23
2388 25
2389 17
2390 23
2391 17
2392 25
2393 21
2394 20
2395 16
2396 17
2397 18
2398 14
2399 18
2400 20
2401 24
2402 23
2403 12
2404 22
2405 20
2406 22
2407 15
2408 20
2409 22
2410 17
2411 17
2412 20
2413 16
2414 22
2415 19
2416 12
2417 22
2418 14
2419 20
2420 24
2421 16
2422 22
2423 14
2424 17
2425 19
2426 15
2427 21
2428 18
2429 15
2430 14
2431 17
2432 23
2433 20
2434 20
2435 15
2436 17
2437 21
2438 9
2439 16
2440 24
2441 11
2442 16
2443 9
2444 18
2445 19
2446 28
2447 12
2448 21
2449 23
2450 14
2451 27
2452 19
2453 18
2454 18
2455 14
2456 19
2457 16
2458 15
2459 11
2460 15
2461 12
2462 13
2463 20
2464 16
2465 21
2466 20
2467 21
2468 16
2469 18
2470 13
2471 14
2472 15
2473 19
2474 21
2475 15
2476 20
2477 12
2478 14
2479 18
2480 14
2481 17
2482 16
2483 17
2484 19
2485 19
2486 27
2487 13
2488 17
2489 11
2490 11
2491 18
2492 14
2493 13
2494 14
2495 10
2496 17
2497 9
2498 17
2499 12
2500 11
2501 20
2502 23
2503 12
2504 23
2505 12
2506 21
2507 18
2508 16
2509 12
2510 14
2511 11
2512 15
2513 14
2514 21
2515 21
2516 16
2517 17
2518 22
2519 18
2520 26
2521 15
2522 12
2523 19
2524 13
2525 22
2526 14
2527 18
2528 16
2529 15
2530 14
2531 12
2532 12
2533 18
2534 14
2535 13
2536 13
2537 13
2538 10
2539 16
2540 11
2541 9
2542 11
2543 14
2544 12
2545 13
2546 16
2547 12
2548 21
2549 12
2550 18
2551 16
2552 17
2553 16
2554 20
2555 14
2556 13
2557 14
2558 14
2559 12
2560 12
2561 14
2562 10
2563 13
2564 12
2565 13
2566 15
2567 17
2568 15
2569 15
2570 16
2571 13
2572 18
2573 12
2574 22
2575 16
2576 13
2577 12
2578 15
2579 10
2580 15
2581 15
2582 7
2583 11
2584 12
2585 16
2586 20
2587 10
2588 15
2589 8
2590 19
2591 17
2592 11
2593 16
2594 13
2595 13
2596 13
2597 13
2598 17
2599 14
2600 15
2601 15
2602 11
2603 19
2604 18
2605 17
2606 15
2607 13
2608 20
2609 18
2610 12
2611 13
2612 15
2613 15
2614 24
2615 14
2616 9
2617 8
2618 11
2619 16
2620 9
2621 12
2622 19
2623 11
2624 13
2625 14
2626 6
2627 12
2628 13
2629 13
2630 12
2631 11
2632 9
2633 19
2634 9
2635 14
2636 14
2637 11
2638 17
2639 13
2640 12
2641 20
2642 17
2643 13
2644 12
2645 14
2646 9
2647 16
2648 7
2649 8
2650 10
2651 10
2652 18
2653 17
2654 10
2655 23
2656 16
2657 13
2658 12
2659 7
2660 11
2661 14
2662 11
2663 12
2664 4
2665 4
2666 17
2667 11
2668 13
2669 11
2670 12
2671 17
2672 12
2673 7
2674 13
2675 10
2676 10
2677 8
2678 13
2679 16
2680 5
2681 13
2682 16
2683 17
2684 14
2685 7
2686 12
2687 17
2688 8
2689 15
2690 11
2691 8
2692 13
2693 19
2694 12
2695 17
2696 7
2697 5
2698 12
2699 9
2700 18
2701 4
2702 12
2703 6
2704 18
2705 15
2706 5
2707 12
2708 7
2709 9
2710 6
2711 13
2712 8
2713 10
2714 11
2715 11
2716 6
2717 9
2718 6
2719 12
2720 16
2721 11
2722 10
2723 9
2724 14
2725 9
2726 8
2727 13
2728 10
2729 11
2730 15
2731 12
2732 16
2733 13
2734 10
2735 12
2736 9
2737 16
2738 15
2739 8
2740 8
2741 11
2742 11
2743 15
2744 9
2745 12
2746 14
2747 10
2748 5
2749 11
2750 8
2751 17
2752 8
2753 9
2754 11
2755 16
2756 5
2757 7
2758 11
2759 9
2760 11
2761 20
2762 13
2763 17
2764 16
2765 12
2766 6
2767 13
2768 16
2769 4
2770 10
2771 14
2772 15
2773 11
2774 12
2775 12
2776 7
2777 3
2778 14
2779 8
2780 12
2781 12
2782 14
2783 7
2784 14
2785 4
2786 17
2787 11
2788 10
2789 9
2790 6
2791 12
2792 7
2793 6
2794 7
2795 11
2796 11
2797 15
2798 6
2799 8
2800 13
2801 8
2802 8
2803 12
2804 6
2805 11
2806 7
2807 13
2808 12
2809 14
2810 6
2811 9
2812 8
2813 9
2814 12
2815 7
2816 11
2817 10
2818 13
2819 9
2820 10
2821 17
2822 14
2823 6
2824 5
2825 11
2826 10
2827 12
2828 9
2829 10
2830 10
2831 11
2832 10
2833 7
2834 13
2835 6
2836 12
2837 13
2838 5
2839 16
2840 10
2841 11
2842 7
2843 5
2844 16
2845 9
2846 9
2847 14
2848 9
2849 5
2850 6
2851 9
2852 14
2853 8
2854 6
2855 9
2856 7
2857 9
2858 7
2859 8
2860 9
2861 8
2862 7
2863 9
2864 5
2865 10
2866 12
2867 10
2868 12
2869 12
2870 8
2871 16
2872 4
2873 10
2874 9
2875 6
2876 2
2877 5
2878 5
2879 8
2880 15
2881 8
2882 12
2883 9
2884 5
2885 5
2886 7
2887 11
2888 8
2889 9
2890 6
2891 14
2892 9
2893 13
2894 5
2895 11
2896 8
2897 8
2898 8
2899 11
2900 8
2901 9
2902 12
2903 8
2904 6
2905 17
2906 9
2907 6
2908 13
2909 7
2910 7
2911 9
2912 11
2913 16
2914 8
2915 9
2916 12
2917 10
2918 10
2919 15
2920 6
2921 7
2922 4
2923 5
2924 5
2925 6
2926 9
2927 5
2928 4
2929 3
2930 8
2931 10
2932 8
2933 9
2934 6
2935 10
2936 9
2937 4
2938 18
2939 7
2940 10
2941 10
2942 7
2943 10
2944 4
2945 3
2946 4
2947 8
2948 11
2949 9
2950 11
2951 5
2952 7
2953 9
2954 5
2955 13
2956 7
2957 7
2958 7
2959 6
2960 9
2961 4
2962 9
2963 7
2964 6
2965 9
2966 8
2967 9
2968 5
2969 1
2970 4
2971 8
2972 3
2973 12
2974 6
2975 7
2976 11
2977 7
2978 7
2979 10
2980 11
2981 6
2982 6
2983 8
2984 5
2985 11
2986 7
2987 8
2988 5
2989 12
2990 9
2991 7
2992 6
2993 7
2994 9
2995 11
2996 7
2997 6
2998 3
2999 4
3000 7
3001 12
3002 5
3003 7
3004 5
3005 9
3006 7
3007 4
3008 7
3009 3
3010 6
3011 9
3012 6
3013 11
3014 9
3015 1
3016 11
3017 7
3018 7
3019 4
3020 7
3021 10
3022 7
3023 9
3024 7
3025 7
3026 6
3027 9
3028 10
3029 8
3030 7
3031 3
3032 6
3033 10
3034 6
3035 6
3036 4
3037 3
3038 14
3039 6
3040 8
3041 7
3042 13
3043 1
3044 2
3045 7
3046 7
3047 5
3048 10
3049 9
3050 6
3051 4
3052 10
3053 7
3054 7
3055 11
3056 3
3057 9
3058 12
3059 9
3060 5
3061 6
3062 11
3063 8
3064 4
3065 6
3066 12
3067 8
3068 9
3069 11
3070 11
3071 9
3072 6
3073 4
3074 10
3075 8
3076 2
3077 5
3078 10
3079 4
3080 7
3081 13
3082 3
3083 7
3084 6
3085 11
3086 5
3087 7
3088 6
3089 3
3090 7
3091 5
3092 7
3093 4
3094 8
3095 10
3096 7
3097 9
3098 9
3099 8
3100 8
3101 7
3102 4
3103 8
3104 7
3105 8
3106 6
3107 4
3108 7
3109 6
3110 10
3111 6
3112 12
3113 12
3114 7
3115 4
3116 8
3117 3
3118 9
3119 2
3120 16
3121 5
3122 6
3123 3
3124 5
3125 3
3126 2
3127 8
3128 9
3129 10
3130 5
3131 5
3132 6
3133 6
3134 5
3135 1
3136 5
3137 8
3138 9
3139 9
3140 8
3141 5
3142 5
3143 5
3144 7
3145 4
3146 7
3147 8
3148 6
3149 4
3150 8
3151 4
3152 8
3153 3
3154 2
3155 9
3156 7
3157 7
3158 6
3159 5
3160 5
3161 7
3162 6
3163 2
3164 3
3165 4
3166 13
3167 7
3168 8
3169 6
3170 5
3171 11
3172 13
3173 8
3174 5
3175 10
3176 6
3177 7
3178 4
3179 2
3180 5
3181 4
3182 5
3183 6
3184 9
3185 6
3186 4
3187 6
3188 7
3189 3
3190 9
3191 4
3192 8
3193 6
3194 4
3195 5
3196 5
3197 9
3198 5
3199 9
3200 7
3201 6
3202 10
3203 7
3204 3
3205 10
3206 7
3207 5
3208 7
3209 6
3210 7
3211 6
3212 4
3213 10
3214 4
3215 4
3216 3
3217 7
3218 4
3219 2
3220 5
3221 7
3222 7
3223 7
3224 5
3225 6
3226 6
3227 5
3228 4
3229 4
3230 3
3231 5
3232 9
3233 5
3234 3
3235 12
3236 3
3237 9
3238 10
3239 6
3240 4
3241 3
3242 10
3243 13
3244 7
3245 4
3246 7
3247 5
3248 7
3249 4
3250 1
3251 8
3252 5
3253 7
3254 2
3255 8
3256 7
3257 3
3258 6
3259 3
3260 7
3261 9
3262 7
3263 2
3264 8
3265 4
3266 3
3267 3
3268 6
3269 3
3270 6
3271 7
3272 4
3273 9
3274 8
3275 2
3276 4
3277 7
3278 5
3279 8
3280 4
3281 4
3282 8
3283 6
3284 1
3285 2
3286 6
3287 5
3288 5
3289 6
3290 4
3291 2
3292 5
3293 9
3294 9
3295 4
3296 2
3297 6
3298 2
3299 2
3300 6
3301 2
3302 6
3303 10
3304 4
3305 9
3306 4
3307 1
3308 5
3309 1
3310 3
3311 8
3312 5
3313 4
3314 6
3315 4
3316 6
3317 3
3318 9
3319 9
3320 2
3321 5
3322 5
3323 8
3324 7
3325 4
3326 8
3327 3
3328 5
3329 2
3330 2
3331 7
3332 2
3333 9
3334 2
3335 5
3336 5
3337 7
3338 5
3339 4
3340 5
3341 7
3342 8
3343 5
3344 7
3345 2
3346 8
3347 1
3348 3
3349 6
3350 3
3351 2
3352 6
3353 4
3354 3
3355 6
3356 3
3357 3
3358 5
3359 3
3360 6
3361 7
3362 7
3363 6
3364 5
3365 2
3366 5
3367 6
3368 2
3369 6
3370 6
3371 6
3372 3
3373 4
3374 1
3375 5
3376 7
3377 3
3378 5
3379 4
3380 6
3381 9
3382 4
3383 3
3384 2
3385 3
3386 3
3387 2
3388 9
3389 6
3390 4
3391 5
3392 6
3393 4
3394 3
3395 4
3396 4
3397 6
3398 3
3399 8
3400 3
3401 6
3402 9
3403 9
3404 3
3405 6
3406 9
3407 8
3408 4
3409 4
3410 4
3411 6
3412 5
3413 3
3414 4
3415 8
3416 7
3417 6
3418 4
3419 3
3420 4
3421 5
3422 3
3423 8
3424 3
3425 3
3426 4
3427 4
3428 4
3429 4
3430 3
3431 1
3432 4
3433 5
3434 7
3435 4
3436 6
3437 1
3438 4
3439 4
3440 3
3441 4
3442 3
3443 3
3444 4
3445 1
3446 3
3447 2
3448 1
3449 3
3450 5
3451 4
3452 6
3453 11
3454 4
3455 5
3456 4
3457 3
3458 8
3459 4
3460 4
3461 4
3462 4
3463 6
3464 5
3465 6
3466 4
3467 5
3468 8
3469 6
3470 2
3471 5
3472 4
3473 6
3474 3
3475 4
3476 5
3477 1
3478 3
3479 3
3480 5
3481 5
3482 4
3483 4
3484 4
3485 8
3486 3
3487 9
3488 2
3489 2
3490 1
3491 1
3492 5
3493 3
3494 3
3495 4
3496 3
3497 4
3498 8
3499 3
3500 7
3501 6
3502 2
3503 3
3504 2
3505 2
3506 2
3507 2
3508 4
3509 3
3510 8
3511 7
3512 1
3513 5
3514 2
3515 2
3516 2
3517 5
3518 4
3519 2
3520 2
3521 4
3522 4
3523 5
3524 4
3525 5
3526 2
3527 3
3528 2
3529 7
3530 5
3531 4
3532 4
3533 5
3534 4
3535 5
3536 3
3537 6
3538 7
3539 4
3540 4
3541 7
3542 2
3543 6
3544 2
3545 5
3546 3
3547 4
3548 4
3549 4
3550 3
3551 4
3552 3
3554 5
3555 2
3556 3
3557 2
3558 5
3559 7
3560 4
3561 4
3562 4
3563 7
3564 6
3566 4
3567 3
3568 7
3569 6
3570 4
3571 2
3572 2
3573 1
3574 5
3575 5
3576 3
3577 6
3578 3
3579 6
3580 5
3581 6
3582 7
3583 2
3584 2
3585 6
3586 4
3587 3
3588 4
3589 5
3590 3
3591 3
3592 4
3593 3
3594 3
3595 1
3596 3
3597 6
3598 3
3599 6
3600 3
3601 7
3602 2
3603 5
3604 1
3605 1
3606 2
3607 4
3608 3
3609 3
3610 3
3611 3
3612 4
3613 6
3614 11
3615 4
3616 4
3617 2
3618 3
3620 4
3621 1
3622 2
3623 3
3624 3
3625 2
3626 5
3627 2
3628 3
3629 2
3630 4
3631 2
3632 6
3633 5
3634 9
3635 1
3637 4
3638 3
3639 2
3640 3
3641 2
3642 3
3643 3
3644 4
3645 2
3646 7
3647 2
3648 1
3649 3
3650 5
3651 7
3652 4
3653 2
3654 2
3655 1
3656 1
3657 3
3658 3
3659 3
3660 5
3661 3
3662 1
3663 8
3664 4
3665 3
3666 2
3667 2
3668 3
3669 6
3670 2
3671 1
3672 5
3673 3
3674 1
3675 4
3678 6
3679 1
3680 3
3681 5
3682 3
3683 3
3684 4
3685 2
3686 3
3687 2
3688 3
3689 3
3690 6
3691 2
3692 5
3693 1
3694 2
3695 1
3696 4
3697 2
3698 5
3699 3
3700 1
3702 3
3703 3
3704 3
3705 4
3706 2
3707 3
3708 4
3709 3
3710 2
3711 5
3712 3
3713 4
3714 4
3715 5
3718 2
3720 2
3721 4
3722 8
3723 5
3724 4
3725 3
3726 3
3727 1
3728 3
3729 5
3730 4
3731 4
3732 3
3733 3
3734 2
3735 4
3736 6
3737 6
3738 1
3739 3
3740 5
3741 5
3742 2
3743 2
3744 5
3745 2
3746 4
3747 4
3748 1
3749 2
3750 4
3751 2
3752 4
3753 5
3754 5
3755 3
3757 5
3758 2
3759 2
3760 3
3761 2
3762 3
3764 2
3765 2
3766 2
3767 1
3768 4
3771 3
3772 3
3773 3
3774 2
3775 5
3776 3
3777 2
3778 6
3779 7
3780 2
3781 5
3782 1
3783 3
3784 3
3785 6
3786 1
3787 3
3788 4
3790 2
3791 1
3792 3
3793 9
3794 2
3795 4
3796 2
3797 4
3798 4
3799 2
3800 1
3801 3
3802 5
3803 2
3804 2
3805 1
3806 3
3807 5
3808 1
3809 1
3810 1
3811 4
3812 2
3813 5
3814 3
3815 3
3816 1
3817 1
3818 4
3820 4
3821 2
3822 4
3823 5
3824 1
3825 4
3826 4
3827 1
3828 1
3829 3
3830 2
3831 1
3832 5
3833 4
3834 3
3835 1
3836 6
3837 4
3838 4
3839 6
3841 2
3842 3
3843 4
3844 3
3845 2
3846 2
3847 1
3848 3
3849 4
3850 1
3851 4
3852 2
3853 3
3854 3
3855 3
3856 3
3857 2
3858 6
3859 2
3860 3
3861 3
3862 1
3863 3
3864 1
3865 3
3866 5
3867 3
3868 3
3869 3
3870 3
3871 2
3872 4
3873 1
3874 2
3875 1
3876 3
3877 2
3878 2
3879 1
3880 3
3881 1
3882 3
3883 4
3884 3
3885 2
3886 4
3887 1
3888 2
3889 4
3891 3
3892 5
3893 3
3894 1
3895 2
3896 4
3897 7
3898 2
3899 6
3900 5
3901 1
3902 3
3903 2
3904 2
3905 2
3906 3
3908 4
3909 4
3910 4
3912 3
3913 5
3914 1
3915 5
3916 4
3917 4
3918 5
3919 2
3920 2
3922 5
3924 3
3925 4
3926 3
3927 4
3928 1
3929 2
3930 4
3931 2
3932 1
3933 3
3934 3
3935 2
3936 2
3937 2
3938 3
3939 2
3940 2
3941 5
3942 4
3943 1
3944 3
3945 1
3946 7
3947 6
3948 3
3949 2
3950 5
3952 1
3953 3
3954 1
3955 2
3956 6
3957 6
3958 3
3959 2
3960 3
3961 1
3962 1
3963 3
3966 3
3967 2
3968 2
3969 6
3970 5
3971 1
3972 3
3973 3
3974 4
3975 3
3976 1
3978 3
3979 5
3980 3
3981 3
3982 1
3983 2
3984 3
3985 4
3987 2
3988 2
3989 1
3991 2
3992 2
3993 3
3994 1
3995 1
3996 1
3997 2
3998 1
3999 3
4000 3
4001 1
4002 2
4003 2
4004 4
4005 3
4007 1
4008 3
4009 2
4010 1
4011 5
4012 6
4013 1
4014 3
4015 1
4016 4
4017 3
4018 2
4019 6
4020 1
4021 6
4022 6
4024 3
4025 3
4026 1
4027 1
4028 3
4029 3
4030 1
4031 1
4032 3
4033 3
4035 2
4036 5
4037 1
4039 1
4040 2
4041 3
4042 2
4043 4
4044 2
4045 3
4046 3
4047 1
4048 2
4049 3
4050 3
4051 3
4052 1
4053 3
4055 1
4056 3
4057 3
4058 2
4061 2
4062 2
4064 4
4065 2
4067 3
4068 3
4069 3
4070 2
4071 1
4072 3
4073 3
4074 1
4075 3
4077 1
4078 3
4080 1
4081 5
4082 3
4083 1
4084 3
4085 3
4086 1
4087 5
4088 2
4089 2
4090 6
4091 3
4092 3
4093 2
4094 3
4095 5
4096 2
4097 1
4098 2
4099 1
4100 3
4102 3
4103 4
4104 2
4106 1
4107 4
4108 2
4110 2
4111 2
4112 2
4113 2
4114 1
4115 4
4117 1
4118 1
4119 3
4121 2
4122 2
4123 3
4124 3
4125 2
4126 4
4127 3
4128 2
4129 2
4130 1
4131 3
4132 2
4133 1
4134 1
4135 1
4136 2
4137 2
4138 1
4139 2
4141 4
4142 2
4143 2
4144 1
4146 2
4147 2
4148 3
4149 1
4150 1
4151 2
4153 2
4154 3
4155 1
4156 1
4157 1
4158 2
4159 1
4160 2
4161 3
4162 3
4163 2
4165 4
4166 5
4167 2
4168 1
4169 1
4170 3
4171 1
4172 3
4173 4
4174 3
4175 1
4176 4
4177 1
4178 1
4179 1
4180 2
4181 1
4183 2
4184 4
4185 2
4186 3
4187 2
4188 2
4189 2
4190 1
4192 1
4193 1
4194 1
4195 2
4196 4
4197 1
4199 3
4200 3
4201 1
4202 3
4203 1
4204 1
4207 1
4208 1
4210 1
4211 1
4212 1
4213 3
4214 2
4215 5
4216 2
4217 2
4218 5
4219 2
4220 3
4221 1
4222 4
4223 1
4224 3
4226 2
4227 1
4229 1
4230 1
4231 2
4232 2
4233 2
4234 1
4235 3
4236 1
4237 1
4238 2
4239 1
4240 2
4242 2
4243 1
4244 3
4246 2
4247 3
4248 3
4249 1
4250 1
4251 2
4252 7
4253 1
4255 2
4256 2
4257 2
4258 1
4259 2
4260 2
4261 3
4262 1
4263 4
4264 2
4265 3
4266 3
4267 5
4268 2
4269 3
4270 2
4271 2
4272 2
4273 2
4274 2
4275 2
4276 3
4277 3
4279 3
4280 2
4282 3
4283 3
4284 1
4285 1
4286 2
4287 3
4288 2
4289 3
4290 4
4291 1
4292 3
4293 1
4295 2
4296 2
4297 4
4298 4
4299 3
4300 2
4301 2
4302 2
4303 4
4304 1
4305 1
4307 3
4308 1
4309 1
4310 2
4311 3
4312 1
4313 4
4314 1
4315 1
4316 2
4317 2
4318 3
4319 3
4321 2
4322 1
4323 3
4324 2
4325 2
4326 4
4328 3
4329 2
4330 2
4331 1
4332 3
4334 3
4335 1
4337 2
4339 6
4344 4
4345 1
4346 1
4347 2
4348 2
4349 2
4350 2
4352 1
4353 4
4354 2
4355 1
4356 1
4357 3
4358 2
4360 1
4361 2
4362 1
4364 1
4365 1
4366 4
4368 1
4369 2
4370 2
4371 1
4372 2
4373 2
4374 1
4375 2
4376 2
4378 2
4379 3
4380 3
4381 1
4382 4
4383 1
4384 1
4386 1
4387 3
4388 3
4389 3
4390 1
4391 4
4393 3
4395 1
4396 1
4397 2
4398 2
4399 3
4400 2
4401 1
4402 2
4403 3
4404 2
4405 3
4406 4
4407 2
4408 3
4409 1
4410 3
4411 2
4413 1
4414 3
4415 3
4417 3
4420 1
4421 1
4422 2
4423 2
4425 1
4426 2
4427 2
4428 3
4429 2
4430 4
4432 4
4433 3
4434 1
4435 1
4436 2
4437 2
4438 2
4439 4
4440 1
4441 3
4442 4
4444 1
4445 2
4446 1
4448 4
4449 5
4450 2
4452 1
4453 2
4454 1
4455 2
4456 3
4457 2
4458 7
4459 2
4460 5
4461 2
4463 1
4464 1
4465 1
4466 2
4467 2
4468 2
4469 1
4470 1
4471 1
4473 3
4474 2
4475 3
4476 3
4477 2
4478 1
4479 1
4480 3
4481 1
4482 1
4483 1
4485 2
4488 4
4490 2
4491 1
4492 3
4493 3
4494 3
4495 1
4496 1
4498 2
4500 2
4503 5
4504 3
4505 3
4506 3
4507 1
4508 2
4509 2
4510 1
4512 1
4513 2
4514 1
4516 3
4518 5
4519 3
4520 1
4521 2
4522 2
4525 1
4526 2
4529 2
4530 1
4531 1
4533 2
4536 1
4537 3
4538 2
4539 1
4540 1
4541 2
4542 3
4543 1
4544 3
4546 1
4547 2
4548 1
4549 2
4550 3
4551 1
4553 2
4554 3
4555 1
4556 1
4557 2
4558 2
4559 2
4560 4
4561 2
4563 1
4564 1
4565 6
4566 3
4567 3
4568 1
4569 1
4570 2
4571 2
4572 2
4573 3
4574 2
4576 2
4577 1
4578 2
4579 3
4580 1
4581 3
4583 1
4584 3
4585 2
4586 2
4587 3
4588 2
4589 1
4592 1
4594 2
4596 3
4597 2
4599 1
4600 3
4601 1
4602 1
4603 2
4605 1
4608 2
4610 2
4611 1
4612 1
4613 3
4614 2
4615 1
4616 2
4618 3
4619 2
4621 1
4622 2
4623 2
4624 1
4625 3
4626 1
4627 3
4628 2
4629 3
4630 2
4631 1
4632 3
4633 4
4634 2
4635 1
4636 5
4637 3
4638 1
4639 2
4640 5
4641 1
4642 1
4643 1
4645 1
4647 1
4648 5
4649 1
4650 3
4651 2
4652 1
4654 2
4655 1
4656 1
4657 3
4658 1
4660 1
4661 3
4662 1
4663 2
4664 1
4665 1
4667 1
4669 1
4670 2
4672 1
4673 1
4675 2
4676 3
4677 1
4678 1
4679 1
4681 1
4682 1
4683 2
4686 3
4687 1
4688 3
4689 3
4691 2
4692 1
4693 2
4694 1
4695 1
4697 3
4698 1
4699 3
4700 1
4701 2
4703 1
4704 3
4706 4
4708 1
4710 1
4711 1
4712 2
4713 2
4715 2
4716 2
4717 2
4719 2
4720 2
4721 1
4722 4
4724 5
4726 2
4727 2
4728 1
4729 3
4730 1
4731 2
4733 1
4734 2
4735 2
4736 1
4737 1
4738 3
4739 2
4740 1
4741 1
4742 2
4744 3
4745 1
4746 2
4747 4
4748 2
4749 2
4751 3
4752 1
4753 2
4754 3
4755 1
4756 1
4757 1
4759 1
4760 1
4761 1
4763 2
4765 1
4766 1
4771 2
4773 1
4774 1
4775 1
4777 3
4778 3
4779 3
4784 2
4785 2
4786 2
4787 2
4788 1
4789 1
4790 1
4792 1
4793 3
4794 4
4795 1
4798 2
4799 3
4802 1
4805 2
4807 1
4808 1
4810 2
4811 2
4812 2
4813 1
4814 2
4815 4
4817 1
4818 1
4819 2
4820 3
4821 1
4822 2
4823 3
4824 2
4825 3
4826 3
4827 1
4828 2
4829 1
4830 1
4831 1
4833 2
4835 2
4836 2
4837 2
4838 1
4839 1
4840 1
4841 1
4842 1
4844 1
4845 2
4846 1
4848 3
4849 2
4851 2
4852 1
4854 2
4856 2
4857 1
4859 2
4860 1
4862 1
4863 1
4866 1
4867 4
4870 2
4872 2
4874 2
4875 3
4876 1
4877 1
4878 2
4879 2
4881 1
4882 2
4885 2
4886 1
4887 3
4889 1
4894 2
4898 1
4900 2
4901 1
4902 1
4903 1
4904 3
4905 2
4907 2
4908 2
4909 2
4912 1
4913 2
4914 3
4918 3
4919 1
4920 1
4922 1
4926 1
4927 1
4929 2
4930 1
4934 2
4936 3
4937 2
4939 2
4940 2
4942 2
4945 1
4946 3
4949 2
4950 2
4951 2
4952 1
4953 3
4954 1
4955 1
4956 1
4957 2
4958 1
4959 2
4960 1
4961 2
4962 1
4963 1
4964 1
4967 1
4968 1
4970 1
4971 1
4972 1
4974 1
4975 3
4976 4
4978 2
4979 1
4980 1
4981 1
4982 2
4983 1
4984 1
4986 3
4987 3
4990 3
4991 2
4992 2
4994 1
4996 3
4997 3
4998 1
5000 2
5001 1
5003 1
5004 1
5005 1
5006 2
5008 1
5009 1
5010 1
5011 3
5014 2
5015 1
5016 3
5017 2
5018 1
5019 5
5020 1
5021 2
5022 2
5023 4
5024 1
5027 2
5028 3
5029 2
5031 1
5032 2
5033 3
5037 2
5038 2
5039 2
5040 1
5043 1
5044 1
5045 1
5046 2
5047 1
5048 1
5049 1
5053 2
5054 1
5055 1
5056 1
5057 1
5058 3
5059 2
5060 1
5062 2
5063 1
5064 1
5066 2
5068 2
5070 1
5071 2
5072 2
5073 1
5074 2
5075 2
5077 1
5078 2
5081 1
5085 2
5086 4
5087 2
5089 1
5090 2
5091 3
5094 1
5095 2
5096 2
5098 1
5099 1
5100 1
5101 2
5102 2
5105 1
5106 1
5107 1
5109 1
5110 2
5112 1
5113 1
5115 3
5116 1
5117 1
5119 2
5121 1
5122 1
5123 1
5133 2
5134 1
5135 2
5137 2
5138 2
5139 1
5140 2
5141 3
5142 2
5144 1
5146 1
5148 1
5149 2
5150 1
5151 1
5152 2
5154 2
5155 2
5157 1
5158 1
5159 1
5160 2
5161 1
5162 1
5163 1
5165 2
5166 2
5167 2
5170 3
5172 1
5173 2
5174 2
5180 1
5181 1
5182 1
5183 1
5185 4
5187 2
5188 1
5189 1
5190 1
5193 1
5195 2
5204 1
5206 2
5207 2
5209 1
5210 1
5211 1
5215 1
5216 1
5217 1
5219 1
5220 1
5221 1
5222 2
5223 1
5224 2
5226 1
5227 1
5229 1
5230 1
5232 2
5233 3
5235 2
5238 2
5240 2
5241 1
5243 2
5248 4
5249 2
5250 3
5251 3
5253 2
5255 1
5256 2
5258 3
5259 1
5261 1
5262 1
5263 1
5265 1
5269 2
5270 2
5271 2
5274 1
5277 1
5282 2
5284 2
5285 1
5286 1
5287 1
5289 1
5290 2
5292 1
5293 4
5294 1
5295 1
5297 2
5300 1
5301 4
5302 1
5304 2
5306 2
5307 4
5308 1
5310 3
5311 2
5312 3
5315 3
5316 1
5317 1
5318 3
5319 1
5320 2
5322 2
5324 2
5328 1
5330 3
5331 1
5332 3
5334 2
5336 2
5341 3
5342 1
5343 2
5344 2
5345 1
5346 1
5347 1
5354 1
5355 1
5356 2
5357 1
5358 2
5360 1
5362 1
5367 4
5369 2
5371 2
5372 2
5375 1
5376 1
5377 1
5379 1
5380 2
5381 2
5382 2
5383 1
5385 1
5388 1
5389 1
5390 2
5392 3
5393 2
5397 1
5398 2
5401 2
5403 1
5405 1
5407 1
5408 1
5410 2
5412 1
5414 1
5415 1
5416 1
5417 1
5418 2
5419 1
5422 1
5424 2
5425 1
5428 2
5429 2
5430 1
5433 1
5434 1
5437 2
5439 1
5440 2
5442 2
5443 1
5444 1
5448 1
5449 1
5453 2
5454 1
5455 1
5457 1
5458 1
5459 3
5461 3
5462 1
5464 1
5465 1
5467 1
5468 1
5470 1
5472 1
5474 1
5477 1
5478 2
5481 1
5482 1
5486 3
5487 1
5488 2
5489 2
5491 1
5492 1
5494 2
5495 3
5497 1
5498 3
5499 1
5500 1
5501 2
5503 1
5505 1
5507 1
5508 2
5509 1
5512 2
5514 1
5515 2
5516 1
5518 1
5519 1
5521 1
5524 1
5525 1
5526 2
5527 1
5530 1
5531 1
5534 2
5535 2
5536 1
5540 2
5541 1
5543 1
5546 2
5547 2
5549 1
5550 1
5551 2
5555 1
5557 2
5561 1
5562 1
5563 1
5564 1
5565 1
5566 2
5567 1
5568 1
5569 1
5570 1
5571 1
5573 3
5576 2
5580 2
5582 1
5584 1
5587 2
5588 2
5589 1
5590 1
5591 1
5594 1
5595 1
5596 1
5598 1
5601 1
5604 1
5605 3
5607 1
5608 1
5613 1
5615 3
5616 2
5617 1
5618 1
5619 1
5622 2
5625 1
5630 1
5631 2
5632 1
5633 1
5636 4
5638 2
5639 1
5640 4
5643 1
5644 3
5645 1
5646 1
5647 4
5648 1
5651 1
5652 1
5653 1
5654 1
5655 1
5657 1
5661 2
5663 1
5664 1
5667 1
5668 1
5670 1
5672 2
5674 1
5676 1
5677 1
5681 1
5682 1
5683 1
5685 1
5694 1
5695 1
5696 2
5698 1
5699 2
5702 2
5703 1
5716 1
5719 1
5720 3
5724 1
5725 1
5727 1
5728 2
5729 1
5730 1
5733 1
5734 1
5736 1
5740 1
5742 1
5745 1
5747 1
5750 1
5753 3
5754 3
5755 2
5756 1
5757 1
5758 2
5759 1
5762 1
5764 1
5765 1
5766 1
5768 1
5770 1
5771 2
5772 1
5773 1
5774 2
5776 1
5777 2
5778 1
5779 1
5781 1
5782 2
5783 2
5785 1
5786 1
5787 1
5791 1
5794 1
5798 1
5799 1
5800 1
5801 2
5804 2
5806 1
5808 1
5810 1
5811 1
5812 1
5814 2
5815 1
5816 1
5820 2
5821 2
5822 2
5823 1
5824 1
5825 1
5826 3
5827 2
5828 1
5830 1
5833 1
5834 1
5838 1
5840 1
5843 2
5844 2
5845 3
5846 1
5848 3
5850 1
5855 1
5856 1
5857 1
5861 1
5862 1
5863 2
5865 1
5871 1
5872 1
5874 1
5875 1
5878 1
5881 3
5883 1
5885 2
5886 2
5888 2
5890 1
5895 1
5901 1
5903 1
5904 2
5906 1
5907 1
5908 1
5910 2
5911 1
5913 4
5914 3
5915 1
5916 1
5917 1
5918 1
5919 1
5921 1
5923 1
5924 1
5925 1
5927 1
5928 1
5929 1
5930 1
5932 1
5933 2
5935 1
5937 1
5939 2
5941 1
5942 1
5944 1
5945 3
5946 2
5947 1
5948 1
5949 1
5950 1
5951 2
5952 1
5955 3
5956 2
5957 1
5958 1
5961 1
5962 1
5963 1
5964 1
5966 1
5969 1
5971 1
5972 1
5973 2
5974 1
5977 2
5979 2
5980 1
5981 1
5982 1
5983 1
5985 1
5986 1
5987 1
5989 2
5990 1
5991 1
5992 1
5993 3
5994 1
5995 1
5999 1
6000 1
6001 1
6002 2
6003 1
6005 1
6007 1
6008 1
6009 1
6010 1
6011 1
6012 1
6014 2
6015 3
6016 1
6018 1
6019 1
6021 2
6023 2
6029 3
6032 1
6034 3
6035 1
6036 2
6037 1
6038 1
6043 1
6045 1
6050 1
6051 1
6052 1
6054 2
6059 2
6064 1
6066 2
6067 1
6068 1
6069 1
6070 1
6076 3
6078 3
6079 1
6080 1
6081 1
6086 2
6087 1
6089 4
6091 2
6095 2
6096 1
6097 1
6098 1
6099 2
6104 1
6108 1
6110 1
6113 1
6114 2
6115 1
6118 2
6119 1
6122 2
6123 1
6125 1
6131 1
6135 1
6137 2
6138 1
6139 3
6142 2
6143 1
6150 1
6151 1
6153 2
6155 1
6156 1
6157 2
6158 1
6160 1
6161 2
6163 1
6167 2
6169 2
6176 1
6183 1
6186 2
6187 3
6191 2
6192 1
6193 1
6194 1
6196 3
6198 1
6203 1
6206 1
6207 1
6208 1
6210 1
6213 2
6214 1
6216 1
6219 3
6220 1
6221 1
6223 2
6224 1
6227 1
6231 2
6234 2
6238 1
6240 1
6242 1
6243 3
6245 2
6247 3
6250 1
6251 1
6256 1
6257 1
6259 1
6261 1
6265 1
6266 1
6269 1
6270 1
6271 1
6274 1
6276 1
6279 2
6282 1
6288 2
6289 1
6291 1
6292 3
6295 1
6296 1
6298 1
6299 1
6300 1
6301 1
6302 1
6306 2
6308 1
6309 1
6310 1
6312 1
6313 1
6314 1
6315 1
6318 1
6319 2
6320 1
6321 1
6324 1
6325 2
6326 1
6327 1
6330 1
6332 1
6334 1
6337 1
6338 1
6342 1
6345 2
6347 2
6348 1
6349 1
6351 1
6352 2
6354 1
6356 1
6359 1
6360 1
6368 1
6369 1
6370 1
6371 2
6377 2
6382 1
6385 1
6389 1
6398 1
6400 1
6403 1
6406 3
6408 1
6410 1
6411 2
6412 1
6415 1
6416 2
6417 1
6419 1
6420 1
6421 1
6422 1
6426 2
6427 3
6428 1
6430 2
6431 1
6432 1
6435 1
6437 2
6438 1
6439 3
6442 3
6449 1
6450 2
6452 1
6453 2
6456 1
6457 1
6463 1
6464 2
6465 2
6468 2
6472 1
6473 1
6475 1
6476 1
6477 2
6478 2
6490 1
6491 1
6492 1
6496 2
6500 1
6501 2
6502 1
6505 1
6506 1
6507 1
6509 1
6511 1
6517 1
6518 1
6519 3
6520 1
6527 4
6528 1
6533 1
6534 2
6541 1
6542 2
6543 1
6544 2
6545 1
6548 1
6549 1
6551 1
6553 1
6554 1
6555 1
6557 1
6563 3
6564 1
6570 1
6574 1
6575 2
6576 2
6580 1
6581 1
6582 2
6583 3
6584 2
6587 1
6591 1
6592 1
6594 1
6595 1
6598 1
6599 2
6600 1
6601 1
6605 1
6606 1
6608 1
6609 1
6610 1
6614 2
6615 1
6616 1
6617 1
6619 1
6620 1
6624 2
6625 1
6628 1
6632 1
6633 1
6636 1
6637 1
6638 2
6641 3
6646 2
6651 1
6654 2
6655 1
6657 2
6659 1
6660 1
6661 1
6664 1
6665 1
6668 1
6673 1
6680 2
6681 1
6683 1
6686 2
6691 2
6693 1
6694 2
6698 1
6700 1
6702 1
6704 1
6705 1
6706 2
6707 1
6708 2
6709 2
6710 1
6717 1
6718 1
6719 1
6722 1
6724 3
6725 1
6727 1
6731 1
6734 1
6735 1
6736 1
6740 1
6742 1
6743 1
6744 3
6746 1
6748 1
6749 1
6750 1
6751 1
6752 1
6753 1
6755 1
6756 2
6757 2
6758 1
6759 1
6760 1
6763 1
6766 1
6767 1
6768 1
6769 1
6770 1
6772 2
6781 1
6783 2
6787 2
6788 2
6790 1
6793 1
6799 2
6800 3
6804 1
6806 1
6809 2
6810 1
6811 1
6813 1
6815 2
6816 1
6818 2
6820 2
6821 1
6824 2
6825 1
6827 1
6828 3
6829 1
6831 1
6833 2
6834 1
6836 1
6837 2
6840 1
6843 3
6844 1
6845 1
6846 1
6847 3
6848 1
6849 2
6850 1
6852 1
6854 2
6855 1
6858 1
6860 2
6863 1
6867 1
6868 1
6874 1
6875 1
6877 1
6882 1
6884 2
6885 2
6886 1
6888 2
6889 2
6890 1
6892 2
6893 1
6894 1
6895 1
6896 1
6897 1
6900 3
6907 1
6908 2
6909 2
6910 1
6917 1
6922 2
6924 1
6925 2
6927 1
6934 1
6937 1
6941 1
6943 1
6944 1
6945 1
6946 1
6947 3
6954 2
6957 1
6958 1
6959 1
6962 1
6970 1
6971 1
6973 1
6976 1
6977 1
6979 1
6981 1
6983 1
6984 2
6986 1
6991 1
6992 1
6993 1
6996 1
6999 1
7001 4
7005 1
7010 1
7012 1
7019 1
7024 2
7026 2
7027 1
7028 1
7029 1
7032 2
7033 1
7034 3
7035 1
7038 1
7039 1
7042 1
7043 1
7044 1
7046 1
7050 1
7052 1
7060 3
7061 1
7067 1
7071 1
7072 1
7073 2
7074 1
7077 2
7082 1
7084 1
7086 2
7089 2
7090 1
7092 1
7094 3
7097 1
7098 1
7099 1
7102 1
7106 2
7107 1
7109 1
7112 1
7114 1
7117 1
7118 1
7121 1
7129 1
7130 1
7131 2
7133 1
7135 1
7136 1
7138 1
7142 1
7143 1
7145 2
7147 1
7149 1
7153 1
7155 1
7159 2
7162 1
7166 1
7168 2
7173 1
7174 1
7178 1
7179 1
7180 1
7183 1
7186 1
7189 1
7194 1
7195 1
7198 1
7199 3
7201 1
7202 1
7206 2
7207 1
7209 1
7214 2
7222 1
7224 1
7225 1
7230 2
7232 1
7234 1
7236 3
7244 1
7245 2
7247 1
7253 1
7254 1
7261 1
7262 2
7263 2
7265 1
7266 1
7270 1
7274 1
7277 1
7279 1
7280 1
7286 2
7293 1
7294 1
7305 1
7307 1
7311 1
7315 1
7318 2
7319 2
7321 3
7324 1
7326 1
7328 1
7329 2
7335 1
7336 1
7338 1
7339 1
7347 1
7348 1
7349 1
7351 2
7353 1
7354 1
7357 1
7358 1
7360 1
7362 2
7363 1
7366 1
7369 1
7372 1
7374 1
7375 2
7376 3
7377 1
7378 1
7379 1
7380 1
7386 1
7388 1
7389 1
7391 1
7393 2
7395 1
7396 1
7397 1
7401 1
7403 2
7404 1
7405 1
7406 1
7407 2
7410 1
7412 1
7413 1
7414 2
7415 1
7420 3
7421 1
7422 1
7424 1
7425 1
7427 2
7429 2
7431 1
7432 1
7433 2
7438 1
7439 1
7440 1
7442 1
7446 1
7450 1
7451 1
7459 1
7464 1
7467 1
7473 1
7474 1
7476 2
7480 1
7484 2
7485 1
7486 1
7493 1
7495 1
7498 4
7500 2
7502 1
7503 1
7504 1
7518 2
7522 2
7523 1
7524 1
7525 1
7526 1
7528 1
7530 1
7531 2
7534 1
7537 1
7539 1
7541 1
7542 1
7543 2
7545 3
7546 1
7547 1
7549 2
7550 1
7559 3
7562 1
7569 1
7574 1
7576 1
7577 1
7579 2
7581 1
7583 1
7584 3
7587 2
7588 1
7594 1
7595 1
7598 1
7599 1
7600 2
7601 1
7604 1
7608 2
7609 3
7611 1
7614 1
7615 1
7621 1
7625 1
7630 1
7631 1
7632 1
7633 1
7634 2
7636 2
7639 1
7640 1
7642 2
7645 2
7650 1
7651 1
7655 1
7656 2
7657 1
7661 1
7662 1
7663 1
7666 2
7669 3
7670 1
7672 1
7673 2
7675 1
7676 2
7679 1
7680 4
7686 1
7689 2
7690 1
7692 1
7700 2
7702 1
7704 1
7705 1
7706 1
7707 1
7709 1
7711 3
7712 1
7714 2
7717 1
7721 1
7724 1
7727 1
7730 1
7731 1
7732 1
7738 1
7739 1
7740 2
7741 1
7742 1
7743 1
7747 1
7748 1
7754 2
7756 1
7758 1
7761 1
7764 1
7773 1
7776 1
7777 1
7782 1
7783 1
7785 1
7788 1
7789 1
7791 1
7792 1
7795 1
7796 1
7800 1
7801 1
7803 2
7804 1
7811 1
7814 1
7815 1
7821 1
7822 1
7823 2
7825 1
7831 1
7834 2
7835 2
7836 1
7838 1
7841 1
7842 1
7851 1
7854 2
7859 2
7860 1
7869 1
7870 1
7871 2
7872 1
7874 1
7878 3
7884 1
7886 1
7888 1
7889 1
7890 1
7891 1
7894 1
7895 3
7898 2
7900 1
7904 1
7905 2
7906 1
7907 1
7908 2
7909 1
7910 1
7913 1
7914 1
7917 1
7919 1
7921 1
7924 1
7925 1
7926 1
7927 1
7929 1
7932 3
7936 1
7938 1
7940 1
7946 2
7947 1
7948 1
7949 1
7952 1
7953 1
7954 1
7958 1
7961 1
7963 2
7970 1
7974 1
7977 1
7982 1
7987 1
7996 3
8000 1
8001 1
8002 1
8004 2
8007 1
8010 1
8011 1
8012 1
8013 1
8018 1
8021 1
8022 1
8023 1
8025 1
8033 2
8036 1
8037 1
8042 1
8043 1
8044 1
8050 1
8052 1
8053 1
8064 1
8069 1
8070 1
8074 2
8078 1
8082 2
8085 1
8090 2
8094 2
8096 1
8097 2
8099 1
8102 1
8104 1
8106 1
8107 1
8109 3
8111 1
8114 3
8116 1
8117 1
8121 1
8122 1
8125 1
8130 1
8131 2
8132 2
8133 2
8134 1
8135 1
8136 1
8139 1
8140 1
8141 1
8142 1
8151 1
8155 1
8158 1
8159 1
8160 1
8162 1
8163 1
8164 1
8166 1
8169 3
8172 1
8173 1
8176 2
8179 1
8181 1
8183 1
8184 1
8185 1
8186 1
8187 1
8190 1
8193 1
8195 1
8196 1
8199 1
8200 1
8211 2
8212 1
8216 2
8220 1
8221 1
8222 1
8224 2
8234 1
8236 1
8237 1
8238 1
8242 1
8244 2
8245 2
8246 1
8247 1
8249 1
8251 1
8252 1
8256 1
8257 1
8258 1
8260 1
8261 1
8265 1
8266 2
8270 1
8271 1
8273 2
8281 1
8284 1
8286 1
8293 2
8295 1
8296 1
8301 1
8304 2
8305 1
8306 1
8310 2
8312 1
8314 1
8316 1
8318 2
8320 1
8321 1
8323 2
8325 1
8326 2
8332 1
8337 1
8338 1
8340 2
8341 1
8344 2
8346 1
8353 1
8358 1
8360 2
8363 1
8365 3
8368 1
8369 1
8370 1
8373 1
8377 2
8383 1
8385 1
8386 1
8388 1
8391 1
8392 1
8393 1
8395 1
8396 1
8400 1
8402 1
8404 1
8407 1
8408 1
8415 1
8417 1
8419 1
8425 1
8426 2
8430 1
8433 1
8435 1
8436 1
8439 2
8440 1
8444 1
8450 1
8453 1
8457 1
8459 1
8462 1
8464 1
8466 1
8479 1
8480 1
8483 2
8484 1
8487 1
8492 1
8493 1
8494 1
8497 1
8498 2
8505 1
8508 1
8509 1
8510 2
8512 1
8513 1
8515 1
8516 2
8520 2
8523 1
8524 1
8526 1
8528 2
8529 2
8531 1
8535 1
8539 1
8540 1
8543 1
8545 2
8549 1
8552 1
8553 2
8555 1
8563 2
8564 2
8566 2
8570 1
8571 1
8572 1
8573 2
8578 2
8580 2
8581 1
8582 2
8584 1
8588 1
8589 1
8593 1
8596 1
8599 1
8607 1
8612 1
8616 1
8617 1
8619 1
8625 1
8627 1
8628 1
8638 1
8641 1
8645 1
8649 1
8651 1
8652 1
8653 3
8659 1
8662 1
8663 1
8664 1
8665 1
8674 1
8675 2
8676 1
8678 2
8682 1
8685 1
8686 4
8692 1
8695 1
8698 1
8699 1
8701 2
8702 1
8703 1
8706 1
8709 2
8710 1
8711 1
8713 1
8715 1
8716 1
8717 1
8721 2
8723 2
8724 2
8727 1
8728 1
8731 1
8732 3
8733 2
8736 1
8737 1
8740 2
8741 1
8745 1
8751 1
8752 1
8754 1
8755 1
8757 1
8758 1
8766 1
8771 1
8772 1
8775 1
8777 1
8780 1
8781 1
8783 2
8784 2
8788 1
8790 2
8791 1
8794 1
8796 1
8801 2
8803 1
8804 2
8811 2
8813 1
8819 2
8820 1
8823 2
8824 2
8828 1
8835 1
8836 1
8838 3
8839 1
8847 1
8853 2
8855 1
8857 1
8859 1
8861 2
8862 1
8864 2
8866 1
8867 2
8872 2
8873 1
8874 1
8876 2
8880 1
8882 2
8883 1
8884 1
8886 2
8889 1
8891 1
8895 1
8896 1
8899 2
8906 1
8908 1
8917 1
8923 1
8924 1
8925 1
8926 1
8927 1
8930 2
8934 1
8935 1
8937 1
8940 1
8941 1
8946 2
8951 2
8952 1
8953 2
8959 1
8964 1
8966 1
8968 1
8970 1
8974 2
8975 1
8976 1
8977 1
8980 3
8982 1
8983 2
8985 2
8986 1
8989 1
8990 1
8991 1
8997 1
8998 1
8999 1
9005 1
9007 1
9012 2
9015 1
9016 1
9018 1
9020 2
9024 1
9028 1
9030 2
9036 1
9040 1
9041 1
9042 1
9044 1
9051 1
9052 1
9060 1
9061 1
9062 1
9065 1
9066 1
9067 1
9070 1
9071 1
9072 1
9073 1
9074 1
9081 1
9084 1
9087 1
9093 1
9096 3
9097 1
9102 5
9103 2
9104 2
9105 1
9107 2
9108 1
9110 1
9112 1
9113 1
9116 1
9117 1
9121 1
9122 1
9123 1
9130 1
9133 1
9134 1
9135 1
9141 1
9142 1
9144 1
9153 1
9154 1
9156 1
9157 2
9160 1
9162 2
9171 1
9178 1
9179 1
9181 2
9183 1
9184 2
9185 2
9186 1
9190 1
9191 1
9194 2
9195 1
9199 1
9203 2
9205 1
9206 2
9213 1
9219 1
9225 1
9227 2
9230 1
9231 1
9233 1
9241 1
9242 1
9247 1
9250 1
9258 1
9261 1
9262 1
9265 1
9266 1
9268 1
9269 1
9272 1
9280 1
9282 1
9283 1
9284 1
9285 1
9286 1
9290 5
9298 1
9300 1
9302 1
9305 1
9306 1
9309 1
9310 1
9314 2
9315 3
9316 1
9317 1
9320 1
9321 1
9322 3
9323 1
9330 2
9332 1
9334 1
9338 1
9339 1
9340 1
9344 1
9346 1
9349 1
9351 2
9360 1
9363 1
9364 1
9365 1
9366 1
9371 1
9372 1
9377 1
9379 1
9380 1
9381 1
9382 1
9388 1
9395 1
9397 1
9401 2
9405 1
9407 1
9408 1
9415 1
9417 1
9421 1
9424 1
9425 2
9427 1
9428 1
9429 2
9430 1
9431 2
9435 1
9437 2
9444 1
9449 1
9453 1
9456 1
9460 1
9464 1
9466 1
9470 2
9474 2
9475 1
9476 1
9478 1
9485 1
9488 1
9493 1
9497 1
9502 2
9503 1
9505 2
9516 1
9520 1
9523 1
9524 1
9526 2
9530 2
9531 1
9532 1
9538 1
9540 3
9541 2
9542 1
9547 4
9549 2
9550 1
9552 1
9562 3
9563 1
9569 1
9571 1
9573 1
9577 1
9583 1
9585 1
9586 1
9588 1
9597 3
9599 2
9604 1
9608 1
9609 1
9618 1
9620 1
9621 1
9630 1
9631 1
9633 1
9634 1
9635 1
9636 1
9643 1
9647 1
9649 1
9650 1
9652 1
9653 1
9655 1
9656 1
9658 1
9660 1
9663 1
9671 1
9672 1
9675 1
9679 1
9683 1
9684 1
9688 2
9689 1
9703 1
9708 1
9709 2
9710 1
9712 2
9714 1
9717 1
9720 1
9721 1
9722 1
9724 1
9728 1
9730 2
9736 1
9739 1
9740 1
9743 1
9746 1
9747 1
9748 1
9749 1
9751 1
9752 1
9753 1
9757 1
9760 1
9761 2
9765 1
9767 1
9769 1
9772 1
9777 3
9779 1
9783 2
9784 2
9785 1
9787 1
9788 2
9789 1
9790 1
9793 1
9797 1
9798 2
9799 1
9809 1
9810 1
9812 1
9813 1
9814 1
9815 2
9816 1
9818 1
9820 1
9821 1
9826 1
9827 1
9831 1
9832 2
9836 1
9837 1
9841 1
9842 1
9851 1
9854 1
9856 1
9859 1
9860 1
9861 1
9862 1
9863 1
9864 1
9868 1
9869 1
9873 2
9877 1
9878 1
9880 1
9885 1
9886 1
9887 1
9889 1
9894 2
9903 2
9904 1
9908 1
9915 1
9921 1
9922 1
9923 1
9924 1
9934 1
9938 1
9941 2
9945 3
9946 1
9955 1
9961 1
9962 2
9963 1
9964 1
9967 1
9970 1
9975 1
9982 1
9983 1
9984 1
9985 1
9990 3
9992 2
9994 1
9995 1
10003 1
10006 1
10008 1
10014 1
10016 1
10018 1
10023 2
10027 3
10033 1
10036 2
10038 2
10040 1
10043 1
10044 1
10045 1
10046 1
10047 2
10056 1
10062 2
10067 1
10068 1
10073 1
10074 1
10078 1
10080 2
10082 1
10084 1
10085 1
10088 1
10090 1
10092 1
10093 1
10095 1
10099 1
10101 1
10102 1
10103 1
10106 1
10108 1
10110 1
10112 2
10113 2
10114 1
10115 1
10116 2
10117 1
10118 2
10121 1
10125 1
10130 1
10132 1
10133 2
10136 2
10137 3
10143 1
10144 1
10149 2
10151 1
10152 3
10154 1
10156 1
10159 1
10162 1
10164 1
10172 1
10173 1
10179 1
10184 1
10186 1
10187 1
10191 1
10193 1
10195 2
10196 1
10202 1
10204 1
10206 1
10210 1
10211 1
10212 1
10214 1
10216 1
10218 2
10219 1
10220 1
10226 1
10230 1
10233 1
10235 1
10236 1
10237 1
10242 1
10253 1
10254 2
10257 1
10258 2
10259 1
10261 1
10265 1
10270 1
10271 1
10272 1
10273 2
10286 1
10288 1
10292 1
10293 1
10300 1
10303 2
10310 1
10311 1
10316 2
10317 2
10320 1
10323 1
10328 1
10330 2
10332 3
10334 1
10335 1
10337 2
10339 2
10341 3
10343 1
10344 1
10346 1
10347 2
10351 1
10354 1
10365 1
10366 1
10370 1
10376 1
10377 1
10380 1
10381 1
10382 2
10383 1
10393 1
10400 2
10404 1
10408 2
10409 1
10410 1
10412 1
10413 1
10416 1
10417 1
10420 1
10423 2
10425 2
10428 1
10429 1
10431 1
10432 1
10433 1
10434 1
10435 1
10436 2
10439 1
10443 2
10444 1
10449 1
10450 1
10460 1
10464 1
10468 2
10469 1
10474 1
10476 1
10477 1
10480 1
10482 1
10488 2
10489 1
10495 1
10497 2
10503 1
10507 2
10508 1
10513 1
10514 1
10516 2
10517 1
10521 1
10542 1
10544 1
10545 1
10554 1
10556 1
10560 1
10561 3
10565 2
10568 2
10569 1
10570 1
10571 1
10572 1
10573 1
10574 1
10578 1
10579 1
10580 2
10583 1
10586 1
10587 1
10589 1
10595 1
10599 1
10601 1
10602 1
10603 2
10604 1
10606 2
10612 2
10614 1
10618 1
10621 3
10623 1
10626 2
10628 1
10630 1
10636 1
10639 1
10641 1
10643 1
10644 1
10645 1
10646 2
10647 1
10651 1
10652 2
10655 1
10657 1
10659 1
10661 1
10662 1
10674 2
10684 1
10688 1
10689 1
10694 1
10695 1
10698 1
10708 1
10715 1
10721 1
10722 1
10727 1
10729 1
10731 1
10736 1
10737 1
10738 1
10741 1
10744 1
10746 1
10753 1
10754 1
10755 1
10756 1
10757 2
10758 1
10760 1
10762 1
10764 2
10767 1
10774 2
10776 1
10781 1
10782 1
10783 1
10785 2
10786 1
10787 1
10790 1
10791 3
10795 1
10800 1
10804 1
10809 1
10814 1
10815 1
10819 1
10825 1
10828 1
10830 1
10832 1
10835 4
10846 1
10847 1
10850 1
10851 1
10860 1
10862 1
10863 2
10864 1
10866 1
10868 2
10872 2
10875 2
10876 1
10879 1
10881 1
10884 1
10885 1
10886 1
10888 3
10889 2
10892 1
10894 1
10896 2
10897 1
10899 1
10904 2
10907 1
10913 3
10919 1
10921 2
10923 1
10926 1
10935 2
10938 1
10939 1
10941 2
10942 1
10943 1
10944 1
10948 2
10950 1
10951 1
10954 2
10956 3
10957 2
10961 1
10962 1
10963 2
10967 1
10969 2
10975 1
10987 1
10988 1
10996 1
10999 2
11003 1
11004 1
11006 1
11007 1
11009 1
11010 1
11013 1
11018 2
11021 2
11024 1
11028 1
11029 1
11030 1
11033 3
11035 1
11043 1
11045 1
11046 1
11052 2
11055 1
11058 1
11060 2
11064 2
11069 1
11071 1
11072 2
11081 1
11082 1
11087 1
11091 1
11092 1
11094 1
11095 2
11096 1
11097 1
11100 1
11101 2
11102 1
11103 1
11107 1
11111 1
11115 1
11116 1
11126 1
11128 2
11131 1
11133 1
11137 1
11140 1
11142 1
11143 1
11144 1
11148 1
11149 1
11150 1
11152 1
11153 2
11154 1
11160 1
11161 1
11162 1
11167 1
11168 3
11170 1
11171 1
11175 1
11177 1
11178 1
11179 1
11180 2
11181 1
11183 1
11185 1
11186 1
11192 1
11193 1
11196 1
11200 1
11201 1
11202 1
11203 2
11205 1
11213 1
11214 1
11217 1
11218 1
11219 1
11220 1
11222 1
11225 1
11228 1
11230 1
11231 1
11232 1
11243 1
11244 1
11245 1
11247 1
11248 1
11252 1
11253 1
11255 2
11259 2
11262 1
11264 1
11268 1
11270 1
11272 1
11273 2
11274 2
11277 1
11278 1
11282 1
11283 1
11285 1
11286 1
11287 1
11288 1
11290 2
11292 1
11299 1
11300 1
11301 1
11302 1
11305 1
11308 1
11310 1
11311 1
11318 2
11320 1
11324 1
11325 2
11326 1
11327 1
11330 1
11335 1
11338 1
11339 1
11342 2
11345 1
11346 1
11350 1
11353 1
11356 2
11359 1
11360 3
11363 1
11369 2
11372 2
11375 1
11376 1
11380 1
11381 1
11382 1
11384 3
11389 1
11390 1
11392 1
11393 1
11396 1
11401 1
11410 2
11412 1
11414 1
11416 1
11423 1
11428 1
11429 1
11439 2
11447 1
11455 2
11461 1
11463 1
11466 1
11467 1
11468 1
11477 1
11478 1
11480 2
11486 2
11488 1
11490 1
11491 1
11494 1
11499 1
11503 1
11505 1
11507 1
11508 1
11509 1
11510 2
11511 2
11516 2
11517 1
11518 1
11519 2
11520 1
11522 1
11526 1
11527 1
11532 2
11533 1
11535 1
11538 1
11539 1
11541 2
11545 1
11550 1
11552 1
11554 1
11555 1
11561 1
11563 1
11564 1
11567 1
11568 1
11573 1
11577 1
11579 1
11583 1
11584 1
11586 1
11587 1
11588 1
11590 1
11592 1
11594 1
11597 1
11598 2
11600 1
11601 1
11606 1
11614 2
11623 1
11627 1
11628 3
11630 2
11632 1
11634 1
11636 1
11639 1
11640 1
11642 1
11645 1
11650 1
11651 2
11653 1
11656 1
11657 2
11658 1
11659 1
11662 1
11668 1
11673 1
11680 1
11681 1
11683 1
11684 1
11689 1
11690 1
11699 1
11705 1
11707 1
11708 1
11709 1
11710 1
11713 1
11714 1
11717 1
11719 1
11720 1
11723 2
11724 2
11727 1
11728 1
11729 1
11730 1
11735 1
11742 1
11744 1
11745 1
11760 1
11763 1
11772 1
11775 1
11776 1
11781 1
11784 1
11785 1
11789 1
11792 1
11796 1
11803 1
11804 1
11808 1
11809 2
11810 1
11817 1
11818 1
11819 2
11821 1
11822 1
11828 1
11830 1
11838 1
11840 1
11841 4
11848 1
11849 1
11852 2
11854 1
11857 1
11859 1
11860 1
11861 2
11862 1
11863 1
11868 1
11875 2
11876 1
11878 1
11880 1
11886 1
11889 1
11890 1
11894 2
11896 2
11897 1
11898 1
11899 1
11900 1
11903 3
11906 1
11914 1
11920 1
11921 1
11925 1
11926 1
11931 1
11934 1
11937 1
11941 1
11944 3
11950 1
11951 5
11952 1
11954 1
11958 1
11959 2
11963 1
11971 1
11972 1
11974 1
11975 1
11979 1
11983 1
11985 1
11993 1
11994 1
12000 2
12001 2
12002 1
12003 2
12006 1
12008 1
12014 1
12016 2
12017 1
12018 1
12019 1
12021 2
12024 1
12026 1
12028 1
12031 1
12033 1
12034 1
12036 2
12046 1
12048 1
12049 1
12050 2
12051 1
12052 1
12057 1
12058 1
12059 1
12063 1
12071 2
12074 3
12077 2
12079 1
12083 1
12084 1
12089 1
12093 1
12097 1
12099 1
12100 1
12101 1
12102 1
12105 2
12106 1
12109 1
12123 1
12124 2
12129 2
12137 1
12138 1
12139 1
12142 1
12152 1
12157 1
12159 1
12161 1
12167 3
12168 1
12170 1
12174 1
12178 2
12181 2
12185 1
12186 1
12187 1
12188 1
12189 1
12191 1
12197 1
12204 1
12206 2
12207 1
12208 2
12210 1
12211 1
12216 1
12218 1
12223 2
12225 1
12228 1
12234 1
12238 1
12239 1
12244 1
12247 1
12253 1
12256 1
12257 1
12258 1
12259 1
12262 1
12263 2
12264 1
12266 1
12268 1
12269 1
12270 1
12271 1
12272 1
12275 1
12278 1
12281 1
12288 1
12290 2
12292 1
12295 1
12296 1
12301 2
12308 1
12311 1
12313 3
12316 1
12317 2
12318 2
12320 1
12321 2
12323 1
12324 1
12325 3
12327 1
12328 1
12330 1
12332 2
12333 2
12334 1
12338 2
12345 1
12346 3
12351 1
12355 1
12356 1
12358 1
12365 1
12367 1
12371 1
12373 1
12377 1
12379 2
12384 1
12385 1
12392 1
12401 1
12406 1
12409 1
12410 1
12412 1
12413 1
12414 1
12419 1
12428 1
12429 1
12432 1
12433 1
12434 1
12437 1
12438 1
12442 2
12443 2
12449 1
12455 1
12457 1
12459 1
12460 1
12461 1
12464 1
12472 1
12475 1
12483 1
12493 2
12496 2
12499 1
12504 1
12505 1
12506 1
12509 2
12512 2
12520 1
12523 1
12525 1
12528 1
12530 1
12532 2
12539 1
12541 1
12542 2
12551 1
12553 1
12555 1
12556 2
12557 1
12558 1
12560 1
12563 1
12565 1
12567 1
12569 1
12573 1
12575 2
12576 2
12577 1
12578 1
12580 1
12581 1
12582 1
12583 1
12588 1
12590 2
12593 1
12594 1
12596 1
12598 1
12602 1
12604 1
12610 2
12611 2
12614 1
12622 2
12624 1
12625 1
12627 1
12632 1
12636 1
12637 1
12641 1
12643 1
12647 2
12649 1
12650 2
12651 1
12652 1
12657 1
12660 1
12663 1
12664 1
12665 3
12671 1
12676 1
12682 1
12684 1
12689 2
12695 1
12696 2
12698 2
12703 1
12704 1
12714 1
12716 1
12722 1
12725 1
12726 2
12729 1
12730 1
12731 2
12732 1
12733 1
12734 1
12737 2
12739 1
12740 1
12742 1
12744 1
12745 1
12746 1
12748 1
12752 1
12753 2
12755 1
12768 1
12769 1
12770 1
12771 1
12775 1
12777 1
12778 1
12779 3
12780 1
12782 1
12783 1
12785 1
12791 2
12794 1
12800 1
12801 2
12806 1
12808 1
12813 1
12815 2
12816 1
12817 1
12820 2
12821 1
12825 3
12828 1
12829 2
12831 1
12839 2
12843 1
12845 1
12849 1
12852 1
12858 1
12867 1
12876 1
12877 1
12878 1
12879 1
12881 2
12882 1
12884 2
12885 1
12886 1
12889 1
12891 1
12895 2
12896 2
12897 1
12899 3
12900 1
12905 1
12908 1
12909 1
12911 1
12913 1
12918 1
12927 1
12931 1
12932 1
12938 1
12940 1
12942 1
12945 1
12946 1
12947 1
12949 1
12951 1
12952 1
12960 1
12962 2
12971 1
12976 1
12977 1
12978 1
12979 1
12980 1
12982 2
12985 1
12994 1
13000 1
13001 1
13004 1
13005 2
13006 1
13007 1
13009 3
13010 1
13012 1
13014 1
13018 1
13019 2
13020 1
13023 1
13027 1
13029 1
13030 1
13033 1
13035 1
13036 1
13038 1
13039 2
13044 1
13047 1
13053 1
13060 1
13062 1
13064 2
13065 2
13069 2
13073 3
13075 1
13077 1
13080 1
13081 3
13083 4
13088 1
13091 2
13092 1
13096 1
13098 1
13100 1
13103 1
13104 1
13107 1
13108 1
13111 1
13114 1
13115 1
13116 1
13117 1
13121 1
13122 1
13128 1
13129 1
13131 1
13132 2
13137 1
13138 1
13139 1
13146 1
13148 1
13152 1
13159 1
13164 1
13167 2
13169 1
13170 1
13176 3
13178 2
13180 1
13181 1
13183 1
13184 1
13189 1
13191 2
13193 2
13195 1
13201 1
13206 1
13210 1
13212 1
13213 1
13216 1
13217 1
13218 2
13221 1
13229 1
13230 1
13237 1
13243 1
13247 1
13250 1
13255 2
13256 1
13258 2
13260 1
13264 2
13265 1
13266 1
13268 1
13275 1
13276 1
13283 1
13284 1
13285 1
13287 1
13288 2
13290 1
13291 1
13292 1
13293 1
13294 2
13295 1
13297 1
13300 1
13301 1
13306 1
13310 1
13311 1
13315 1
13316 1
13318 2
13323 1
13324 1
13325 1
13330 1
13339 1
13344 1
13346 1
13347 1
13362 1
13364 2
13369 1
13375 1
13376 1
13380 1
13386 1
13389 1
13391 1
13400 2
13401 1
13402 1
13406 1
13410 1
13411 2
13416 1
13417 2
13420 1
13421 1
13422 1
13423 2
13426 1
13427 1
13429 1
13430 1
13431 1
13433 2
13436 1
13441 1
13442 1
13444 1
13445 1
13466 1
13467 2
13471 1
13480 1
13482 1
13488 2
13489 3
13495 1
13505 1
13506 1
13508 1
13509 1
13513 1
13516 1
13525 1
13527 1
13529 1
13533 2
13534 1
13536 1
13538 1
13542 1
13544 1
13545 1
13549 1
13550 1
13564 1
13571 2
13573 2
13574 1
13575 1
13580 1
13585 1
13588 1
13589 2
13590 1
13592 1
13593 1
13597 1
13599 1
13600 2
13601 2
13608 2
13621 1
13626 1
13630 1
13631 1
13633 1
13636 1
13637 2
13642 1
13643 1
13648 1
13649 1
13656 1
13660 1
13663 1
13675 1
13676 1
13682 1
13683 1
13684 1
13689 1
13697 1
13699 1
13700 1
13708 1
13711 1
13717 1
13718 1
13721 1
13723 2
13727 1
13728 1
13734 2
13735 2
13740 1
13742 1
13744 1
13745 1
13746 1
13756 3
13757 1
13758 1
13760 1
13764 1
13765 1
13775 1
13784 2
13788 1
13789 1
13791 1
13794 1
13813 1
13819 1
13820 1
13824 1
13828 2
13829 1
13830 1
13831 1
13833 1
13834 1
13835 1
13836 1
13838 1
13841 1
13853 1
13854 2
13855 1
13860 1
13862 1
13864 1
13868 1
13870 1
13876 1
13893 1
13901 1
13907 1
13911 1
13913 1
13914 1
13920 1
13925 2
13945 1
13952 1
13958 1
13960 2
13961 1
13968 1
13970 1
13971 1
13973 1
13983 1
13988 1
13989 1
13990 1
13991 1
13993 1
13994 1
13995 1
13998 1
14000 1
14002 3
14017 1
14021 1
14022 1
14025 1
14032 2
14035 1
14042 1
14043 1
14047 1
14053 1
14055 1
14057 1
14067 2
14069 1
14094 1
14106 3
14109 1
14110 1
14117 1
14129 1
14130 2
14151 1
14153 1
14157 1
14158 1
14160 1
14161 1
14164 1
14166 1
14170 1
14174 1
14176 1
14177 1
14182 1
14184 1
14187 1
14210 1
14212 1
14220 1
14222 1
14238 2
14242 1
14249 1
14253 1
14258 2
14270 1
14273 2
14275 1
14278 1
14292 1
14295 1
14296 1
14301 1
14312 1
14323 1
14325 2
14330 1
14331 1
14342 1
14345 1
14351 2
14361 1
14368 1
14374 1
14377 1
14379 1
14380 1
14381 1
14383 1
14395 1
14398 1
14401 1
14404 1
14412 1
14414 1
14415 1
14418 1
14419 1
14424 1
14425 1
14426 1
14428 1
14446 2
14451 1
14456 1
14459 1
14460 1
14461 3
14473 1
14483 1
14486 1
14488 1
14498 1
14500 1
14502 1
14507 1
14515 1
14516 1
14519 1
14526 1
14527 1
14530 1
14538 1
14542 1
14546 1
14552 1
14557 1
14558 1
14561 1
14568 1
14572 1
14573 1
14582 2
14583 1
14589 1
14590 1
14596 1
14597 1
14609 1
14620 1
14634 1
14635 1
14636 1
14651 1
14655 1
14658 1
14665 1
14671 1
14673 1
14674 1
14679 1
14683 1
14695 1
14705 1
14708 1
14709 1
14714 1
14715 1
14721 1
14726 1
14734 1
14735 1
14736 1
14739 1
14747 1
14749 1
14761 1
14773 1
14774 1
14780 1
14781 1
14786 1
14787 1
14789 1
14804 1
14811 1
14813 2
14822 1
14823 1
14837 1
14839 1
14840 1
14842 1
14843 2
14846 1
14847 1
14848 1
14859 1
14861 1
14863 1
14867 1
14872 1
14876 1
14877 2
14899 1
14908 1
14915 1
14931 1
14941 1
14942 1
14952 1
14954 1
14966 1
14968 1
14973 2
14980 1
14982 1
14989 1
14996 1
15006 2
15007 1
15009 1
15012 1
15018 1
15019 1
15022 1
15025 1
15027 1
15039 1
15040 1
15041 1
15044 1
15047 1
15067 1
15068 3
15069 2
15076 2
15081 1
15085 1
15089 1
15096 1
15100 1
15107 1
15109 1
15115 1
15131 1
15132 1
15140 2
15144 1
15151 1
15159 1
15163 1
15171 1
15172 2
15174 1
15176 1
15179 1
15181 1
15188 1
15189 1
15194 1
15204 1
15208 1
15212 2
15215 2
15229 2
15233 1
15234 1
15237 1
15248 1
15249 1
15255 2
15259 2
15261 1
15263 1
15266 2
15267 1
15271 1
15272 1
15292 1
15303 3
15309 1
15310 1
15313 1
15325 1
15331 1
15334 1
15337 1
15348 1
15349 1
15355 1
15358 1
15369 1
15370 1
15371 1
15373 1
15392 1
15394 2
15397 1
15399 1
15405 1
15410 1
15412 2
15426 1
15432 1
15436 1
15441 1
15453 1
15456 1
15458 1
15462 1
15463 1
15474 1
15485 2
15492 1
15509 1
15510 2
15512 1
15520 1
15534 1
15535 1
15568 1
15580 2
15585 3
15587 1
15593 1
15599 1
15602 1
15607 1
15615 1
15620 1
15626 1
15637 1
15640 1
15646 1
15647 1
15648 2
15656 1
15658 1
15660 1
15663 1
15666 1
15673 1
15699 1
15706 1
15710 1
15720 1
15728 1
15729 1
15742 1
15744 1
15747 1
15755 1
15764 1
15767 1
15770 2
15771 1
15789 1
15792 1
15793 1
15794 1
15795 2
15798 1
15804 1
15806 1
15808 1
15829 1
15830 1
15833 1
15839 1
15840 1
15850 1
15852 1
15865 1
15868 1
15871 1
15874 1
15876 2
15880 1
15883 1
15899 1
15904 1
15920 1
15925 1
15926 1
15935 1
15938 1
15945 2
15948 1
15953 2
15954 1
15957 1
15960 1
15980 1
15986 2
15990 2
16002 1
16010 1
16019 1
16029 1
16039 1
16052 1
16054 1
16066 1
16069 1
16085 1
16090 1
16092 1
16093 1
16106 1
16108 1
16112 1
16115 1
16116 1
16118 1
16139 1
16143 1
16145 1
16148 1
16156 1
16181 1
16183 1
16196 1
16197 1
16200 1
16201 1
16203 1
16208 1
16209 1
16219 1
16238 1
16245 1
16246 2
16247 1
16248 1
16254 1
16256 1
16263 1
16281 1
16283 1
16285 1
16286 1
16292 2
16311 1
16329 1
16346 1
16349 1
16356 1
16360 1
16364 1
16372 1
16373 1
16375 1
16387 1
16390 1
16399 1
16403 1
16412 1
16414 1
16418 1
16431 1
16441 1
16443 1
16447 1
16455 1
16464 1
16465 2
16484 1
16493 1
16498 1
16499 1
16516 1
16528 2
16531 1
16532 1
16536 2
16543 1
16549 1
16550 1
16553 1
16589 1
16590 1
16592 1
16603 1
16609 1
16611 1
16612 1
16629 1
16654 1
16659 1
16662 1
16663 1
16671 1
16672 1
16673 1
16682 1
16688 1
16697 2
16707 1
16709 1
16715 1
16719 1
16720 2
16726 1
16733 1
16737 1
16740 1
16748 1
16762 1
16763 1
16780 1
16791 1
16806 1
16808 1
16812 1
16819 1
16821 1
16826 1
16828 1
16857 1
16858 1
16864 1
16872 1
16885 1
16907 1
16913 1
16917 1
16920 1
16967 1
16975 1
16982 1
16994 1
16997 1
17003 1
17009 1
17043 1
17045 1
17060 1
17071 1
17091 1
17107 1
17108 1
17110 1
17121 1
17123 1
17127 2
17132 1
17154 1
17157 1
17160 1
17165 1
17173 1
17174 1
17183 1
17197 1
17203 1
17207 1
17209 1
17212 1
17216 1
17224 2
17239 1
17240 1
17260 1
17266 1
17268 1
17270 1
17280 1
17294 1
17298 1
17312 1
17316 1
17320 1
17322 1
17334 1
17342 1
17349 1
17353 1
17359 1
17384 1
17402 1
17411 1
17420 1
17422 2
17463 1
17476 1
17494 1
17509 2
17515 1
17517 2
17537 2
17555 2
17576 1
17580 1
17582 1
17589 1
17596 1
17614 1
17621 1
17624 1
17630 1
17633 1
17644 1
17648 1
17652 1
17687 1
17691 1
17697 1
17702 1
17706 1
17711 1
17720 1
17730 1
17746 1
17751 2
17759 1
17793 1
17800 1
17827 1
17842 2
17848 1
17849 1
17856 1
17891 1
17909 1
17911 1
17923 1
17938 1
17972 1
17974 1
17977 1
17986 1
17988 1
18009 1
18018 1
18041 1
18043 1
18052 1
18053 1
18061 1
18064 1
18074 1
18092 1
18094 2
18097 1
18123 1
18125 1
18142 1
18143 1
18148 1
18150 1
18153 1
18156 1
18173 1
18182 1
18193 1
18200 1
18228 1
18231 1
18247 1
18259 1
18260 1
18267 1
18309 1
18318 1
18352 1
18360 1
18365 1
18367 1
18440 1
18447 1
18482 1
18483 1
18484 1
18490 1
18505 1
18515 1
18516 1
18518 1
18539 1
18559 1
18598 1
18605 1
18646 1
18653 1
18663 1
18671 1
18676 1
18679 1
18689 1
18708 1
18716 1
18729 1
18760 1
18781 1
18789 1
18817 1
18828 1
18834 1
18897 1
18918 1
18959 1
18964 1
19008 1
19019 1
19023 1
19041 1
19059 1
19109 1
19123 1
19130 1
19138 1
19150 1
19166 1
19184 1
19257 1
19260 1
19308 1
19312 1
19347 1
19389 1
19396 1
19401 1
19413 1
19429 1
19450 1
19460 1
19461 1
19483 1
19523 1
19529 1
19546 1
19555 1
19563 1
19593 1
19606 1
19609 1
19610 1
19616 1
19633 1
19649 1
19671 1
19677 1
19698 1
19730 1
19750 1
19760 1
19775 2
19802 1
19808 1
19829 1
19841 1
19847 1
19852 1
19866 1
19963 1
19964 2
19967 1
19983 1
19999 1
20022 1
20060 1
20065 1
20094 1
20115 1
20234 1
20250 1
20302 1
20317 1
20334 1
20406 1
20417 1
20424 1
20442 1
20542 1
20565 1
20692 1
20693 1
20818 1
20854 1
20919 1
20940 1
20971 1
20976 1
21033 1
21108 1
21112 1
21116 1
21155 1
21178 1
21209 1
21226 1
21287 1
21313 1
21380 1
21396 1
21413 1
21453 1
21524 1
21585 1
21614 1
21618 1
21640 1
21661 1
21708 1
21762 1
21828 1
21836 1
21864 1
21893 1
21895 1
21933 1
21957 1
21988 1
22008 1
22036 1
22057 1
22068 1
22106 1
22118 1
22130 1
22202 1
22278 1
22359 1
22454 1
22558 1
22646 1
22659 1
22670 1
22713 1
22730 1
22816 1
22832 1
22847 1
22889 1
22890 1
22926 1
23009 1
23044 1
23065 1
23088 1
23111 1
23132 1
23582 1
23598 1
23612 1
23790 1
23827 1
24000 1
24048 1
24121 1
24128 1
24147 1
24199 1
24262 1
24287 1
24297 1
24318 1
24339 1
24462 1
24517 1
24609 1
24643 1
24774 1
24783 1
24812 1
24833 1
25145 1
25279 1
25287 1
25337 1
25541 1
25571 1
25602 1
25603 1
25618 1
25759 1
26009 1
26028 1
26125 1
26299 1
26562 1
26737 1
26739 1
26791 1
26917 1
27029 1
27337 1
27366 1
27374 1
27441 1
28121 1
28976 1
29040 1
29141 1
29443 1
29740 1
30123 1
30154 1
30347 1
30485 1
30628 1
30813 1
30829 1
31259 1
31401 1
31664 1
31689 1
32211 1
32511 1
34134 1
38210 1
38239 1
42183 1
43825 1
48837 1
52658 1
