-1145 2
-1144 7
-1143 8
-1142 9
-1141 14
-1140 29
-1139 45
-1138 53
-1137 55
-1136 56
-1135 78
-1134 79
-1133 81
-1132 89
-1131 116
-1130 116
-1129 124
-1128 127
-1127 161
-1126 131
-1125 149
-1124 162
-1123 167
-1122 184
-1121 157
-1120 189
-1119 150
-1118 136
-1117 146
-1116 171
-1115 165
-1114 153
-1113 192
-1112 155
-1111 137
-1110 152
-1109 136
-1108 113
-1107 149
-1106 89
-1105 108
-1104 114
-1103 104
-1102 106
-1101 113
-1100 127
-1099 111
-1098 127
-1097 133
-1096 150
-1095 166
-1094 196
-1093 190
-1092 191
-1091 181
-1090 208
-1089 195
-1088 224
-1087 190
-1086 234
-1085 210
-1084 180
-1083 220
-1082 171
-1081 169
-1080 211
-1079 202
-1078 196
-1077 182
-1076 188
-1075 167
-1074 167
-1073 171
-1072 161
-1071 181
-1070 159
-1069 178
-1068 148
-1067 163
-1066 188
-1065 172
-1064 185
-1063 199
-1062 179
-1061 170
-1060 167
-1059 171
-1058 158
-1057 176
-1056 178
-1055 190
-1054 173
-1053 186
-1052 173
-1051 180
-1050 162
-1049 164
-1048 151
-1047 158
-1046 144
-1045 144
-1044 151
-1043 167
-1042 168
-1041 211
-1040 184
-1039 197
-1038 163
-1037 145
-1036 185
-1035 173
-1034 151
-1033 190
-1032 176
-1031 182
-1030 168
-1029 164
-1028 156
-1027 164
-1026 170
-1025 166
-1024 159
-1023 137
-1022 158
-1021 154
-1020 154
-1019 155
-1018 157
-1017 170
-1016 180
-1015 177
-1014 171
-1013 144
-1012 162
-1011 146
-1010 145
-1009 162
-1008 141
-1007 163
-1006 148
-1005 181
-1004 183
-1003 193
-1002 190
-1001 179
-1000 205
-999 210
-998 215
-997 253
-996 266
-995 260
-994 297
-993 303
-992 301
-991 340
-990 339
-989 359
-988 360
-987 371
-986 376
-985 384
-984 367
-983 414
-982 430
-981 415
-980 400
-979 421
-978 424
-977 409
-976 425
-975 384
-974 388
-973 385
-972 394
-971 386
-970 368
-969 408
-968 392
-967 388
-966 409
-965 428
-964 418
-963 426
-962 493
-961 488
-960 540
-959 630
-958 638
-957 715
-956 660
-955 786
-954 796
-953 845
-952 942
-951 1035
-950 1078
-949 1186
-948 1151
-947 1158
-946 1291
-945 1244
-944 1242
-943 1266
-942 1324
-941 1317
-940 1420
-939 1319
-938 1399
-937 1494
-936 1462
-935 1480
-934 1522
-933 1508
-932 1589
-931 1660
-930 1596
-929 1675
-928 1694
-927 1656
-926 1670
-925 1673
-924 1746
-923 1782
-922 1732
-921 1774
-920 1826
-919 1771
-918 1893
-917 1875
-916 1852
-915 2052
-914 1953
-913 2018
-912 1940
-911 1944
-910 2013
-909 2023
-908 1932
-907 2016
-906 2019
-905 2043
-904 2113
-903 1974
-902 2029
-901 2132
-900 2079
-899 2260
-898 2243
-897 2129
-896 2278
-895 2214
-894 2259
-893 2241
-892 2414
-891 2399
-890 2443
-889 2495
-888 2524
-887 2552
-886 2569
-885 2539
-884 2559
-883 2682
-882 2671
-881 2690
-880 2720
-879 2589
-878 2672
-877 2910
-876 2880
-875 2821
-874 2928
-873 2779
-872 2802
-871 2847
-870 2944
-869 2951
-868 2969
-867 2889
-866 3060
-865 2994
-864 3191
-863 3242
-862 3263
-861 3091
-860 3177
-859 3087
-858 3169
-857 3191
-856 2973
-855 3149
-854 3314
-853 3231
-852 3350
-851 3466
-850 3458
-849 3568
-848 3712
-847 3872
-846 3829
-845 3778
-844 4058
-843 3945
-842 3832
-841 3948
-840 3824
-839 3870
-838 3857
-837 3807
-836 3857
-835 3935
-834 3931
-833 3990
-832 4118
-831 4069
-830 4055
-829 4055
-828 3871
-827 3999
-826 3895
-825 3932
-824 3792
-823 3996
-822 3897
-821 4003
-820 4001
-819 4017
-818 4012
-817 4167
-816 4189
-815 4097
-814 4047
-813 4194
-812 4135
-811 4163
-810 4225
-809 4260
-808 4311
-807 4499
-806 4510
-805 4587
-804 4747
-803 4724
-802 4719
-801 4765
-800 4841
-799 4713
-798 4948
-797 4878
-796 4734
-795 4897
-794 5008
-793 5076
-792 5246
-791 5254
-790 5427
-789 5436
-788 5756
-787 5572
-786 5737
-785 5686
-784 5898
-783 5880
-782 5947
-781 5976
-780 5791
-779 5772
-778 5747
-777 5720
-776 5793
-775 5682
-774 5664
-773 5795
-772 5868
-771 5809
-770 5697
-769 5851
-768 5680
-767 5764
-766 5999
-765 5973
-764 6003
-763 5921
-762 5950
-761 6115
-760 6189
-759 6147
-758 6261
-757 6257
-756 6490
-755 6732
-754 6340
-753 6567
-752 6503
-751 6374
-750 6338
-749 6505
-748 6388
-747 6174
-746 5998
-745 6211
-744 6061
-743 5902
-742 5923
-741 6000
-740 6089
-739 5877
-738 5929
-737 6009
-736 5836
-735 6053
-734 5870
-733 5814
-732 5874
-731 5935
-730 5975
-729 5771
-728 5936
-727 5779
-726 5883
-725 5822
-724 5985
-723 5871
-722 5991
-721 5957
-720 6028
-719 5952
-718 6007
-717 6043
-716 6286
-715 6200
-714 6257
-713 6288
-712 6357
-711 6250
-710 6174
-709 6335
-708 6253
-707 6296
-706 6340
-705 6377
-704 6586
-703 6606
-702 6586
-701 6781
-700 6743
-699 6758
-698 6864
-697 6746
-696 6913
-695 6804
-694 6838
-693 6927
-692 6855
-691 6807
-690 6767
-689 6866
-688 6938
-687 6876
-686 7150
-685 7011
-684 6930
-683 6941
-682 6862
-681 6779
-680 7009
-679 7100
-678 6813
-677 6858
-676 6912
-675 6990
-674 6745
-673 6904
-672 6831
-671 6958
-670 6748
-669 6860
-668 6650
-667 6867
-666 6784
-665 6722
-664 6937
-663 6790
-662 6773
-661 6671
-660 6720
-659 6669
-658 6903
-657 6956
-656 6857
-655 6893
-654 6880
-653 7013
-652 6854
-651 6928
-650 7179
-649 7091
-648 7020
-647 7002
-646 7045
-645 7020
-644 7223
-643 6861
-642 7161
-641 7233
-640 7234
-639 7444
-638 7379
-637 7183
-636 7373
-635 7464
-634 7360
-633 7641
-632 7536
-631 7519
-630 7276
-629 7569
-628 7325
-627 7245
-626 7248
-625 7234
-624 7057
-623 7132
-622 7051
-621 6989
-620 6991
-619 6906
-618 6857
-617 6788
-616 6699
-615 6798
-614 6783
-613 6757
-612 6594
-611 6726
-610 6648
-609 6793
-608 6841
-607 6640
-606 6784
-605 6745
-604 6731
-603 6787
-602 7076
-601 6885
-600 6893
-599 6785
-598 6899
-597 6900
-596 6896
-595 6908
-594 6981
-593 7039
-592 7134
-591 7225
-590 7179
-589 7076
-588 7050
-587 7024
-586 7165
-585 7173
-584 7054
-583 7064
-582 7003
-581 6962
-580 7006
-579 6781
-578 6826
-577 6934
-576 6797
-575 7086
-574 6895
-573 6969
-572 6914
-571 6937
-570 6796
-569 6782
-568 6900
-567 6771
-566 6899
-565 6714
-564 6628
-563 6852
-562 7055
-561 6865
-560 6837
-559 6716
-558 6768
-557 6721
-556 6800
-555 6787
-554 6821
-553 6766
-552 6643
-551 6831
-550 6955
-549 6946
-548 6795
-547 6910
-546 6854
-545 6811
-544 6883
-543 6898
-542 7037
-541 6914
-540 6837
-539 6888
-538 6927
-537 6839
-536 6893
-535 6837
-534 6926
-533 6733
-532 6879
-531 6765
-530 6669
-529 6763
-528 6664
-527 6747
-526 6594
-525 6791
-524 6697
-523 6664
-522 6737
-521 6825
-520 6760
-519 6653
-518 6543
-517 6703
-516 6817
-515 6736
-514 6549
-513 6732
-512 6579
-511 6612
-510 6444
-509 6581
-508 6686
-507 6483
-506 6570
-505 6608
-504 6733
-503 6416
-502 6504
-501 6457
-500 6535
-499 6450
-498 6332
-497 6453
-496 6316
-495 6485
-494 6236
-493 6242
-492 6223
-491 6292
-490 6442
-489 6308
-488 6314
-487 6229
-486 6138
-485 6167
-484 6129
-483 6196
-482 6170
-481 6086
-480 6166
-479 6197
-478 6185
-477 6138
-476 6250
-475 6246
-474 6135
-473 6306
-472 6120
-471 6096
-470 6216
-469 6155
-468 6160
-467 6134
-466 5996
-465 6063
-464 6107
-463 6030
-462 6196
-461 5920
-460 5905
-459 6037
-458 5878
-457 6059
-456 5884
-455 5913
-454 5862
-453 5869
-452 5751
-451 5907
-450 5846
-449 5865
-448 5870
-447 5878
-446 5742
-445 5768
-444 5831
-443 5804
-442 5731
-441 5575
-440 5582
-439 5564
-438 5551
-437 5476
-436 5655
-435 5504
-434 5624
-433 5365
-432 5569
-431 5462
-430 5289
-429 5457
-428 5417
-427 5204
-426 5186
-425 5160
-424 5227
-423 5186
-422 5126
-421 5072
-420 5169
-419 5056
-418 5040
-417 4956
-416 4857
-415 4973
-414 4739
-413 4831
-412 4851
-411 4871
-410 4791
-409 4731
-408 4709
-407 4676
-406 4808
-405 4621
-404 4741
-403 4609
-402 4604
-401 4686
-400 4665
-399 4442
-398 4487
-397 4405
-396 4437
-395 4440
-394 4516
-393 4435
-392 4336
-391 4481
-390 4331
-389 4346
-388 4364
-387 4363
-386 4422
-385 4337
-384 4342
-383 4218
-382 4270
-381 4342
-380 4151
-379 4256
-378 4202
-377 4282
-376 4275
-375 4204
-374 4144
-373 4233
-372 4182
-371 4223
-370 4167
-369 4195
-368 4089
-367 4152
-366 4268
-365 4258
-364 4065
-363 4023
-362 3992
-361 3996
-360 4065
-359 3987
-358 3916
-357 3871
-356 3680
-355 3813
-354 3833
-353 3787
-352 3857
-351 3932
-350 3784
-349 3868
-348 3841
-347 3784
-346 3809
-345 3649
-344 3622
-343 3715
-342 3601
-341 3630
-340 3494
-339 3527
-338 3537
-337 3597
-336 3635
-335 3452
-334 3340
-333 3457
-332 3408
-331 3401
-330 3301
-329 3300
-328 3258
-327 3401
-326 3424
-325 3231
-324 3348
-323 3348
-322 3371
-321 3261
-320 3310
-319 3367
-318 3315
-317 3290
-316 3225
-315 3395
-314 3274
-313 3354
-312 3329
-311 3277
-310 3232
-309 3268
-308 3294
-307 3186
-306 3142
-305 3123
-304 3143
-303 3084
-302 3121
-301 3139
-300 3131
-299 3049
-298 3055
-297 3129
-296 3078
-295 3075
-294 3159
-293 3105
-292 3049
-291 3052
-290 3034
-289 2959
-288 3023
-287 2981
-286 3140
-285 2906
-284 3027
-283 2847
-282 2999
-281 2873
-280 3039
-279 2908
-278 2937
-277 2918
-276 2960
-275 2902
-274 2848
-273 2807
-272 2927
-271 2829
-270 2792
-269 2784
-268 2834
-267 2665
-266 2663
-265 2739
-264 2747
-263 2768
-262 2641
-261 2706
-260 2676
-259 2546
-258 2659
-257 2731
-256 2664
-255 2625
-254 2485
-253 2645
-252 2670
-251 2671
-250 2508
-249 2537
-248 2471
-247 2471
-246 2436
-245 2472
-244 2409
-243 2496
-242 2412
-241 2372
-240 2326
-239 2464
-238 2413
-237 2288
-236 2338
-235 2320
-234 2292
-233 2322
-232 2319
-231 2243
-230 2316
-229 2219
-228 2246
-227 2177
-226 2086
-225 2168
-224 2209
-223 2127
-222 2109
-221 2077
-220 2078
-219 2069
-218 2075
-217 2124
-216 2017
-215 1990
-214 2050
-213 2022
-212 1945
-211 1972
-210 1912
-209 1950
-208 1922
-207 1979
-206 1994
-205 1945
-204 1969
-203 1831
-202 1845
-201 1860
-200 1849
-199 1887
-198 1876
-197 1834
-196 1836
-195 1858
-194 1865
-193 1786
-192 1796
-191 1845
-190 1928
-189 1808
-188 1870
-187 1792
-186 1739
-185 1805
-184 1821
-183 1817
-182 1792
-181 1719
-180 1770
-179 1817
-178 1770
-177 1732
-176 1790
-175 1715
-174 1723
-173 1772
-172 1766
-171 1655
-170 1726
-169 1817
-168 1666
-167 1718
-166 1625
-165 1674
-164 1618
-163 1577
-162 1633
-161 1621
-160 1647
-159 1651
-158 1628
-157 1576
-156 1576
-155 1636
-154 1510
-153 1577
-152 1615
-151 1450
-150 1559
-149 1551
-148 1545
-147 1549
-146 1531
-145 1508
-144 1577
-143 1500
-142 1434
-141 1501
-140 1436
-139 1451
-138 1462
-137 1501
-136 1405
-135 1437
-134 1409
-133 1432
-132 1434
-131 1442
-130 1378
-129 1336
-128 1382
-127 1296
-126 1373
-125 1312
-124 1305
-123 1390
-122 1301
-121 1327
-120 1351
-119 1271
-118 1280
-117 1293
-116 1275
-115 1306
-114 1229
-113 1285
-112 1338
-111 1280
-110 1260
-109 1243
-108 1240
-107 1244
-106 1305
-105 1233
-104 1195
-103 1207
-102 1145
-101 1213
-100 1213
-99 1174
-98 1233
-97 1155
-96 1225
-95 1229
-94 1157
-93 1194
-92 1184
-91 1159
-90 1147
-89 1172
-88 1125
-87 1143
-86 1071
-85 1101
-84 1121
-83 1024
-82 1045
-81 1086
-80 1056
-79 1115
-78 1016
-77 1081
-76 1070
-75 1038
-74 990
-73 1008
-72 1047
-71 1030
-70 982
-69 995
-68 961
-67 990
-66 896
-65 1040
-64 936
-63 974
-62 948
-61 923
-60 912
-59 929
-58 898
-57 917
-56 900
-55 895
-54 881
-53 881
-52 879
-51 911
-50 908
-49 911
-48 845
-47 874
-46 843
-45 818
-44 827
-43 860
-42 885
-41 782
-40 812
-39 827
-38 808
-37 843
-36 767
-35 756
-34 737
-33 830
-32 771
-31 806
-30 760
-29 814
-28 777
-27 744
-26 755
-25 737
-24 733
-23 696
-22 739
-21 721
-20 745
-19 719
-18 732
-17 704
-16 712
-15 720
-14 755
-13 703
-12 719
-11 660
-10 706
-9 680
-8 639
-7 667
-6 670
-5 609
-4 630
-3 690
-2 625
-1 682
0 657
1 638
2 652
3 618
4 637
5 616
6 664
7 641
8 608
9 626
10 651
11 634
12 648
13 610
14 605
15 622
16 615
17 600
18 598
19 590
20 629
21 635
22 553
23 594
24 556
25 600
26 553
27 585
28 583
29 547
30 571
31 530
32 561
33 572
34 508
35 528
36 546
37 534
38 530
39 519
40 502
41 556
42 528
43 496
44 485
45 498
46 527
47 471
48 522
49 507
50 514
51 517
52 466
53 511
54 481
55 464
56 465
57 454
58 421
59 471
60 445
61 449
62 454
63 431
64 461
65 420
66 451
67 435
68 445
69 403
70 432
71 449
72 433
73 449
74 409
75 434
76 396
77 388
78 410
79 391
80 431
81 383
82 430
83 405
84 376
85 428
86 413
87 409
88 383
89 391
90 362
91 385
92 377
93 390
94 358
95 405
96 358
97 379
98 342
99 361
100 387
101 357
102 343
103 363
104 346
105 340
106 325
107 319
108 377
109 294
110 344
111 335
112 326
113 338
114 298
115 330
116 313
117 309
118 305
119 282
120 306
121 317
122 305
123 311
124 322
125 305
126 365
127 325
128 295
129 300
130 297
131 288
132 287
133 277
134 246
135 256
136 286
137 275
138 306
139 276
140 293
141 282
142 269
143 255
144 259
145 285
146 279
147 264
148 258
149 261
150 274
151 262
152 232
153 248
154 270
155 268
156 269
157 254
158 266
159 218
160 219
161 251
162 252
163 240
164 267
165 239
166 241
167 248
168 236
169 222
170 211
171 232
172 233
173 207
174 225
175 227
176 208
177 217
178 181
179 219
180 233
181 217
182 220
183 206
184 202
185 224
186 247
187 208
188 210
189 195
190 216
191 196
192 188
193 185
194 205
195 199
196 201
197 221
198 210
199 222
200 200
201 188
202 190
203 187
204 185
205 225
206 178
207 175
208 168
209 176
210 182
211 169
212 168
213 196
214 169
215 173
216 195
217 157
218 199
219 183
220 192
221 181
222 156
223 161
224 178
225 171
226 166
227 158
228 180
229 166
230 173
231 154
232 150
233 150
234 189
235 183
236 156
237 148
238 140
239 176
240 151
241 171
242 137
243 159
244 162
245 168
246 150
247 137
248 164
249 150
250 128
251 155
252 129
253 141
254 143
255 146
256 135
257 136
258 158
259 126
260 145
261 141
262 146
263 125
264 152
265 120
266 133
267 124
268 127
269 131
270 138
271 119
272 124
273 133
274 136
275 120
276 123
277 139
278 116
279 114
280 127
281 118
282 135
283 144
284 141
285 128
286 114
287 132
288 117
289 94
290 107
291 109
292 145
293 106
294 121
295 108
296 115
297 112
298 112
299 118
300 108
301 109
302 113
303 111
304 99
305 105
306 113
307 111
308 98
309 117
310 94
311 107
312 100
313 113
314 115
315 107
316 99
317 114
318 89
319 99
320 89
321 89
322 121
323 91
324 98
325 103
326 99
327 96
328 105
329 91
330 86
331 93
332 85
333 90
334 96
335 86
336 87
337 98
338 89
339 74
340 88
341 80
342 88
343 85
344 97
345 100
346 99
347 94
348 81
349 66
350 77
351 76
352 68
353 91
354 87
355 71
356 85
357 87
358 75
359 82
360 96
361 69
362 79
363 85
364 87
365 96
366 70
367 56
368 60
369 78
370 68
371 79
372 70
373 64
374 83
375 83
376 82
377 61
378 67
379 68
380 85
381 62
382 71
383 77
384 66
385 66
386 71
387 60
388 67
389 76
390 68
391 80
392 84
393 60
394 65
395 75
396 61
397 61
398 76
399 59
400 71
401 50
402 50
403 56
404 51
405 62
406 54
407 71
408 56
409 51
410 61
411 68
412 55
413 63
414 55
415 49
416 70
417 53
418 61
419 64
420 52
421 60
422 43
423 46
424 58
425 45
426 59
427 57
428 52
429 49
430 57
431 64
432 62
433 50
434 41
435 49
436 47
437 60
438 50
439 60
440 53
441 51
442 49
443 48
444 43
445 49
446 46
447 38
448 63
449 39
450 46
451 55
452 47
453 48
454 48
455 39
456 39
457 40
458 48
459 46
460 40
461 37
462 34
463 48
464 50
465 48
466 35
467 46
468 40
469 35
470 35
471 48
472 38
473 42
474 49
475 38
476 46
477 40
478 43
479 33
480 38
481 39
482 40
483 35
484 36
485 39
486 32
487 42
488 35
489 31
490 28
491 39
492 38
493 30
494 31
495 29
496 31
497 41
498 22
499 35
500 30
501 43
502 24
503 35
504 24
505 29
506 35
507 29
508 31
509 31
510 31
511 27
512 38
513 34
514 29
515 29
516 33
517 29
518 29
519 26
520 29
521 25
522 32
523 25
524 33
525 28
526 35
527 24
528 22
529 22
530 33
531 31
532 29
533 23
534 20
535 25
536 25
537 25
538 31
539 26
540 28
541 22
542 20
543 19
544 23
545 26
546 25
547 32
548 18
549 28
550 28
551 30
552 27
553 25
554 10
555 27
556 26
557 35
558 26
559 26
560 16
561 23
562 19
563 18
564 25
565 17
566 29
567 23
568 26
569 28
570 22
571 17
572 19
573 20
574 20
575 19
576 21
577 15
578 29
579 23
580 10
581 16
582 19
583 16
584 24
585 24
586 26
587 19
588 20
589 14
590 12
591 18
592 21
593 16
594 25
595 12
596 24
597 15
598 19
599 17
600 23
601 22
602 16
603 22
604 16
605 15
606 17
607 11
608 14
609 14
610 15
611 12
612 22
613 12
614 14
615 22
616 15
617 12
618 16
619 16
620 14
621 19
622 11
623 16
624 16
625 12
626 8
627 10
628 13
629 18
630 12
631 12
632 11
633 16
634 20
635 17
636 8
637 14
638 23
639 23
640 13
641 13
642 12
643 14
644 11
645 12
646 7
647 14
648 20
649 16
650 15
651 10
652 10
653 15
654 14
655 15
656 10
657 8
658 12
659 10
660 16
661 9
662 5
663 13
664 7
665 15
666 7
667 4
668 9
669 6
670 10
671 11
672 13
673 8
674 6
675 13
676 7
677 14
678 14
679 11
680 10
681 14
682 15
683 10
684 16
685 12
686 10
687 6
688 8
689 7
690 14
691 15
692 12
693 15
694 12
695 8
696 9
697 9
698 12
699 12
700 15
701 10
702 8
703 6
704 16
705 12
706 7
707 10
708 18
709 7
710 14
711 10
712 4
713 8
714 12
715 12
716 10
717 8
718 11
719 9
720 11
721 6
722 7
723 10
724 8
725 9
726 12
727 11
728 7
729 8
730 9
731 10
732 7
733 15
734 11
735 5
736 8
737 10
738 9
739 6
740 6
741 2
742 8
743 14
744 7
745 14
746 9
747 16
748 9
749 5
750 6
751 4
752 7
753 4
754 7
755 4
756 9
757 4
758 8
759 8
760 9
761 6
762 11
763 9
764 5
765 9
766 10
767 9
768 12
769 12
770 5
771 11
772 6
773 4
774 10
775 5
776 8
777 4
778 10
779 5
780 10
781 3
782 5
783 9
784 6
785 10
786 7
787 11
788 12
789 3
790 10
791 7
792 8
793 16
794 10
795 6
796 9
797 3
798 8
799 7
800 7
801 4
802 8
803 2
804 7
805 4
806 6
807 5
808 7
809 11
810 6
811 5
812 4
813 12
814 3
815 8
816 10
817 9
818 4
819 9
820 5
821 8
822 12
823 6
824 5
825 6
826 3
827 10
828 7
829 4
830 10
831 8
832 9
833 5
834 5
835 4
836 2
837 7
838 7
839 8
840 5
841 8
842 12
843 6
844 3
845 6
846 3
847 8
848 4
849 9
850 3
851 6
852 15
853 3
854 9
855 5
856 7
857 7
858 4
859 6
860 6
861 2
862 9
863 4
864 4
865 5
866 7
867 10
868 5
869 10
870 5
871 11
872 6
873 6
874 5
875 6
876 8
877 8
878 9
879 9
880 2
881 5
882 5
883 13
884 9
885 7
886 3
887 6
888 4
889 9
890 7
891 6
892 5
893 6
894 9
895 6
896 5
897 5
898 3
899 7
900 5
901 6
902 12
903 6
904 5
905 2
906 8
907 5
908 7
909 7
910 6
911 5
912 2
913 6
914 7
915 3
916 1
917 7
918 5
919 4
920 2
921 2
922 4
923 3
924 9
925 3
926 3
927 7
928 4
929 8
930 3
931 4
932 4
933 6
934 2
935 7
936 3
937 1
938 9
939 5
940 7
941 2
942 3
943 4
944 4
945 3
946 5
948 5
949 4
950 6
951 7
952 2
953 5
954 2
955 1
956 4
957 5
958 1
959 3
960 2
961 5
962 5
963 5
964 5
965 2
966 3
967 2
968 7
969 8
970 4
971 5
972 13
973 5
974 5
975 8
976 4
977 6
978 3
979 5
980 6
981 6
982 2
983 5
984 5
985 8
986 3
987 6
988 4
989 4
990 6
991 3
992 7
993 4
994 4
995 5
996 2
997 9
998 3
999 11
1000 8
1001 3
1002 7
1003 5
1004 5
1005 1
1006 2
1007 5
1008 5
1009 10
1010 7
1011 7
1012 3
1013 4
1014 7
1015 4
1016 6
1017 8
1018 6
1019 7
1020 2
1021 4
1022 4
1023 5
1024 4
1025 6
1026 8
1027 4
1028 6
1029 3
1030 3
1031 4
1032 2
1033 2
1034 5
1035 5
1036 4
1037 5
1038 4
1039 7
1040 5
1041 7
1042 4
1043 5
1044 2
1045 3
1046 6
1047 4
1048 3
1049 6
1050 3
1051 3
1052 3
1053 6
1054 3
1055 3
1056 5
1057 2
1058 3
1059 1
1060 6
1061 2
1062 2
1063 6
1064 2
1065 4
1066 2
1067 4
1068 2
1069 1
1070 5
1071 5
1072 5
1073 3
1074 6
1075 3
1076 5
1077 4
1078 2
1079 4
1080 2
1081 5
1082 4
1083 2
1084 2
1085 3
1086 9
1087 7
1088 2
1089 4
1091 5
1092 3
1093 7
1094 6
1095 3
1096 4
1097 9
1098 3
1099 4
1100 6
1101 2
1102 5
1103 3
1104 2
1105 9
1106 4
1107 5
1108 1
1109 9
1110 3
1112 4
1113 4
1114 3
1115 4
1116 8
1117 1
1118 4
1119 4
1120 5
1121 4
1122 4
1123 9
1124 2
1125 3
1126 2
1127 5
1128 1
1129 6
1130 2
1131 8
1132 1
1133 4
1134 3
1135 1
1136 5
1137 3
1138 2
1139 3
1140 2
1141 3
1142 6
1143 4
1144 5
1145 2
1146 5
1147 4
1148 1
1149 6
1150 2
1151 9
1152 2
1153 4
1154 2
1155 3
1156 7
1157 3
1158 2
1159 1
1160 4
1161 7
1163 6
1164 4
1165 6
1166 1
1167 2
1168 1
1169 5
1170 3
1171 2
1172 4
1173 1
1174 5
1175 8
1176 5
1177 3
1179 6
1180 2
1181 2
1182 5
1183 5
1184 4
1185 4
1186 7
1187 2
1188 2
1189 4
1190 2
1191 4
1192 4
1194 7
1195 3
1196 5
1197 7
1198 6
1199 2
1200 3
1201 2
1202 3
1203 1
1204 2
1206 4
1207 2
1208 1
1209 3
1210 6
1211 4
1212 4
1213 3
1214 1
1215 1
1216 3
1217 5
1218 1
1219 3
1220 4
1221 6
1222 4
1223 2
1224 2
1226 3
1227 4
1228 2
1229 1
1230 4
1231 2
1232 2
1233 3
1234 1
1235 1
1238 2
1239 1
1240 1
1241 1
1242 2
1244 2
1245 2
1246 4
1247 2
1248 2
1249 1
1251 1
1252 1
1253 1
1254 2
1255 1
1256 1
1257 2
1259 2
1260 2
1261 2
1262 2
1263 1
1264 1
1265 3
1268 1
1269 1
1270 3
1271 1
1272 1
1274 2
1275 2
1276 1
1278 3
1279 2
1282 1
1283 2
1285 1
1286 1
1288 2
1291 1
1292 1
1293 1
1301 1
1302 1
1305 1
1306 1
1307 1
1313 1
1314 1
1315 1
1319 2
1322 2
1325 2
1328 2
1330 1
1332 1
1335 1
1340 1
1342 1
1343 1
1347 1
1348 1
1355 1
1361 1
1374 1
1378 1
1379 1
1389 1
1402 1
1414 1
1423 1
1425 1
1429 1
1430 1
1474 1
1477 1
1485 1
1487 1
1501 1
1528 1
1537 1
