-1418 1
-1416 3
-1415 1
-1414 3
-1413 2
-1412 2
-1411 4
-1410 2
-1409 2
-1408 2
-1407 7
-1406 5
-1405 6
-1404 6
-1403 16
-1402 6
-1401 19
-1400 29
-1399 29
-1398 40
-1397 30
-1396 62
-1395 71
-1394 72
-1393 91
-1392 89
-1391 100
-1390 94
-1389 115
-1388 113
-1387 106
-1386 126
-1385 149
-1384 147
-1383 166
-1382 195
-1381 175
-1380 172
-1379 164
-1378 170
-1377 163
-1376 189
-1375 161
-1374 176
-1373 176
-1372 160
-1371 176
-1370 143
-1369 172
-1368 171
-1367 168
-1366 147
-1365 158
-1364 148
-1363 161
-1362 168
-1361 181
-1360 186
-1359 191
-1358 163
-1357 174
-1356 204
-1355 183
-1354 216
-1353 222
-1352 234
-1351 182
-1350 183
-1349 157
-1348 177
-1347 169
-1346 199
-1345 174
-1344 184
-1343 158
-1342 151
-1341 148
-1340 158
-1339 193
-1338 189
-1337 177
-1336 178
-1335 151
-1334 191
-1333 192
-1332 164
-1331 188
-1330 181
-1329 175
-1328 185
-1327 157
-1326 172
-1325 211
-1324 191
-1323 191
-1322 200
-1321 214
-1320 243
-1319 220
-1318 234
-1317 261
-1316 236
-1315 240
-1314 252
-1313 224
-1312 241
-1311 253
-1310 272
-1309 220
-1308 240
-1307 260
-1306 232
-1305 224
-1304 228
-1303 212
-1302 204
-1301 206
-1300 234
-1299 225
-1298 185
-1297 204
-1296 230
-1295 192
-1294 214
-1293 239
-1292 238
-1291 234
-1290 255
-1289 269
-1288 258
-1287 260
-1286 263
-1285 245
-1284 273
-1283 248
-1282 234
-1281 240
-1280 254
-1279 276
-1278 244
-1277 279
-1276 275
-1275 285
-1274 282
-1273 290
-1272 297
-1271 336
-1270 327
-1269 350
-1268 349
-1267 346
-1266 361
-1265 400
-1264 454
-1263 516
-1262 546
-1261 584
-1260 644
-1259 734
-1258 722
-1257 752
-1256 803
-1255 861
-1254 941
-1253 945
-1252 1089
-1251 1039
-1250 1131
-1249 1153
-1248 1259
-1247 1223
-1246 1191
-1245 1263
-1244 1201
-1243 1361
-1242 1248
-1241 1371
-1240 1403
-1239 1300
-1238 1326
-1237 1416
-1236 1375
-1235 1370
-1234 1421
-1233 1401
-1232 1457
-1231 1455
-1230 1468
-1229 1408
-1228 1462
-1227 1541
-1226 1457
-1225 1463
-1224 1582
-1223 1588
-1222 1599
-1221 1599
-1220 1580
-1219 1597
-1218 1619
-1217 1486
-1216 1463
-1215 1540
-1214 1604
-1213 1499
-1212 1519
-1211 1570
-1210 1543
-1209 1539
-1208 1497
-1207 1484
-1206 1485
-1205 1450
-1204 1560
-1203 1404
-1202 1489
-1201 1444
-1200 1434
-1199 1432
-1198 1413
-1197 1439
-1196 1448
-1195 1420
-1194 1385
-1193 1483
-1192 1519
-1191 1460
-1190 1455
-1189 1461
-1188 1444
-1187 1510
-1186 1516
-1185 1441
-1184 1599
-1183 1515
-1182 1534
-1181 1502
-1180 1541
-1179 1436
-1178 1552
-1177 1560
-1176 1721
-1175 1851
-1174 1766
-1173 1830
-1172 1914
-1171 2016
-1170 2041
-1169 2052
-1168 2062
-1167 2075
-1166 1982
-1165 1967
-1164 2042
-1163 2090
-1162 2039
-1161 2059
-1160 2147
-1159 1967
-1158 2064
-1157 2157
-1156 2126
-1155 2290
-1154 2335
-1153 2427
-1152 2370
-1151 2419
-1150 2426
-1149 2540
-1148 2532
-1147 2634
-1146 2498
-1145 2501
-1144 2605
-1143 2578
-1142 2611
-1141 2641
-1140 2677
-1139 2757
-1138 2801
-1137 2736
-1136 2685
-1135 2708
-1134 2736
-1133 2673
-1132 2684
-1131 2777
-1130 2874
-1129 2873
-1128 2858
-1127 2907
-1126 2922
-1125 2899
-1124 2911
-1123 3032
-1122 2991
-1121 3031
-1120 2948
-1119 3134
-1118 3111
-1117 3122
-1116 3118
-1115 3106
-1114 3112
-1113 3063
-1112 3267
-1111 3181
-1110 3267
-1109 3259
-1108 3240
-1107 3373
-1106 3270
-1105 3269
-1104 3426
-1103 3255
-1102 3232
-1101 3274
-1100 3380
-1099 3436
-1098 3394
-1097 3465
-1096 3510
-1095 3381
-1094 3496
-1093 3574
-1092 3508
-1091 3481
-1090 3503
-1089 3511
-1088 3476
-1087 3449
-1086 3375
-1085 3449
-1084 3444
-1083 3543
-1082 3578
-1081 3473
-1080 3505
-1079 3588
-1078 3660
-1077 3651
-1076 3709
-1075 3774
-1074 3907
-1073 4023
-1072 3899
-1071 3996
-1070 4010
-1069 3942
-1068 4077
-1067 3915
-1066 4051
-1065 3934
-1064 4043
-1063 3932
-1062 3756
-1061 3948
-1060 3794
-1059 3644
-1058 3641
-1057 3598
-1056 3684
-1055 3710
-1054 3625
-1053 3627
-1052 3608
-1051 3678
-1050 3617
-1049 3544
-1048 3662
-1047 3549
-1046 3558
-1045 3628
-1044 3590
-1043 3659
-1042 3611
-1041 3506
-1040 3555
-1039 3505
-1038 3482
-1037 3487
-1036 3511
-1035 3504
-1034 3707
-1033 3692
-1032 3545
-1031 3777
-1030 3770
-1029 3736
-1028 3765
-1027 3820
-1026 3963
-1025 3918
-1024 3752
-1023 3881
-1022 4039
-1021 3943
-1020 4083
-1019 4081
-1018 3987
-1017 4024
-1016 4204
-1015 4260
-1014 4131
-1013 4459
-1012 4359
-1011 4191
-1010 4212
-1009 4268
-1008 4270
-1007 4442
-1006 4356
-1005 4318
-1004 4389
-1003 4253
-1002 4208
-1001 4351
-1000 4272
-999 4212
-998 4218
-997 4286
-996 4321
-995 4266
-994 4316
-993 4233
-992 4489
-991 4422
-990 4459
-989 4421
-988 4312
-987 4386
-986 4320
-985 4353
-984 4388
-983 4463
-982 4509
-981 4590
-980 4533
-979 4637
-978 4696
-977 4605
-976 4703
-975 4699
-974 4881
-973 4794
-972 4840
-971 4770
-970 4950
-969 4839
-968 4884
-967 4850
-966 4831
-965 4748
-964 4836
-963 4740
-962 4764
-961 5032
-960 4959
-959 4981
-958 4888
-957 5052
-956 5100
-955 4942
-954 5109
-953 5099
-952 5196
-951 5114
-950 5204
-949 5276
-948 5298
-947 5192
-946 5215
-945 5101
-944 5188
-943 5310
-942 5219
-941 5290
-940 5138
-939 5148
-938 5127
-937 5088
-936 5265
-935 5278
-934 5204
-933 5272
-932 5353
-931 5456
-930 5335
-929 5451
-928 5332
-927 5365
-926 5445
-925 5364
-924 5505
-923 5421
-922 5405
-921 5304
-920 5532
-919 5310
-918 5334
-917 5225
-916 5359
-915 5123
-914 5168
-913 5123
-912 5359
-911 5246
-910 5150
-909 5222
-908 5242
-907 5271
-906 5262
-905 5034
-904 5138
-903 5185
-902 5252
-901 5073
-900 5176
-899 5121
-898 5076
-897 5146
-896 5096
-895 5158
-894 5139
-893 5128
-892 5105
-891 5079
-890 4989
-889 5067
-888 5065
-887 5164
-886 5130
-885 5376
-884 5269
-883 5158
-882 5328
-881 5233
-880 5413
-879 5530
-878 5510
-877 5654
-876 5540
-875 5576
-874 5729
-873 5541
-872 5611
-871 5606
-870 5568
-869 5791
-868 5710
-867 5784
-866 5619
-865 5595
-864 5682
-863 5679
-862 5602
-861 5880
-860 5984
-859 5807
-858 5809
-857 5960
-856 6108
-855 6165
-854 6194
-853 6459
-852 6378
-851 6367
-850 6131
-849 6356
-848 6297
-847 6260
-846 6393
-845 6254
-844 6383
-843 6292
-842 6205
-841 6165
-840 6187
-839 6208
-838 6384
-837 6384
-836 6284
-835 6241
-834 6332
-833 6373
-832 6374
-831 6501
-830 6372
-829 6482
-828 6636
-827 6613
-826 6613
-825 6455
-824 6748
-823 6713
-822 6597
-821 6767
-820 6649
-819 6813
-818 6855
-817 6925
-816 6816
-815 6839
-814 6725
-813 6850
-812 6887
-811 6885
-810 6944
-809 6861
-808 6771
-807 6849
-806 7007
-805 6737
-804 6895
-803 6819
-802 6928
-801 6725
-800 6893
-799 6879
-798 6895
-797 6894
-796 6887
-795 6753
-794 6882
-793 6917
-792 6779
-791 6999
-790 6820
-789 6973
-788 6902
-787 6769
-786 6867
-785 6624
-784 6696
-783 6689
-782 6707
-781 6684
-780 6691
-779 6664
-778 6736
-777 6752
-776 6583
-775 6660
-774 6389
-773 6418
-772 6430
-771 6614
-770 6586
-769 6550
-768 6553
-767 6502
-766 6481
-765 6649
-764 6483
-763 6579
-762 6566
-761 6401
-760 6335
-759 6357
-758 6421
-757 6418
-756 6193
-755 6450
-754 6326
-753 6257
-752 6220
-751 6215
-750 6437
-749 6415
-748 6340
-747 6428
-746 6558
-745 6636
-744 6630
-743 6485
-742 6413
-741 6389
-740 6511
-739 6461
-738 6529
-737 6441
-736 6415
-735 6500
-734 6307
-733 6351
-732 6470
-731 6495
-730 6487
-729 6331
-728 6451
-727 6475
-726 6411
-725 6406
-724 6394
-723 6436
-722 6332
-721 6553
-720 6372
-719 6429
-718 6270
-717 6476
-716 6330
-715 6267
-714 6347
-713 6139
-712 6218
-711 6252
-710 6218
-709 6216
-708 6317
-707 6141
-706 6211
-705 6346
-704 6268
-703 6247
-702 6066
-701 6327
-700 6142
-699 6045
-698 6090
-697 6081
-696 6013
-695 6122
-694 6019
-693 6044
-692 5895
-691 5903
-690 5880
-689 5782
-688 5855
-687 5662
-686 5730
-685 5777
-684 5726
-683 5615
-682 5529
-681 5681
-680 5555
-679 5549
-678 5502
-677 5509
-676 5662
-675 5497
-674 5612
-673 5325
-672 5590
-671 5467
-670 5576
-669 5515
-668 5520
-667 5703
-666 5532
-665 5348
-664 5482
-663 5378
-662 5272
-661 5383
-660 5403
-659 5420
-658 5516
-657 5340
-656 5350
-655 5301
-654 5252
-653 5462
-652 5358
-651 5388
-650 5290
-649 5248
-648 5343
-647 5302
-646 5253
-645 5270
-644 5302
-643 5255
-642 5246
-641 5251
-640 5117
-639 5173
-638 5281
-637 5111
-636 5076
-635 5114
-634 5037
-633 4911
-632 4894
-631 5041
-630 5019
-629 4893
-628 4866
-627 4810
-626 4871
-625 4882
-624 4866
-623 4887
-622 4739
-621 4755
-620 4710
-619 4677
-618 4749
-617 4706
-616 4725
-615 4747
-614 4606
-613 4657
-612 4679
-611 4657
-610 4772
-609 4550
-608 4479
-607 4455
-606 4574
-605 4441
-604 4473
-603 4511
-602 4550
-601 4555
-600 4451
-599 4435
-598 4510
-597 4623
-596 4561
-595 4391
-594 4502
-593 4479
-592 4330
-591 4421
-590 4459
-589 4300
-588 4487
-587 4288
-586 4182
-585 4259
-584 4103
-583 4330
-582 4252
-581 4200
-580 4278
-579 4262
-578 4244
-577 4247
-576 4176
-575 4137
-574 4083
-573 4112
-572 4124
-571 4042
-570 3974
-569 4094
-568 3910
-567 3927
-566 3947
-565 3807
-564 3976
-563 3912
-562 3973
-561 3940
-560 3922
-559 3936
-558 3772
-557 3831
-556 3703
-555 3868
-554 3875
-553 3823
-552 3796
-551 3780
-550 3766
-549 3693
-548 3678
-547 3723
-546 3625
-545 3661
-544 3704
-543 3614
-542 3679
-541 3616
-540 3541
-539 3609
-538 3563
-537 3491
-536 3542
-535 3629
-534 3481
-533 3469
-532 3460
-531 3474
-530 3409
-529 3560
-528 3351
-527 3508
-526 3284
-525 3431
-524 3558
-523 3483
-522 3540
-521 3413
-520 3492
-519 3397
-518 3460
-517 3504
-516 3309
-515 3438
-514 3360
-513 3273
-512 3480
-511 3270
-510 3147
-509 3342
-508 3237
-507 3088
-506 3139
-505 3172
-504 2990
-503 3184
-502 3007
-501 3077
-500 3004
-499 2999
-498 3017
-497 2885
-496 2994
-495 2946
-494 2987
-493 2939
-492 2893
-491 2847
-490 2825
-489 2880
-488 2839
-487 2855
-486 2834
-485 2750
-484 2735
-483 2793
-482 2822
-481 2737
-480 2773
-479 2632
-478 2686
-477 2661
-476 2673
-475 2686
-474 2631
-473 2541
-472 2505
-471 2565
-470 2424
-469 2565
-468 2504
-467 2515
-466 2493
-465 2445
-464 2515
-463 2463
-462 2434
-461 2478
-460 2467
-459 2376
-458 2315
-457 2480
-456 2450
-455 2485
-454 2360
-453 2438
-452 2419
-451 2332
-450 2390
-449 2299
-448 2340
-447 2248
-446 2303
-445 2247
-444 2294
-443 2377
-442 2247
-441 2269
-440 2359
-439 2261
-438 2265
-437 2208
-436 2275
-435 2138
-434 2192
-433 2322
-432 2141
-431 2237
-430 2167
-429 2128
-428 2194
-427 2138
-426 2158
-425 2148
-424 2109
-423 2037
-422 2025
-421 2010
-420 1991
-419 2113
-418 2076
-417 2075
-416 2074
-415 1993
-414 1984
-413 1980
-412 1955
-411 1960
-410 1965
-409 1994
-408 2022
-407 1976
-406 1931
-405 1946
-404 2011
-403 1884
-402 1922
-401 1896
-400 1907
-399 1837
-398 1888
-397 1875
-396 1815
-395 1783
-394 1817
-393 1841
-392 1777
-391 1739
-390 1749
-389 1858
-388 1795
-387 1782
-386 1755
-385 1700
-384 1703
-383 1735
-382 1717
-381 1721
-380 1705
-379 1723
-378 1659
-377 1680
-376 1666
-375 1678
-374 1671
-373 1650
-372 1674
-371 1701
-370 1578
-369 1684
-368 1726
-367 1630
-366 1615
-365 1635
-364 1625
-363 1596
-362 1524
-361 1527
-360 1552
-359 1593
-358 1469
-357 1489
-356 1537
-355 1529
-354 1612
-353 1484
-352 1516
-351 1539
-350 1448
-349 1422
-348 1494
-347 1533
-346 1536
-345 1451
-344 1433
-343 1453
-342 1452
-341 1480
-340 1438
-339 1442
-338 1442
-337 1338
-336 1451
-335 1333
-334 1357
-333 1394
-332 1392
-331 1336
-330 1328
-329 1400
-328 1367
-327 1364
-326 1348
-325 1263
-324 1321
-323 1327
-322 1331
-321 1282
-320 1279
-319 1281
-318 1361
-317 1256
-316 1303
-315 1320
-314 1257
-313 1245
-312 1307
-311 1243
-310 1268
-309 1257
-308 1178
-307 1298
-306 1206
-305 1240
-304 1268
-303 1198
-302 1171
-301 1184
-300 1227
-299 1206
-298 1232
-297 1153
-296 1178
-295 1250
-294 1191
-293 1108
-292 1181
-291 1219
-290 1139
-289 1198
-288 1157
-287 1166
-286 1190
-285 1117
-284 1121
-283 1077
-282 1114
-281 1169
-280 1124
-279 1080
-278 1079
-277 1064
-276 1036
-275 1057
-274 1077
-273 1082
-272 1061
-271 1062
-270 1029
-269 1088
-268 1043
-267 1052
-266 1002
-265 1003
-264 1016
-263 1015
-262 1041
-261 983
-260 974
-259 1007
-258 973
-257 978
-256 921
-255 980
-254 1002
-253 949
-252 918
-251 965
-250 993
-249 943
-248 888
-247 893
-246 881
-245 895
-244 905
-243 934
-242 866
-241 871
-240 832
-239 935
-238 890
-237 823
-236 875
-235 897
-234 863
-233 888
-232 828
-231 833
-230 887
-229 841
-228 811
-227 851
-226 779
-225 747
-224 832
-223 797
-222 771
-221 817
-220 685
-219 719
-218 806
-217 807
-216 737
-215 753
-214 791
-213 806
-212 725
-211 742
-210 699
-209 761
-208 780
-207 743
-206 736
-205 708
-204 712
-203 717
-202 740
-201 695
-200 758
-199 712
-198 728
-197 720
-196 678
-195 689
-194 685
-193 666
-192 698
-191 701
-190 631
-189 715
-188 659
-187 657
-186 713
-185 677
-184 640
-183 645
-182 663
-181 637
-180 626
-179 621
-178 617
-177 608
-176 609
-175 629
-174 614
-173 643
-172 611
-171 637
-170 553
-169 608
-168 614
-167 576
-166 620
-165 592
-164 588
-163 608
-162 574
-161 544
-160 573
-159 562
-158 566
-157 523
-156 546
-155 587
-154 547
-153 521
-152 569
-151 545
-150 512
-149 502
-148 537
-147 550
-146 514
-145 507
-144 494
-143 524
-142 533
-141 507
-140 491
-139 518
-138 511
-137 530
-136 496
-135 476
-134 512
-133 479
-132 455
-131 471
-130 458
-129 466
-128 493
-127 499
-126 469
-125 422
-124 488
-123 495
-122 435
-121 503
-120 474
-119 450
-118 424
-117 459
-116 459
-115 443
-114 458
-113 415
-112 458
-111 449
-110 433
-109 461
-108 422
-107 433
-106 459
-105 445
-104 437
-103 439
-102 378
-101 437
-100 416
-99 426
-98 379
-97 392
-96 401
-95 387
-94 410
-93 407
-92 384
-91 423
-90 395
-89 408
-88 379
-87 400
-86 372
-85 383
-84 378
-83 360
-82 391
-81 405
-80 395
-79 378
-78 381
-77 387
-76 371
-75 346
-74 355
-73 357
-72 360
-71 398
-70 379
-69 400
-68 375
-67 367
-66 387
-65 365
-64 358
-63 370
-62 319
-61 315
-60 345
-59 351
-58 369
-57 343
-56 360
-55 371
-54 331
-53 349
-52 348
-51 316
-50 359
-49 312
-48 315
-47 325
-46 303
-45 295
-44 305
-43 331
-42 323
-41 323
-40 312
-39 307
-38 290
-37 344
-36 292
-35 318
-34 325
-33 313
-32 308
-31 329
-30 297
-29 277
-28 312
-27 287
-26 291
-25 305
-24 302
-23 316
-22 286
-21 289
-20 282
-19 282
-18 276
-17 282
-16 275
-15 304
-14 283
-13 321
-12 268
-11 281
-10 268
-9 259
-8 261
-7 264
-6 262
-5 276
-4 276
-3 271
-2 240
-1 266
0 269
1 250
2 257
3 287
4 247
5 254
6 238
7 236
8 229
9 215
10 233
11 258
12 225
13 236
14 240
15 233
16 234
17 215
18 239
19 248
20 235
21 222
22 215
23 238
24 246
25 251
26 237
27 223
28 202
29 191
30 229
31 210
32 203
33 228
34 186
35 193
36 212
37 215
38 208
39 201
40 212
41 221
42 189
43 202
44 188
45 182
46 207
47 189
48 199
49 178
50 197
51 201
52 191
53 195
54 191
55 185
56 203
57 186
58 205
59 193
60 178
61 183
62 188
63 186
64 178
65 156
66 188
67 163
68 168
69 176
70 169
71 154
72 201
73 180
74 147
75 174
76 176
77 178
78 200
79 160
80 178
81 133
82 163
83 188
84 155
85 155
86 166
87 146
88 154
89 139
90 167
91 150
92 156
93 166
94 143
95 150
96 155
97 140
98 150
99 143
100 150
101 136
102 150
103 143
104 136
105 129
106 140
107 133
108 118
109 121
110 116
111 141
112 127
113 123
114 142
115 128
116 129
117 127
118 112
119 128
120 113
121 130
122 96
123 137
124 134
125 116
126 141
127 120
128 115
129 99
130 110
131 111
132 108
133 123
134 104
135 94
136 97
137 101
138 106
139 104
140 116
141 82
142 84
143 104
144 102
145 114
146 111
147 100
148 98
149 98
150 97
151 93
152 85
153 88
154 103
155 92
156 93
157 98
158 105
159 96
160 86
161 103
162 82
163 102
164 99
165 97
166 95
167 89
168 71
169 90
170 80
171 82
172 82
173 83
174 72
175 85
176 76
177 87
178 71
179 79
180 70
181 76
182 69
183 91
184 81
185 67
186 65
187 74
188 78
189 78
190 73
191 87
192 60
193 63
194 72
195 71
196 65
197 65
198 71
199 75
200 70
201 73
202 54
203 70
204 76
205 67
206 81
207 70
208 71
209 78
210 70
211 68
212 71
213 74
214 67
215 66
216 71
217 71
218 69
219 58
220 62
221 62
222 64
223 66
224 56
225 59
226 55
227 66
228 47
229 59
230 66
231 53
232 49
233 72
234 67
235 58
236 59
237 54
238 52
239 49
240 50
241 42
242 52
243 45
244 49
245 62
246 38
247 53
248 42
249 55
250 42
251 38
252 58
253 52
254 48
255 40
256 50
257 46
258 47
259 44
260 48
261 46
262 35
263 51
264 52
265 44
266 41
267 43
268 48
269 45
270 45
271 43
272 37
273 48
274 39
275 36
276 45
277 48
278 34
279 32
280 51
281 31
282 39
283 35
284 35
285 29
286 35
287 34
288 49
289 39
290 40
291 38
292 42
293 29
294 41
295 50
296 30
297 44
298 42
299 31
300 37
301 39
302 27
303 40
304 39
305 34
306 34
307 32
308 39
309 48
310 45
311 38
312 38
313 35
314 26
315 29
316 30
317 40
318 38
319 32
320 32
321 34
322 38
323 26
324 31
325 31
326 27
327 33
328 32
329 23
330 32
331 25
332 33
333 25
334 21
335 35
336 30
337 30
338 29
339 32
340 29
341 35
342 31
343 33
344 35
345 22
346 19
347 15
348 20
349 22
350 28
351 32
352 32
353 18
354 18
355 30
356 30
357 15
358 24
359 29
360 20
361 21
362 23
363 30
364 27
365 29
366 29
367 20
368 17
369 20
370 30
371 27
372 17
373 22
374 24
375 21
376 21
377 20
378 14
379 26
380 24
381 17
382 30
383 23
384 28
385 29
386 29
387 25
388 17
389 21
390 26
391 23
392 23
393 19
394 26
395 17
396 20
397 17
398 20
399 22
400 21
401 30
402 19
403 20
404 22
405 21
406 30
407 20
408 18
409 24
410 18
411 21
412 24
413 26
414 18
415 18
416 17
417 12
418 23
419 21
420 27
421 16
422 24
423 15
424 20
425 26
426 19
427 18
428 21
429 17
430 23
431 19
432 14
433 14
434 10
435 18
436 17
437 15
438 24
439 16
440 15
441 11
442 20
443 16
444 19
445 14
446 29
447 12
448 18
449 18
450 14
451 15
452 15
453 15
454 13
455 16
456 15
457 10
458 25
459 22
460 22
461 15
462 17
463 11
464 18
465 22
466 16
467 18
468 8
469 19
470 14
471 13
472 11
473 13
474 18
475 20
476 15
477 12
478 11
479 14
480 18
481 11
482 17
483 17
484 13
485 16
486 15
487 17
488 16
489 5
490 12
491 15
492 16
493 14
494 18
495 9
496 9
497 8
498 10
499 16
500 14
501 17
502 18
503 11
504 15
505 14
506 14
507 15
508 18
509 9
510 15
511 8
512 10
513 9
514 12
515 13
516 13
517 15
518 14
519 10
520 19
521 11
522 7
523 9
524 14
525 10
526 19
527 11
528 14
529 11
530 13
531 15
532 13
533 11
534 15
535 12
536 14
537 9
538 8
539 13
540 8
541 14
542 15
543 8
544 15
545 10
546 11
547 11
548 22
549 7
550 16
551 13
552 15
553 17
554 12
555 12
556 22
557 15
558 13
559 12
560 15
561 13
562 15
563 14
564 10
565 7
566 15
567 20
568 18
569 15
570 17
571 13
572 18
573 15
574 7
575 10
576 13
577 12
578 16
579 12
580 10
581 21
582 9
583 9
584 16
585 20
586 11
587 13
588 15
589 14
590 10
591 12
592 18
593 13
594 16
595 15
596 10
597 15
598 10
599 13
600 9
601 12
602 17
603 11
604 14
605 11
606 13
607 14
608 12
609 15
610 15
611 13
612 13
613 8
614 17
615 4
616 11
617 10
618 15
619 22
620 13
621 7
622 12
623 14
624 17
625 12
626 6
627 14
628 14
629 11
630 10
631 10
632 17
633 13
634 12
635 9
636 7
637 14
638 16
639 12
640 17
641 11
642 12
643 12
644 12
645 7
646 12
647 11
648 10
649 12
650 10
651 14
652 10
653 14
654 12
655 9
656 17
657 16
658 12
659 11
660 13
661 11
662 22
663 20
664 12
665 12
666 10
667 8
668 12
669 12
670 17
671 13
672 11
673 10
674 16
675 14
676 12
677 9
678 14
679 11
680 10
681 9
682 8
683 9
684 12
685 16
686 12
687 12
688 17
689 10
690 16
691 21
692 17
693 13
694 16
695 9
696 8
697 15
698 15
699 14
700 19
701 14
702 13
703 24
704 24
705 7
706 20
707 12
708 15
709 17
710 10
711 18
712 17
713 22
714 15
715 16
716 16
717 14
718 17
719 17
720 15
721 25
722 7
723 15
724 11
725 15
726 15
727 13
728 18
729 16
730 7
731 25
732 21
733 21
734 15
735 13
736 14
737 25
738 14
739 16
740 21
741 18
742 17
743 17
744 14
745 21
746 22
747 26
748 16
749 21
750 27
751 11
752 20
753 13
754 14
755 18
756 13
757 22
758 19
759 14
760 22
761 15
762 15
763 30
764 19
765 17
766 20
767 14
768 17
769 20
770 17
771 19
772 18
773 17
774 11
775 17
776 15
777 14
778 12
779 17
780 20
781 25
782 18
783 22
784 22
785 15
786 18
787 13
788 14
789 22
790 10
791 14
792 20
793 13
794 18
795 21
796 21
797 19
798 19
799 14
800 16
801 18
802 17
803 21
804 17
805 17
806 17
807 16
808 18
809 15
810 16
811 23
812 12
813 20
814 21
815 29
816 9
817 14
818 18
819 17
820 12
821 20
822 22
823 8
824 20
825 12
826 18
827 18
828 16
829 10
830 13
831 15
832 17
833 21
834 15
835 13
836 17
837 15
838 15
839 11
840 18
841 17
842 10
843 11
844 11
845 11
846 10
847 10
848 16
849 19
850 16
851 12
852 13
853 13
854 7
855 18
856 5
857 13
858 19
859 7
860 11
861 13
862 17
863 9
864 18
865 10
866 9
867 13
868 11
869 11
870 12
871 12
872 11
873 13
874 14
875 12
876 15
877 14
878 10
879 15
880 11
881 23
882 12
883 18
884 9
885 11
886 15
887 11
888 15
889 10
890 5
891 16
892 7
893 6
894 13
895 9
896 7
897 14
898 11
899 17
900 17
901 10
902 5
903 4
904 5
905 17
906 13
907 11
908 10
909 11
910 9
911 18
912 5
913 4
914 13
915 8
916 11
917 9
918 7
919 7
920 7
921 5
922 9
923 13
924 13
925 12
926 11
927 8
928 6
929 4
930 9
931 13
932 8
933 4
934 10
935 8
936 7
937 5
938 8
939 5
940 11
941 4
942 6
943 9
944 6
945 8
946 6
947 9
948 10
949 8
950 9
951 6
952 12
953 8
954 7
955 6
956 9
957 6
958 7
959 10
960 6
961 7
962 6
963 4
964 2
965 4
966 3
967 8
968 6
969 5
970 8
971 6
972 7
973 5
974 2
975 7
976 5
977 2
978 4
979 4
980 5
981 2
982 2
983 5
984 4
985 9
986 6
987 5
988 13
989 7
990 5
991 6
992 2
993 7
994 4
995 4
996 6
997 6
998 5
999 6
1000 7
1001 2
1002 6
1003 2
1004 2
1005 3
1006 2
1007 7
1008 1
1009 3
1010 7
1011 1
1012 11
1013 8
1015 1
1016 4
1017 4
1018 4
1019 5
1020 4
1021 5
1022 3
1023 4
1025 2
1026 7
1027 3
1028 3
1029 2
1030 1
1031 5
1032 5
1033 4
1034 5
1035 2
1036 4
1037 4
1038 5
1039 5
1040 3
1041 4
1042 5
1043 1
1044 1
1045 2
1046 5
1047 2
1048 3
1049 1
1050 3
1051 4
1052 4
1053 2
1054 1
1055 4
1056 3
1057 3
1059 4
1060 3
1062 1
1063 5
1064 1
1065 3
1066 2
1067 1
1068 4
1070 2
1071 4
1072 2
1073 3
1074 2
1076 4
1077 4
1078 2
1079 2
1080 5
1081 3
1083 2
1084 3
1085 3
1087 4
1088 1
1089 1
1090 2
1091 2
1092 1
1093 3
1094 3
1096 3
1097 2
1098 2
1099 1
1100 2
1101 2
1104 3
1107 1
1108 2
1109 2
1110 1
1111 1
1112 1
1114 2
1115 2
1116 3
1117 1
1118 2
1119 1
1120 2
1121 1
1122 3
1123 4
1126 1
1127 1
1128 2
1129 1
1130 2
1133 1
1134 2
1135 1
1137 1
1139 1
1140 1
1141 1
1143 1
1144 2
1145 2
1147 1
1148 1
1149 1
1150 1
1153 1
1154 1
1156 1
1157 1
1159 2
1161 2
1162 1
1164 1
1165 1
1170 3
1173 1
1174 1
1175 1
1176 2
1178 2
1179 1
1180 2
1181 1
1182 1
1183 1
1185 1
1189 3
1190 1
1195 1
1196 1
1197 1
1206 1
1208 1
1216 1
1217 1
1218 1
1221 1
1223 1
1229 1
1241 1
1243 1
1245 1
1248 1
1254 1
1257 1
1258 1
1259 1
1262 2
1267 1
1270 1
1287 1
1289 1
1297 1
1301 2
1304 1
1305 1
1312 1
1322 1
1325 1
1375 1
