106 5
107 11
108 53
109 99
110 129
111 132
112 187
113 269
114 415
115 676
116 905
117 1893
118 2872
119 3525
120 3813
121 4942
122 5595
123 6709
124 7732
125 8133
126 9220
127 9918
128 11085
129 12262
130 13646
131 13888
132 14644
133 15467
134 17600
135 20575
136 21460
137 23590
138 25097
139 25464
140 25746
141 25960
142 27510
143 29292
144 31542
145 34243
146 36854
147 38263
148 39307
149 39802
150 40437
151 43713
152 44240
153 42917
154 43386
155 43289
156 44842
157 47242
158 45245
159 45727
160 42906
161 40454
162 39423
163 38491
164 37809
165 37549
166 37320
167 36728
168 35603
169 35608
170 36329
171 36321
172 36239
173 36660
174 36243
175 35826
176 35792
177 35645
178 36728
179 36361
180 36540
181 38597
182 38561
183 36747
184 35892
185 36536
186 36235
187 35979
188 38159
189 37129
190 34068
191 31991
192 29774
193 29046
194 28377
195 27175
196 26414
197 26541
198 25637
199 25022
200 24172
201 23369
202 22906
203 23257
204 22401
205 21450
206 21423
207 20369
208 19381
209 19385
210 18934
211 18183
212 17859
213 17929
214 17684
215 17520
216 17405
217 16871
218 16501
219 16341
220 15748
221 15305
222 14737
223 14380
224 13997
225 13646
226 13208
227 12867
228 12797
229 12484
230 12313
231 11871
232 11806
233 11353
234 11393
235 10817
236 10436
237 10260
238 9978
239 9811
240 9460
241 9349
242 9206
243 9115
244 9035
245 8741
246 8581
247 8477
248 8252
249 8146
250 8097
251 7853
252 7904
253 7686
254 7604
255 7645
256 7423
257 7365
258 7183
259 7148
260 7039
261 6681
262 6740
263 6485
264 6322
265 6233
266 6301
267 6161
268 5986
269 5893
270 5769
271 5746
272 5642
273 5648
274 5603
275 5430
276 5496
277 5421
278 5355
279 5255
280 5177
281 5255
282 5176
283 5237
284 5125
285 5443
286 5147
287 4811
288 5027
289 4772
290 4629
291 4722
292 4458
293 4276
294 4352
295 4182
296 4036
297 4041
298 3926
299 4014
300 3897
301 3848
302 3835
303 3745
304 3573
305 3557
306 3469
307 3500
308 3407
309 3322
310 3278
311 3324
312 3170
313 3190
314 3139
315 3127
316 3096
317 3034
318 3007
319 2947
320 2769
321 2793
322 2802
323 2657
324 2681
325 2529
326 2526
327 2485
328 2385
329 2423
330 2427
331 2338
332 2290
333 2292
334 2292
335 2235
336 2157
337 2173
338 2141
339 2057
340 2058
341 2023
342 2020
343 1996
344 1861
345 1901
346 1887
347 1873
348 1762
349 1852
350 1787
351 1737
352 1684
353 1723
354 1628
355 1611
356 1639
357 1607
358 1603
359 1588
360 1566
361 1474
362 1482
363 1481
364 1481
365 1480
366 1467
367 1328
368 1350
369 1325
370 1375
371 1333
372 1337
373 1325
374 1319
375 1262
376 1300
377 1220
378 1228
379 1308
380 1228
381 1197
382 1213
383 1157
384 1232
385 1135
386 1072
387 1106
388 1022
389 1077
390 1032
391 1097
392 1073
393 1013
394 990
395 1003
396 1047
397 1022
398 994
399 1005
400 894
401 997
402 947
403 860
404 871
405 869
406 833
407 810
408 866
409 816
410 797
411 833
412 792
413 766
414 801
415 806
416 777
417 809
418 764
419 748
420 779
421 797
422 715
423 723
424 720
425 739
426 729
427 699
428 749
429 694
430 702
431 660
432 649
433 667
434 619
435 615
436 709
437 736
438 682
439 736
440 687
441 712
442 685
443 686
444 757
445 765
446 754
447 757
448 727
449 760
450 774
451 723
452 744
453 710
454 739
455 752
456 714
457 762
458 736
459 689
460 734
461 704
462 682
463 661
464 754
465 680
466 658
467 655
468 708
469 705
470 675
471 711
472 712
473 700
474 772
475 852
476 802
477 882
478 890
479 916
480 891
481 871
482 967
483 1009
484 957
485 996
486 952
487 1048
488 972
489 1072
490 1056
491 1083
492 1083
493 1108
494 1138
495 1107
496 1090
497 1088
498 1090
499 1100
500 1039
501 1101
502 1100
503 1139
504 1133
505 1095
506 1098
507 1178
508 1143
509 1174
510 1146
511 1168
512 1155
513 1223
514 1214
515 1179
516 1179
517 1187
518 1191
519 1139
520 1175
521 1150
522 1176
523 1132
524 1157
525 1167
526 1135
527 1201
528 1208
529 1210
530 1203
531 1242
532 1164
533 1134
534 1161
535 1081
536 1152
537 1150
538 1220
539 1129
540 1155
541 1135
542 1147
543 1103
544 1086
545 1165
546 1085
547 1052
548 1090
549 1048
550 1071
551 1121
552 1084
553 1111
554 1036
555 1026
556 1054
557 993
558 1015
559 980
560 978
561 996
562 1068
563 1037
564 923
565 1001
566 958
567 948
568 946
569 928
570 919
571 882
572 943
573 922
574 861
575 914
576 904
577 894
578 908
579 877
580 890
581 881
582 867
583 836
584 813
585 885
586 879
587 874
588 798
589 851
590 830
591 854
592 809
593 860
594 817
595 818
596 878
597 837
598 794
599 798
600 822
601 881
602 764
603 837
604 805
605 851
606 801
607 742
608 775
609 791
610 802
611 772
612 750
613 757
614 750
615 828
616 716
617 783
618 741
619 755
620 767
621 715
622 702
623 715
624 655
625 681
626 701
627 680
628 677
629 679
630 734
631 681
632 605
633 691
634 671
635 643
636 664
637 648
638 639
639 695
640 637
641 626
642 653
643 614
644 620
645 650
646 606
647 613
648 600
649 597
650 572
651 603
652 607
653 632
654 583
655 550
656 579
657 547
658 548
659 617
660 522
661 514
662 499
663 544
664 539
665 542
666 461
667 542
668 545
669 518
670 496
671 494
672 498
673 485
674 477
675 517
676 550
677 486
678 498
679 509
680 531
681 470
682 481
683 505
684 474
685 452
686 461
687 428
688 451
689 429
690 436
691 458
692 502
693 408
694 428
695 433
696 477
697 411
698 401
699 415
700 400
701 446
702 418
703 398
704 438
705 402
706 397
707 402
708 403
709 373
710 389
711 375
712 411
713 407
714 396
715 397
716 400
717 411
718 401
719 355
720 383
721 354
722 360
723 363
724 382
725 356
726 345
727 377
728 378
729 338
730 346
731 376
732 345
733 362
734 343
735 294
736 337
737 339
738 338
739 337
740 305
741 350
742 365
743 343
744 323
745 319
746 303
747 315
748 319
749 283
750 314
751 309
752 275
753 344
754 310
755 294
756 274
757 294
758 320
759 259
760 313
761 310
762 316
763 286
764 296
765 311
766 273
767 297
768 290
769 278
770 275
771 294
772 292
773 315
774 270
775 296
776 261
777 279
778 281
779 253
780 249
781 270
782 254
783 267
784 279
785 254
786 229
787 294
788 251
789 265
790 255
791 244
792 279
793 299
794 275
795 245
796 259
797 232
798 251
799 232
800 240
801 243
802 239
803 249
804 256
805 238
806 235
807 248
808 224
809 239
810 230
811 219
812 204
813 227
814 239
815 258
816 214
817 210
818 247
819 231
820 209
821 215
822 210
823 220
824 215
825 237
826 221
827 197
828 185
829 193
830 211
831 193
832 211
833 208
834 195
835 211
836 202
837 211
838 219
839 200
840 199
841 208
842 201
843 190
844 208
845 178
846 199
847 211
848 182
849 218
850 176
851 201
852 177
853 172
854 187
855 159
856 196
857 192
858 163
859 172
860 194
861 197
862 213
863 155
864 165
865 172
866 161
867 199
868 170
869 171
870 171
871 176
872 169
873 158
874 155
875 194
876 189
877 176
878 176
879 196
880 195
881 174
882 180
883 167
884 165
885 177
886 163
887 174
888 182
889 144
890 160
891 155
892 159
893 181
894 158
895 155
896 167
897 162
898 163
899 164
900 157
901 175
902 190
903 166
904 152
905 157
906 160
907 138
908 152
909 152
910 163
911 158
912 151
913 166
914 150
915 153
916 169
917 153
918 141
919 136
920 144
921 154
922 140
923 151
924 141
925 158
926 142
927 126
928 152
929 139
930 149
931 157
932 135
933 138
934 131
935 136
936 163
937 146
938 129
939 158
940 122
941 141
942 128
943 133
944 155
945 133
946 145
947 153
948 122
949 145
950 151
951 146
952 152
953 156
954 156
955 130
956 164
957 162
958 135
959 136
960 146
961 143
962 118
963 138
964 154
965 160
966 147
967 141
968 142
969 116
970 124
971 129
972 142
973 157
974 131
975 144
976 149
977 137
978 145
979 149
980 157
981 150
982 151
983 112
984 136
985 155
986 137
987 126
988 123
989 140
990 133
991 143
992 128
993 117
994 155
995 148
996 144
997 126
998 127
999 145
1000 136
1001 125
1002 148
1003 133
1004 132
1005 133
1006 132
1007 122
1008 105
1009 111
1010 132
1011 126
1012 112
1013 137
1014 124
1015 101
1016 133
1017 118
1018 118
1019 119
1020 111
1021 111
1022 105
1023 129
1024 99
1025 111
1026 103
1027 93
1028 105
1029 97
1030 113
1031 104
1032 108
1033 83
1034 113
1035 91
1036 96
1037 96
1038 92
1039 99
1040 112
1041 104
1042 85
1043 89
1044 114
1045 77
1046 110
1047 104
1048 82
1049 85
1050 78
1051 85
1052 88
1053 101
1054 89
1055 84
1056 84
1057 89
1058 76
1059 73
1060 67
1061 80
1062 80
1063 81
1064 84
1065 85
1066 81
1067 86
1068 63
1069 74
1070 75
1071 61
1072 71
1073 87
1074 71
1075 98
1076 69
1077 71
1078 77
1079 82
1080 76
1081 77
1082 64
1083 85
1084 69
1085 83
1086 73
1087 66
1088 66
1089 82
1090 70
1091 67
1092 68
1093 60
1094 55
1095 61
1096 52
1097 68
1098 67
1099 56
1100 80
1101 67
1102 59
1103 55
1104 71
1105 57
1106 60
1107 47
1108 67
1109 48
1110 57
1111 55
1112 68
1113 71
1114 54
1115 46
1116 53
1117 59
1118 53
1119 38
1120 45
1121 48
1122 54
1123 62
1124 51
1125 54
1126 66
1127 63
1128 61
1129 47
1130 56
1131 49
1132 67
1133 59
1134 46
1135 57
1136 53
1137 40
1138 46
1139 48
1140 53
1141 53
1142 48
1143 46
1144 47
1145 44
1146 59
1147 40
1148 46
1149 64
1150 53
1151 42
1152 45
1153 49
1154 28
1155 50
1156 42
1157 41
1158 41
1159 49
1160 42
1161 42
1162 45
1163 48
1164 41
1165 50
1166 30
1167 38
1168 51
1169 32
1170 31
1171 31
1172 44
1173 50
1174 48
1175 36
1176 42
1177 38
1178 38
1179 49
1180 34
1181 36
1182 46
1183 22
1184 50
1185 38
1186 37
1187 30
1188 38
1189 38
1190 37
1191 31
1192 44
1193 41
1194 25
1195 28
1196 27
1197 26
1198 21
1199 28
1200 28
1201 27
1202 34
1203 28
1204 36
1205 33
1206 41
1207 32
1208 23
1209 32
1210 24
1211 20
1212 26
1213 38
1214 19
1215 31
1216 25
1217 34
1218 21
1219 27
1220 26
1221 21
1222 32
1223 37
1224 32
1225 31
1226 29
1227 27
1228 32
1229 22
1230 26
1231 23
1232 15
1233 27
1234 24
1235 27
1236 27
1237 27
1238 24
1239 23
1240 22
1241 21
1242 15
1243 26
1244 24
1245 21
1246 23
1247 21
1248 28
1249 17
1250 28
1251 25
1252 19
1253 16
1254 18
1255 30
1256 20
1257 22
1258 28
1259 19
1260 16
1261 14
1262 19
1263 24
1264 19
1265 19
1266 15
1267 19
1268 15
1269 22
1270 25
1271 17
1272 18
1273 17
1274 18
1275 14
1276 16
1277 13
1278 23
1279 11
1280 18
1281 14
1282 12
1283 14
1284 18
1285 14
1286 16
1287 12
1288 18
1289 13
1290 16
1291 18
1292 20
1293 17
1294 16
1295 13
1296 16
1297 17
1298 16
1299 14
1300 20
1301 14
1302 17
1303 17
1304 25
1305 17
1306 17
1307 18
1308 16
1309 16
1310 9
1311 13
1312 12
1313 9
1314 14
1315 7
1316 14
1317 11
1318 13
1319 12
1320 16
1321 8
1322 19
1323 12
1324 10
1325 14
1326 16
1327 10
1328 11
1329 9
1330 15
1331 11
1332 12
1333 9
1334 11
1335 14
1336 14
1337 11
1338 22
1339 9
1340 10
1341 16
1342 16
1343 7
1344 10
1345 8
1346 11
1347 12
1348 15
1349 11
1350 11
1351 11
1352 8
1353 10
1354 6
1355 16
1356 11
1357 11
1358 9
1359 10
1360 13
1361 7
1362 7
1363 8
1364 8
1365 10
1366 6
1367 10
1368 9
1369 7
1370 13
1371 13
1372 10
1373 13
1374 3
1375 4
1376 9
1377 6
1378 5
1379 14
1380 7
1381 3
1382 5
1383 7
1384 5
1385 3
1386 11
1387 7
1388 5
1389 10
1390 7
1391 7
1392 7
1393 8
1394 6
1395 6
1396 10
1397 7
1398 5
1399 8
1400 8
1401 7
1402 7
1403 4
1404 7
1405 3
1406 5
1407 5
1408 6
1409 9
1410 6
1411 6
1412 5
1413 7
1414 6
1415 5
1416 8
1417 2
1418 5
1419 5
1420 8
1421 5
1422 6
1423 9
1424 5
1425 8
1426 3
1427 3
1428 3
1429 8
1430 3
1431 8
1432 8
1433 9
1434 3
1435 4
1436 5
1437 9
1438 6
1439 5
1440 5
1441 1
1442 6
1443 7
1444 4
1445 4
1446 8
1447 5
1448 2
1449 5
1450 4
1451 3
1452 3
1453 3
1454 5
1455 5
1456 3
1457 4
1458 5
1459 1
1460 5
1461 3
1462 5
1463 2
1464 3
1465 5
1466 5
1467 4
1468 3
1469 6
1470 4
1471 1
1472 1
1473 3
1474 2
1475 2
1476 3
1477 4
1478 2
1479 2
1480 1
1481 3
1482 1
1483 1
1484 4
1485 2
1486 4
1487 1
1488 3
1489 2
1490 1
1491 2
1492 2
1493 2
1494 3
1495 3
1496 1
1497 1
1498 1
1500 1
1501 3
1502 1
1504 2
1505 5
1506 3
1508 3
1509 1
1510 1
1512 1
1513 1
1514 5
1515 2
1516 3
1517 2
1519 3
1520 2
1521 1
1522 1
1523 1
1525 3
1527 2
1528 3
1529 1
1530 2
1531 1
1532 2
1533 2
1535 1
1536 1
1538 2
1539 1
1541 1
1542 1
1543 2
1544 1
1545 1
1546 1
1548 1
1549 2
1551 1
1553 1
1554 1
1556 1
1557 1
1561 1
1563 1
1566 1
1567 1
1573 1
1575 1
1579 1
1585 2
1586 1
1594 1
1596 1
1597 1
1599 1
1601 1
1610 1
1615 1
1620 2
1639 1
1642 1
1645 1
1654 1
1680 1
