-1502 1
-1501 2
-1500 2
-1499 3
-1498 4
-1497 1
-1496 8
-1495 13
-1494 6
-1493 8
-1492 14
-1491 19
-1490 30
-1489 40
-1488 53
-1487 65
-1486 64
-1485 67
-1484 97
-1483 107
-1482 113
-1481 111
-1480 115
-1479 109
-1478 130
-1477 115
-1476 123
-1475 155
-1474 156
-1473 161
-1472 169
-1471 162
-1470 191
-1469 191
-1468 180
-1467 196
-1466 227
-1465 217
-1464 225
-1463 204
-1462 222
-1461 209
-1460 203
-1459 196
-1458 177
-1457 181
-1456 223
-1455 213
-1454 204
-1453 220
-1452 186
-1451 213
-1450 169
-1449 197
-1448 191
-1447 227
-1446 212
-1445 189
-1444 173
-1443 171
-1442 199
-1441 180
-1440 183
-1439 209
-1438 210
-1437 211
-1436 189
-1435 176
-1434 164
-1433 206
-1432 186
-1431 190
-1430 186
-1429 182
-1428 211
-1427 204
-1426 208
-1425 225
-1424 217
-1423 232
-1422 173
-1421 213
-1420 250
-1419 204
-1418 212
-1417 219
-1416 235
-1415 234
-1414 254
-1413 245
-1412 244
-1411 228
-1410 214
-1409 228
-1408 228
-1407 207
-1406 219
-1405 217
-1404 215
-1403 217
-1402 199
-1401 190
-1400 242
-1399 222
-1398 252
-1397 235
-1396 270
-1395 235
-1394 279
-1393 243
-1392 258
-1391 237
-1390 239
-1389 237
-1388 235
-1387 248
-1386 267
-1385 272
-1384 286
-1383 241
-1382 243
-1381 262
-1380 316
-1379 301
-1378 271
-1377 272
-1376 302
-1375 274
-1374 291
-1373 284
-1372 298
-1371 269
-1370 315
-1369 283
-1368 334
-1367 295
-1366 295
-1365 262
-1364 275
-1363 283
-1362 350
-1361 397
-1360 401
-1359 396
-1358 379
-1357 390
-1356 400
-1355 442
-1354 469
-1353 508
-1352 544
-1351 575
-1350 639
-1349 641
-1348 683
-1347 770
-1346 793
-1345 861
-1344 932
-1343 936
-1342 916
-1341 985
-1340 1012
-1339 1133
-1338 1211
-1337 1262
-1336 1273
-1335 1272
-1334 1288
-1333 1238
-1332 1326
-1331 1318
-1330 1375
-1329 1391
-1328 1281
-1327 1377
-1326 1331
-1325 1353
-1324 1373
-1323 1325
-1322 1361
-1321 1364
-1320 1389
-1319 1393
-1318 1356
-1317 1437
-1316 1480
-1315 1490
-1314 1396
-1313 1446
-1312 1574
-1311 1480
-1310 1557
-1309 1589
-1308 1593
-1307 1601
-1306 1634
-1305 1617
-1304 1577
-1303 1550
-1302 1517
-1301 1506
-1300 1590
-1299 1595
-1298 1584
-1297 1645
-1296 1559
-1295 1555
-1294 1547
-1293 1482
-1292 1530
-1291 1486
-1290 1526
-1289 1517
-1288 1552
-1287 1489
-1286 1564
-1285 1463
-1284 1514
-1283 1511
-1282 1493
-1281 1488
-1280 1403
-1279 1461
-1278 1342
-1277 1430
-1276 1435
-1275 1403
-1274 1449
-1273 1415
-1272 1448
-1271 1472
-1270 1482
-1269 1557
-1268 1563
-1267 1614
-1266 1631
-1265 1617
-1264 1679
-1263 1751
-1262 1780
-1261 1916
-1260 1873
-1259 1946
-1258 1886
-1257 1983
-1256 2035
-1255 2043
-1254 2061
-1253 2090
-1252 2181
-1251 2216
-1250 2123
-1249 2169
-1248 2107
-1247 2088
-1246 2254
-1245 2236
-1244 2419
-1243 2369
-1242 2397
-1241 2472
-1240 2453
-1239 2534
-1238 2425
-1237 2474
-1236 2555
-1235 2589
-1234 2632
-1233 2648
-1232 2691
-1231 2700
-1230 2835
-1229 2708
-1228 2810
-1227 2715
-1226 2676
-1225 2663
-1224 2649
-1223 2699
-1222 2698
-1221 2661
-1220 2783
-1219 2845
-1218 2828
-1217 2811
-1216 3021
-1215 2776
-1214 2742
-1213 2951
-1212 2803
-1211 2998
-1210 2924
-1209 3042
-1208 2967
-1207 3147
-1206 2920
-1205 2962
-1204 3037
-1203 3100
-1202 3056
-1201 3157
-1200 3202
-1199 3070
-1198 3097
-1197 3137
-1196 3075
-1195 3134
-1194 3128
-1193 3158
-1192 3170
-1191 3202
-1190 3092
-1189 3152
-1188 3316
-1187 3164
-1186 3393
-1185 3329
-1184 3364
-1183 3493
-1182 3431
-1181 3467
-1180 3480
-1179 3377
-1178 3436
-1177 3493
-1176 3368
-1175 3490
-1174 3379
-1173 3517
-1172 3527
-1171 3456
-1170 3587
-1169 3641
-1168 3634
-1167 3734
-1166 3737
-1165 3728
-1164 3673
-1163 3630
-1162 3700
-1161 3715
-1160 3763
-1159 3717
-1158 3680
-1157 3697
-1156 3768
-1155 3962
-1154 3812
-1153 3881
-1152 3798
-1151 3740
-1150 3804
-1149 3854
-1148 3758
-1147 3800
-1146 3709
-1145 3662
-1144 3652
-1143 3625
-1142 3677
-1141 3586
-1140 3607
-1139 3577
-1138 3539
-1137 3565
-1136 3494
-1135 3515
-1134 3628
-1133 3486
-1132 3486
-1131 3435
-1130 3462
-1129 3476
-1128 3551
-1127 3504
-1126 3507
-1125 3576
-1124 3603
-1123 3532
-1122 3529
-1121 3397
-1120 3410
-1119 3576
-1118 3473
-1117 3551
-1116 3490
-1115 3681
-1114 3726
-1113 3789
-1112 3674
-1111 3759
-1110 3878
-1109 3839
-1108 3861
-1107 3941
-1106 4022
-1105 4074
-1104 3918
-1103 3867
-1102 4025
-1101 4030
-1100 3973
-1099 4084
-1098 4114
-1097 4124
-1096 4204
-1095 4155
-1094 4109
-1093 4091
-1092 3988
-1091 4099
-1090 4088
-1089 4083
-1088 4112
-1087 4272
-1086 4345
-1085 4262
-1084 4362
-1083 4181
-1082 4239
-1081 4358
-1080 4261
-1079 4193
-1078 4200
-1077 4136
-1076 4383
-1075 4297
-1074 4329
-1073 4173
-1072 4243
-1071 4429
-1070 4459
-1069 4388
-1068 4428
-1067 4364
-1066 4469
-1065 4425
-1064 4542
-1063 4535
-1062 4425
-1061 4652
-1060 4497
-1059 4595
-1058 4690
-1057 4705
-1056 4956
-1055 4913
-1054 4799
-1053 4864
-1052 4890
-1051 4932
-1050 5072
-1049 4950
-1048 4964
-1047 5139
-1046 5070
-1045 5216
-1044 5202
-1043 5053
-1042 5262
-1041 5199
-1040 5261
-1039 5201
-1038 5203
-1037 5348
-1036 5429
-1035 5426
-1034 5438
-1033 5732
-1032 5519
-1031 5493
-1030 5498
-1029 5581
-1028 5505
-1027 5474
-1026 5475
-1025 5279
-1024 5390
-1023 5537
-1022 5445
-1021 5407
-1020 5476
-1019 5549
-1018 5464
-1017 5581
-1016 5635
-1015 5670
-1014 5634
-1013 5557
-1012 5707
-1011 5439
-1010 5578
-1009 5415
-1008 5373
-1007 5377
-1006 5340
-1005 5416
-1004 5391
-1003 5464
-1002 5498
-1001 5499
-1000 5453
-999 5585
-998 5507
-997 5513
-996 5410
-995 5356
-994 5389
-993 5303
-992 5344
-991 5160
-990 5276
-989 5261
-988 5090
-987 5298
-986 5247
-985 5193
-984 5270
-983 5291
-982 5169
-981 5116
-980 5222
-979 5101
-978 5156
-977 5263
-976 5184
-975 5121
-974 5251
-973 5222
-972 5310
-971 5441
-970 5441
-969 5531
-968 5580
-967 5519
-966 5673
-965 5876
-964 5943
-963 5935
-962 5830
-961 5885
-960 5952
-959 6149
-958 6113
-957 6018
-956 5978
-955 6052
-954 6147
-953 6055
-952 6139
-951 6118
-950 6302
-949 6235
-948 6280
-947 6381
-946 6293
-945 6114
-944 6152
-943 6223
-942 6137
-941 6180
-940 6063
-939 6002
-938 6142
-937 6120
-936 6045
-935 5884
-934 6118
-933 6082
-932 6062
-931 6203
-930 6072
-929 6139
-928 6187
-927 6128
-926 6208
-925 6233
-924 6112
-923 6296
-922 6227
-921 6313
-920 6407
-919 6219
-918 6243
-917 6372
-916 6439
-915 6581
-914 6623
-913 6561
-912 6597
-911 6776
-910 6695
-909 6491
-908 6446
-907 6483
-906 6724
-905 6663
-904 6708
-903 6682
-902 6877
-901 6859
-900 6781
-899 6992
-898 6922
-897 6664
-896 6673
-895 6765
-894 6769
-893 6741
-892 6920
-891 6826
-890 6846
-889 6778
-888 6834
-887 6880
-886 6855
-885 6886
-884 6718
-883 6768
-882 6683
-881 6803
-880 6868
-879 6854
-878 6943
-877 6953
-876 7110
-875 6960
-874 6667
-873 6719
-872 6756
-871 6638
-870 6536
-869 6622
-868 6363
-867 6629
-866 6582
-865 6566
-864 6524
-863 6530
-862 6460
-861 6472
-860 6452
-859 6287
-858 6403
-857 6387
-856 6404
-855 6450
-854 6357
-853 6379
-852 6366
-851 6450
-850 6295
-849 6299
-848 6289
-847 6355
-846 6424
-845 6471
-844 6561
-843 6337
-842 6441
-841 6383
-840 6430
-839 6425
-838 6334
-837 6378
-836 6326
-835 6361
-834 6402
-833 6295
-832 6231
-831 6389
-830 6442
-829 6345
-828 6378
-827 6459
-826 6517
-825 6341
-824 6437
-823 6241
-822 6232
-821 6477
-820 6331
-819 6316
-818 6534
-817 6498
-816 6301
-815 6357
-814 6243
-813 6145
-812 6155
-811 6267
-810 6229
-809 6135
-808 6145
-807 6278
-806 6154
-805 6159
-804 6084
-803 6206
-802 6304
-801 6192
-800 6061
-799 6104
-798 6052
-797 6084
-796 6063
-795 6198
-794 6004
-793 5995
-792 5993
-791 6011
-790 6096
-789 6097
-788 6097
-787 6199
-786 6028
-785 6225
-784 6104
-783 5969
-782 5942
-781 5987
-780 5898
-779 5827
-778 5635
-777 5635
-776 5513
-775 5575
-774 5650
-773 5632
-772 5585
-771 5590
-770 5608
-769 5612
-768 5545
-767 5435
-766 5454
-765 5645
-764 5601
-763 5560
-762 5648
-761 5554
-760 5503
-759 5561
-758 5551
-757 5543
-756 5494
-755 5518
-754 5422
-753 5591
-752 5509
-751 5443
-750 5453
-749 5450
-748 5450
-747 5431
-746 5375
-745 5368
-744 5403
-743 5185
-742 5292
-741 5079
-740 5340
-739 5349
-738 5294
-737 5337
-736 5196
-735 5275
-734 5247
-733 5193
-732 5134
-731 5105
-730 5155
-729 5190
-728 5142
-727 5080
-726 5093
-725 5188
-724 5162
-723 5088
-722 5044
-721 5086
-720 5070
-719 5020
-718 5065
-717 4956
-716 4848
-715 4761
-714 4797
-713 4828
-712 4776
-711 4741
-710 4680
-709 4723
-708 4716
-707 4600
-706 4625
-705 4701
-704 4586
-703 4687
-702 4672
-701 4731
-700 4781
-699 4601
-698 4832
-697 4805
-696 4774
-695 4756
-694 4767
-693 4681
-692 4665
-691 4676
-690 4674
-689 4421
-688 4487
-687 4341
-686 4677
-685 4534
-684 4513
-683 4379
-682 4503
-681 4283
-680 4316
-679 4243
-678 4148
-677 4238
-676 4094
-675 4139
-674 4236
-673 4087
-672 4147
-671 4195
-670 4193
-669 4105
-668 4192
-667 3992
-666 4193
-665 4092
-664 4107
-663 4055
-662 4051
-661 4095
-660 4042
-659 4153
-658 4112
-657 4054
-656 4055
-655 4045
-654 3966
-653 3900
-652 3906
-651 3827
-650 3924
-649 3962
-648 3922
-647 3901
-646 3798
-645 3813
-644 3780
-643 3747
-642 3675
-641 3634
-640 3660
-639 3622
-638 3623
-637 3671
-636 3593
-635 3557
-634 3539
-633 3643
-632 3564
-631 3527
-630 3612
-629 3513
-628 3568
-627 3588
-626 3540
-625 3609
-624 3433
-623 3529
-622 3595
-621 3477
-620 3424
-619 3395
-618 3342
-617 3438
-616 3411
-615 3399
-614 3416
-613 3305
-612 3434
-611 3338
-610 3342
-609 3227
-608 3349
-607 3274
-606 3382
-605 3406
-604 3371
-603 3328
-602 3335
-601 3379
-600 3291
-599 3393
-598 3260
-597 3252
-596 3130
-595 3121
-594 3134
-593 3261
-592 3212
-591 3106
-590 3073
-589 2945
-588 3109
-587 2950
-586 2969
-585 2920
-584 2921
-583 2989
-582 2938
-581 3009
-580 2897
-579 2808
-578 2895
-577 2803
-576 2880
-575 2739
-574 2778
-573 2844
-572 2734
-571 2801
-570 2810
-569 2694
-568 2600
-567 2678
-566 2729
-565 2721
-564 2660
-563 2671
-562 2684
-561 2605
-560 2592
-559 2596
-558 2575
-557 2618
-556 2601
-555 2570
-554 2470
-553 2508
-552 2523
-551 2439
-550 2362
-549 2379
-548 2336
-547 2590
-546 2427
-545 2427
-544 2283
-543 2360
-542 2485
-541 2293
-540 2272
-539 2313
-538 2334
-537 2276
-536 2382
-535 2339
-534 2281
-533 2338
-532 2345
-531 2236
-530 2238
-529 2163
-528 2287
-527 2254
-526 2183
-525 2220
-524 2158
-523 2201
-522 2171
-521 2257
-520 2130
-519 2104
-518 2155
-517 2105
-516 2077
-515 2132
-514 2118
-513 2027
-512 2085
-511 2060
-510 1996
-509 2019
-508 1980
-507 2039
-506 2015
-505 2038
-504 2018
-503 1965
-502 1967
-501 1979
-500 1957
-499 1917
-498 1893
-497 1830
-496 1849
-495 1859
-494 1824
-493 1845
-492 1860
-491 1852
-490 1930
-489 1816
-488 1891
-487 1785
-486 1880
-485 1849
-484 1799
-483 1769
-482 1778
-481 1742
-480 1741
-479 1769
-478 1772
-477 1788
-476 1764
-475 1676
-474 1819
-473 1767
-472 1741
-471 1759
-470 1755
-469 1752
-468 1736
-467 1720
-466 1731
-465 1711
-464 1695
-463 1746
-462 1762
-461 1705
-460 1676
-459 1667
-458 1685
-457 1659
-456 1670
-455 1620
-454 1712
-453 1594
-452 1650
-451 1604
-450 1610
-449 1642
-448 1561
-447 1581
-446 1609
-445 1599
-444 1589
-443 1489
-442 1492
-441 1549
-440 1541
-439 1554
-438 1582
-437 1565
-436 1462
-435 1567
-434 1580
-433 1414
-432 1531
-431 1526
-430 1533
-429 1463
-428 1477
-427 1404
-426 1495
-425 1499
-424 1457
-423 1500
-422 1457
-421 1410
-420 1428
-419 1434
-418 1369
-417 1348
-416 1411
-415 1411
-414 1436
-413 1314
-412 1336
-411 1322
-410 1304
-409 1422
-408 1398
-407 1320
-406 1325
-405 1349
-404 1370
-403 1315
-402 1284
-401 1265
-400 1326
-399 1278
-398 1261
-397 1317
-396 1176
-395 1231
-394 1254
-393 1271
-392 1300
-391 1266
-390 1217
-389 1249
-388 1214
-387 1233
-386 1223
-385 1252
-384 1256
-383 1127
-382 1168
-381 1157
-380 1152
-379 1154
-378 1154
-377 1178
-376 1150
-375 1082
-374 1131
-373 1102
-372 1160
-371 1146
-370 1155
-369 1123
-368 1100
-367 1128
-366 1120
-365 1063
-364 1027
-363 1093
-362 1069
-361 1083
-360 1051
-359 1110
-358 1091
-357 1043
-356 1019
-355 1031
-354 1125
-353 1060
-352 1020
-351 1023
-350 1008
-349 988
-348 1026
-347 1003
-346 962
-345 1006
-344 969
-343 1013
-342 974
-341 1006
-340 964
-339 995
-338 1001
-337 932
-336 893
-335 1012
-334 999
-333 1002
-332 934
-331 952
-330 913
-329 973
-328 944
-327 906
-326 889
-325 916
-324 840
-323 923
-322 912
-321 898
-320 935
-319 863
-318 903
-317 889
-316 880
-315 917
-314 851
-313 886
-312 877
-311 870
-310 824
-309 884
-308 791
-307 858
-306 817
-305 828
-304 879
-303 825
-302 756
-301 814
-300 794
-299 791
-298 808
-297 790
-296 799
-295 728
-294 743
-293 788
-292 741
-291 775
-290 769
-289 748
-288 752
-287 711
-286 676
-285 691
-284 716
-283 710
-282 693
-281 710
-280 736
-279 750
-278 641
-277 714
-276 662
-275 678
-274 684
-273 696
-272 692
-271 681
-270 714
-269 645
-268 671
-267 659
-266 640
-265 632
-264 671
-263 648
-262 620
-261 620
-260 626
-259 644
-258 622
-257 593
-256 623
-255 643
-254 582
-253 570
-252 593
-251 596
-250 610
-249 587
-248 586
-247 621
-246 519
-245 568
-244 569
-243 568
-242 591
-241 558
-240 537
-239 547
-238 549
-237 582
-236 587
-235 546
-234 534
-233 518
-232 594
-231 546
-230 506
-229 499
-228 498
-227 523
-226 522
-225 519
-224 524
-223 493
-222 520
-221 539
-220 509
-219 531
-218 528
-217 476
-216 503
-215 538
-214 498
-213 509
-212 514
-211 460
-210 461
-209 485
-208 492
-207 484
-206 490
-205 409
-204 490
-203 466
-202 492
-201 472
-200 474
-199 515
-198 457
-197 466
-196 448
-195 478
-194 440
-193 449
-192 466
-191 450
-190 457
-189 491
-188 441
-187 375
-186 448
-185 443
-184 460
-183 442
-182 442
-181 464
-180 464
-179 436
-178 437
-177 406
-176 425
-175 444
-174 451
-173 403
-172 411
-171 422
-170 408
-169 418
-168 402
-167 397
-166 424
-165 439
-164 364
-163 389
-162 359
-161 372
-160 410
-159 341
-158 385
-157 367
-156 351
-155 388
-154 402
-153 359
-152 384
-151 397
-150 353
-149 370
-148 320
-147 340
-146 347
-145 344
-144 370
-143 323
-142 312
-141 319
-140 334
-139 364
-138 339
-137 318
-136 343
-135 331
-134 329
-133 333
-132 335
-131 333
-130 328
-129 352
-128 315
-127 335
-126 338
-125 335
-124 328
-123 313
-122 293
-121 288
-120 329
-119 309
-118 294
-117 348
-116 288
-115 285
-114 324
-113 309
-112 318
-111 265
-110 315
-109 303
-108 311
-107 305
-106 297
-105 310
-104 295
-103 264
-102 285
-101 258
-100 297
-99 288
-98 274
-97 266
-96 291
-95 245
-94 253
-93 292
-92 310
-91 237
-90 269
-89 260
-88 266
-87 278
-86 248
-85 287
-84 288
-83 272
-82 260
-81 258
-80 253
-79 243
-78 266
-77 266
-76 258
-75 265
-74 246
-73 238
-72 242
-71 213
-70 262
-69 260
-68 259
-67 232
-66 283
-65 234
-64 231
-63 233
-62 208
-61 219
-60 196
-59 221
-58 227
-57 230
-56 221
-55 214
-54 224
-53 217
-52 225
-51 187
-50 202
-49 196
-48 219
-47 210
-46 202
-45 194
-44 201
-43 206
-42 226
-41 215
-40 202
-39 197
-38 199
-37 212
-36 209
-35 202
-34 194
-33 209
-32 172
-31 196
-30 172
-29 193
-28 181
-27 205
-26 205
-25 167
-24 168
-23 229
-22 169
-21 179
-20 169
-19 188
-18 166
-17 190
-16 160
-15 186
-14 196
-13 189
-12 192
-11 184
-10 174
-9 194
-8 167
-7 175
-6 178
-5 160
-4 165
-3 166
-2 184
-1 159
0 159
1 155
2 161
3 160
4 156
5 172
6 158
7 137
8 128
9 125
10 137
11 142
12 136
13 151
14 148
15 130
16 146
17 125
18 123
19 150
20 137
21 139
22 144
23 144
24 130
25 115
26 125
27 129
28 127
29 128
30 133
31 135
32 120
33 126
34 135
35 121
36 115
37 107
38 120
39 123
40 120
41 106
42 113
43 106
44 116
45 115
46 129
47 104
48 104
49 92
50 118
51 107
52 119
53 108
54 118
55 99
56 112
57 97
58 102
59 114
60 115
61 110
62 93
63 83
64 77
65 102
66 96
67 104
68 95
69 87
70 87
71 82
72 103
73 95
74 69
75 99
76 97
77 83
78 97
79 99
80 78
81 81
82 80
83 69
84 71
85 93
86 88
87 81
88 91
89 76
90 86
91 94
92 80
93 71
94 76
95 94
96 65
97 83
98 65
99 68
100 73
101 86
102 80
103 64
104 84
105 70
106 80
107 61
108 80
109 72
110 75
111 68
112 71
113 65
114 56
115 61
116 73
117 66
118 94
119 57
120 58
121 66
122 62
123 55
124 52
125 61
126 75
127 58
128 64
129 56
130 71
131 71
132 48
133 59
134 53
135 71
136 48
137 55
138 73
139 59
140 56
141 58
142 40
143 62
144 60
145 56
146 58
147 48
148 61
149 59
150 57
151 56
152 62
153 60
154 56
155 38
156 47
157 57
158 43
159 62
160 43
161 47
162 43
163 51
164 56
165 53
166 38
167 54
168 62
169 35
170 35
171 43
172 57
173 51
174 41
175 41
176 32
177 53
178 46
179 39
180 42
181 37
182 48
183 33
184 48
185 40
186 42
187 38
188 35
189 31
190 36
191 30
192 43
193 39
194 42
195 38
196 31
197 55
198 32
199 26
200 36
201 37
202 31
203 52
204 41
205 48
206 34
207 35
208 39
209 39
210 42
211 32
212 41
213 43
214 31
215 34
216 42
217 34
218 29
219 31
220 21
221 33
222 35
223 35
224 20
225 30
226 36
227 33
228 33
229 29
230 31
231 32
232 36
233 36
234 28
235 35
236 33
237 27
238 32
239 31
240 34
241 23
242 25
243 33
244 31
245 25
246 26
247 38
248 29
249 33
250 27
251 20
252 26
253 21
254 29
255 29
256 33
257 34
258 25
259 19
260 23
261 26
262 25
263 27
264 27
265 20
266 18
267 38
268 21
269 25
270 16
271 26
272 27
273 29
274 26
275 22
276 19
277 26
278 23
279 21
280 29
281 27
282 30
283 23
284 17
285 18
286 23
287 27
288 22
289 24
290 21
291 21
292 28
293 21
294 19
295 23
296 23
297 24
298 16
299 20
300 17
301 20
302 22
303 25
304 16
305 16
306 19
307 22
308 21
309 25
310 18
311 26
312 20
313 24
314 30
315 24
316 20
317 19
318 17
319 21
320 19
321 27
322 20
323 24
324 18
325 17
326 20
327 24
328 26
329 22
330 21
331 15
332 24
333 28
334 21
335 14
336 23
337 16
338 16
339 16
340 14
341 15
342 12
343 19
344 18
345 14
346 14
347 16
348 23
349 16
350 23
351 17
352 13
353 17
354 18
355 20
356 19
357 8
358 14
359 13
360 16
361 12
362 14
363 14
364 14
365 7
366 17
367 14
368 20
369 15
370 16
371 12
372 16
373 14
374 13
375 13
376 14
377 20
378 7
379 13
380 16
381 17
382 13
383 12
384 15
385 12
386 8
387 16
388 4
389 25
390 13
391 10
392 23
393 18
394 16
395 20
396 17
397 20
398 8
399 13
400 15
401 13
402 17
403 19
404 17
405 16
406 9
407 14
408 25
409 15
410 18
411 20
412 12
413 13
414 7
415 15
416 14
417 11
418 19
419 8
420 6
421 15
422 6
423 16
424 11
425 16
426 12
427 20
428 15
429 8
430 13
431 14
432 12
433 6
434 12
435 13
436 15
437 12
438 13
439 16
440 9
441 11
442 20
443 9
444 12
445 19
446 16
447 15
448 20
449 14
450 15
451 22
452 18
453 24
454 15
455 26
456 9
457 14
458 17
459 8
460 17
461 10
462 13
463 13
464 17
465 15
466 17
467 18
468 15
469 15
470 19
471 11
472 11
473 12
474 13
475 15
476 17
477 10
478 14
479 15
480 16
481 22
482 13
483 9
484 13
485 8
486 12
487 10
488 14
489 16
490 17
491 14
492 19
493 11
494 10
495 10
496 14
497 11
498 11
499 18
500 22
501 15
502 16
503 12
504 11
505 15
506 7
507 14
508 19
509 14
510 11
511 9
512 14
513 21
514 15
515 11
516 12
517 12
518 14
519 12
520 7
521 13
522 10
523 10
524 14
525 12
526 15
527 12
528 11
529 19
530 13
531 16
532 8
533 9
534 14
535 10
536 10
537 16
538 11
539 9
540 12
541 10
542 18
543 16
544 13
545 6
546 11
547 18
548 10
549 12
550 15
551 8
552 16
553 15
554 10
555 17
556 14
557 15
558 12
559 14
560 4
561 8
562 13
563 13
564 8
565 13
566 7
567 13
568 12
569 13
570 17
571 13
572 8
573 12
574 11
575 14
576 9
577 17
578 20
579 9
580 12
581 13
582 17
583 11
584 5
585 23
586 21
587 13
588 19
589 11
590 12
591 15
592 11
593 12
594 14
595 9
596 15
597 11
598 13
599 11
600 14
601 17
602 19
603 10
604 18
605 16
606 19
607 16
608 13
609 24
610 7
611 17
612 14
613 20
614 20
615 24
616 17
617 19
618 19
619 18
620 20
621 21
622 24
623 23
624 23
625 18
626 24
627 17
628 23
629 19
630 13
631 16
632 16
633 21
634 24
635 22
636 25
637 19
638 21
639 13
640 20
641 21
642 19
643 14
644 17
645 22
646 19
647 22
648 15
649 7
650 14
651 21
652 21
653 29
654 25
655 19
656 27
657 23
658 19
659 16
660 20
661 19
662 17
663 25
664 25
665 27
666 16
667 16
668 19
669 19
670 23
671 20
672 18
673 15
674 18
675 11
676 21
677 14
678 18
679 26
680 11
681 24
682 14
683 16
684 21
685 15
686 24
687 11
688 20
689 17
690 30
691 13
692 18
693 13
694 14
695 16
696 20
697 23
698 11
699 15
700 17
701 19
702 18
703 18
704 14
705 25
706 19
707 17
708 22
709 16
710 22
711 10
712 13
713 21
714 17
715 7
716 19
717 14
718 13
719 21
720 21
721 13
722 18
723 13
724 18
725 21
726 20
727 16
728 18
729 11
730 13
731 17
732 20
733 15
734 7
735 10
736 19
737 19
738 8
739 13
740 26
741 18
742 19
743 13
744 13
745 6
746 19
747 15
748 20
749 10
750 19
751 16
752 18
753 13
754 12
755 15
756 16
757 21
758 13
759 12
760 15
761 16
762 19
763 13
764 18
765 14
766 18
767 14
768 12
769 14
770 17
771 10
772 13
773 7
774 16
775 12
776 22
777 8
778 16
779 8
780 20
781 16
782 14
783 12
784 12
785 15
786 14
787 16
788 20
789 10
790 13
791 4
792 14
793 7
794 13
795 13
796 7
797 6
798 10
799 15
800 20
801 9
802 15
803 9
804 7
805 13
806 9
807 20
808 9
809 8
810 13
811 12
812 12
813 5
814 7
815 8
816 7
817 11
818 9
819 8
820 13
821 11
822 7
823 14
824 11
825 11
826 6
827 8
828 8
829 9
830 10
831 19
832 7
833 8
834 9
835 10
836 11
837 12
838 10
839 5
840 3
841 10
842 18
843 6
844 7
845 4
846 4
847 16
848 2
849 5
850 8
851 10
852 9
853 13
854 6
855 7
856 10
857 9
858 7
859 6
860 11
861 6
862 12
863 10
864 8
865 4
866 13
867 6
868 6
869 6
870 1
871 5
872 8
873 5
874 5
875 5
876 11
877 5
878 5
879 4
880 5
881 6
882 6
883 6
884 4
885 5
886 5
887 3
888 7
889 11
890 4
891 8
892 4
893 7
894 2
895 3
896 2
897 3
898 4
899 6
900 4
901 4
902 4
903 8
904 6
905 1
906 6
907 9
908 7
909 9
910 5
911 4
912 10
913 4
914 5
915 6
916 9
917 8
918 5
919 4
920 6
921 3
922 4
923 2
924 4
925 2
926 3
927 4
928 5
929 1
930 2
931 2
932 6
933 4
935 6
936 2
937 2
938 4
939 5
940 5
941 8
942 6
943 3
944 5
945 3
946 5
947 4
948 2
949 5
950 3
951 2
952 1
953 2
954 1
955 3
956 2
957 1
958 3
959 3
960 3
961 3
962 2
963 4
964 1
965 2
966 3
969 3
970 3
971 3
972 4
973 1
974 3
975 2
976 3
977 3
979 2
980 2
981 1
982 1
983 1
984 1
985 2
986 2
987 3
988 2
989 1
990 3
991 4
992 3
994 3
995 2
996 3
997 2
999 2
1000 6
1001 1
1002 5
1003 3
1004 1
1005 1
1006 3
1007 2
1008 2
1009 1
1010 1
1012 3
1013 3
1017 2
1018 3
1020 3
1021 3
1022 3
1024 1
1025 1
1028 1
1029 2
1030 1
1032 3
1033 1
1034 1
1035 2
1036 3
1037 2
1038 1
1039 2
1042 2
1043 2
1046 2
1049 1
1050 2
1051 1
1052 3
1054 1
1055 2
1057 1
1060 1
1064 2
1065 2
1066 1
1068 2
1070 1
1072 1
1073 3
1074 1
1076 1
1077 1
1079 1
1080 1
1081 1
1082 2
1085 2
1086 1
1087 2
1088 2
1089 3
1097 1
1098 1
1100 1
1104 1
1105 2
1107 1
1108 2
1109 2
1110 1
1114 1
1116 1
1117 1
1124 2
1130 1
1132 1
1134 2
1136 1
1137 1
1141 3
1152 1
1161 1
1163 1
1172 1
1175 1
1177 1
1180 2
1182 1
1188 1
1194 2
1195 1
1206 1
1218 2
1228 1
1237 1
1248 1
1259 1
