-911 7
-910 5
-909 1
-908 4
-907 14
-906 14
-905 22
-904 27
-903 40
-902 52
-901 62
-900 78
-899 73
-898 72
-897 77
-896 76
-895 99
-894 109
-893 103
-892 120
-891 154
-890 164
-889 199
-888 184
-887 168
-886 182
-885 169
-884 150
-883 155
-882 167
-881 162
-880 184
-879 170
-878 186
-877 237
-876 284
-875 336
-874 338
-873 409
-872 499
-871 429
-870 449
-869 463
-868 428
-867 425
-866 452
-865 427
-864 423
-863 453
-862 447
-861 450
-860 429
-859 439
-858 404
-857 436
-856 442
-855 387
-854 479
-853 462
-852 495
-851 553
-850 573
-849 496
-848 574
-847 617
-846 650
-845 664
-844 677
-843 675
-842 678
-841 720
-840 776
-839 868
-838 832
-837 811
-836 806
-835 733
-834 788
-833 746
-832 720
-831 744
-830 777
-829 801
-828 804
-827 805
-826 732
-825 709
-824 758
-823 724
-822 729
-821 755
-820 748
-819 737
-818 676
-817 707
-816 701
-815 650
-814 632
-813 656
-812 701
-811 682
-810 708
-809 672
-808 686
-807 715
-806 762
-805 794
-804 834
-803 803
-802 733
-801 762
-800 812
-799 836
-798 832
-797 866
-796 891
-795 877
-794 920
-793 974
-792 958
-791 1006
-790 1011
-789 992
-788 985
-787 975
-786 1016
-785 1056
-784 1088
-783 1076
-782 1056
-781 1064
-780 1120
-779 1101
-778 1059
-777 1124
-776 1122
-775 1212
-774 1227
-773 1220
-772 1261
-771 1251
-770 1223
-769 1273
-768 1199
-767 1292
-766 1268
-765 1237
-764 1275
-763 1216
-762 1255
-761 1365
-760 1397
-759 1345
-758 1398
-757 1428
-756 1460
-755 1408
-754 1434
-753 1365
-752 1372
-751 1355
-750 1381
-749 1392
-748 1410
-747 1412
-746 1449
-745 1410
-744 1430
-743 1434
-742 1477
-741 1414
-740 1430
-739 1522
-738 1479
-737 1537
-736 1506
-735 1502
-734 1458
-733 1527
-732 1580
-731 1669
-730 1634
-729 1636
-728 1611
-727 1629
-726 1717
-725 1678
-724 1695
-723 1769
-722 1777
-721 1699
-720 1733
-719 1781
-718 1685
-717 1713
-716 1704
-715 1770
-714 1724
-713 1681
-712 1734
-711 1691
-710 1615
-709 1686
-708 1795
-707 1792
-706 1779
-705 1797
-704 1830
-703 1805
-702 1831
-701 1787
-700 1788
-699 1833
-698 1893
-697 1897
-696 1941
-695 1845
-694 1913
-693 2074
-692 2078
-691 1950
-690 1978
-689 2078
-688 2161
-687 2041
-686 2045
-685 2147
-684 2058
-683 2119
-682 2138
-681 2097
-680 2041
-679 2005
-678 1993
-677 2025
-676 1956
-675 2022
-674 2031
-673 2055
-672 1931
-671 1983
-670 2021
-669 1975
-668 1920
-667 1953
-666 1946
-665 1962
-664 1976
-663 1983
-662 1868
-661 1908
-660 1985
-659 1964
-658 1926
-657 1985
-656 2025
-655 1986
-654 1953
-653 2058
-652 1977
-651 2012
-650 2025
-649 2077
-648 2082
-647 2004
-646 2055
-645 1934
-644 1985
-643 2106
-642 2001
-641 2033
-640 2108
-639 2076
-638 1984
-637 2099
-636 2013
-635 2070
-634 2081
-633 2043
-632 2071
-631 2042
-630 2084
-629 2068
-628 2054
-627 2039
-626 1960
-625 2012
-624 1943
-623 2083
-622 2087
-621 2060
-620 2102
-619 2052
-618 2121
-617 2066
-616 2056
-615 1963
-614 2005
-613 2004
-612 1958
-611 2013
-610 2011
-609 1947
-608 1971
-607 1928
-606 1934
-605 2011
-604 1973
-603 1986
-602 1979
-601 1924
-600 1993
-599 2000
-598 2000
-597 1979
-596 2003
-595 1985
-594 2015
-593 2003
-592 1997
-591 1992
-590 1966
-589 2012
-588 2000
-587 2075
-586 1960
-585 2006
-584 1968
-583 1984
-582 1876
-581 2030
-580 1983
-579 1983
-578 1983
-577 1950
-576 1918
-575 2028
-574 2011
-573 2030
-572 1971
-571 1973
-570 1989
-569 1965
-568 1887
-567 2074
-566 1967
-565 1993
-564 1943
-563 2043
-562 1896
-561 1962
-560 2086
-559 2157
-558 2144
-557 2217
-556 2143
-555 2195
-554 2110
-553 2173
-552 2174
-551 2232
-550 2178
-549 2200
-548 2152
-547 2161
-546 2214
-545 2145
-544 2189
-543 2138
-542 2058
-541 2103
-540 2181
-539 2158
-538 2089
-537 2065
-536 2234
-535 2112
-534 2098
-533 2102
-532 2054
-531 2206
-530 2209
-529 2220
-528 2195
-527 2227
-526 2292
-525 2198
-524 2243
-523 2187
-522 2174
-521 2292
-520 2173
-519 2138
-518 2095
-517 2115
-516 2125
-515 2122
-514 2117
-513 2071
-512 2091
-511 2152
-510 2098
-509 2201
-508 2128
-507 2202
-506 2165
-505 2177
-504 2104
-503 2105
-502 2106
-501 2094
-500 2222
-499 2171
-498 2187
-497 2125
-496 2190
-495 2211
-494 2111
-493 2080
-492 2059
-491 2094
-490 2110
-489 2175
-488 2116
-487 2134
-486 2108
-485 2209
-484 2133
-483 2246
-482 2154
-481 2204
-480 2247
-479 2212
-478 2249
-477 2171
-476 2281
-475 2342
-474 2238
-473 2249
-472 2321
-471 2265
-470 2249
-469 2253
-468 2281
-467 2284
-466 2220
-465 2226
-464 2182
-463 2247
-462 2199
-461 2281
-460 2174
-459 2229
-458 2192
-457 2271
-456 2300
-455 2218
-454 2231
-453 2208
-452 2355
-451 2260
-450 2221
-449 2216
-448 2231
-447 2252
-446 2248
-445 2160
-444 2175
-443 2285
-442 2231
-441 2334
-440 2234
-439 2263
-438 2275
-437 2356
-436 2260
-435 2157
-434 2323
-433 2283
-432 2352
-431 2251
-430 2404
-429 2320
-428 2264
-427 2360
-426 2403
-425 2357
-424 2491
-423 2400
-422 2480
-421 2453
-420 2465
-419 2468
-418 2461
-417 2466
-416 2556
-415 2489
-414 2502
-413 2486
-412 2580
-411 2548
-410 2537
-409 2601
-408 2620
-407 2548
-406 2548
-405 2479
-404 2565
-403 2749
-402 2706
-401 2564
-400 2571
-399 2665
-398 2760
-397 2708
-396 2646
-395 2620
-394 2644
-393 2707
-392 2666
-391 2728
-390 2835
-389 2801
-388 2771
-387 2838
-386 2986
-385 2795
-384 2855
-383 2944
-382 2822
-381 2811
-380 2982
-379 3033
-378 3025
-377 3094
-376 3141
-375 3124
-374 3191
-373 3079
-372 3386
-371 3226
-370 3364
-369 3448
-368 3471
-367 3341
-366 3367
-365 3336
-364 3286
-363 3506
-362 3365
-361 3388
-360 3462
-359 3365
-358 3438
-357 3488
-356 3404
-355 3565
-354 3591
-353 3556
-352 3640
-351 3646
-350 3610
-349 3591
-348 3752
-347 3839
-346 3750
-345 3739
-344 3867
-343 3759
-342 3877
-341 3810
-340 3798
-339 3926
-338 4012
-337 4021
-336 4017
-335 4194
-334 4311
-333 4258
-332 4370
-331 4388
-330 4482
-329 4579
-328 4445
-327 4533
-326 4536
-325 4604
-324 4564
-323 4700
-322 4699
-321 4784
-320 4878
-319 4818
-318 5014
-317 5057
-316 5138
-315 4980
-314 4927
-313 4927
-312 4924
-311 4910
-310 4991
-309 4990
-308 4990
-307 5103
-306 4838
-305 4918
-304 5033
-303 4926
-302 5077
-301 5106
-300 5190
-299 5051
-298 5125
-297 5267
-296 5262
-295 5311
-294 5341
-293 5415
-292 5349
-291 5363
-290 5365
-289 5378
-288 5306
-287 5455
-286 5486
-285 5403
-284 5370
-283 5233
-282 5429
-281 5426
-280 5370
-279 5399
-278 5281
-277 5416
-276 5381
-275 5397
-274 5524
-273 5330
-272 5504
-271 5617
-270 5551
-269 5496
-268 5481
-267 5631
-266 5683
-265 5740
-264 5801
-263 5838
-262 5757
-261 5893
-260 5960
-259 5933
-258 6053
-257 5974
-256 6016
-255 6098
-254 6056
-253 5850
-252 5846
-251 5997
-250 5993
-249 6033
-248 6003
-247 5989
-246 6228
-245 6048
-244 6249
-243 6136
-242 6167
-241 5950
-240 6178
-239 6077
-238 6141
-237 6050
-236 6307
-235 6178
-234 6169
-233 6084
-232 6120
-231 6219
-230 6244
-229 6101
-228 6189
-227 6184
-226 6183
-225 6106
-224 6264
-223 6046
-222 6005
-221 6307
-220 6315
-219 6329
-218 6365
-217 6316
-216 6345
-215 6445
-214 6510
-213 6325
-212 6453
-211 6387
-210 6357
-209 6210
-208 6329
-207 6302
-206 6119
-205 6178
-204 6433
-203 6263
-202 6220
-201 6234
-200 6243
-199 6316
-198 6326
-197 6262
-196 6239
-195 6361
-194 6218
-193 6162
-192 6249
-191 6050
-190 6293
-189 6028
-188 6077
-187 6116
-186 6201
-185 6201
-184 6137
-183 6160
-182 6156
-181 6120
-180 5955
-179 5978
-178 6046
-177 6045
-176 6064
-175 5988
-174 5854
-173 6059
-172 6075
-171 5978
-170 5917
-169 5958
-168 5854
-167 6050
-166 5886
-165 5945
-164 5880
-163 6181
-162 5946
-161 6211
-160 6028
-159 6209
-158 5948
-157 5947
-156 5893
-155 5880
-154 5718
-153 5818
-152 5786
-151 5698
-150 5832
-149 5723
-148 5752
-147 5753
-146 5921
-145 5888
-144 5982
-143 5920
-142 5828
-141 5804
-140 5873
-139 5720
-138 5794
-137 5833
-136 5787
-135 5955
-134 5832
-133 5904
-132 5747
-131 5900
-130 5749
-129 5897
-128 5819
-127 5698
-126 5895
-125 5852
-124 5998
-123 5856
-122 5955
-121 6050
-120 6028
-119 5987
-118 6148
-117 5996
-116 5946
-115 5899
-114 5912
-113 5985
-112 5935
-111 6113
-110 5933
-109 5895
-108 5984
-107 5975
-106 5786
-105 5877
-104 5860
-103 5965
-102 5817
-101 5884
-100 5673
-99 5827
-98 5786
-97 5953
-96 5792
-95 5767
-94 5807
-93 5982
-92 5928
-91 5784
-90 5938
-89 5805
-88 5862
-87 5739
-86 5884
-85 5907
-84 5936
-83 5929
-82 5827
-81 5764
-80 5770
-79 5890
-78 5974
-77 5949
-76 5831
-75 5736
-74 5751
-73 5866
-72 5862
-71 5870
-70 5698
-69 5654
-68 5701
-67 5726
-66 5801
-65 5760
-64 5845
-63 5863
-62 5960
-61 5937
-60 5992
-59 5759
-58 5982
-57 5964
-56 5964
-55 6143
-54 6228
-53 6203
-52 6148
-51 6256
-50 6208
-49 6362
-48 6114
-47 6278
-46 6187
-45 6205
-44 6356
-43 6139
-42 6454
-41 6257
-40 6466
-39 6395
-38 6466
-37 6375
-36 6377
-35 6265
-34 6375
-33 6222
-32 6295
-31 6185
-30 6215
-29 6003
-28 6069
-27 6200
-26 6393
-25 5928
-24 6116
-23 6297
-22 6087
-21 6102
-20 6035
-19 5929
-18 5979
-17 5902
-16 5839
-15 6056
-14 5990
-13 6018
-12 6002
-11 5995
-10 6174
-9 5888
-8 5929
-7 5850
-6 5917
-5 5846
-4 5725
-3 5737
-2 5680
-1 5690
0 5590
1 5667
2 5694
3 5580
4 5570
5 5414
6 5473
7 5395
8 5258
9 5363
10 5303
11 5185
12 5120
13 5363
14 5134
15 5142
16 5086
17 5144
18 5004
19 4964
20 4903
21 4889
22 4770
23 4746
24 4839
25 4634
26 4537
27 4566
28 4522
29 4599
30 4417
31 4488
32 4551
33 4376
34 4299
35 4449
36 4372
37 4429
38 4496
39 4279
40 4337
41 4389
42 4261
43 4230
44 4294
45 4295
46 4312
47 4176
48 4168
49 4228
50 4023
51 4132
52 4053
53 4044
54 3989
55 4081
56 4020
57 4000
58 4041
59 3974
60 3878
61 3882
62 3887
63 3986
64 3957
65 3832
66 3895
67 3884
68 3736
69 3767
70 3788
71 3756
72 3711
73 3510
74 3779
75 3781
76 3741
77 3805
78 3847
79 3964
80 3865
81 4022
82 3944
83 3949
84 3851
85 3761
86 3816
87 3790
88 3764
89 3749
90 3707
91 3673
92 3566
93 3508
94 3544
95 3625
96 3526
97 3505
98 3504
99 3493
100 3484
101 3533
102 3542
103 3498
104 3555
105 3494
106 3415
107 3308
108 3473
109 3342
110 3426
111 3380
112 3360
113 3449
114 3378
115 3332
116 3282
117 3444
118 3486
119 3397
120 3394
121 3308
122 3299
123 3365
124 3489
125 3343
126 3334
127 3260
128 3276
129 3297
130 3242
131 3221
132 3218
133 3189
134 3168
135 3149
136 3096
137 3167
138 3233
139 3122
140 3167
141 3240
142 3188
143 3178
144 3260
145 3148
146 3052
147 3090
148 3122
149 3066
150 3188
151 2996
152 2950
153 2992
154 2916
155 2952
156 2920
157 3034
158 2852
159 2829
160 2858
161 2775
162 2828
163 2680
164 2782
165 2654
166 2589
167 2673
168 2527
169 2646
170 2661
171 2645
172 2705
173 2575
174 2634
175 2596
176 2529
177 2550
178 2452
179 2530
180 2496
181 2516
182 2505
183 2558
184 2425
185 2438
186 2353
187 2419
188 2404
189 2316
190 2357
191 2325
192 2225
193 2196
194 2256
195 2194
196 2170
197 2114
198 2157
199 2055
200 2102
201 2079
202 2059
203 2003
204 2039
205 2128
206 2028
207 1973
208 2077
209 2091
210 2020
211 2011
212 1988
213 2067
214 2151
215 1995
216 1959
217 2038
218 2062
219 1991
220 1991
221 1884
222 1911
223 1914
224 1947
225 1925
226 1894
227 1884
228 1850
229 1889
230 1825
231 1847
232 1901
233 1835
234 1838
235 1864
236 1837
237 1811
238 1777
239 1809
240 1733
241 1755
242 1736
243 1677
244 1759
245 1598
246 1652
247 1681
248 1703
249 1636
250 1634
251 1582
252 1701
253 1563
254 1581
255 1614
256 1553
257 1701
258 1572
259 1520
260 1586
261 1579
262 1490
263 1537
264 1498
265 1407
266 1428
267 1354
268 1451
269 1375
270 1328
271 1395
272 1335
273 1343
274 1378
275 1312
276 1313
277 1278
278 1298
279 1343
280 1264
281 1273
282 1199
283 1231
284 1265
285 1252
286 1220
287 1226
288 1158
289 1207
290 1172
291 1207
292 1162
293 1170
294 1102
295 1083
296 1096
297 1130
298 1085
299 1054
300 1050
301 1027
302 999
303 1058
304 990
305 921
306 976
307 977
308 893
309 958
310 952
311 877
312 857
313 886
314 821
315 861
316 818
317 810
318 831
319 871
320 832
321 863
322 832
323 785
324 830
325 796
326 802
327 784
328 761
329 787
330 746
331 772
332 776
333 699
334 684
335 703
336 699
337 685
338 749
339 719
340 660
341 638
342 676
343 630
344 645
345 682
346 627
347 618
348 657
349 659
350 615
351 640
352 640
353 633
354 534
355 624
356 657
357 612
358 591
359 527
360 563
361 582
362 582
363 520
364 565
365 540
366 545
367 580
368 550
369 580
370 526
371 553
372 532
373 517
374 502
375 493
376 480
377 485
378 464
379 480
380 501
381 468
382 485
383 470
384 479
385 461
386 463
387 431
388 454
389 448
390 424
391 368
392 386
393 407
394 424
395 367
396 417
397 406
398 412
399 412
400 389
401 406
402 383
403 377
404 389
405 366
406 375
407 358
408 368
409 330
410 360
411 344
412 350
413 376
414 338
415 348
416 362
417 331
418 347
419 349
420 336
421 338
422 325
423 353
424 309
425 323
426 343
427 316
428 335
429 325
430 325
431 326
432 333
433 276
434 306
435 298
436 291
437 281
438 282
439 296
440 281
441 252
442 319
443 273
444 265
445 286
446 254
447 277
448 272
449 292
450 263
451 285
452 273
453 257
454 283
455 272
456 240
457 260
458 233
459 246
460 236
461 223
462 242
463 261
464 261
465 236
466 213
467 234
468 236
469 227
470 215
471 192
472 183
473 197
474 198
475 195
476 199
477 199
478 187
479 184
480 211
481 177
482 209
483 194
484 197
485 167
486 201
487 181
488 171
489 194
490 187
491 202
492 162
493 161
494 160
495 192
496 150
497 170
498 151
499 159
500 161
501 162
502 170
503 147
504 166
505 155
506 143
507 140
508 139
509 138
510 137
511 137
512 146
513 155
514 118
515 124
516 130
517 124
518 140
519 126
520 107
521 143
522 142
523 110
524 120
525 131
526 121
527 99
528 113
529 117
530 119
531 127
532 111
533 126
534 104
535 115
536 116
537 116
538 138
539 112
540 108
541 107
542 109
543 101
544 110
545 115
546 127
547 91
548 108
549 89
550 89
551 110
552 94
553 104
554 101
555 102
556 89
557 86
558 97
559 83
560 94
561 90
562 87
563 75
564 94
565 75
566 84
567 80
568 70
569 76
570 83
571 75
572 76
573 95
574 80
575 75
576 93
577 57
578 75
579 84
580 73
581 94
582 83
583 75
584 82
585 70
586 80
587 55
588 76
589 67
590 58
591 63
592 77
593 81
594 45
595 59
596 66
597 65
598 78
599 69
600 57
601 52
602 49
603 68
604 60
605 61
606 71
607 57
608 53
609 64
610 61
611 46
612 73
613 53
614 56
615 62
616 61
617 55
618 49
619 73
620 45
621 65
622 46
623 59
624 41
625 51
626 63
627 41
628 41
629 52
630 56
631 48
632 55
633 53
634 44
635 41
636 36
637 44
638 55
639 47
640 46
641 35
642 46
643 48
644 48
645 46
646 38
647 45
648 41
649 35
650 46
651 38
652 49
653 52
654 39
655 39
656 47
657 38
658 38
659 51
660 39
661 48
662 29
663 48
664 37
665 40
666 32
667 51
668 45
669 32
670 46
671 35
672 42
673 37
674 46
675 46
676 41
677 45
678 34
679 36
680 43
681 45
682 39
683 36
684 35
685 45
686 42
687 45
688 32
689 35
690 39
691 42
692 39
693 43
694 37
695 38
696 27
697 33
698 30
699 38
700 36
701 50
702 35
703 28
704 43
705 26
706 33
707 47
708 38
709 61
710 43
711 38
712 42
713 39
714 49
715 33
716 48
717 40
718 41
719 36
720 38
721 40
722 37
723 37
724 37
725 46
726 36
727 42
728 35
729 45
730 32
731 36
732 31
733 31
734 33
735 36
736 31
737 40
738 43
739 37
740 32
741 33
742 42
743 39
744 36
745 33
746 43
747 28
748 29
749 31
750 39
751 29
752 31
753 42
754 40
755 35
756 39
757 31
758 36
759 26
760 45
761 35
762 30
763 36
764 34
765 36
766 39
767 37
768 32
769 38
770 35
771 32
772 42
773 38
774 33
775 37
776 35
777 29
778 32
779 34
780 25
781 20
782 33
783 33
784 38
785 31
786 35
787 43
788 30
789 33
790 25
791 30
792 27
793 34
794 31
795 30
796 28
797 31
798 36
799 36
800 28
801 28
802 28
803 24
804 31
805 26
806 33
807 36
808 27
809 20
810 40
811 28
812 40
813 31
814 31
815 28
816 28
817 34
818 27
819 29
820 37
821 27
822 25
823 29
824 22
825 32
826 32
827 23
828 24
829 27
830 33
831 27
832 32
833 27
834 18
835 25
836 33
837 38
838 39
839 38
840 37
841 33
842 32
843 22
844 30
845 33
846 27
847 29
848 32
849 25
850 31
851 39
852 34
853 33
854 23
855 21
856 37
857 27
858 43
859 22
860 37
861 33
862 30
863 30
864 29
865 35
866 36
867 35
868 31
869 33
870 24
871 33
872 27
873 30
874 20
875 28
876 28
877 33
878 31
879 41
880 27
881 31
882 25
883 37
884 28
885 29
886 28
887 25
888 34
889 29
890 34
891 34
892 31
893 26
894 27
895 33
896 28
897 32
898 33
899 33
900 32
901 33
902 30
903 24
904 32
905 37
906 32
907 27
908 29
909 38
910 28
911 24
912 22
913 23
914 27
915 31
916 30
917 24
918 33
919 29
920 23
921 29
922 34
923 38
924 36
925 32
926 25
927 21
928 34
929 34
930 25
931 24
932 30
933 21
934 34
935 32
936 28
937 33
938 24
939 24
940 31
941 29
942 23
943 22
944 21
945 25
946 22
947 29
948 27
949 14
950 20
951 30
952 21
953 22
954 23
955 23
956 19
957 19
958 19
959 21
960 16
961 31
962 18
963 22
964 17
965 17
966 18
967 16
968 13
969 18
970 16
971 11
972 17
973 21
974 20
975 22
976 19
977 23
978 19
979 19
980 15
981 21
982 16
983 24
984 18
985 14
986 16
987 22
988 16
989 12
990 19
991 11
992 17
993 7
994 18
995 20
996 23
997 14
998 16
999 18
1000 17
1001 14
1002 17
1003 18
1004 18
1005 14
1006 21
1007 9
1008 14
1009 13
1010 17
1011 12
1012 13
1013 11
1014 16
1015 15
1016 9
1017 11
1018 10
1019 7
1020 5
1021 10
1022 17
1023 12
1024 10
1025 12
1026 12
1027 13
1028 10
1029 12
1030 15
1031 12
1032 11
1033 11
1034 10
1035 12
1036 7
1037 8
1038 4
1039 15
1040 9
1041 14
1042 5
1043 6
1044 5
1045 10
1046 6
1047 11
1048 14
1049 16
1050 10
1051 11
1052 11
1053 8
1054 12
1055 7
1056 8
1057 13
1058 11
1059 9
1060 13
1061 8
1062 11
1063 9
1064 10
1065 16
1066 5
1067 6
1068 7
1069 11
1070 10
1071 6
1072 6
1073 8
1074 12
1075 7
1076 7
1077 7
1078 6
1079 8
1080 8
1081 4
1082 3
1083 5
1084 7
1085 9
1086 7
1087 2
1088 5
1089 8
1090 7
1091 4
1092 6
1093 5
1094 5
1095 5
1096 10
1097 7
1098 5
1099 5
1100 2
1101 6
1102 4
1103 5
1104 2
1105 4
1106 8
1107 6
1108 3
1109 3
1110 4
1111 2
1112 2
1113 6
1114 3
1115 4
1116 4
1117 8
1118 6
1119 4
1120 3
1121 1
1122 3
1124 4
1125 2
1126 3
1127 5
1128 4
1129 3
1130 5
1131 4
1132 3
1133 3
1135 3
1136 2
1137 2
1138 7
1139 3
1140 2
1141 1
1142 2
1143 2
1144 3
1145 3
1146 2
1147 4
1148 7
1149 2
1150 6
1151 3
1152 6
1153 3
1154 1
1155 2
1156 1
1157 4
1159 3
1160 4
1161 1
1163 3
1164 2
1165 1
1166 6
1167 1
1168 3
1169 1
1170 2
1171 2
1172 3
1173 1
1174 2
1175 1
1176 2
1177 3
1178 2
1179 2
1180 2
1181 2
1182 3
1183 4
1184 1
1185 2
1186 1
1187 3
1188 1
1189 2
1190 1
1191 1
1192 2
1193 5
1196 1
1198 1
1199 1
1200 1
1202 2
1203 1
1204 6
1205 1
1206 1
1210 2
1212 1
1214 2
1215 3
1217 2
1218 5
1219 3
1220 1
1222 2
1223 1
1224 3
1225 1
1229 3
1230 1
1237 3
1240 2
1241 1
1245 2
1247 1
1248 1
1250 1
1251 1
1252 1
1254 2
1258 3
1259 1
1262 1
1267 1
1270 1
1271 2
1274 2
1275 1
1279 1
1281 1
1282 2
1283 1
1287 1
1293 1
1297 1
1300 1
1302 1
1303 1
1304 2
1305 2
1306 2
1309 1
1310 2
1311 3
1316 1
1325 1
1329 1
1336 1
1343 1
1348 1
1352 1
1354 1
1357 1
1360 2
1361 1
1367 1
1369 1
1374 1
1381 1
1383 1
1384 1
1386 1
1402 1
1408 1
1411 1
1413 1
1415 1
1422 1
1424 1
1428 1
1445 1
1458 1
1480 1
1495 1
1542 1
