14 2
15 1
16 7
17 19
18 25
19 46
20 47
21 42
22 50
23 39
24 48
25 35
26 39
27 49
28 33
29 29
30 43
31 32
32 30
33 31
34 37
35 29
36 29
37 30
38 34
39 32
40 25
41 37
42 28
43 26
44 42
45 44
46 54
47 66
48 53
49 57
50 67
51 70
52 65
53 58
54 72
55 58
56 58
57 51
58 58
59 67
60 59
61 76
62 57
63 63
64 57
65 76
66 54
67 58
68 70
69 67
70 69
71 57
72 91
73 86
74 97
75 94
76 110
77 116
78 110
79 119
80 104
81 108
82 113
83 152
84 123
85 112
86 144
87 165
88 151
89 155
90 192
91 192
92 219
93 183
94 208
95 205
96 219
97 206
98 214
99 202
100 217
101 229
102 211
103 246
104 284
105 250
106 285
107 250
108 291
109 278
110 282
111 304
112 337
113 367
114 384
115 367
116 445
117 482
118 482
119 474
120 478
121 445
122 489
123 472
124 469
125 422
126 453
127 470
128 545
129 494
130 523
131 514
132 530
133 571
134 571
135 614
136 629
137 585
138 662
139 607
140 665
141 643
142 669
143 692
144 660
145 684
146 767
147 829
148 844
149 851
150 853
151 855
152 871
153 890
154 886
155 920
156 887
157 910
158 915
159 922
160 957
161 983
162 968
163 959
164 962
165 881
166 902
167 960
168 931
169 907
170 958
171 1001
172 957
173 932
174 983
175 1011
176 972
177 964
178 988
179 1018
180 1077
181 1056
182 1096
183 1111
184 1109
185 1173
186 1193
187 1142
188 1174
189 1209
190 1150
191 1184
192 1250
193 1257
194 1292
195 1364
196 1306
197 1386
198 1398
199 1441
200 1437
201 1370
202 1462
203 1452
204 1551
205 1524
206 1648
207 1597
208 1735
209 1810
210 1823
211 1944
212 2072
213 2200
214 2166
215 2092
216 2098
217 2080
218 2183
219 2217
220 2251
221 2273
222 2261
223 2411
224 2421
225 2401
226 2460
227 2386
228 2502
229 2558
230 2544
231 2500
232 2595
233 2602
234 2546
235 2713
236 2555
237 2592
238 2632
239 2644
240 2662
241 2682
242 2638
243 2559
244 2638
245 2677
246 2761
247 2754
248 2968
249 2887
250 3018
251 2900
252 2829
253 3014
254 3114
255 3152
256 3032
257 3277
258 3195
259 3231
260 3325
261 3356
262 3418
263 3500
264 3633
265 3566
266 3606
267 3597
268 3752
269 3750
270 3726
271 3873
272 3856
273 3782
274 3927
275 4193
276 3978
277 4057
278 4030
279 4034
280 4057
281 4100
282 4059
283 4122
284 3910
285 4008
286 4228
287 4151
288 4152
289 4139
290 4216
291 4333
292 4451
293 4473
294 4580
295 4675
296 4466
297 4472
298 4533
299 4514
300 4494
301 4395
302 4424
303 4578
304 4594
305 4712
306 4768
307 4768
308 4679
309 4911
310 5041
311 5048
312 5182
313 5302
314 5212
315 5389
316 5508
317 5440
318 5456
319 5434
320 5398
321 5574
322 5644
323 5730
324 5781
325 5806
326 5784
327 5842
328 5809
329 5936
330 5817
331 5861
332 5993
333 5970
334 6157
335 6055
336 6109
337 6022
338 5923
339 6015
340 6203
341 6117
342 6185
343 6072
344 6218
345 6191
346 6174
347 6176
348 6279
349 6295
350 6389
351 6376
352 6384
353 6531
354 6552
355 6543
356 6535
357 6629
358 6795
359 6677
360 6928
361 6933
362 6924
363 7048
364 7099
365 7188
366 7068
367 7173
368 7099
369 7220
370 7013
371 7141
372 7196
373 7170
374 7092
375 7121
376 7183
377 7191
378 7241
379 7266
380 7597
381 7741
382 7642
383 7729
384 7618
385 7408
386 7593
387 7570
388 7512
389 7450
390 7380
391 7542
392 7470
393 7378
394 7428
395 7574
396 7651
397 7671
398 7811
399 7649
400 7765
401 7739
402 7696
403 7611
404 7702
405 8034
406 7648
407 7825
408 7706
409 7689
410 7908
411 7876
412 8067
413 7711
414 7758
415 7879
416 8047
417 7962
418 7932
419 8162
420 8153
421 8078
422 7989
423 8096
424 8326
425 8201
426 8487
427 8271
428 8235
429 8321
430 8336
431 8312
432 8377
433 8516
434 8638
435 8707
436 8515
437 8461
438 8767
439 8576
440 8691
441 8596
442 8589
443 8853
444 8803
445 8920
446 8843
447 8882
448 8861
449 8758
450 8733
451 8589
452 8658
453 8832
454 8634
455 8620
456 8496
457 8595
458 8449
459 8488
460 8508
461 8457
462 8622
463 8494
464 8439
465 8439
466 8564
467 8300
468 8417
469 8391
470 8447
471 8493
472 8446
473 8417
474 8534
475 8389
476 8404
477 8333
478 8478
479 8479
480 8460
481 8277
482 8517
483 8399
484 8481
485 8393
486 8544
487 8531
488 8422
489 8611
490 8379
491 8431
492 8537
493 8579
494 8578
495 8507
496 8468
497 8498
498 8723
499 8465
500 8480
501 8721
502 8539
503 8436
504 8568
505 8190
506 8401
507 8604
508 8464
509 8496
510 8391
511 8416
512 8392
513 8287
514 8360
515 8471
516 8333
517 8000
518 8298
519 8251
520 8235
521 8252
522 8273
523 8369
524 8163
525 8287
526 8212
527 8207
528 7988
529 8086
530 8094
531 7908
532 8096
533 8024
534 8025
535 7994
536 7838
537 7761
538 7888
539 7869
540 7971
541 7748
542 7722
543 7653
544 7660
545 7569
546 7675
547 7676
548 7670
549 7814
550 7853
551 7669
552 7499
553 7456
554 7478
555 7606
556 7405
557 7605
558 7213
559 7365
560 7231
561 7384
562 7313
563 7273
564 7093
565 7236
566 7158
567 7180
568 7080
569 7175
570 7274
571 7087
572 7102
573 7264
574 7325
575 7093
576 7136
577 6937
578 7108
579 6944
580 7144
581 7147
582 7159
583 6987
584 6936
585 6958
586 7020
587 6910
588 6921
589 6821
590 6949
591 6847
592 6856
593 6630
594 6650
595 6647
596 6589
597 6581
598 6615
599 6472
600 6420
601 6471
602 6438
603 6533
604 6557
605 6603
606 6484
607 6513
608 6401
609 6422
610 6347
611 6447
612 6293
613 6390
614 6284
615 6287
616 6342
617 6064
618 6148
619 6255
620 6214
621 6061
622 6178
623 6146
624 6176
625 5933
626 6024
627 5856
628 5918
629 5862
630 5765
631 5859
632 5953
633 5753
634 5842
635 5738
636 5666
637 5727
638 5637
639 5698
640 5573
641 5581
642 5544
643 5510
644 5610
645 5396
646 5349
647 5717
648 5479
649 5426
650 5360
651 5376
652 5335
653 5389
654 5258
655 5307
656 5301
657 5315
658 5223
659 5203
660 5299
661 5166
662 5160
663 5143
664 5063
665 5111
666 5128
667 4968
668 4895
669 4924
670 4880
671 4908
672 4842
673 4825
674 4835
675 4702
676 4741
677 4809
678 4611
679 4661
680 4729
681 4729
682 4567
683 4481
684 4625
685 4377
686 4467
687 4446
688 4544
689 4472
690 4527
691 4258
692 4446
693 4349
694 4421
695 4428
696 4370
697 4281
698 4298
699 4334
700 4187
701 4231
702 4238
703 4107
704 4276
705 4235
706 4100
707 4122
708 4010
709 4073
710 4111
711 4069
712 4121
713 4107
714 4024
715 3972
716 3969
717 3992
718 4046
719 4007
720 4058
721 3933
722 3996
723 3988
724 3990
725 4050
726 3948
727 3930
728 4027
729 3925
730 3866
731 3893
732 3841
733 3922
734 3786
735 3804
736 3773
737 3750
738 3737
739 3604
740 3684
741 3543
742 3557
743 3679
744 3582
745 3614
746 3574
747 3550
748 3495
749 3509
750 3562
751 3576
752 3483
753 3511
754 3361
755 3345
756 3370
757 3346
758 3362
759 3345
760 3287
761 3346
762 3231
763 3213
764 3296
765 3172
766 3248
767 3213
768 3142
769 3019
770 3123
771 3066
772 2959
773 3026
774 2969
775 3052
776 2997
777 3110
778 3097
779 2979
780 3003
781 2999
782 2949
783 2985
784 2907
785 2885
786 2881
787 2854
788 2918
789 2813
790 2860
791 2836
792 2814
793 2823
794 2807
795 2873
796 2799
797 2783
798 2768
799 2786
800 2700
801 2671
802 2732
803 2603
804 2615
805 2589
806 2658
807 2564
808 2539
809 2502
810 2581
811 2534
812 2552
813 2492
814 2422
815 2378
816 2478
817 2420
818 2428
819 2389
820 2466
821 2333
822 2381
823 2450
824 2404
825 2227
826 2321
827 2198
828 2330
829 2280
830 2190
831 2181
832 2224
833 2223
834 2230
835 2198
836 2188
837 2196
838 2146
839 2115
840 2147
841 2167
842 2084
843 2084
844 2099
845 2028
846 2092
847 2070
848 2117
849 2079
850 2119
851 2002
852 2015
853 1952
854 1963
855 1975
856 1948
857 2000
858 1944
859 1982
860 1880
861 1920
862 1864
863 1872
864 1833
865 1827
866 1832
867 1793
868 1780
869 1763
870 1827
871 1803
872 1749
873 1770
874 1796
875 1718
876 1675
877 1673
878 1740
879 1677
880 1657
881 1658
882 1644
883 1637
884 1667
885 1628
886 1617
887 1665
888 1587
889 1601
890 1577
891 1591
892 1554
893 1550
894 1594
895 1531
896 1499
897 1477
898 1491
899 1500
900 1497
901 1460
902 1548
903 1422
904 1383
905 1392
906 1508
907 1398
908 1436
909 1454
910 1366
911 1452
912 1392
913 1400
914 1379
915 1400
916 1377
917 1391
918 1334
919 1380
920 1325
921 1316
922 1297
923 1349
924 1350
925 1361
926 1337
927 1345
928 1285
929 1288
930 1175
931 1255
932 1252
933 1221
934 1241
935 1231
936 1207
937 1271
938 1210
939 1201
940 1215
941 1223
942 1166
943 1161
944 1161
945 1127
946 1132
947 1127
948 1170
949 1138
950 1203
951 1120
952 1202
953 1089
954 1150
955 1079
956 1102
957 1084
958 1099
959 1039
960 1087
961 998
962 1022
963 999
964 1026
965 1054
966 1055
967 984
968 1045
969 1047
970 1035
971 957
972 1031
973 1043
974 1005
975 992
976 993
977 947
978 953
979 974
980 949
981 1032
982 992
983 954
984 856
985 929
986 948
987 898
988 875
989 968
990 923
991 929
992 797
993 850
994 919
995 915
996 883
997 839
998 866
999 864
1000 896
1001 850
1002 854
1003 861
1004 869
1005 836
1006 838
1007 816
1008 872
1009 792
1010 797
1011 791
1012 805
1013 792
1014 783
1015 771
1016 782
1017 826
1018 802
1019 767
1020 798
1021 775
1022 755
1023 772
1024 791
1025 744
1026 812
1027 751
1028 770
1029 720
1030 751
1031 726
1032 713
1033 734
1034 696
1035 744
1036 720
1037 708
1038 724
1039 709
1040 683
1041 726
1042 669
1043 667
1044 680
1045 651
1046 658
1047 649
1048 728
1049 621
1050 691
1051 702
1052 671
1053 665
1054 666
1055 634
1056 695
1057 660
1058 649
1059 644
1060 675
1061 615
1062 645
1063 597
1064 629
1065 602
1066 618
1067 626
1068 644
1069 622
1070 628
1071 629
1072 588
1073 588
1074 584
1075 593
1076 538
1077 556
1078 610
1079 568
1080 553
1081 614
1082 530
1083 542
1084 558
1085 555
1086 564
1087 579
1088 530
1089 594
1090 540
1091 516
1092 547
1093 518
1094 556
1095 510
1096 565
1097 525
1098 544
1099 551
1100 515
1101 496
1102 518
1103 515
1104 517
1105 505
1106 497
1107 496
1108 499
1109 485
1110 487
1111 472
1112 444
1113 459
1114 440
1115 468
1116 489
1117 483
1118 444
1119 460
1120 476
1121 466
1122 455
1123 523
1124 457
1125 453
1126 448
1127 436
1128 494
1129 455
1130 419
1131 455
1132 438
1133 385
1134 386
1135 426
1136 461
1137 423
1138 441
1139 433
1140 424
1141 413
1142 422
1143 388
1144 406
1145 386
1146 395
1147 398
1148 409
1149 379
1150 400
1151 379
1152 424
1153 372
1154 393
1155 406
1156 396
1157 390
1158 374
1159 369
1160 378
1161 394
1162 380
1163 382
1164 367
1165 370
1166 356
1167 358
1168 340
1169 309
1170 322
1171 344
1172 351
1173 367
1174 338
1175 329
1176 343
1177 350
1178 355
1179 334
1180 374
1181 330
1182 351
1183 318
1184 318
1185 334
1186 298
1187 304
1188 293
1189 287
1190 312
1191 300
1192 262
1193 287
1194 323
1195 290
1196 307
1197 309
1198 278
1199 285
1200 326
1201 297
1202 303
1203 309
1204 273
1205 303
1206 280
1207 307
1208 278
1209 299
1210 267
1211 292
1212 290
1213 311
1214 299
1215 261
1216 250
1217 262
1218 263
1219 244
1220 239
1221 255
1222 261
1223 259
1224 265
1225 243
1226 272
1227 235
1228 245
1229 263
1230 240
1231 225
1232 265
1233 223
1234 239
1235 275
1236 223
1237 220
1238 239
1239 255
1240 242
1241 231
1242 242
1243 245
1244 243
1245 258
1246 238
1247 204
1248 221
1249 231
1250 215
1251 211
1252 216
1253 238
1254 215
1255 220
1256 213
1257 216
1258 229
1259 202
1260 218
1261 229
1262 213
1263 199
1264 190
1265 216
1266 198
1267 202
1268 206
1269 214
1270 211
1271 224
1272 204
1273 214
1274 192
1275 195
1276 207
1277 201
1278 183
1279 192
1280 195
1281 184
1282 214
1283 198
1284 196
1285 195
1286 196
1287 166
1288 199
1289 180
1290 169
1291 166
1292 202
1293 183
1294 193
1295 189
1296 175
1297 189
1298 185
1299 159
1300 176
1301 189
1302 180
1303 171
1304 150
1305 154
1306 181
1307 191
1308 174
1309 154
1310 169
1311 184
1312 166
1313 161
1314 170
1315 128
1316 172
1317 141
1318 174
1319 165
1320 162
1321 154
1322 158
1323 165
1324 175
1325 154
1326 162
1327 137
1328 142
1329 141
1330 142
1331 136
1332 135
1333 168
1334 139
1335 157
1336 144
1337 137
1338 141
1339 127
1340 140
1341 112
1342 131
1343 141
1344 133
1345 124
1346 150
1347 138
1348 144
1349 145
1350 138
1351 116
1352 139
1353 145
1354 129
1355 97
1356 134
1357 141
1358 109
1359 129
1360 114
1361 116
1362 122
1363 120
1364 108
1365 138
1366 109
1367 119
1368 122
1369 120
1370 114
1371 117
1372 112
1373 102
1374 102
1375 116
1376 112
1377 109
1378 109
1379 112
1380 119
1381 105
1382 111
1383 117
1384 123
1385 98
1386 111
1387 121
1388 111
1389 113
1390 123
1391 106
1392 109
1393 105
1394 104
1395 91
1396 92
1397 106
1398 111
1399 108
1400 96
1401 82
1402 90
1403 108
1404 93
1405 93
1406 106
1407 97
1408 112
1409 88
1410 89
1411 97
1412 88
1413 98
1414 97
1415 99
1416 96
1417 89
1418 85
1419 87
1420 95
1421 78
1422 95
1423 87
1424 103
1425 86
1426 85
1427 82
1428 104
1429 77
1430 92
1431 75
1432 88
1433 76
1434 79
1435 84
1436 75
1437 99
1438 75
1439 76
1440 74
1441 66
1442 75
1443 86
1444 77
1445 67
1446 62
1447 72
1448 68
1449 85
1450 88
1451 74
1452 61
1453 74
1454 60
1455 68
1456 76
1457 64
1458 70
1459 75
1460 69
1461 70
1462 74
1463 67
1464 86
1465 60
1466 72
1467 56
1468 73
1469 65
1470 89
1471 71
1472 83
1473 56
1474 57
1475 74
1476 58
1477 57
1478 48
1479 51
1480 52
1481 58
1482 61
1483 66
1484 64
1485 63
1486 65
1487 61
1488 56
1489 59
1490 53
1491 60
1492 52
1493 78
1494 60
1495 64
1496 69
1497 59
1498 63
1499 61
1500 59
1501 67
1502 53
1503 58
1504 67
1505 63
1506 58
1507 64
1508 60
1509 55
1510 54
1511 57
1512 56
1513 49
1514 60
1515 62
1516 51
1517 49
1518 58
1519 47
1520 48
1521 56
1522 50
1523 37
1524 67
1525 57
1526 43
1527 53
1528 76
1529 49
1530 37
1531 41
1532 46
1533 35
1534 44
1535 41
1536 46
1537 44
1538 55
1539 43
1540 29
1541 55
1542 46
1543 43
1544 36
1545 70
1546 39
1547 57
1548 55
1549 53
1550 34
1551 44
1552 37
1553 50
1554 37
1555 42
1556 38
1557 35
1558 45
1559 44
1560 33
1561 41
1562 50
1563 42
1564 38
1565 39
1566 40
1567 48
1568 36
1569 33
1570 51
1571 43
1572 39
1573 32
1574 38
1575 46
1576 40
1577 33
1578 44
1579 35
1580 47
1581 33
1582 36
1583 40
1584 51
1585 38
1586 35
1587 44
1588 38
1589 33
1590 39
1591 40
1592 34
1593 37
1594 39
1595 35
1596 26
1597 44
1598 33
1599 37
1600 39
1601 43
1602 25
1603 32
1604 38
1605 32
1606 32
1607 39
1608 42
1609 25
1610 30
1611 22
1612 51
1613 34
1614 33
1615 31
1616 25
1617 28
1618 32
1619 33
1620 29
1621 24
1622 29
1623 30
1624 37
1625 28
1626 26
1627 33
1628 29
1629 38
1630 33
1631 29
1632 30
1633 39
1634 19
1635 25
1636 34
1637 33
1638 21
1639 22
1640 25
1641 29
1642 23
1643 29
1644 28
1645 25
1646 21
1647 32
1648 14
1649 25
1650 36
1651 35
1652 33
1653 27
1654 23
1655 29
1656 33
1657 32
1658 32
1659 23
1660 28
1661 23
1662 29
1663 22
1664 30
1665 18
1666 23
1667 19
1668 31
1669 28
1670 22
1671 18
1672 21
1673 31
1674 21
1675 26
1676 21
1677 24
1678 16
1679 21
1680 17
1681 22
1682 20
1683 23
1684 25
1685 22
1686 22
1687 24
1688 16
1689 24
1690 18
1691 21
1692 24
1693 21
1694 19
1695 24
1696 24
1697 32
1698 29
1699 24
1700 23
1701 23
1702 19
1703 27
1704 20
1705 16
1706 21
1707 15
1708 16
1709 12
1710 25
1711 21
1712 16
1713 20
1714 22
1715 20
1716 18
1717 16
1718 16
1719 29
1720 14
1721 13
1722 15
1723 16
1724 16
1725 19
1726 20
1727 17
1728 21
1729 15
1730 14
1731 24
1732 19
1733 21
1734 18
1735 22
1736 10
1737 14
1738 18
1739 16
1740 25
1741 14
1742 12
1743 14
1744 13
1745 12
1746 12
1747 15
1748 14
1749 15
1750 18
1751 21
1752 13
1753 12
1754 13
1755 10
1756 16
1757 15
1758 17
1759 15
1760 12
1761 14
1762 14
1763 22
1764 11
1765 11
1766 9
1767 19
1768 16
1769 18
1770 19
1771 13
1772 19
1773 14
1774 14
1775 22
1776 18
1777 25
1778 15
1779 11
1780 19
1781 12
1782 18
1783 17
1784 11
1785 16
1786 12
1787 17
1788 20
1789 12
1790 19
1791 13
1792 15
1793 12
1794 14
1795 14
1796 19
1797 11
1798 11
1799 17
1800 15
1801 15
1802 14
1803 15
1804 8
1805 15
1806 13
1807 10
1808 13
1809 19
1810 15
1811 13
1812 12
1813 11
1814 17
1815 10
1816 13
1817 12
1818 12
1819 18
1820 11
1821 11
1822 10
1823 15
1824 11
1825 7
1826 9
1827 9
1828 11
1829 9
1830 8
1831 14
1832 12
1833 6
1834 11
1835 17
1836 15
1837 13
1838 14
1839 14
1840 11
1841 9
1842 13
1843 12
1844 13
1845 19
1846 9
1847 9
1848 11
1849 11
1850 11
1851 5
1852 11
1853 10
1854 10
1855 11
1856 9
1857 8
1858 18
1859 9
1860 10
1861 11
1862 12
1863 7
1864 11
1865 11
1866 12
1867 14
1868 15
1869 11
1870 11
1871 13
1872 9
1873 9
1874 12
1875 6
1876 13
1877 8
1878 11
1879 6
1880 13
1881 13
1882 8
1883 10
1884 11
1885 14
1886 12
1887 6
1888 7
1889 5
1890 9
1891 7
1892 9
1893 3
1894 11
1895 11
1896 10
1897 15
1898 5
1899 4
1900 6
1901 10
1902 8
1903 8
1904 7
1905 12
1906 12
1907 5
1908 5
1909 15
1910 13
1911 7
1912 3
1913 9
1914 7
1915 8
1916 6
1917 12
1918 11
1919 5
1920 7
1921 10
1922 10
1923 8
1924 11
1925 9
1926 11
1927 8
1928 6
1929 6
1930 9
1931 5
1932 8
1933 12
1934 2
1935 7
1936 5
1937 10
1938 4
1939 9
1940 5
1941 6
1942 8
1943 8
1944 7
1945 12
1946 6
1947 14
1948 5
1949 2
1950 8
1951 8
1952 10
1953 3
1954 5
1955 11
1956 7
1957 11
1958 5
1959 6
1960 8
1961 8
1962 7
1963 10
1964 7
1965 9
1966 8
1967 6
1968 5
1969 7
1970 6
1971 6
1972 7
1973 3
1974 4
1975 6
1976 3
1977 7
1978 5
1979 4
1980 6
1981 11
1982 10
1983 6
1984 9
1985 8
1986 4
1987 7
1988 8
1989 5
1990 8
1991 1
1992 5
1993 3
1994 3
1995 8
1996 4
1997 6
1998 2
1999 6
2000 2
2001 2
2002 4
2003 9
2004 3
2005 4
2006 8
2007 8
2008 5
2009 4
2010 7
2011 7
2012 5
2013 1
2014 6
2015 6
2016 4
2017 7
2018 4
2019 7
2020 5
2021 3
2022 3
2023 3
2024 5
2025 2
2026 8
2027 5
2028 5
2029 5
2030 6
2031 5
2032 3
2033 1
2034 4
2035 7
2036 5
2037 3
2038 6
2039 2
2040 7
2041 6
2042 4
2043 11
2044 4
2045 5
2046 6
2047 6
2048 7
2049 5
2050 7
2051 1
2052 5
2053 5
2054 5
2055 9
2056 5
2057 7
2058 7
2059 2
2060 6
2061 8
2062 2
2063 5
2064 10
2065 2
2066 3
2067 7
2068 7
2069 1
2070 3
2071 1
2072 5
2073 7
2074 3
2075 3
2076 3
2077 10
2078 4
2079 3
2080 4
2081 1
2082 3
2083 5
2084 4
2085 7
2086 5
2087 9
2088 4
2089 4
2090 2
2091 7
2092 4
2093 8
2094 2
2095 5
2096 2
2097 1
2098 6
2099 3
2100 6
2101 6
2102 3
2103 3
2104 2
2105 5
2106 4
2107 4
2108 5
2109 5
2110 1
2111 3
2112 5
2113 4
2114 3
2116 4
2117 5
2118 6
2120 4
2121 9
2122 6
2123 1
2124 3
2125 4
2126 2
2127 6
2128 5
2129 7
2130 3
2131 3
2132 5
2133 4
2134 6
2135 5
2136 3
2137 5
2138 2
2139 6
2140 5
2141 4
2142 1
2143 1
2144 2
2145 2
2146 2
2147 3
2148 1
2149 4
2150 1
2151 3
2152 3
2153 5
2154 1
2155 5
2156 2
2157 2
2158 1
2159 1
2160 4
2161 1
2162 4
2163 1
2164 4
2165 3
2166 2
2167 3
2168 6
2169 2
2170 2
2171 2
2172 2
2173 4
2174 4
2175 3
2176 5
2177 5
2178 2
2179 1
2180 2
2181 1
2182 2
2183 3
2184 1
2185 2
2186 5
2187 6
2188 3
2189 4
2190 5
2191 4
2192 2
2193 5
2194 3
2195 5
2196 1
2197 1
2199 2
2200 2
2201 2
2202 7
2203 4
2204 2
2205 2
2206 3
2207 1
2208 3
2209 2
2210 3
2211 1
2212 4
2213 7
2214 3
2215 5
2216 1
2217 1
2218 3
2219 4
2220 2
2222 2
2223 3
2224 3
2226 3
2228 5
2229 1
2230 1
2231 1
2232 5
2234 3
2235 3
2236 1
2237 1
2238 4
2239 2
2240 4
2241 2
2242 6
2243 1
2245 1
2246 2
2248 1
2250 1
2252 1
2254 3
2255 2
2256 2
2257 2
2258 2
2259 1
2260 4
2261 1
2263 1
2264 1
2265 1
2266 2
2268 1
2269 1
2270 2
2272 3
2273 2
2274 2
2275 2
2276 4
2277 2
2278 3
2279 2
2280 1
2284 1
2285 2
2287 1
2289 1
2290 1
2291 2
2292 2
2294 2
2295 2
2296 4
2297 1
2298 1
2299 1
2300 6
2301 3
2302 1
2303 1
2304 1
2305 1
2306 2
2307 2
2308 2
2309 2
2312 4
2315 1
2317 1
2318 2
2319 1
2320 2
2323 1
2324 1
2325 2
2326 1
2328 1
2329 2
2331 3
2333 2
2334 1
2335 2
2336 1
2337 1
2338 1
2339 2
2340 3
2341 2
2342 2
2343 2
2344 2
2345 3
2346 2
2347 1
2348 4
2349 2
2350 1
2351 1
2352 2
2353 3
2354 1
2356 3
2357 1
2358 3
2359 1
2360 2
2362 4
2365 1
2367 2
2369 1
2370 1
2373 2
2374 1
2375 3
2376 2
2377 1
2384 1
2387 1
2388 2
2390 1
2391 1
2392 1
2394 1
2400 2
2401 2
2404 2
2405 1
2406 2
2407 2
2409 2
2411 1
2412 1
2423 1
2425 1
2429 1
2430 1
2432 3
2433 1
2434 2
2436 1
2438 3
2439 1
2442 2
2443 2
2445 1
2447 2
2448 2
2449 1
2450 1
2452 1
2453 2
2457 1
2458 2
2459 1
2460 1
2463 2
2468 1
2470 1
2474 3
2477 1
2479 2
2480 1
2483 1
2484 1
2486 1
2487 1
2488 1
2489 1
2490 1
2491 2
2493 2
2494 2
2495 1
2498 2
2499 1
2500 1
2505 1
2508 1
2509 1
2510 1
2526 1
2528 1
2533 1
2536 1
2542 1
2549 1
2553 1
2561 1
2572 1
2575 1
2588 1
2589 2
2590 1
2600 1
2614 1
2615 1
2627 1
2631 1
2632 1
2645 1
2652 1
2663 1
2668 1
2669 1
2674 1
2690 1
2698 2
2715 1
2742 1
2748 1
2813 1
2879 1
