23 63
24 1715
25 5457
26 7526
27 9355
28 9946
29 9176
30 9028
31 11483
32 15026
33 16115
34 15643
35 17085
36 18897
37 23522
38 26856
39 33188
40 34163
41 32387
42 31969
43 31055
44 29340
45 29139
46 29337
47 30918
48 32686
49 33320
50 40987
51 47815
52 49619
53 49110
54 47058
55 45961
56 45566
57 46340
58 46089
59 46885
60 47662
61 47496
62 48470
63 47353
64 45414
65 45800
66 45243
67 44574
68 45184
69 46451
70 47744
71 45387
72 43332
73 42486
74 41613
75 41429
76 40944
77 40088
78 39001
79 38279
80 37783
81 37912
82 37450
83 36700
84 36967
85 37152
86 37015
87 35766
88 34790
89 34259
90 33672
91 32825
92 32240
93 31769
94 31887
95 31657
96 31510
97 30845
98 30179
99 29233
100 28458
101 28583
102 28668
103 27727
104 25794
105 25456
106 24210
107 23873
108 23456
109 22578
110 21947
111 21445
112 21721
113 21422
114 21069
115 21065
116 20783
117 20048
118 19347
119 19479
120 19404
121 19577
122 18746
123 18353
124 17609
125 17044
126 17068
127 16473
128 16272
129 15655
130 15117
131 14787
132 14096
133 13966
134 13465
135 13353
136 13083
137 12550
138 12541
139 12068
140 11408
141 11164
142 10895
143 10803
144 10390
145 10203
146 9879
147 9774
148 9455
149 9189
150 9264
151 9095
152 8998
153 8630
154 8447
155 8399
156 8119
157 7991
158 7733
159 7710
160 7567
161 7346
162 7503
163 7347
164 6976
165 7066
166 6614
167 6731
168 6510
169 6391
170 6280
171 6031
172 6062
173 5949
174 5884
175 5621
176 5516
177 5453
178 5327
179 5149
180 5008
181 4928
182 4804
183 4721
184 4648
185 4582
186 4530
187 4434
188 4285
189 4208
190 4276
191 3992
192 4055
193 3915
194 3963
195 3818
196 3712
197 3794
198 3617
199 3582
200 3305
201 3255
202 3303
203 3107
204 3036
205 3027
206 2993
207 2896
208 2737
209 2802
210 2746
211 2650
212 2531
213 2561
214 2418
215 2462
216 2342
217 2286
218 2299
219 2298
220 2180
221 2117
222 2150
223 2121
224 2065
225 1935
226 1967
227 1985
228 1793
229 1847
230 1829
231 1847
232 1838
233 1761
234 1751
235 1742
236 1645
237 1656
238 1624
239 1610
240 1522
241 1649
242 1565
243 1501
244 1472
245 1522
246 1447
247 1392
248 1431
249 1429
250 1361
251 1307
252 1327
253 1403
254 1309
255 1285
256 1280
257 1259
258 1272
259 1188
260 1212
261 1256
262 1195
263 1132
264 1150
265 1185
266 1094
267 1124
268 1100
269 1087
270 1080
271 1066
272 1046
273 1009
274 1031
275 989
276 1011
277 1009
278 941
279 1027
280 903
281 919
282 861
283 907
284 881
285 831
286 790
287 824
288 835
289 797
290 816
291 788
292 757
293 797
294 764
295 767
296 791
297 761
298 739
299 746
300 740
301 727
302 675
303 687
304 726
305 678
306 652
307 668
308 639
309 635
310 613
311 627
312 613
313 620
314 583
315 608
316 620
317 580
318 575
319 594
320 560
321 569
322 526
323 561
324 540
325 547
326 544
327 524
328 543
329 507
330 478
331 503
332 469
333 487
334 493
335 485
336 469
337 465
338 432
339 444
340 465
341 466
342 419
343 449
344 433
345 383
346 435
347 395
348 417
349 436
350 412
351 419
352 436
353 408
354 410
355 397
356 390
357 380
358 380
359 405
360 366
361 377
362 379
363 392
364 394
365 375
366 380
367 354
368 331
369 322
370 343
371 366
372 352
373 371
374 375
375 331
376 312
377 313
378 333
379 332
380 332
381 292
382 299
383 335
384 281
385 312
386 298
387 265
388 320
389 253
390 290
391 264
392 269
393 325
394 265
395 286
396 281
397 290
398 271
399 274
400 255
401 287
402 232
403 252
404 267
405 259
406 251
407 239
408 239
409 217
410 224
411 233
412 225
413 236
414 217
415 200
416 226
417 223
418 240
419 213
420 206
421 221
422 190
423 207
424 247
425 200
426 230
427 208
428 197
429 194
430 197
431 191
432 178
433 208
434 200
435 210
436 175
437 183
438 202
439 166
440 195
441 186
442 185
443 178
444 197
445 197
446 168
447 190
448 163
449 175
450 176
451 160
452 178
453 141
454 178
455 184
456 153
457 156
458 158
459 155
460 162
461 180
462 159
463 168
464 162
465 159
466 145
467 144
468 143
469 151
470 137
471 158
472 134
473 152
474 125
475 142
476 146
477 146
478 159
479 128
480 133
481 128
482 128
483 159
484 138
485 137
486 122
487 140
488 139
489 112
490 139
491 127
492 124
493 129
494 114
495 112
496 128
497 130
498 122
499 127
500 119
501 140
502 124
503 120
504 111
505 129
506 108
507 106
508 115
509 120
510 120
511 111
512 95
513 107
514 118
515 107
516 98
517 104
518 128
519 108
520 85
521 97
522 101
523 120
524 105
525 87
526 93
527 78
528 98
529 97
530 98
531 121
532 108
533 96
534 96
535 83
536 97
537 95
538 94
539 70
540 105
541 88
542 99
543 85
544 84
545 80
546 85
547 91
548 93
549 87
550 83
551 79
552 87
553 92
554 78
555 78
556 100
557 65
558 100
559 93
560 85
561 88
562 80
563 67
564 74
565 85
566 100
567 72
568 89
569 75
570 80
571 82
572 87
573 80
574 70
575 78
576 77
577 87
578 86
579 67
580 57
581 57
582 70
583 70
584 69
585 66
586 69
587 60
588 64
589 69
590 51
591 81
592 65
593 67
594 67
595 57
596 57
597 71
598 53
599 81
600 74
601 55
602 67
603 71
604 59
605 52
606 77
607 69
608 61
609 45
610 56
611 63
612 64
613 67
614 77
615 47
616 71
617 62
618 69
619 60
620 73
621 60
622 53
623 57
624 57
625 66
626 53
627 57
628 52
629 48
630 49
631 58
632 61
633 51
634 59
635 60
636 57
637 49
638 47
639 48
640 42
641 47
642 54
643 47
644 59
645 44
646 45
647 43
648 53
649 42
650 52
651 54
652 38
653 58
654 48
655 46
656 53
657 52
658 46
659 53
660 59
661 61
662 45
663 56
664 52
665 47
666 40
667 50
668 46
669 35
670 47
671 51
672 37
673 52
674 50
675 42
676 38
677 55
678 51
679 49
680 44
681 45
682 39
683 46
684 52
685 44
686 36
687 37
688 48
689 49
690 37
691 41
692 57
693 55
694 38
695 34
696 41
697 40
698 37
699 41
700 41
701 41
702 44
703 53
704 50
705 29
706 38
707 43
708 38
709 36
710 40
711 27
712 43
713 37
714 39
715 39
716 41
717 33
718 35
719 42
720 29
721 31
722 44
723 23
724 28
725 34
726 41
727 39
728 30
729 33
730 35
731 26
732 24
733 33
734 33
735 40
736 44
737 35
738 39
739 39
740 35
741 25
742 29
743 28
744 36
745 23
746 30
747 34
748 29
749 32
750 36
751 21
752 29
753 39
754 29
755 13
756 28
757 33
758 25
759 28
760 32
761 28
762 25
763 30
764 31
765 33
766 28
767 31
768 37
769 35
770 22
771 29
772 38
773 30
774 32
775 25
776 30
777 27
778 28
779 33
780 15
781 23
782 24
783 28
784 24
785 19
786 26
787 25
788 21
789 30
790 27
791 33
792 27
793 19
794 28
795 16
796 17
797 21
798 30
799 25
800 17
801 31
802 21
803 34
804 27
805 22
806 20
807 25
808 25
809 19
810 17
811 18
812 26
813 28
814 24
815 20
816 22
817 21
818 28
819 25
820 26
821 17
822 15
823 26
824 24
825 23
826 24
827 25
828 28
829 25
830 32
831 24
832 25
833 21
834 12
835 25
836 30
837 23
838 20
839 23
840 24
841 21
842 18
843 14
844 21
845 11
846 15
847 22
848 21
849 22
850 23
851 18
852 22
853 34
854 20
855 25
856 28
857 21
858 21
859 23
860 17
861 15
862 22
863 22
864 22
865 15
866 23
867 23
868 24
869 18
870 18
871 17
872 17
873 22
874 21
875 17
876 17
877 19
878 19
879 17
880 20
881 19
882 19
883 21
884 21
885 15
886 18
887 13
888 12
889 8
890 14
891 17
892 13
893 19
894 15
895 19
896 18
897 19
898 12
899 16
900 15
901 11
902 25
903 9
904 21
905 18
906 8
907 20
908 16
909 18
910 18
911 21
912 19
913 22
914 17
915 12
916 14
917 17
918 18
919 15
920 15
921 15
922 20
923 24
924 19
925 18
926 20
927 16
928 22
929 16
930 12
931 13
932 24
933 15
934 12
935 14
936 17
937 12
938 19
939 18
940 10
941 11
942 13
943 14
944 15
945 19
946 14
947 16
948 16
949 11
950 18
951 18
952 10
953 17
954 13
955 18
956 15
957 17
958 11
959 8
960 9
961 15
962 4
963 14
964 9
965 12
966 7
967 12
968 15
969 18
970 5
971 13
972 14
973 15
974 16
975 9
976 14
977 15
978 11
979 9
980 16
981 16
982 13
983 11
984 8
985 8
986 7
987 15
988 15
989 7
990 11
991 14
992 12
993 13
994 10
995 8
996 12
997 15
998 17
999 7
1000 6
1001 11
1002 10
1003 12
1004 2
1005 21
1006 12
1007 12
1008 9
1009 16
1010 8
1011 16
1012 14
1013 9
1014 14
1015 6
1016 9
1017 16
1018 12
1019 8
1020 11
1021 11
1022 13
1023 13
1024 11
1025 11
1026 8
1027 12
1028 8
1029 6
1030 10
1031 9
1032 10
1033 10
1034 7
1035 9
1036 13
1037 6
1038 7
1039 8
1040 10
1041 10
1042 9
1043 13
1044 7
1045 10
1046 13
1047 4
1048 10
1049 13
1050 8
1051 14
1052 13
1053 12
1054 6
1055 4
1056 9
1057 14
1058 9
1059 3
1060 9
1061 10
1062 7
1063 6
1064 4
1065 9
1066 4
1067 4
1068 7
1069 12
1070 6
1071 9
1072 8
1073 12
1074 12
1075 11
1076 5
1077 10
1078 9
1079 10
1080 12
1081 11
1082 3
1083 11
1084 9
1085 8
1086 12
1087 8
1088 4
1089 7
1090 6
1091 6
1092 6
1093 13
1094 12
1095 9
1096 8
1097 6
1098 7
1099 6
1100 5
1101 6
1102 8
1103 5
1104 9
1105 7
1106 7
1107 11
1108 9
1109 8
1110 8
1111 11
1112 4
1113 9
1114 11
1115 8
1116 4
1117 6
1118 6
1119 8
1120 6
1121 4
1122 6
1123 9
1124 9
1125 7
1126 10
1127 6
1128 2
1129 4
1130 5
1131 6
1132 5
1133 7
1134 2
1135 4
1136 7
1137 5
1138 6
1139 13
1140 5
1141 7
1142 8
1143 7
1144 8
1145 14
1146 6
1147 7
1148 2
1149 5
1150 3
1151 6
1152 5
1153 6
1154 3
1155 7
1156 9
1157 7
1158 11
1159 12
1160 6
1161 4
1162 6
1163 9
1164 8
1165 6
1166 11
1167 3
1168 1
1169 4
1170 7
1171 3
1172 8
1173 6
1174 4
1175 4
1176 5
1177 5
1178 5
1179 6
1180 11
1181 3
1182 9
1183 8
1184 3
1185 7
1186 5
1187 3
1188 7
1189 5
1190 6
1191 4
1192 4
1193 5
1194 7
1195 11
1196 5
1197 4
1198 3
1199 12
1200 7
1201 5
1202 3
1203 4
1204 3
1205 2
1206 5
1207 3
1208 2
1209 9
1210 3
1211 8
1212 1
1213 4
1214 4
1215 8
1216 8
1217 3
1218 5
1219 6
1220 5
1221 8
1222 5
1223 5
1224 5
1225 4
1226 6
1227 9
1228 5
1229 3
1230 4
1231 8
1232 8
1233 6
1234 3
1235 6
1236 4
1237 7
1238 4
1239 7
1240 5
1241 2
1242 5
1243 4
1244 9
1245 4
1246 2
1247 8
1248 2
1249 5
1250 5
1251 1
1252 5
1253 1
1254 9
1255 6
1256 3
1257 6
1258 1
1259 6
1260 4
1261 4
1262 7
1263 9
1264 4
1266 4
1267 5
1268 4
1269 7
1270 4
1271 5
1272 2
1273 4
1274 6
1275 6
1276 7
1277 6
1278 2
1279 5
1280 4
1281 2
1282 7
1283 7
1284 7
1285 9
1286 2
1287 5
1288 2
1289 4
1290 3
1291 6
1292 5
1293 8
1294 6
1295 2
1296 7
1297 1
1298 2
1299 1
1300 3
1301 4
1302 4
1303 4
1304 9
1305 6
1306 3
1307 3
1308 1
1309 5
1310 7
1311 4
1312 1
1313 3
1314 4
1315 2
1316 2
1317 2
1318 3
1319 7
1320 5
1321 2
1322 7
1323 3
1324 2
1325 1
1327 2
1328 3
1329 8
1330 6
1331 2
1332 3
1333 1
1334 2
1335 1
1336 1
1337 3
1338 5
1339 4
1340 2
1341 3
1342 6
1343 2
1344 2
1345 6
1346 2
1347 8
1349 7
1350 3
1351 5
1352 4
1353 4
1354 4
1355 1
1356 4
1357 2
1358 3
1359 1
1360 2
1361 2
1362 1
1363 2
1364 4
1365 1
1366 4
1367 3
1368 3
1369 3
1370 3
1371 6
1372 3
1373 2
1375 8
1376 3
1377 3
1378 6
1379 1
1380 6
1381 3
1382 6
1383 2
1384 3
1385 5
1386 5
1387 4
1388 1
1389 4
1390 4
1391 6
1392 2
1393 1
1394 5
1395 2
1396 2
1397 4
1398 1
1399 3
1400 7
1401 5
1402 3
1403 1
1404 7
1405 4
1406 2
1407 2
1409 2
1410 3
1411 5
1412 3
1413 2
1415 2
1416 1
1417 2
1418 6
1419 3
1420 6
1421 3
1422 3
1423 3
1424 2
1425 3
1426 4
1427 6
1428 3
1429 3
1430 4
1431 4
1432 3
1433 7
1434 7
1435 4
1436 3
1437 6
1438 3
1439 6
1440 6
1441 1
1442 2
1443 3
1444 2
1445 4
1446 3
1447 1
1448 4
1449 5
1450 3
1451 2
1452 5
1453 5
1455 2
1456 4
1457 3
1458 2
1459 4
1461 2
1462 4
1463 2
1465 1
1466 9
1467 2
1468 4
1469 2
1470 2
1471 3
1472 5
1473 3
1474 2
1475 4
1476 2
1477 4
1478 3
1479 6
1480 4
1482 4
1483 4
1484 3
1485 2
1486 1
1487 6
1489 2
1490 5
1491 3
1492 3
1493 3
1494 2
1495 1
1496 5
1497 1
1498 4
1499 1
1501 3
1502 1
1503 2
1504 3
1505 4
1506 4
1507 4
1508 3
1509 3
1511 1
1512 3
1513 3
1515 4
1516 7
1517 5
1518 4
1519 1
1520 3
1521 2
1522 2
1523 5
1524 5
1525 2
1526 4
1528 3
1529 2
1531 2
1532 3
1534 3
1535 3
1537 4
1538 3
1539 2
1540 2
1541 5
1542 1
1543 2
1544 3
1545 1
1547 3
1548 3
1549 2
1550 2
1551 3
1552 5
1554 3
1555 4
1556 2
1558 2
1559 3
1560 4
1561 2
1562 1
1563 5
1564 2
1565 10
1566 2
1567 2
1568 2
1569 4
1570 2
1571 1
1572 4
1573 2
1574 2
1575 4
1576 4
1577 4
1578 2
1579 3
1580 4
1581 2
1582 3
1583 1
1584 2
1585 2
1586 2
1587 1
1588 4
1590 2
1591 6
1592 1
1593 1
1594 1
1595 1
1596 1
1597 3
1598 3
1599 4
1600 1
1601 1
1602 2
1604 2
1605 2
1606 2
1607 2
1608 1
1609 1
1610 2
1612 1
1613 2
1614 2
1615 3
1616 3
1617 2
1618 3
1620 2
1621 1
1622 1
1623 5
1624 1
1625 3
1626 1
1627 1
1628 2
1629 3
1630 2
1631 2
1632 2
1633 3
1634 3
1635 2
1636 2
1637 1
1638 1
1639 2
1640 4
1641 3
1642 4
1643 4
1644 2
1645 2
1646 1
1647 3
1649 2
1650 3
1651 1
1652 1
1653 3
1654 1
1655 4
1656 1
1658 1
1659 5
1660 1
1661 2
1662 1
1663 1
1664 5
1665 3
1666 5
1667 1
1668 3
1669 4
1670 1
1671 5
1672 1
1673 2
1674 3
1675 1
1676 3
1677 1
1678 4
1679 2
1680 2
1681 2
1682 1
1683 3
1684 1
1685 3
1687 4
1688 1
1689 3
1692 2
1694 2
1695 3
1696 1
1697 3
1698 2
1700 2
1701 2
1702 2
1703 2
1705 4
1706 2
1707 3
1708 3
1709 4
1710 2
1711 1
1712 1
1713 2
1714 1
1715 4
1716 3
1717 2
1718 1
1719 4
1720 1
1721 1
1722 1
1723 2
1724 2
1725 4
1726 1
1727 1
1728 2
1729 1
1732 1
1733 2
1734 3
1735 2
1736 5
1737 1
1738 2
1739 1
1740 4
1741 5
1742 1
1743 1
1744 1
1745 2
1746 3
1747 3
1748 4
1749 2
1750 2
1751 2
1752 1
1753 3
1754 2
1755 2
1756 1
1757 1
1759 1
1761 1
1763 2
1765 4
1766 3
1767 2
1768 4
1769 1
1770 4
1771 2
1772 1
1774 2
1775 1
1776 2
1778 3
1780 1
1782 1
1783 1
1784 1
1786 2
1787 1
1789 1
1791 6
1792 2
1793 1
1794 2
1795 2
1796 2
1797 2
1798 2
1799 3
1800 2
1802 1
1803 1
1804 2
1806 3
1808 1
1809 3
1810 2
1811 1
1812 1
1813 1
1814 2
1816 3
1817 1
1818 1
1820 2
1821 3
1822 1
1823 1
1824 3
1825 2
1826 2
1827 1
1829 2
1832 3
1833 1
1834 2
1835 1
1836 2
1837 4
1838 1
1839 3
1840 1
1842 3
1844 1
1848 2
1851 1
1852 3
1853 1
1854 3
1855 1
1856 3
1857 2
1858 1
1859 1
1860 2
1862 3
1864 2
1866 1
1867 3
1868 4
1869 1
1870 1
1871 3
1872 1
1873 1
1876 3
1877 2
1878 1
1879 1
1880 1
1881 2
1882 1
1883 1
1884 1
1885 1
1886 4
1887 3
1889 3
1891 4
1892 1
1893 1
1894 1
1895 1
1896 1
1897 2
1898 1
1900 1
1901 1
1903 1
1906 3
1908 2
1911 1
1912 2
1914 2
1915 1
1916 1
1918 3
1919 2
1922 2
1925 2
1927 1
1929 2
1930 3
1931 3
1932 1
1934 3
1937 1
1938 2
1939 2
1941 1
1942 1
1944 2
1945 2
1947 1
1949 2
1950 2
1951 1
1952 2
1953 2
1954 1
1956 1
1957 2
1958 3
1960 1
1962 2
1963 1
1964 1
1965 4
1966 1
1967 3
1969 1
1970 2
1972 2
1973 3
1974 1
1976 2
1977 1
1980 3
1982 2
1983 1
1984 1
1986 1
1987 1
1988 1
1989 1
1990 2
1991 2
1992 1
1996 1
1997 1
1998 2
1999 1
2001 3
2002 1
2003 1
2004 1
2005 4
2006 3
2007 1
2010 2
2011 1
2012 1
2013 1
2017 1
2018 1
2019 1
2021 2
2023 1
2024 1
2025 2
2029 1
2030 1
2031 1
2033 2
2034 1
2037 4
2040 1
2041 1
2042 1
2048 1
2051 1
2054 1
2056 1
2057 3
2058 1
2059 2
2061 3
2062 1
2064 3
2065 2
2066 3
2067 2
2070 3
2071 1
2072 5
2073 2
2074 1
2075 3
2076 1
2077 1
2078 1
2079 2
2080 3
2081 1
2084 1
2085 2
2086 2
2088 2
2089 3
2090 2
2091 1
2092 1
2093 1
2094 2
2095 1
2096 1
2097 3
2098 2
2099 1
2100 2
2102 2
2103 2
2104 1
2108 1
2109 1
2110 2
2111 1
2112 5
2113 1
2114 1
2115 2
2117 2
2118 2
2119 1
2120 1
2122 3
2123 1
2124 2
2125 1
2126 1
2127 1
2128 2
2130 2
2131 3
2132 2
2133 2
2134 3
2136 2
2138 1
2139 1
2140 1
2141 1
2143 1
2145 1
2146 1
2147 1
2149 1
2150 2
2151 2
2153 2
2154 1
2156 3
2157 1
2158 2
2159 2
2161 1
2162 1
2164 3
2165 1
2168 1
2169 2
2170 2
2171 1
2172 3
2174 2
2175 2
2176 1
2177 3
2178 1
2179 2
2180 3
2182 1
2183 1
2189 1
2191 1
2192 1
2193 1
2194 2
2195 1
2197 2
2199 1
2200 2
2203 1
2205 1
2208 2
2209 1
2210 2
2214 3
2217 2
2218 2
2219 2
2220 1
2222 4
2224 2
2227 1
2230 1
2231 1
2232 1
2235 1
2237 1
2238 2
2240 1
2241 1
2242 1
2246 2
2248 2
2249 1
2251 2
2252 2
2255 1
2257 1
2260 2
2261 1
2262 1
2263 1
2265 1
2269 2
2270 1
2271 2
2273 1
2274 1
2276 1
2278 2
2279 1
2283 1
2288 2
2291 3
2293 1
2296 1
2297 1
2298 3
2302 1
2305 1
2306 1
2308 1
2311 3
2313 2
2314 1
2315 1
2316 1
2317 2
2319 1
2322 2
2323 1
2324 3
2326 1
2328 1
2330 1
2332 1
2334 1
2335 2
2336 1
2340 2
2342 1
2343 3
2344 2
2345 1
2346 1
2347 3
2348 1
2352 1
2353 2
2355 1
2356 2
2357 2
2358 1
2359 1
2360 1
2361 2
2363 1
2364 3
2366 1
2368 2
2370 2
2372 1
2373 4
2374 1
2375 2
2377 1
2380 1
2381 1
2382 1
2384 1
2385 2
2386 1
2389 2
2390 2
2393 3
2394 1
2395 1
2399 1
2400 1
2403 1
2405 2
2409 1
2410 1
2416 1
2417 1
2418 2
2419 2
2420 2
2422 1
2424 1
2427 1
2428 1
2429 1
2432 1
2433 1
2434 1
2435 3
2438 2
2439 2
2440 1
2441 2
2444 1
2445 1
2446 1
2448 1
2449 1
2451 1
2452 2
2454 2
2456 1
2457 1
2459 3
2460 2
2461 1
2463 2
2464 1
2466 1
2467 1
2468 2
2469 2
2470 1
2471 1
2476 1
2481 1
2483 1
2485 2
2486 2
2490 1
2492 1
2493 1
2494 1
2495 3
2496 3
2500 1
2502 1
2503 1
2504 1
2505 1
2506 1
2507 1
2508 2
2509 1
2511 2
2512 2
2513 1
2516 1
2523 2
2526 1
2527 1
2528 1
2529 2
2530 1
2533 3
2534 1
2535 1
2536 1
2537 1
2540 2
2541 1
2542 1
2546 2
2548 1
2549 2
2551 1
2552 2
2553 1
2555 2
2556 3
2557 1
2560 1
2563 4
2565 1
2568 2
2571 1
2573 1
2576 1
2581 1
2582 1
2583 1
2584 1
2588 1
2589 2
2590 1
2591 1
2592 2
2594 1
2597 2
2598 2
2601 1
2602 1
2603 2
2604 3
2606 2
2610 2
2612 1
2613 2
2614 1
2615 1
2616 1
2617 3
2618 1
2621 1
2626 1
2627 2
2631 1
2633 1
2634 1
2635 1
2637 1
2638 1
2641 1
2643 2
2644 1
2647 1
2652 2
2653 1
2654 1
2655 1
2656 2
2658 1
2663 1
2664 1
2669 1
2670 1
2672 1
2674 1
2675 2
2677 1
2680 2
2684 1
2685 1
2687 1
2688 1
2689 1
2691 1
2692 1
2693 1
2695 1
2697 2
2698 1
2703 2
2704 1
2705 4
2707 3
2708 1
2709 1
2710 2
2711 2
2712 1
2713 1
2715 1
2719 1
2721 1
2725 1
2727 1
2730 2
2732 1
2733 1
2734 1
2740 1
2741 1
2742 1
2744 1
2745 2
2748 2
2750 1
2751 1
2753 1
2755 1
2756 2
2765 1
2769 1
2774 2
2775 1
2776 2
2777 1
2778 2
2781 1
2785 1
2787 1
2789 1
2791 1
2792 1
2793 1
2798 1
2799 2
2800 2
2802 1
2803 1
2804 2
2806 1
2808 1
2811 1
2813 1
2817 1
2818 1
2822 3
2823 1
2825 1
2826 1
2832 1
2833 2
2837 2
2840 3
2841 1
2842 1
2844 1
2847 1
2848 3
2849 1
2851 1
2856 1
2857 1
2859 2
2867 2
2868 1
2875 1
2876 1
2877 1
2879 1
2882 1
2884 1
2885 1
2886 1
2891 2
2892 1
2893 1
2895 1
2896 2
2899 1
2901 1
2903 1
2904 1
2905 2
2907 1
2912 2
2913 2
2916 1
2922 1
2925 1
2926 1
2932 1
2936 2
2937 1
2940 1
2941 1
2942 1
2944 2
2950 1
2954 1
2960 1
2963 1
2965 1
2970 1
2972 1
2973 1
2974 1
2980 2
2981 1
2983 1
2985 1
2995 1
3001 2
3003 1
3009 1
3012 1
3013 2
3014 1
3018 1
3020 1
3022 1
3023 1
3024 1
3026 1
3031 2
3035 1
3036 1
3043 1
3044 2
3045 1
3049 1
3055 1
3058 1
3059 1
3060 1
3063 1
3065 1
3067 1
3068 1
3071 1
3072 1
3074 1
3076 1
3078 1
3080 1
3084 1
3086 2
3091 1
3092 1
3095 2
3096 1
3097 1
3098 1
3099 1
3101 1
3112 1
3113 1
3115 1
3120 1
3121 2
3122 1
3129 1
3131 2
3133 1
3134 1
3142 1
3143 1
3151 1
3152 1
3153 1
3155 1
3163 1
3166 2
3171 1
3174 1
3178 1
3180 2
3181 1
3183 1
3185 1
3186 2
3187 1
3192 1
3193 1
3194 1
3200 1
3201 1
3203 1
3206 1
3207 1
3215 1
3218 1
3221 2
3223 1
3224 1
3225 2
3226 2
3228 1
3235 1
3239 1
3240 2
3242 1
3243 1
3244 2
3247 1
3250 1
3253 1
3255 1
3259 1
3264 1
3266 1
3275 1
3276 1
3278 1
3283 1
3284 3
3285 1
3289 1
3291 1
3292 1
3293 2
3295 1
3299 1
3303 1
3305 1
3309 1
3312 1
3314 1
3317 1
3320 1
3323 1
3330 1
3331 1
3334 1
3337 1
3339 1
3343 2
3349 1
3352 1
3354 1
3360 2
3361 1
3364 1
3366 1
3370 1
3371 1
3373 2
3374 1
3376 1
3378 2
3381 1
3382 4
3392 2
3394 1
3395 1
3398 1
3399 2
3404 1
3410 2
3412 1
3420 2
3421 1
3426 1
3427 2
3429 1
3432 1
3439 1
3441 3
3443 1
3445 1
3452 1
3453 1
3455 1
3459 1
3462 2
3463 2
3468 1
3473 1
3474 1
3480 1
3484 1
3486 1
3487 1
3488 2
3491 1
3492 1
3497 1
3501 1
3502 2
3503 3
3504 1
3508 1
3511 1
3512 1
3513 2
3520 1
3521 2
3523 1
3524 1
3531 1
3532 2
3538 1
3543 1
3544 1
3555 2
3559 1
3561 1
3563 1
3568 1
3570 1
3573 2
3574 2
3578 1
3580 2
3581 1
3586 2
3588 1
3590 1
3591 1
3593 1
3598 1
3602 1
3604 1
3605 2
3606 1
3611 1
3613 1
3616 1
3620 1
3624 1
3629 1
3630 1
3633 1
3634 1
3642 1
3643 1
3651 1
3653 1
3655 1
3657 1
3659 1
3660 1
3663 1
3666 2
3667 1
3672 1
3677 1
3678 1
3685 1
3686 1
3687 1
3692 1
3694 1
3703 1
3704 1
3713 1
3715 1
3716 2
3730 1
3736 1
3738 1
3742 1
3746 1
3747 1
3758 1
3760 1
3762 3
3765 1
3769 1
3774 1
3780 1
3781 1
3786 1
3792 1
3793 1
3795 1
3799 1
3800 1
3809 2
3810 1
3814 2
3815 1
3819 1
3824 1
3825 1
3831 1
3838 1
3841 1
3846 1
3855 1
3866 2
3868 1
3870 1
3871 1
3886 1
3888 1
3890 1
3893 1
3901 1
3902 1
3903 3
3904 1
3906 1
3913 1
3926 1
3929 1
3932 1
3937 1
3944 2
3946 1
3949 1
3951 1
3953 1
3954 1
3959 1
3963 1
3965 1
3967 1
3969 1
3970 1
3974 2
3983 1
3987 1
3997 1
4006 2
4010 3
4013 1
4022 1
4024 1
4027 1
4028 1
4030 2
4043 1
4051 1
4054 1
4057 1
4065 1
4073 1
4076 1
4082 1
4088 1
4095 1
4096 1
4098 1
4107 1
4108 1
4121 1
4129 1
4136 1
4144 1
4149 1
4150 1
4152 2
4161 1
4173 1
4174 1
4179 1
4181 1
4183 1
4186 2
4193 1
4197 1
4201 1
4206 1
4212 1
4216 1
4226 1
4229 2
4231 2
4232 1
4237 1
4240 1
4247 1
4249 1
4253 1
4255 1
4260 1
4263 2
4265 1
4268 2
4273 1
4276 1
4280 1
4281 1
4285 1
4294 1
4297 1
4300 1
4301 1
4305 1
4309 1
4313 1
4314 1
4316 3
4319 2
4337 1
4338 1
4343 1
4345 1
4348 1
4349 1
4355 1
4361 2
4363 1
4364 1
4372 1
4373 1
4377 1
4381 1
4384 1
4392 1
4393 1
4394 1
4395 1
4417 1
4420 2
4426 1
4428 2
4443 1
4449 3
4454 1
4459 1
4463 1
4470 1
4471 1
4475 1
4481 2
4490 1
4492 1
4494 1
4495 1
4503 1
4511 1
4512 1
4521 1
4523 1
4525 1
4531 2
4534 1
4537 1
4541 1
4548 2
4549 1
4552 1
4555 1
4557 1
4567 2
4583 1
4585 1
4587 1
4597 1
4601 1
4605 1
4611 2
4622 1
4625 1
4632 1
4633 1
4634 1
4638 2
4643 1
4645 1
4652 1
4655 1
4661 1
4674 1
4677 1
4678 2
4687 1
4692 1
4694 4
4698 1
4706 1
4720 1
4727 1
4728 1
4732 1
4736 1
4741 1
4749 1
4752 1
4770 1
4778 1
4781 1
4788 1
4789 1
4790 1
4792 1
4793 1
4794 1
4795 1
4801 1
4806 2
4809 1
4812 1
4819 1
4828 1
4829 1
4832 1
4841 2
4845 1
4848 1
4851 1
4857 1
4859 1
4864 1
4869 1
4872 1
4875 1
4895 1
4896 1
4907 1
4909 1
4912 1
4913 1
4916 1
4921 1
4923 1
4941 1
4948 1
4954 1
4958 1
4959 1
4964 2
4986 1
4990 1
4991 1
4992 1
4993 1
4995 1
4999 1
5001 1
5003 1
5075 1
5076 1
5080 1
5097 1
5099 1
5104 1
5112 1
5115 1
5124 1
5131 1
5140 1
5141 1
5145 1
5156 1
5173 1
5174 1
5177 1
5192 2
5205 1
5212 1
5217 1
5218 1
5219 1
5221 1
5232 1
5234 1
5247 1
5266 1
5279 1
5282 1
5283 1
5284 1
5288 1
5289 1
5298 1
5301 1
5309 1
5316 2
5320 1
5330 1
5331 1
5342 2
5347 1
5355 2
5363 1
5372 1
5377 1
5387 1
5388 1
5391 1
5392 1
5395 1
5397 1
5400 1
5406 1
5410 1
5412 1
5417 1
5422 1
5423 1
5425 1
5426 1
5434 1
5435 1
5437 1
5448 1
5452 1
5462 1
5488 1
5489 2
5495 1
5503 1
5509 1
5521 1
5531 1
5539 1
5549 2
5557 1
5569 1
5579 1
5601 1
5610 3
5611 1
5614 1
5615 1
5623 1
5626 1
5646 2
5652 1
5674 1
5676 1
5679 1
5694 1
5702 1
5704 1
5706 1
5709 1
5713 1
5717 1
5726 1
5739 1
5740 1
5741 1
5743 1
5745 2
5747 1
5750 1
5755 1
5761 2
5765 2
5771 1
5776 1
5780 1
5782 1
5784 2
5796 2
5805 1
5810 1
5812 1
5817 1
5818 1
5820 1
5834 1
5836 1
5846 1
5847 1
5852 1
5855 1
5856 1
5857 1
5862 1
5864 1
5865 1
5877 1
5878 1
5881 1
5905 1
5907 1
5921 1
5925 1
5929 1
5931 1
5934 1
5939 1
5941 1
5943 1
5947 2
5949 1
5967 1
5972 1
5980 1
5991 1
6003 1
6008 1
6009 1
6012 1
6015 1
6016 1
6018 1
6023 1
6027 1
6033 1
6043 1
6045 1
6059 1
6061 1
6066 1
6067 1
6069 1
6083 1
6086 1
6096 1
6101 1
6106 1
6109 1
6119 1
6126 1
6130 1
6140 1
6143 1
6145 1
6162 1
6169 1
6176 1
6181 1
6196 1
6200 2
6201 1
6207 1
6209 1
6210 1
6212 1
6227 1
6239 1
6244 1
6248 1
6252 1
6253 1
6272 1
6284 1
6296 1
6298 1
6302 1
6326 1
6327 1
6328 1
6335 1
6342 1
6357 1
6370 1
6376 1
6377 1
6389 1
6402 1
6410 1
6424 1
6462 1
6499 1
6517 1
6521 1
6544 1
6554 1
6566 1
6572 1
6573 1
6587 1
6591 1
6614 1
6620 1
6621 1
6626 1
6645 1
6654 1
6655 1
6668 1
6675 1
6682 1
6688 1
6690 1
6715 1
6743 1
6763 1
6778 1
6800 1
6843 1
6853 2
6854 1
6864 1
6865 1
6925 1
6956 2
6968 1
6981 1
7011 1
7031 1
7037 1
7071 1
7104 1
7112 1
7113 1
7131 1
7135 1
7155 1
7156 1
7174 1
7179 1
7182 1
7213 1
7238 1
7251 1
7291 1
7297 1
7321 1
7376 1
7398 1
7600 1
7606 1
7628 1
7635 2
7670 1
7677 1
7725 1
7726 1
7736 1
7876 1
7893 1
7916 1
7954 1
7962 1
7963 1
8017 1
8099 1
8136 1
8145 1
8204 1
8420 1
8426 1
8506 1
8514 1
8521 1
8550 1
8627 1
8705 1
8851 1
8880 1
8974 1
9266 1
9288 1
9366 1
9543 1
9545 1
9555 1
10202 1
10486 1
10489 1
10679 1
11235 1
11324 1
11449 1
11572 1
