59 61
60 290
61 622
62 585
63 607
64 623
65 727
66 741
67 1123
68 1521
69 1532
70 1473
71 1512
72 1646
73 1860
74 1942
75 2164
76 2715
77 2918
78 3352
79 3660
80 4363
81 5457
82 5289
83 5121
84 4917
85 4912
86 5137
87 5421
88 5272
89 5248
90 5097
91 4954
92 5219
93 5280
94 5544
95 5798
96 6351
97 6283
98 6276
99 6521
100 7096
101 7668
102 8224
103 8241
104 9734
105 12527
106 14138
107 14370
108 15042
109 15280
110 16493
111 16669
112 16438
113 16257
114 16173
115 15684
116 16039
117 16208
118 16308
119 16621
120 16362
121 16664
122 17357
123 17391
124 17730
125 17717
126 18217
127 18089
128 18247
129 17660
130 17730
131 17502
132 17214
133 17113
134 17262
135 17208
136 17135
137 16873
138 16776
139 17212
140 17618
141 17054
142 17457
143 17534
144 18164
145 18383
146 18584
147 18796
148 18561
149 17872
150 17653
151 17471
152 17392
153 16934
154 17139
155 16989
156 16677
157 16351
158 16195
159 15605
160 15058
161 14829
162 14622
163 14550
164 14550
165 14164
166 13973
167 13721
168 14013
169 13929
170 14060
171 13660
172 14358
173 14113
174 14032
175 13981
176 13915
177 14260
178 14492
179 14206
180 14479
181 14512
182 14199
183 14294
184 14177
185 14291
186 14184
187 14233
188 14688
189 14739
190 14665
191 14669
192 14633
193 14365
194 14420
195 14380
196 14055
197 13624
198 13506
199 13525
200 13097
201 13279
202 13301
203 13296
204 13339
205 13276
206 13431
207 13409
208 13389
209 13057
210 12722
211 12925
212 12804
213 12644
214 12452
215 12521
216 12141
217 11949
218 12164
219 11957
220 12025
221 12127
222 11884
223 11930
224 12046
225 11749
226 11916
227 11814
228 11744
229 12055
230 11900
231 11964
232 12145
233 12145
234 12159
235 12081
236 12064
237 12101
238 11904
239 11688
240 11651
241 11359
242 11285
243 11382
244 11561
245 11064
246 11010
247 10928
248 10808
249 10780
250 10604
251 10597
252 10698
253 10588
254 10332
255 10195
256 10103
257 10111
258 10214
259 10018
260 10192
261 9961
262 10105
263 9760
264 9624
265 9886
266 9890
267 9608
268 9733
269 9815
270 9728
271 9449
272 9351
273 9458
274 9304
275 9425
276 9317
277 9124
278 9182
279 8909
280 8928
281 8984
282 8892
283 8819
284 8917
285 8786
286 8815
287 8992
288 9196
289 9001
290 8917
291 9016
292 8748
293 8494
294 8581
295 8434
296 8413
297 8326
298 8298
299 8315
300 8202
301 8082
302 8103
303 8351
304 8261
305 8175
306 8263
307 8176
308 8065
309 8076
310 8261
311 8073
312 8200
313 8264
314 8215
315 8025
316 7947
317 7691
318 7593
319 7481
320 7553
321 7494
322 7160
323 7134
324 7038
325 6932
326 6794
327 6805
328 6691
329 6560
330 6634
331 6508
332 6433
333 6468
334 6392
335 6282
336 6273
337 6162
338 6210
339 6204
340 6120
341 6028
342 5999
343 5959
344 5821
345 5769
346 5743
347 5614
348 5563
349 5566
350 5557
351 5478
352 5393
353 5466
354 5347
355 5328
356 5348
357 5145
358 5105
359 5041
360 5102
361 4967
362 4905
363 4927
364 4960
365 4891
366 4977
367 4902
368 4789
369 4679
370 4653
371 4685
372 4644
373 4641
374 4584
375 4505
376 4570
377 4533
378 4699
379 4514
380 4407
381 4309
382 4391
383 4368
384 4233
385 4413
386 4380
387 4311
388 4304
389 4255
390 4341
391 4138
392 4020
393 3980
394 4180
395 3989
396 3978
397 4010
398 4014
399 3966
400 3987
401 3802
402 3757
403 3897
404 3849
405 3898
406 3842
407 3774
408 3811
409 3853
410 3611
411 3704
412 3687
413 3617
414 3581
415 3664
416 3569
417 3624
418 3526
419 3563
420 3519
421 3523
422 3510
423 3353
424 3413
425 3230
426 3379
427 3302
428 3309
429 3132
430 3163
431 3200
432 3165
433 3124
434 3036
435 3069
436 3034
437 3059
438 2929
439 2983
440 3050
441 2889
442 2982
443 2947
444 2891
445 2927
446 2875
447 2876
448 2767
449 2849
450 2892
451 2906
452 2801
453 2770
454 2780
455 2761
456 2817
457 2644
458 2584
459 2603
460 2683
461 2590
462 2536
463 2557
464 2469
465 2505
466 2419
467 2496
468 2417
469 2409
470 2366
471 2300
472 2345
473 2340
474 2249
475 2316
476 2268
477 2305
478 2358
479 2325
480 2219
481 2120
482 2162
483 2190
484 2113
485 2096
486 2088
487 2087
488 2078
489 2081
490 2029
491 2148
492 2057
493 2038
494 1981
495 2063
496 2087
497 2061
498 2113
499 2014
500 2104
501 1969
502 1993
503 1974
504 2014
505 1987
506 1953
507 1960
508 1873
509 1902
510 1906
511 1816
512 1876
513 1822
514 1809
515 1878
516 1727
517 1650
518 1696
519 1659
520 1731
521 1696
522 1679
523 1650
524 1700
525 1686
526 1628
527 1592
528 1603
529 1677
530 1623
531 1644
532 1613
533 1581
534 1519
535 1607
536 1506
537 1591
538 1483
539 1549
540 1575
541 1551
542 1500
543 1476
544 1465
545 1503
546 1455
547 1495
548 1449
549 1448
550 1399
551 1432
552 1485
553 1347
554 1496
555 1419
556 1387
557 1419
558 1406
559 1350
560 1407
561 1400
562 1395
563 1377
564 1352
565 1316
566 1385
567 1304
568 1326
569 1293
570 1278
571 1305
572 1239
573 1214
574 1248
575 1234
576 1193
577 1219
578 1185
579 1244
580 1104
581 1151
582 1184
583 1118
584 1172
585 1183
586 1106
587 1138
588 1113
589 1143
590 1104
591 1090
592 1101
593 1092
594 1117
595 1127
596 1097
597 1120
598 1073
599 1060
600 1072
601 1071
602 1101
603 1082
604 1046
605 1050
606 999
607 1022
608 1018
609 992
610 914
611 950
612 935
613 947
614 1020
615 945
616 935
617 924
618 895
619 914
620 874
621 902
622 901
623 941
624 894
625 879
626 926
627 882
628 881
629 840
630 849
631 873
632 897
633 828
634 830
635 824
636 817
637 748
638 821
639 826
640 831
641 790
642 831
643 735
644 742
645 786
646 787
647 815
648 768
649 795
650 700
651 756
652 710
653 776
654 777
655 732
656 731
657 692
658 768
659 718
660 748
661 743
662 742
663 764
664 719
665 732
666 693
667 711
668 735
669 687
670 644
671 653
672 689
673 711
674 678
675 684
676 651
677 649
678 640
679 654
680 603
681 695
682 662
683 643
684 591
685 589
686 637
687 628
688 633
689 640
690 652
691 636
692 608
693 596
694 566
695 583
696 558
697 544
698 532
699 561
700 577
701 551
702 548
703 505
704 574
705 534
706 550
707 479
708 508
709 544
710 528
711 552
712 501
713 530
714 506
715 579
716 538
717 531
718 510
719 454
720 504
721 500
722 485
723 481
724 516
725 486
726 491
727 454
728 515
729 477
730 475
731 468
732 442
733 450
734 478
735 481
736 451
737 484
738 454
739 436
740 457
741 478
742 476
743 429
744 470
745 448
746 451
747 436
748 438
749 448
750 402
751 460
752 434
753 421
754 421
755 422
756 432
757 463
758 388
759 435
760 401
761 380
762 408
763 393
764 399
765 416
766 390
767 382
768 354
769 391
770 379
771 407
772 358
773 357
774 380
775 355
776 377
777 383
778 385
779 347
780 396
781 397
782 369
783 362
784 346
785 375
786 349
787 354
788 387
789 355
790 378
791 356
792 376
793 330
794 354
795 347
796 344
797 353
798 351
799 352
800 330
801 362
802 319
803 306
804 364
805 354
806 329
807 372
808 292
809 318
810 325
811 320
812 308
813 306
814 328
815 308
816 339
817 317
818 323
819 323
820 273
821 306
822 276
823 299
824 299
825 317
826 277
827 294
828 280
829 283
830 279
831 303
832 294
833 282
834 295
835 293
836 300
837 290
838 274
839 295
840 316
841 271
842 239
843 284
844 286
845 277
846 277
847 305
848 285
849 282
850 276
851 267
852 257
853 284
854 258
855 281
856 297
857 294
858 252
859 265
860 290
861 266
862 271
863 255
864 267
865 233
866 257
867 281
868 250
869 269
870 243
871 249
872 224
873 248
874 241
875 261
876 261
877 237
878 254
879 254
880 227
881 252
882 199
883 223
884 252
885 206
886 251
887 231
888 205
889 239
890 212
891 221
892 209
893 221
894 219
895 216
896 223
897 221
898 220
899 229
900 219
901 219
902 212
903 192
904 217
905 251
906 220
907 194
908 219
909 236
910 207
911 208
912 251
913 212
914 217
915 207
916 202
917 216
918 180
919 186
920 187
921 199
922 194
923 225
924 218
925 204
926 194
927 205
928 203
929 190
930 193
931 176
932 206
933 174
934 191
935 187
936 187
937 164
938 206
939 207
940 191
941 181
942 187
943 201
944 173
945 180
946 173
947 200
948 172
949 181
950 195
951 192
952 180
953 148
954 189
955 173
956 177
957 196
958 195
959 176
960 175
961 174
962 194
963 181
964 172
965 159
966 153
967 157
968 169
969 170
970 154
971 149
972 183
973 188
974 181
975 169
976 160
977 174
978 187
979 165
980 162
981 144
982 147
983 167
984 156
985 166
986 146
987 166
988 141
989 157
990 150
991 156
992 161
993 132
994 145
995 156
996 168
997 146
998 143
999 145
1000 133
1001 171
1002 152
1003 149
1004 143
1005 142
1006 139
1007 143
1008 146
1009 148
1010 155
1011 135
1012 149
1013 161
1014 141
1015 147
1016 129
1017 138
1018 120
1019 143
1020 133
1021 139
1022 127
1023 145
1024 147
1025 124
1026 130
1027 128
1028 128
1029 140
1030 126
1031 121
1032 125
1033 106
1034 144
1035 127
1036 136
1037 133
1038 110
1039 129
1040 127
1041 141
1042 129
1043 132
1044 141
1045 123
1046 135
1047 134
1048 115
1049 127
1050 110
1051 113
1052 135
1053 119
1054 129
1055 128
1056 126
1057 123
1058 105
1059 112
1060 122
1061 136
1062 126
1063 106
1064 128
1065 119
1066 96
1067 121
1068 110
1069 105
1070 114
1071 133
1072 124
1073 93
1074 114
1075 107
1076 123
1077 120
1078 97
1079 116
1080 104
1081 117
1082 110
1083 108
1084 100
1085 114
1086 115
1087 125
1088 110
1089 108
1090 116
1091 85
1092 114
1093 79
1094 110
1095 110
1096 106
1097 96
1098 114
1099 98
1100 88
1101 101
1102 103
1103 89
1104 101
1105 109
1106 115
1107 99
1108 110
1109 94
1110 95
1111 103
1112 87
1113 106
1114 92
1115 95
1116 88
1117 89
1118 100
1119 105
1120 88
1121 95
1122 90
1123 107
1124 92
1125 81
1126 91
1127 82
1128 85
1129 102
1130 83
1131 87
1132 100
1133 79
1134 85
1135 91
1136 86
1137 99
1138 93
1139 86
1140 87
1141 92
1142 96
1143 81
1144 89
1145 86
1146 80
1147 69
1148 74
1149 90
1150 73
1151 95
1152 75
1153 68
1154 81
1155 85
1156 105
1157 85
1158 73
1159 94
1160 83
1161 69
1162 99
1163 64
1164 85
1165 83
1166 86
1167 73
1168 85
1169 75
1170 87
1171 72
1172 64
1173 73
1174 99
1175 74
1176 92
1177 76
1178 86
1179 67
1180 80
1181 80
1182 77
1183 83
1184 91
1185 69
1186 81
1187 76
1188 66
1189 78
1190 78
1191 89
1192 85
1193 73
1194 76
1195 75
1196 69
1197 70
1198 75
1199 64
1200 77
1201 71
1202 80
1203 71
1204 77
1205 72
1206 64
1207 72
1208 83
1209 68
1210 59
1211 64
1212 64
1213 73
1214 65
1215 62
1216 59
1217 76
1218 71
1219 62
1220 64
1221 80
1222 60
1223 68
1224 57
1225 60
1226 53
1227 62
1228 69
1229 70
1230 57
1231 61
1232 70
1233 67
1234 61
1235 71
1236 67
1237 55
1238 57
1239 65
1240 57
1241 65
1242 66
1243 52
1244 61
1245 58
1246 60
1247 69
1248 56
1249 51
1250 63
1251 74
1252 37
1253 62
1254 52
1255 46
1256 47
1257 45
1258 74
1259 75
1260 61
1261 66
1262 56
1263 62
1264 60
1265 53
1266 50
1267 61
1268 63
1269 63
1270 58
1271 63
1272 69
1273 69
1274 49
1275 63
1276 71
1277 54
1278 50
1279 48
1280 47
1281 56
1282 56
1283 65
1284 62
1285 49
1286 51
1287 52
1288 56
1289 38
1290 54
1291 61
1292 56
1293 53
1294 45
1295 48
1296 50
1297 58
1298 57
1299 51
1300 56
1301 53
1302 54
1303 56
1304 54
1305 49
1306 56
1307 59
1308 41
1309 47
1310 49
1311 57
1312 58
1313 61
1314 51
1315 40
1316 47
1317 65
1318 51
1319 42
1320 33
1321 50
1322 46
1323 43
1324 46
1325 50
1326 53
1327 54
1328 48
1329 46
1330 42
1331 43
1332 45
1333 46
1334 57
1335 48
1336 34
1337 59
1338 48
1339 52
1340 33
1341 57
1342 45
1343 38
1344 64
1345 51
1346 46
1347 46
1348 54
1349 40
1350 33
1351 45
1352 40
1353 33
1354 50
1355 35
1356 45
1357 44
1358 41
1359 34
1360 52
1361 46
1362 41
1363 41
1364 45
1365 50
1366 28
1367 40
1368 44
1369 54
1370 31
1371 30
1372 26
1373 48
1374 54
1375 32
1376 47
1377 35
1378 37
1379 42
1380 39
1381 38
1382 34
1383 40
1384 45
1385 47
1386 41
1387 47
1388 45
1389 42
1390 49
1391 32
1392 31
1393 45
1394 40
1395 32
1396 38
1397 34
1398 35
1399 34
1400 30
1401 40
1402 42
1403 53
1404 28
1405 26
1406 44
1407 41
1408 42
1409 35
1410 43
1411 41
1412 33
1413 32
1414 36
1415 33
1416 34
1417 25
1418 30
1419 40
1420 38
1421 40
1422 33
1423 35
1424 34
1425 24
1426 30
1427 39
1428 34
1429 30
1430 34
1431 39
1432 31
1433 40
1434 25
1435 31
1436 29
1437 41
1438 40
1439 24
1440 41
1441 33
1442 25
1443 30
1444 41
1445 42
1446 29
1447 39
1448 35
1449 38
1450 33
1451 33
1452 39
1453 28
1454 28
1455 35
1456 39
1457 38
1458 31
1459 34
1460 34
1461 30
1462 27
1463 21
1464 28
1465 26
1466 28
1467 28
1468 43
1469 30
1470 23
1471 37
1472 27
1473 31
1474 33
1475 24
1476 31
1477 39
1478 36
1479 32
1480 38
1481 31
1482 26
1483 40
1484 29
1485 31
1486 36
1487 33
1488 32
1489 29
1490 36
1491 27
1492 29
1493 32
1494 29
1495 25
1496 30
1497 31
1498 37
1499 28
1500 26
1501 32
1502 23
1503 34
1504 18
1505 28
1506 33
1507 26
1508 34
1509 27
1510 23
1511 16
1512 22
1513 29
1514 33
1515 28
1516 35
1517 26
1518 21
1519 32
1520 27
1521 26
1522 25
1523 25
1524 36
1525 31
1526 29
1527 33
1528 32
1529 30
1530 38
1531 32
1532 30
1533 29
1534 33
1535 27
1536 33
1537 24
1538 23
1539 34
1540 19
1541 29
1542 29
1543 23
1544 22
1545 26
1546 33
1547 14
1548 26
1549 26
1550 25
1551 32
1552 21
1553 31
1554 20
1555 21
1556 29
1557 26
1558 28
1559 21
1560 26
1561 24
1562 19
1563 28
1564 29
1565 30
1566 15
1567 32
1568 15
1569 21
1570 21
1571 30
1572 35
1573 23
1574 28
1575 15
1576 23
1577 29
1578 28
1579 30
1580 26
1581 21
1582 20
1583 24
1584 18
1585 28
1586 26
1587 20
1588 24
1589 23
1590 28
1591 21
1592 26
1593 24
1594 31
1595 22
1596 18
1597 26
1598 28
1599 18
1600 14
1601 25
1602 25
1603 24
1604 20
1605 19
1606 21
1607 31
1608 19
1609 22
1610 27
1611 21
1612 20
1613 21
1614 15
1615 22
1616 19
1617 24
1618 29
1619 17
1620 15
1621 16
1622 26
1623 17
1624 25
1625 33
1626 13
1627 23
1628 17
1629 20
1630 16
1631 25
1632 18
1633 15
1634 22
1635 23
1636 18
1637 19
1638 20
1639 24
1640 16
1641 33
1642 32
1643 17
1644 23
1645 17
1646 15
1647 27
1648 19
1649 27
1650 13
1651 19
1652 20
1653 17
1654 22
1655 15
1656 14
1657 12
1658 18
1659 11
1660 19
1661 15
1662 16
1663 18
1664 20
1665 15
1666 21
1667 31
1668 17
1669 18
1670 18
1671 14
1672 25
1673 27
1674 22
1675 24
1676 22
1677 18
1678 19
1679 19
1680 15
1681 19
1682 30
1683 21
1684 17
1685 7
1686 18
1687 18
1688 17
1689 13
1690 23
1691 18
1692 16
1693 18
1694 17
1695 27
1696 18
1697 15
1698 27
1699 20
1700 23
1701 25
1702 20
1703 12
1704 21
1705 13
1706 23
1707 25
1708 18
1709 21
1710 13
1711 21
1712 18
1713 19
1714 16
1715 12
1716 12
1717 12
1718 20
1719 15
1720 17
1721 16
1722 19
1723 16
1724 15
1725 15
1726 18
1727 20
1728 20
1729 22
1730 19
1731 14
1732 23
1733 16
1734 12
1735 16
1736 11
1737 21
1738 16
1739 17
1740 18
1741 26
1742 15
1743 13
1744 10
1745 18
1746 23
1747 27
1748 11
1749 22
1750 16
1751 7
1752 17
1753 15
1754 23
1755 12
1756 19
1757 17
1758 14
1759 17
1760 18
1761 3
1762 16
1763 12
1764 16
1765 13
1766 19
1767 13
1768 13
1769 17
1770 15
1771 14
1772 15
1773 15
1774 11
1775 17
1776 15
1777 14
1778 26
1779 16
1780 15
1781 17
1782 19
1783 13
1784 11
1785 13
1786 16
1787 17
1788 17
1789 11
1790 14
1791 16
1792 18
1793 13
1794 20
1795 20
1796 13
1797 14
1798 25
1799 18
1800 18
1801 16
1802 19
1803 16
1804 17
1805 14
1806 15
1807 14
1808 27
1809 14
1810 14
1811 13
1812 13
1813 9
1814 8
1815 17
1816 11
1817 7
1818 13
1819 17
1820 13
1821 11
1822 21
1823 7
1824 12
1825 16
1826 9
1827 7
1828 17
1829 12
1830 20
1831 16
1832 14
1833 11
1834 16
1835 18
1836 13
1837 12
1838 11
1839 12
1840 17
1841 11
1842 15
1843 16
1844 18
1845 13
1846 16
1847 11
1848 15
1849 11
1850 8
1851 14
1852 18
1853 20
1854 13
1855 10
1856 16
1857 7
1858 16
1859 12
1860 16
1861 14
1862 12
1863 13
1864 15
1865 9
1866 17
1867 10
1868 15
1869 11
1870 13
1871 11
1872 17
1873 12
1874 12
1875 15
1876 18
1877 13
1878 8
1879 11
1880 20
1881 12
1882 15
1883 11
1884 16
1885 15
1886 17
1887 13
1888 18
1889 7
1890 17
1891 13
1892 16
1893 18
1894 13
1895 11
1896 17
1897 18
1898 11
1899 19
1900 12
1901 14
1902 10
1903 12
1904 16
1905 7
1906 13
1907 7
1908 14
1909 10
1910 13
1911 8
1912 9
1913 12
1914 21
1915 19
1916 18
1917 14
1918 12
1919 9
1920 11
1921 14
1922 12
1923 10
1924 12
1925 13
1926 13
1927 11
1928 13
1929 10
1930 10
1931 14
1932 7
1933 7
1934 8
1935 7
1936 13
1937 11
1938 14
1939 8
1940 13
1941 18
1942 11
1943 12
1944 12
1945 11
1946 10
1947 7
1948 6
1949 11
1950 10
1951 14
1952 9
1953 12
1954 11
1955 13
1956 15
1957 12
1958 9
1959 15
1960 10
1961 9
1962 11
1963 8
1964 6
1965 11
1966 19
1967 11
1968 13
1969 12
1970 13
1971 15
1972 13
1973 13
1974 15
1975 12
1976 14
1977 12
1978 14
1979 13
1980 14
1981 11
1982 14
1983 12
1984 10
1985 10
1986 4
1987 10
1988 13
1989 12
1990 9
1991 7
1992 6
1993 10
1994 18
1995 13
1996 10
1997 7
1998 8
1999 11
2000 4
2001 8
2002 11
2003 8
2004 11
2005 12
2006 12
2007 13
2008 9
2009 16
2010 11
2011 15
2012 3
2013 12
2014 9
2015 8
2016 14
2017 16
2018 9
2019 8
2020 8
2021 8
2022 13
2023 8
2024 10
2025 9
2026 17
2027 9
2028 14
2029 12
2030 5
2031 9
2032 5
2033 8
2034 9
2035 15
2036 5
2037 12
2038 8
2039 9
2040 9
2041 11
2042 10
2043 9
2044 10
2045 17
2046 6
2047 8
2048 13
2049 9
2050 13
2051 11
2052 12
2053 4
2054 6
2055 11
2056 5
2057 3
2058 11
2059 6
2060 9
2061 10
2062 11
2063 12
2064 8
2065 8
2066 9
2067 6
2068 6
2069 8
2070 6
2071 16
2072 12
2073 6
2074 7
2075 6
2076 7
2077 6
2078 10
2079 7
2080 10
2081 13
2082 7
2083 15
2084 8
2085 1
2086 9
2087 9
2088 10
2089 11
2090 14
2091 7
2092 9
2093 17
2094 12
2095 11
2096 14
2097 7
2098 8
2099 9
2100 5
2101 6
2102 8
2103 9
2104 8
2105 9
2106 5
2107 1
2108 8
2109 8
2110 7
2111 6
2112 13
2113 8
2114 13
2115 11
2116 12
2117 7
2118 6
2119 10
2120 9
2121 12
2122 5
2123 9
2124 6
2125 7
2126 10
2127 10
2128 11
2129 8
2130 9
2131 7
2132 12
2133 10
2134 10
2135 11
2136 11
2137 12
2138 10
2139 9
2140 11
2141 4
2142 6
2143 11
2144 4
2145 9
2146 5
2147 4
2148 7
2149 10
2150 6
2151 10
2152 9
2153 3
2154 8
2155 5
2156 1
2157 10
2158 13
2159 9
2160 9
2161 5
2162 11
2163 7
2164 11
2165 4
2166 7
2167 6
2168 10
2169 10
2170 11
2171 5
2172 8
2173 9
2174 13
2175 10
2176 7
2177 4
2178 7
2179 9
2180 9
2181 5
2182 11
2183 3
2184 10
2185 6
2186 7
2187 7
2188 7
2189 9
2190 10
2191 6
2192 10
2193 7
2194 10
2195 7
2196 6
2197 15
2198 4
2199 12
2200 9
2201 5
2202 4
2203 10
2204 8
2205 8
2206 12
2207 6
2208 4
2209 8
2210 5
2211 9
2212 11
2213 10
2214 10
2215 8
2216 9
2217 7
2218 13
2219 5
2220 7
2221 8
2222 5
2223 14
2224 13
2225 4
2226 7
2227 9
2228 5
2229 9
2230 6
2231 6
2232 9
2233 8
2234 4
2235 5
2236 8
2237 7
2238 8
2239 3
2240 9
2241 8
2242 5
2243 6
2244 5
2245 6
2246 5
2247 5
2248 4
2249 10
2250 7
2251 11
2252 6
2253 12
2254 9
2255 5
2256 7
2257 9
2258 6
2259 10
2260 6
2261 2
2262 5
2263 6
2264 8
2265 9
2266 4
2267 9
2268 5
2269 10
2270 3
2271 8
2272 7
2273 6
2274 10
2275 6
2276 7
2277 9
2278 11
2279 5
2280 7
2281 5
2282 7
2283 10
2284 8
2285 7
2286 5
2287 9
2288 6
2289 3
2290 5
2291 9
2292 12
2293 5
2294 6
2295 10
2296 10
2297 9
2298 6
2299 10
2300 8
2301 10
2302 7
2303 6
2304 8
2305 6
2306 8
2307 10
2308 8
2309 11
2310 9
2311 8
2312 7
2313 9
2314 5
2315 8
2316 10
2317 9
2318 9
2319 10
2320 7
2321 3
2322 5
2323 6
2324 7
2325 9
2326 6
2327 9
2328 4
2329 7
2330 4
2331 5
2332 6
2333 3
2334 7
2335 6
2336 3
2337 6
2338 9
2339 5
2340 7
2341 6
2342 5
2343 7
2344 11
2345 5
2346 8
2347 8
2348 12
2349 9
2350 5
2351 6
2352 3
2353 9
2354 5
2355 8
2356 9
2357 6
2358 7
2359 3
2360 6
2361 8
2362 1
2363 9
2364 4
2365 8
2366 6
2367 5
2368 7
2369 7
2370 7
2371 6
2372 3
2373 6
2374 7
2375 6
2376 4
2377 9
2378 2
2379 8
2380 3
2381 6
2382 2
2383 6
2384 7
2385 4
2386 10
2387 7
2388 3
2389 7
2390 10
2391 3
2392 9
2393 6
2394 6
2395 4
2396 8
2397 6
2398 4
2399 8
2400 5
2401 4
2402 6
2403 9
2404 5
2405 10
2406 9
2407 8
2408 9
2409 4
2410 6
2411 5
2412 8
2413 4
2414 3
2415 3
2416 5
2417 4
2418 6
2419 4
2420 6
2421 6
2422 8
2423 7
2424 8
2425 3
2426 6
2427 4
2428 8
2429 8
2430 6
2431 3
2432 6
2433 5
2434 3
2435 11
2436 6
2437 5
2438 10
2439 4
2440 2
2441 6
2442 6
2443 8
2444 6
2445 7
2446 9
2447 12
2448 6
2449 6
2450 2
2451 6
2452 8
2453 2
2454 4
2455 4
2456 4
2457 2
2458 6
2459 9
2460 7
2461 8
2462 2
2463 2
2464 5
2465 7
2466 3
2467 3
2468 5
2469 7
2470 4
2471 4
2472 6
2473 8
2474 9
2475 2
2476 4
2477 3
2478 5
2479 7
2480 3
2481 4
2482 4
2483 5
2484 3
2485 5
2486 7
2487 5
2488 3
2489 6
2491 3
2492 1
2493 8
2494 6
2495 3
2496 4
2497 8
2498 3
2499 5
2500 8
2501 7
2502 4
2503 1
2504 2
2505 4
2506 3
2507 5
2508 7
2509 9
2510 6
2511 3
2512 4
2513 5
2514 8
2515 8
2516 5
2517 8
2518 7
2519 3
2520 6
2521 6
2522 6
2523 3
2524 3
2525 5
2526 3
2527 2
2528 6
2529 5
2530 5
2531 6
2532 4
2533 7
2534 4
2535 5
2536 3
2537 5
2538 3
2539 4
2540 4
2541 5
2542 9
2543 5
2544 4
2545 4
2546 7
2547 2
2548 7
2549 4
2550 4
2551 5
2552 8
2553 3
2554 7
2555 5
2556 4
2557 1
2558 5
2559 2
2560 5
2561 1
2562 7
2563 3
2564 7
2565 3
2566 7
2567 3
2568 5
2569 4
2570 4
2571 6
2572 4
2573 5
2574 4
2575 5
2576 6
2577 4
2578 5
2579 4
2580 7
2581 6
2582 3
2583 5
2584 2
2585 4
2586 7
2587 5
2588 8
2589 4
2590 7
2591 5
2592 6
2593 3
2594 4
2595 9
2596 3
2597 4
2598 7
2599 6
2600 2
2601 4
2602 8
2603 7
2604 11
2605 5
2606 4
2607 3
2608 8
2609 4
2610 3
2611 2
2612 5
2613 7
2614 6
2615 8
2616 7
2617 3
2618 4
2619 10
2620 3
2621 3
2622 7
2623 1
2624 7
2625 4
2626 2
2627 2
2628 1
2629 3
2630 5
2631 3
2632 2
2633 3
2634 2
2635 3
2636 5
2637 3
2638 4
2639 3
2640 3
2641 5
2642 8
2643 3
2644 4
2645 1
2646 3
2647 7
2648 7
2649 3
2650 6
2651 1
2652 3
2653 5
2654 1
2655 2
2656 4
2657 5
2658 6
2659 3
2660 3
2661 3
2662 4
2663 3
2664 6
2665 4
2666 3
2667 2
2668 4
2669 3
2670 5
2671 3
2672 3
2673 8
2674 6
2675 1
2676 4
2677 5
2678 3
2679 1
2680 7
2681 3
2682 4
2683 3
2684 3
2685 6
2686 3
2687 5
2688 5
2689 4
2690 4
2691 3
2692 5
2693 4
2694 2
2695 1
2696 4
2697 2
2698 2
2699 5
2700 5
2701 4
2702 2
2703 5
2704 5
2705 3
2706 2
2707 2
2708 2
2709 2
2710 7
2711 5
2712 3
2713 5
2714 2
2715 5
2716 2
2717 2
2718 3
2719 3
2720 6
2721 1
2722 4
2723 8
2724 4
2725 3
2726 5
2728 6
2729 4
2730 2
2731 4
2732 2
2733 5
2734 6
2735 2
2736 4
2737 3
2738 3
2739 5
2740 3
2741 3
2742 2
2743 5
2744 1
2745 8
2746 3
2747 2
2748 3
2749 4
2750 3
2751 2
2752 5
2753 2
2754 3
2755 4
2756 2
2757 5
2758 4
2760 7
2761 3
2762 8
2763 2
2764 1
2765 1
2766 4
2767 1
2768 6
2769 6
2770 6
2771 6
2772 5
2773 3
2774 8
2775 5
2776 6
2777 4
2778 1
2779 3
2780 5
2782 2
2783 5
2784 1
2785 6
2786 10
2787 3
2788 3
2789 3
2790 2
2791 3
2792 2
2793 4
2794 6
2795 6
2796 4
2797 3
2798 1
2799 6
2800 2
2801 6
2802 1
2803 6
2804 1
2805 3
2806 5
2807 4
2808 5
2809 3
2810 7
2811 5
2812 4
2814 2
2815 5
2816 7
2817 4
2818 4
2820 3
2821 2
2822 3
2823 6
2824 4
2825 2
2826 6
2827 3
2828 4
2830 4
2831 6
2832 4
2833 3
2834 3
2835 1
2836 6
2837 4
2838 4
2839 3
2840 2
2841 3
2842 4
2843 4
2844 5
2845 4
2846 2
2847 3
2848 3
2849 4
2850 5
2851 9
2852 4
2853 5
2854 3
2855 4
2856 2
2857 2
2858 2
2859 2
2860 5
2861 4
2862 5
2863 1
2864 1
2865 4
2866 6
2867 9
2868 3
2869 3
2870 4
2871 3
2872 3
2873 5
2874 7
2875 1
2876 5
2877 4
2878 3
2879 3
2880 2
2881 4
2882 2
2883 4
2884 5
2885 3
2886 3
2887 1
2888 2
2889 1
2890 7
2891 4
2892 2
2893 2
2894 4
2895 3
2896 1
2897 3
2898 4
2899 10
2900 3
2901 2
2902 4
2903 1
2904 1
2905 1
2906 7
2907 1
2908 1
2909 2
2910 7
2911 3
2912 2
2913 4
2914 2
2915 2
2916 3
2917 4
2918 3
2919 1
2920 2
2921 3
2922 3
2923 7
2924 5
2925 3
2926 4
2927 2
2928 6
2929 8
2930 1
2931 2
2932 3
2933 1
2934 3
2935 5
2936 2
2937 2
2938 3
2939 5
2940 1
2941 2
2942 6
2943 3
2944 3
2945 3
2946 8
2947 4
2948 3
2949 4
2950 2
2951 2
2952 4
2953 4
2954 1
2955 2
2956 2
2957 3
2959 1
2960 3
2961 4
2962 3
2963 3
2964 1
2965 2
2966 1
2967 3
2968 2
2969 4
2970 4
2971 2
2972 2
2973 3
2974 3
2976 2
2977 8
2978 4
2979 2
2980 5
2981 6
2982 2
2983 3
2984 4
2985 2
2987 2
2988 2
2989 4
2990 5
2991 2
2992 3
2993 5
2994 1
2995 1
2996 1
2997 2
2998 5
2999 1
3000 6
3001 4
3002 1
3003 8
3004 2
3005 3
3006 2
3007 1
3008 3
3009 3
3010 1
3011 3
3012 5
3013 3
3014 1
3016 2
3018 7
3019 1
3020 3
3021 3
3022 1
3023 4
3024 3
3025 3
3026 2
3028 4
3029 3
3030 4
3031 2
3032 4
3033 2
3035 1
3036 3
3037 2
3038 3
3039 5
3040 2
3041 1
3043 5
3044 1
3045 4
3046 1
3047 3
3048 1
3049 3
3050 2
3051 4
3052 7
3053 4
3054 3
3055 4
3056 3
3057 1
3058 3
3059 1
3060 6
3061 5
3062 4
3063 1
3064 1
3065 3
3066 3
3067 1
3068 3
3069 4
3070 3
3071 3
3072 3
3073 1
3074 3
3075 2
3076 1
3077 3
3078 4
3079 1
3080 3
3081 1
3082 2
3083 3
3084 3
3085 3
3086 3
3088 4
3089 5
3090 1
3091 2
3092 5
3093 1
3094 2
3095 2
3096 1
3097 5
3099 3
3101 6
3102 2
3103 1
3104 2
3105 2
3106 2
3107 1
3108 2
3109 4
3110 2
3111 2
3113 3
3114 1
3115 4
3116 1
3117 5
3118 2
3119 3
3120 4
3121 1
3122 3
3123 3
3125 2
3126 5
3128 3
3129 2
3130 4
3131 1
3132 3
3133 1
3134 2
3135 2
3137 3
3138 3
3139 1
3140 2
3141 4
3142 1
3143 3
3144 2
3145 3
3146 1
3147 2
3148 4
3149 1
3151 1
3152 2
3153 3
3154 3
3155 4
3156 1
3157 2
3158 1
3159 2
3160 3
3161 4
3162 3
3163 1
3164 3
3165 3
3166 3
3167 3
3168 1
3169 5
3170 3
3171 1
3173 5
3174 3
3175 3
3176 1
3178 2
3179 6
3180 4
3181 2
3182 2
3183 2
3184 1
3185 1
3186 1
3188 6
3191 2
3192 3
3193 4
3194 1
3195 1
3196 2
3197 1
3199 1
3200 4
3202 4
3204 3
3205 5
3206 4
3207 4
3208 4
3209 4
3210 3
3211 4
3212 2
3214 1
3215 4
3216 2
3217 3
3218 5
3219 2
3220 1
3221 3
3222 4
3223 2
3224 2
3225 3
3226 2
3227 1
3229 1
3230 4
3231 5
3232 2
3233 1
3234 4
3235 3
3237 4
3238 2
3239 1
3240 3
3241 5
3242 1
3243 3
3244 6
3245 1
3246 3
3247 3
3248 3
3249 2
3250 1
3251 2
3252 1
3253 6
3254 1
3255 1
3256 3
3257 4
3258 2
3259 1
3260 3
3261 6
3263 2
3264 3
3265 6
3266 2
3267 1
3268 2
3269 1
3271 1
3272 3
3273 4
3274 3
3275 3
3277 1
3278 1
3279 1
3280 1
3281 1
3282 3
3283 2
3284 1
3285 4
3286 2
3288 2
3289 3
3290 2
3291 3
3293 4
3294 1
3296 4
3297 1
3298 3
3300 3
3301 2
3302 3
3303 2
3304 2
3305 3
3306 1
3307 2
3308 1
3309 3
3310 4
3312 3
3313 2
3314 4
3315 3
3317 6
3318 1
3319 4
3321 2
3322 2
3323 4
3324 1
3325 2
3326 1
3327 4
3328 3
3329 1
3330 1
3331 2
3332 1
3334 3
3335 4
3336 1
3337 4
3338 4
3339 3
3340 5
3341 3
3342 2
3343 1
3345 4
3346 2
3347 2
3348 1
3350 3
3351 2
3352 1
3353 1
3355 4
3356 4
3357 2
3359 2
3360 4
3361 1
3362 1
3363 1
3364 1
3365 1
3366 2
3367 1
3368 3
3369 4
3370 1
3371 1
3372 2
3373 1
3374 3
3375 1
3376 1
3377 3
3378 1
3379 1
3380 5
3381 1
3382 2
3383 3
3384 2
3385 1
3386 2
3387 3
3388 1
3389 6
3390 3
3392 1
3393 4
3394 1
3396 3
3397 1
3398 2
3400 1
3401 3
3402 2
3403 2
3405 4
3406 2
3407 2
3408 3
3409 1
3411 3
3412 3
3413 2
3414 2
3415 5
3416 1
3417 1
3418 3
3419 3
3420 2
3422 1
3423 1
3424 1
3425 2
3426 2
3427 1
3428 3
3429 2
3430 2
3431 2
3432 1
3433 2
3434 1
3435 2
3436 1
3438 2
3439 1
3440 1
3442 3
3443 1
3444 2
3445 2
3446 2
3447 1
3448 3
3449 2
3450 1
3451 2
3452 1
3453 2
3455 1
3456 5
3460 2
3461 1
3463 2
3464 2
3465 3
3466 1
3467 2
3469 4
3471 3
3473 4
3474 2
3475 3
3476 1
3477 1
3479 4
3481 1
3482 2
3483 2
3484 2
3485 4
3486 3
3488 2
3489 1
3490 3
3491 1
3492 1
3494 5
3495 4
3496 4
3497 3
3501 2
3502 1
3503 1
3504 3
3505 1
3507 1
3508 3
3509 3
3510 3
3511 2
3512 3
3513 3
3514 1
3515 1
3517 1
3518 2
3520 2
3521 3
3522 4
3523 1
3524 1
3525 2
3526 2
3527 4
3528 2
3529 3
3531 4
3532 1
3533 1
3534 2
3535 1
3536 2
3537 2
3538 1
3539 1
3541 4
3542 2
3543 1
3544 1
3545 2
3546 1
3547 2
3548 4
3549 1
3550 3
3551 1
3552 3
3553 2
3554 5
3555 3
3557 3
3559 3
3560 1
3562 2
3563 1
3565 1
3567 1
3568 1
3569 1
3570 2
3571 2
3572 2
3573 1
3574 1
3575 4
3576 4
3579 1
3580 2
3582 6
3583 1
3584 1
3585 1
3586 1
3587 3
3589 1
3590 1
3591 2
3593 1
3594 2
3595 3
3597 1
3598 4
3599 2
3600 2
3601 4
3602 1
3603 2
3604 2
3605 1
3606 1
3607 1
3608 1
3609 1
3610 4
3612 1
3613 3
3614 3
3615 4
3616 1
3617 1
3618 5
3619 1
3620 1
3621 2
3622 2
3624 3
3625 1
3626 5
3627 2
3628 1
3629 2
3632 1
3633 2
3634 3
3635 1
3636 1
3637 2
3638 1
3639 2
3640 3
3641 1
3642 1
3643 2
3644 1
3645 4
3646 2
3647 1
3648 1
3649 1
3651 3
3652 1
3653 2
3655 1
3656 2
3657 1
3658 2
3659 1
3661 4
3662 1
3663 3
3664 1
3665 1
3666 3
3667 2
3668 5
3670 1
3671 3
3672 3
3673 1
3674 1
3675 2
3676 2
3677 3
3678 1
3679 2
3680 1
3681 1
3682 1
3683 2
3684 4
3687 1
3689 1
3690 3
3691 2
3693 3
3694 3
3695 3
3696 1
3697 1
3699 4
3701 2
3702 1
3703 2
3705 1
3706 1
3707 2
3708 3
3709 2
3711 1
3712 2
3713 1
3714 4
3715 1
3716 1
3717 1
3718 6
3720 1
3721 1
3722 1
3723 2
3725 3
3726 1
3727 3
3729 3
3730 6
3731 3
3733 1
3734 1
3736 2
3737 2
3738 2
3739 1
3740 2
3741 1
3742 2
3743 4
3744 2
3747 2
3749 2
3750 1
3751 1
3754 1
3756 1
3758 2
3759 1
3760 2
3761 5
3762 1
3764 4
3765 2
3766 2
3767 1
3768 1
3771 5
3773 1
3774 3
3775 2
3777 3
3778 1
3779 2
3780 1
3781 2
3782 1
3783 1
3785 2
3787 3
3788 2
3789 2
3790 2
3791 5
3792 2
3794 1
3795 4
3796 3
3797 1
3798 5
3799 2
3800 1
3801 3
3802 3
3803 2
3804 1
3806 2
3807 3
3808 1
3809 1
3810 1
3811 1
3812 1
3814 3
3815 2
3817 4
3819 3
3820 3
3821 1
3822 1
3823 1
3824 1
3825 2
3826 2
3827 2
3828 2
3829 1
3830 2
3831 2
3833 2
3834 1
3836 1
3837 3
3839 1
3840 1
3841 1
3843 2
3844 1
3846 1
3847 2
3848 2
3850 2
3851 2
3852 3
3859 1
3860 1
3861 3
3862 2
3864 1
3866 1
3867 2
3869 2
3870 1
3872 1
3873 4
3874 2
3876 1
3877 1
3879 1
3880 1
3881 1
3882 1
3883 1
3885 2
3886 2
3889 2
3890 2
3895 1
3897 1
3898 2
3899 1
3900 2
3901 2
3902 1
3903 1
3904 1
3905 1
3906 3
3907 1
3908 3
3910 2
3911 1
3913 1
3914 1
3915 1
3916 2
3917 1
3919 2
3920 2
3921 1
3923 1
3924 1
3925 1
3926 1
3927 2
3928 3
3929 2
3930 1
3931 3
3932 5
3934 2
3935 3
3937 2
3938 1
3939 4
3941 3
3942 2
3943 2
3944 2
3945 2
3946 1
3948 1
3949 1
3950 1
3951 3
3954 1
3956 2
3960 2
3965 2
3966 2
3967 3
3968 1
3970 2
3971 1
3973 1
3975 1
3976 2
3978 1
3979 2
3980 1
3981 1
3982 1
3983 2
3985 2
3986 1
3987 1
3988 2
3989 1
3990 2
3994 2
3999 1
4002 1
4003 1
4004 1
4006 1
4010 1
4011 2
4015 1
4016 1
4017 2
4020 2
4021 3
4023 1
4025 2
4026 1
4027 1
4028 2
4029 1
4030 3
4031 2
4032 1
4033 2
4034 3
4035 3
4038 2
4039 1
4040 3
4041 3
4042 4
4047 2
4049 1
4051 2
4052 2
4053 1
4055 2
4056 1
4058 1
4060 3
4061 1
4062 1
4063 2
4064 1
4065 1
4067 1
4068 1
4069 1
4070 1
4071 3
4072 1
4073 2
4074 2
4075 1
4079 1
4080 3
4082 1
4083 2
4086 1
4088 1
4091 1
4095 1
4096 2
4097 2
4098 2
4099 1
4103 2
4106 2
4107 1
4111 2
4113 2
4115 1
4116 2
4118 1
4119 1
4120 2
4121 3
4126 2
4127 1
4128 1
4129 2
4130 1
4131 1
4132 1
4133 1
4134 1
4136 2
4137 1
4139 1
4141 1
4143 2
4144 1
4146 2
4149 1
4150 1
4153 1
4154 1
4155 1
4156 3
4157 2
4158 3
4159 2
4161 1
4163 1
4165 2
4166 4
4168 3
4169 1
4170 1
4171 1
4172 2
4174 1
4175 2
4177 1
4180 1
4181 1
4182 2
4183 2
4184 1
4187 2
4188 1
4191 1
4193 1
4194 2
4195 1
4196 1
4197 2
4198 1
4201 1
4202 1
4203 2
4204 1
4205 2
4206 1
4207 3
4209 1
4210 2
4211 1
4213 2
4214 1
4215 3
4216 1
4217 3
4218 2
4220 1
4222 1
4225 1
4226 2
4227 2
4228 1
4229 1
4230 2
4231 2
4232 2
4233 1
4234 3
4235 1
4236 1
4237 1
4239 1
4240 1
4241 1
4243 2
4244 1
4246 1
4247 1
4251 1
4252 3
4253 2
4257 1
4259 1
4263 1
4264 2
4265 1
4267 1
4268 1
4269 3
4270 1
4272 1
4273 1
4274 2
4276 2
4277 1
4278 1
4279 3
4281 1
4282 1
4284 5
4285 2
4286 1
4287 2
4288 2
4291 1
4294 4
4295 1
4296 1
4298 1
4299 1
4301 2
4302 1
4304 1
4307 2
4309 1
4311 1
4312 1
4313 1
4315 1
4316 2
4317 1
4318 1
4319 1
4320 1
4321 1
4323 1
4326 1
4332 1
4333 1
4336 1
4337 1
4339 1
4341 2
4343 1
4345 1
4349 1
4352 1
4353 1
4354 1
4355 1
4356 1
4358 1
4359 1
4361 2
4362 1
4364 3
4367 1
4371 2
4373 1
4376 1
4378 2
4380 2
4381 1
4383 1
4384 1
4386 1
4387 1
4388 1
4390 2
4391 2
4393 1
4397 2
4402 1
4409 1
4410 1
4411 1
4413 2
4415 1
4416 1
4417 1
4419 2
4420 1
4421 1
4423 2
4424 2
4426 1
4430 1
4431 2
4432 1
4434 1
4435 1
4436 1
4439 3
4441 2
4442 1
4444 1
4445 1
4447 1
4448 2
4449 2
4452 1
4454 1
4455 1
4456 1
4457 1
4458 1
4459 1
4463 1
4465 1
4466 1
4468 1
4469 1
4472 1
4473 4
4476 2
4477 1
4479 4
4481 1
4482 1
4483 1
4485 2
4489 3
4490 1
4494 1
4496 2
4497 3
4498 2
4501 1
4502 1
4504 1
4505 1
4506 1
4508 1
4509 2
4510 1
4512 2
4514 2
4518 2
4520 3
4523 2
4524 2
4527 3
4528 4
4529 1
4531 2
4532 2
4533 1
4535 1
4536 1
4538 1
4539 3
4540 1
4543 1
4544 1
4545 1
4547 2
4548 3
4549 1
4554 1
4558 2
4560 1
4564 2
4565 2
4566 2
4569 2
4571 1
4575 1
4576 1
4579 1
4580 1
4583 1
4584 1
4585 4
4588 1
4589 2
4590 2
4592 1
4593 1
4595 2
4596 1
4598 2
4602 1
4605 3
4606 1
4607 2
4609 2
4610 1
4612 1
4613 1
4614 1
4615 2
4617 3
4620 1
4621 1
4622 1
4623 3
4624 3
4626 1
4627 1
4629 2
4634 2
4635 1
4638 1
4640 1
4643 1
4644 3
4645 2
4646 3
4649 1
4650 1
4651 1
4653 1
4654 1
4655 2
4656 2
4657 1
4658 1
4659 1
4665 2
4667 1
4668 1
4669 1
4671 1
4676 2
4682 2
4683 1
4685 1
4692 2
4694 1
4695 1
4696 1
4698 1
4699 1
4704 1
4706 2
4709 1
4710 1
4711 1
4713 1
4714 2
4715 1
4717 1
4721 1
4724 1
4725 1
4726 3
4727 2
4728 2
4732 2
4733 1
4736 1
4737 1
4741 1
4743 1
4744 2
4746 1
4752 1
4753 1
4754 1
4757 1
4759 1
4762 1
4763 1
4768 1
4769 1
4770 1
4772 1
4773 2
4777 1
4778 2
4779 1
4785 1
4787 4
4789 4
4790 1
4794 2
4795 2
4799 1
4801 2
4802 2
4803 1
4810 1
4811 1
4814 1
4815 1
4817 1
4818 1
4822 2
4823 2
4833 1
4836 1
4841 1
4844 1
4845 3
4846 1
4848 1
4850 1
4852 2
4854 1
4855 1
4858 1
4859 1
4862 1
4863 1
4868 1
4869 1
4871 2
4872 2
4873 1
4875 2
4877 1
4880 1
4882 1
4886 1
4887 2
4888 2
4889 3
4891 1
4893 4
4894 1
4896 1
4897 2
4898 1
4899 1
4900 2
4902 1
4905 1
4909 2
4911 2
4913 1
4915 1
4917 1
4920 1
4921 3
4922 1
4923 1
4924 1
4926 1
4928 2
4930 1
4931 1
4932 1
4933 1
4936 1
4938 2
4939 1
4945 1
4946 1
4948 1
4949 4
4951 1
4955 1
4956 1
4958 2
4961 1
4962 1
4967 1
4973 1
4975 1
4977 1
4980 1
4981 1
4985 1
4988 1
4989 1
4990 1
4994 1
4996 1
4997 1
5000 1
5001 1
5004 1
5006 2
5009 1
5010 2
5011 1
5015 1
5016 1
5020 1
5021 3
5022 1
5024 2
5027 1
5034 1
5040 1
5042 2
5044 1
5045 1
5046 1
5048 1
5051 2
5055 2
5057 1
5063 2
5065 1
5067 1
5071 3
5072 2
5073 1
5075 1
5080 1
5088 1
5090 1
5091 1
5092 1
5093 2
5097 1
5098 1
5101 1
5102 1
5103 1
5107 2
5109 1
5111 2
5116 1
5118 1
5121 1
5122 1
5124 1
5128 1
5131 2
5133 1
5134 1
5136 1
5140 1
5142 1
5144 1
5150 1
5154 2
5157 1
5159 1
5162 1
5164 1
5167 1
5173 2
5174 1
5176 1
5178 1
5183 2
5185 1
5193 1
5194 1
5195 1
5197 1
5198 1
5202 2
5205 2
5206 1
5207 1
5211 1
5213 1
5215 2
5220 2
5221 2
5222 1
5224 1
5229 1
5232 1
5236 1
5239 3
5240 1
5243 3
5244 1
5249 1
5251 1
5253 1
5255 2
5256 2
5257 1
5258 2
5259 2
5261 1
5262 1
5264 1
5266 1
5269 1
5271 2
5274 1
5286 1
5287 1
5290 1
5300 1
5301 1
5302 1
5303 1
5305 1
5306 1
5308 1
5310 3
5312 1
5324 1
5330 1
5331 1
5338 1
5340 1
5343 1
5345 1
5347 2
5350 2
5351 1
5354 1
5355 1
5357 2
5359 1
5360 1
5363 1
5367 1
5368 1
5371 1
5372 1
5376 1
5379 1
5387 2
5392 1
5394 1
5398 1
5399 2
5401 1
5402 1
5405 1
5410 1
5415 1
5420 3
5421 1
5423 1
5424 1
5425 1
5431 1
5432 1
5433 2
5439 1
5442 1
5443 1
5446 1
5453 1
5454 1
5457 1
5458 1
5459 1
5461 1
5463 1
5465 1
5466 1
5467 1
5469 1
5470 1
5473 1
5476 1
5479 1
5480 1
5483 1
5485 1
5490 2
5491 1
5498 1
5500 1
5501 2
5505 1
5506 1
5510 2
5514 1
5515 2
5521 1
5522 1
5525 2
5537 1
5538 1
5542 1
5545 1
5546 2
5548 1
5551 1
5560 1
5561 1
5562 1
5566 1
5568 1
5573 2
5576 1
5577 1
5579 1
5585 1
5588 1
5595 1
5597 2
5599 1
5600 1
5605 1
5606 2
5611 1
5613 2
5624 1
5626 1
5629 1
5631 1
5633 1
5634 1
5636 1
5637 1
5642 1
5646 1
5647 1
5648 1
5662 2
5663 1
5664 1
5665 1
5671 1
5673 1
5678 1
5680 1
5681 1
5689 1
5700 1
5702 1
5708 1
5709 1
5710 2
5717 1
5720 1
5721 1
5724 1
5725 1
5728 1
5732 2
5734 1
5735 1
5737 1
5740 1
5743 1
5745 2
5747 1
5748 1
5749 1
5751 1
5754 1
5760 1
5765 1
5766 2
5767 2
5771 1
5772 1
5777 1
5779 1
5781 1
5785 1
5786 1
5792 1
5798 1
5799 1
5802 1
5809 1
5810 1
5815 1
5816 2
5818 1
5822 1
5823 2
5824 1
5826 1
5827 1
5828 1
5830 1
5832 1
5837 1
5838 1
5845 1
5848 1
5852 1
5855 1
5858 1
5860 2
5861 1
5862 3
5863 1
5867 1
5869 1
5870 1
5874 1
5881 2
5887 1
5895 1
5899 1
5901 1
5903 1
5910 1
5913 2
5919 1
5921 1
5925 1
5934 1
5936 1
5941 2
5951 1
5952 2
5953 1
5955 1
5957 1
5962 1
5965 1
5966 1
5975 2
5981 2
5989 1
5991 1
5993 1
5995 1
5996 1
5999 1
6001 1
6005 1
6007 1
6011 1
6014 1
6016 2
6019 1
6020 1
6024 3
6026 1
6028 1
6029 1
6037 1
6046 1
6047 1
6052 1
6056 1
6072 1
6073 1
6075 1
6078 2
6080 1
6094 1
6096 1
6097 1
6099 1
6103 1
6106 1
6108 2
6109 1
6111 1
6112 1
6119 2
6126 1
6130 1
6136 1
6137 1
6140 1
6162 1
6169 1
6170 1
6172 1
6183 1
6186 1
6193 1
6206 1
6207 1
6214 2
6215 1
6228 1
6229 1
6236 1
6246 1
6258 1
6260 1
6267 1
6270 2
6276 1
6278 1
6281 1
6286 1
6288 1
6289 1
6290 1
6291 1
6293 1
6300 1
6306 1
6310 1
6311 1
6319 1
6320 1
6322 1
6325 1
6332 1
6333 1
6347 1
6348 1
6351 1
6352 1
6353 1
6356 1
6357 1
6366 1
6367 1
6371 1
6373 1
6374 1
6375 1
6377 1
6381 1
6382 1
6387 1
6388 2
6396 1
6397 1
6399 1
6405 1
6406 1
6407 1
6411 1
6416 2
6430 2
6431 1
6433 1
6435 1
6438 1
6440 1
6442 1
6445 1
6447 2
6450 1
6451 1
6457 1
6461 1
6486 1
6490 1
6493 1
6496 1
6500 1
6501 1
6508 1
6510 2
6516 1
6520 2
6523 1
6528 1
6529 1
6534 1
6546 1
6550 1
6554 1
6555 1
6556 2
6557 1
6562 1
6566 1
6569 1
6571 1
6579 1
6580 1
6582 1
6596 1
6628 1
6630 1
6632 1
6639 2
6640 1
6641 1
6642 1
6644 1
6650 2
6651 1
6652 1
6655 1
6659 1
6666 1
6668 1
6677 1
6679 1
6699 1
6700 1
6706 1
6707 1
6712 1
6715 1
6722 1
6724 1
6728 1
6729 1
6735 1
6739 1
6741 1
6749 1
6754 1
6760 1
6762 1
6763 1
6766 1
6776 1
6784 2
6788 1
6794 1
6801 1
6811 1
6812 1
6819 2
6824 1
6828 1
6832 1
6833 1
6834 1
6837 1
6840 1
6856 2
6863 1
6864 1
6867 1
6875 1
6876 1
6878 1
6883 1
6885 1
6894 1
6895 1
6896 1
6898 1
6902 2
6925 2
6931 1
6934 1
6938 1
6940 1
6943 2
6948 1
6952 1
6953 1
6956 1
6967 1
6970 1
6976 1
6984 1
6987 1
6988 1
6994 1
6999 1
7003 1
7005 1
7007 1
7016 1
7027 1
7036 1
7038 1
7040 1
7045 1
7046 1
7057 1
7058 1
7063 1
7064 1
7065 2
7072 1
7087 1
7088 1
7090 1
7098 1
7106 1
7116 2
7119 1
7123 1
7127 1
7133 1
7140 1
7142 1
7145 1
7146 1
7147 1
7149 1
7150 1
7154 1
7156 1
7182 1
7203 1
7206 1
7208 1
7213 1
7222 1
7231 1
7235 2
7237 1
7241 1
7266 1
7272 2
7276 1
7282 1
7285 2
7288 2
7291 2
7297 2
7304 1
7307 1
7310 1
7311 1
7315 1
7319 1
7349 1
7352 1
7357 1
7367 1
7382 1
7384 1
7398 3
7399 2
7403 1
7411 2
7414 1
7432 1
7450 1
7461 1
7467 1
7468 1
7474 1
7480 1
7481 1
7485 2
7486 1
7490 1
7495 1
7499 1
7519 1
7528 1
7549 1
7558 1
7565 1
7587 1
7590 1
7595 1
7597 1
7598 1
7600 1
7604 1
7618 2
7619 1
7631 1
7641 1
7660 1
7665 1
7675 1
7686 1
7690 1
7695 2
7697 1
7712 1
7716 1
7718 1
7746 1
7747 1
7750 1
7755 1
7757 1
7759 1
7763 1
7770 1
7786 2
7788 1
7806 1
7814 1
7832 1
7842 1
7871 1
7879 1
7883 1
7890 1
7896 1
7898 1
7899 1
7900 1
7906 1
7908 1
7909 1
7915 1
7921 1
7927 1
7936 1
7957 1
7969 1
7971 1
7974 1
7977 1
7978 1
7983 1
7991 1
7993 1
7998 1
8000 1
8008 1
8011 1
8035 1
8036 1
8039 1
8046 1
8047 1
8049 1
8059 1
8061 1
8071 1
8073 1
8083 1
8091 1
8113 1
8147 1
8148 1
8162 1
8168 1
8172 1
8177 1
8179 1
8196 1
8218 1
8220 1
8223 1
8236 1
8252 1
8263 1
8269 1
8282 1
8288 1
8292 1
8300 1
8316 1
8322 1
8352 1
8356 1
8377 1
8380 1
8409 1
8417 1
8447 1
8463 1
8464 1
8469 1
8482 1
8483 1
8492 2
8494 1
8511 2
8513 1
8520 1
8522 1
8529 1
8531 1
8536 1
8537 1
8562 1
8571 1
8590 1
8595 1
8598 1
8608 1
8610 1
8616 2
8628 1
8631 1
8632 1
8658 1
8676 2
8684 1
8687 2
8694 1
8697 1
8702 1
8713 1
8715 1
8716 1
8719 1
8727 1
8741 1
8744 1
8755 1
8756 1
8763 1
8768 1
8770 1
8774 1
8791 1
8801 1
8805 2
8808 1
8810 1
8813 1
8830 1
8834 1
8848 1
8852 1
8856 1
8877 1
8896 1
8899 1
8900 1
8901 1
8903 1
8915 1
8946 1
8967 1
8975 1
8984 1
8985 1
8990 1
8996 1
9009 1
9011 1
9013 1
9030 1
9036 1
9043 1
9051 1
9058 1
9063 1
9081 1
9083 1
9103 1
9106 1
9120 1
9122 1
9139 1
9158 1
9163 1
9173 1
9181 2
9185 1
9202 1
9205 1
9206 1
9207 1
9245 1
9246 1
9277 1
9290 1
9295 2
9297 1
9311 1
9339 1
9346 1
9360 1
9377 1
9398 1
9399 1
9413 1
9417 1
9429 1
9440 1
9474 1
9476 1
9494 1
9498 1
9506 1
9511 1
9517 1
9527 1
9541 1
9580 1
9594 1
9600 1
9607 1
9626 1
9633 1
9647 1
9651 1
9663 1
9673 1
9674 1
9709 1
9722 1
9728 1
9729 1
9782 1
9794 1
9806 1
9825 1
9830 1
9832 1
9834 1
9845 1
9846 1
9872 1
9877 1
9892 1
9901 1
9930 1
9937 1
9953 1
9954 1
9958 1
9963 1
9964 1
9966 1
9967 1
9972 1
9975 1
9979 1
9981 1
10008 1
10016 1
10031 1
10037 1
10048 1
10051 2
10081 1
10095 1
10111 1
10144 1
10148 1
10208 1
10248 1
10251 2
10254 1
10270 1
10276 1
10319 1
10321 1
10348 1
10357 1
10363 1
10380 1
10396 1
10420 1
10435 1
10447 1
10455 1
10467 1
10468 1
10484 1
10509 1
10555 1
10596 1
10598 1
10604 1
10663 1
10678 1
10687 1
10696 1
10701 1
10704 1
10729 1
10839 1
10846 1
10862 1
10863 1
10867 1
10883 1
10884 1
10887 1
10926 1
10950 1
10999 1
11001 2
11055 1
11068 1
11073 1
11084 1
11086 1
11149 1
11194 1
11224 1
11225 1
11228 1
11247 1
11248 1
11250 1
11251 1
11256 1
11260 1
11268 1
11295 1
11317 1
11371 1
11394 1
11419 1
11430 1
11439 1
11440 1
11445 1
11450 1
11497 1
11498 1
11561 1
11580 1
11584 1
11588 1
11645 1
11666 1
11707 1
11712 1
11742 1
11809 1
11818 1
11845 1
11859 1
11877 1
11895 1
11923 1
12003 1
12012 1
12018 1
12024 1
12042 1
12106 1
12124 1
12159 1
12183 1
12227 1
12228 1
12257 1
12260 1
12330 1
12334 1
12337 1
12364 1
12367 1
12374 1
12417 1
12634 1
12707 2
12745 1
12772 1
12801 1
12834 1
12841 1
12862 1
12883 1
12901 1
12951 1
12992 1
12993 1
13081 1
13137 1
13260 1
13288 1
13303 1
13358 1
13365 1
13388 1
13487 1
13492 1
13542 1
13584 1
13609 1
13628 1
13726 1
13733 1
13766 1
13962 1
13972 1
14009 1
14077 1
14114 1
14219 1
14244 1
14273 1
14277 1
14282 1
14319 1
14388 1
14464 1
14492 1
14524 1
14546 1
14566 1
14593 1
14606 1
14629 1
14709 1
14776 1
14833 1
14836 1
15008 1
15135 1
15143 1
15152 1
15176 1
15204 1
15223 1
15259 1
15268 1
15285 1
15291 1
15322 1
15362 1
15420 1
15502 1
15560 1
15615 1
15739 1
15764 1
15883 1
16025 1
16050 1
16194 1
16205 1
16672 1
16748 1
17003 1
17059 1
17093 1
17350 1
17414 1
17434 1
17439 1
17506 1
17529 1
17616 1
17627 1
17654 1
17687 1
17766 1
17792 1
17838 1
17976 1
18060 1
18120 1
18203 1
18221 1
18631 1
18726 2
18734 1
18829 1
18835 1
19015 1
19477 1
19891 1
19980 1
20126 1
20128 1
20253 1
20544 1
20608 1
20687 1
20734 1
21126 1
21213 1
21263 1
21418 1
21433 1
21556 1
21636 1
21798 1
21808 1
21885 1
22299 1
22683 1
22688 1
22730 1
22767 1
22888 1
23566 1
23617 1
24166 1
24469 1
24719 1
25304 1
25493 1
25715 1
25883 1
26573 1
26888 1
27365 1
27425 1
27438 1
28057 1
28137 1
28575 1
28964 1
30010 1
30326 1
30473 1
31777 1
32047 1
32471 1
33301 1
34195 1
35899 1
36707 1
37895 1
44457 1
