-462 1
-461 1
-460 4
-459 1
-458 9
-457 19
-456 22
-455 35
-454 33
-453 42
-452 48
-451 50
-450 41
-449 43
-448 39
-447 38
-446 53
-445 50
-444 45
-443 46
-442 62
-441 54
-440 52
-439 67
-438 58
-437 60
-436 57
-435 54
-434 49
-433 56
-432 49
-431 44
-430 42
-429 50
-428 51
-427 48
-426 61
-425 58
-424 40
-423 54
-422 63
-421 47
-420 59
-419 47
-418 59
-417 43
-416 45
-415 48
-414 48
-413 60
-412 50
-411 53
-410 61
-409 66
-408 61
-407 85
-406 93
-405 103
-404 113
-403 127
-402 171
-401 142
-400 185
-399 177
-398 179
-397 223
-396 194
-395 190
-394 233
-393 208
-392 227
-391 207
-390 217
-389 210
-388 217
-387 227
-386 219
-385 220
-384 248
-383 245
-382 244
-381 252
-380 232
-379 230
-378 229
-377 206
-376 205
-375 238
-374 195
-373 212
-372 221
-371 218
-370 196
-369 195
-368 209
-367 215
-366 207
-365 195
-364 202
-363 158
-362 212
-361 205
-360 222
-359 223
-358 224
-357 202
-356 205
-355 207
-354 192
-353 231
-352 191
-351 235
-350 211
-349 237
-348 252
-347 267
-346 272
-345 302
-344 280
-343 338
-342 300
-341 319
-340 296
-339 318
-338 316
-337 353
-336 356
-335 427
-334 409
-333 418
-332 436
-331 441
-330 498
-329 448
-328 497
-327 497
-326 507
-325 518
-324 589
-323 503
-322 531
-321 557
-320 535
-319 529
-318 622
-317 583
-316 611
-315 625
-314 621
-313 585
-312 587
-311 649
-310 591
-309 633
-308 660
-307 581
-306 606
-305 606
-304 621
-303 659
-302 633
-301 604
-300 658
-299 654
-298 659
-297 688
-296 693
-295 670
-294 699
-293 773
-292 783
-291 766
-290 766
-289 821
-288 886
-287 856
-286 894
-285 903
-284 899
-283 901
-282 937
-281 948
-280 908
-279 911
-278 1010
-277 958
-276 940
-275 1018
-274 1031
-273 1041
-272 1115
-271 1118
-270 1077
-269 1116
-268 1096
-267 1225
-266 1238
-265 1175
-264 1230
-263 1328
-262 1263
-261 1301
-260 1440
-259 1495
-258 1498
-257 1570
-256 1585
-255 1655
-254 1696
-253 1690
-252 1727
-251 1763
-250 1816
-249 1821
-248 1787
-247 1828
-246 1843
-245 1897
-244 1849
-243 1862
-242 1917
-241 1954
-240 1962
-239 2003
-238 2055
-237 1968
-236 2083
-235 2055
-234 2023
-233 2022
-232 2080
-231 2106
-230 2070
-229 2118
-228 2119
-227 2182
-226 2182
-225 2167
-224 2292
-223 2195
-222 2243
-221 2195
-220 2296
-219 2294
-218 2383
-217 2243
-216 2375
-215 2350
-214 2389
-213 2443
-212 2468
-211 2428
-210 2542
-209 2495
-208 2507
-207 2518
-206 2598
-205 2652
-204 2656
-203 2536
-202 2626
-201 2629
-200 2636
-199 2620
-198 2716
-197 2784
-196 2738
-195 2731
-194 2803
-193 2827
-192 2892
-191 2858
-190 2991
-189 3006
-188 3043
-187 3040
-186 3094
-185 3039
-184 3029
-183 3108
-182 3003
-181 3079
-180 3095
-179 3087
-178 3113
-177 3215
-176 3101
-175 3168
-174 3274
-173 3286
-172 3298
-171 3350
-170 3324
-169 3309
-168 3363
-167 3424
-166 3460
-165 3472
-164 3441
-163 3471
-162 3560
-161 3453
-160 3572
-159 3595
-158 3613
-157 3609
-156 3584
-155 3753
-154 3733
-153 3755
-152 3646
-151 3697
-150 3651
-149 3696
-148 3776
-147 3833
-146 3861
-145 3806
-144 3929
-143 3867
-142 4002
-141 3825
-140 3959
-139 4168
-138 3903
-137 4095
-136 4178
-135 4056
-134 4064
-133 4127
-132 4081
-131 4254
-130 4158
-129 4139
-128 4092
-127 4070
-126 4187
-125 4106
-124 4205
-123 4250
-122 4288
-121 4173
-120 4219
-119 4212
-118 4260
-117 4280
-116 4304
-115 4236
-114 4307
-113 4419
-112 4418
-111 4608
-110 4463
-109 4589
-108 4478
-107 4553
-106 4495
-105 4422
-104 4573
-103 4630
-102 4531
-101 4548
-100 4636
-99 4475
-98 4706
-97 4638
-96 4678
-95 4667
-94 4655
-93 4676
-92 4693
-91 4746
-90 4699
-89 4815
-88 4701
-87 4827
-86 4718
-85 4743
-84 4880
-83 4922
-82 4892
-81 4873
-80 4922
-79 4891
-78 4972
-77 4971
-76 4924
-75 4939
-74 4875
-73 5070
-72 4893
-71 5052
-70 5078
-69 4886
-68 5065
-67 4873
-66 5098
-65 5109
-64 5103
-63 4992
-62 5082
-61 5012
-60 5209
-59 5065
-58 5195
-57 5161
-56 5124
-55 5215
-54 5004
-53 5087
-52 5164
-51 5277
-50 5224
-49 5241
-48 5365
-47 5177
-46 5308
-45 5359
-44 5513
-43 5363
-42 5395
-41 5379
-40 5420
-39 5443
-38 5350
-37 5424
-36 5536
-35 5518
-34 5588
-33 5591
-32 5622
-31 5596
-30 5511
-29 5595
-28 5609
-27 5602
-26 5703
-25 5556
-24 5648
-23 5706
-22 5590
-21 5688
-20 5564
-19 5563
-18 5637
-17 5741
-16 5739
-15 5773
-14 5747
-13 5799
-12 5757
-11 5772
-10 5603
-9 5886
-8 5879
-7 5919
-6 5749
-5 6026
-4 6010
-3 5835
-2 6013
-1 6012
0 5856
1 6085
2 5988
3 5961
4 6013
5 5969
6 5885
7 6027
8 5944
9 6067
10 5851
11 6125
12 6000
13 6007
14 6050
15 6173
16 6002
17 6044
18 5973
19 6048
20 6174
21 6053
22 6070
23 5945
24 6119
25 6057
26 6001
27 6019
28 6060
29 5975
30 6006
31 5867
32 6072
33 6154
34 6042
35 6043
36 5938
37 6020
38 5914
39 6065
40 6099
41 6072
42 5992
43 6173
44 6018
45 6223
46 6137
47 6241
48 6170
49 6317
50 6388
51 6273
52 6223
53 6249
54 6220
55 6239
56 6232
57 6107
58 6390
59 6258
60 6258
61 6366
62 6225
63 6292
64 6407
65 6338
66 6279
67 6252
68 6196
69 6265
70 6464
71 6180
72 6494
73 6215
74 6322
75 6317
76 6257
77 6315
78 6311
79 6110
80 6099
81 6237
82 6233
83 6206
84 6204
85 6297
86 6133
87 6289
88 6230
89 6404
90 6225
91 6400
92 6539
93 6361
94 6546
95 6478
96 6430
97 6467
98 6376
99 6308
100 6332
101 6355
102 6480
103 6378
104 6322
105 6329
106 6431
107 6430
108 6415
109 6447
110 6617
111 6604
112 6510
113 6371
114 6585
115 6482
116 6602
117 6554
118 6587
119 6606
120 6592
121 6405
122 6469
123 6485
124 6586
125 6400
126 6426
127 6604
128 6622
129 6653
130 6621
131 6585
132 6707
133 6629
134 6587
135 6737
136 6617
137 6620
138 6673
139 6597
140 6564
141 6725
142 6452
143 6624
144 6474
145 6625
146 6525
147 6708
148 6523
149 6675
150 6375
151 6524
152 6390
153 6454
154 6603
155 6470
156 6509
157 6450
158 6522
159 6322
160 6377
161 6514
162 6317
163 6448
164 6375
165 6457
166 6248
167 6350
168 6310
169 6255
170 6270
171 6205
172 6152
173 6207
174 6244
175 6334
176 6396
177 6261
178 6153
179 6312
180 6188
181 6118
182 6149
183 6129
184 6159
185 6142
186 6034
187 6090
188 6083
189 6078
190 6101
191 6063
192 6008
193 6062
194 5976
195 6103
196 5893
197 5888
198 5934
199 5915
200 5875
201 5965
202 5965
203 6143
204 5898
205 5845
206 6070
207 5976
208 5884
209 5893
210 5944
211 5926
212 5817
213 5809
214 5634
215 5884
216 5711
217 5744
218 5593
219 5632
220 5699
221 5618
222 5602
223 5650
224 5759
225 5470
226 5611
227 5542
228 5429
229 5589
230 5525
231 5625
232 5746
233 5535
234 5451
235 5637
236 5532
237 5421
238 5477
239 5642
240 5516
241 5437
242 5544
243 5375
244 5461
245 5416
246 5536
247 5360
248 5416
249 5420
250 5236
251 5350
252 5402
253 5395
254 5461
255 5304
256 5330
257 5292
258 5234
259 5267
260 5345
261 5224
262 5327
263 5227
264 5295
265 5253
266 5272
267 5242
268 5176
269 5128
270 5041
271 5095
272 5171
273 5137
274 5092
275 5123
276 5034
277 5102
278 5017
279 4905
280 4920
281 5088
282 4942
283 4889
284 4903
285 4949
286 4825
287 4831
288 4814
289 4772
290 4786
291 4754
292 4742
293 4736
294 4676
295 4731
296 4599
297 4676
298 4712
299 4617
300 4588
301 4581
302 4576
303 4612
304 4549
305 4580
306 4619
307 4467
308 4502
309 4330
310 4376
311 4444
312 4447
313 4467
314 4357
315 4311
316 4376
317 4341
318 4308
319 4280
320 4412
321 4039
322 4377
323 4305
324 4327
325 4199
326 4127
327 4186
328 4168
329 4086
330 4119
331 4255
332 4115
333 4130
334 4133
335 4131
336 4246
337 4185
338 4111
339 4067
340 3938
341 4005
342 4058
343 4033
344 4040
345 3893
346 3895
347 3899
348 4073
349 3996
350 3892
351 3921
352 3933
353 3913
354 3920
355 3795
356 3818
357 3848
358 3786
359 3845
360 3802
361 3813
362 3813
363 3798
364 3776
365 3798
366 3810
367 3657
368 3556
369 3672
370 3671
371 3614
372 3776
373 3496
374 3477
375 3667
376 3604
377 3532
378 3465
379 3560
380 3450
381 3530
382 3412
383 3401
384 3363
385 3423
386 3389
387 3436
388 3433
389 3398
390 3314
391 3364
392 3346
393 3191
394 3297
395 3346
396 3267
397 3237
398 3142
399 3119
400 3143
401 3165
402 3097
403 3149
404 3059
405 3075
406 3031
407 2868
408 2973
409 2928
410 2945
411 2806
412 2960
413 2925
414 2833
415 2859
416 2843
417 2878
418 2736
419 2726
420 2752
421 2708
422 2729
423 2681
424 2731
425 2643
426 2587
427 2659
428 2555
429 2646
430 2528
431 2599
432 2558
433 2523
434 2566
435 2516
436 2526
437 2431
438 2463
439 2501
440 2390
441 2447
442 2329
443 2347
444 2253
445 2373
446 2359
447 2440
448 2223
449 2324
450 2293
451 2206
452 2230
453 2299
454 2227
455 2266
456 2316
457 2211
458 2248
459 2218
460 2244
461 2153
462 2167
463 2211
464 2098
465 2146
466 2153
467 2098
468 2168
469 2049
470 2011
471 2051
472 2069
473 2109
474 2053
475 2040
476 1972
477 2034
478 2029
479 2005
480 2014
481 1869
482 1867
483 1980
484 1832
485 1923
486 1871
487 1873
488 1872
489 1839
490 1877
491 1861
492 1781
493 1767
494 1735
495 1726
496 1651
497 1791
498 1758
499 1622
500 1691
501 1661
502 1665
503 1681
504 1728
505 1552
506 1586
507 1614
508 1584
509 1561
510 1557
511 1555
512 1558
513 1534
514 1502
515 1538
516 1443
517 1496
518 1424
519 1464
520 1463
521 1470
522 1468
523 1397
524 1345
525 1379
526 1311
527 1333
528 1392
529 1337
530 1339
531 1322
532 1283
533 1309
534 1269
535 1245
536 1293
537 1318
538 1289
539 1252
540 1267
541 1237
542 1194
543 1144
544 1232
545 1163
546 1200
547 1177
548 1194
549 1185
550 1175
551 1198
552 1190
553 1159
554 1167
555 1162
556 1056
557 1124
558 1079
559 1066
560 1057
561 1115
562 1077
563 1084
564 1043
565 1011
566 1082
567 1007
568 1006
569 949
570 1022
571 960
572 1008
573 976
574 996
575 953
576 997
577 930
578 930
579 884
580 917
581 950
582 943
583 945
584 877
585 869
586 864
587 893
588 858
589 877
590 895
591 890
592 866
593 874
594 841
595 807
596 810
597 816
598 832
599 863
600 794
601 809
602 810
603 787
604 789
605 861
606 785
607 800
608 768
609 739
610 753
611 726
612 712
613 728
614 730
615 719
616 724
617 720
618 704
619 711
620 706
621 688
622 702
623 685
624 693
625 779
626 713
627 716
628 721
629 750
630 716
631 723
632 741
633 736
634 762
635 729
636 812
637 796
638 750
639 746
640 722
641 678
642 729
643 703
644 731
645 710
646 679
647 673
648 692
649 655
650 679
651 694
652 657
653 667
654 688
655 668
656 659
657 666
658 664
659 697
660 665
661 678
662 688
663 686
664 657
665 686
666 708
667 613
668 687
669 655
670 681
671 696
672 667
673 647
674 616
675 619
676 622
677 652
678 706
679 650
680 603
681 634
682 609
683 579
684 574
685 617
686 613
687 605
688 627
689 649
690 635
691 571
692 602
693 589
694 627
695 597
696 615
697 629
698 607
699 585
700 617
701 610
702 622
703 608
704 611
705 654
706 610
707 580
708 618
709 632
710 616
711 633
712 630
713 620
714 592
715 627
716 629
717 633
718 603
719 673
720 628
721 647
722 622
723 665
724 675
725 627
726 657
727 665
728 627
729 669
730 614
731 645
732 652
733 670
734 668
735 656
736 654
737 640
738 685
739 626
740 679
741 602
742 685
743 586
744 682
745 636
746 649
747 654
748 632
749 681
750 629
751 692
752 647
753 665
754 697
755 692
756 674
757 636
758 698
759 643
760 695
761 684
762 654
763 678
764 699
765 731
766 653
767 723
768 706
769 674
770 741
771 717
772 740
773 708
774 755
775 771
776 744
777 745
778 768
779 714
780 730
781 725
782 713
783 773
784 696
785 710
786 681
787 687
788 740
789 748
790 736
791 780
792 773
793 781
794 728
795 776
796 735
797 763
798 746
799 736
800 717
801 765
802 731
803 733
804 758
805 728
806 759
807 782
808 806
809 811
810 768
811 749
812 758
813 793
814 789
815 740
816 739
817 782
818 838
819 762
820 832
821 767
822 738
823 834
824 791
825 760
826 728
827 722
828 757
829 740
830 706
831 728
832 809
833 733
834 787
835 753
836 740
837 780
838 761
839 752
840 759
841 745
842 791
843 724
844 770
845 760
846 741
847 753
848 744
849 760
850 722
851 741
852 741
853 783
854 713
855 764
856 745
857 676
858 720
859 687
860 715
861 711
862 748
863 738
864 699
865 692
866 705
867 720
868 749
869 696
870 692
871 722
872 766
873 720
874 732
875 675
876 711
877 730
878 768
879 681
880 673
881 698
882 691
883 654
884 689
885 667
886 654
887 686
888 699
889 713
890 687
891 707
892 649
893 691
894 694
895 662
896 675
897 683
898 686
899 655
900 657
901 687
902 675
903 702
904 642
905 707
906 650
907 631
908 691
909 655
910 678
911 666
912 648
913 682
914 617
915 655
916 648
917 643
918 614
919 617
920 634
921 637
922 605
923 553
924 634
925 555
926 613
927 617
928 615
929 614
930 632
931 606
932 582
933 614
934 603
935 605
936 602
937 593
938 608
939 605
940 596
941 600
942 626
943 628
944 572
945 567
946 588
947 545
948 601
949 566
950 594
951 555
952 566
953 571
954 561
955 547
956 535
957 551
958 522
959 554
960 506
961 583
962 540
963 553
964 509
965 563
966 594
967 552
968 551
969 488
970 518
971 523
972 530
973 484
974 517
975 456
976 525
977 538
978 548
979 475
980 524
981 531
982 577
983 490
984 506
985 493
986 533
987 500
988 466
989 479
990 488
991 513
992 533
993 509
994 498
995 473
996 512
997 465
998 429
999 442
1000 480
1001 442
1002 505
1003 486
1004 448
1005 446
1006 457
1007 445
1008 457
1009 477
1010 433
1011 431
1012 463
1013 466
1014 433
1015 442
1016 456
1017 427
1018 482
1019 437
1020 458
1021 472
1022 407
1023 451
1024 408
1025 458
1026 421
1027 423
1028 427
1029 439
1030 401
1031 403
1032 424
1033 405
1034 437
1035 447
1036 415
1037 400
1038 439
1039 373
1040 418
1041 391
1042 398
1043 393
1044 383
1045 372
1046 408
1047 376
1048 427
1049 369
1050 380
1051 383
1052 393
1053 410
1054 377
1055 369
1056 368
1057 385
1058 364
1059 347
1060 379
1061 358
1062 393
1063 352
1064 367
1065 373
1066 396
1067 397
1068 415
1069 359
1070 330
1071 375
1072 389
1073 360
1074 380
1075 378
1076 397
1077 353
1078 347
1079 342
1080 373
1081 361
1082 362
1083 356
1084 330
1085 331
1086 331
1087 341
1088 333
1089 322
1090 340
1091 319
1092 328
1093 338
1094 317
1095 312
1096 301
1097 319
1098 297
1099 318
1100 349
1101 356
1102 348
1103 274
1104 321
1105 297
1106 338
1107 293
1108 308
1109 282
1110 302
1111 312
1112 295
1113 313
1114 330
1115 276
1116 282
1117 288
1118 265
1119 300
1120 317
1121 289
1122 302
1123 288
1124 283
1125 282
1126 270
1127 304
1128 309
1129 278
1130 323
1131 307
1132 312
1133 305
1134 268
1135 264
1136 318
1137 280
1138 285
1139 289
1140 270
1141 294
1142 267
1143 269
1144 271
1145 256
1146 269
1147 283
1148 236
1149 264
1150 244
1151 269
1152 267
1153 253
1154 252
1155 271
1156 266
1157 272
1158 253
1159 270
1160 266
1161 225
1162 258
1163 274
1164 240
1165 236
1166 245
1167 215
1168 244
1169 237
1170 237
1171 251
1172 239
1173 252
1174 216
1175 228
1176 255
1177 231
1178 279
1179 234
1180 226
1181 197
1182 251
1183 226
1184 218
1185 236
1186 219
1187 259
1188 221
1189 210
1190 200
1191 226
1192 211
1193 223
1194 213
1195 199
1196 191
1197 229
1198 223
1199 243
1200 200
1201 217
1202 185
1203 222
1204 190
1205 206
1206 198
1207 188
1208 197
1209 198
1210 189
1211 196
1212 200
1213 184
1214 194
1215 192
1216 179
1217 173
1218 177
1219 193
1220 194
1221 183
1222 172
1223 169
1224 165
1225 193
1226 197
1227 182
1228 164
1229 202
1230 157
1231 160
1232 162
1233 174
1234 161
1235 192
1236 185
1237 173
1238 181
1239 170
1240 175
1241 147
1242 168
1243 157
1244 155
1245 144
1246 150
1247 146
1248 156
1249 159
1250 145
1251 146
1252 168
1253 164
1254 156
1255 151
1256 147
1257 144
1258 145
1259 160
1260 158
1261 148
1262 131
1263 124
1264 154
1265 130
1266 128
1267 148
1268 132
1269 144
1270 134
1271 147
1272 118
1273 153
1274 136
1275 136
1276 132
1277 134
1278 135
1279 139
1280 119
1281 113
1282 113
1283 110
1284 122
1285 131
1286 114
1287 109
1288 131
1289 103
1290 130
1291 127
1292 132
1293 117
1294 127
1295 127
1296 118
1297 113
1298 94
1299 132
1300 119
1301 109
1302 117
1303 123
1304 115
1305 100
1306 101
1307 112
1308 108
1309 103
1310 96
1311 96
1312 111
1313 106
1314 88
1315 107
1316 91
1317 107
1318 90
1319 100
1320 92
1321 99
1322 105
1323 101
1324 98
1325 106
1326 102
1327 91
1328 92
1329 98
1330 87
1331 109
1332 84
1333 77
1334 92
1335 83
1336 97
1337 93
1338 111
1339 80
1340 79
1341 74
1342 91
1343 78
1344 91
1345 81
1346 81
1347 78
1348 80
1349 85
1350 73
1351 90
1352 73
1353 85
1354 81
1355 59
1356 91
1357 86
1358 70
1359 77
1360 84
1361 72
1362 72
1363 71
1364 78
1365 63
1366 65
1367 69
1368 80
1369 83
1370 72
1371 68
1372 65
1373 81
1374 85
1375 78
1376 69
1377 52
1378 72
1379 47
1380 46
1381 70
1382 54
1383 65
1384 65
1385 72
1386 61
1387 62
1388 71
1389 62
1390 54
1391 63
1392 65
1393 62
1394 46
1395 49
1396 53
1397 56
1398 47
1399 73
1400 54
1401 45
1402 48
1403 49
1404 58
1405 53
1406 63
1407 53
1408 55
1409 46
1410 55
1411 57
1412 56
1413 49
1414 41
1415 51
1416 46
1417 53
1418 56
1419 44
1420 39
1421 45
1422 58
1423 51
1424 49
1425 52
1426 49
1427 56
1428 45
1429 42
1430 41
1431 46
1432 47
1433 42
1434 45
1435 56
1436 42
1437 50
1438 43
1439 47
1440 36
1441 38
1442 34
1443 41
1444 49
1445 38
1446 47
1447 52
1448 36
1449 43
1450 38
1451 39
1452 29
1453 40
1454 30
1455 33
1456 41
1457 36
1458 30
1459 34
1460 38
1461 31
1462 35
1463 36
1464 35
1465 37
1466 30
1467 34
1468 36
1469 27
1470 41
1471 29
1472 30
1473 34
1474 31
1475 30
1476 30
1477 39
1478 32
1479 27
1480 37
1481 31
1482 39
1483 37
1484 27
1485 31
1486 27
1487 36
1488 17
1489 26
1490 21
1491 16
1492 38
1493 23
1494 32
1495 21
1496 33
1497 19
1498 26
1499 30
1500 34
1501 27
1502 22
1503 28
1504 30
1505 18
1506 22
1507 19
1508 23
1509 23
1510 24
1511 26
1512 20
1513 22
1514 25
1515 19
1516 19
1517 25
1518 28
1519 23
1520 17
1521 23
1522 25
1523 23
1524 16
1525 20
1526 20
1527 23
1528 23
1529 14
1530 19
1531 26
1532 21
1533 28
1534 15
1535 22
1536 16
1537 23
1538 14
1539 17
1540 17
1541 20
1542 21
1543 19
1544 16
1545 28
1546 18
1547 22
1548 14
1549 13
1550 26
1551 12
1552 25
1553 18
1554 12
1555 10
1556 16
1557 7
1558 18
1559 12
1560 12
1561 9
1562 13
1563 11
1564 12
1565 12
1566 16
1567 11
1568 13
1569 14
1570 21
1571 9
1572 15
1573 8
1574 13
1575 9
1576 10
1577 11
1578 11
1579 9
1580 13
1581 20
1582 14
1583 12
1584 16
1585 12
1586 11
1587 11
1588 19
1589 8
1590 10
1591 14
1592 8
1593 10
1594 11
1595 16
1596 8
1597 10
1598 15
1599 8
1600 11
1601 15
1602 10
1603 14
1604 13
1605 10
1606 6
1607 12
1608 13
1609 13
1610 9
1611 5
1612 12
1613 12
1614 7
1615 9
1616 7
1617 11
1618 7
1619 4
1620 13
1621 11
1622 12
1623 10
1624 8
1625 3
1626 7
1627 4
1628 8
1629 14
1630 6
1631 8
1632 7
1633 9
1634 6
1635 7
1636 7
1637 8
1638 8
1639 9
1640 5
1641 3
1642 11
1643 10
1644 4
1645 8
1646 7
1647 8
1648 8
1649 6
1650 11
1651 4
1652 5
1653 10
1654 8
1655 7
1656 4
1657 6
1658 9
1659 6
1660 4
1661 4
1662 6
1663 5
1664 3
1665 6
1666 8
1667 3
1668 7
1669 4
1670 5
1671 4
1672 9
1673 4
1674 2
1675 8
1676 6
1677 7
1678 2
1679 7
1680 7
1681 4
1682 7
1683 1
1684 5
1686 1
1687 5
1688 4
1689 7
1690 4
1691 3
1692 4
1693 3
1694 1
1695 4
1696 7
1697 10
1698 6
1699 2
1700 5
1701 4
1702 2
1703 5
1704 1
1705 2
1706 7
1707 2
1708 1
1709 1
1710 4
1711 2
1712 5
1713 4
1714 1
1715 4
1716 2
1717 3
1718 5
1719 5
1720 2
1721 3
1722 6
1723 3
1724 3
1725 3
1726 3
1727 1
1728 2
1729 5
1730 3
1731 4
1733 2
1734 2
1735 2
1736 2
1737 1
1738 3
1739 1
1740 4
1741 4
1742 4
1743 4
1744 1
1745 3
1746 1
1747 3
1748 1
1751 3
1753 5
1755 4
1756 4
1757 1
1760 2
1762 6
1763 3
1764 1
1765 2
1766 1
1767 1
1769 1
1770 1
1771 2
1772 1
1773 1
1774 1
1775 1
1777 1
1780 1
1781 1
1785 1
1787 2
1789 1
1790 1
1791 1
1793 1
1794 3
1798 2
1799 2
1800 1
1801 1
1802 1
1803 3
1807 1
1808 2
1809 2
1810 2
1811 1
1812 1
1814 2
1815 2
1817 1
1819 2
1820 1
1822 1
1826 1
1827 1
1828 1
1829 1
1832 1
1834 2
1837 1
1845 1
1851 1
1852 1
1854 1
1857 2
1859 1
1861 1
1863 1
1866 2
1870 1
1880 1
1883 2
1896 1
1916 2
1922 1
1932 1
1945 1
1954 1
1963 1
1994 1
2012 1
