-957 1
-956 3
-955 3
-954 5
-953 9
-952 9
-951 17
-950 12
-949 25
-948 30
-947 43
-946 40
-945 43
-944 60
-943 59
-942 61
-941 74
-940 77
-939 77
-938 67
-937 78
-936 76
-935 81
-934 88
-933 85
-932 78
-931 71
-930 68
-929 66
-928 80
-927 61
-926 73
-925 71
-924 98
-923 83
-922 79
-921 87
-920 74
-919 94
-918 74
-917 78
-916 79
-915 77
-914 80
-913 61
-912 92
-911 66
-910 67
-909 64
-908 93
-907 66
-906 67
-905 69
-904 92
-903 82
-902 82
-901 84
-900 81
-899 83
-898 86
-897 68
-896 72
-895 69
-894 56
-893 71
-892 62
-891 78
-890 77
-889 79
-888 83
-887 73
-886 95
-885 93
-884 102
-883 88
-882 103
-881 119
-880 124
-879 128
-878 145
-877 161
-876 161
-875 104
-874 123
-873 150
-872 148
-871 141
-870 158
-869 168
-868 156
-867 160
-866 160
-865 154
-864 149
-863 147
-862 149
-861 167
-860 152
-859 163
-858 152
-857 171
-856 134
-855 165
-854 126
-853 129
-852 176
-851 137
-850 163
-849 143
-848 158
-847 168
-846 152
-845 171
-844 159
-843 156
-842 173
-841 166
-840 172
-839 155
-838 154
-837 138
-836 168
-835 158
-834 146
-833 177
-832 120
-831 156
-830 156
-829 133
-828 156
-827 146
-826 147
-825 172
-824 139
-823 172
-822 157
-821 176
-820 175
-819 175
-818 209
-817 186
-816 218
-815 204
-814 217
-813 214
-812 219
-811 205
-810 199
-809 199
-808 207
-807 189
-806 201
-805 201
-804 202
-803 188
-802 191
-801 173
-800 197
-799 194
-798 180
-797 218
-796 231
-795 238
-794 220
-793 223
-792 222
-791 242
-790 250
-789 215
-788 249
-787 261
-786 292
-785 301
-784 288
-783 296
-782 328
-781 329
-780 366
-779 320
-778 375
-777 352
-776 402
-775 348
-774 364
-773 364
-772 355
-771 368
-770 373
-769 427
-768 427
-767 399
-766 404
-765 423
-764 422
-763 424
-762 453
-761 414
-760 504
-759 502
-758 512
-757 484
-756 473
-755 506
-754 495
-753 501
-752 529
-751 505
-750 511
-749 521
-748 595
-747 556
-746 565
-745 575
-744 580
-743 578
-742 568
-741 621
-740 644
-739 613
-738 639
-737 632
-736 593
-735 672
-734 640
-733 637
-732 694
-731 658
-730 664
-729 645
-728 626
-727 645
-726 674
-725 655
-724 702
-723 661
-722 650
-721 685
-720 662
-719 687
-718 717
-717 637
-716 657
-715 700
-714 705
-713 660
-712 711
-711 713
-710 690
-709 697
-708 766
-707 734
-706 683
-705 734
-704 759
-703 783
-702 740
-701 747
-700 806
-699 799
-698 805
-697 842
-696 811
-695 828
-694 857
-693 925
-692 863
-691 831
-690 860
-689 854
-688 845
-687 901
-686 910
-685 902
-684 887
-683 946
-682 913
-681 905
-680 964
-679 987
-678 949
-677 966
-676 972
-675 1002
-674 1027
-673 979
-672 929
-671 1068
-670 1003
-669 1004
-668 1086
-667 1076
-666 1067
-665 1036
-664 1060
-663 1041
-662 1114
-661 1149
-660 1136
-659 1189
-658 1134
-657 1143
-656 1169
-655 1194
-654 1200
-653 1266
-652 1302
-651 1263
-650 1313
-649 1319
-648 1368
-647 1376
-646 1430
-645 1406
-644 1396
-643 1374
-642 1469
-641 1435
-640 1445
-639 1457
-638 1460
-637 1486
-636 1495
-635 1513
-634 1447
-633 1453
-632 1550
-631 1507
-630 1527
-629 1523
-628 1521
-627 1490
-626 1546
-625 1506
-624 1528
-623 1629
-622 1599
-621 1570
-620 1669
-619 1625
-618 1638
-617 1673
-616 1710
-615 1665
-614 1688
-613 1631
-612 1654
-611 1642
-610 1733
-609 1721
-608 1741
-607 1656
-606 1796
-605 1783
-604 1728
-603 1713
-602 1645
-601 1737
-600 1645
-599 1685
-598 1698
-597 1711
-596 1700
-595 1683
-594 1740
-593 1713
-592 1768
-591 1686
-590 1845
-589 1783
-588 1802
-587 1750
-586 1757
-585 1671
-584 1789
-583 1756
-582 1826
-581 1846
-580 1797
-579 1849
-578 1879
-577 1802
-576 1912
-575 1965
-574 1839
-573 1919
-572 1986
-571 1926
-570 1927
-569 1967
-568 1962
-567 2029
-566 1955
-565 1973
-564 1987
-563 1942
-562 2153
-561 2051
-560 2052
-559 2081
-558 2172
-557 2099
-556 2095
-555 2139
-554 2085
-553 2140
-552 2226
-551 2135
-550 2239
-549 2201
-548 2156
-547 2196
-546 2160
-545 2294
-544 2134
-543 2191
-542 2255
-541 2194
-540 2225
-539 2340
-538 2179
-537 2347
-536 2333
-535 2341
-534 2405
-533 2333
-532 2406
-531 2341
-530 2378
-529 2420
-528 2513
-527 2481
-526 2424
-525 2456
-524 2461
-523 2499
-522 2419
-521 2506
-520 2546
-519 2567
-518 2536
-517 2736
-516 2641
-515 2586
-514 2824
-513 2666
-512 2686
-511 2647
-510 2763
-509 2647
-508 2765
-507 2727
-506 2856
-505 2852
-504 2823
-503 2876
-502 2838
-501 2834
-500 2879
-499 2871
-498 2942
-497 3050
-496 2939
-495 2984
-494 2968
-493 2934
-492 3076
-491 2933
-490 3033
-489 3039
-488 2980
-487 3022
-486 3154
-485 3070
-484 2996
-483 3154
-482 3174
-481 3150
-480 3250
-479 3453
-478 3382
-477 3421
-476 3469
-475 3562
-474 3613
-473 3618
-472 3729
-471 3757
-470 3790
-469 3646
-468 3782
-467 3789
-466 3796
-465 3726
-464 3854
-463 3777
-462 3907
-461 3942
-460 3960
-459 4069
-458 4073
-457 4097
-456 4143
-455 4108
-454 4100
-453 4204
-452 4143
-451 4280
-450 4183
-449 4285
-448 4139
-447 4242
-446 4218
-445 4153
-444 4269
-443 4230
-442 4158
-441 4185
-440 4246
-439 4179
-438 4224
-437 4288
-436 4294
-435 4482
-434 4367
-433 4560
-432 4522
-431 4362
-430 4648
-429 4583
-428 4558
-427 4522
-426 4705
-425 4810
-424 4757
-423 4714
-422 4643
-421 4763
-420 4762
-419 4757
-418 4743
-417 4810
-416 4844
-415 4747
-414 4994
-413 4861
-412 4798
-411 4943
-410 5000
-409 5159
-408 5054
-407 5024
-406 5209
-405 5095
-404 5234
-403 5277
-402 5262
-401 5358
-400 5299
-399 5440
-398 5400
-397 5364
-396 5173
-395 5279
-394 5507
-393 5282
-392 5240
-391 5466
-390 5322
-389 5408
-388 5318
-387 5395
-386 5311
-385 5289
-384 5436
-383 5290
-382 5295
-381 5361
-380 5304
-379 5472
-378 5251
-377 5351
-376 5289
-375 5468
-374 5491
-373 5502
-372 5435
-371 5425
-370 5520
-369 5679
-368 5383
-367 5531
-366 5467
-365 5508
-364 5559
-363 5798
-362 5669
-361 5650
-360 5640
-359 5829
-358 5731
-357 5831
-356 5730
-355 5923
-354 5778
-353 5866
-352 5779
-351 5782
-350 5885
-349 5744
-348 5829
-347 5796
-346 5935
-345 5783
-344 5760
-343 5917
-342 5857
-341 5815
-340 5947
-339 5804
-338 5838
-337 5971
-336 5750
-335 5881
-334 5955
-333 5908
-332 6027
-331 6033
-330 6042
-329 5960
-328 5901
-327 6020
-326 6168
-325 6019
-324 5933
-323 6023
-322 5981
-321 5973
-320 5958
-319 6026
-318 6023
-317 5974
-316 5914
-315 5956
-314 5880
-313 5931
-312 5865
-311 5830
-310 6060
-309 5916
-308 6088
-307 6018
-306 6015
-305 5993
-304 5915
-303 5979
-302 5911
-301 5981
-300 5863
-299 6018
-298 6115
-297 6190
-296 6030
-295 6143
-294 6174
-293 6038
-292 6083
-291 6027
-290 6098
-289 6032
-288 6067
-287 6036
-286 6109
-285 6114
-284 6043
-283 5967
-282 6162
-281 6002
-280 5943
-279 5986
-278 6000
-277 5861
-276 5926
-275 5904
-274 5680
-273 5813
-272 5894
-271 5847
-270 5704
-269 5653
-268 5608
-267 5675
-266 5785
-265 5678
-264 5672
-263 5506
-262 5728
-261 5618
-260 5690
-259 5667
-258 5646
-257 5664
-256 5660
-255 5674
-254 5570
-253 5670
-252 5738
-251 5639
-250 5701
-249 5754
-248 5691
-247 5595
-246 5629
-245 5605
-244 5731
-243 5606
-242 5648
-241 5579
-240 5774
-239 5714
-238 5700
-237 5728
-236 5785
-235 5809
-234 5757
-233 5696
-232 5697
-231 5675
-230 5602
-229 5744
-228 5637
-227 5593
-226 5548
-225 5484
-224 5595
-223 5828
-222 5593
-221 5669
-220 5768
-219 5484
-218 5609
-217 5638
-216 5852
-215 5555
-214 5651
-213 5706
-212 5505
-211 5500
-210 5617
-209 5559
-208 5542
-207 5637
-206 5493
-205 5503
-204 5571
-203 5590
-202 5413
-201 5477
-200 5468
-199 5403
-198 5373
-197 5559
-196 5407
-195 5314
-194 5212
-193 5295
-192 5316
-191 5433
-190 5421
-189 5337
-188 5505
-187 5412
-186 5515
-185 5389
-184 5412
-183 5460
-182 5598
-181 5518
-180 5375
-179 5339
-178 5468
-177 5396
-176 5290
-175 5331
-174 5452
-173 5398
-172 5368
-171 5381
-170 5394
-169 5411
-168 5260
-167 5414
-166 5355
-165 5408
-164 5346
-163 5245
-162 5371
-161 5342
-160 5256
-159 5155
-158 5303
-157 5336
-156 5233
-155 5178
-154 5294
-153 5156
-152 5218
-151 5107
-150 5251
-149 5151
-148 5179
-147 5107
-146 5078
-145 5082
-144 5182
-143 5047
-142 5133
-141 5037
-140 4942
-139 4999
-138 5048
-137 4889
-136 4998
-135 4972
-134 5103
-133 4941
-132 4972
-131 4914
-130 5065
-129 4941
-128 5063
-127 4941
-126 4946
-125 4900
-124 4949
-123 4828
-122 4936
-121 4845
-120 4842
-119 4773
-118 4671
-117 4654
-116 4633
-115 4764
-114 4568
-113 4635
-112 4566
-111 4732
-110 4682
-109 4476
-108 4568
-107 4496
-106 4354
-105 4443
-104 4587
-103 4475
-102 4295
-101 4412
-100 4331
-99 4441
-98 4312
-97 4314
-96 4314
-95 4258
-94 4329
-93 4237
-92 4232
-91 4311
-90 4352
-89 4164
-88 4264
-87 4067
-86 4196
-85 4153
-84 4246
-83 4258
-82 4086
-81 4188
-80 4024
-79 4225
-78 4166
-77 4082
-76 4041
-75 3964
-74 3997
-73 4030
-72 4008
-71 4023
-70 4002
-69 3929
-68 3959
-67 3934
-66 3923
-65 3977
-64 3915
-63 3974
-62 3952
-61 3895
-60 4054
-59 3886
-58 3854
-57 3874
-56 3925
-55 3870
-54 3817
-53 3891
-52 4048
-51 3863
-50 3944
-49 3782
-48 3874
-47 3869
-46 3891
-45 3880
-44 3707
-43 3915
-42 3984
-41 3807
-40 3725
-39 3706
-38 3941
-37 3782
-36 3852
-35 3844
-34 3721
-33 3712
-32 3664
-31 3824
-30 3620
-29 3717
-28 3626
-27 3684
-26 3677
-25 3709
-24 3651
-23 3595
-22 3581
-21 3580
-20 3526
-19 3557
-18 3585
-17 3574
-16 3457
-15 3486
-14 3524
-13 3438
-12 3430
-11 3369
-10 3455
-9 3409
-8 3409
-7 3405
-6 3311
-5 3395
-4 3348
-3 3391
-2 3447
-1 3302
0 3352
1 3380
2 3410
3 3340
4 3351
5 3392
6 3291
7 3279
8 3174
9 3206
10 3179
11 3210
12 3175
13 3191
14 3276
15 3187
16 3150
17 3208
18 3169
19 3250
20 3054
21 3116
22 3129
23 3130
24 3156
25 2992
26 3059
27 3037
28 2988
29 3010
30 3047
31 2965
32 2981
33 2944
34 2984
35 2997
36 2985
37 2900
38 2935
39 2981
40 2939
41 2954
42 2873
43 2865
44 2888
45 2888
46 2869
47 2803
48 2782
49 2922
50 2854
51 2843
52 2742
53 2812
54 2741
55 2783
56 2746
57 2791
58 2745
59 2726
60 2785
61 2766
62 2719
63 2711
64 2712
65 2673
66 2789
67 2765
68 2716
69 2691
70 2753
71 2648
72 2711
73 2612
74 2719
75 2747
76 2671
77 2633
78 2675
79 2559
80 2661
81 2671
82 2713
83 2655
84 2672
85 2656
86 2684
87 2721
88 2564
89 2773
90 2511
91 2518
92 2567
93 2640
94 2657
95 2574
96 2480
97 2484
98 2553
99 2615
100 2558
101 2506
102 2476
103 2486
104 2469
105 2462
106 2477
107 2365
108 2301
109 2394
110 2400
111 2259
112 2315
113 2379
114 2334
115 2213
116 2229
117 2284
118 2236
119 2399
120 2209
121 2245
122 2198
123 2217
124 2297
125 2161
126 2218
127 2237
128 2107
129 2240
130 2114
131 2167
132 2270
133 2210
134 2183
135 2108
136 2194
137 2174
138 2080
139 2051
140 2190
141 2188
142 2081
143 2113
144 2202
145 2048
146 2062
147 2056
148 2049
149 1977
150 2029
151 2171
152 2073
153 1949
154 2102
155 1991
156 2030
157 1961
158 1987
159 1974
160 1866
161 1910
162 1971
163 1934
164 1878
165 1916
166 1861
167 1856
168 1940
169 1855
170 1839
171 1835
172 1897
173 1876
174 1790
175 1813
176 1849
177 1791
178 1858
179 1881
180 1798
181 1814
182 1854
183 1658
184 1827
185 1777
186 1751
187 1777
188 1814
189 1775
190 1710
191 1730
192 1698
193 1741
194 1743
195 1700
196 1696
197 1667
198 1637
199 1636
200 1682
201 1682
202 1615
203 1561
204 1678
205 1655
206 1572
207 1523
208 1531
209 1524
210 1555
211 1479
212 1439
213 1550
214 1458
215 1456
216 1540
217 1475
218 1480
219 1463
220 1459
221 1460
222 1438
223 1413
224 1402
225 1344
226 1409
227 1378
228 1393
229 1366
230 1416
231 1365
232 1406
233 1429
234 1360
235 1366
236 1346
237 1331
238 1447
239 1263
240 1255
241 1316
242 1342
243 1361
244 1295
245 1366
246 1375
247 1384
248 1284
249 1304
250 1284
251 1297
252 1279
253 1247
254 1261
255 1334
256 1279
257 1264
258 1281
259 1169
260 1222
261 1184
262 1234
263 1179
264 1196
265 1254
266 1203
267 1265
268 1165
269 1111
270 1206
271 1193
272 1107
273 1219
274 1107
275 1137
276 1103
277 1162
278 1096
279 1087
280 1071
281 1069
282 1084
283 1065
284 1049
285 1067
286 1029
287 1050
288 1108
289 1029
290 1046
291 1076
292 1030
293 1018
294 1030
295 1011
296 1046
297 1008
298 1021
299 1006
300 991
301 956
302 951
303 982
304 1033
305 1024
306 1002
307 991
308 978
309 978
310 980
311 995
312 991
313 1076
314 964
315 938
316 967
317 964
318 923
319 966
320 882
321 955
322 949
323 905
324 952
325 960
326 911
327 935
328 874
329 901
330 895
331 865
332 915
333 894
334 870
335 917
336 916
337 868
338 869
339 881
340 895
341 963
342 845
343 870
344 856
345 893
346 799
347 899
348 895
349 868
350 895
351 934
352 934
353 899
354 895
355 971
356 905
357 918
358 869
359 876
360 891
361 880
362 882
363 898
364 856
365 834
366 900
367 937
368 930
369 892
370 888
371 897
372 953
373 933
374 909
375 904
376 926
377 886
378 931
379 933
380 878
381 906
382 927
383 884
384 898
385 893
386 911
387 936
388 862
389 973
390 862
391 897
392 937
393 891
394 861
395 925
396 889
397 918
398 887
399 894
400 910
401 909
402 968
403 913
404 987
405 953
406 939
407 998
408 974
409 978
410 972
411 1001
412 1045
413 1003
414 980
415 1048
416 1043
417 1053
418 984
419 1025
420 1036
421 1000
422 1029
423 977
424 1040
425 1043
426 1029
427 1035
428 1036
429 1019
430 1017
431 1046
432 1054
433 1051
434 1033
435 1058
436 970
437 1034
438 1006
439 967
440 1072
441 1051
442 1097
443 1074
444 1041
445 1018
446 1061
447 1064
448 1032
449 989
450 1017
451 1062
452 1052
453 1049
454 1080
455 1079
456 997
457 1085
458 1025
459 1064
460 1047
461 1040
462 1055
463 1022
464 1072
465 1057
466 1050
467 1013
468 1017
469 1026
470 1019
471 998
472 1015
473 900
474 976
475 1011
476 1044
477 1030
478 1034
479 1025
480 990
481 968
482 984
483 968
484 938
485 1023
486 984
487 1031
488 1029
489 999
490 959
491 1002
492 966
493 992
494 972
495 984
496 1033
497 987
498 968
499 926
500 995
501 973
502 1001
503 1051
504 1036
505 1040
506 998
507 1038
508 959
509 1043
510 951
511 1012
512 995
513 1019
514 1014
515 961
516 1018
517 910
518 987
519 1034
520 1010
521 997
522 990
523 929
524 997
525 977
526 972
527 973
528 898
529 935
530 966
531 964
532 942
533 933
534 1007
535 949
536 913
537 956
538 929
539 937
540 916
541 929
542 880
543 924
544 911
545 875
546 933
547 901
548 815
549 890
550 899
551 920
552 897
553 901
554 913
555 875
556 866
557 912
558 869
559 880
560 844
561 889
562 902
563 854
564 839
565 869
566 918
567 842
568 864
569 832
570 855
571 843
572 868
573 842
574 831
575 817
576 854
577 848
578 834
579 792
580 842
581 822
582 830
583 809
584 791
585 829
586 881
587 777
588 790
589 775
590 852
591 804
592 802
593 814
594 775
595 811
596 776
597 784
598 794
599 804
600 854
601 840
602 805
603 763
604 790
605 791
606 802
607 793
608 720
609 782
610 778
611 768
612 745
613 786
614 785
615 780
616 777
617 749
618 785
619 758
620 758
621 771
622 721
623 735
624 763
625 707
626 705
627 708
628 749
629 742
630 719
631 766
632 710
633 746
634 692
635 680
636 735
637 696
638 707
639 694
640 691
641 708
642 737
643 672
644 767
645 707
646 746
647 662
648 655
649 705
650 658
651 642
652 719
653 641
654 667
655 679
656 670
657 674
658 594
659 675
660 621
661 594
662 581
663 665
664 622
665 572
666 657
667 645
668 641
669 634
670 600
671 595
672 686
673 604
674 684
675 620
676 595
677 630
678 620
679 621
680 612
681 588
682 606
683 605
684 628
685 621
686 600
687 618
688 573
689 612
690 638
691 650
692 578
693 550
694 611
695 591
696 571
697 578
698 602
699 590
700 551
701 550
702 614
703 552
704 548
705 531
706 612
707 530
708 568
709 562
710 538
711 540
712 540
713 573
714 532
715 537
716 562
717 559
718 579
719 569
720 562
721 583
722 530
723 538
724 558
725 543
726 552
727 546
728 576
729 551
730 547
731 527
732 514
733 517
734 537
735 511
736 508
737 507
738 552
739 559
740 517
741 495
742 520
743 519
744 534
745 549
746 567
747 498
748 530
749 517
750 565
751 510
752 536
753 530
754 499
755 531
756 480
757 534
758 514
759 500
760 502
761 524
762 478
763 504
764 528
765 543
766 520
767 526
768 512
769 518
770 444
771 540
772 517
773 519
774 455
775 510
776 476
777 507
778 465
779 493
780 505
781 491
782 455
783 466
784 447
785 484
786 483
787 473
788 457
789 452
790 464
791 483
792 476
793 439
794 422
795 451
796 464
797 510
798 471
799 498
800 470
801 459
802 448
803 442
804 466
805 451
806 482
807 463
808 479
809 468
810 465
811 464
812 453
813 439
814 455
815 486
816 454
817 442
818 472
819 450
820 487
821 413
822 439
823 406
824 459
825 457
826 395
827 427
828 477
829 444
830 443
831 451
832 459
833 444
834 417
835 422
836 443
837 409
838 424
839 391
840 384
841 405
842 403
843 434
844 420
845 405
846 418
847 400
848 385
849 391
850 418
851 418
852 393
853 400
854 413
855 353
856 418
857 377
858 396
859 361
860 398
861 349
862 358
863 417
864 367
865 397
866 356
867 343
868 357
869 400
870 384
871 390
872 379
873 384
874 377
875 395
876 370
877 362
878 366
879 345
880 379
881 368
882 372
883 329
884 371
885 362
886 359
887 336
888 329
889 348
890 377
891 329
892 354
893 338
894 323
895 329
896 350
897 319
898 368
899 333
900 364
901 320
902 316
903 329
904 317
905 311
906 318
907 332
908 337
909 299
910 339
911 292
912 313
913 338
914 323
915 296
916 297
917 325
918 290
919 309
920 295
921 325
922 327
923 329
924 274
925 321
926 312
927 299
928 320
929 295
930 288
931 264
932 271
933 282
934 275
935 280
936 297
937 285
938 287
939 261
940 256
941 307
942 285
943 274
944 266
945 254
946 285
947 270
948 263
949 283
950 264
951 271
952 271
953 280
954 287
955 282
956 266
957 271
958 236
959 244
960 244
961 239
962 249
963 254
964 248
965 228
966 291
967 228
968 245
969 225
970 237
971 246
972 227
973 270
974 247
975 236
976 235
977 243
978 239
979 212
980 256
981 213
982 244
983 247
984 227
985 242
986 266
987 237
988 236
989 235
990 204
991 210
992 195
993 242
994 199
995 199
996 215
997 239
998 200
999 228
1000 203
1001 200
1002 229
1003 198
1004 212
1005 204
1006 183
1007 209
1008 202
1009 227
1010 222
1011 233
1012 214
1013 201
1014 187
1015 184
1016 202
1017 207
1018 210
1019 233
1020 182
1021 196
1022 199
1023 193
1024 173
1025 180
1026 192
1027 195
1028 180
1029 204
1030 173
1031 185
1032 202
1033 197
1034 195
1035 179
1036 180
1037 178
1038 191
1039 183
1040 167
1041 189
1042 177
1043 184
1044 173
1045 168
1046 147
1047 187
1048 170
1049 173
1050 177
1051 191
1052 165
1053 174
1054 158
1055 196
1056 187
1057 182
1058 152
1059 149
1060 159
1061 142
1062 174
1063 162
1064 164
1065 162
1066 134
1067 141
1068 172
1069 163
1070 171
1071 162
1072 143
1073 130
1074 158
1075 153
1076 161
1077 131
1078 163
1079 169
1080 137
1081 142
1082 140
1083 159
1084 152
1085 143
1086 130
1087 148
1088 124
1089 133
1090 157
1091 141
1092 155
1093 150
1094 150
1095 127
1096 144
1097 157
1098 146
1099 142
1100 127
1101 131
1102 134
1103 142
1104 128
1105 136
1106 135
1107 142
1108 136
1109 155
1110 121
1111 129
1112 118
1113 127
1114 143
1115 114
1116 118
1117 122
1118 138
1119 137
1120 130
1121 120
1122 130
1123 135
1124 110
1125 103
1126 123
1127 124
1128 139
1129 119
1130 112
1131 141
1132 118
1133 121
1134 122
1135 120
1136 99
1137 127
1138 128
1139 113
1140 131
1141 113
1142 105
1143 102
1144 124
1145 123
1146 123
1147 108
1148 130
1149 104
1150 105
1151 111
1152 116
1153 112
1154 102
1155 103
1156 103
1157 96
1158 95
1159 100
1160 98
1161 98
1162 84
1163 115
1164 109
1165 90
1166 108
1167 107
1168 90
1169 119
1170 91
1171 99
1172 101
1173 116
1174 89
1175 84
1176 105
1177 106
1178 109
1179 79
1180 91
1181 101
1182 75
1183 109
1184 98
1185 104
1186 88
1187 91
1188 96
1189 92
1190 95
1191 93
1192 89
1193 94
1194 88
1195 70
1196 89
1197 85
1198 74
1199 81
1200 87
1201 85
1202 91
1203 91
1204 90
1205 88
1206 99
1207 72
1208 87
1209 61
1210 80
1211 79
1212 80
1213 83
1214 96
1215 61
1216 65
1217 67
1218 81
1219 83
1220 72
1221 61
1222 77
1223 71
1224 77
1225 101
1226 72
1227 77
1228 79
1229 69
1230 74
1231 78
1232 73
1233 69
1234 69
1235 67
1236 74
1237 65
1238 69
1239 68
1240 73
1241 79
1242 70
1243 58
1244 69
1245 55
1246 65
1247 72
1248 65
1249 56
1250 66
1251 66
1252 53
1253 67
1254 58
1255 77
1256 68
1257 60
1258 60
1259 60
1260 62
1261 77
1262 72
1263 61
1264 75
1265 57
1266 65
1267 60
1268 56
1269 63
1270 59
1271 54
1272 58
1273 62
1274 52
1275 54
1276 55
1277 43
1278 42
1279 46
1280 47
1281 56
1282 48
1283 50
1284 44
1285 53
1286 42
1287 48
1288 48
1289 59
1290 52
1291 50
1292 45
1293 60
1294 48
1295 44
1296 48
1297 45
1298 54
1299 58
1300 48
1301 43
1302 35
1303 45
1304 44
1305 47
1306 42
1307 48
1308 37
1309 47
1310 57
1311 38
1312 44
1313 35
1314 55
1315 51
1316 41
1317 42
1318 40
1319 34
1320 52
1321 53
1322 47
1323 33
1324 45
1325 40
1326 35
1327 38
1328 40
1329 38
1330 40
1331 38
1332 47
1333 36
1334 41
1335 42
1336 37
1337 34
1338 40
1339 47
1340 57
1341 36
1342 25
1343 37
1344 37
1345 30
1346 26
1347 45
1348 40
1349 34
1350 38
1351 34
1352 28
1353 33
1354 36
1355 30
1356 28
1357 31
1358 45
1359 35
1360 25
1361 29
1362 25
1363 29
1364 33
1365 30
1366 33
1367 29
1368 24
1369 26
1370 24
1371 21
1372 38
1373 20
1374 27
1375 34
1376 40
1377 33
1378 30
1379 32
1380 25
1381 28
1382 24
1383 28
1384 28
1385 22
1386 27
1387 25
1388 25
1389 18
1390 20
1391 32
1392 23
1393 23
1394 26
1395 20
1396 20
1397 14
1398 14
1399 27
1400 22
1401 26
1402 18
1403 24
1404 28
1405 22
1406 22
1407 26
1408 25
1409 25
1410 32
1411 17
1412 23
1413 13
1414 15
1415 22
1416 26
1417 20
1418 23
1419 19
1420 22
1421 21
1422 24
1423 24
1424 14
1425 24
1426 24
1427 15
1428 20
1429 12
1430 18
1431 20
1432 23
1433 16
1434 18
1435 14
1436 18
1437 28
1438 12
1439 26
1440 14
1441 25
1442 20
1443 26
1444 21
1445 16
1446 15
1447 13
1448 16
1449 21
1450 13
1451 18
1452 9
1453 19
1454 16
1455 20
1456 22
1457 14
1458 13
1459 22
1460 22
1461 16
1462 15
1463 12
1464 20
1465 14
1466 22
1467 24
1468 13
1469 11
1470 15
1471 10
1472 14
1473 21
1474 14
1475 10
1476 10
1477 14
1478 21
1479 11
1480 12
1481 10
1482 13
1483 14
1484 14
1485 9
1486 12
1487 18
1488 14
1489 18
1490 13
1491 10
1492 13
1493 17
1494 9
1495 18
1496 21
1497 13
1498 5
1499 11
1500 11
1501 10
1502 9
1503 15
1504 17
1505 10
1506 9
1507 11
1508 19
1509 6
1510 6
1511 9
1512 10
1513 9
1514 8
1515 15
1516 10
1517 9
1518 11
1519 7
1520 7
1521 11
1522 7
1523 9
1524 6
1525 10
1526 11
1527 6
1528 10
1529 10
1530 7
1531 10
1532 14
1533 13
1534 8
1535 12
1536 9
1537 6
1538 6
1539 11
1540 12
1541 4
1542 6
1543 6
1544 9
1545 6
1546 4
1547 5
1548 5
1549 13
1550 1
1551 6
1552 7
1553 6
1554 3
1555 3
1556 8
1557 8
1558 12
1559 9
1560 4
1561 4
1562 11
1563 12
1564 7
1565 9
1566 7
1567 12
1568 8
1569 13
1570 7
1571 2
1572 9
1574 8
1575 5
1576 5
1577 9
1578 11
1579 11
1580 8
1581 6
1582 5
1583 5
1584 8
1585 3
1586 5
1587 4
1588 6
1589 2
1590 7
1591 7
1592 4
1593 3
1594 11
1595 5
1596 7
1597 5
1598 8
1599 5
1600 5
1601 6
1602 7
1603 5
1604 4
1605 5
1606 8
1607 7
1608 5
1609 4
1610 7
1611 8
1612 1
1613 4
1614 2
1615 6
1616 8
1617 5
1618 4
1619 6
1620 6
1621 5
1622 5
1623 4
1624 2
1625 1
1626 4
1627 3
1628 6
1629 3
1630 3
1631 3
1632 3
1633 2
1634 5
1635 3
1636 6
1637 5
1638 4
1639 1
1640 3
1641 3
1642 3
1643 5
1644 2
1645 5
1646 2
1647 2
1648 3
1649 7
1650 2
1651 1
1652 5
1653 5
1654 2
1655 4
1656 4
1657 4
1658 5
1659 3
1660 5
1661 8
1662 3
1663 2
1664 2
1665 5
1666 5
1667 5
1668 1
1669 3
1670 7
1671 2
1672 6
1673 2
1674 3
1675 3
1676 5
1677 4
1678 1
1680 2
1681 5
1682 5
1683 2
1684 1
1685 3
1688 3
1689 1
1690 4
1691 1
1692 3
1693 1
1694 5
1695 1
1696 2
1697 4
1698 1
1699 1
1701 1
1702 2
1703 3
1704 1
1705 1
1706 3
1708 1
1709 5
1710 2
1711 2
1712 3
1713 5
1715 1
1716 4
1717 4
1718 3
1719 1
1721 1
1722 2
1723 1
1725 2
1728 2
1729 2
1730 1
1731 3
1732 1
1733 1
1734 3
1735 3
1736 1
1737 1
1738 2
1739 3
1740 2
1741 3
1743 1
1744 2
1745 2
1746 2
1747 4
1748 1
1752 1
1754 2
1755 1
1756 2
1759 1
1762 1
1763 2
1766 2
1767 1
1769 2
1770 1
1771 1
1772 1
1773 1
1774 1
1775 2
1777 2
1778 2
1780 1
1781 1
1782 1
1785 1
1790 2
1792 1
1798 2
1800 1
1801 1
1802 1
1803 1
1816 1
1818 1
1819 1
1821 2
1823 1
1825 2
1826 2
1827 1
1829 1
1830 2
1831 1
1832 2
1841 1
1845 1
1846 1
1853 1
1854 1
1855 1
1857 1
1858 2
1859 2
1860 2
1865 2
1876 1
1877 2
1880 1
1883 1
1888 1
1893 1
1896 1
1902 1
1904 1
1907 2
1910 1
1912 1
1914 1
1915 1
1919 1
