42 1
43 109
44 633
45 1429
46 2130
47 2992
48 3012
49 3039
50 3343
51 3615
52 3628
53 3985
54 4468
55 6218
56 7688
57 8952
58 10116
59 11531
60 12417
61 12726
62 13661
63 14343
64 14810
65 15639
66 16182
67 16512
68 16773
69 16967
70 17118
71 17376
72 17778
73 17611
74 17285
75 17777
76 18468
77 18947
78 18853
79 19346
80 19909
81 19699
82 19770
83 19994
84 19395
85 18380
86 17995
87 17524
88 17445
89 17665
90 17218
91 17857
92 17932
93 18798
94 19186
95 19756
96 20179
97 20459
98 21362
99 22198
100 23293
101 24078
102 24211
103 23278
104 23049
105 22557
106 22132
107 22464
108 21995
109 22348
110 21983
111 22025
112 21716
113 21938
114 21303
115 21784
116 21734
117 21870
118 22432
119 21804
120 21675
121 20997
122 20431
123 20252
124 20064
125 19533
126 19783
127 19328
128 19554
129 19989
130 19952
131 21200
132 21299
133 21042
134 20954
135 20810
136 21330
137 20958
138 20867
139 20274
140 20264
141 19884
142 19528
143 19276
144 19284
145 18902
146 19250
147 18584
148 17881
149 17718
150 17686
151 17596
152 17422
153 17434
154 16948
155 16854
156 16956
157 16591
158 16434
159 16069
160 16011
161 16127
162 15870
163 15965
164 15908
165 15596
166 15541
167 15409
168 15072
169 15060
170 14864
171 14366
172 14222
173 14244
174 14342
175 13853
176 13875
177 13621
178 13796
179 13267
180 13340
181 13079
182 12878
183 12774
184 12674
185 12133
186 12259
187 11939
188 11947
189 11720
190 11901
191 11478
192 11740
193 11344
194 11435
195 11348
196 11221
197 11119
198 11039
199 11125
200 10998
201 11126
202 10977
203 10670
204 10831
205 10578
206 10669
207 10814
208 10478
209 10503
210 10333
211 10476
212 10358
213 10061
214 10087
215 10195
216 10056
217 9898
218 9862
219 9800
220 9959
221 9701
222 9615
223 9504
224 9671
225 9361
226 9707
227 9322
228 9281
229 9055
230 9104
231 9068
232 9246
233 8917
234 9100
235 8896
236 8676
237 8522
238 8388
239 8414
240 8328
241 8413
242 8012
243 8129
244 7842
245 7872
246 7909
247 7837
248 7831
249 7495
250 7552
251 7335
252 7294
253 7235
254 7007
255 7204
256 6895
257 6995
258 6905
259 6887
260 6630
261 6793
262 6724
263 6551
264 6524
265 6489
266 6448
267 6499
268 6310
269 6331
270 6268
271 6022
272 6135
273 6127
274 6119
275 6082
276 6197
277 5949
278 5885
279 5864
280 5736
281 5744
282 5607
283 5487
284 5475
285 5376
286 5310
287 5300
288 5251
289 5206
290 5167
291 5040
292 5072
293 4870
294 4829
295 4790
296 4694
297 4651
298 4687
299 4644
300 4611
301 4407
302 4411
303 4304
304 4436
305 4244
306 4251
307 4309
308 4120
309 4038
310 4003
311 4046
312 4013
313 3928
314 3909
315 3824
316 3806
317 3890
318 3852
319 3790
320 3861
321 3802
322 3670
323 3697
324 3741
325 3666
326 3591
327 3541
328 3471
329 3410
330 3510
331 3425
332 3542
333 3550
334 3397
335 3288
336 3361
337 3258
338 3243
339 3127
340 3149
341 3148
342 2999
343 3141
344 3118
345 3158
346 3069
347 3031
348 3000
349 2972
350 2946
351 3016
352 2854
353 2957
354 2947
355 2814
356 2763
357 2780
358 2790
359 2789
360 2704
361 2753
362 2595
363 2670
364 2682
365 2632
366 2801
367 2617
368 2679
369 2536
370 2588
371 2529
372 2616
373 2506
374 2476
375 2440
376 2347
377 2546
378 2432
379 2306
380 2280
381 2319
382 2286
383 2241
384 2221
385 2267
386 2237
387 2205
388 2171
389 2190
390 2133
391 2199
392 2143
393 2107
394 2158
395 2018
396 2014
397 2060
398 2109
399 2032
400 2028
401 2075
402 2091
403 2026
404 1955
405 1903
406 1943
407 1932
408 1830
409 1953
410 1870
411 1927
412 1927
413 1869
414 1884
415 1846
416 1850
417 1739
418 1772
419 1857
420 1822
421 1725
422 1807
423 1784
424 1706
425 1793
426 1766
427 1596
428 1619
429 1711
430 1745
431 1684
432 1592
433 1665
434 1717
435 1668
436 1625
437 1600
438 1591
439 1615
440 1514
441 1572
442 1562
443 1456
444 1518
445 1529
446 1539
447 1573
448 1525
449 1524
450 1492
451 1505
452 1454
453 1476
454 1531
455 1433
456 1472
457 1372
458 1400
459 1383
460 1347
461 1376
462 1364
463 1311
464 1354
465 1377
466 1409
467 1329
468 1342
469 1371
470 1331
471 1273
472 1339
473 1266
474 1265
475 1269
476 1211
477 1285
478 1256
479 1257
480 1183
481 1234
482 1196
483 1203
484 1176
485 1140
486 1146
487 1181
488 1167
489 1124
490 1088
491 1198
492 1173
493 1069
494 1054
495 1116
496 1157
497 1148
498 1084
499 1048
500 1075
501 1151
502 1089
503 1066
504 1070
505 1058
506 1033
507 1050
508 1044
509 1025
510 1079
511 1011
512 1041
513 1009
514 989
515 1037
516 986
517 953
518 941
519 922
520 957
521 901
522 914
523 931
524 890
525 915
526 868
527 888
528 869
529 853
530 912
531 826
532 848
533 838
534 840
535 845
536 800
537 835
538 792
539 834
540 811
541 823
542 777
543 796
544 803
545 782
546 786
547 731
548 779
549 722
550 758
551 800
552 726
553 764
554 720
555 767
556 738
557 710
558 693
559 729
560 748
561 710
562 732
563 681
564 678
565 677
566 730
567 690
568 698
569 690
570 731
571 662
572 686
573 683
574 621
575 672
576 668
577 680
578 659
579 672
580 677
581 612
582 637
583 607
584 635
585 615
586 608
587 571
588 628
589 667
590 593
591 607
592 602
593 598
594 569
595 605
596 650
597 642
598 572
599 626
600 593
601 570
602 629
603 567
604 597
605 561
606 561
607 571
608 560
609 540
610 590
611 533
612 564
613 558
614 555
615 506
616 533
617 523
618 533
619 517
620 541
621 511
622 527
623 514
624 503
625 511
626 524
627 537
628 505
629 469
630 508
631 458
632 506
633 522
634 433
635 495
636 464
637 503
638 476
639 506
640 502
641 471
642 440
643 450
644 470
645 446
646 491
647 470
648 503
649 451
650 424
651 426
652 486
653 464
654 440
655 462
656 458
657 424
658 420
659 441
660 410
661 413
662 452
663 402
664 420
665 434
666 375
667 439
668 389
669 428
670 381
671 417
672 369
673 392
674 389
675 412
676 419
677 415
678 392
679 382
680 398
681 386
682 385
683 379
684 347
685 355
686 386
687 370
688 384
689 356
690 362
691 393
692 377
693 399
694 365
695 336
696 351
697 359
698 329
699 384
700 354
701 325
702 342
703 347
704 350
705 324
706 354
707 378
708 337
709 308
710 309
711 326
712 329
713 351
714 340
715 306
716 307
717 327
718 275
719 343
720 314
721 296
722 310
723 338
724 323
725 327
726 297
727 272
728 307
729 309
730 314
731 314
732 304
733 301
734 297
735 321
736 284
737 287
738 281
739 294
740 318
741 314
742 294
743 257
744 266
745 274
746 297
747 279
748 281
749 273
750 270
751 258
752 273
753 270
754 253
755 269
756 260
757 263
758 266
759 266
760 255
761 264
762 235
763 265
764 258
765 270
766 263
767 248
768 226
769 239
770 238
771 228
772 263
773 233
774 211
775 262
776 235
777 245
778 217
779 214
780 228
781 221
782 229
783 210
784 229
785 205
786 214
787 235
788 214
789 193
790 243
791 226
792 231
793 237
794 207
795 207
796 192
797 234
798 214
799 234
800 214
801 218
802 211
803 234
804 212
805 216
806 208
807 189
808 228
809 198
810 164
811 188
812 208
813 199
814 197
815 167
816 205
817 185
818 186
819 210
820 213
821 175
822 166
823 178
824 189
825 206
826 199
827 175
828 183
829 181
830 192
831 210
832 176
833 148
834 185
835 158
836 166
837 173
838 189
839 189
840 177
841 189
842 179
843 176
844 176
845 186
846 152
847 195
848 140
849 170
850 165
851 158
852 166
853 158
854 150
855 166
856 158
857 169
858 135
859 168
860 157
861 163
862 138
863 157
864 158
865 143
866 163
867 134
868 153
869 146
870 157
871 161
872 129
873 144
874 129
875 146
876 156
877 148
878 155
879 121
880 154
881 147
882 115
883 132
884 151
885 147
886 131
887 121
888 137
889 179
890 150
891 124
892 142
893 140
894 136
895 141
896 139
897 133
898 135
899 129
900 131
901 117
902 116
903 122
904 131
905 101
906 116
907 143
908 140
909 125
910 118
911 136
912 125
913 132
914 108
915 108
916 138
917 121
918 100
919 136
920 121
921 104
922 105
923 111
924 130
925 116
926 96
927 118
928 112
929 132
930 122
931 96
932 125
933 108
934 138
935 130
936 137
937 95
938 139
939 120
940 109
941 122
942 116
943 117
944 107
945 121
946 105
947 121
948 111
949 110
950 86
951 100
952 108
953 116
954 104
955 106
956 105
957 95
958 89
959 92
960 92
961 75
962 101
963 91
964 103
965 96
966 101
967 102
968 70
969 83
970 87
971 89
972 80
973 101
974 82
975 92
976 91
977 92
978 95
979 99
980 110
981 108
982 85
983 89
984 101
985 85
986 95
987 100
988 92
989 84
990 83
991 72
992 93
993 72
994 91
995 89
996 81
997 79
998 94
999 102
1000 90
1001 96
1002 77
1003 83
1004 99
1005 91
1006 83
1007 73
1008 84
1009 74
1010 75
1011 73
1012 79
1013 82
1014 85
1015 75
1016 74
1017 72
1018 80
1019 64
1020 77
1021 87
1022 89
1023 81
1024 65
1025 85
1026 82
1027 77
1028 69
1029 75
1030 55
1031 75
1032 73
1033 79
1034 75
1035 83
1036 79
1037 70
1038 65
1039 68
1040 60
1041 72
1042 62
1043 68
1044 80
1045 72
1046 76
1047 69
1048 76
1049 79
1050 63
1051 69
1052 77
1053 66
1054 73
1055 69
1056 54
1057 69
1058 72
1059 63
1060 72
1061 79
1062 55
1063 60
1064 43
1065 58
1066 72
1067 57
1068 69
1069 61
1070 78
1071 55
1072 72
1073 63
1074 66
1075 51
1076 69
1077 49
1078 45
1079 66
1080 51
1081 59
1082 62
1083 53
1084 59
1085 60
1086 59
1087 52
1088 71
1089 60
1090 61
1091 62
1092 52
1093 52
1094 70
1095 44
1096 60
1097 70
1098 64
1099 58
1100 54
1101 59
1102 43
1103 63
1104 51
1105 56
1106 50
1107 63
1108 54
1109 51
1110 59
1111 49
1112 60
1113 52
1114 57
1115 41
1116 49
1117 53
1118 48
1119 71
1120 49
1121 64
1122 64
1123 50
1124 41
1125 52
1126 48
1127 47
1128 41
1129 54
1130 39
1131 50
1132 57
1133 48
1134 44
1135 64
1136 48
1137 51
1138 48
1139 50
1140 39
1141 59
1142 53
1143 37
1144 52
1145 41
1146 46
1147 56
1148 52
1149 44
1150 44
1151 41
1152 32
1153 37
1154 47
1155 43
1156 39
1157 34
1158 47
1159 43
1160 45
1161 42
1162 49
1163 48
1164 37
1165 42
1166 47
1167 47
1168 54
1169 31
1170 41
1171 43
1172 32
1173 34
1174 37
1175 37
1176 49
1177 34
1178 51
1179 46
1180 42
1181 40
1182 36
1183 47
1184 39
1185 46
1186 36
1187 35
1188 35
1189 64
1190 40
1191 38
1192 33
1193 38
1194 37
1195 58
1196 44
1197 39
1198 39
1199 48
1200 27
1201 39
1202 33
1203 42
1204 41
1205 42
1206 34
1207 46
1208 37
1209 36
1210 32
1211 36
1212 50
1213 45
1214 40
1215 31
1216 41
1217 40
1218 42
1219 32
1220 44
1221 43
1222 42
1223 44
1224 37
1225 37
1226 48
1227 42
1228 54
1229 42
1230 31
1231 28
1232 41
1233 45
1234 31
1235 48
1236 34
1237 38
1238 34
1239 29
1240 37
1241 29
1242 34
1243 40
1244 38
1245 35
1246 39
1247 34
1248 38
1249 41
1250 25
1251 39
1252 38
1253 35
1254 40
1255 33
1256 33
1257 38
1258 32
1259 46
1260 38
1261 32
1262 26
1263 30
1264 33
1265 33
1266 34
1267 27
1268 50
1269 37
1270 34
1271 28
1272 26
1273 33
1274 32
1275 26
1276 38
1277 30
1278 37
1279 38
1280 35
1281 28
1282 24
1283 31
1284 23
1285 30
1286 30
1287 26
1288 24
1289 36
1290 32
1291 23
1292 40
1293 32
1294 32
1295 25
1296 25
1297 26
1298 28
1299 23
1300 30
1301 27
1302 36
1303 26
1304 34
1305 28
1306 25
1307 36
1308 29
1309 25
1310 36
1311 30
1312 30
1313 26
1314 26
1315 23
1316 26
1317 28
1318 20
1319 22
1320 33
1321 26
1322 34
1323 37
1324 24
1325 15
1326 25
1327 33
1328 36
1329 26
1330 20
1331 27
1332 28
1333 27
1334 23
1335 21
1336 32
1337 24
1338 33
1339 25
1340 32
1341 27
1342 22
1343 26
1344 29
1345 20
1346 22
1347 28
1348 21
1349 21
1350 19
1351 28
1352 27
1353 30
1354 18
1355 27
1356 23
1357 36
1358 30
1359 24
1360 21
1361 22
1362 21
1363 25
1364 17
1365 26
1366 19
1367 22
1368 24
1369 23
1370 29
1371 27
1372 14
1373 24
1374 24
1375 27
1376 32
1377 33
1378 23
1379 26
1380 18
1381 21
1382 19
1383 17
1384 22
1385 25
1386 20
1387 23
1388 17
1389 26
1390 18
1391 26
1392 25
1393 27
1394 22
1395 24
1396 28
1397 28
1398 30
1399 17
1400 28
1401 22
1402 11
1403 22
1404 25
1405 16
1406 25
1407 23
1408 19
1409 26
1410 14
1411 18
1412 25
1413 22
1414 10
1415 16
1416 23
1417 23
1418 19
1419 16
1420 19
1421 22
1422 20
1423 22
1424 19
1425 20
1426 17
1427 21
1428 20
1429 21
1430 16
1431 35
1432 13
1433 22
1434 14
1435 25
1436 24
1437 10
1438 17
1439 20
1440 18
1441 18
1442 17
1443 18
1444 13
1445 22
1446 11
1447 21
1448 13
1449 20
1450 27
1451 25
1452 21
1453 23
1454 22
1455 25
1456 11
1457 17
1458 22
1459 17
1460 23
1461 19
1462 17
1463 19
1464 15
1465 16
1466 19
1467 22
1468 19
1469 19
1470 20
1471 20
1472 21
1473 16
1474 18
1475 13
1476 16
1477 18
1478 27
1479 15
1480 22
1481 13
1482 20
1483 22
1484 18
1485 17
1486 22
1487 16
1488 15
1489 18
1490 18
1491 19
1492 20
1493 18
1494 12
1495 10
1496 26
1497 18
1498 14
1499 14
1500 17
1501 12
1502 16
1503 8
1504 16
1505 25
1506 18
1507 16
1508 13
1509 11
1510 19
1511 22
1512 11
1513 16
1514 28
1515 9
1516 13
1517 10
1518 21
1519 19
1520 15
1521 16
1522 17
1523 11
1524 19
1525 17
1526 15
1527 14
1528 9
1529 17
1530 18
1531 14
1532 20
1533 19
1534 18
1535 19
1536 16
1537 20
1538 12
1539 18
1540 16
1541 14
1542 12
1543 13
1544 26
1545 12
1546 19
1547 11
1548 13
1549 19
1550 12
1551 19
1552 13
1553 14
1554 17
1555 23
1556 15
1557 15
1558 13
1559 17
1560 25
1561 11
1562 17
1563 8
1564 12
1565 14
1566 9
1567 21
1568 21
1569 14
1570 9
1571 10
1572 11
1573 11
1574 11
1575 9
1576 17
1577 15
1578 8
1579 23
1580 9
1581 10
1582 18
1583 12
1584 7
1585 20
1586 12
1587 14
1588 11
1589 9
1590 9
1591 13
1592 14
1593 19
1594 16
1595 12
1596 13
1597 13
1598 10
1599 16
1600 15
1601 16
1602 10
1603 10
1604 16
1605 10
1606 17
1607 5
1608 13
1609 5
1610 14
1611 11
1612 17
1613 16
1614 10
1615 12
1616 16
1617 11
1618 7
1619 14
1620 13
1621 6
1622 9
1623 11
1624 10
1625 8
1626 10
1627 10
1628 7
1629 8
1630 9
1631 8
1632 15
1633 10
1634 14
1635 16
1636 17
1637 9
1638 14
1639 10
1640 7
1641 11
1642 16
1643 9
1644 10
1645 20
1646 9
1647 13
1648 15
1649 12
1650 14
1651 9
1652 9
1653 14
1654 17
1655 18
1656 13
1657 16
1658 10
1659 12
1660 7
1661 8
1662 8
1663 15
1664 12
1665 6
1666 12
1667 15
1668 9
1669 16
1670 12
1671 11
1672 12
1673 12
1674 13
1675 10
1676 12
1677 8
1678 12
1679 18
1680 13
1681 6
1682 8
1683 14
1684 13
1685 15
1686 12
1687 9
1688 15
1689 12
1690 8
1691 11
1692 11
1693 9
1694 9
1695 11
1696 10
1697 13
1698 12
1699 16
1700 13
1701 20
1702 13
1703 9
1704 12
1705 7
1706 13
1707 14
1708 9
1709 12
1710 10
1711 15
1712 14
1713 11
1714 11
1715 11
1716 12
1717 9
1718 7
1719 13
1720 11
1721 13
1722 10
1723 8
1724 12
1725 9
1726 9
1727 13
1728 13
1729 9
1730 6
1731 11
1732 14
1733 9
1734 8
1735 14
1736 7
1737 17
1738 12
1739 9
1740 6
1741 5
1742 8
1743 8
1744 8
1745 9
1746 9
1747 11
1748 9
1749 7
1750 11
1751 12
1752 8
1753 11
1754 6
1755 14
1756 11
1757 9
1758 7
1759 3
1760 11
1761 13
1762 7
1763 9
1764 16
1765 7
1766 10
1767 9
1768 9
1769 14
1770 7
1771 11
1772 16
1773 8
1774 6
1775 6
1776 10
1777 14
1778 9
1779 5
1780 11
1781 10
1782 16
1783 7
1784 13
1785 10
1786 17
1787 15
1788 11
1789 9
1790 10
1791 15
1792 8
1793 5
1794 11
1795 8
1796 10
1797 8
1798 10
1799 9
1800 6
1801 13
1802 4
1803 3
1804 15
1805 9
1806 9
1807 13
1808 14
1809 10
1810 6
1811 9
1812 13
1813 9
1814 6
1815 10
1816 12
1817 11
1818 12
1819 6
1820 7
1821 5
1822 8
1823 11
1824 6
1825 7
1826 12
1827 8
1828 11
1829 9
1830 3
1831 6
1832 9
1833 2
1834 9
1835 10
1836 11
1837 16
1838 7
1839 8
1840 5
1841 9
1842 10
1843 5
1844 10
1845 7
1846 6
1847 8
1848 13
1849 12
1850 13
1851 9
1852 13
1853 8
1854 15
1855 6
1856 5
1857 9
1858 4
1859 14
1860 6
1861 8
1862 7
1863 8
1864 9
1865 5
1866 9
1867 5
1868 5
1869 4
1870 7
1871 9
1872 9
1873 7
1874 5
1875 14
1876 9
1877 9
1878 5
1879 9
1880 8
1881 6
1882 9
1883 6
1884 3
1885 8
1886 12
1887 11
1888 10
1889 12
1890 10
1891 7
1892 4
1893 8
1894 6
1895 8
1896 8
1897 3
1898 5
1899 7
1900 7
1901 7
1902 5
1903 8
1904 5
1905 8
1906 8
1907 7
1908 13
1909 8
1910 9
1911 6
1912 7
1913 6
1914 8
1915 8
1916 11
1917 6
1918 9
1919 4
1920 6
1921 6
1922 9
1923 5
1924 7
1925 14
1926 3
1927 8
1928 4
1929 6
1930 5
1931 8
1932 4
1933 7
1934 5
1935 7
1936 4
1937 8
1938 5
1939 6
1940 5
1941 8
1942 7
1943 6
1944 8
1945 6
1946 12
1947 10
1948 6
1949 7
1950 6
1951 12
1952 7
1953 10
1954 8
1955 9
1956 5
1957 9
1958 4
1959 5
1960 4
1961 6
1962 8
1963 3
1964 3
1965 8
1966 8
1967 12
1968 11
1969 10
1970 13
1971 8
1972 15
1973 6
1974 12
1975 6
1976 9
1977 5
1978 8
1979 8
1980 3
1981 9
1982 7
1983 9
1984 6
1985 12
1986 15
1987 10
1988 11
1989 9
1990 6
1991 10
1992 9
1993 7
1994 6
1995 3
1996 8
1997 5
1998 15
1999 4
2000 3
2001 7
2002 3
2003 13
2004 9
2005 13
2006 8
2007 11
2008 9
2009 6
2010 7
2011 9
2012 6
2013 10
2014 13
2015 4
2016 8
2017 10
2018 5
2019 8
2020 8
2021 7
2022 7
2023 9
2024 5
2025 9
2026 11
2027 4
2028 7
2029 9
2030 4
2031 13
2032 7
2033 15
2034 9
2035 10
2036 15
2037 6
2038 7
2039 6
2040 5
2041 12
2042 9
2043 8
2044 6
2045 5
2046 8
2047 7
2048 6
2049 10
2050 3
2051 9
2052 3
2053 10
2054 5
2055 2
2056 11
2057 9
2058 4
2059 5
2060 6
2061 7
2062 11
2063 15
2064 6
2065 16
2066 11
2067 10
2068 8
2069 9
2070 10
2071 8
2072 10
2073 9
2074 3
2075 4
2076 6
2077 11
2078 5
2079 9
2080 10
2081 8
2082 8
2083 5
2084 11
2085 2
2086 10
2087 11
2088 10
2089 12
2090 6
2091 10
2092 3
2093 9
2094 6
2095 11
2096 10
2097 6
2098 10
2099 16
2100 9
2101 7
2102 4
2103 6
2104 4
2105 9
2106 1
2107 3
2108 3
2109 3
2110 8
2111 9
2112 12
2113 14
2114 11
2115 7
2116 7
2117 8
2118 9
2119 10
2120 10
2121 12
2122 9
2123 9
2124 9
2125 13
2126 12
2127 8
2128 7
2129 7
2130 14
2131 12
2132 4
2133 7
2134 7
2135 7
2136 10
2137 5
2138 7
2139 8
2140 6
2141 10
2142 7
2143 10
2144 3
2145 14
2146 12
2147 8
2148 6
2149 7
2150 12
2151 12
2152 10
2153 7
2154 10
2155 11
2156 8
2157 6
2158 6
2159 10
2160 7
2161 11
2162 6
2163 7
2164 5
2165 6
2166 6
2167 9
2168 4
2169 5
2170 9
2171 10
2172 1
2173 10
2174 11
2175 7
2176 5
2177 10
2178 10
2179 4
2180 9
2181 4
2182 11
2183 9
2184 9
2185 6
2186 9
2187 6
2188 9
2189 6
2190 9
2191 4
2192 12
2193 12
2194 8
2195 7
2196 6
2197 11
2198 5
2199 7
2200 5
2201 3
2202 5
2203 6
2204 5
2205 5
2206 6
2207 8
2208 8
2209 6
2210 17
2211 6
2212 5
2213 7
2214 6
2215 6
2216 8
2217 10
2218 6
2219 6
2220 7
2221 7
2222 14
2223 10
2224 11
2225 6
2226 9
2227 8
2228 13
2229 2
2230 4
2231 9
2232 8
2233 9
2234 9
2235 7
2236 5
2237 4
2238 8
2239 5
2240 10
2241 3
2242 9
2243 3
2244 15
2245 3
2246 9
2247 4
2248 8
2249 5
2250 7
2251 6
2252 5
2253 9
2254 9
2255 4
2256 12
2257 9
2258 7
2259 12
2260 12
2261 6
2262 9
2263 7
2264 9
2265 10
2266 6
2267 11
2268 10
2269 10
2270 6
2271 5
2272 7
2273 7
2274 7
2275 6
2276 16
2277 10
2278 8
2279 7
2280 17
2281 7
2282 9
2283 9
2284 12
2285 6
2286 2
2287 9
2288 6
2289 9
2290 7
2291 6
2292 5
2293 6
2294 7
2295 9
2296 6
2297 5
2298 5
2299 6
2300 8
2301 5
2302 9
2303 10
2304 8
2305 7
2306 7
2307 7
2308 7
2309 6
2310 7
2311 8
2312 10
2313 12
2314 9
2315 6
2316 4
2317 7
2318 7
2319 8
2320 8
2321 5
2322 6
2323 8
2324 6
2325 11
2326 4
2327 12
2328 7
2329 10
2330 4
2331 5
2332 6
2333 5
2334 5
2335 5
2336 7
2337 7
2338 6
2339 12
2340 3
2341 11
2342 7
2343 8
2344 8
2345 7
2346 9
2347 3
2348 9
2349 6
2350 11
2351 6
2352 7
2353 6
2354 6
2355 8
2356 7
2357 5
2358 2
2359 4
2360 10
2361 9
2362 12
2363 6
2364 10
2365 3
2366 10
2367 8
2368 10
2369 8
2370 6
2371 8
2372 14
2373 8
2374 9
2375 8
2376 10
2377 10
2378 5
2379 8
2380 10
2381 6
2382 8
2383 9
2384 5
2385 3
2386 9
2387 9
2388 8
2389 7
2390 9
2391 8
2392 12
2393 10
2394 8
2395 7
2396 5
2397 7
2398 8
2399 7
2400 6
2401 4
2402 8
2403 7
2404 9
2405 5
2406 6
2407 10
2408 6
2409 3
2410 8
2411 11
2412 7
2413 12
2414 8
2415 6
2416 7
2417 6
2418 10
2419 9
2420 6
2421 9
2422 5
2423 18
2424 5
2425 6
2426 8
2427 4
2428 7
2429 6
2430 6
2431 6
2432 5
2433 11
2434 5
2435 9
2436 10
2437 13
2438 12
2439 8
2440 8
2441 3
2442 7
2443 4
2444 10
2445 9
2446 8
2447 7
2448 4
2449 4
2450 7
2451 8
2452 6
2453 9
2454 7
2455 8
2456 11
2457 10
2458 10
2459 9
2460 11
2461 6
2462 6
2463 10
2464 9
2465 8
2466 5
2467 10
2468 6
2469 7
2470 10
2471 2
2472 7
2473 5
2474 11
2475 11
2476 10
2477 7
2478 8
2479 10
2480 6
2481 5
2482 6
2483 8
2484 2
2485 15
2486 8
2487 9
2488 14
2489 6
2490 9
2491 10
2492 7
2493 11
2494 8
2495 5
2496 3
2497 9
2498 8
2499 10
2500 12
2501 8
2502 6
2503 6
2504 6
2505 5
2506 8
2507 8
2508 8
2509 6
2510 15
2511 6
2512 5
2513 6
2514 7
2515 7
2516 11
2517 8
2518 9
2519 8
2520 8
2521 6
2522 8
2523 11
2524 13
2525 10
2526 7
2527 7
2528 10
2529 7
2530 9
2531 13
2532 8
2533 6
2534 6
2535 9
2536 11
2537 5
2538 6
2539 10
2540 7
2541 7
2542 9
2543 11
2544 9
2545 11
2546 7
2547 10
2548 12
2549 5
2550 5
2551 9
2552 8
2553 8
2554 15
2555 8
2556 12
2557 7
2558 9
2559 11
2560 12
2561 6
2562 6
2563 11
2564 5
2565 3
2566 8
2567 7
2568 9
2569 11
2570 10
2571 16
2572 4
2573 10
2574 10
2575 10
2576 11
2577 10
2578 15
2579 8
2580 6
2581 10
2582 11
2583 5
2584 6
2585 6
2586 5
2587 8
2588 9
2589 14
2590 11
2591 7
2592 11
2593 6
2594 6
2595 8
2596 9
2597 9
2598 11
2599 13
2600 16
2601 14
2602 6
2603 12
2604 7
2605 11
2606 10
2607 12
2608 11
2609 6
2610 9
2611 11
2612 5
2613 7
2614 8
2615 11
2616 5
2617 15
2618 10
2619 8
2620 7
2621 6
2622 6
2623 16
2624 3
2625 11
2626 9
2627 5
2628 11
2629 11
2630 5
2631 17
2632 10
2633 8
2634 10
2635 11
2636 8
2637 6
2638 9
2639 7
2640 8
2641 9
2642 12
2643 9
2644 5
2645 3
2646 12
2647 4
2648 8
2649 9
2650 6
2651 7
2652 10
2653 8
2654 10
2655 13
2656 10
2657 8
2658 8
2659 11
2660 9
2661 8
2662 12
2663 11
2664 8
2665 7
2666 10
2667 9
2668 18
2669 10
2670 13
2671 12
2672 9
2673 7
2674 10
2675 5
2676 5
2677 13
2678 17
2679 14
2680 5
2681 7
2682 10
2683 9
2684 5
2685 12
2686 11
2687 15
2688 7
2689 15
2690 14
2691 10
2692 4
2693 9
2694 5
2695 6
2696 13
2697 5
2698 5
2699 10
2700 11
2701 10
2702 11
2703 5
2704 15
2705 11
2706 8
2707 9
2708 6
2709 9
2710 10
2711 7
2712 10
2713 13
2714 7
2715 4
2716 9
2717 5
2718 6
2719 11
2720 7
2721 9
2722 8
2723 9
2724 7
2725 13
2726 10
2727 12
2728 7
2729 15
2730 14
2731 7
2732 14
2733 10
2734 11
2735 4
2736 5
2737 5
2738 7
2739 5
2740 11
2741 6
2742 8
2743 9
2744 10
2745 7
2746 12
2747 9
2748 13
2749 15
2750 6
2751 8
2752 7
2753 10
2754 14
2755 4
2756 5
2757 14
2758 11
2759 14
2760 7
2761 7
2762 15
2763 5
2764 12
2765 7
2766 10
2767 14
2768 10
2769 6
2770 6
2771 12
2772 9
2773 8
2774 4
2775 11
2776 6
2777 6
2778 6
2779 10
2780 14
2781 10
2782 12
2783 9
2784 7
2785 8
2786 9
2787 9
2788 8
2789 9
2790 11
2791 9
2792 10
2793 8
2794 10
2795 13
2796 8
2797 10
2798 14
2799 11
2800 7
2801 14
2802 16
2803 5
2804 8
2805 13
2806 10
2807 10
2808 8
2809 9
2810 7
2811 12
2812 8
2813 9
2814 10
2815 7
2816 8
2817 13
2818 5
2819 5
2820 5
2821 5
2822 6
2823 13
2824 11
2825 6
2826 8
2827 8
2828 12
2829 5
2830 6
2831 12
2832 8
2833 10
2834 8
2835 7
2836 8
2837 14
2838 6
2839 8
2840 9
2841 5
2842 12
2843 11
2844 10
2845 11
2846 8
2847 4
2848 11
2849 9
2850 16
2851 6
2852 13
2853 8
2854 14
2855 8
2856 6
2857 16
2858 9
2859 9
2860 8
2861 9
2862 15
2863 9
2864 12
2865 7
2866 5
2867 10
2868 10
2869 5
2870 5
2871 4
2872 6
2873 11
2874 13
2875 8
2876 7
2877 7
2878 5
2879 8
2880 7
2881 4
2882 9
2883 10
2884 3
2885 9
2886 5
2887 17
2888 5
2889 9
2890 11
2891 9
2892 8
2893 10
2894 8
2895 6
2896 10
2897 10
2898 12
2899 4
2900 4
2901 9
2902 10
2903 9
2904 9
2905 11
2906 11
2907 7
2908 10
2909 6
2910 7
2911 8
2912 3
2913 4
2914 11
2915 8
2916 7
2917 5
2918 6
2919 5
2920 8
2921 12
2922 4
2923 8
2924 13
2925 5
2926 6
2927 5
2928 12
2929 7
2930 8
2931 8
2932 5
2933 8
2934 8
2935 9
2936 13
2937 4
2938 7
2939 7
2940 9
2941 2
2942 5
2943 10
2944 6
2945 8
2946 5
2947 11
2948 10
2949 7
2950 9
2951 7
2952 5
2953 11
2954 10
2955 8
2956 7
2957 12
2958 9
2959 2
2960 8
2961 8
2962 12
2963 8
2964 7
2965 5
2966 8
2967 9
2968 4
2969 6
2970 7
2971 8
2972 3
2973 9
2974 8
2975 8
2976 8
2977 9
2978 10
2979 5
2980 13
2981 10
2982 8
2983 6
2984 5
2985 8
2986 10
2987 13
2988 9
2989 9
2990 10
2991 6
2992 7
2993 9
2994 8
2995 6
2996 10
2997 8
2998 4
2999 4
3000 6
3001 11
3002 6
3003 12
3004 14
3005 8
3006 8
3007 17
3008 11
3009 6
3010 11
3011 13
3012 9
3013 11
3014 9
3015 10
3016 10
3017 6
3018 9
3019 8
3020 7
3021 6
3022 2
3023 4
3024 9
3025 9
3026 11
3027 8
3028 6
3029 10
3030 4
3031 9
3032 11
3033 13
3034 2
3035 11
3036 6
3037 7
3038 11
3039 13
3040 7
3041 6
3042 12
3043 7
3044 11
3045 17
3046 5
3047 12
3048 7
3049 11
3050 11
3051 2
3052 6
3053 10
3054 5
3055 10
3056 4
3057 5
3058 7
3059 11
3060 14
3061 9
3062 6
3063 7
3064 8
3065 9
3066 3
3067 8
3068 9
3069 8
3070 8
3071 6
3072 8
3073 3
3074 8
3075 7
3076 12
3077 4
3078 5
3079 8
3080 8
3081 5
3082 6
3083 13
3084 7
3085 3
3086 7
3087 8
3088 4
3089 3
3090 8
3091 13
3092 6
3093 8
3094 4
3095 8
3096 7
3097 10
3098 9
3099 6
3100 7
3101 8
3102 8
3103 7
3104 6
3105 8
3106 9
3107 3
3108 6
3109 2
3110 8
3111 13
3112 6
3113 6
3114 8
3115 6
3116 5
3117 8
3118 8
3119 3
3120 11
3121 9
3122 9
3123 6
3124 10
3125 10
3126 6
3127 14
3128 5
3129 6
3130 7
3131 6
3132 9
3133 1
3134 9
3135 8
3136 9
3137 8
3138 4
3139 7
3140 3
3141 14
3142 6
3143 7
3144 9
3145 13
3146 6
3147 11
3148 8
3149 10
3150 4
3151 7
3152 5
3153 5
3154 4
3155 10
3156 8
3157 8
3158 10
3159 8
3160 8
3161 10
3162 10
3163 1
3164 13
3165 11
3166 6
3167 2
3168 8
3169 9
3170 9
3171 12
3172 5
3173 7
3174 5
3175 7
3176 6
3177 9
3178 6
3179 9
3180 11
3181 12
3182 8
3183 5
3184 10
3185 7
3186 6
3187 10
3188 11
3189 7
3190 5
3191 6
3192 3
3193 6
3194 6
3195 9
3196 2
3197 9
3198 5
3199 6
3200 4
3201 17
3202 5
3203 5
3204 8
3205 7
3206 4
3207 2
3208 5
3209 7
3210 4
3211 13
3212 1
3213 11
3214 8
3215 5
3216 9
3217 6
3218 6
3219 7
3220 9
3221 8
3222 4
3223 7
3224 7
3225 7
3226 6
3227 9
3228 9
3229 7
3230 4
3231 8
3232 8
3233 7
3234 8
3235 8
3236 7
3237 9
3238 8
3239 6
3240 5
3241 2
3242 7
3243 8
3244 6
3245 8
3246 8
3247 7
3248 9
3249 11
3250 4
3251 7
3252 4
3253 3
3254 12
3255 7
3256 8
3257 8
3258 9
3259 3
3260 6
3261 10
3262 4
3263 10
3264 3
3265 5
3266 5
3267 9
3268 4
3269 10
3270 2
3271 5
3272 7
3273 8
3274 3
3275 12
3276 8
3277 14
3278 3
3279 7
3280 13
3281 7
3282 5
3283 9
3284 7
3285 4
3286 8
3287 4
3288 5
3289 5
3290 3
3291 7
3292 5
3293 9
3294 8
3295 5
3296 11
3297 7
3298 5
3299 6
3300 3
3301 5
3302 4
3303 6
3304 8
3305 3
3306 12
3307 11
3308 6
3309 6
3310 2
3311 5
3312 3
3313 9
3314 9
3315 7
3316 6
3317 5
3318 10
3319 7
3320 3
3321 8
3322 8
3323 2
3324 7
3325 7
3326 9
3327 7
3328 5
3329 8
3330 6
3331 12
3332 11
3333 4
3334 2
3335 10
3336 6
3337 5
3338 5
3339 9
3340 7
3341 10
3342 5
3343 10
3344 9
3345 8
3346 9
3347 7
3348 4
3349 6
3350 8
3351 7
3352 6
3353 5
3354 5
3355 9
3356 5
3357 7
3358 4
3360 8
3361 4
3362 4
3363 5
3364 8
3365 7
3366 8
3367 5
3368 3
3369 11
3370 4
3371 4
3372 4
3373 5
3374 5
3375 13
3376 5
3377 7
3378 3
3379 10
3380 7
3381 4
3382 9
3383 5
3384 5
3385 9
3386 6
3387 6
3388 6
3389 6
3390 10
3391 7
3392 6
3393 4
3394 3
3395 13
3396 6
3397 5
3398 12
3399 7
3400 5
3401 4
3402 8
3403 10
3404 6
3405 3
3406 5
3407 6
3408 7
3409 5
3410 6
3411 6
3412 7
3413 7
3414 3
3415 5
3416 4
3417 8
3418 10
3419 6
3420 1
3421 6
3422 6
3423 6
3424 9
3425 5
3426 6
3427 7
3428 4
3429 3
3430 3
3431 2
3432 5
3433 4
3434 6
3435 8
3436 3
3437 6
3438 6
3439 3
3440 6
3441 4
3442 7
3443 2
3444 5
3445 7
3446 7
3447 5
3448 3
3449 4
3450 5
3451 8
3452 7
3453 6
3454 8
3455 12
3456 3
3457 4
3458 5
3459 6
3460 9
3461 3
3462 7
3463 4
3464 5
3465 8
3466 6
3467 5
3468 7
3469 6
3470 4
3471 4
3472 6
3473 2
3474 5
3475 6
3476 3
3477 8
3478 4
3479 4
3480 2
3481 11
3482 5
3483 8
3484 5
3485 7
3486 10
3487 7
3488 5
3489 2
3490 5
3491 2
3492 8
3493 6
3494 8
3495 6
3496 4
3497 5
3498 4
3499 3
3500 5
3501 3
3502 7
3503 5
3504 8
3505 5
3506 3
3507 2
3508 5
3509 7
3510 5
3511 5
3512 6
3513 9
3514 4
3515 7
3516 6
3517 9
3518 5
3519 2
3520 1
3521 6
3522 2
3523 4
3524 7
3525 7
3526 7
3527 6
3528 5
3529 7
3530 8
3531 4
3532 5
3533 6
3534 7
3535 7
3536 7
3537 3
3538 3
3539 5
3540 4
3541 2
3542 4
3543 3
3544 4
3545 5
3546 4
3547 1
3548 6
3549 4
3550 4
3551 8
3552 5
3553 2
3554 7
3555 6
3556 5
3557 8
3558 3
3559 4
3560 9
3561 5
3562 7
3563 5
3564 5
3565 7
3566 7
3567 5
3568 5
3569 8
3570 5
3571 5
3572 8
3573 3
3574 8
3575 8
3576 8
3577 6
3578 1
3579 6
3580 7
3581 3
3582 5
3583 4
3584 6
3585 5
3586 6
3587 4
3588 4
3589 6
3590 5
3591 5
3592 4
3593 7
3594 3
3595 2
3596 4
3597 4
3598 4
3599 9
3600 8
3601 3
3602 4
3603 6
3604 9
3605 4
3606 9
3607 5
3608 6
3609 6
3610 8
3611 2
3612 3
3613 6
3614 7
3615 7
3616 4
3617 4
3618 8
3619 3
3620 8
3621 4
3622 5
3623 3
3624 7
3625 6
3626 7
3627 7
3628 8
3629 8
3630 9
3631 1
3632 8
3633 7
3634 7
3635 3
3636 2
3637 5
3638 3
3639 4
3640 6
3641 10
3642 10
3643 3
3644 6
3645 6
3646 8
3647 7
3648 4
3649 5
3651 6
3652 6
3653 5
3654 6
3655 2
3656 3
3657 7
3658 7
3659 5
3660 8
3661 7
3662 1
3663 5
3664 5
3665 4
3666 3
3667 4
3668 6
3669 2
3670 6
3671 4
3672 4
3673 7
3674 4
3675 5
3676 5
3677 7
3678 2
3679 4
3680 2
3681 8
3682 6
3683 5
3684 6
3685 10
3686 4
3687 7
3688 3
3689 4
3690 6
3691 3
3692 3
3693 4
3694 3
3695 8
3696 4
3697 5
3698 6
3699 3
3700 10
3701 5
3702 9
3703 5
3704 4
3705 7
3706 3
3707 5
3708 5
3709 9
3710 3
3711 4
3712 5
3713 6
3714 6
3715 2
3716 5
3717 3
3718 6
3719 2
3720 1
3721 4
3722 5
3723 3
3724 8
3725 4
3726 4
3727 8
3728 5
3729 8
3730 5
3731 7
3732 5
3733 4
3734 5
3735 4
3736 2
3737 5
3738 5
3739 6
3740 1
3741 7
3742 3
3743 9
3744 1
3745 6
3746 4
3747 7
3748 5
3749 6
3750 2
3751 6
3752 6
3753 2
3754 4
3755 4
3756 3
3757 5
3758 5
3759 2
3760 2
3761 5
3762 2
3763 4
3764 5
3765 3
3766 9
3767 7
3768 2
3769 4
3770 4
3771 3
3772 4
3773 6
3774 5
3775 2
3776 7
3777 3
3778 6
3779 10
3780 3
3781 3
3782 6
3783 5
3784 2
3785 5
3786 6
3787 5
3788 5
3789 7
3790 3
3791 5
3792 5
3793 1
3794 7
3795 6
3796 6
3797 5
3798 5
3799 6
3800 3
3801 7
3802 6
3803 9
3804 3
3805 9
3806 5
3807 3
3808 8
3809 5
3810 2
3811 2
3812 3
3813 7
3814 5
3815 5
3816 4
3817 7
3818 3
3819 5
3820 6
3821 1
3822 4
3823 3
3824 7
3825 3
3826 7
3827 1
3828 4
3829 4
3830 2
3831 4
3832 6
3833 3
3834 5
3835 2
3836 7
3837 5
3838 5
3839 5
3840 5
3841 5
3842 4
3843 2
3844 7
3845 7
3846 6
3847 7
3848 7
3849 6
3850 6
3851 3
3852 5
3853 3
3854 4
3855 6
3856 6
3857 4
3858 1
3859 5
3860 7
3861 5
3862 6
3863 2
3864 7
3865 5
3866 5
3867 8
3868 2
3869 3
3870 7
3871 6
3872 3
3873 6
3874 5
3875 6
3876 6
3877 2
3878 8
3879 3
3880 7
3881 3
3882 1
3883 4
3884 3
3885 4
3886 6
3887 7
3888 3
3889 7
3890 6
3891 9
3892 6
3893 6
3894 6
3895 8
3896 4
3897 3
3898 7
3899 3
3900 3
3901 4
3902 3
3903 6
3904 6
3905 6
3906 4
3907 6
3908 3
3909 3
3910 2
3911 2
3912 4
3913 3
3914 5
3915 5
3916 4
3917 2
3918 5
3919 3
3920 6
3921 6
3922 7
3923 5
3924 9
3925 8
3926 6
3927 10
3928 5
3929 6
3930 3
3931 8
3932 6
3933 4
3934 2
3935 7
3936 6
3937 7
3938 1
3939 4
3940 4
3941 4
3942 7
3943 5
3944 7
3945 5
3947 4
3948 3
3949 6
3950 8
3951 7
3952 3
3953 5
3954 4
3955 3
3956 5
3957 9
3959 3
3960 3
3961 2
3962 4
3963 4
3964 2
3965 6
3966 9
3967 8
3968 11
3969 4
3970 4
3971 4
3972 6
3973 4
3974 5
3975 3
3976 4
3977 4
3978 7
3979 1
3980 3
3981 3
3982 3
3983 4
3984 5
3985 3
3986 6
3987 2
3988 3
3989 3
3990 6
3991 4
3992 4
3993 4
3994 1
3995 7
3996 3
3997 2
3998 5
3999 3
4000 4
4001 4
4002 3
4003 4
4004 3
4005 5
4006 6
4007 9
4008 6
4009 3
4010 2
4011 9
4012 5
4013 2
4014 7
4015 3
4016 7
4017 8
4018 2
4019 6
4020 4
4021 3
4022 1
4023 7
4024 1
4025 10
4026 3
4027 3
4028 4
4029 7
4030 3
4031 3
4032 7
4033 3
4034 2
4035 7
4036 9
4037 10
4038 2
4039 4
4040 3
4041 5
4042 4
4043 5
4044 4
4045 3
4046 6
4047 1
4048 5
4049 8
4050 3
4051 2
4052 5
4053 4
4055 3
4056 4
4057 6
4058 8
4059 8
4060 6
4061 3
4062 3
4063 7
4064 3
4065 6
4066 2
4067 1
4068 5
4069 8
4070 7
4071 6
4072 7
4073 6
4074 6
4075 7
4076 5
4077 3
4078 3
4079 3
4080 4
4081 3
4082 4
4083 1
4085 3
4086 3
4087 3
4088 6
4089 5
4090 5
4091 4
4092 5
4093 8
4095 5
4096 6
4097 3
4098 4
4099 4
4100 1
4101 3
4102 3
4103 3
4104 1
4105 2
4106 4
4107 3
4108 5
4109 4
4110 5
4111 3
4112 6
4113 4
4114 5
4115 5
4116 6
4117 7
4118 3
4119 3
4120 4
4121 3
4122 2
4123 6
4124 5
4125 2
4126 3
4127 3
4128 4
4129 4
4130 3
4131 3
4132 4
4133 7
4134 3
4135 5
4136 3
4137 4
4138 5
4139 3
4140 8
4141 4
4142 2
4143 7
4144 6
4145 2
4146 4
4147 4
4148 3
4149 5
4150 6
4152 5
4153 5
4154 2
4155 5
4156 3
4157 3
4158 4
4159 8
4160 8
4161 8
4162 9
4163 8
4164 5
4165 6
4166 6
4167 1
4168 3
4169 5
4170 3
4171 6
4172 8
4173 5
4174 4
4175 7
4176 5
4177 3
4178 5
4179 3
4180 1
4181 2
4182 3
4183 7
4184 1
4185 2
4186 10
4187 3
4188 7
4189 2
4190 3
4191 3
4192 4
4193 2
4194 4
4195 6
4196 8
4197 3
4198 4
4199 2
4200 4
4201 2
4202 1
4203 2
4204 2
4205 4
4206 1
4207 5
4208 1
4209 6
4210 6
4211 2
4212 7
4213 6
4214 5
4215 4
4216 7
4217 6
4218 3
4219 4
4220 3
4221 3
4222 5
4223 5
4224 3
4225 3
4226 2
4227 2
4228 2
4229 4
4230 9
4231 3
4232 4
4233 4
4234 6
4235 3
4236 4
4237 3
4238 2
4239 5
4240 4
4241 3
4242 8
4243 2
4244 2
4245 4
4247 2
4248 7
4249 4
4250 5
4251 3
4252 6
4253 5
4254 5
4255 4
4256 3
4257 6
4258 4
4259 4
4260 1
4261 6
4262 3
4263 2
4264 6
4265 6
4266 3
4267 3
4268 1
4269 3
4270 1
4271 4
4272 3
4273 3
4274 7
4275 3
4276 4
4277 5
4278 2
4279 2
4280 4
4281 6
4282 5
4283 3
4284 3
4285 6
4286 6
4287 6
4288 6
4289 5
4290 6
4291 4
4292 4
4293 2
4294 1
4295 3
4297 3
4298 2
4299 4
4300 4
4301 4
4302 2
4303 8
4304 3
4305 6
4306 4
4307 2
4308 3
4309 2
4310 3
4311 5
4312 1
4313 3
4314 4
4315 5
4316 3
4317 3
4318 5
4319 2
4320 2
4321 3
4322 1
4323 4
4324 8
4325 2
4326 4
4327 6
4328 6
4329 2
4330 5
4331 4
4332 3
4333 8
4334 6
4335 3
4336 4
4337 3
4338 4
4339 4
4341 6
4342 2
4343 7
4344 2
4345 4
4346 2
4347 5
4348 2
4349 2
4350 4
4351 1
4352 1
4353 1
4354 3
4355 2
4356 1
4357 5
4358 1
4359 3
4360 1
4361 2
4362 4
4363 5
4364 2
4365 2
4366 2
4367 1
4368 4
4369 5
4370 7
4371 6
4372 5
4373 3
4374 2
4375 7
4376 2
4378 2
4379 6
4380 3
4381 2
4382 3
4383 3
4384 3
4385 3
4386 2
4387 2
4388 4
4390 4
4391 2
4392 1
4393 4
4394 6
4395 2
4396 1
4398 5
4400 1
4401 4
4402 3
4403 2
4404 2
4405 2
4407 2
4408 3
4409 4
4410 1
4411 3
4412 6
4413 2
4414 11
4415 5
4416 2
4417 2
4418 4
4419 2
4420 6
4421 4
4422 5
4423 2
4424 2
4425 2
4426 2
4427 4
4429 3
4430 9
4431 3
4432 4
4433 1
4434 4
4435 3
4436 3
4437 1
4438 2
4439 4
4440 2
4441 4
4442 4
4443 6
4445 6
4446 2
4447 1
4448 1
4449 3
4450 5
4451 3
4452 1
4453 1
4454 2
4455 3
4456 4
4457 1
4458 5
4459 10
4460 4
4461 1
4462 5
4463 3
4464 5
4465 5
4466 1
4468 2
4469 1
4470 2
4471 3
4472 3
4473 1
4474 1
4475 5
4476 4
4477 7
4478 4
4479 2
4480 7
4481 7
4482 1
4483 4
4484 1
4485 3
4486 3
4487 1
4488 1
4489 2
4490 6
4491 7
4492 5
4493 3
4494 2
4495 2
4496 3
4497 4
4498 6
4500 7
4501 2
4502 3
4503 5
4504 1
4505 2
4506 5
4507 3
4509 4
4510 3
4511 3
4512 2
4514 4
4515 2
4516 4
4517 4
4518 4
4519 3
4520 1
4521 1
4522 4
4523 3
4524 4
4525 4
4526 3
4527 2
4528 2
4529 5
4530 3
4531 4
4532 4
4533 4
4534 3
4535 3
4536 5
4537 7
4538 3
4539 1
4540 2
4541 4
4542 3
4543 4
4544 3
4545 1
4546 5
4547 5
4548 1
4549 3
4550 3
4551 3
4552 2
4553 1
4554 1
4555 3
4556 6
4557 1
4558 4
4559 2
4561 1
4562 4
4563 4
4564 3
4566 3
4567 2
4568 3
4569 6
4570 5
4571 1
4572 9
4573 4
4574 2
4575 4
4576 2
4578 3
4579 4
4580 5
4581 2
4582 3
4583 3
4584 1
4585 5
4586 2
4587 4
4588 1
4589 3
4590 4
4591 3
4592 4
4593 2
4596 2
4597 2
4598 2
4599 3
4601 2
4602 2
4603 4
4604 2
4605 2
4606 4
4607 3
4608 4
4609 5
4610 2
4611 6
4612 2
4613 2
4614 4
4615 3
4616 1
4617 2
4618 5
4619 2
4621 2
4622 3
4623 5
4624 1
4625 2
4626 2
4627 2
4628 1
4629 1
4630 2
4631 3
4632 5
4633 3
4634 2
4635 3
4636 3
4637 3
4638 3
4639 4
4640 2
4641 2
4642 4
4643 1
4644 4
4645 6
4646 1
4647 2
4648 6
4649 2
4650 3
4651 2
4652 3
4654 6
4655 3
4656 4
4657 2
4658 2
4659 5
4660 3
4662 2
4663 3
4664 6
4665 4
4666 4
4667 1
4668 3
4669 3
4670 4
4671 2
4672 2
4673 1
4674 4
4675 3
4676 3
4677 1
4679 2
4680 3
4681 2
4682 1
4683 3
4684 2
4685 3
4688 5
4689 1
4691 5
4692 3
4693 1
4694 3
4695 3
4696 4
4697 5
4698 1
4699 6
4700 4
4701 1
4703 3
4704 5
4705 2
4706 4
4708 2
4709 1
4710 8
4711 1
4712 2
4713 4
4714 2
4716 1
4717 4
4718 3
4719 5
4720 2
4721 2
4722 1
4723 5
4724 4
4725 1
4726 3
4727 2
4728 2
4729 1
4730 4
4731 2
4732 1
4733 1
4734 4
4735 2
4736 4
4737 5
4738 5
4739 2
4740 2
4741 1
4742 1
4743 6
4744 2
4745 1
4746 2
4747 2
4748 2
4749 1
4750 2
4751 2
4752 3
4753 3
4755 5
4756 3
4757 1
4758 6
4759 4
4760 5
4761 4
4762 3
4764 3
4765 4
4767 6
4768 3
4769 1
4770 3
4771 1
4772 5
4773 2
4774 2
4775 1
4776 1
4777 1
4778 2
4779 1
4780 3
4782 1
4783 2
4784 5
4785 3
4786 1
4787 4
4788 5
4789 3
4790 3
4791 1
4792 1
4793 4
4794 4
4795 1
4796 1
4797 1
4798 2
4799 4
4800 6
4801 2
4802 1
4803 4
4804 2
4805 3
4806 3
4807 4
4808 1
4810 3
4811 7
4812 3
4813 3
4814 2
4815 1
4817 5
4818 3
4819 3
4820 4
4821 1
4823 4
4825 1
4826 1
4827 1
4828 2
4829 4
4830 1
4831 1
4832 5
4834 4
4835 1
4836 1
4837 5
4838 3
4839 2
4840 5
4842 3
4843 3
4844 3
4845 1
4846 2
4847 4
4848 1
4849 1
4850 4
4851 1
4852 3
4853 3
4854 5
4855 1
4856 1
4857 1
4858 1
4860 1
4861 1
4862 5
4863 7
4864 4
4865 1
4866 3
4867 3
4868 3
4869 4
4870 1
4871 1
4872 3
4873 3
4874 2
4875 1
4876 2
4877 3
4878 1
4879 3
4880 3
4881 2
4882 2
4883 1
4884 5
4885 3
4886 3
4887 5
4888 3
4889 3
4890 2
4891 1
4892 2
4893 2
4894 5
4895 7
4896 2
4897 1
4898 5
4899 3
4900 4
4902 1
4904 3
4905 4
4906 1
4908 3
4909 3
4910 8
4911 2
4912 4
4915 1
4916 4
4917 4
4918 3
4919 2
4920 3
4922 4
4925 6
4926 2
4927 1
4928 1
4929 3
4931 3
4932 2
4934 3
4935 3
4936 2
4937 1
4938 2
4939 5
4940 3
4941 4
4942 3
4943 2
4944 1
4945 3
4946 1
4947 4
4948 5
4949 1
4950 2
4951 2
4952 2
4953 3
4954 3
4955 3
4956 4
4958 1
4959 1
4960 4
4961 1
4962 3
4963 3
4965 2
4966 2
4967 2
4968 3
4969 2
4970 6
4971 1
4974 1
4975 6
4976 3
4977 2
4978 4
4979 2
4980 3
4981 1
4982 2
4984 3
4985 1
4986 1
4987 3
4988 2
4989 1
4990 3
4991 3
4992 7
4994 4
4995 4
4996 4
4997 1
4998 1
4999 1
5001 5
5002 6
5003 3
5004 1
5005 2
5006 2
5007 2
5008 2
5009 2
5010 1
5011 4
5012 3
5013 3
5014 4
5015 2
5017 2
5018 3
5019 1
5020 1
5021 4
5022 3
5023 2
5024 2
5025 2
5026 4
5027 2
5028 5
5029 1
5030 1
5031 3
5032 3
5033 1
5034 1
5035 2
5037 2
5038 4
5039 3
5040 3
5041 2
5042 3
5043 2
5044 1
5045 2
5046 1
5047 2
5048 4
5049 3
5050 1
5051 3
5053 3
5054 2
5055 6
5056 3
5057 2
5058 3
5059 1
5060 1
5062 1
5064 1
5065 1
5066 4
5069 1
5070 3
5071 2
5073 3
5074 1
5075 2
5076 6
5077 2
5078 3
5079 2
5080 3
5081 1
5082 1
5083 2
5084 1
5085 2
5087 1
5088 2
5090 4
5091 1
5092 4
5093 3
5094 3
5095 3
5096 2
5097 3
5098 6
5099 3
5100 2
5101 2
5103 1
5104 2
5105 3
5106 2
5107 1
5108 2
5109 3
5111 2
5112 1
5113 2
5114 1
5117 4
5118 5
5120 2
5121 2
5122 3
5124 2
5126 1
5127 4
5129 2
5130 1
5131 3
5133 5
5134 2
5135 5
5137 2
5138 2
5139 2
5140 2
5141 2
5142 1
5143 3
5144 1
5145 1
5146 2
5148 1
5149 2
5150 2
5151 1
5152 2
5153 1
5156 5
5157 1
5158 7
5159 1
5160 3
5161 2
5162 3
5163 2
5164 2
5165 2
5166 3
5167 2
5168 2
5169 2
5170 3
5171 4
5172 1
5173 2
5174 1
5175 4
5176 3
5178 4
5179 2
5181 2
5182 1
5183 3
5184 3
5185 1
5186 3
5187 1
5188 1
5189 3
5190 2
5191 4
5192 2
5193 1
5194 2
5195 1
5197 1
5198 1
5199 5
5200 6
5201 4
5202 2
5203 3
5204 4
5205 1
5206 2
5207 4
5208 2
5209 4
5210 2
5211 2
5212 2
5213 5
5214 1
5215 1
5216 3
5217 1
5218 2
5219 1
5220 1
5221 1
5222 3
5223 2
5225 2
5226 2
5227 2
5228 2
5230 7
5231 2
5232 2
5234 3
5235 1
5236 2
5237 3
5238 1
5239 1
5240 2
5241 1
5242 5
5243 2
5244 3
5246 1
5247 1
5248 2
5249 1
5250 1
5251 2
5252 5
5254 3
5255 1
5256 2
5257 4
5258 1
5259 1
5260 6
5261 1
5262 2
5264 1
5265 1
5266 1
5267 1
5268 2
5269 1
5270 2
5272 1
5273 1
5274 3
5275 1
5276 1
5279 3
5280 2
5281 2
5282 1
5283 1
5285 2
5290 5
5292 3
5293 1
5294 2
5295 3
5296 2
5297 3
5298 1
5300 3
5301 3
5302 1
5303 1
5304 2
5305 2
5306 3
5307 4
5308 1
5309 3
5310 2
5312 2
5313 1
5314 1
5315 2
5316 2
5317 3
5320 1
5321 3
5322 1
5323 2
5324 2
5325 1
5326 4
5327 2
5328 3
5329 2
5330 1
5332 2
5333 2
5335 3
5336 2
5337 2
5339 1
5340 1
5341 4
5342 3
5343 1
5344 2
5345 6
5346 2
5347 1
5348 2
5349 2
5350 1
5351 2
5352 3
5353 2
5354 1
5357 1
5358 4
5359 3
5360 1
5361 1
5362 1
5363 1
5364 1
5365 2
5366 1
5367 2
5368 2
5369 3
5370 4
5371 2
5372 2
5373 1
5374 2
5375 2
5377 1
5378 1
5379 5
5381 1
5383 2
5384 1
5385 1
5386 4
5387 1
5388 2
5389 4
5390 3
5391 2
5392 1
5393 1
5395 1
5396 2
5397 3
5398 1
5400 2
5401 1
5402 1
5403 1
5404 1
5406 2
5407 3
5408 5
5410 2
5411 2
5412 2
5413 2
5415 3
5416 1
5417 1
5418 1
5420 2
5422 1
5423 1
5424 3
5426 1
5428 1
5430 2
5431 1
5432 3
5433 1
5434 2
5435 1
5437 2
5438 1
5439 2
5440 4
5441 2
5442 2
5443 2
5445 2
5446 2
5448 1
5449 1
5451 3
5452 1
5453 1
5454 3
5455 3
5456 1
5457 2
5458 1
5459 2
5461 2
5462 1
5463 1
5464 2
5465 2
5466 1
5467 2
5468 1
5469 3
5472 2
5474 3
5475 2
5476 4
5477 1
5478 3
5479 2
5480 1
5481 2
5482 3
5483 2
5484 1
5487 2
5488 2
5489 3
5490 2
5491 1
5492 1
5493 3
5494 4
5496 1
5497 2
5498 2
5500 1
5501 4
5502 1
5504 1
5505 2
5506 1
5508 2
5510 1
5511 2
5512 2
5513 4
5514 3
5515 2
5516 1
5517 1
5519 3
5520 2
5521 3
5523 1
5524 2
5525 1
5526 2
5527 1
5528 1
5529 2
5530 1
5532 6
5533 1
5534 2
5535 2
5537 1
5538 2
5539 4
5540 1
5544 2
5545 3
5546 1
5547 3
5548 3
5549 2
5550 3
5552 3
5553 1
5554 1
5555 2
5556 1
5558 1
5559 1
5560 3
5561 2
5565 4
5566 1
5567 1
5568 1
5569 1
5572 2
5573 1
5574 2
5575 1
5576 2
5577 1
5578 1
5580 2
5581 3
5582 2
5583 1
5584 1
5585 2
5587 1
5588 1
5589 3
5590 3
5591 4
5592 1
5593 1
5594 1
5595 1
5596 1
5598 2
5601 4
5602 1
5603 1
5604 4
5605 4
5608 1
5609 4
5611 1
5613 1
5615 2
5616 2
5618 3
5619 1
5620 4
5621 3
5622 1
5623 2
5624 3
5625 1
5627 1
5630 3
5632 1
5633 2
5634 3
5635 1
5636 1
5637 1
5639 1
5640 1
5641 2
5642 1
5643 2
5644 2
5646 1
5647 2
5648 2
5649 2
5652 1
5653 1
5654 3
5657 1
5658 3
5659 1
5660 2
5661 4
5664 1
5665 1
5666 2
5667 1
5669 2
5670 1
5671 2
5673 2
5674 1
5676 1
5677 1
5678 2
5679 1
5680 2
5681 3
5682 2
5684 1
5685 3
5686 2
5687 2
5689 4
5694 1
5695 3
5700 4
5701 4
5702 1
5703 3
5706 1
5707 3
5708 1
5709 1
5711 3
5712 1
5713 2
5714 2
5716 2
5717 4
5718 2
5719 3
5720 1
5721 1
5723 1
5725 2
5726 2
5730 2
5732 1
5734 1
5735 2
5736 1
5737 1
5740 1
5741 3
5742 1
5743 2
5744 3
5745 1
5746 3
5747 1
5748 1
5749 1
5751 2
5752 1
5754 3
5755 3
5757 3
5758 1
5760 2
5761 2
5764 2
5765 3
5766 1
5767 1
5768 2
5769 2
5771 1
5774 4
5775 1
5777 3
5779 1
5780 1
5781 1
5783 1
5784 1
5785 1
5787 2
5788 2
5789 1
5792 1
5793 1
5794 1
5795 4
5797 2
5798 1
5799 2
5800 2
5801 1
5803 2
5804 1
5805 1
5806 1
5808 3
5811 4
5813 2
5816 2
5817 1
5818 2
5821 1
5822 1
5823 1
5825 1
5827 2
5829 1
5830 1
5831 2
5832 1
5834 2
5835 1
5836 2
5837 2
5839 1
5840 2
5841 2
5844 3
5845 1
5846 1
5848 3
5851 1
5853 2
5854 4
5855 1
5856 1
5858 1
5859 1
5860 1
5861 2
5864 3
5865 2
5866 2
5867 1
5870 3
5871 3
5872 2
5873 1
5874 3
5875 1
5876 2
5877 2
5879 2
5880 1
5882 2
5883 2
5884 1
5885 1
5886 1
5887 1
5888 1
5891 3
5892 3
5893 3
5894 3
5898 1
5901 3
5902 2
5903 1
5904 2
5905 1
5907 1
5908 2
5909 1
5910 2
5912 1
5913 1
5914 1
5918 2
5919 3
5921 1
5925 1
5927 1
5928 2
5929 1
5930 2
5931 3
5932 1
5933 1
5934 1
5936 1
5938 1
5939 4
5940 1
5941 1
5942 1
5944 1
5946 4
5948 1
5949 1
5950 1
5951 1
5953 1
5955 1
5956 4
5957 2
5958 3
5960 1
5961 1
5962 1
5963 1
5964 1
5965 1
5966 1
5967 2
5968 2
5970 1
5972 1
5973 2
5974 1
5975 3
5976 2
5977 2
5978 3
5979 1
5980 2
5981 2
5982 2
5983 2
5984 2
5985 1
5986 2
5988 1
5989 3
5990 2
5991 2
5992 2
5993 1
5994 2
5996 1
5997 2
5998 1
5999 1
6000 1
6001 1
6002 3
6005 3
6006 2
6007 1
6008 5
6010 2
6011 3
6012 2
6013 1
6014 2
6015 2
6017 1
6018 2
6019 2
6020 2
6021 3
6022 1
6023 1
6026 1
6029 1
6030 1
6031 1
6032 4
6033 2
6036 1
6037 3
6038 1
6040 1
6041 1
6042 2
6043 1
6044 1
6045 1
6046 1
6048 4
6056 2
6058 1
6060 1
6063 1
6064 1
6066 1
6067 1
6068 1
6069 2
6070 3
6071 1
6072 2
6073 1
6074 1
6075 2
6079 1
6080 5
6083 3
6084 2
6085 1
6086 2
6087 1
6090 1
6092 2
6093 3
6094 1
6095 2
6096 2
6097 1
6099 1
6100 2
6101 2
6103 2
6104 4
6105 1
6106 1
6107 1
6108 1
6109 1
6110 1
6111 1
6112 1
6113 2
6114 2
6116 2
6118 1
6119 1
6124 1
6125 1
6130 1
6131 2
6132 1
6133 1
6134 1
6136 1
6138 2
6139 2
6140 1
6141 1
6142 2
6143 2
6147 1
6148 1
6149 1
6150 1
6153 2
6157 4
6160 1
6161 2
6163 1
6164 1
6167 3
6168 2
6169 4
6170 1
6171 2
6172 1
6173 2
6174 1
6176 1
6178 2
6181 1
6182 1
6183 1
6184 1
6185 1
6186 1
6189 1
6192 1
6193 1
6195 3
6199 1
6200 3
6201 3
6202 2
6203 1
6204 2
6206 2
6209 2
6210 1
6212 3
6215 2
6216 1
6219 1
6222 1
6223 1
6224 1
6225 2
6227 1
6228 4
6229 1
6230 1
6231 2
6235 1
6236 1
6237 1
6238 1
6239 2
6242 1
6244 1
6245 2
6247 2
6248 1
6249 1
6253 1
6254 1
6257 1
6260 1
6261 1
6263 3
6264 1
6265 1
6266 1
6267 1
6268 1
6270 1
6271 1
6272 2
6275 1
6276 1
6278 1
6279 2
6281 1
6282 4
6286 3
6287 1
6290 2
6292 1
6293 2
6294 4
6295 1
6298 1
6303 2
6306 1
6307 1
6311 1
6314 4
6315 3
6316 1
6318 1
6320 1
6321 2
6324 1
6326 3
6327 1
6329 2
6331 1
6334 1
6335 3
6336 1
6338 1
6339 1
6340 1
6342 2
6343 2
6344 1
6345 2
6346 2
6347 1
6348 1
6349 2
6350 2
6354 1
6355 1
6356 1
6361 2
6362 1
6363 2
6365 1
6367 1
6368 1
6369 2
6370 1
6371 2
6373 2
6374 1
6377 1
6378 2
6379 1
6381 2
6387 1
6388 2
6389 2
6390 1
6393 1
6396 1
6397 1
6399 2
6400 1
6401 1
6402 2
6403 1
6404 1
6405 1
6406 1
6408 3
6410 1
6411 1
6412 3
6413 2
6415 2
6416 1
6418 1
6419 2
6421 1
6423 2
6425 2
6426 1
6427 3
6428 1
6431 2
6432 2
6433 1
6435 2
6438 2
6441 1
6443 1
6444 1
6450 1
6453 1
6456 1
6459 1
6460 2
6463 2
6465 1
6468 1
6470 2
6471 1
6473 1
6476 1
6477 1
6478 1
6480 1
6481 1
6482 1
6483 1
6487 2
6488 2
6491 1
6492 4
6494 2
6495 1
6496 1
6498 1
6501 1
6502 1
6503 1
6504 1
6505 1
6506 2
6507 1
6508 1
6510 2
6515 1
6517 2
6518 1
6520 1
6521 1
6523 1
6526 2
6528 2
6529 1
6530 1
6531 1
6532 1
6533 2
6536 2
6537 3
6538 1
6540 2
6542 2
6543 1
6544 2
6545 2
6546 1
6548 1
6549 2
6550 1
6551 1
6555 1
6557 3
6558 2
6560 2
6562 2
6564 1
6565 1
6566 2
6567 1
6568 1
6569 2
6571 2
6575 2
6581 2
6582 1
6584 1
6586 1
6590 1
6591 1
6593 1
6594 1
6595 1
6596 1
6599 1
6600 2
6604 1
6605 1
6606 1
6607 2
6608 1
6609 1
6612 1
6615 1
6618 2
6619 1
6621 1
6624 2
6625 1
6628 1
6629 1
6630 2
6632 2
6633 2
6634 2
6638 2
6639 1
6640 1
6642 1
6643 1
6644 1
6645 1
6646 1
6648 2
6649 1
6654 1
6657 2
6659 1
6661 1
6662 1
6663 2
6664 2
6668 2
6669 1
6671 1
6672 1
6673 1
6674 1
6675 1
6678 2
6679 3
6682 1
6684 1
6687 1
6688 2
6689 1
6691 1
6692 1
6698 2
6701 1
6702 1
6703 1
6705 1
6706 1
6707 1
6708 2
6709 1
6710 2
6712 1
6714 1
6715 1
6716 1
6718 1
6721 1
6723 2
6727 3
6728 1
6730 1
6731 1
6732 1
6737 1
6738 2
6739 2
6740 1
6741 1
6742 1
6745 1
6746 2
6749 2
6750 1
6751 1
6753 1
6755 1
6758 1
6760 1
6761 1
6762 2
6763 1
6764 1
6770 1
6771 2
6777 2
6778 2
6781 1
6782 1
6784 1
6785 3
6786 1
6789 1
6793 2
6794 1
6795 2
6797 2
6799 1
6800 1
6802 1
6803 1
6804 1
6805 1
6807 2
6812 2
6813 1
6816 1
6817 1
6820 1
6821 1
6823 1
6828 1
6830 1
6832 1
6833 2
6834 1
6835 1
6837 1
6838 1
6841 1
6845 1
6846 2
6849 1
6853 2
6856 1
6857 1
6858 2
6863 4
6866 1
6869 2
6870 1
6871 1
6873 2
6874 1
6876 1
6877 1
6878 1
6879 1
6880 2
6881 1
6882 1
6883 2
6886 2
6887 1
6890 1
6892 1
6893 2
6898 1
6901 1
6906 1
6907 1
6909 1
6911 1
6913 1
6914 1
6918 1
6919 1
6922 1
6924 2
6927 1
6933 2
6934 1
6937 1
6939 1
6943 1
6949 1
6950 1
6951 1
6955 3
6957 1
6959 1
6961 1
6962 1
6963 1
6965 1
6966 1
6968 2
6969 1
6970 2
6974 1
6977 4
6981 1
6982 1
6984 1
6989 1
6992 1
6994 1
6996 1
6997 2
7001 1
7004 1
7005 1
7009 1
7010 2
7011 2
7012 4
7013 1
7019 1
7022 1
7023 1
7027 2
7028 1
7029 2
7030 1
7033 1
7038 1
7039 1
7041 1
7042 1
7044 1
7047 2
7048 1
7053 1
7055 1
7056 1
7058 1
7065 1
7067 2
7068 1
7069 3
7071 1
7072 1
7073 1
7076 1
7079 1
7081 2
7083 2
7085 1
7086 1
7091 2
7092 1
7093 1
7094 1
7097 1
7098 4
7099 2
7100 1
7104 1
7107 1
7110 2
7111 4
7116 1
7117 1
7118 2
7121 1
7122 1
7123 3
7124 1
7126 1
7128 1
7129 1
7131 4
7132 2
7138 1
7139 1
7140 1
7141 2
7143 1
7144 2
7149 1
7150 1
7151 1
7152 1
7155 1
7157 1
7158 1
7159 2
7161 2
7165 1
7168 2
7173 1
7177 3
7179 2
7181 2
7182 1
7188 3
7189 1
7190 1
7191 1
7192 1
7194 1
7196 1
7201 2
7202 1
7203 2
7204 1
7208 2
7216 1
7217 1
7218 1
7219 3
7221 1
7226 1
7228 2
7229 1
7230 1
7235 1
7237 1
7238 1
7246 1
7248 1
7249 2
7250 1
7251 1
7252 1
7256 1
7261 1
7264 1
7265 1
7267 3
7269 1
7278 2
7280 1
7281 1
7282 1
7285 1
7286 1
7287 1
7288 1
7290 1
7294 1
7296 2
7298 1
7301 1
7303 2
7304 1
7306 1
7307 1
7308 1
7311 1
7313 1
7316 1
7317 1
7323 1
7324 1
7328 1
7337 1
7338 1
7340 1
7342 1
7348 1
7351 1
7358 1
7367 1
7369 1
7370 1
7371 1
7372 1
7373 1
7374 1
7376 1
7378 2
7379 1
7380 1
7383 2
7385 2
7386 2
7389 1
7391 1
7392 1
7397 1
7401 1
7404 1
7408 1
7409 2
7410 1
7423 1
7425 1
7428 2
7430 2
7433 2
7435 1
7440 2
7443 1
7444 1
7447 1
7453 1
7454 1
7456 2
7458 1
7459 2
7463 2
7465 1
7466 1
7470 1
7471 2
7473 1
7477 2
7479 2
7482 1
7486 1
7488 1
7491 2
7493 1
7499 2
7501 1
7502 1
7504 1
7505 2
7506 1
7511 1
7516 1
7517 2
7521 1
7522 1
7525 1
7526 1
7529 1
7530 1
7532 2
7533 1
7536 1
7546 1
7547 1
7555 1
7556 1
7558 1
7561 1
7565 2
7568 1
7571 1
7578 1
7579 1
7580 2
7582 1
7583 1
7584 1
7588 1
7594 1
7596 2
7599 2
7601 1
7602 1
7609 2
7610 1
7613 1
7614 2
7617 1
7618 1
7621 2
7628 1
7631 1
7633 1
7635 1
7638 2
7641 1
7642 1
7643 1
7648 1
7650 1
7651 1
7653 1
7654 1
7657 1
7661 1
7665 1
7666 3
7667 1
7670 1
7671 1
7672 1
7677 1
7682 1
7683 1
7684 1
7690 1
7691 1
7700 1
7702 1
7704 1
7707 1
7710 2
7713 1
7718 1
7721 1
7726 2
7731 1
7732 1
7742 1
7748 2
7758 1
7760 1
7764 1
7765 1
7772 2
7774 1
7777 1
7778 2
7781 1
7783 1
7785 1
7786 2
7789 2
7793 1
7794 1
7799 1
7805 1
7808 2
7811 1
7812 1
7813 1
7815 1
7817 1
7818 1
7821 2
7824 1
7825 1
7826 1
7832 1
7834 1
7835 2
7839 1
7841 1
7843 1
7845 1
7847 1
7849 1
7851 1
7856 2
7860 1
7863 1
7866 1
7867 1
7871 1
7880 2
7884 1
7886 1
7890 2
7891 1
7897 2
7899 1
7902 1
7903 1
7909 1
7910 1
7914 1
7915 1
7918 3
7921 1
7922 1
7923 1
7924 1
7927 1
7929 1
7932 2
7934 1
7945 2
7946 2
7948 1
7954 2
7959 1
7965 1
7966 1
7970 1
7974 1
7986 1
7990 2
7995 1
7997 1
7998 1
8002 1
8005 1
8008 1
8010 1
8012 1
8014 1
8017 1
8022 2
8023 1
8031 1
8032 2
8040 1
8043 1
8044 1
8045 1
8046 1
8053 1
8059 1
8061 2
8062 2
8068 3
8071 1
8075 1
8081 1
8084 1
8095 1
8096 1
8099 1
8104 1
8110 2
8111 1
8116 1
8118 1
8119 1
8122 1
8130 1
8141 1
8146 2
8148 1
8152 1
8154 2
8156 1
8162 1
8163 1
8165 2
8172 1
8176 2
8192 2
8193 2
8206 1
8209 1
8211 1
8212 1
8215 1
8220 1
8233 1
8237 1
8238 1
8244 1
8263 1
8270 1
8271 1
8272 1
8287 1
8297 1
8308 1
8314 1
8315 1
8325 2
8333 1
8336 1
8337 1
8343 1
8345 1
8348 1
8356 1
8366 1
8370 1
8371 1
8374 1
8375 1
8376 1
8378 1
8384 1
8385 1
8396 1
8419 1
8421 1
8423 1
8425 1
8434 1
8435 1
8445 1
8455 1
8465 1
8476 1
8480 1
8482 1
8485 1
8491 1
8493 1
8497 1
8504 1
8505 1
8515 1
8518 1
8519 1
8520 1
8523 1
8524 1
8525 1
8526 1
8527 1
8532 1
8535 1
8541 1
8548 1
8551 1
8559 1
8568 1
8587 2
8591 1
8595 1
8597 1
8604 1
8605 1
8611 1
8625 1
8629 1
8633 1
8638 1
8645 1
8652 1
8653 1
8664 1
8665 1
8669 1
8680 2
8689 1
8690 1
8693 2
8697 1
8699 1
8700 1
8702 1
8713 1
8717 1
8723 1
8735 1
8737 1
8741 1
8745 2
8756 1
8764 1
8786 1
8792 1
8797 1
8803 1
8810 1
8816 2
8822 1
8830 1
8831 1
8856 1
8866 1
8871 1
8876 1
8884 1
8889 1
8896 1
8897 1
8904 1
8913 1
8918 1
8924 1
8929 1
8933 1
8941 1
8948 1
8951 1
8954 1
8958 1
8965 2
8971 1
8984 1
8996 1
9000 1
9004 1
9008 1
9010 2
9024 1
9029 1
9038 2
9044 1
9057 1
9058 1
9060 1
9069 1
9080 1
9087 1
9101 2
9107 1
9128 1
9143 1
9155 1
9160 1
9167 1
9204 1
9210 1
9225 1
9233 1
9235 1
9241 1
9246 1
9255 1
9265 1
9268 2
9290 1
9294 1
9302 1
9303 1
9305 1
9313 1
9316 1
9317 1
9331 1
9332 1
9333 1
9334 1
9344 1
9354 1
9361 1
9372 1
9385 1
9405 1
9478 1
9482 1
9489 1
9491 1
9519 1
9535 1
9542 1
9545 1
9550 1
9561 1
9580 1
9581 1
9598 1
9600 1
9617 1
9622 1
9626 1
9627 1
9630 1
9663 1
9676 1
9682 1
9683 1
9689 2
9690 1
9699 1
9701 1
9706 1
9714 1
9729 1
9740 1
9756 1
9767 1
9776 1
9783 1
9785 1
9805 1
9806 1
9807 1
9826 1
9867 1
9883 1
9897 1
9902 1
9908 1
9943 1
9956 1
9982 1
9986 1
10015 1
10021 1
10026 1
10028 1
10029 1
10055 1
10070 1
10094 1
10103 2
10104 2
10105 1
10116 1
10120 1
10124 1
10128 1
10130 1
10132 1
10134 1
10170 1
10209 1
10229 1
10232 1
10234 1
10246 1
10248 1
10263 1
10267 1
10276 1
10296 1
10308 1
10312 1
10325 1
10326 1
10357 1
10363 1
10397 1
10406 1
10426 1
10441 1
10469 1
10499 1
10508 1
10509 1
10513 1
10516 1
10528 1
10530 1
10531 1
10540 1
10551 1
10579 1
10583 1
10586 1
10597 1
10605 1
10611 1
10615 1
10616 1
10624 1
10648 1
10673 1
10681 1
10687 1
10709 1
10775 1
10803 1
10807 1
10817 1
10835 1
10841 1
10846 1
10854 2
10865 1
10876 1
10902 1
10905 1
10915 1
10928 1
10935 1
10936 1
10938 1
10945 1
10947 1
10954 1
10958 1
10961 1
10967 1
10977 1
10992 1
11046 1
11047 1
11055 1
11080 1
11100 1
11121 1
11159 1
11173 1
11188 1
11215 1
11225 1
11227 1
11287 1
11296 1
11325 1
11327 1
11332 1
11355 1
11361 1
11408 1
11415 1
11430 1
11446 1
11480 1
11497 1
11512 1
11519 1
11523 1
11558 1
11568 1
11572 1
11583 1
11610 1
11700 1
11712 1
11741 1
11746 1
11748 1
11765 1
11792 1
11804 1
11806 1
11868 1
11905 1
11937 1
11972 1
11975 1
11992 1
12066 1
12087 1
12107 1
12179 1
12286 1
12317 1
12338 1
12391 1
12508 1
12532 1
12603 2
12616 1
12681 1
12707 1
12740 1
12754 1
12757 1
12801 1
12843 1
12850 1
12907 1
13006 1
13008 1
13038 1
13044 1
13080 1
13154 1
13206 1
13223 1
13280 1
13290 1
13293 1
13342 1
13351 1
13374 1
13430 1
13525 1
13542 1
13554 1
13646 1
13755 1
14003 1
14022 1
14044 1
14279 1
14327 1
14718 1
14924 1
14968 1
14972 2
15127 1
15134 1
15190 1
15530 1
15567 1
15846 1
15866 1
16151 1
16294 1
16662 1
16684 1
16779 1
16841 1
18313 1
