44 6
45 64
46 779
47 2320
48 3576
49 4002
50 4041
51 3863
52 3089
53 3520
54 3990
55 4283
56 5093
57 5790
58 6395
59 7082
60 7080
61 7411
62 8211
63 9205
64 11115
65 12404
66 11550
67 11315
68 11455
69 11050
70 11131
71 11777
72 12623
73 13482
74 13169
75 12601
76 12097
77 11998
78 11835
79 11847
80 12386
81 12585
82 13164
83 14056
84 14564
85 15159
86 15554
87 16272
88 16499
89 16740
90 16990
91 17028
92 16610
93 16372
94 16804
95 16690
96 17561
97 17293
98 17118
99 17095
100 17296
101 17735
102 18664
103 18793
104 18490
105 18045
106 18365
107 18752
108 18635
109 18730
110 18505
111 18444
112 17782
113 18171
114 18172
115 17605
116 17603
117 17775
118 17488
119 17427
120 17581
121 17186
122 17861
123 18350
124 18390
125 18001
126 18532
127 19020
128 19023
129 18582
130 18145
131 18264
132 18193
133 18043
134 17797
135 18082
136 17568
137 17700
138 17220
139 17120
140 16963
141 17287
142 17337
143 17515
144 17735
145 17747
146 17655
147 17222
148 17218
149 17335
150 17202
151 17057
152 17491
153 17733
154 17926
155 17581
156 16843
157 16771
158 16817
159 17255
160 16757
161 17277
162 16985
163 16913
164 16585
165 16312
166 16266
167 16066
168 16000
169 15839
170 15668
171 15979
172 15887
173 15807
174 15857
175 15929
176 15940
177 15969
178 16048
179 16370
180 16367
181 16061
182 16240
183 15918
184 15925
185 15844
186 15711
187 15739
188 15993
189 15604
190 15233
191 15083
192 14936
193 15117
194 14580
195 14307
196 14216
197 14126
198 14028
199 13752
200 13698
201 13539
202 13551
203 13628
204 13514
205 13372
206 13090
207 13045
208 12991
209 12587
210 12871
211 12654
212 12539
213 12513
214 12158
215 12194
216 11902
217 11603
218 11740
219 11406
220 11405
221 11042
222 11170
223 10978
224 10773
225 10786
226 10808
227 10669
228 10641
229 10412
230 10169
231 10138
232 9872
233 9809
234 9627
235 9531
236 9340
237 9372
238 9291
239 9109
240 9176
241 8955
242 8874
243 9205
244 9158
245 9228
246 9185
247 9010
248 8750
249 8670
250 8552
251 8388
252 8415
253 8218
254 8275
255 8060
256 7981
257 7780
258 7746
259 7676
260 7504
261 7346
262 7317
263 7504
264 7185
265 7353
266 7113
267 7040
268 6847
269 6920
270 6795
271 6784
272 6719
273 6625
274 6577
275 6570
276 6442
277 6446
278 6323
279 6393
280 6264
281 6234
282 6240
283 6028
284 6154
285 6114
286 6086
287 5896
288 5929
289 5833
290 5794
291 5762
292 5747
293 5688
294 5730
295 5615
296 5536
297 5520
298 5368
299 5287
300 5254
301 5108
302 5228
303 5282
304 5099
305 5104
306 5026
307 5066
308 4967
309 4933
310 4893
311 4972
312 4788
313 4786
314 4668
315 4647
316 4653
317 4689
318 4626
319 4423
320 4452
321 4380
322 4321
323 4328
324 4252
325 4219
326 4180
327 4091
328 4069
329 4110
330 3999
331 3954
332 3998
333 4052
334 3970
335 3851
336 3867
337 3910
338 3896
339 3757
340 3812
341 3759
342 3702
343 3730
344 3680
345 3707
346 3554
347 3547
348 3545
349 3545
350 3516
351 3510
352 3431
353 3539
354 3475
355 3406
356 3440
357 3383
358 3292
359 3431
360 3232
361 3393
362 3212
363 3243
364 3353
365 3169
366 3136
367 3125
368 3202
369 3106
370 3117
371 3031
372 2990
373 2973
374 2806
375 2809
376 2943
377 2874
378 2792
379 2814
380 2698
381 2796
382 2749
383 2750
384 2744
385 2726
386 2646
387 2524
388 2562
389 2487
390 2611
391 2502
392 2570
393 2521
394 2521
395 2531
396 2444
397 2543
398 2433
399 2429
400 2327
401 2443
402 2417
403 2332
404 2373
405 2254
406 2296
407 2259
408 2313
409 2249
410 2217
411 2193
412 2178
413 2172
414 2212
415 2137
416 2124
417 2098
418 2136
419 2071
420 2088
421 2128
422 2011
423 2054
424 2073
425 1978
426 2024
427 1992
428 1964
429 1917
430 1995
431 2057
432 1923
433 1995
434 1957
435 1856
436 2016
437 1939
438 1900
439 1999
440 1877
441 1904
442 1832
443 1753
444 1742
445 1814
446 1774
447 1687
448 1715
449 1794
450 1791
451 1705
452 1743
453 1692
454 1666
455 1683
456 1587
457 1619
458 1541
459 1504
460 1644
461 1597
462 1490
463 1563
464 1600
465 1469
466 1459
467 1497
468 1522
469 1545
470 1500
471 1481
472 1426
473 1432
474 1454
475 1362
476 1413
477 1395
478 1426
479 1380
480 1381
481 1405
482 1407
483 1342
484 1331
485 1365
486 1327
487 1375
488 1303
489 1296
490 1244
491 1296
492 1277
493 1263
494 1273
495 1273
496 1271
497 1299
498 1144
499 1256
500 1227
501 1211
502 1207
503 1180
504 1231
505 1176
506 1144
507 1193
508 1116
509 1183
510 1102
511 1159
512 1127
513 1127
514 1158
515 1135
516 1115
517 1117
518 1136
519 1070
520 1082
521 1094
522 1107
523 1027
524 1053
525 1047
526 1046
527 1070
528 1001
529 1042
530 1048
531 1029
532 1007
533 1024
534 1034
535 1029
536 964
537 1003
538 1007
539 1020
540 986
541 914
542 963
543 970
544 943
545 958
546 953
547 957
548 962
549 949
550 929
551 927
552 864
553 898
554 898
555 845
556 897
557 897
558 849
559 891
560 853
561 899
562 912
563 879
564 915
565 848
566 824
567 818
568 830
569 830
570 766
571 788
572 857
573 821
574 811
575 807
576 825
577 773
578 811
579 761
580 791
581 839
582 749
583 776
584 794
585 770
586 779
587 756
588 772
589 781
590 726
591 779
592 708
593 757
594 748
595 739
596 779
597 723
598 723
599 727
600 736
601 684
602 740
603 703
604 712
605 723
606 671
607 710
608 704
609 705
610 677
611 642
612 691
613 629
614 666
615 662
616 661
617 626
618 677
619 645
620 649
621 662
622 655
623 640
624 656
625 647
626 642
627 624
628 584
629 569
630 598
631 590
632 643
633 598
634 635
635 620
636 593
637 594
638 603
639 584
640 614
641 568
642 553
643 572
644 569
645 590
646 515
647 597
648 574
649 548
650 557
651 591
652 565
653 529
654 542
655 542
656 563
657 512
658 538
659 530
660 570
661 561
662 527
663 537
664 551
665 544
666 497
667 536
668 534
669 498
670 515
671 504
672 535
673 503
674 536
675 501
676 526
677 483
678 483
679 485
680 495
681 507
682 510
683 464
684 470
685 515
686 477
687 452
688 461
689 455
690 472
691 445
692 436
693 477
694 447
695 446
696 456
697 448
698 440
699 449
700 474
701 431
702 427
703 460
704 426
705 399
706 396
707 436
708 411
709 426
710 407
711 394
712 406
713 435
714 413
715 451
716 393
717 394
718 409
719 413
720 400
721 414
722 418
723 358
724 397
725 380
726 365
727 353
728 373
729 376
730 378
731 382
732 402
733 377
734 358
735 395
736 393
737 392
738 340
739 364
740 354
741 383
742 337
743 341
744 355
745 381
746 364
747 350
748 338
749 355
750 336
751 341
752 325
753 313
754 320
755 339
756 336
757 358
758 315
759 334
760 338
761 341
762 320
763 332
764 289
765 325
766 320
767 299
768 301
769 314
770 273
771 302
772 281
773 309
774 308
775 301
776 302
777 288
778 313
779 278
780 278
781 288
782 300
783 305
784 292
785 299
786 261
787 280
788 285
789 289
790 276
791 256
792 285
793 290
794 252
795 280
796 264
797 266
798 255
799 278
800 279
801 295
802 279
803 254
804 244
805 252
806 264
807 259
808 263
809 261
810 257
811 255
812 212
813 249
814 247
815 278
816 243
817 252
818 252
819 232
820 242
821 231
822 233
823 250
824 264
825 253
826 233
827 264
828 229
829 244
830 256
831 236
832 237
833 254
834 247
835 231
836 211
837 217
838 242
839 256
840 209
841 219
842 235
843 218
844 203
845 210
846 237
847 226
848 186
849 197
850 226
851 211
852 221
853 228
854 216
855 217
856 191
857 218
858 187
859 184
860 218
861 229
862 200
863 206
864 189
865 200
866 211
867 200
868 206
869 184
870 228
871 201
872 181
873 176
874 181
875 172
876 180
877 188
878 181
879 196
880 196
881 203
882 199
883 194
884 195
885 161
886 189
887 190
888 193
889 193
890 193
891 183
892 197
893 188
894 196
895 208
896 186
897 174
898 166
899 187
900 197
901 162
902 172
903 211
904 179
905 157
906 158
907 168
908 156
909 172
910 137
911 174
912 168
913 189
914 178
915 172
916 165
917 167
918 155
919 159
920 166
921 179
922 178
923 146
924 169
925 157
926 165
927 153
928 171
929 152
930 159
931 143
932 164
933 137
934 168
935 147
936 148
937 147
938 143
939 147
940 136
941 151
942 148
943 137
944 132
945 155
946 153
947 129
948 160
949 146
950 159
951 140
952 153
953 147
954 157
955 130
956 150
957 138
958 147
959 152
960 137
961 131
962 139
963 135
964 118
965 140
966 140
967 128
968 121
969 125
970 130
971 139
972 147
973 144
974 134
975 140
976 125
977 121
978 128
979 115
980 103
981 118
982 123
983 125
984 124
985 132
986 141
987 114
988 110
989 106
990 122
991 98
992 132
993 129
994 125
995 139
996 112
997 108
998 116
999 109
1000 110
1001 121
1002 135
1003 118
1004 116
1005 110
1006 111
1007 103
1008 104
1009 109
1010 103
1011 97
1012 123
1013 113
1014 111
1015 115
1016 101
1017 122
1018 100
1019 120
1020 100
1021 92
1022 103
1023 114
1024 112
1025 105
1026 102
1027 96
1028 100
1029 110
1030 99
1031 110
1032 96
1033 109
1034 111
1035 99
1036 95
1037 107
1038 108
1039 108
1040 106
1041 103
1042 100
1043 109
1044 95
1045 90
1046 105
1047 89
1048 94
1049 81
1050 80
1051 110
1052 99
1053 97
1054 92
1055 92
1056 87
1057 112
1058 77
1059 96
1060 119
1061 97
1062 80
1063 80
1064 101
1065 88
1066 77
1067 87
1068 96
1069 100
1070 71
1071 72
1072 108
1073 91
1074 70
1075 80
1076 78
1077 81
1078 89
1079 84
1080 76
1081 81
1082 95
1083 98
1084 68
1085 90
1086 89
1087 106
1088 75
1089 83
1090 53
1091 92
1092 92
1093 72
1094 82
1095 87
1096 78
1097 86
1098 62
1099 93
1100 80
1101 100
1102 98
1103 80
1104 81
1105 76
1106 92
1107 79
1108 65
1109 74
1110 73
1111 68
1112 87
1113 83
1114 75
1115 78
1116 73
1117 90
1118 71
1119 70
1120 81
1121 67
1122 83
1123 72
1124 77
1125 78
1126 83
1127 69
1128 83
1129 70
1130 80
1131 68
1132 87
1133 65
1134 85
1135 63
1136 63
1137 51
1138 74
1139 79
1140 55
1141 79
1142 59
1143 69
1144 65
1145 72
1146 63
1147 61
1148 70
1149 70
1150 66
1151 64
1152 64
1153 92
1154 66
1155 60
1156 63
1157 63
1158 71
1159 65
1160 70
1161 59
1162 66
1163 70
1164 52
1165 64
1166 69
1167 68
1168 52
1169 56
1170 61
1171 68
1172 76
1173 63
1174 68
1175 47
1176 75
1177 64
1178 53
1179 57
1180 56
1181 54
1182 68
1183 65
1184 69
1185 65
1186 77
1187 66
1188 67
1189 65
1190 56
1191 57
1192 51
1193 59
1194 58
1195 63
1196 54
1197 67
1198 56
1199 50
1200 45
1201 40
1202 61
1203 59
1204 77
1205 61
1206 66
1207 60
1208 62
1209 62
1210 54
1211 61
1212 58
1213 46
1214 43
1215 50
1216 60
1217 51
1218 52
1219 59
1220 50
1221 57
1222 64
1223 58
1224 58
1225 46
1226 60
1227 64
1228 44
1229 44
1230 54
1231 62
1232 48
1233 55
1234 36
1235 52
1236 47
1237 46
1238 50
1239 48
1240 62
1241 54
1242 54
1243 60
1244 46
1245 41
1246 47
1247 54
1248 44
1249 45
1250 47
1251 45
1252 54
1253 51
1254 40
1255 46
1256 54
1257 49
1258 54
1259 44
1260 60
1261 49
1262 49
1263 46
1264 44
1265 49
1266 43
1267 35
1268 47
1269 41
1270 47
1271 48
1272 52
1273 41
1274 39
1275 49
1276 45
1277 45
1278 48
1279 61
1280 38
1281 37
1282 50
1283 49
1284 53
1285 44
1286 48
1287 45
1288 38
1289 58
1290 47
1291 44
1292 42
1293 47
1294 46
1295 41
1296 41
1297 36
1298 46
1299 55
1300 51
1301 38
1302 34
1303 41
1304 52
1305 27
1306 32
1307 44
1308 57
1309 50
1310 47
1311 67
1312 33
1313 49
1314 32
1315 40
1316 50
1317 41
1318 46
1319 45
1320 39
1321 40
1322 37
1323 43
1324 44
1325 38
1326 39
1327 35
1328 43
1329 39
1330 53
1331 36
1332 40
1333 46
1334 32
1335 43
1336 40
1337 42
1338 49
1339 42
1340 30
1341 36
1342 46
1343 49
1344 41
1345 42
1346 48
1347 34
1348 39
1349 40
1350 43
1351 35
1352 45
1353 43
1354 41
1355 40
1356 47
1357 31
1358 51
1359 33
1360 37
1361 36
1362 38
1363 32
1364 32
1365 34
1366 38
1367 32
1368 34
1369 36
1370 42
1371 31
1372 39
1373 43
1374 39
1375 34
1376 28
1377 28
1378 35
1379 32
1380 39
1381 25
1382 34
1383 34
1384 24
1385 36
1386 30
1387 35
1388 37
1389 37
1390 31
1391 30
1392 31
1393 35
1394 40
1395 34
1396 42
1397 28
1398 35
1399 34
1400 38
1401 29
1402 28
1403 41
1404 37
1405 29
1406 27
1407 36
1408 27
1409 22
1410 33
1411 24
1412 35
1413 33
1414 25
1415 26
1416 32
1417 19
1418 36
1419 34
1420 38
1421 22
1422 30
1423 28
1424 25
1425 23
1426 29
1427 33
1428 29
1429 22
1430 36
1431 38
1432 35
1433 26
1434 35
1435 26
1436 36
1437 34
1438 24
1439 19
1440 21
1441 22
1442 28
1443 28
1444 23
1445 28
1446 22
1447 23
1448 33
1449 16
1450 35
1451 27
1452 23
1453 23
1454 21
1455 29
1456 32
1457 27
1458 34
1459 30
1460 32
1461 26
1462 21
1463 28
1464 27
1465 29
1466 21
1467 21
1468 25
1469 26
1470 17
1471 18
1472 26
1473 21
1474 23
1475 27
1476 19
1477 23
1478 31
1479 29
1480 22
1481 34
1482 30
1483 24
1484 25
1485 25
1486 24
1487 34
1488 27
1489 20
1490 24
1491 27
1492 20
1493 20
1494 14
1495 20
1496 15
1497 26
1498 23
1499 28
1500 28
1501 22
1502 28
1503 16
1504 16
1505 22
1506 16
1507 15
1508 32
1509 30
1510 34
1511 22
1512 24
1513 19
1514 24
1515 19
1516 26
1517 15
1518 22
1519 28
1520 24
1521 20
1522 23
1523 20
1524 23
1525 17
1526 24
1527 24
1528 27
1529 13
1530 23
1531 21
1532 18
1533 33
1534 19
1535 21
1536 18
1537 21
1538 18
1539 20
1540 23
1541 15
1542 33
1543 27
1544 13
1545 19
1546 19
1547 16
1548 26
1549 18
1550 20
1551 16
1552 21
1553 22
1554 13
1555 17
1556 27
1557 18
1558 19
1559 28
1560 20
1561 19
1562 26
1563 15
1564 23
1565 23
1566 12
1567 24
1568 16
1569 14
1570 14
1571 27
1572 23
1573 22
1574 15
1575 26
1576 21
1577 29
1578 25
1579 16
1580 18
1581 20
1582 26
1583 18
1584 24
1585 16
1586 15
1587 15
1588 16
1589 19
1590 23
1591 19
1592 22
1593 15
1594 18
1595 14
1596 24
1597 14
1598 19
1599 18
1600 19
1601 18
1602 20
1603 20
1604 17
1605 17
1606 19
1607 25
1608 18
1609 20
1610 24
1611 16
1612 24
1613 18
1614 15
1615 18
1616 11
1617 19
1618 22
1619 18
1620 21
1621 23
1622 14
1623 15
1624 11
1625 16
1626 22
1627 14
1628 14
1629 17
1630 15
1631 13
1632 17
1633 17
1634 15
1635 13
1636 17
1637 14
1638 19
1639 19
1640 23
1641 11
1642 17
1643 15
1644 27
1645 12
1646 20
1647 13
1648 17
1649 16
1650 19
1651 15
1652 22
1653 20
1654 13
1655 20
1656 13
1657 11
1658 21
1659 19
1660 14
1661 17
1662 21
1663 20
1664 13
1665 26
1666 8
1667 19
1668 16
1669 14
1670 21
1671 16
1672 14
1673 17
1674 12
1675 10
1676 20
1677 14
1678 23
1679 21
1680 15
1681 13
1682 23
1683 15
1684 13
1685 11
1686 17
1687 14
1688 15
1689 15
1690 13
1691 13
1692 18
1693 16
1694 8
1695 11
1696 13
1697 8
1698 17
1699 10
1700 17
1701 17
1702 17
1703 19
1704 8
1705 20
1706 16
1707 13
1708 13
1709 13
1710 16
1711 13
1712 12
1713 14
1714 11
1715 15
1716 15
1717 19
1718 18
1719 16
1720 12
1721 14
1722 18
1723 10
1724 17
1725 16
1726 15
1727 15
1728 14
1729 15
1730 15
1731 16
1732 13
1733 11
1734 12
1735 12
1736 14
1737 10
1738 8
1739 11
1740 21
1741 7
1742 13
1743 16
1744 15
1745 9
1746 13
1747 10
1748 11
1749 13
1750 14
1751 14
1752 12
1753 17
1754 14
1755 19
1756 12
1757 6
1758 14
1759 14
1760 15
1761 16
1762 17
1763 13
1764 14
1765 17
1766 13
1767 20
1768 14
1769 11
1770 10
1771 15
1772 13
1773 13
1774 12
1775 11
1776 19
1777 9
1778 14
1779 15
1780 16
1781 19
1782 17
1783 10
1784 13
1785 16
1786 14
1787 12
1788 17
1789 9
1790 9
1791 6
1792 7
1793 12
1794 13
1795 6
1796 15
1797 7
1798 11
1799 12
1800 8
1801 15
1802 17
1803 13
1804 18
1805 6
1806 3
1807 11
1808 10
1809 20
1810 14
1811 11
1812 10
1813 14
1814 15
1815 13
1816 9
1817 12
1818 8
1819 13
1820 10
1821 11
1822 9
1823 10
1824 11
1825 14
1826 9
1827 9
1828 9
1829 20
1830 11
1831 7
1832 13
1833 16
1834 8
1835 15
1836 7
1837 17
1838 9
1839 10
1840 8
1841 9
1842 7
1843 10
1844 12
1845 8
1846 8
1847 13
1848 10
1849 10
1850 8
1851 14
1852 11
1853 19
1854 11
1855 7
1856 15
1857 11
1858 7
1859 7
1860 8
1861 3
1862 8
1863 15
1864 8
1865 13
1866 7
1867 10
1868 8
1869 9
1870 9
1871 11
1872 7
1873 8
1874 12
1875 8
1876 11
1877 13
1878 9
1879 17
1880 19
1881 6
1882 8
1883 6
1884 5
1885 15
1886 9
1887 13
1888 9
1889 13
1890 6
1891 14
1892 11
1893 4
1894 12
1895 7
1896 9
1897 10
1898 8
1899 11
1900 8
1901 12
1902 10
1903 10
1904 9
1905 10
1906 13
1907 7
1908 16
1909 13
1910 7
1911 11
1912 10
1913 9
1914 13
1915 13
1916 16
1917 11
1918 9
1919 9
1920 6
1921 12
1922 6
1923 9
1924 19
1925 6
1926 12
1927 8
1928 9
1929 6
1930 7
1931 7
1932 9
1933 7
1934 13
1935 17
1936 9
1937 12
1938 10
1939 11
1940 3
1941 11
1942 3
1943 11
1944 10
1945 8
1946 5
1947 8
1948 8
1949 10
1950 9
1951 5
1952 9
1953 11
1954 10
1955 6
1956 13
1957 12
1958 16
1959 9
1960 8
1961 13
1962 13
1963 6
1964 10
1965 8
1966 12
1967 14
1968 11
1969 6
1970 5
1971 8
1972 9
1973 10
1974 10
1975 9
1976 13
1977 14
1978 12
1979 7
1980 9
1981 7
1982 10
1983 8
1984 8
1985 17
1986 10
1987 9
1988 9
1989 9
1990 6
1991 11
1992 14
1993 5
1994 9
1995 11
1996 9
1997 8
1998 7
1999 1
2000 4
2001 12
2002 8
2003 6
2004 12
2005 7
2006 8
2007 8
2008 7
2009 9
2010 10
2011 7
2012 6
2013 12
2014 6
2015 9
2016 10
2017 6
2018 15
2019 9
2020 9
2021 7
2022 12
2023 9
2024 9
2025 6
2026 6
2027 9
2028 7
2029 8
2030 9
2031 11
2032 9
2033 12
2034 7
2035 7
2036 6
2037 4
2038 8
2039 6
2040 9
2041 5
2042 8
2043 7
2044 13
2045 6
2046 8
2047 7
2048 7
2049 6
2050 11
2051 4
2052 6
2053 5
2054 12
2055 9
2056 8
2057 7
2058 14
2059 8
2060 4
2061 7
2062 8
2063 8
2064 8
2065 12
2066 5
2067 7
2068 10
2069 9
2070 5
2071 8
2072 9
2073 6
2074 5
2075 12
2076 9
2077 10
2078 8
2079 6
2080 3
2081 7
2082 6
2083 13
2084 7
2085 10
2086 4
2087 9
2088 6
2089 8
2090 8
2091 8
2092 9
2093 9
2094 10
2095 7
2096 6
2097 7
2098 5
2099 7
2100 9
2101 7
2102 6
2103 7
2104 15
2105 4
2106 6
2107 5
2108 8
2109 5
2110 10
2111 5
2112 6
2113 10
2114 6
2115 6
2116 9
2117 9
2118 4
2119 3
2120 15
2121 13
2122 7
2123 6
2124 2
2125 8
2126 7
2127 4
2128 6
2129 4
2130 5
2131 1
2132 6
2133 5
2134 6
2135 9
2136 9
2137 6
2138 4
2139 10
2140 6
2141 7
2142 3
2143 3
2144 6
2145 7
2146 10
2147 10
2148 8
2149 4
2150 6
2151 6
2152 4
2153 3
2154 6
2155 5
2156 10
2157 6
2158 9
2159 5
2160 4
2161 12
2162 10
2163 6
2164 5
2165 11
2166 6
2167 6
2168 10
2169 13
2170 4
2171 8
2172 5
2173 3
2174 5
2175 5
2176 7
2177 6
2178 4
2179 6
2180 5
2181 4
2182 9
2183 7
2184 6
2185 5
2186 7
2187 1
2188 4
2189 6
2190 4
2191 3
2192 6
2193 5
2194 7
2195 4
2196 8
2197 7
2198 8
2199 7
2200 9
2201 6
2202 7
2203 8
2204 3
2205 5
2206 10
2207 8
2208 6
2209 4
2210 5
2211 8
2212 4
2213 6
2214 2
2215 7
2216 6
2217 4
2218 5
2219 8
2220 1
2221 5
2222 7
2223 4
2224 8
2225 8
2226 8
2227 5
2228 7
2229 9
2230 9
2231 5
2232 4
2233 4
2234 8
2235 6
2236 4
2237 8
2238 6
2239 6
2240 4
2241 6
2242 6
2243 9
2244 6
2245 7
2246 6
2247 6
2248 3
2249 7
2250 2
2251 2
2252 7
2253 9
2254 10
2255 4
2256 9
2257 9
2258 6
2259 8
2260 8
2261 8
2262 7
2263 3
2264 4
2265 6
2266 4
2267 9
2268 2
2269 7
2270 2
2271 9
2272 8
2273 5
2274 4
2275 2
2276 8
2277 4
2278 5
2279 3
2280 8
2281 10
2282 3
2283 6
2284 7
2285 8
2286 4
2287 6
2288 9
2289 5
2290 10
2291 5
2292 2
2293 3
2295 7
2296 11
2297 7
2298 2
2299 3
2300 9
2301 8
2302 4
2303 4
2304 8
2305 7
2306 6
2307 2
2308 2
2309 4
2310 4
2311 1
2312 9
2313 8
2314 5
2315 5
2316 4
2317 6
2318 5
2319 7
2320 3
2321 2
2322 4
2323 6
2324 4
2325 9
2326 7
2327 5
2328 6
2329 2
2330 5
2331 6
2332 8
2333 9
2334 3
2335 3
2336 5
2337 2
2338 8
2339 7
2340 3
2341 6
2342 7
2343 7
2344 7
2345 5
2346 11
2347 5
2348 6
2349 9
2350 5
2351 5
2352 5
2353 2
2354 4
2355 7
2356 3
2357 9
2358 4
2359 3
2360 7
2361 5
2362 7
2363 6
2364 7
2365 5
2366 4
2367 11
2368 7
2369 4
2370 4
2371 5
2372 8
2373 2
2374 8
2375 4
2376 2
2377 6
2378 3
2379 5
2380 7
2381 5
2382 5
2383 6
2384 6
2385 6
2386 1
2387 1
2388 3
2389 5
2390 3
2391 5
2392 7
2393 2
2394 6
2395 8
2396 9
2397 8
2398 7
2399 4
2400 9
2401 9
2402 4
2403 5
2404 4
2405 6
2406 4
2407 6
2408 1
2409 8
2410 5
2411 3
2412 1
2413 2
2414 4
2415 5
2416 6
2417 9
2418 3
2419 10
2420 4
2421 1
2422 4
2423 3
2424 3
2425 4
2426 8
2427 6
2428 2
2429 2
2430 6
2431 3
2432 2
2433 5
2434 2
2435 6
2436 8
2437 5
2438 6
2439 3
2440 2
2441 4
2442 6
2443 4
2444 6
2445 3
2446 4
2447 8
2448 8
2449 5
2450 7
2451 12
2452 5
2453 3
2454 4
2455 6
2456 5
2457 3
2458 2
2459 2
2460 6
2461 2
2462 3
2463 6
2464 5
2465 4
2466 6
2467 3
2468 3
2469 8
2470 2
2471 3
2472 12
2473 7
2474 5
2475 5
2476 11
2477 6
2478 3
2479 6
2480 7
2481 5
2482 9
2483 6
2484 7
2485 4
2486 10
2487 5
2488 10
2489 5
2490 5
2491 3
2492 3
2493 3
2494 2
2495 5
2496 7
2497 5
2498 4
2499 6
2500 2
2501 1
2502 2
2503 3
2504 6
2505 5
2506 4
2507 6
2508 7
2509 7
2510 5
2511 6
2512 8
2513 1
2514 7
2515 3
2516 5
2517 4
2518 5
2519 1
2520 3
2521 6
2522 7
2523 13
2524 3
2525 9
2526 5
2527 3
2528 3
2529 11
2530 10
2531 7
2532 4
2533 4
2534 5
2535 5
2536 3
2537 1
2538 5
2539 5
2540 4
2541 6
2542 7
2543 7
2544 6
2545 6
2546 3
2547 4
2548 3
2549 8
2550 10
2551 3
2553 4
2554 6
2555 2
2556 2
2557 6
2558 7
2559 2
2560 4
2561 4
2562 7
2563 4
2564 5
2565 4
2566 4
2567 6
2568 8
2569 10
2570 9
2571 2
2572 6
2573 7
2574 9
2575 5
2576 3
2577 4
2578 8
2579 8
2580 6
2581 4
2582 7
2583 9
2584 3
2585 6
2586 3
2587 5
2588 2
2589 7
2590 6
2591 3
2592 4
2593 9
2594 4
2595 4
2596 6
2597 9
2598 2
2599 2
2600 4
2601 9
2602 2
2603 5
2604 6
2605 6
2606 5
2607 5
2608 8
2609 3
2610 1
2611 6
2612 2
2613 6
2614 7
2616 3
2617 6
2618 2
2619 4
2620 7
2621 3
2622 6
2623 3
2624 5
2625 4
2626 5
2627 6
2628 3
2629 7
2630 3
2631 3
2632 5
2633 3
2634 7
2635 11
2636 5
2637 8
2638 4
2639 8
2640 4
2641 6
2642 6
2643 5
2644 8
2645 4
2646 7
2647 7
2648 5
2649 7
2650 7
2651 4
2652 3
2653 6
2654 5
2655 5
2656 7
2657 6
2658 3
2659 4
2660 4
2661 8
2662 6
2663 5
2664 7
2665 4
2666 7
2667 2
2668 2
2669 6
2670 8
2671 9
2672 3
2673 7
2674 2
2675 6
2676 6
2677 10
2678 2
2679 5
2680 5
2681 5
2682 6
2683 8
2684 3
2685 4
2686 3
2687 3
2688 3
2689 3
2690 5
2691 3
2692 4
2693 4
2694 4
2695 7
2696 11
2697 7
2698 9
2699 5
2700 4
2701 5
2702 6
2703 5
2704 7
2705 4
2706 4
2707 4
2708 7
2709 5
2710 9
2711 5
2712 4
2713 4
2714 10
2715 4
2716 6
2717 6
2718 6
2719 9
2720 8
2721 5
2722 8
2723 3
2724 4
2725 8
2726 3
2727 2
2728 3
2729 5
2730 3
2731 5
2732 2
2733 3
2734 5
2735 6
2736 5
2737 4
2738 6
2739 6
2740 6
2741 4
2742 7
2743 3
2744 5
2745 4
2746 8
2747 5
2748 2
2749 6
2750 5
2751 6
2752 6
2753 5
2754 3
2755 4
2756 3
2757 5
2758 6
2759 5
2760 6
2761 4
2762 4
2763 1
2764 3
2765 7
2766 3
2767 5
2768 1
2769 3
2770 4
2771 4
2772 6
2773 1
2774 9
2775 11
2776 7
2777 5
2778 6
2779 5
2780 6
2781 2
2782 5
2783 4
2784 7
2785 1
2786 4
2787 5
2788 2
2789 4
2790 2
2791 7
2792 6
2793 3
2794 3
2795 4
2796 2
2797 8
2798 8
2799 4
2800 4
2801 11
2802 7
2803 6
2804 4
2805 9
2806 3
2807 7
2808 3
2809 7
2810 3
2811 9
2812 8
2813 5
2814 4
2815 5
2816 2
2817 8
2818 4
2819 7
2820 2
2821 4
2822 7
2823 2
2824 7
2825 4
2826 8
2827 2
2828 10
2829 6
2830 5
2831 6
2832 5
2833 6
2834 4
2835 1
2836 6
2837 3
2838 8
2839 9
2840 6
2841 8
2842 3
2843 5
2844 9
2845 8
2846 3
2847 7
2848 2
2849 8
2850 7
2851 9
2852 3
2853 2
2854 4
2855 5
2856 4
2857 3
2858 8
2859 7
2860 8
2861 3
2862 3
2863 9
2864 5
2865 5
2866 4
2867 10
2868 4
2869 7
2870 7
2871 5
2872 6
2873 9
2874 3
2875 7
2876 6
2877 7
2878 5
2879 3
2880 2
2881 3
2882 6
2883 5
2884 5
2885 2
2886 3
2887 8
2888 6
2889 7
2890 4
2891 2
2892 3
2893 5
2894 8
2895 4
2896 4
2897 4
2898 2
2899 2
2900 5
2901 4
2902 4
2903 5
2904 5
2905 8
2906 9
2907 10
2908 4
2909 9
2910 4
2911 5
2912 6
2913 7
2914 3
2915 7
2916 12
2917 4
2918 4
2919 5
2920 9
2921 7
2922 5
2923 9
2924 8
2925 3
2926 9
2927 10
2928 4
2929 3
2930 7
2931 6
2932 2
2933 5
2934 7
2935 6
2936 6
2937 5
2938 2
2939 5
2940 7
2941 7
2942 5
2943 3
2944 4
2945 8
2946 3
2947 9
2948 2
2949 6
2950 5
2951 10
2952 2
2953 8
2954 5
2955 10
2956 8
2957 6
2958 5
2959 3
2960 5
2961 7
2962 4
2963 6
2964 8
2965 5
2966 11
2967 6
2968 4
2969 5
2970 9
2971 6
2972 6
2973 5
2974 6
2975 8
2976 7
2977 4
2978 5
2979 6
2980 4
2981 6
2982 8
2983 5
2984 6
2985 8
2986 7
2987 5
2988 8
2989 6
2990 8
2991 8
2992 2
2993 6
2994 6
2995 11
2996 11
2997 6
2998 6
2999 8
3000 2
3001 5
3002 3
3003 9
3004 6
3005 9
3006 4
3007 7
3008 6
3009 8
3010 10
3011 6
3012 7
3013 11
3014 4
3015 5
3016 4
3017 7
3018 7
3019 10
3020 5
3021 4
3022 6
3023 3
3024 6
3025 9
3026 2
3027 10
3028 5
3029 4
3030 4
3031 2
3032 4
3033 5
3034 9
3035 6
3036 5
3037 5
3038 5
3039 7
3040 9
3041 3
3042 6
3043 5
3044 5
3045 7
3046 6
3047 12
3048 8
3049 5
3050 7
3051 7
3052 5
3053 4
3054 13
3055 7
3056 8
3057 6
3058 5
3059 5
3060 3
3061 6
3062 7
3063 5
3064 3
3065 7
3066 6
3067 4
3068 3
3069 5
3070 2
3071 9
3072 4
3073 4
3074 7
3075 10
3076 6
3077 8
3078 6
3079 8
3080 5
3081 6
3082 5
3083 8
3084 3
3085 2
3086 7
3087 4
3088 7
3089 9
3090 6
3091 6
3092 7
3093 2
3094 9
3095 6
3096 5
3097 7
3098 12
3099 5
3100 3
3101 5
3102 9
3103 8
3104 7
3105 7
3106 7
3107 5
3108 6
3109 3
3110 5
3111 9
3112 8
3113 10
3114 6
3115 8
3116 4
3117 12
3118 9
3119 10
3120 6
3121 2
3122 6
3123 1
3124 4
3125 10
3126 4
3127 11
3128 8
3129 9
3130 4
3131 4
3132 9
3133 6
3134 9
3135 3
3136 7
3137 6
3138 5
3139 3
3140 7
3141 6
3142 3
3143 5
3144 10
3145 4
3146 4
3147 6
3148 3
3149 9
3150 10
3151 8
3152 9
3153 3
3154 9
3155 8
3156 11
3157 4
3158 9
3159 8
3160 12
3161 7
3162 5
3163 7
3164 4
3165 6
3166 7
3167 8
3168 7
3169 3
3170 6
3171 5
3172 5
3173 5
3174 8
3175 14
3176 5
3177 1
3178 11
3179 3
3180 4
3181 5
3182 8
3183 9
3184 10
3185 11
3186 10
3187 9
3188 9
3189 11
3190 5
3191 8
3192 8
3193 3
3194 10
3195 5
3196 10
3197 8
3198 12
3199 7
3200 8
3201 5
3202 3
3203 6
3204 5
3205 7
3206 6
3207 4
3208 10
3209 6
3210 10
3211 9
3212 10
3213 5
3214 9
3215 3
3216 6
3217 7
3218 5
3219 7
3220 8
3221 4
3222 7
3223 10
3224 5
3225 9
3226 5
3227 12
3228 2
3229 4
3230 3
3231 9
3232 5
3233 9
3234 6
3235 8
3236 6
3237 8
3238 2
3239 5
3240 8
3241 5
3242 9
3243 4
3244 10
3245 10
3246 8
3247 6
3248 7
3249 6
3250 3
3251 5
3252 5
3253 7
3254 9
3255 9
3256 6
3257 4
3258 8
3259 7
3260 5
3261 9
3262 3
3263 6
3264 6
3265 6
3266 11
3267 6
3268 9
3269 7
3270 4
3271 3
3272 7
3273 6
3274 6
3275 5
3276 5
3277 5
3278 11
3279 4
3280 8
3281 8
3282 5
3283 4
3284 3
3285 5
3286 8
3287 12
3288 5
3289 8
3290 8
3291 3
3292 3
3293 8
3294 3
3295 4
3296 5
3297 14
3298 7
3299 8
3300 10
3301 5
3302 5
3303 9
3304 2
3305 8
3306 3
3307 7
3308 2
3309 6
3310 5
3311 10
3312 11
3313 5
3314 11
3315 8
3316 12
3317 8
3318 3
3319 6
3320 9
3321 2
3322 9
3323 11
3324 5
3325 4
3326 4
3327 2
3328 3
3329 9
3330 5
3331 12
3332 6
3333 8
3334 9
3335 6
3336 10
3337 7
3338 5
3339 4
3340 10
3341 8
3342 2
3343 7
3344 7
3345 7
3346 9
3347 4
3348 5
3349 5
3350 5
3351 15
3352 12
3353 4
3354 8
3355 8
3356 3
3357 12
3358 3
3359 6
3360 11
3361 6
3362 3
3363 11
3364 12
3365 8
3366 6
3367 9
3368 6
3369 8
3370 9
3371 12
3372 10
3373 6
3374 6
3375 5
3376 6
3377 4
3378 6
3379 15
3380 9
3381 7
3382 3
3383 7
3384 7
3385 3
3386 8
3387 9
3388 8
3389 6
3390 9
3391 7
3392 5
3393 8
3394 3
3395 9
3396 10
3397 14
3398 7
3399 5
3400 9
3401 8
3402 10
3403 13
3404 4
3405 6
3406 4
3407 7
3408 6
3409 9
3410 8
3411 2
3412 9
3413 6
3414 5
3415 9
3416 4
3417 5
3418 5
3419 5
3420 7
3421 6
3422 3
3423 7
3424 8
3425 8
3426 8
3427 10
3428 10
3429 7
3430 5
3431 3
3432 12
3433 7
3434 4
3435 8
3436 6
3437 7
3438 6
3439 3
3440 4
3441 4
3442 7
3443 6
3444 6
3445 8
3446 9
3447 9
3448 7
3449 6
3450 8
3451 7
3452 10
3453 11
3454 7
3455 7
3456 6
3457 9
3458 5
3459 6
3460 5
3461 3
3462 4
3463 1
3464 7
3465 6
3466 3
3467 10
3468 13
3469 7
3470 5
3471 2
3472 10
3473 8
3474 6
3475 5
3476 5
3477 10
3478 4
3479 6
3480 6
3481 8
3482 3
3483 4
3484 1
3485 12
3486 8
3487 5
3488 11
3489 9
3490 7
3491 10
3492 8
3493 6
3494 8
3495 4
3496 9
3497 13
3498 3
3499 8
3500 12
3501 10
3502 2
3503 8
3504 10
3505 2
3506 7
3507 2
3508 9
3509 8
3510 5
3511 6
3512 10
3513 9
3514 11
3515 5
3516 11
3517 4
3518 5
3519 6
3520 9
3521 5
3522 4
3523 9
3524 3
3525 8
3526 6
3527 3
3528 8
3529 6
3530 6
3531 4
3532 7
3533 6
3534 8
3535 7
3536 4
3537 4
3538 5
3539 3
3540 5
3541 7
3542 7
3543 8
3544 4
3545 10
3546 9
3547 6
3548 6
3549 4
3550 5
3551 5
3552 7
3553 3
3554 5
3555 8
3556 2
3557 6
3558 8
3559 4
3560 7
3561 4
3562 7
3563 8
3564 7
3565 8
3566 8
3567 6
3568 5
3569 14
3570 2
3571 3
3572 8
3573 5
3574 7
3575 10
3576 7
3577 7
3578 5
3579 8
3580 7
3581 4
3582 7
3583 9
3584 9
3585 6
3586 11
3587 7
3588 9
3589 4
3590 4
3591 8
3592 9
3593 7
3594 3
3595 8
3596 11
3597 7
3598 6
3599 3
3600 4
3601 3
3602 8
3603 8
3604 8
3605 4
3606 8
3607 5
3608 6
3609 11
3610 5
3611 5
3612 5
3613 6
3614 1
3615 5
3616 8
3617 6
3618 6
3619 9
3620 4
3621 6
3622 5
3623 8
3624 3
3625 6
3626 8
3627 5
3628 8
3629 10
3630 7
3631 4
3632 5
3633 7
3634 6
3635 2
3636 5
3637 4
3638 5
3639 9
3640 4
3641 2
3642 7
3643 3
3644 9
3645 4
3646 7
3647 4
3648 3
3649 6
3650 7
3651 7
3652 6
3653 7
3654 4
3655 10
3656 5
3657 3
3658 6
3659 6
3660 12
3661 6
3662 9
3663 6
3664 4
3665 9
3666 5
3667 4
3668 11
3669 6
3670 8
3671 10
3672 5
3673 9
3674 2
3675 5
3676 9
3677 8
3678 6
3679 2
3680 8
3681 4
3682 10
3683 8
3684 5
3685 11
3686 3
3687 3
3688 6
3689 6
3690 6
3691 4
3692 5
3693 6
3694 7
3695 8
3696 8
3697 5
3698 8
3699 9
3700 9
3701 7
3702 3
3703 4
3704 8
3705 5
3706 8
3707 6
3708 7
3709 5
3710 6
3711 6
3712 10
3713 5
3714 7
3715 6
3716 4
3717 8
3718 4
3719 5
3720 6
3721 4
3722 4
3723 9
3724 5
3725 9
3726 4
3727 8
3728 7
3729 3
3730 9
3731 8
3732 5
3733 6
3734 3
3735 7
3736 5
3737 10
3738 6
3739 5
3740 6
3741 10
3742 5
3743 6
3744 6
3745 5
3746 6
3747 7
3748 8
3749 7
3750 9
3751 4
3752 5
3753 9
3754 7
3755 5
3756 6
3757 9
3758 8
3759 4
3760 6
3761 7
3762 7
3763 3
3764 8
3765 3
3766 7
3767 8
3768 2
3769 7
3770 3
3771 5
3772 8
3773 5
3774 6
3775 9
3776 5
3777 8
3778 7
3779 4
3780 4
3781 3
3782 5
3783 5
3784 3
3785 6
3786 5
3787 10
3788 3
3789 7
3790 3
3791 5
3792 11
3793 4
3794 5
3795 7
3796 6
3797 8
3798 10
3799 5
3800 8
3801 9
3802 7
3803 6
3804 8
3805 9
3806 2
3807 5
3808 6
3809 3
3810 9
3811 13
3812 9
3813 6
3814 3
3815 4
3816 9
3817 10
3818 7
3819 3
3820 12
3821 7
3822 9
3823 2
3824 4
3825 5
3826 7
3827 6
3828 4
3829 8
3830 4
3831 5
3832 4
3833 2
3834 4
3835 5
3836 5
3837 9
3838 6
3839 6
3840 6
3841 6
3842 5
3843 5
3844 4
3845 4
3846 5
3847 3
3848 8
3849 3
3850 2
3851 7
3852 5
3853 9
3854 5
3855 2
3856 2
3857 7
3858 2
3859 5
3860 5
3861 4
3862 4
3863 5
3864 3
3865 5
3866 2
3867 7
3868 1
3869 3
3870 9
3871 6
3872 10
3873 7
3874 1
3875 6
3876 5
3877 4
3878 5
3879 7
3880 3
3881 5
3882 7
3883 7
3884 2
3885 4
3886 6
3887 7
3888 5
3889 7
3890 5
3891 3
3892 5
3893 7
3894 5
3895 11
3896 9
3897 2
3898 2
3899 3
3900 2
3901 5
3902 6
3903 4
3904 7
3905 7
3906 4
3907 12
3908 4
3909 8
3910 5
3911 8
3912 5
3913 4
3914 4
3915 9
3916 6
3917 7
3918 10
3919 6
3920 4
3921 5
3922 4
3923 3
3924 4
3925 2
3926 1
3927 9
3928 2
3929 5
3930 8
3931 9
3932 7
3933 3
3934 5
3935 6
3936 5
3937 4
3938 3
3939 4
3940 4
3941 4
3942 9
3943 6
3944 1
3945 2
3946 8
3947 2
3948 6
3949 6
3950 8
3951 3
3952 5
3953 6
3954 3
3955 3
3956 3
3957 8
3958 7
3959 5
3960 10
3961 9
3962 4
3963 5
3964 4
3965 5
3966 7
3967 8
3968 6
3969 5
3970 6
3971 4
3972 2
3973 1
3974 9
3975 4
3976 4
3977 8
3978 7
3979 4
3980 2
3981 6
3982 3
3983 8
3984 10
3985 6
3986 7
3987 6
3988 11
3989 2
3990 7
3991 6
3992 8
3993 9
3994 3
3995 2
3996 8
3997 4
3998 4
3999 8
4000 6
4001 5
4002 9
4003 6
4004 11
4005 9
4006 2
4007 2
4008 7
4010 4
4011 10
4012 8
4013 2
4014 4
4015 4
4016 6
4017 4
4018 3
4020 7
4021 2
4022 8
4023 5
4024 4
4025 7
4026 7
4027 5
4028 6
4029 4
4030 2
4031 8
4032 3
4033 3
4034 9
4035 7
4036 6
4037 2
4038 6
4039 6
4040 2
4041 5
4042 4
4043 5
4044 7
4045 3
4046 6
4047 2
4048 8
4049 5
4050 5
4051 1
4052 2
4053 5
4054 4
4055 6
4056 3
4057 3
4058 7
4059 1
4060 5
4061 9
4062 5
4063 5
4064 6
4065 5
4066 5
4067 10
4068 2
4069 3
4070 3
4071 6
4072 6
4073 4
4074 7
4075 10
4076 4
4077 7
4078 4
4079 4
4080 4
4081 3
4082 1
4083 3
4084 5
4085 5
4086 4
4087 4
4088 6
4089 5
4090 5
4091 4
4092 3
4093 3
4094 6
4095 4
4096 2
4097 2
4098 7
4099 6
4100 4
4101 3
4102 3
4103 6
4104 3
4105 6
4106 6
4107 8
4108 10
4109 5
4110 7
4111 3
4112 3
4113 1
4114 3
4115 7
4116 7
4117 8
4118 5
4119 6
4120 6
4121 6
4122 2
4123 5
4124 8
4125 2
4126 3
4127 6
4128 7
4129 6
4130 6
4131 4
4132 3
4133 5
4134 6
4135 4
4136 7
4137 6
4138 6
4139 2
4140 1
4141 6
4142 4
4143 9
4144 3
4145 6
4146 5
4147 7
4148 1
4149 6
4150 2
4151 7
4152 6
4153 7
4154 3
4155 3
4156 6
4157 4
4158 5
4159 8
4160 4
4161 3
4162 4
4163 3
4164 5
4165 5
4166 7
4167 6
4168 2
4169 9
4170 8
4171 1
4172 5
4173 1
4174 3
4175 5
4176 4
4177 3
4178 6
4179 5
4180 5
4181 9
4182 4
4183 2
4184 5
4185 8
4186 7
4187 1
4188 5
4189 4
4190 6
4191 3
4192 3
4193 7
4194 5
4195 3
4196 2
4197 4
4198 5
4199 3
4200 6
4201 8
4202 3
4203 5
4204 1
4205 4
4206 3
4207 8
4208 8
4209 7
4210 6
4211 6
4212 6
4213 6
4214 3
4215 7
4216 5
4217 5
4218 5
4219 3
4220 1
4221 3
4222 3
4223 1
4224 4
4225 5
4226 2
4227 6
4228 8
4229 2
4230 6
4231 5
4232 6
4233 3
4234 4
4235 4
4236 8
4237 5
4238 3
4239 6
4240 4
4241 3
4242 1
4243 7
4244 8
4245 6
4246 9
4247 4
4248 7
4249 4
4250 3
4251 6
4252 4
4253 1
4254 2
4255 3
4256 5
4257 5
4258 2
4259 4
4260 5
4261 2
4262 6
4263 1
4264 7
4265 8
4266 6
4267 1
4268 4
4269 2
4270 10
4271 3
4272 5
4273 4
4274 3
4275 4
4276 4
4277 5
4278 6
4279 8
4280 6
4281 1
4282 4
4283 5
4284 8
4285 6
4286 6
4288 7
4289 9
4290 3
4291 2
4292 3
4293 7
4294 3
4295 5
4296 6
4297 4
4298 3
4299 2
4300 4
4301 2
4302 8
4303 2
4304 6
4305 3
4306 3
4307 6
4308 3
4309 6
4310 8
4311 5
4312 9
4313 5
4314 2
4315 8
4316 1
4317 5
4318 6
4319 3
4320 3
4321 5
4322 2
4323 7
4324 3
4325 6
4326 5
4327 3
4328 5
4329 3
4330 7
4331 2
4332 1
4334 2
4335 3
4336 7
4337 3
4338 4
4339 4
4340 4
4341 6
4342 4
4343 3
4344 5
4345 6
4346 4
4347 4
4348 4
4349 1
4350 4
4351 8
4352 3
4353 5
4354 4
4355 3
4356 2
4357 2
4358 8
4359 1
4360 2
4361 4
4362 1
4363 5
4364 3
4365 5
4366 8
4367 3
4368 5
4369 7
4370 1
4371 10
4372 1
4373 3
4374 6
4375 1
4376 5
4377 7
4378 3
4379 16
4380 8
4381 7
4382 7
4383 7
4384 3
4385 3
4386 7
4387 8
4388 5
4389 6
4390 7
4391 5
4392 3
4393 4
4394 4
4395 7
4396 5
4397 4
4398 3
4399 3
4400 5
4401 3
4402 7
4403 6
4404 4
4405 4
4406 6
4407 4
4408 4
4409 3
4410 5
4411 6
4412 4
4413 2
4414 2
4415 5
4416 4
4417 2
4419 6
4420 2
4421 5
4422 4
4424 8
4425 2
4426 3
4427 5
4428 2
4429 2
4430 3
4431 6
4432 4
4433 7
4434 5
4435 2
4436 6
4437 5
4438 3
4439 4
4440 3
4441 4
4443 4
4444 3
4445 4
4446 3
4447 2
4448 8
4449 1
4450 3
4451 5
4452 8
4453 5
4454 4
4455 5
4456 3
4457 1
4458 9
4459 6
4460 6
4461 2
4462 11
4463 3
4464 6
4465 4
4466 5
4467 1
4468 6
4469 3
4470 6
4471 3
4472 2
4473 4
4474 3
4475 4
4476 2
4477 2
4478 3
4479 2
4480 3
4481 1
4482 5
4483 5
4484 5
4485 5
4486 5
4487 4
4488 3
4489 1
4490 5
4492 4
4493 2
4494 5
4495 2
4496 2
4497 1
4498 3
4499 6
4500 5
4501 4
4502 4
4503 4
4504 2
4505 3
4506 5
4507 5
4508 5
4509 7
4510 3
4511 2
4512 5
4513 7
4514 3
4515 7
4516 1
4517 5
4518 3
4519 7
4520 6
4521 3
4522 1
4523 2
4524 1
4525 3
4526 3
4527 2
4528 4
4529 6
4530 3
4531 4
4532 3
4533 7
4534 5
4535 5
4536 4
4537 3
4538 2
4539 3
4540 5
4541 2
4543 2
4544 2
4545 4
4546 6
4547 9
4548 3
4549 2
4550 4
4551 1
4552 2
4553 1
4554 1
4555 7
4556 6
4557 3
4558 6
4559 7
4560 2
4561 7
4562 5
4563 7
4564 2
4565 5
4566 3
4567 5
4568 4
4569 7
4570 3
4571 1
4572 3
4573 9
4574 2
4575 3
4576 6
4577 2
4578 2
4579 2
4580 3
4581 5
4582 2
4583 3
4584 5
4585 3
4586 2
4587 2
4588 6
4589 6
4590 5
4591 6
4592 3
4593 1
4594 1
4595 2
4596 4
4597 2
4598 4
4599 3
4600 4
4601 2
4602 5
4603 7
4604 5
4605 5
4606 3
4607 3
4608 2
4609 4
4610 3
4611 2
4612 7
4613 3
4614 5
4615 2
4616 3
4617 5
4618 3
4619 2
4620 3
4621 2
4622 5
4623 5
4624 2
4625 6
4626 8
4627 6
4628 3
4629 8
4630 1
4631 4
4632 4
4633 2
4634 5
4635 2
4636 2
4637 5
4638 1
4639 2
4640 4
4641 6
4642 4
4643 4
4644 4
4645 4
4646 1
4647 1
4648 3
4649 2
4650 3
4651 4
4652 1
4653 1
4654 3
4655 7
4656 4
4657 3
4658 9
4659 7
4660 4
4661 1
4662 4
4663 2
4664 4
4665 2
4666 7
4667 4
4668 1
4669 2
4670 3
4671 3
4672 2
4673 6
4674 3
4676 1
4677 7
4678 2
4679 4
4680 4
4681 1
4682 3
4683 1
4684 1
4685 4
4686 6
4687 7
4688 3
4689 6
4690 3
4691 3
4692 3
4693 4
4694 4
4695 3
4696 2
4697 2
4698 4
4699 5
4700 4
4701 4
4702 4
4703 5
4704 1
4705 4
4706 2
4707 4
4708 5
4709 4
4710 4
4711 1
4712 6
4713 2
4714 2
4715 5
4716 5
4717 3
4718 1
4719 5
4720 2
4721 4
4722 1
4723 10
4724 6
4725 2
4726 3
4727 4
4728 5
4730 4
4731 2
4732 3
4733 2
4734 2
4735 1
4736 4
4737 4
4738 6
4739 4
4740 8
4741 1
4742 3
4743 3
4744 4
4745 4
4746 7
4747 4
4748 4
4749 6
4750 1
4751 3
4752 4
4753 6
4754 4
4755 3
4756 5
4757 7
4758 2
4759 6
4760 1
4761 4
4762 3
4763 2
4764 3
4765 4
4766 4
4767 5
4769 2
4770 4
4772 3
4773 3
4774 8
4775 1
4776 4
4777 9
4779 1
4780 7
4781 1
4782 5
4783 3
4784 3
4785 1
4786 2
4787 4
4788 4
4789 6
4790 6
4791 3
4792 1
4793 3
4794 1
4795 4
4796 1
4797 2
4798 3
4800 4
4801 5
4802 1
4803 2
4804 3
4805 1
4806 2
4807 4
4808 2
4809 5
4810 3
4811 2
4812 4
4813 6
4814 3
4815 4
4816 4
4817 3
4818 2
4819 3
4820 2
4821 2
4822 2
4823 4
4824 1
4825 2
4826 4
4827 4
4828 3
4829 2
4830 2
4831 3
4832 6
4833 4
4834 2
4835 2
4836 2
4837 3
4838 3
4839 4
4840 7
4841 6
4842 5
4843 4
4844 3
4845 2
4846 4
4847 6
4848 2
4849 2
4850 3
4851 2
4852 3
4853 1
4854 5
4855 2
4856 4
4857 3
4858 2
4859 4
4861 4
4862 2
4863 6
4864 7
4865 4
4866 6
4867 2
4868 3
4869 3
4870 2
4871 2
4872 2
4873 2
4874 3
4875 1
4876 2
4877 1
4878 5
4879 2
4880 3
4881 1
4882 2
4883 2
4884 5
4885 5
4886 3
4887 3
4888 4
4889 3
4890 2
4891 2
4893 4
4894 2
4895 8
4896 5
4897 1
4898 3
4899 4
4900 5
4901 1
4902 5
4903 2
4904 1
4905 5
4906 6
4907 4
4908 5
4909 2
4910 2
4911 2
4912 2
4913 1
4914 2
4916 2
4917 3
4918 4
4919 3
4920 2
4921 5
4922 1
4923 5
4924 7
4925 2
4926 1
4928 7
4929 2
4930 4
4931 3
4932 3
4933 3
4934 5
4935 3
4937 4
4938 1
4939 1
4940 3
4941 2
4942 4
4943 3
4944 2
4945 3
4947 4
4948 2
4949 1
4950 3
4951 2
4952 4
4953 4
4954 3
4955 2
4956 3
4957 2
4958 1
4959 1
4960 4
4961 3
4962 3
4963 8
4964 2
4965 6
4966 7
4967 5
4968 3
4969 2
4970 2
4971 1
4972 2
4973 3
4974 1
4975 2
4976 6
4977 2
4978 3
4979 1
4981 3
4982 1
4983 1
4984 4
4985 6
4986 4
4987 1
4988 3
4989 3
4990 5
4992 4
4993 2
4994 3
4995 4
4996 3
4997 2
4998 2
4999 4
5000 4
5001 6
5002 3
5003 2
5004 5
5005 4
5006 1
5007 3
5008 4
5009 4
5010 6
5011 3
5012 3
5013 2
5014 7
5015 4
5016 1
5017 4
5018 3
5019 7
5020 3
5021 7
5022 5
5023 4
5024 5
5025 3
5026 2
5027 3
5028 4
5029 3
5030 2
5031 3
5032 1
5033 1
5034 3
5035 1
5036 4
5037 2
5038 2
5039 1
5040 3
5041 2
5042 3
5043 5
5044 2
5045 2
5046 5
5047 4
5048 1
5049 1
5050 4
5051 1
5052 4
5053 1
5054 3
5055 4
5056 3
5057 6
5058 4
5059 3
5060 5
5061 2
5062 4
5063 1
5064 2
5065 1
5066 5
5067 1
5068 2
5069 3
5070 4
5071 4
5072 2
5073 4
5074 1
5075 6
5077 1
5078 3
5079 4
5080 3
5081 1
5082 3
5083 1
5084 4
5085 2
5086 2
5087 4
5088 5
5089 1
5090 3
5091 1
5092 5
5093 3
5094 2
5095 2
5096 1
5097 2
5098 2
5099 1
5100 2
5101 3
5102 2
5103 2
5104 2
5105 5
5106 1
5107 2
5108 2
5109 1
5110 4
5111 3
5112 3
5113 4
5114 3
5115 3
5116 3
5117 2
5118 5
5119 2
5120 4
5121 2
5122 1
5123 2
5124 2
5125 5
5126 3
5127 4
5128 5
5129 2
5130 2
5131 5
5132 1
5133 8
5134 3
5135 2
5136 1
5137 1
5138 6
5139 2
5140 2
5141 8
5142 2
5143 2
5144 4
5145 4
5146 1
5147 4
5148 7
5149 5
5150 1
5151 5
5152 2
5153 5
5154 4
5155 4
5156 3
5157 2
5159 1
5160 2
5161 3
5162 6
5163 4
5164 5
5166 4
5167 4
5168 1
5169 3
5170 1
5171 4
5172 2
5173 4
5174 3
5175 1
5176 1
5177 3
5178 1
5179 4
5180 3
5181 1
5182 3
5183 4
5184 1
5185 2
5186 3
5187 3
5188 1
5189 2
5190 2
5191 3
5192 2
5193 3
5194 2
5195 2
5196 4
5197 3
5198 2
5199 2
5200 3
5201 3
5202 3
5203 3
5205 3
5206 2
5207 1
5208 2
5209 1
5210 2
5211 5
5212 3
5213 1
5215 3
5216 6
5217 4
5218 1
5219 2
5220 1
5221 3
5222 3
5223 1
5224 3
5225 1
5227 1
5228 1
5229 3
5230 3
5231 1
5232 5
5233 3
5234 4
5235 1
5237 6
5239 3
5240 2
5242 3
5243 2
5244 2
5245 2
5246 3
5247 3
5248 2
5249 3
5250 4
5251 3
5252 1
5253 2
5254 3
5255 1
5256 2
5257 3
5258 4
5259 3
5260 6
5261 3
5262 1
5263 4
5264 1
5265 1
5266 3
5267 2
5268 4
5269 3
5270 5
5271 4
5273 3
5274 2
5275 3
5276 1
5277 1
5278 4
5279 2
5280 2
5281 5
5282 1
5283 2
5284 2
5285 3
5286 3
5287 5
5288 4
5289 1
5290 3
5291 1
5292 3
5293 2
5294 1
5297 2
5298 1
5299 3
5300 2
5301 2
5302 2
5303 5
5304 2
5305 3
5306 2
5307 4
5308 2
5309 1
5310 3
5311 4
5312 1
5313 1
5314 5
5315 3
5316 3
5317 5
5318 1
5319 1
5320 3
5321 3
5322 1
5323 1
5324 4
5325 2
5326 2
5327 2
5328 1
5329 2
5330 6
5331 1
5332 2
5333 1
5334 3
5335 2
5336 2
5337 3
5338 2
5339 3
5340 3
5341 2
5342 7
5343 2
5344 1
5345 2
5347 2
5348 3
5349 2
5350 1
5351 1
5352 2
5353 4
5354 2
5355 2
5356 2
5358 3
5359 2
5360 2
5361 3
5362 7
5363 3
5364 2
5365 1
5367 2
5368 6
5369 1
5370 5
5371 2
5372 1
5373 2
5374 3
5375 2
5376 3
5377 1
5378 4
5379 2
5380 3
5381 2
5382 4
5383 2
5384 1
5385 1
5386 2
5387 3
5388 2
5389 1
5390 3
5391 2
5392 4
5393 2
5394 3
5395 2
5396 2
5397 2
5398 2
5399 1
5400 3
5401 2
5402 7
5403 2
5404 1
5405 1
5406 2
5407 1
5408 5
5409 3
5410 1
5411 1
5412 3
5414 2
5415 1
5416 4
5417 3
5418 2
5420 4
5422 1
5423 2
5424 2
5426 3
5427 1
5428 4
5429 5
5430 5
5431 3
5433 4
5434 1
5435 2
5436 1
5437 1
5438 4
5439 2
5440 4
5441 4
5442 3
5443 1
5444 3
5445 1
5446 1
5447 3
5448 3
5450 3
5451 3
5452 1
5453 1
5454 1
5455 6
5456 1
5457 1
5458 1
5459 4
5460 1
5461 2
5463 3
5464 5
5465 4
5466 4
5468 6
5469 1
5470 2
5471 2
5472 1
5473 2
5474 5
5475 4
5476 5
5477 1
5479 3
5480 2
5481 1
5482 3
5483 3
5484 3
5486 2
5487 6
5488 2
5489 2
5490 1
5491 3
5492 5
5493 4
5494 2
5496 4
5497 2
5498 4
5499 3
5500 1
5501 2
5502 2
5503 4
5504 5
5505 2
5506 2
5507 2
5508 2
5509 5
5510 1
5511 2
5512 7
5513 1
5514 1
5515 2
5516 1
5517 1
5518 4
5519 4
5520 3
5522 4
5524 3
5526 3
5527 4
5528 3
5529 2
5530 2
5531 1
5533 3
5534 5
5535 3
5536 4
5537 1
5538 1
5539 3
5540 6
5541 2
5542 4
5543 2
5544 1
5545 4
5546 2
5548 2
5549 2
5550 2
5551 2
5552 2
5553 1
5555 4
5556 5
5557 3
5558 4
5559 4
5560 6
5561 4
5562 2
5563 3
5564 1
5565 2
5566 4
5567 3
5568 3
5569 1
5570 5
5571 3
5572 4
5573 3
5574 3
5575 4
5576 5
5577 3
5578 2
5579 2
5580 2
5581 4
5582 2
5583 4
5585 2
5586 1
5587 4
5588 2
5589 2
5590 2
5591 3
5594 1
5595 4
5596 1
5597 2
5598 5
5599 2
5600 2
5601 1
5602 1
5603 3
5604 2
5605 1
5606 1
5607 1
5608 3
5609 4
5610 3
5611 2
5612 2
5613 1
5614 2
5615 3
5616 5
5617 1
5618 2
5619 2
5620 3
5621 1
5622 3
5623 2
5625 1
5626 2
5627 3
5628 1
5629 5
5631 4
5632 3
5633 5
5634 2
5635 1
5636 2
5637 2
5638 1
5640 2
5641 2
5643 3
5644 1
5645 3
5646 1
5648 1
5651 2
5652 6
5654 3
5655 3
5656 4
5657 1
5658 7
5659 2
5660 4
5661 2
5662 2
5663 2
5664 6
5665 6
5667 6
5668 1
5669 2
5670 1
5671 1
5672 3
5673 3
5674 4
5675 4
5676 2
5677 1
5679 6
5680 1
5683 4
5684 1
5685 1
5686 6
5688 2
5689 2
5690 2
5691 3
5692 2
5693 1
5694 3
5695 1
5696 3
5697 1
5698 2
5699 5
5700 1
5701 1
5702 2
5703 2
5704 4
5705 5
5706 6
5707 1
5708 2
5709 6
5710 3
5712 3
5713 2
5714 3
5715 1
5716 1
5717 2
5718 3
5719 2
5720 1
5721 3
5722 4
5724 2
5725 2
5726 1
5727 3
5728 2
5729 1
5730 1
5731 2
5732 2
5733 1
5734 5
5735 2
5736 1
5737 2
5738 3
5739 4
5740 2
5741 1
5742 1
5743 1
5744 2
5745 1
5746 2
5747 2
5748 3
5749 2
5750 2
5751 5
5752 2
5753 2
5754 2
5755 2
5756 2
5757 4
5759 2
5760 1
5761 4
5762 2
5763 3
5764 2
5765 1
5766 4
5767 3
5768 2
5769 2
5770 4
5771 3
5772 1
5773 4
5774 1
5775 1
5776 2
5777 4
5778 3
5779 1
5780 2
5781 2
5782 2
5783 1
5784 1
5785 2
5786 5
5788 2
5789 2
5790 4
5791 3
5792 1
5793 2
5794 2
5795 5
5796 1
5797 1
5798 1
5799 2
5802 2
5803 1
5804 5
5805 4
5806 5
5807 2
5808 1
5809 3
5810 2
5811 4
5812 2
5813 2
5814 2
5815 2
5816 2
5817 2
5819 4
5820 1
5821 2
5822 1
5823 1
5825 2
5826 3
5827 5
5828 4
5829 2
5830 3
5831 1
5832 3
5833 2
5834 1
5835 4
5836 2
5837 1
5840 4
5841 3
5842 1
5843 1
5844 3
5845 3
5846 3
5847 2
5848 3
5849 2
5850 1
5851 1
5853 2
5856 1
5857 1
5858 1
5859 4
5860 2
5861 1
5862 2
5863 1
5865 1
5866 2
5868 2
5869 2
5870 5
5871 1
5872 2
5873 1
5874 2
5875 2
5876 2
5878 1
5879 2
5881 2
5882 3
5883 1
5885 2
5886 3
5887 2
5890 3
5891 5
5892 3
5893 3
5894 2
5895 2
5896 1
5897 4
5899 1
5900 1
5901 2
5902 1
5905 2
5906 2
5907 2
5908 2
5909 2
5910 1
5911 2
5912 2
5913 1
5914 1
5917 5
5918 2
5920 1
5922 1
5923 3
5924 3
5926 1
5927 3
5929 3
5930 4
5931 2
5934 3
5935 3
5936 1
5937 1
5938 2
5940 1
5942 5
5943 4
5944 2
5945 2
5946 2
5947 2
5948 1
5949 1
5951 2
5952 2
5953 3
5954 4
5955 1
5956 3
5957 1
5958 1
5959 2
5960 2
5961 2
5962 2
5963 2
5964 3
5966 1
5967 1
5968 2
5969 1
5970 3
5971 4
5973 3
5974 3
5975 3
5976 3
5977 1
5978 1
5979 2
5980 1
5981 1
5982 3
5983 1
5984 1
5985 1
5988 4
5989 3
5990 1
5991 2
5992 4
5993 2
5994 1
5995 1
5996 2
5997 3
5998 1
5999 1
6000 2
6003 3
6004 2
6006 1
6008 1
6009 4
6010 2
6011 2
6012 1
6013 1
6014 3
6015 1
6016 2
6017 4
6019 3
6020 5
6021 1
6022 1
6023 1
6024 3
6025 2
6026 3
6027 1
6028 1
6029 2
6030 1
6031 2
6033 1
6034 2
6035 4
6036 1
6037 1
6038 1
6039 5
6040 2
6042 2
6043 2
6044 2
6045 3
6048 1
6049 5
6050 3
6052 2
6053 4
6055 1
6056 1
6057 3
6058 1
6059 2
6060 3
6061 2
6062 3
6063 5
6064 2
6065 1
6066 1
6068 2
6070 2
6071 3
6072 1
6073 1
6074 2
6075 1
6076 1
6077 3
6078 1
6080 1
6081 1
6082 1
6084 4
6085 4
6086 1
6087 2
6088 4
6089 3
6090 2
6093 1
6094 2
6095 1
6096 1
6097 1
6098 2
6099 2
6101 1
6102 2
6103 2
6104 1
6105 3
6106 2
6107 1
6108 1
6109 2
6110 4
6113 1
6114 1
6115 2
6117 1
6118 1
6119 1
6121 2
6122 4
6124 2
6125 2
6126 1
6127 3
6129 3
6133 2
6134 2
6135 2
6137 1
6138 3
6139 2
6140 2
6141 1
6142 3
6143 1
6144 1
6145 2
6146 1
6147 1
6148 3
6150 7
6151 4
6153 2
6155 3
6156 1
6157 2
6159 4
6160 1
6161 3
6162 1
6164 1
6166 1
6169 1
6170 2
6171 2
6174 1
6176 4
6177 2
6178 1
6180 1
6181 4
6182 2
6183 1
6184 2
6187 2
6188 5
6189 2
6190 1
6191 1
6192 2
6193 1
6194 2
6195 2
6196 2
6197 3
6199 1
6201 2
6202 2
6203 3
6204 1
6205 4
6206 1
6207 2
6208 4
6209 3
6210 2
6212 1
6215 4
6217 2
6219 1
6222 4
6223 2
6224 3
6225 1
6226 4
6228 2
6232 1
6233 1
6235 1
6237 1
6238 2
6241 1
6242 3
6243 3
6245 1
6246 1
6247 1
6248 3
6250 2
6252 1
6253 2
6255 2
6256 2
6257 2
6258 1
6262 4
6263 1
6265 1
6266 2
6267 1
6268 1
6269 2
6270 2
6271 1
6272 4
6273 2
6275 2
6276 1
6278 1
6280 1
6281 2
6282 2
6283 2
6284 1
6285 2
6287 2
6289 1
6290 1
6291 1
6292 1
6293 2
6294 3
6295 1
6296 1
6297 1
6298 3
6300 2
6301 4
6302 2
6303 1
6305 1
6306 3
6307 1
6309 3
6310 2
6311 2
6312 2
6313 2
6314 1
6315 2
6317 2
6319 1
6320 3
6322 4
6323 2
6324 2
6325 1
6326 1
6327 4
6329 2
6330 1
6331 2
6334 2
6336 2
6338 1
6339 2
6340 1
6341 1
6343 1
6345 2
6346 1
6347 1
6348 3
6349 1
6350 1
6352 4
6353 2
6354 1
6355 1
6356 1
6357 1
6358 1
6359 2
6361 1
6362 2
6364 2
6365 2
6367 3
6369 2
6370 1
6371 2
6374 1
6376 1
6377 1
6378 1
6380 1
6381 1
6385 2
6386 3
6387 1
6388 3
6389 1
6390 1
6391 1
6392 2
6393 1
6394 2
6395 1
6398 2
6399 1
6400 3
6401 2
6405 2
6407 1
6408 1
6410 3
6411 5
6412 1
6413 2
6414 5
6415 2
6416 1
6417 1
6418 3
6419 1
6421 1
6422 1
6423 3
6424 1
6425 2
6426 3
6427 3
6428 5
6429 1
6430 1
6432 1
6433 2
6435 2
6436 2
6437 2
6439 3
6440 1
6442 1
6443 1
6444 1
6445 2
6446 2
6447 4
6448 1
6449 1
6450 1
6451 1
6453 1
6454 1
6455 1
6457 1
6458 3
6461 1
6462 3
6464 1
6465 1
6466 1
6468 2
6470 1
6471 1
6473 1
6474 2
6475 3
6477 1
6478 1
6482 4
6484 1
6485 2
6488 1
6489 3
6490 1
6491 1
6492 3
6493 1
6494 2
6497 1
6498 2
6499 1
6500 2
6501 1
6503 2
6504 1
6505 2
6506 2
6507 1
6508 1
6510 3
6513 1
6514 1
6515 2
6518 2
6520 1
6521 1
6522 1
6523 3
6524 5
6525 3
6528 1
6529 1
6530 2
6531 2
6532 1
6533 2
6534 1
6535 2
6536 1
6537 2
6538 1
6539 2
6540 3
6541 3
6542 1
6543 2
6544 3
6545 2
6547 2
6548 2
6549 2
6550 6
6551 1
6552 1
6554 3
6555 2
6556 2
6557 1
6558 3
6559 1
6561 1
6562 2
6563 1
6565 3
6566 1
6567 1
6570 1
6572 1
6573 2
6574 1
6575 1
6576 2
6577 2
6579 1
6580 1
6581 1
6582 1
6583 4
6585 1
6586 2
6587 3
6588 3
6589 1
6590 2
6592 4
6593 1
6594 1
6595 2
6596 2
6597 3
6598 1
6599 1
6600 2
6602 1
6604 1
6605 1
6606 1
6607 1
6608 2
6609 2
6611 3
6613 2
6616 2
6617 1
6618 1
6620 1
6621 1
6622 3
6623 1
6624 1
6627 1
6628 1
6630 2
6631 1
6632 4
6633 1
6634 2
6635 1
6636 4
6637 1
6638 2
6639 2
6640 2
6641 1
6642 1
6644 1
6649 1
6650 1
6651 1
6652 1
6653 2
6654 2
6656 2
6658 2
6659 1
6660 1
6663 1
6664 1
6665 1
6667 2
6668 2
6669 1
6670 3
6674 1
6675 1
6676 1
6678 2
6679 1
6680 1
6682 1
6684 2
6685 2
6689 1
6690 1
6691 2
6692 1
6693 1
6694 1
6695 1
6696 1
6701 4
6703 1
6704 1
6705 1
6706 1
6708 1
6709 1
6713 2
6715 2
6716 3
6718 1
6719 6
6720 3
6721 1
6722 2
6723 1
6724 2
6725 1
6727 1
6728 1
6729 1
6731 1
6732 1
6734 2
6735 1
6737 2
6738 2
6740 1
6741 3
6743 1
6744 1
6745 1
6746 1
6748 1
6749 2
6750 1
6751 1
6752 1
6753 1
6755 1
6758 2
6759 2
6761 2
6762 1
6763 2
6764 1
6765 4
6766 2
6767 2
6770 1
6772 2
6773 1
6774 1
6775 2
6776 1
6777 2
6778 1
6780 1
6781 1
6783 1
6784 2
6785 2
6788 1
6789 3
6790 2
6791 1
6792 1
6793 1
6794 1
6795 1
6796 2
6797 2
6799 3
6800 3
6802 1
6804 1
6805 1
6806 1
6809 1
6811 3
6812 1
6813 4
6814 3
6816 1
6817 1
6818 2
6820 2
6822 1
6823 1
6824 1
6825 1
6827 4
6828 2
6830 2
6831 1
6833 1
6834 4
6838 1
6844 2
6845 2
6847 1
6849 1
6850 2
6854 1
6856 1
6857 2
6858 2
6859 1
6862 2
6863 3
6866 1
6869 1
6870 3
6871 2
6874 1
6875 1
6876 1
6877 2
6878 1
6879 1
6880 1
6881 3
6882 1
6883 1
6885 1
6890 4
6891 2
6893 5
6894 2
6896 1
6897 1
6898 1
6900 1
6901 1
6903 1
6904 2
6905 4
6907 1
6908 1
6909 1
6911 1
6913 1
6914 3
6915 1
6917 2
6918 2
6919 1
6921 1
6922 2
6923 2
6924 1
6925 1
6926 1
6927 2
6929 2
6931 1
6934 1
6935 2
6937 1
6938 1
6941 1
6942 3
6944 1
6947 1
6948 3
6949 1
6950 1
6951 1
6953 1
6956 3
6958 1
6959 1
6960 1
6963 2
6966 1
6967 1
6968 1
6971 1
6973 1
6977 1
6978 3
6979 1
6980 1
6981 1
6982 1
6983 2
6984 2
6985 4
6986 3
6987 1
6989 1
6991 1
6992 2
6999 1
7000 1
7001 2
7003 1
7006 2
7007 4
7008 1
7009 2
7010 2
7012 1
7013 1
7014 1
7015 2
7016 1
7017 2
7018 2
7019 2
7021 1
7022 2
7024 3
7025 1
7028 1
7029 1
7030 1
7031 2
7033 1
7035 1
7036 3
7037 2
7038 1
7039 3
7040 3
7047 1
7048 1
7049 2
7050 2
7051 1
7052 1
7054 3
7055 1
7056 1
7057 1
7058 1
7059 1
7060 1
7062 3
7065 1
7067 3
7069 2
7070 1
7071 2
7073 1
7076 1
7077 1
7078 1
7079 1
7080 1
7083 1
7087 2
7088 1
7089 1
7090 2
7091 1
7092 1
7095 1
7096 1
7097 1
7098 1
7099 1
7102 1
7104 1
7106 3
7109 1
7110 3
7112 2
7113 2
7115 3
7119 1
7120 1
7122 2
7123 3
7125 2
7127 1
7128 3
7130 1
7132 1
7135 1
7137 2
7139 1
7141 4
7144 1
7145 1
7147 1
7148 2
7151 1
7152 1
7153 1
7155 2
7159 1
7160 3
7164 1
7167 2
7168 2
7171 2
7172 4
7173 3
7174 1
7175 1
7179 1
7180 1
7183 1
7184 2
7185 1
7187 1
7188 3
7192 2
7193 1
7194 1
7196 2
7198 1
7200 1
7202 1
7203 4
7204 1
7208 1
7210 1
7212 3
7215 1
7216 1
7217 1
7218 1
7220 3
7225 2
7226 2
7227 1
7228 1
7231 3
7233 1
7234 1
7235 1
7236 1
7237 2
7241 1
7242 2
7244 2
7245 1
7246 3
7248 1
7249 1
7251 2
7253 1
7257 1
7258 2
7259 1
7260 3
7262 2
7266 2
7269 1
7270 4
7271 2
7273 2
7274 1
7278 1
7279 2
7280 2
7282 1
7284 2
7287 1
7288 2
7289 3
7291 1
7292 2
7294 1
7295 1
7297 1
7298 2
7304 1
7305 1
7307 1
7310 1
7311 1
7313 1
7314 2
7315 2
7316 1
7318 1
7319 1
7320 1
7321 2
7322 2
7323 2
7325 1
7329 1
7331 1
7332 2
7333 1
7334 1
7335 1
7338 2
7339 1
7341 1
7342 1
7344 2
7347 1
7348 2
7349 1
7350 1
7354 1
7355 2
7358 1
7359 1
7361 2
7363 1
7364 1
7365 1
7368 1
7369 1
7370 1
7374 2
7377 3
7378 2
7380 1
7382 1
7383 1
7386 1
7387 2
7388 2
7389 1
7392 1
7393 2
7394 1
7395 1
7398 1
7400 1
7403 1
7404 2
7405 2
7406 3
7407 3
7409 1
7410 1
7413 2
7414 1
7418 2
7419 2
7420 3
7421 2
7422 4
7423 2
7424 1
7425 1
7427 1
7429 1
7433 2
7437 1
7438 2
7440 3
7441 2
7442 2
7446 3
7449 1
7455 2
7457 2
7458 1
7459 1
7460 3
7462 1
7463 2
7464 3
7465 2
7466 1
7470 1
7471 3
7477 2
7478 2
7480 1
7482 1
7484 1
7486 2
7488 2
7489 1
7491 1
7492 1
7495 1
7498 1
7501 1
7502 1
7507 1
7510 1
7512 2
7513 1
7514 1
7515 1
7516 1
7517 3
7525 2
7530 3
7531 2
7532 2
7534 2
7537 1
7538 2
7541 2
7549 1
7550 1
7551 1
7553 1
7554 1
7555 1
7559 1
7561 1
7563 4
7564 1
7566 1
7568 1
7569 2
7572 2
7574 1
7575 2
7576 1
7577 3
7580 1
7581 1
7583 1
7587 1
7591 2
7600 1
7604 1
7606 2
7608 1
7612 1
7613 1
7616 1
7619 1
7620 1
7621 1
7626 1
7627 1
7628 3
7630 1
7631 1
7633 4
7634 1
7635 1
7636 1
7637 2
7638 2
7640 2
7641 1
7643 1
7644 3
7645 2
7646 1
7648 1
7650 2
7653 1
7655 1
7659 1
7660 1
7662 1
7668 1
7669 1
7674 1
7676 2
7677 1
7684 1
7685 1
7686 1
7687 1
7691 1
7693 1
7694 1
7697 1
7701 2
7703 2
7704 1
7705 1
7706 1
7707 2
7708 2
7709 1
7710 2
7713 1
7714 1
7715 1
7717 1
7720 1
7721 1
7722 1
7726 2
7727 1
7728 1
7729 1
7733 1
7734 1
7737 2
7740 1
7741 3
7742 1
7744 1
7747 1
7748 1
7751 1
7753 1
7754 1
7757 3
7758 2
7760 1
7762 1
7766 2
7768 1
7770 2
7774 2
7777 1
7781 2
7782 1
7784 1
7787 1
7790 2
7791 2
7794 1
7797 1
7807 2
7811 1
7812 1
7813 1
7814 1
7816 1
7821 1
7825 1
7827 1
7831 1
7832 1
7834 1
7835 2
7838 3
7839 1
7840 1
7841 1
7845 2
7846 1
7849 1
7850 1
7852 1
7857 1
7859 1
7860 1
7861 2
7863 1
7864 1
7865 1
7868 1
7870 1
7873 1
7874 1
7880 1
7881 1
7882 1
7883 1
7884 1
7886 1
7887 1
7889 1
7891 1
7892 1
7893 1
7895 1
7896 1
7898 1
7902 1
7907 1
7909 1
7910 1
7911 1
7913 1
7914 1
7916 1
7917 1
7918 2
7919 1
7920 1
7921 2
7922 2
7924 2
7925 1
7927 1
7928 1
7932 2
7937 1
7938 1
7941 1
7943 2
7944 2
7952 1
7953 1
7954 2
7956 1
7958 1
7960 2
7964 1
7969 2
7970 1
7972 1
7974 1
7976 1
7979 1
7982 1
7985 1
7986 1
7988 1
7989 1
7990 1
7991 1
7992 1
7993 2
7996 1
7999 1
8000 1
8008 1
8009 1
8010 2
8011 1
8013 1
8017 1
8019 1
8020 1
8026 1
8027 2
8028 1
8029 1
8032 2
8033 1
8035 1
8036 2
8040 1
8043 2
8051 1
8054 1
8056 1
8057 1
8059 2
8065 3
8068 1
8074 2
8077 2
8078 1
8082 2
8084 1
8085 1
8086 1
8087 1
8091 2
8093 1
8095 1
8096 1
8098 1
8101 2
8105 2
8107 1
8108 2
8111 1
8113 2
8115 1
8116 1
8120 1
8121 2
8122 2
8127 1
8128 1
8129 2
8130 2
8132 1
8133 1
8134 1
8135 1
8136 1
8140 1
8142 2
8143 1
8145 1
8147 1
8149 1
8150 1
8151 1
8152 1
8153 1
8154 1
8157 1
8158 2
8161 1
8162 1
8163 2
8164 1
8167 2
8172 1
8174 1
8176 1
8178 1
8179 2
8183 2
8184 2
8187 1
8189 1
8192 1
8193 2
8195 1
8197 1
8198 1
8200 1
8203 1
8204 2
8207 1
8210 1
8211 1
8217 2
8220 1
8221 2
8223 1
8224 1
8228 1
8229 2
8230 1
8236 1
8237 1
8240 1
8242 3
8243 1
8245 1
8246 1
8247 1
8248 1
8255 1
8257 2
8258 1
8259 1
8263 2
8267 1
8270 1
8271 1
8274 2
8275 1
8276 1
8282 1
8286 2
8287 1
8288 1
8290 1
8294 4
8295 1
8299 1
8300 1
8309 1
8317 1
8319 2
8320 1
8322 3
8323 1
8329 1
8330 1
8332 1
8336 2
8338 1
8340 1
8341 1
8342 1
8347 2
8348 1
8352 1
8357 1
8360 1
8362 1
8363 1
8368 1
8369 1
8370 1
8374 1
8375 2
8379 1
8381 1
8383 1
8385 1
8390 1
8391 1
8395 1
8402 1
8403 1
8404 1
8405 1
8407 1
8409 3
8411 1
8417 2
8419 1
8422 1
8423 1
8424 2
8429 1
8430 1
8431 1
8433 2
8435 1
8441 1
8443 1
8445 1
8449 2
8450 1
8451 1
8453 1
8456 1
8457 1
8460 1
8464 1
8465 2
8468 1
8474 1
8475 1
8476 2
8479 2
8486 1
8487 1
8491 1
8496 1
8498 2
8501 1
8506 1
8508 1
8510 1
8512 2
8516 2
8517 1
8519 1
8520 1
8532 1
8533 1
8535 1
8536 1
8537 1
8538 1
8540 1
8546 1
8547 2
8549 1
8550 1
8551 1
8554 1
8555 1
8559 1
8561 2
8563 1
8570 1
8575 1
8577 2
8579 2
8582 1
8583 1
8584 1
8586 1
8590 1
8591 1
8592 1
8595 1
8601 2
8603 1
8605 1
8607 2
8612 1
8614 1
8615 1
8617 1
8620 1
8622 1
8625 1
8626 1
8627 1
8632 1
8637 1
8638 2
8641 1
8646 1
8649 1
8652 1
8659 1
8663 1
8668 1
8671 2
8672 1
8675 1
8677 1
8682 1
8688 1
8690 1
8698 1
8701 3
8703 1
8704 1
8706 1
8710 1
8711 1
8720 1
8727 1
8728 1
8730 1
8734 1
8736 2
8739 3
8741 1
8745 1
8746 1
8748 1
8752 1
8756 1
8757 1
8759 1
8762 1
8764 1
8766 1
8769 1
8770 1
8772 1
8783 1
8784 1
8788 1
8790 1
8796 1
8798 1
8799 1
8803 1
8804 1
8807 1
8811 1
8813 1
8816 1
8817 1
8820 1
8823 1
8829 1
8831 1
8832 1
8836 1
8843 2
8847 1
8848 2
8851 1
8853 2
8854 1
8856 1
8861 1
8865 2
8878 1
8882 2
8887 1
8891 2
8894 1
8896 1
8897 1
8899 1
8906 1
8907 1
8908 1
8910 1
8911 1
8913 1
8915 1
8917 1
8922 1
8930 1
8933 1
8937 1
8938 1
8939 1
8940 1
8942 1
8943 1
8946 1
8947 1
8954 1
8956 2
8957 1
8958 1
8960 1
8962 1
8967 1
8970 1
8972 1
8974 1
8976 1
8979 1
8981 1
8982 1
8996 3
8999 1
9001 1
9005 1
9007 1
9008 1
9011 1
9014 1
9017 1
9022 1
9023 1
9026 2
9029 1
9030 1
9034 1
9036 1
9045 2
9049 1
9055 1
9057 1
9058 1
9061 1
9064 1
9065 1
9075 1
9078 1
9086 1
9087 1
9088 1
9089 1
9094 1
9100 1
9102 1
9106 1
9120 1
9123 1
9124 1
9137 2
9138 1
9144 1
9155 1
9156 1
9162 1
9164 1
9170 1
9176 1
9181 1
9190 1
9191 1
9192 1
9193 1
9196 1
9201 1
9210 1
9213 1
9221 1
9227 1
9229 1
9241 3
9245 1
9246 1
9247 1
9251 1
9252 1
9256 1
9258 1
9260 1
9261 3
9262 1
9263 1
9268 1
9271 1
9276 1
9279 1
9282 1
9288 2
9290 1
9294 1
9297 1
9299 1
9303 1
9304 1
9320 1
9321 1
9324 1
9337 1
9338 1
9339 1
9346 1
9347 2
9353 1
9359 1
9360 2
9367 1
9370 1
9371 1
9375 1
9378 1
9379 1
9384 1
9389 1
9396 1
9405 2
9412 2
9416 1
9419 1
9423 1
9430 2
9431 1
9435 1
9439 1
9443 1
9444 1
9445 1
9447 2
9453 1
9460 1
9461 1
9462 1
9464 1
9465 1
9466 1
9471 1
9479 1
9481 1
9483 1
9484 1
9485 2
9488 1
9489 1
9492 1
9496 1
9498 1
9499 1
9505 1
9516 1
9525 1
9529 1
9532 1
9534 1
9547 1
9549 1
9552 1
9553 1
9557 1
9566 1
9573 1
9575 1
9578 1
9580 1
9583 1
9586 1
9590 1
9602 1
9607 1
9608 1
9609 1
9610 1
9611 1
9612 1
9614 1
9617 1
9620 1
9622 1
9623 1
9625 1
9628 1
9632 1
9640 1
9643 1
9644 1
9645 1
9649 1
9650 1
9652 1
9653 1
9657 1
9658 1
9660 1
9664 1
9681 1
9684 1
9686 1
9687 1
9697 1
9702 1
9704 1
9707 1
9712 3
9713 1
9714 1
9719 1
9724 2
9726 2
9727 1
9729 2
9734 1
9735 1
9736 1
9739 1
9754 1
9755 1
9759 1
9763 1
9773 1
9786 1
9787 2
9789 1
9797 1
9798 1
9803 1
9805 1
9822 1
9831 1
9834 1
9836 1
9839 1
9853 1
9854 1
9859 1
9871 1
9874 1
9876 1
9877 1
9878 1
9880 1
9884 2
9887 1
9892 1
9893 1
9895 1
9909 1
9913 1
9916 1
9924 1
9925 1
9933 1
9936 1
9939 1
9942 1
9947 1
9949 1
9950 2
9954 1
9957 1
9963 1
9965 1
9975 1
9976 1
9983 1
9985 1
9989 1
9994 1
10002 1
10006 1
10014 1
10018 1
10020 1
10034 2
10038 1
10042 1
10045 2
10050 1
10060 1
10061 2
10065 1
10080 1
10084 1
10086 1
10087 1
10089 1
10095 1
10096 1
10099 1
10104 2
10115 1
10117 1
10119 2
10123 1
10133 2
10136 1
10148 1
10153 1
10154 1
10157 1
10159 1
10162 1
10173 1
10182 1
10183 1
10184 2
10186 1
10188 1
10190 1
10201 1
10203 1
10209 1
10216 1
10218 1
10219 1
10224 2
10232 2
10233 2
10235 1
10241 1
10257 1
10259 1
10263 1
10264 1
10268 1
10271 2
10286 1
10296 1
10297 1
10325 2
10328 1
10332 1
10334 2
10336 1
10341 1
10343 1
10349 1
10356 1
10365 1
10376 1
10387 1
10392 1
10394 1
10395 1
10396 1
10406 1
10409 1
10412 1
10420 2
10428 2
10432 1
10439 1
10444 1
10447 2
10463 1
10482 1
10497 2
10501 1
10502 1
10512 1
10516 1
10523 1
10524 1
10525 1
10527 1
10528 1
10530 1
10548 1
10552 1
10554 1
10557 1
10563 1
10571 1
10589 1
10595 1
10597 1
10606 1
10611 1
10620 2
10627 1
10631 1
10647 1
10663 2
10672 1
10684 1
10688 1
10698 1
10700 1
10702 1
10703 1
10712 1
10719 1
10726 1
10727 1
10732 1
10739 1
10743 1
10767 1
10796 1
10831 1
10836 1
10840 1
10859 1
10863 1
10867 1
10871 1
10876 1
10888 1
10933 1
10940 1
10945 1
10949 1
10950 1
10951 1
10956 1
10958 1
10962 1
10975 1
10981 1
10995 1
10997 1
11031 1
11041 1
11042 1
11051 1
11054 1
11059 1
11066 1
11067 2
11072 1
11128 1
11138 1
11140 1
11144 1
11145 1
11149 1
11153 1
11159 2
11161 1
11162 1
11168 1
11177 1
11195 1
11196 1
11200 1
11201 1
11202 1
11203 1
11207 1
11217 1
11238 1
11240 1
11243 2
11253 1
11256 1
11257 1
11258 2
11312 1
11318 1
11327 1
11335 1
11355 1
11358 1
11359 1
11360 1
11369 1
11378 1
11381 1
11401 1
11408 1
11422 1
11440 1
11445 2
11463 1
11471 1
11480 1
11493 1
11499 1
11513 1
11523 1
11524 1
11555 1
11562 1
11572 1
11575 1
11581 1
11586 1
11596 1
11598 1
11608 1
11630 1
11638 1
11659 1
11660 1
11671 1
11688 1
11703 1
11706 1
11716 1
11740 1
11768 1
11770 1
11788 1
11798 1
11851 1
11860 1
11862 1
11873 1
11874 1
11879 1
11892 1
11930 1
11947 1
11989 1
12007 1
12035 1
12053 1
12081 1
12083 1
12129 1
12198 1
12227 1
12269 1
12271 1
12278 1
12309 1
12315 1
12318 1
12340 1
12386 1
12408 1
12411 1
12439 1
12464 1
12490 1
12495 1
12520 1
12552 1
12553 1
12563 2
12575 1
12590 1
12600 1
12603 1
12638 1
12650 1
12655 1
12689 1
12696 1
12700 1
12710 1
12745 1
12753 1
12755 2
12762 1
12801 1
12812 1
12897 1
12921 1
12950 1
12956 1
13002 1
13012 1
13030 1
13031 1
13035 1
13044 1
13129 1
13133 1
13171 1
13190 1
13209 1
13238 1
13263 1
13291 1
13339 1
13342 1
13358 1
13388 1
13399 1
13434 1
13473 1
13502 1
13544 1
13584 1
13605 2
13624 1
13639 1
13656 1
13664 1
13673 1
13685 1
13766 1
13785 1
13810 1
13825 1
13847 1
13863 1
13874 1
13888 1
13902 1
13940 1
13999 1
14011 1
14012 1
14040 1
14050 1
14140 1
14144 1
14170 1
14186 1
14192 1
14307 1
14315 2
14316 1
14349 1
14380 1
14495 1
14549 1
14636 1
14686 1
14691 1
14743 1
14751 1
14766 1
14778 1
14822 1
15105 1
15128 1
15185 1
15187 1
15213 1
15370 1
15410 1
15438 1
15528 1
15560 1
15567 1
15770 1
15803 1
15899 1
15911 1
15928 1
16020 1
16039 1
16041 1
16141 1
16160 1
16226 1
16356 1
16560 1
16576 1
16580 1
16637 1
16664 1
16683 1
16746 1
16784 1
16800 1
16829 1
16847 1
16926 1
17299 1
17301 1
17406 1
17423 1
17739 1
18022 1
18056 1
18174 1
18256 1
18320 1
18434 1
19179 1
19440 1
19802 1
20228 1
22047 1
22276 1
23942 1
