-1355 3
-1354 1
-1353 1
-1352 1
-1351 2
-1350 2
-1349 3
-1348 3
-1347 9
-1346 3
-1345 8
-1344 11
-1343 13
-1342 20
-1341 31
-1340 32
-1339 56
-1338 55
-1337 75
-1336 122
-1335 124
-1334 126
-1333 159
-1332 151
-1331 200
-1330 219
-1329 219
-1328 254
-1327 234
-1326 290
-1325 340
-1324 336
-1323 343
-1322 429
-1321 391
-1320 409
-1319 397
-1318 386
-1317 377
-1316 380
-1315 414
-1314 442
-1313 473
-1312 413
-1311 451
-1310 472
-1309 437
-1308 450
-1307 438
-1306 495
-1305 473
-1304 482
-1303 473
-1302 479
-1301 493
-1300 471
-1299 465
-1298 428
-1297 418
-1296 455
-1295 495
-1294 481
-1293 498
-1292 458
-1291 413
-1290 419
-1289 417
-1288 398
-1287 380
-1286 360
-1285 371
-1284 375
-1283 399
-1282 359
-1281 343
-1280 365
-1279 403
-1278 371
-1277 363
-1276 444
-1275 449
-1274 480
-1273 455
-1272 494
-1271 515
-1270 464
-1269 518
-1268 530
-1267 478
-1266 467
-1265 493
-1264 515
-1263 485
-1262 519
-1261 502
-1260 578
-1259 542
-1258 544
-1257 547
-1256 640
-1255 599
-1254 619
-1253 594
-1252 719
-1251 648
-1250 686
-1249 724
-1248 677
-1247 700
-1246 745
-1245 698
-1244 791
-1243 758
-1242 827
-1241 825
-1240 796
-1239 797
-1238 805
-1237 853
-1236 895
-1235 891
-1234 876
-1233 945
-1232 917
-1231 976
-1230 985
-1229 959
-1228 955
-1227 970
-1226 983
-1225 965
-1224 1004
-1223 989
-1222 925
-1221 942
-1220 1007
-1219 993
-1218 1046
-1217 1001
-1216 1031
-1215 995
-1214 1003
-1213 1080
-1212 1084
-1211 1167
-1210 1104
-1209 1137
-1208 1157
-1207 1190
-1206 1254
-1205 1198
-1204 1210
-1203 1212
-1202 1370
-1201 1347
-1200 1379
-1199 1351
-1198 1389
-1197 1436
-1196 1568
-1195 1601
-1194 1654
-1193 1673
-1192 1722
-1191 1747
-1190 1867
-1189 1839
-1188 1810
-1187 1809
-1186 1893
-1185 1976
-1184 1776
-1183 1759
-1182 1701
-1181 1725
-1180 1767
-1179 1815
-1178 1770
-1177 1750
-1176 1806
-1175 1754
-1174 1710
-1173 1776
-1172 1673
-1171 1771
-1170 1846
-1169 1779
-1168 1766
-1167 1827
-1166 1741
-1165 1792
-1164 1779
-1163 1710
-1162 1729
-1161 1798
-1160 1711
-1159 1789
-1158 1732
-1157 1728
-1156 1707
-1155 1853
-1154 1867
-1153 1921
-1152 1799
-1151 1905
-1150 1849
-1149 1982
-1148 1961
-1147 1900
-1146 1941
-1145 2002
-1144 1996
-1143 2182
-1142 2202
-1141 2106
-1140 2091
-1139 2145
-1138 2259
-1137 2274
-1136 2349
-1135 2261
-1134 2363
-1133 2266
-1132 2277
-1131 2243
-1130 2263
-1129 2218
-1128 2172
-1127 2099
-1126 2163
-1125 2215
-1124 2136
-1123 2242
-1122 2239
-1121 2102
-1120 2081
-1119 2056
-1118 2102
-1117 2192
-1116 2104
-1115 2208
-1114 2121
-1113 2086
-1112 2068
-1111 2152
-1110 2097
-1109 2086
-1108 2113
-1107 2111
-1106 2197
-1105 2161
-1104 2155
-1103 2112
-1102 2148
-1101 2165
-1100 2206
-1099 2261
-1098 2302
-1097 2283
-1096 2226
-1095 2328
-1094 2293
-1093 2242
-1092 2322
-1091 2458
-1090 2349
-1089 2405
-1088 2371
-1087 2532
-1086 2473
-1085 2535
-1084 2580
-1083 2669
-1082 2671
-1081 2745
-1080 2692
-1079 2617
-1078 2727
-1077 2772
-1076 2860
-1075 2888
-1074 2812
-1073 2966
-1072 2944
-1071 2978
-1070 2996
-1069 2902
-1068 2981
-1067 3136
-1066 3025
-1065 2992
-1064 3204
-1063 3207
-1062 3347
-1061 3235
-1060 3222
-1059 3282
-1058 3228
-1057 3231
-1056 3383
-1055 3388
-1054 3432
-1053 3250
-1052 3471
-1051 3352
-1050 3454
-1049 3514
-1048 3559
-1047 3405
-1046 3438
-1045 3671
-1044 3536
-1043 3591
-1042 3534
-1041 3586
-1040 3518
-1039 3630
-1038 3523
-1037 3522
-1036 3510
-1035 3565
-1034 3364
-1033 3442
-1032 3541
-1031 3555
-1030 3479
-1029 3742
-1028 3621
-1027 3632
-1026 3661
-1025 3556
-1024 3610
-1023 3678
-1022 3545
-1021 3782
-1020 3728
-1019 3899
-1018 3947
-1017 3850
-1016 3868
-1015 3892
-1014 3824
-1013 3923
-1012 3780
-1011 3902
-1010 3893
-1009 3952
-1008 3825
-1007 3767
-1006 3896
-1005 3763
-1004 3949
-1003 3936
-1002 3947
-1001 4004
-1000 4061
-999 3981
-998 3983
-997 4147
-996 3985
-995 4102
-994 4274
-993 4263
-992 4392
-991 4353
-990 4489
-989 4554
-988 4385
-987 4434
-986 4451
-985 4545
-984 4367
-983 4393
-982 4375
-981 4502
-980 4382
-979 4430
-978 4290
-977 4386
-976 4477
-975 4475
-974 4483
-973 4465
-972 4578
-971 4533
-970 4677
-969 4754
-968 4573
-967 4587
-966 4753
-965 4591
-964 4637
-963 4806
-962 4609
-961 4708
-960 4689
-959 4798
-958 4680
-957 4600
-956 4659
-955 4782
-954 4718
-953 4653
-952 4449
-951 4580
-950 4689
-949 4664
-948 4687
-947 4766
-946 4816
-945 4645
-944 4763
-943 4903
-942 4727
-941 4698
-940 4620
-939 4661
-938 4674
-937 4645
-936 4663
-935 4769
-934 4732
-933 4876
-932 4796
-931 4803
-930 4675
-929 4724
-928 4843
-927 4701
-926 4778
-925 4682
-924 4818
-923 4795
-922 4892
-921 4795
-920 4924
-919 4824
-918 4838
-917 4757
-916 4795
-915 4918
-914 4997
-913 5087
-912 5098
-911 5022
-910 5200
-909 5321
-908 5303
-907 5276
-906 5271
-905 5117
-904 5194
-903 5137
-902 5267
-901 5176
-900 5398
-899 5431
-898 5478
-897 5542
-896 5617
-895 5577
-894 5676
-893 5640
-892 5541
-891 5653
-890 5521
-889 5465
-888 5459
-887 5444
-886 5388
-885 5395
-884 5506
-883 5402
-882 5606
-881 5509
-880 5640
-879 5547
-878 5536
-877 5572
-876 5382
-875 5526
-874 5572
-873 5424
-872 5494
-871 5558
-870 5673
-869 5603
-868 5493
-867 5535
-866 5458
-865 5562
-864 5604
-863 5607
-862 5578
-861 5577
-860 5401
-859 5395
-858 5499
-857 5433
-856 5532
-855 5348
-854 5664
-853 5395
-852 5505
-851 5614
-850 5655
-849 5675
-848 5588
-847 5685
-846 5802
-845 5761
-844 5832
-843 5730
-842 5933
-841 5867
-840 5863
-839 6031
-838 5892
-837 5889
-836 5976
-835 5910
-834 5896
-833 5842
-832 5808
-831 5891
-830 5677
-829 5999
-828 6071
-827 5914
-826 5856
-825 5847
-824 5909
-823 6052
-822 5879
-821 5934
-820 6024
-819 5993
-818 6100
-817 6209
-816 6228
-815 6284
-814 6308
-813 6369
-812 6349
-811 6394
-810 6270
-809 6190
-808 6136
-807 6055
-806 6063
-805 5994
-804 6164
-803 5965
-802 6079
-801 6210
-800 6276
-799 6251
-798 6339
-797 6278
-796 6063
-795 6217
-794 6492
-793 6381
-792 6342
-791 6260
-790 6368
-789 6384
-788 6295
-787 6382
-786 6241
-785 6200
-784 6362
-783 6233
-782 6137
-781 6179
-780 6213
-779 6201
-778 6228
-777 6144
-776 6306
-775 6134
-774 6176
-773 6148
-772 6113
-771 6267
-770 6054
-769 6131
-768 6230
-767 6286
-766 6301
-765 6259
-764 6333
-763 6304
-762 6394
-761 6133
-760 6395
-759 6341
-758 6451
-757 6516
-756 6234
-755 6551
-754 6500
-753 6465
-752 6440
-751 6598
-750 6647
-749 6498
-748 6706
-747 6763
-746 6691
-745 6684
-744 6970
-743 6644
-742 6719
-741 6761
-740 6862
-739 6813
-738 6760
-737 6619
-736 6699
-735 6744
-734 6694
-733 6767
-732 6813
-731 6824
-730 6618
-729 6745
-728 6807
-727 6868
-726 6940
-725 6881
-724 6800
-723 6719
-722 6709
-721 6630
-720 6772
-719 6548
-718 6552
-717 6688
-716 6608
-715 6735
-714 6687
-713 6571
-712 6447
-711 6476
-710 6463
-709 6432
-708 6395
-707 6420
-706 6360
-705 6472
-704 6328
-703 6437
-702 6377
-701 6286
-700 6243
-699 6316
-698 6318
-697 6181
-696 6427
-695 6305
-694 6225
-693 6337
-692 6408
-691 6345
-690 6364
-689 6350
-688 6193
-687 6363
-686 6210
-685 6140
-684 6214
-683 6300
-682 6268
-681 6166
-680 6006
-679 6113
-678 6224
-677 6161
-676 6074
-675 6282
-674 6123
-673 6081
-672 6157
-671 6089
-670 6016
-669 5954
-668 6025
-667 6030
-666 5972
-665 5857
-664 5751
-663 5877
-662 5906
-661 5895
-660 5734
-659 5756
-658 5745
-657 5784
-656 5593
-655 5663
-654 5722
-653 5686
-652 5607
-651 5599
-650 5545
-649 5613
-648 5696
-647 5476
-646 5617
-645 5626
-644 5600
-643 5601
-642 5590
-641 5525
-640 5441
-639 5425
-638 5443
-637 5330
-636 5375
-635 5294
-634 5286
-633 5204
-632 5244
-631 5219
-630 5131
-629 5232
-628 5086
-627 5062
-626 5096
-625 5165
-624 5093
-623 5083
-622 5065
-621 5023
-620 5018
-619 5025
-618 5019
-617 4949
-616 4896
-615 5156
-614 5110
-613 5055
-612 5265
-611 5243
-610 5197
-609 5169
-608 5115
-607 5133
-606 4956
-605 5031
-604 5038
-603 4908
-602 4950
-601 4862
-600 4842
-599 4744
-598 4969
-597 4826
-596 4767
-595 4884
-594 4718
-593 4727
-592 4697
-591 4692
-590 4632
-589 4593
-588 4577
-587 4618
-586 4544
-585 4466
-584 4466
-583 4368
-582 4390
-581 4537
-580 4527
-579 4398
-578 4361
-577 4508
-576 4463
-575 4318
-574 4389
-573 4220
-572 4260
-571 4281
-570 4253
-569 4221
-568 4246
-567 4247
-566 4160
-565 4268
-564 4241
-563 4048
-562 4144
-561 4171
-560 4103
-559 4155
-558 4127
-557 4069
-556 4052
-555 4080
-554 4081
-553 4076
-552 3945
-551 4087
-550 4053
-549 3977
-548 3918
-547 3971
-546 4126
-545 3990
-544 4013
-543 3972
-542 3841
-541 3976
-540 3884
-539 3865
-538 3934
-537 3849
-536 3830
-535 3873
-534 3892
-533 3842
-532 3833
-531 3836
-530 3854
-529 3784
-528 3743
-527 3778
-526 3671
-525 3697
-524 3602
-523 3660
-522 3535
-521 3554
-520 3680
-519 3627
-518 3620
-517 3602
-516 3649
-515 3520
-514 3523
-513 3591
-512 3560
-511 3477
-510 3560
-509 3509
-508 3438
-507 3594
-506 3495
-505 3363
-504 3464
-503 3380
-502 3363
-501 3399
-500 3406
-499 3370
-498 3414
-497 3330
-496 3258
-495 3303
-494 3212
-493 3260
-492 3176
-491 3224
-490 3228
-489 3171
-488 3117
-487 3169
-486 3087
-485 3075
-484 3070
-483 3150
-482 3030
-481 3020
-480 3010
-479 3072
-478 3051
-477 3171
-476 3022
-475 2943
-474 2958
-473 3025
-472 3048
-471 3050
-470 2886
-469 2964
-468 3021
-467 2942
-466 2930
-465 2932
-464 2934
-463 2909
-462 2923
-461 2853
-460 2834
-459 2876
-458 2771
-457 2898
-456 2820
-455 2806
-454 2870
-453 2758
-452 2879
-451 2841
-450 2787
-449 2797
-448 2791
-447 2785
-446 2713
-445 2846
-444 2698
-443 2768
-442 2761
-441 2696
-440 2702
-439 2809
-438 2661
-437 2673
-436 2632
-435 2688
-434 2677
-433 2684
-432 2634
-431 2605
-430 2626
-429 2494
-428 2537
-427 2424
-426 2410
-425 2527
-424 2489
-423 2449
-422 2488
-421 2443
-420 2339
-419 2471
-418 2425
-417 2422
-416 2396
-415 2405
-414 2399
-413 2308
-412 2282
-411 2308
-410 2212
-409 2375
-408 2223
-407 2271
-406 2324
-405 2293
-404 2302
-403 2279
-402 2271
-401 2291
-400 2215
-399 2234
-398 2151
-397 2249
-396 2249
-395 2155
-394 2271
-393 2077
-392 2078
-391 2194
-390 2132
-389 2180
-388 2105
-387 2063
-386 2085
-385 2060
-384 2064
-383 2113
-382 2048
-381 2013
-380 2031
-379 2081
-378 1999
-377 2003
-376 2069
-375 1944
-374 1999
-373 2056
-372 1867
-371 2025
-370 2006
-369 1906
-368 1889
-367 1952
-366 2029
-365 2007
-364 1910
-363 1980
-362 1910
-361 1946
-360 1990
-359 1913
-358 1953
-357 1980
-356 1932
-355 1890
-354 1838
-353 1803
-352 1806
-351 1839
-350 1712
-349 1786
-348 1811
-347 1899
-346 1751
-345 1826
-344 1773
-343 1745
-342 1769
-341 1652
-340 1698
-339 1591
-338 1624
-337 1741
-336 1680
-335 1583
-334 1719
-333 1648
-332 1519
-331 1650
-330 1640
-329 1636
-328 1644
-327 1597
-326 1544
-325 1552
-324 1570
-323 1532
-322 1501
-321 1596
-320 1542
-319 1521
-318 1533
-317 1558
-316 1492
-315 1504
-314 1515
-313 1508
-312 1467
-311 1478
-310 1405
-309 1473
-308 1439
-307 1457
-306 1437
-305 1449
-304 1469
-303 1377
-302 1407
-301 1410
-300 1405
-299 1400
-298 1403
-297 1344
-296 1375
-295 1372
-294 1336
-293 1334
-292 1327
-291 1333
-290 1362
-289 1365
-288 1324
-287 1308
-286 1334
-285 1304
-284 1305
-283 1344
-282 1264
-281 1265
-280 1270
-279 1273
-278 1273
-277 1241
-276 1293
-275 1250
-274 1235
-273 1274
-272 1257
-271 1227
-270 1227
-269 1255
-268 1221
-267 1197
-266 1174
-265 1203
-264 1183
-263 1230
-262 1214
-261 1175
-260 1189
-259 1187
-258 1090
-257 1164
-256 1120
-255 1131
-254 1119
-253 1120
-252 1121
-251 1160
-250 1167
-249 1184
-248 1089
-247 1085
-246 1049
-245 1110
-244 997
-243 1084
-242 1091
-241 1105
-240 1051
-239 1064
-238 1033
-237 1041
-236 1127
-235 996
-234 1075
-233 1039
-232 1053
-231 1027
-230 1050
-229 1009
-228 979
-227 1044
-226 1018
-225 1069
-224 970
-223 1012
-222 1018
-221 940
-220 1033
-219 980
-218 993
-217 971
-216 976
-215 988
-214 894
-213 952
-212 921
-211 942
-210 902
-209 946
-208 919
-207 936
-206 952
-205 928
-204 932
-203 908
-202 832
-201 864
-200 868
-199 901
-198 926
-197 878
-196 869
-195 875
-194 893
-193 846
-192 830
-191 840
-190 819
-189 867
-188 839
-187 864
-186 855
-185 801
-184 807
-183 840
-182 800
-181 828
-180 844
-179 833
-178 811
-177 804
-176 821
-175 794
-174 790
-173 783
-172 807
-171 801
-170 807
-169 744
-168 764
-167 800
-166 762
-165 737
-164 782
-163 737
-162 726
-161 760
-160 678
-159 742
-158 721
-157 715
-156 706
-155 757
-154 706
-153 711
-152 668
-151 672
-150 673
-149 681
-148 667
-147 692
-146 692
-145 656
-144 692
-143 670
-142 689
-141 641
-140 623
-139 629
-138 600
-137 635
-136 657
-135 638
-134 645
-133 664
-132 612
-131 608
-130 628
-129 585
-128 621
-127 622
-126 590
-125 599
-124 565
-123 551
-122 583
-121 613
-120 552
-119 606
-118 554
-117 548
-116 568
-115 552
-114 515
-113 519
-112 522
-111 535
-110 547
-109 548
-108 471
-107 549
-106 532
-105 521
-104 493
-103 538
-102 477
-101 510
-100 502
-99 496
-98 459
-97 544
-96 510
-95 455
-94 475
-93 490
-92 492
-91 453
-90 451
-89 475
-88 480
-87 455
-86 446
-85 462
-84 480
-83 479
-82 446
-81 476
-80 452
-79 480
-78 426
-77 447
-76 443
-75 453
-74 415
-73 426
-72 396
-71 412
-70 442
-69 416
-68 413
-67 403
-66 402
-65 410
-64 421
-63 381
-62 412
-61 410
-60 399
-59 369
-58 344
-57 371
-56 384
-55 414
-54 398
-53 356
-52 391
-51 400
-50 383
-49 393
-48 412
-47 354
-46 395
-45 348
-44 402
-43 344
-42 341
-41 302
-40 380
-39 366
-38 361
-37 330
-36 364
-35 346
-34 348
-33 340
-32 346
-31 322
-30 332
-29 319
-28 317
-27 313
-26 308
-25 300
-24 318
-23 332
-22 328
-21 329
-20 301
-19 329
-18 326
-17 298
-16 278
-15 313
-14 272
-13 296
-12 327
-11 302
-10 279
-9 243
-8 279
-7 294
-6 282
-5 263
-4 251
-3 276
-2 303
-1 252
0 257
1 299
2 256
3 250
4 244
5 256
6 258
7 269
8 252
9 234
10 258
11 240
12 245
13 253
14 255
15 235
16 251
17 249
18 251
19 225
20 231
21 204
22 247
23 226
24 233
25 241
26 214
27 222
28 216
29 211
30 227
31 205
32 195
33 202
34 216
35 211
36 235
37 178
38 216
39 195
40 212
41 201
42 247
43 194
44 209
45 182
46 203
47 196
48 208
49 189
50 195
51 195
52 206
53 193
54 191
55 186
56 169
57 183
58 166
59 179
60 178
61 164
62 213
63 162
64 187
65 163
66 167
67 175
68 151
69 189
70 165
71 170
72 154
73 182
74 180
75 187
76 147
77 171
78 156
79 135
80 160
81 182
82 168
83 165
84 133
85 151
86 151
87 175
88 142
89 157
90 154
91 130
92 136
93 145
94 167
95 127
96 144
97 131
98 141
99 144
100 151
101 141
102 129
103 129
104 135
105 126
106 135
107 139
108 144
109 136
110 139
111 136
112 129
113 131
114 139
115 127
116 103
117 159
118 141
119 125
120 135
121 116
122 127
123 122
124 127
125 127
126 130
127 117
128 138
129 126
130 126
131 130
132 128
133 124
134 111
135 108
136 108
137 118
138 118
139 99
140 99
141 109
142 100
143 108
144 113
145 108
146 117
147 106
148 100
149 94
150 96
151 84
152 113
153 90
154 86
155 100
156 107
157 105
158 77
159 85
160 85
161 86
162 78
163 100
164 103
165 84
166 85
167 74
168 77
169 77
170 96
171 94
172 90
173 88
174 64
175 76
176 82
177 72
178 70
179 101
180 73
181 78
182 78
183 75
184 79
185 75
186 77
187 70
188 88
189 63
190 69
191 66
192 71
193 80
194 76
195 65
196 73
197 71
198 87
199 77
200 65
201 67
202 68
203 65
204 69
205 66
206 75
207 79
208 60
209 74
210 61
211 61
212 54
213 59
214 60
215 67
216 68
217 64
218 72
219 56
220 66
221 75
222 58
223 63
224 58
225 66
226 65
227 56
228 54
229 50
230 49
231 63
232 62
233 52
234 54
235 67
236 54
237 61
238 59
239 51
240 43
241 52
242 49
243 53
244 63
245 45
246 66
247 61
248 51
249 54
250 57
251 62
252 60
253 33
254 44
255 42
256 62
257 37
258 58
259 49
260 47
261 44
262 51
263 45
264 50
265 40
266 38
267 45
268 55
269 40
270 37
271 39
272 38
273 47
274 54
275 39
276 44
277 42
278 39
279 44
280 43
281 51
282 55
283 42
284 43
285 40
286 37
287 52
288 34
289 37
290 34
291 45
292 51
293 45
294 46
295 40
296 51
297 39
298 49
299 42
300 41
301 30
302 36
303 40
304 38
305 45
306 42
307 33
308 46
309 30
310 39
311 32
312 31
313 44
314 36
315 41
316 38
317 37
318 32
319 41
320 37
321 39
322 34
323 36
324 31
325 36
326 40
327 32
328 26
329 27
330 35
331 26
332 36
333 24
334 33
335 41
336 44
337 26
338 28
339 32
340 21
341 25
342 39
343 30
344 34
345 27
346 23
347 34
348 38
349 27
350 32
351 33
352 21
353 43
354 38
355 29
356 29
357 25
358 30
359 34
360 28
361 27
362 33
363 23
364 29
365 28
366 25
367 27
368 32
369 27
370 39
371 32
372 28
373 28
374 36
375 28
376 24
377 33
378 14
379 33
380 41
381 27
382 20
383 29
384 24
385 22
386 21
387 28
388 25
389 43
390 25
391 21
392 23
393 35
394 37
395 39
396 31
397 25
398 16
399 31
400 33
401 22
402 41
403 39
404 22
405 33
406 28
407 24
408 25
409 30
410 42
411 34
412 38
413 26
414 32
415 26
416 33
417 24
418 24
419 29
420 25
421 43
422 33
423 37
424 32
425 32
426 30
427 35
428 34
429 25
430 23
431 45
432 31
433 36
434 43
435 36
436 20
437 29
438 32
439 32
440 30
441 27
442 22
443 41
444 31
445 25
446 26
447 40
448 36
449 38
450 31
451 35
452 35
453 38
454 38
455 33
456 37
457 39
458 40
459 31
460 32
461 29
462 27
463 43
464 38
465 43
466 51
467 33
468 34
469 38
470 38
471 43
472 42
473 44
474 39
475 44
476 49
477 38
478 51
479 45
480 42
481 40
482 36
483 39
484 53
485 47
486 37
487 33
488 49
489 36
490 45
491 45
492 50
493 49
494 51
495 49
496 40
497 43
498 46
499 53
500 52
501 42
502 48
503 66
504 52
505 55
506 47
507 55
508 50
509 45
510 45
511 56
512 47
513 47
514 55
515 38
516 47
517 49
518 54
519 45
520 54
521 57
522 39
523 63
524 46
525 58
526 56
527 61
528 58
529 57
530 55
531 64
532 56
533 53
534 41
535 62
536 50
537 52
538 62
539 40
540 53
541 53
542 48
543 62
544 66
545 53
546 60
547 47
548 52
549 43
550 51
551 45
552 54
553 58
554 55
555 62
556 47
557 60
558 42
559 51
560 53
561 40
562 51
563 49
564 60
565 59
566 57
567 43
568 60
569 51
570 53
571 54
572 52
573 55
574 58
575 56
576 46
577 55
578 41
579 56
580 63
581 58
582 61
583 46
584 49
585 39
586 42
587 37
588 51
589 43
590 51
591 45
592 58
593 55
594 39
595 44
596 47
597 44
598 58
599 42
600 54
601 59
602 59
603 47
604 39
605 50
606 47
607 44
608 34
609 53
610 52
611 34
612 39
613 47
614 50
615 49
616 48
617 46
618 50
619 43
620 46
621 45
622 44
623 45
624 51
625 42
626 41
627 44
628 53
629 35
630 48
631 47
632 49
633 37
634 47
635 47
636 46
637 31
638 41
639 37
640 44
641 55
642 64
643 44
644 48
645 33
646 36
647 45
648 33
649 49
650 49
651 28
652 39
653 36
654 45
655 39
656 40
657 29
658 39
659 51
660 43
661 32
662 37
663 42
664 39
665 45
666 34
667 35
668 44
669 33
670 33
671 40
672 37
673 37
674 44
675 30
676 48
677 45
678 35
679 37
680 38
681 26
682 35
683 30
684 34
685 45
686 30
687 42
688 26
689 31
690 40
691 32
692 35
693 34
694 25
695 30
696 42
697 24
698 37
699 39
700 41
701 48
702 25
703 33
704 37
705 34
706 28
707 28
708 27
709 34
710 42
711 35
712 42
713 34
714 30
715 27
716 30
717 29
718 22
719 27
720 31
721 33
722 32
723 33
724 20
725 33
726 28
727 30
728 27
729 33
730 28
731 27
732 28
733 28
734 24
735 31
736 30
737 24
738 40
739 27
740 33
741 35
742 27
743 31
744 30
745 39
746 43
747 29
748 25
749 28
750 26
751 27
752 22
753 43
754 26
755 27
756 36
757 30
758 27
759 25
760 29
761 34
762 26
763 26
764 35
765 26
766 28
767 23
768 18
769 22
770 29
771 18
772 18
773 26
774 23
775 27
776 28
777 20
778 23
779 22
780 26
781 26
782 26
783 25
784 23
785 17
786 22
787 20
788 20
789 28
790 14
791 20
792 24
793 27
794 19
795 13
796 18
797 21
798 16
799 23
800 21
801 24
802 13
803 19
804 16
805 15
806 17
807 27
808 24
809 23
810 13
811 15
812 19
813 16
814 16
815 23
816 32
817 19
818 18
819 27
820 16
821 15
822 23
823 14
824 13
825 14
826 13
827 20
828 16
829 17
830 19
831 16
832 21
833 18
834 19
835 10
836 14
837 15
838 21
839 15
840 19
841 13
842 14
843 9
844 21
845 10
846 24
847 18
848 16
849 17
850 11
851 11
852 17
853 14
854 15
855 11
856 17
857 13
858 14
859 15
860 16
861 13
862 17
863 14
864 13
865 15
866 12
867 13
868 13
869 13
870 22
871 15
872 13
873 20
874 12
875 7
876 11
877 15
878 7
879 16
880 9
881 5
882 11
883 23
884 8
885 6
886 8
887 18
888 10
889 12
890 13
891 8
892 8
893 7
894 12
895 11
896 7
897 14
898 7
899 17
900 8
901 11
902 8
903 9
904 9
905 14
906 6
907 9
908 12
909 12
910 16
911 12
912 12
913 13
914 10
915 11
916 11
917 8
918 11
919 8
920 9
921 9
922 8
923 9
924 6
925 13
926 9
927 9
928 10
929 7
930 10
931 7
932 9
933 9
934 8
935 11
936 8
937 5
938 7
939 4
940 8
941 10
942 8
943 6
944 7
945 8
946 5
947 11
948 4
949 8
950 9
951 8
952 9
953 8
954 6
955 8
956 7
957 7
958 5
959 5
960 3
961 4
962 5
963 6
964 4
965 3
966 10
967 9
968 8
969 4
970 4
971 7
972 7
973 4
974 7
975 8
976 8
977 9
978 5
979 4
980 5
981 5
982 4
983 12
984 7
985 7
986 4
987 9
988 11
989 4
990 2
991 8
992 1
993 4
994 5
995 10
996 3
997 6
998 8
999 4
1000 4
1001 5
1002 5
1003 5
1004 8
1005 6
1006 4
1007 6
1008 7
1009 6
1010 8
1011 4
1012 4
1013 2
1014 7
1015 4
1016 3
1017 6
1018 6
1019 4
1020 2
1021 4
1022 8
1023 3
1024 3
1025 3
1026 5
1027 2
1028 3
1029 5
1030 5
1031 3
1032 1
1033 1
1035 3
1036 5
1037 1
1039 6
1040 4
1041 3
1043 4
1044 6
1046 1
1047 6
1048 6
1049 7
1050 1
1051 9
1054 4
1055 4
1056 3
1057 2
1058 2
1059 3
1060 3
1061 2
1062 2
1063 3
1064 5
1065 1
1066 2
1067 3
1068 3
1069 1
1070 1
1071 3
1072 1
1074 3
1075 4
1077 2
1079 2
1080 1
1081 1
1082 2
1084 1
1086 1
1087 1
1089 3
1090 2
1091 2
1093 1
1094 2
1095 1
1096 1
1097 2
1098 1
1099 4
1100 4
1102 3
1103 1
1104 3
1105 1
1106 4
1107 1
1108 1
1110 1
1111 1
1112 2
1114 2
1115 4
1118 2
1120 2
1121 1
1122 1
1123 1
1124 1
1125 2
1126 1
1127 2
1128 1
1129 1
1130 1
1132 1
1133 1
1134 3
1135 2
1136 3
1139 2
1140 1
1141 2
1142 2
1143 2
1144 1
1146 2
1147 2
1148 1
1150 1
1151 2
1152 2
1156 4
1157 1
1158 1
1161 1
1163 1
1165 1
1167 2
1169 3
1170 1
1171 1
1179 1
1180 1
1181 2
1182 1
1187 1
1188 1
1189 1
1191 1
1192 2
1198 1
1199 1
1201 1
1202 2
1205 3
1208 2
1210 1
1214 1
1219 2
1220 1
1221 1
1222 2
1224 1
1225 2
1226 1
1227 1
1229 1
1238 2
1241 2
1249 1
1256 1
1257 1
1259 1
1261 1
1263 1
1266 1
1283 1
1289 1
1297 1
1306 1
1343 1
1348 1
1379 1
