-727 1
-726 5
-725 8
-724 19
-723 14
-722 23
-721 41
-720 51
-719 63
-718 92
-717 98
-716 123
-715 157
-714 162
-713 194
-712 192
-711 241
-710 229
-709 227
-708 256
-707 294
-706 266
-705 314
-704 310
-703 357
-702 353
-701 397
-700 431
-699 412
-698 407
-697 361
-696 389
-695 384
-694 441
-693 457
-692 461
-691 443
-690 466
-689 526
-688 565
-687 571
-686 634
-685 624
-684 634
-683 626
-682 632
-681 701
-680 768
-679 752
-678 791
-677 770
-676 773
-675 783
-674 760
-673 748
-672 827
-671 823
-670 827
-669 808
-668 866
-667 786
-666 900
-665 861
-664 894
-663 887
-662 861
-661 857
-660 811
-659 837
-658 843
-657 842
-656 839
-655 896
-654 871
-653 876
-652 885
-651 966
-650 967
-649 1008
-648 985
-647 961
-646 1055
-645 1020
-644 1054
-643 1057
-642 1068
-641 1065
-640 1106
-639 1108
-638 1177
-637 1153
-636 1200
-635 1168
-634 1201
-633 1262
-632 1259
-631 1221
-630 1252
-629 1184
-628 1237
-627 1212
-626 1176
-625 1213
-624 1189
-623 1223
-622 1203
-621 1286
-620 1206
-619 1298
-618 1250
-617 1203
-616 1260
-615 1338
-614 1342
-613 1400
-612 1385
-611 1375
-610 1286
-609 1286
-608 1370
-607 1324
-606 1364
-605 1305
-604 1386
-603 1298
-602 1350
-601 1347
-600 1420
-599 1379
-598 1429
-597 1483
-596 1540
-595 1538
-594 1628
-593 1708
-592 1687
-591 1621
-590 1671
-589 1702
-588 1746
-587 1665
-586 1597
-585 1536
-584 1735
-583 1701
-582 1591
-581 1672
-580 1599
-579 1692
-578 1546
-577 1638
-576 1657
-575 1595
-574 1670
-573 1595
-572 1596
-571 1597
-570 1548
-569 1560
-568 1610
-567 1591
-566 1603
-565 1623
-564 1583
-563 1630
-562 1689
-561 1653
-560 1722
-559 1727
-558 1763
-557 1786
-556 1773
-555 1804
-554 1823
-553 1864
-552 1845
-551 1813
-550 1869
-549 1832
-548 1946
-547 1914
-546 1875
-545 1918
-544 1985
-543 1915
-542 1950
-541 1995
-540 1973
-539 2114
-538 2134
-537 2067
-536 2078
-535 1994
-534 2054
-533 2060
-532 2136
-531 2098
-530 2048
-529 2114
-528 2057
-527 2116
-526 2168
-525 2097
-524 2048
-523 2112
-522 2088
-521 2076
-520 2087
-519 2036
-518 2130
-517 2099
-516 2095
-515 2153
-514 2142
-513 2169
-512 2040
-511 2104
-510 2172
-509 2101
-508 2040
-507 2144
-506 2069
-505 2147
-504 2138
-503 2235
-502 2280
-501 2311
-500 2337
-499 2389
-498 2245
-497 2289
-496 2307
-495 2303
-494 2362
-493 2264
-492 2310
-491 2343
-490 2418
-489 2410
-488 2330
-487 2429
-486 2542
-485 2546
-484 2509
-483 2554
-482 2499
-481 2555
-480 2646
-479 2627
-478 2657
-477 2626
-476 2500
-475 2625
-474 2634
-473 2628
-472 2671
-471 2611
-470 2535
-469 2652
-468 2644
-467 2559
-466 2556
-465 2593
-464 2587
-463 2594
-462 2602
-461 2679
-460 2620
-459 2624
-458 2631
-457 2561
-456 2623
-455 2564
-454 2587
-453 2476
-452 2515
-451 2499
-450 2630
-449 2473
-448 2496
-447 2558
-446 2627
-445 2498
-444 2412
-443 2569
-442 2554
-441 2508
-440 2501
-439 2455
-438 2533
-437 2453
-436 2414
-435 2527
-434 2440
-433 2494
-432 2527
-431 2453
-430 2441
-429 2587
-428 2431
-427 2499
-426 2420
-425 2365
-424 2387
-423 2395
-422 2360
-421 2372
-420 2334
-419 2458
-418 2304
-417 2344
-416 2517
-415 2442
-414 2427
-413 2323
-412 2460
-411 2421
-410 2421
-409 2287
-408 2476
-407 2428
-406 2412
-405 2330
-404 2418
-403 2364
-402 2350
-401 2390
-400 2280
-399 2360
-398 2337
-397 2364
-396 2301
-395 2278
-394 2202
-393 2276
-392 2276
-391 2230
-390 2404
-389 2242
-388 2250
-387 2249
-386 2253
-385 2255
-384 2143
-383 2247
-382 2302
-381 2238
-380 2298
-379 2291
-378 2284
-377 2340
-376 2261
-375 2284
-374 2275
-373 2417
-372 2307
-371 2349
-370 2245
-369 2393
-368 2423
-367 2293
-366 2379
-365 2366
-364 2390
-363 2315
-362 2291
-361 2231
-360 2297
-359 2261
-358 2255
-357 2196
-356 2170
-355 2298
-354 2330
-353 2251
-352 2167
-351 2245
-350 2241
-349 2283
-348 2298
-347 2278
-346 2297
-345 2291
-344 2336
-343 2279
-342 2322
-341 2333
-340 2320
-339 2402
-338 2361
-337 2354
-336 2340
-335 2433
-334 2475
-333 2377
-332 2383
-331 2480
-330 2475
-329 2472
-328 2492
-327 2493
-326 2490
-325 2487
-324 2534
-323 2495
-322 2492
-321 2617
-320 2619
-319 2555
-318 2609
-317 2711
-316 2760
-315 2773
-314 2733
-313 2665
-312 2751
-311 2926
-310 2919
-309 3019
-308 3122
-307 3114
-306 3060
-305 3096
-304 3051
-303 3093
-302 3170
-301 3195
-300 3159
-299 3176
-298 3072
-297 3153
-296 3202
-295 3219
-294 3237
-293 3217
-292 3247
-291 3411
-290 3293
-289 3321
-288 3440
-287 3458
-286 3510
-285 3558
-284 3564
-283 3502
-282 3726
-281 3671
-280 3743
-279 3766
-278 3574
-277 3727
-276 3709
-275 3876
-274 3886
-273 3884
-272 4059
-271 3995
-270 3982
-269 3975
-268 4048
-267 4003
-266 3960
-265 4105
-264 3980
-263 3942
-262 3914
-261 4110
-260 3994
-259 4165
-258 4157
-257 4251
-256 4291
-255 4335
-254 4228
-253 4312
-252 4156
-251 4159
-250 4259
-249 4214
-248 4461
-247 4349
-246 4336
-245 4211
-244 4360
-243 4309
-242 4476
-241 4346
-240 4375
-239 4408
-238 4522
-237 4463
-236 4467
-235 4556
-234 4583
-233 4646
-232 4609
-231 4640
-230 4923
-229 4791
-228 4912
-227 5039
-226 4854
-225 4945
-224 4880
-223 5150
-222 5213
-221 5169
-220 5337
-219 5345
-218 5410
-217 5376
-216 5292
-215 5299
-214 5441
-213 5412
-212 5477
-211 5458
-210 5568
-209 5413
-208 5555
-207 5469
-206 5456
-205 5668
-204 5534
-203 5601
-202 5791
-201 5745
-200 5941
-199 5822
-198 5858
-197 5940
-196 5998
-195 5903
-194 6007
-193 5924
-192 5864
-191 5984
-190 5955
-189 5875
-188 5886
-187 5949
-186 5783
-185 6029
-184 5946
-183 5790
-182 5840
-181 5936
-180 5926
-179 5943
-178 6053
-177 5930
-176 5835
-175 5913
-174 6048
-173 6012
-172 6103
-171 5967
-170 6267
-169 6184
-168 6047
-167 6108
-166 6195
-165 6097
-164 6314
-163 6162
-162 6210
-161 6215
-160 6061
-159 6079
-158 6193
-157 6232
-156 6263
-155 6203
-154 6188
-153 6121
-152 6182
-151 6126
-150 6029
-149 6022
-148 6205
-147 6004
-146 6060
-145 5812
-144 6025
-143 6105
-142 6174
-141 6014
-140 6199
-139 6121
-138 6040
-137 5877
-136 5981
-135 5947
-134 5973
-133 6021
-132 6096
-131 6036
-130 6089
-129 6122
-128 6090
-127 6104
-126 6152
-125 6201
-124 6149
-123 6132
-122 6155
-121 6067
-120 5953
-119 6041
-118 6154
-117 6003
-116 6219
-115 6132
-114 6086
-113 6153
-112 6334
-111 6187
-110 6158
-109 6353
-108 6287
-107 6259
-106 6328
-105 6351
-104 6253
-103 6232
-102 6357
-101 6371
-100 6264
-99 6324
-98 6296
-97 6364
-96 6417
-95 6555
-94 6409
-93 6531
-92 6463
-91 6393
-90 6651
-89 6532
-88 6632
-87 6556
-86 6453
-85 6665
-84 6639
-83 6504
-82 6624
-81 6603
-80 6665
-79 6669
-78 6851
-77 6611
-76 6508
-75 6734
-74 6682
-73 6705
-72 6882
-71 6655
-70 6744
-69 6732
-68 6719
-67 6768
-66 6687
-65 6817
-64 6905
-63 6769
-62 6693
-61 6799
-60 6941
-59 6910
-58 6760
-57 6820
-56 6747
-55 6677
-54 6730
-53 6841
-52 6544
-51 6688
-50 6742
-49 6587
-48 6820
-47 6696
-46 6727
-45 6615
-44 6679
-43 6639
-42 6786
-41 6606
-40 6604
-39 6656
-38 6615
-37 6546
-36 6558
-35 6517
-34 6434
-33 6385
-32 6457
-31 6306
-30 6189
-29 6272
-28 6204
-27 6171
-26 6182
-25 6071
-24 6076
-23 6076
-22 6029
-21 6023
-20 5759
-19 5805
-18 5914
-17 5896
-16 5765
-15 5815
-14 5676
-13 5666
-12 5769
-11 5710
-10 5616
-9 5491
-8 5501
-7 5673
-6 5568
-5 5582
-4 5527
-3 5339
-2 5421
-1 5356
0 5204
1 5459
2 5391
3 5357
4 5331
5 5427
6 5366
7 5498
8 5401
9 5406
10 5447
11 5675
12 5483
13 5533
14 5306
15 5347
16 5378
17 5461
18 5459
19 5418
20 5362
21 5395
22 5280
23 5370
24 5299
25 5383
26 5325
27 5349
28 5329
29 5217
30 5313
31 5218
32 5109
33 5229
34 5138
35 5110
36 5169
37 5120
38 5176
39 5174
40 5146
41 5042
42 5193
43 5239
44 5104
45 5120
46 5037
47 5086
48 5033
49 4949
50 5004
51 5141
52 5134
53 5171
54 5053
55 5061
56 5262
57 5150
58 5059
59 5109
60 5034
61 5056
62 5008
63 4964
64 5008
65 5077
66 4848
67 4815
68 5066
69 4911
70 4985
71 4923
72 4924
73 4993
74 5030
75 4963
76 4869
77 4932
78 4860
79 4804
80 4818
81 4779
82 4984
83 5030
84 4857
85 4893
86 4984
87 5000
88 4947
89 5029
90 5017
91 4929
92 4878
93 4899
94 4837
95 4821
96 4761
97 4861
98 4814
99 4575
100 4669
101 4770
102 4642
103 4574
104 4590
105 4616
106 4601
107 4597
108 4477
109 4493
110 4520
111 4470
112 4531
113 4330
114 4601
115 4377
116 4339
117 4486
118 4359
119 4431
120 4358
121 4321
122 4433
123 4549
124 4492
125 4486
126 4420
127 4426
128 4548
129 4374
130 4344
131 4245
132 4182
133 4307
134 4164
135 4265
136 4177
137 4090
138 4154
139 4113
140 4156
141 4013
142 4152
143 3979
144 4125
145 4066
146 4086
147 4135
148 4100
149 3978
150 3995
151 4062
152 4017
153 3910
154 3937
155 3909
156 3894
157 4022
158 3974
159 3955
160 3816
161 3929
162 3786
163 3831
164 3788
165 3899
166 3829
167 3882
168 3857
169 4020
170 3837
171 3819
172 3903
173 3947
174 3817
175 3884
176 3772
177 3903
178 3831
179 3811
180 3701
181 3902
182 3880
183 3797
184 3842
185 3947
186 3763
187 3884
188 3784
189 3679
190 3720
191 3660
192 3695
193 3866
194 3709
195 3755
196 3809
197 3685
198 3618
199 3706
200 3657
201 3690
202 3630
203 3658
204 3775
205 3768
206 3743
207 3827
208 3770
209 3795
210 3569
211 3848
212 3655
213 3739
214 3580
215 3567
216 3615
217 3511
218 3513
219 3530
220 3495
221 3618
222 3473
223 3486
224 3355
225 3448
226 3485
227 3458
228 3415
229 3505
230 3442
231 3458
232 3360
233 3416
234 3455
235 3544
236 3448
237 3526
238 3543
239 3600
240 3438
241 3448
242 3397
243 3430
244 3349
245 3415
246 3364
247 3298
248 3341
249 3327
250 3286
251 3267
252 3239
253 3146
254 3092
255 3123
256 3175
257 3127
258 3087
259 3188
260 2996
261 2995
262 2973
263 3099
264 3106
265 2929
266 3007
267 3015
268 2996
269 3011
270 3021
271 2903
272 3021
273 2933
274 2943
275 3063
276 2906
277 3002
278 2818
279 2910
280 2801
281 2911
282 2886
283 2837
284 2921
285 2818
286 2862
287 2779
288 2836
289 2727
290 2797
291 2679
292 2665
293 2662
294 2737
295 2689
296 2645
297 2555
298 2687
299 2691
300 2490
301 2582
302 2532
303 2686
304 2597
305 2524
306 2541
307 2534
308 2476
309 2564
310 2547
311 2459
312 2457
313 2399
314 2413
315 2418
316 2373
317 2321
318 2287
319 2235
320 2172
321 2218
322 2181
323 2200
324 2173
325 2016
326 2033
327 2004
328 2033
329 2090
330 1952
331 1953
332 1953
333 1938
334 1997
335 1919
336 1937
337 1849
338 1880
339 1874
340 1890
341 1881
342 1831
343 1733
344 1829
345 1785
346 1736
347 1717
348 1660
349 1655
350 1677
351 1656
352 1612
353 1581
354 1603
355 1575
356 1547
357 1569
358 1529
359 1560
360 1561
361 1622
362 1558
363 1604
364 1547
365 1649
366 1624
367 1558
368 1562
369 1485
370 1426
371 1415
372 1482
373 1404
374 1424
375 1423
376 1391
377 1265
378 1349
379 1304
380 1294
381 1335
382 1205
383 1267
384 1213
385 1198
386 1241
387 1217
388 1173
389 1153
390 1166
391 1131
392 1154
393 1124
394 1150
395 1112
396 1121
397 1123
398 1123
399 1098
400 1112
401 1089
402 1099
403 1143
404 1098
405 1021
406 1043
407 1143
408 1015
409 985
410 1024
411 1006
412 933
413 979
414 959
415 951
416 935
417 923
418 922
419 891
420 921
421 889
422 862
423 872
424 872
425 860
426 854
427 815
428 837
429 795
430 839
431 766
432 744
433 770
434 821
435 739
436 705
437 751
438 723
439 762
440 709
441 720
442 704
443 684
444 724
445 683
446 670
447 605
448 646
449 627
450 571
451 633
452 623
453 633
454 631
455 607
456 588
457 584
458 578
459 492
460 608
461 543
462 543
463 536
464 575
465 571
466 515
467 469
468 540
469 507
470 467
471 489
472 522
473 505
474 486
475 477
476 484
477 471
478 480
479 474
480 464
481 435
482 418
483 438
484 517
485 437
486 425
487 432
488 420
489 443
490 395
491 422
492 419
493 465
494 370
495 373
496 423
497 391
498 410
499 390
500 417
501 391
502 375
503 413
504 370
505 357
506 384
507 338
508 347
509 328
510 342
511 304
512 352
513 324
514 336
515 320
516 318
517 333
518 342
519 315
520 292
521 284
522 311
523 278
524 293
525 310
526 290
527 299
528 239
529 229
530 278
531 263
532 250
533 255
534 260
535 238
536 253
537 254
538 240
539 239
540 232
541 247
542 236
543 241
544 224
545 240
546 232
547 239
548 259
549 227
550 242
551 229
552 227
553 204
554 193
555 208
556 212
557 209
558 209
559 199
560 194
561 206
562 188
563 176
564 180
565 182
566 182
567 183
568 167
569 167
570 170
571 157
572 145
573 165
574 175
575 145
576 178
577 160
578 171
579 162
580 141
581 175
582 153
583 124
584 157
585 148
586 154
587 147
588 126
589 156
590 137
591 119
592 140
593 129
594 155
595 110
596 124
597 122
598 121
599 116
600 121
601 122
602 134
603 145
604 125
605 109
606 122
607 107
608 130
609 110
610 121
611 119
612 118
613 126
614 102
615 92
616 100
617 128
618 92
619 106
620 95
621 110
622 98
623 114
624 108
625 101
626 103
627 101
628 101
629 86
630 101
631 94
632 104
633 99
634 106
635 93
636 71
637 100
638 99
639 85
640 82
641 68
642 97
643 87
644 84
645 86
646 78
647 85
648 84
649 83
650 89
651 77
652 92
653 68
654 102
655 94
656 83
657 77
658 87
659 84
660 56
661 85
662 98
663 73
664 68
665 89
666 65
667 70
668 81
669 64
670 65
671 79
672 57
673 91
674 69
675 73
676 69
677 63
678 60
679 74
680 56
681 69
682 80
683 62
684 74
685 71
686 82
687 79
688 63
689 54
690 59
691 70
692 68
693 70
694 57
695 82
696 71
697 68
698 66
699 71
700 67
701 66
702 59
703 54
704 48
705 61
706 63
707 51
708 68
709 68
710 70
711 72
712 60
713 72
714 56
715 59
716 68
717 73
718 65
719 64
720 59
721 71
722 48
723 55
724 68
725 69
726 54
727 55
728 56
729 49
730 48
731 55
732 63
733 64
734 69
735 70
736 64
737 49
738 66
739 64
740 50
741 69
742 67
743 64
744 63
745 46
746 66
747 73
748 75
749 63
750 65
751 71
752 61
753 59
754 56
755 67
756 62
757 56
758 46
759 58
760 54
761 54
762 53
763 57
764 59
765 55
766 62
767 51
768 65
769 61
770 62
771 52
772 72
773 55
774 75
775 56
776 66
777 59
778 54
779 66
780 61
781 51
782 78
783 70
784 60
785 62
786 62
787 62
788 59
789 71
790 61
791 69
792 54
793 55
794 50
795 69
796 56
797 69
798 49
799 56
800 66
801 56
802 63
803 61
804 67
805 66
806 77
807 63
808 62
809 66
810 64
811 49
812 65
813 78
814 58
815 70
816 58
817 57
818 64
819 45
820 64
821 71
822 63
823 57
824 65
825 65
826 56
827 59
828 58
829 63
830 49
831 66
832 66
833 62
834 58
835 71
836 56
837 51
838 55
839 67
840 58
841 55
842 64
843 59
844 69
845 57
846 70
847 60
848 57
849 59
850 57
851 62
852 47
853 66
854 59
855 68
856 58
857 53
858 64
859 61
860 61
861 64
862 73
863 59
864 60
865 53
866 68
867 62
868 80
869 66
870 55
871 64
872 65
873 58
874 62
875 48
876 57
877 70
878 57
879 46
880 66
881 65
882 54
883 59
884 66
885 59
886 52
887 46
888 53
889 51
890 69
891 60
892 58
893 62
894 50
895 47
896 44
897 56
898 52
899 66
900 49
901 56
902 58
903 63
904 52
905 39
906 57
907 68
908 50
909 52
910 49
911 42
912 58
913 45
914 49
915 59
916 48
917 51
918 61
919 32
920 52
921 39
922 46
923 51
924 38
925 39
926 46
927 42
928 35
929 37
930 54
931 39
932 44
933 43
934 36
935 41
936 42
937 38
938 46
939 35
940 39
941 42
942 38
943 37
944 35
945 28
946 37
947 28
948 36
949 34
950 43
951 35
952 40
953 31
954 45
955 23
956 38
957 34
958 25
959 41
960 38
961 39
962 32
963 37
964 24
965 36
966 30
967 33
968 39
969 37
970 33
971 31
972 28
973 22
974 32
975 29
976 31
977 29
978 27
979 28
980 27
981 35
982 37
983 33
984 28
985 26
986 29
987 33
988 21
989 21
990 31
991 20
992 28
993 20
994 26
995 27
996 23
997 27
998 23
999 26
1000 25
1001 14
1002 23
1003 21
1004 16
1005 25
1006 24
1007 33
1008 14
1009 19
1010 20
1011 24
1012 23
1013 22
1014 23
1015 13
1016 23
1017 21
1018 26
1019 21
1020 12
1021 25
1022 22
1023 22
1024 11
1025 20
1026 16
1027 21
1028 20
1029 17
1030 18
1031 17
1032 16
1033 17
1034 14
1035 16
1036 17
1037 17
1038 20
1039 14
1040 14
1041 22
1042 11
1043 20
1044 17
1045 13
1046 12
1047 17
1048 17
1049 10
1050 10
1051 16
1052 12
1053 13
1054 8
1055 15
1056 12
1057 13
1058 17
1059 12
1060 7
1061 10
1062 10
1063 10
1064 18
1065 12
1066 13
1067 11
1068 10
1069 11
1070 7
1071 11
1072 15
1073 9
1074 13
1075 7
1076 11
1077 13
1078 13
1079 10
1080 10
1081 11
1082 7
1083 6
1084 12
1085 16
1086 9
1087 9
1088 10
1089 8
1090 9
1091 8
1092 8
1093 9
1094 14
1095 11
1096 5
1097 11
1098 13
1099 5
1100 6
1101 5
1102 9
1103 8
1104 6
1105 7
1106 9
1107 4
1108 5
1109 13
1110 9
1111 8
1112 3
1113 5
1114 5
1115 5
1116 3
1117 6
1118 6
1119 12
1120 6
1121 9
1122 5
1123 5
1124 8
1125 6
1126 5
1127 6
1128 5
1129 5
1130 6
1131 10
1132 4
1133 8
1134 6
1135 6
1136 2
1137 5
1138 2
1139 5
1140 4
1141 7
1142 3
1143 3
1144 9
1145 1
1146 4
1147 7
1148 3
1149 4
1150 3
1151 7
1152 3
1153 8
1154 4
1155 2
1156 3
1157 5
1158 4
1159 4
1161 3
1162 4
1163 3
1164 5
1165 3
1166 2
1167 2
1168 2
1169 6
1170 5
1171 5
1172 1
1173 3
1174 2
1175 2
1176 2
1177 5
1178 5
1179 2
1180 7
1181 2
1182 5
1183 2
1184 6
1185 3
1186 3
1187 1
1188 2
1189 1
1190 1
1191 5
1192 4
1193 1
1194 3
1195 4
1196 5
1197 4
1198 4
1199 2
1200 2
1201 7
1202 5
1205 1
1207 2
1208 4
1211 7
1213 4
1214 3
1215 4
1216 2
1217 5
1218 2
1219 4
1220 1
1221 3
1222 2
1223 2
1224 2
1227 1
1228 3
1229 1
1230 1
1231 1
1232 1
1233 4
1234 1
1235 1
1236 3
1237 3
1239 5
1240 1
1241 2
1243 1
1244 3
1246 1
1247 1
1248 2
1249 2
1250 2
1251 3
1252 2
1253 1
1254 2
1255 1
1257 1
1258 2
1259 3
1260 1
1261 1
1262 2
1263 1
1266 3
1267 2
1268 2
1270 1
1271 1
1272 1
1273 1
1274 2
1275 2
1276 1
1278 1
1279 1
1281 1
1282 2
1283 1
1284 1
1285 1
1286 2
1287 1
1291 1
1292 2
1293 3
1294 1
1295 2
1299 2
1300 1
1303 2
1308 1
1309 1
1312 1
1315 1
1316 1
1318 2
1320 1
1321 1
1324 1
1327 1
1328 1
1331 1
1335 1
1358 1
1361 1
1362 1
1364 1
1372 1
1383 1
1395 1
1415 1
1425 1
1430 1
1463 1
1483 1
1491 1
