-514 2
-513 2
-512 4
-510 3
-509 7
-508 8
-507 8
-506 11
-505 15
-504 6
-503 18
-502 22
-501 22
-500 25
-499 23
-498 21
-497 27
-496 33
-495 27
-494 31
-493 29
-492 35
-491 25
-490 26
-489 24
-488 35
-487 22
-486 30
-485 30
-484 26
-483 25
-482 23
-481 28
-480 32
-479 26
-478 25
-477 22
-476 36
-475 29
-474 26
-473 30
-472 23
-471 32
-470 28
-469 27
-468 41
-467 38
-466 32
-465 39
-464 47
-463 59
-462 83
-461 138
-460 168
-459 164
-458 201
-457 225
-456 209
-455 223
-454 243
-453 234
-452 271
-451 285
-450 261
-449 299
-448 281
-447 335
-446 298
-445 323
-444 320
-443 300
-442 364
-441 403
-440 427
-439 460
-438 490
-437 432
-436 480
-435 488
-434 532
-433 551
-432 503
-431 497
-430 525
-429 514
-428 517
-427 486
-426 529
-425 556
-424 489
-423 509
-422 492
-421 517
-420 566
-419 517
-418 565
-417 515
-416 505
-415 544
-414 533
-413 533
-412 501
-411 609
-410 549
-409 572
-408 555
-407 508
-406 547
-405 536
-404 572
-403 549
-402 590
-401 620
-400 547
-399 623
-398 630
-397 565
-396 639
-395 629
-394 666
-393 672
-392 634
-391 684
-390 644
-389 679
-388 761
-387 772
-386 737
-385 725
-384 784
-383 869
-382 799
-381 818
-380 801
-379 892
-378 940
-377 872
-376 851
-375 860
-374 864
-373 866
-372 870
-371 872
-370 893
-369 853
-368 868
-367 786
-366 891
-365 852
-364 875
-363 855
-362 856
-361 950
-360 928
-359 947
-358 1022
-357 941
-356 946
-355 954
-354 1006
-353 1005
-352 942
-351 1013
-350 1005
-349 1025
-348 1045
-347 1068
-346 1043
-345 997
-344 1141
-343 1110
-342 1190
-341 1234
-340 1331
-339 1288
-338 1280
-337 1260
-336 1307
-335 1255
-334 1280
-333 1360
-332 1352
-331 1278
-330 1377
-329 1405
-328 1411
-327 1424
-326 1423
-325 1455
-324 1404
-323 1492
-322 1431
-321 1378
-320 1474
-319 1509
-318 1520
-317 1559
-316 1645
-315 1697
-314 1693
-313 1708
-312 1858
-311 1835
-310 1939
-309 2027
-308 1997
-307 1956
-306 1989
-305 1914
-304 1985
-303 1950
-302 1959
-301 2021
-300 1940
-299 1917
-298 1966
-297 1936
-296 1907
-295 2018
-294 2025
-293 2054
-292 2066
-291 2076
-290 2140
-289 2065
-288 2148
-287 2058
-286 2129
-285 2149
-284 2301
-283 2349
-282 2303
-281 2429
-280 2548
-279 2621
-278 2724
-277 2747
-276 2653
-275 2723
-274 2660
-273 2567
-272 2551
-271 2596
-270 2637
-269 2581
-268 2674
-267 2695
-266 2727
-265 2730
-264 2785
-263 2847
-262 2918
-261 2911
-260 2920
-259 3013
-258 3073
-257 3016
-256 3124
-255 3193
-254 3397
-253 3313
-252 3413
-251 3402
-250 3422
-249 3533
-248 3620
-247 3775
-246 3575
-245 3776
-244 3797
-243 3826
-242 3917
-241 3944
-240 3822
-239 3894
-238 3829
-237 3911
-236 3854
-235 4043
-234 3971
-233 3881
-232 3968
-231 3981
-230 3932
-229 4014
-228 4078
-227 3990
-226 3935
-225 3907
-224 3980
-223 4120
-222 4234
-221 4095
-220 4219
-219 4243
-218 4048
-217 4088
-216 4101
-215 4012
-214 4119
-213 4287
-212 4064
-211 4117
-210 4168
-209 4175
-208 4067
-207 4128
-206 4124
-205 4103
-204 4105
-203 4185
-202 4081
-201 4112
-200 4108
-199 4093
-198 3994
-197 4003
-196 4089
-195 4174
-194 4051
-193 4149
-192 4083
-191 4088
-190 4252
-189 4174
-188 4131
-187 4188
-186 4267
-185 4151
-184 4321
-183 4232
-182 4318
-181 4347
-180 4217
-179 4346
-178 4344
-177 4351
-176 4438
-175 4402
-174 4473
-173 4386
-172 4503
-171 4435
-170 4592
-169 4680
-168 4762
-167 4852
-166 4753
-165 4847
-164 4982
-163 5004
-162 4947
-161 5089
-160 5280
-159 5237
-158 5267
-157 5210
-156 5228
-155 5234
-154 5245
-153 5216
-152 5274
-151 5284
-150 5213
-149 5304
-148 5243
-147 5274
-146 5353
-145 5226
-144 5243
-143 5283
-142 5186
-141 5162
-140 5186
-139 5242
-138 5206
-137 5384
-136 5195
-135 5241
-134 5257
-133 5406
-132 5285
-131 5242
-130 5276
-129 5342
-128 5471
-127 5474
-126 5382
-125 5580
-124 5475
-123 5770
-122 5715
-121 5884
-120 5775
-119 5934
-118 5935
-117 5999
-116 5773
-115 5953
-114 5771
-113 5910
-112 5911
-111 5924
-110 5980
-109 5969
-108 5788
-107 5896
-106 5919
-105 6010
-104 5774
-103 5918
-102 5883
-101 5923
-100 5706
-99 5835
-98 5870
-97 5760
-96 5816
-95 5913
-94 5856
-93 5938
-92 5958
-91 5945
-90 5851
-89 5802
-88 5899
-87 5934
-86 5973
-85 6124
-84 6023
-83 5931
-82 6075
-81 6235
-80 6336
-79 6146
-78 6301
-77 6195
-76 6340
-75 6247
-74 6262
-73 6259
-72 6404
-71 6302
-70 6395
-69 6487
-68 6362
-67 6517
-66 6532
-65 6668
-64 6505
-63 6719
-62 6637
-61 6722
-60 6692
-59 6849
-58 6839
-57 6965
-56 6921
-55 6916
-54 7063
-53 6967
-52 7184
-51 7053
-50 7136
-49 7121
-48 7104
-47 6942
-46 7028
-45 7111
-44 7139
-43 7064
-42 7135
-41 7108
-40 7256
-39 7116
-38 7471
-37 7245
-36 7367
-35 7519
-34 7501
-33 7595
-32 7773
-31 7685
-30 7697
-29 7576
-28 7719
-27 7707
-26 7657
-25 7683
-24 7674
-23 7754
-22 7698
-21 7584
-20 7629
-19 7724
-18 7715
-17 7522
-16 7628
-15 7628
-14 7739
-13 7499
-12 7580
-11 7760
-10 7760
-9 7848
-8 7959
-7 8045
-6 7895
-5 7887
-4 7841
-3 7782
-2 8169
-1 8044
0 8167
1 8016
2 7901
3 8083
4 8012
5 7873
6 8238
7 8201
8 8090
9 8061
10 8109
11 8072
12 8151
13 8176
14 8266
15 8272
16 8132
17 7979
18 8037
19 8052
20 8116
21 8134
22 7979
23 8048
24 7992
25 7991
26 7832
27 7864
28 7734
29 7723
30 7853
31 7689
32 7678
33 7617
34 7541
35 7528
36 7509
37 7456
38 7422
39 7480
40 7543
41 7363
42 7420
43 7349
44 7358
45 7464
46 7255
47 7152
48 7215
49 7085
50 7199
51 7299
52 7055
53 7022
54 7086
55 7056
56 7007
57 6976
58 6910
59 6875
60 6963
61 6966
62 6671
63 6886
64 6709
65 6841
66 6874
67 6740
68 6615
69 6769
70 6673
71 6666
72 6705
73 6701
74 6622
75 6541
76 6604
77 6546
78 6625
79 6704
80 6650
81 6637
82 6629
83 6661
84 6755
85 6506
86 6593
87 6669
88 6686
89 6585
90 6567
91 6607
92 6508
93 6505
94 6527
95 6511
96 6452
97 6552
98 6523
99 6377
100 6441
101 6416
102 6451
103 6458
104 6346
105 6291
106 6281
107 6323
108 6519
109 6265
110 6275
111 6298
112 6234
113 6191
114 6280
115 6213
116 6310
117 6325
118 6171
119 6141
120 6148
121 6342
122 6172
123 6301
124 6066
125 6228
126 6143
127 6069
128 6215
129 6217
130 6086
131 6301
132 6058
133 6075
134 6079
135 5918
136 5966
137 6041
138 5960
139 5891
140 5955
141 5823
142 6009
143 5813
144 5752
145 5694
146 5791
147 5725
148 5660
149 5715
150 5686
151 5630
152 5728
153 5610
154 5727
155 5529
156 5592
157 5523
158 5573
159 5662
160 5355
161 5507
162 5440
163 5517
164 5549
165 5498
166 5367
167 5366
168 5340
169 5482
170 5319
171 5536
172 5320
173 5338
174 5330
175 5323
176 5297
177 5333
178 5274
179 5366
180 5406
181 5367
182 5171
183 5259
184 5207
185 5175
186 5161
187 5318
188 5297
189 5169
190 5159
191 5183
192 5218
193 5178
194 4966
195 5127
196 5048
197 4977
198 4805
199 4888
200 4933
201 4905
202 4887
203 4810
204 4670
205 4823
206 4745
207 4735
208 4766
209 4669
210 4834
211 4710
212 4670
213 4638
214 4563
215 4641
216 4662
217 4568
218 4655
219 4676
220 4558
221 4475
222 4458
223 4486
224 4489
225 4465
226 4476
227 4557
228 4393
229 4411
230 4274
231 4493
232 4374
233 4327
234 4389
235 4335
236 4268
237 4328
238 4251
239 4293
240 4311
241 4186
242 4215
243 4206
244 4196
245 4160
246 4141
247 4117
248 4109
249 4040
250 4050
251 4109
252 4029
253 4037
254 4074
255 3975
256 4045
257 3971
258 3859
259 3981
260 3992
261 3953
262 3896
263 3690
264 3781
265 3755
266 3733
267 3613
268 3809
269 3740
270 3679
271 3695
272 3641
273 3540
274 3728
275 3739
276 3532
277 3649
278 3665
279 3561
280 3495
281 3621
282 3557
283 3437
284 3340
285 3417
286 3474
287 3407
288 3426
289 3230
290 3307
291 3393
292 3416
293 3335
294 3266
295 3252
296 3186
297 3255
298 3132
299 3207
300 3125
301 3203
302 3223
303 3102
304 3205
305 3064
306 3077
307 3138
308 3047
309 3066
310 3029
311 3064
312 2956
313 3028
314 2949
315 2999
316 2925
317 2845
318 2902
319 2907
320 2976
321 2958
322 2835
323 2859
324 2800
325 2717
326 2835
327 2779
328 2768
329 2889
330 2819
331 2711
332 2724
333 2785
334 2780
335 2724
336 2689
337 2720
338 2675
339 2714
340 2662
341 2721
342 2676
343 2596
344 2656
345 2653
346 2563
347 2547
348 2665
349 2621
350 2594
351 2560
352 2651
353 2529
354 2531
355 2515
356 2533
357 2559
358 2550
359 2511
360 2467
361 2399
362 2475
363 2490
364 2473
365 2368
366 2416
367 2279
368 2298
369 2306
370 2402
371 2407
372 2451
373 2321
374 2328
375 2368
376 2288
377 2315
378 2393
379 2305
380 2289
381 2275
382 2306
383 2250
384 2213
385 2246
386 2150
387 2129
388 2134
389 2156
390 2105
391 2183
392 2102
393 2139
394 2046
395 2068
396 2124
397 1987
398 2040
399 2040
400 2042
401 2009
402 1961
403 1993
404 1964
405 1943
406 1927
407 1981
408 1941
409 1953
410 1902
411 1863
412 1854
413 1809
414 1850
415 1848
416 1851
417 1848
418 1776
419 1828
420 1778
421 1785
422 1716
423 1721
424 1731
425 1819
426 1673
427 1715
428 1734
429 1709
430 1719
431 1733
432 1701
433 1688
434 1702
435 1606
436 1648
437 1649
438 1710
439 1699
440 1630
441 1604
442 1600
443 1579
444 1531
445 1537
446 1611
447 1524
448 1601
449 1606
450 1531
451 1602
452 1511
453 1548
454 1481
455 1522
456 1503
457 1515
458 1520
459 1409
460 1470
461 1534
462 1435
463 1483
464 1387
465 1427
466 1453
467 1351
468 1418
469 1429
470 1411
471 1360
472 1373
473 1346
474 1326
475 1324
476 1381
477 1358
478 1296
479 1272
480 1278
481 1281
482 1267
483 1222
484 1310
485 1236
486 1270
487 1256
488 1181
489 1195
490 1253
491 1236
492 1251
493 1185
494 1216
495 1142
496 1212
497 1186
498 1085
499 1205
500 1150
501 1158
502 1153
503 1114
504 1100
505 1186
506 1086
507 1100
508 1133
509 1145
510 1100
511 1088
512 1133
513 1000
514 1011
515 1112
516 1052
517 1049
518 1061
519 1035
520 1035
521 1030
522 1050
523 1040
524 1029
525 1006
526 957
527 989
528 1016
529 1044
530 1032
531 1019
532 984
533 989
534 914
535 990
536 956
537 956
538 945
539 921
540 949
541 920
542 940
543 864
544 934
545 962
546 932
547 886
548 867
549 908
550 845
551 903
552 919
553 913
554 867
555 904
556 837
557 816
558 823
559 807
560 838
561 775
562 839
563 815
564 809
565 816
566 745
567 839
568 779
569 838
570 730
571 798
572 787
573 781
574 808
575 762
576 758
577 773
578 720
579 727
580 720
581 750
582 722
583 672
584 732
585 712
586 696
587 681
588 721
589 681
590 684
591 658
592 702
593 638
594 648
595 676
596 707
597 648
598 639
599 663
600 630
601 647
602 635
603 680
604 638
605 631
606 651
607 592
608 622
609 622
610 593
611 598
612 647
613 599
614 585
615 607
616 638
617 583
618 599
619 574
620 604
621 591
622 531
623 540
624 587
625 586
626 529
627 570
628 548
629 625
630 560
631 581
632 509
633 516
634 543
635 530
636 581
637 527
638 513
639 490
640 517
641 499
642 548
643 492
644 467
645 540
646 499
647 494
648 464
649 501
650 473
651 432
652 511
653 451
654 475
655 487
656 483
657 473
658 464
659 473
660 429
661 452
662 431
663 446
664 476
665 457
666 431
667 411
668 437
669 444
670 424
671 438
672 426
673 397
674 407
675 434
676 427
677 403
678 408
679 412
680 365
681 384
682 411
683 387
684 395
685 379
686 396
687 400
688 380
689 375
690 398
691 390
692 353
693 376
694 369
695 391
696 406
697 354
698 367
699 382
700 336
701 376
702 363
703 332
704 358
705 323
706 332
707 393
708 350
709 384
710 325
711 345
712 346
713 346
714 327
715 360
716 365
717 330
718 352
719 345
720 333
721 320
722 300
723 339
724 342
725 323
726 291
727 329
728 320
729 329
730 300
731 314
732 289
733 351
734 317
735 312
736 305
737 298
738 282
739 294
740 296
741 285
742 303
743 310
744 330
745 280
746 313
747 313
748 327
749 311
750 289
751 286
752 293
753 297
754 290
755 263
756 272
757 304
758 285
759 264
760 275
761 269
762 273
763 266
764 289
765 287
766 260
767 291
768 248
769 269
770 266
771 253
772 286
773 258
774 270
775 253
776 260
777 229
778 258
779 276
780 247
781 247
782 218
783 264
784 256
785 260
786 235
787 224
788 232
789 235
790 203
791 226
792 227
793 222
794 252
795 218
796 235
797 206
798 236
799 210
800 242
801 229
802 199
803 195
804 179
805 234
806 226
807 196
808 218
809 220
810 229
811 224
812 217
813 217
814 197
815 197
816 198
817 194
818 182
819 207
820 197
821 202
822 184
823 178
824 187
825 189
826 149
827 167
828 177
829 204
830 174
831 184
832 200
833 184
834 200
835 187
836 196
837 186
838 179
839 174
840 181
841 154
842 157
843 171
844 176
845 159
846 150
847 165
848 152
849 146
850 159
851 176
852 148
853 163
854 167
855 165
856 160
857 143
858 175
859 152
860 162
861 156
862 176
863 147
864 146
865 160
866 155
867 153
868 121
869 136
870 180
871 155
872 122
873 145
874 132
875 142
876 148
877 131
878 144
879 131
880 141
881 144
882 132
883 142
884 140
885 136
886 161
887 141
888 129
889 146
890 120
891 122
892 120
893 129
894 128
895 128
896 115
897 124
898 128
899 145
900 127
901 129
902 135
903 134
904 132
905 114
906 104
907 133
908 133
909 115
910 117
911 104
912 109
913 108
914 107
915 123
916 99
917 119
918 130
919 117
920 100
921 114
922 107
923 114
924 124
925 105
926 112
927 102
928 81
929 106
930 120
931 89
932 91
933 94
934 103
935 89
936 97
937 94
938 94
939 105
940 118
941 93
942 110
943 104
944 97
945 97
946 87
947 101
948 101
949 87
950 73
951 99
952 86
953 95
954 81
955 96
956 87
957 101
958 87
959 71
960 82
961 104
962 80
963 82
964 93
965 90
966 82
967 70
968 93
969 95
970 85
971 88
972 82
973 71
974 69
975 96
976 87
977 83
978 72
979 83
980 58
981 68
982 62
983 86
984 90
985 79
986 83
987 61
988 75
989 78
990 74
991 93
992 78
993 70
994 64
995 76
996 79
997 68
998 57
999 69
1000 67
1001 67
1002 64
1003 74
1004 60
1005 56
1006 66
1007 67
1008 71
1009 76
1010 53
1011 60
1012 65
1013 58
1014 79
1015 73
1016 57
1017 71
1018 71
1019 57
1020 71
1021 76
1022 76
1023 66
1024 53
1025 62
1026 60
1027 67
1028 53
1029 58
1030 61
1031 68
1032 49
1033 57
1034 53
1035 55
1036 57
1037 51
1038 51
1039 51
1040 68
1041 57
1042 68
1043 57
1044 52
1045 58
1046 61
1047 64
1048 59
1049 55
1050 49
1051 56
1052 56
1053 58
1054 48
1055 57
1056 54
1057 65
1058 42
1059 49
1060 58
1061 52
1062 51
1063 55
1064 41
1065 60
1066 48
1067 54
1068 55
1069 46
1070 49
1071 49
1072 55
1073 46
1074 53
1075 56
1076 51
1077 48
1078 39
1079 53
1080 46
1081 47
1082 56
1083 53
1084 48
1085 54
1086 52
1087 38
1088 39
1089 51
1090 47
1091 46
1092 41
1093 51
1094 53
1095 41
1096 52
1097 41
1098 47
1099 31
1100 43
1101 30
1102 40
1103 37
1104 48
1105 39
1106 41
1107 54
1108 44
1109 40
1110 53
1111 37
1112 34
1113 35
1114 36
1115 33
1116 40
1117 38
1118 52
1119 40
1120 40
1121 41
1122 47
1123 29
1124 39
1125 42
1126 44
1127 39
1128 29
1129 37
1130 34
1131 40
1132 40
1133 31
1134 33
1135 35
1136 28
1137 30
1138 33
1139 46
1140 40
1141 30
1142 36
1143 32
1144 28
1145 23
1146 27
1147 36
1148 40
1149 32
1150 44
1151 29
1152 31
1153 30
1154 38
1155 28
1156 37
1157 33
1158 30
1159 33
1160 32
1161 23
1162 20
1163 30
1164 30
1165 24
1166 26
1167 40
1168 23
1169 24
1170 31
1171 25
1172 25
1173 37
1174 35
1175 22
1176 32
1177 28
1178 27
1179 45
1180 28
1181 30
1182 33
1183 30
1184 35
1185 33
1186 35
1187 24
1188 34
1189 23
1190 22
1191 25
1192 26
1193 26
1194 21
1195 18
1196 19
1197 25
1198 20
1199 26
1200 21
1201 19
1202 25
1203 25
1204 24
1205 18
1206 25
1207 20
1208 30
1209 14
1210 21
1211 21
1212 23
1213 29
1214 31
1215 28
1216 23
1217 34
1218 29
1219 23
1220 24
1221 25
1222 11
1223 18
1224 22
1225 17
1226 20
1227 28
1228 27
1229 20
1230 19
1231 19
1232 17
1233 13
1234 20
1235 30
1236 28
1237 18
1238 26
1239 16
1240 19
1241 28
1242 20
1243 12
1244 20
1245 19
1246 21
1247 22
1248 19
1249 20
1250 16
1251 26
1252 12
1253 20
1254 28
1255 23
1256 23
1257 19
1258 19
1259 16
1260 21
1261 20
1262 18
1263 17
1264 17
1265 15
1266 17
1267 21
1268 23
1269 10
1270 24
1271 8
1272 17
1273 21
1274 24
1275 23
1276 20
1277 14
1278 13
1279 18
1280 28
1281 18
1282 25
1283 17
1284 14
1285 23
1286 20
1287 20
1288 16
1289 12
1290 17
1291 22
1292 17
1293 16
1294 9
1295 18
1296 25
1297 15
1298 14
1299 13
1300 14
1301 15
1302 17
1303 17
1304 19
1305 14
1306 11
1307 15
1308 21
1309 18
1310 12
1311 11
1312 11
1313 21
1314 14
1315 20
1316 19
1317 17
1318 21
1319 14
1320 23
1321 19
1322 19
1323 19
1324 14
1325 15
1326 19
1327 21
1328 15
1329 10
1330 11
1331 13
1332 10
1333 20
1334 11
1335 8
1336 15
1337 11
1338 12
1339 18
1340 13
1341 17
1342 17
1343 11
1344 14
1345 13
1346 15
1347 15
1348 17
1349 16
1350 17
1351 18
1352 15
1353 12
1354 13
1355 19
1356 12
1357 13
1358 12
1359 8
1360 13
1361 13
1362 20
1363 7
1364 16
1365 5
1366 11
1367 22
1368 7
1369 11
1370 14
1371 9
1372 8
1373 13
1374 9
1375 10
1376 8
1377 9
1378 8
1379 10
1380 13
1381 7
1382 14
1383 8
1384 11
1385 15
1386 10
1387 11
1388 12
1389 17
1390 8
1391 6
1392 14
1393 14
1394 5
1395 11
1396 14
1397 17
1398 16
1399 7
1400 10
1401 16
1402 9
1403 6
1404 6
1405 15
1406 9
1407 17
1408 5
1409 7
1410 10
1411 7
1412 11
1413 14
1414 9
1415 5
1416 7
1417 10
1418 6
1419 4
1420 10
1421 9
1422 11
1423 11
1424 13
1425 12
1426 7
1427 8
1428 11
1429 8
1430 10
1431 6
1432 10
1433 11
1434 4
1435 7
1436 8
1437 6
1438 5
1439 13
1440 9
1441 10
1442 4
1443 7
1444 8
1445 4
1446 7
1447 11
1448 4
1449 7
1450 6
1451 8
1452 13
1453 9
1454 12
1455 7
1456 10
1457 7
1458 9
1459 9
1460 5
1461 8
1462 9
1463 7
1464 6
1465 7
1466 9
1467 6
1468 10
1469 5
1470 6
1471 4
1472 14
1473 4
1474 12
1475 6
1476 11
1477 5
1478 9
1479 7
1480 6
1481 5
1482 9
1483 5
1484 7
1485 3
1486 5
1487 4
1488 6
1489 9
1490 6
1491 6
1492 9
1493 7
1494 5
1495 13
1496 3
1497 12
1498 4
1499 9
1500 6
1501 5
1502 5
1503 3
1504 6
1505 5
1506 7
1507 10
1508 7
1509 6
1510 8
1511 9
1512 8
1513 12
1514 9
1515 3
1516 5
1517 5
1518 7
1519 10
1520 5
1521 9
1522 10
1523 5
1524 7
1525 4
1526 7
1527 1
1528 8
1529 3
1530 4
1531 7
1532 5
1533 2
1534 4
1535 6
1536 4
1537 8
1538 8
1539 6
1540 7
1541 7
1542 8
1543 6
1544 5
1545 1
1546 2
1547 4
1548 3
1549 5
1550 3
1551 5
1552 7
1553 2
1554 7
1555 5
1556 5
1557 4
1558 3
1559 2
1560 6
1561 5
1562 5
1563 7
1564 6
1565 3
1566 9
1567 5
1568 5
1569 3
1570 7
1571 7
1572 7
1573 6
1574 7
1575 8
1576 3
1577 4
1578 6
1579 5
1580 7
1581 4
1582 9
1583 4
1584 4
1585 3
1587 2
1588 4
1590 6
1591 4
1592 3
1593 7
1594 4
1595 5
1596 6
1597 6
1598 2
1599 1
1600 3
1601 3
1602 8
1604 6
1605 2
1606 3
1607 5
1608 4
1609 5
1610 2
1611 3
1612 3
1613 4
1614 7
1615 2
1616 5
1617 2
1618 2
1619 5
1620 4
1621 5
1622 1
1623 8
1624 3
1625 4
1626 1
1627 3
1628 6
1629 6
1630 6
1631 5
1632 2
1633 3
1634 1
1635 5
1636 4
1637 1
1638 3
1639 4
1640 2
1641 4
1642 3
1643 2
1644 5
1645 4
1646 2
1647 2
1648 2
1649 5
1650 7
1651 4
1652 4
1653 4
1654 6
1655 5
1657 4
1658 3
1659 5
1660 4
1661 3
1662 5
1663 4
1664 1
1665 2
1666 1
1667 2
1668 3
1669 4
1670 2
1671 1
1672 3
1673 4
1674 2
1675 2
1676 1
1677 1
1678 1
1679 5
1680 2
1681 4
1682 1
1683 4
1684 1
1686 3
1687 1
1688 2
1689 1
1690 5
1691 4
1692 2
1694 3
1695 3
1696 1
1697 3
1698 1
1699 4
1700 5
1701 4
1702 1
1703 1
1704 1
1705 1
1706 3
1707 2
1708 2
1709 1
1710 3
1711 2
1712 6
1713 3
1714 1
1715 2
1716 2
1717 5
1718 1
1719 2
1720 2
1721 1
1722 1
1723 7
1724 5
1725 5
1726 2
1727 2
1728 4
1729 2
1730 2
1731 3
1732 3
1733 1
1734 2
1735 2
1736 3
1737 3
1738 4
1740 5
1741 1
1742 1
1743 1
1744 1
1746 1
1747 1
1748 3
1749 2
1750 5
1752 1
1754 2
1755 2
1756 2
1757 1
1758 5
1759 4
1760 2
1761 1
1762 3
1763 2
1764 1
1765 1
1766 2
1767 1
1768 1
1769 1
1771 1
1772 1
1773 2
1774 2
1775 2
1776 3
1777 2
1778 2
1779 3
1780 1
1781 1
1782 1
1783 3
1784 1
1785 2
1786 2
1787 1
1788 1
1790 2
1791 1
1792 6
1794 2
1795 1
1796 3
1797 2
1798 4
1799 3
1800 1
1804 2
1805 2
1806 1
1807 3
1808 4
1809 2
1811 1
1812 5
1813 1
1816 1
1818 2
1819 1
1820 2
1821 2
1822 1
1823 1
1825 2
1827 2
1828 4
1829 2
1830 1
1832 3
1834 1
1835 2
1836 2
1839 1
1840 1
1842 3
1843 5
1844 1
1846 1
1847 2
1848 2
1849 2
1850 2
1851 1
1853 1
1854 1
1857 1
1858 2
1860 3
1861 2
1862 1
1863 2
1866 1
1867 1
1869 2
1870 1
1872 2
1873 1
1874 1
1876 1
1879 1
1880 3
1881 1
1883 5
1884 2
1886 2
1887 2
1888 3
1889 2
1890 2
1892 2
1893 2
1894 1
1895 2
1897 1
1898 1
1899 2
1901 1
1902 1
1903 2
1905 3
1909 1
1910 2
1911 3
1915 1
1916 1
1918 2
1920 3
1922 1
1923 2
1925 1
1927 1
1928 2
1929 3
1930 3
1932 2
1933 2
1935 1
1936 1
1937 1
1938 1
1940 1
1941 1
1944 1
1945 2
1947 2
1951 1
1952 2
1953 1
1957 1
1958 1
1959 1
1960 1
1964 1
1968 1
1970 1
1971 2
1973 1
1975 2
1976 1
1977 2
1978 1
1982 1
1985 1
1987 1
1988 1
1992 1
1996 1
1999 1
2000 1
2001 1
2003 1
2004 2
2011 1
2012 2
2013 1
2016 3
2017 2
2018 1
2025 2
2029 1
2030 1
2031 1
2039 1
2043 1
2044 2
2056 2
2059 1
2068 2
2070 2
2073 1
2078 1
2084 1
2086 1
2094 1
2095 1
2096 1
2098 1
2099 1
2110 1
2116 1
2118 1
2119 1
2121 1
2123 1
2124 1
2127 1
2129 1
2134 1
2142 1
2143 1
2145 1
2147 1
2148 1
2155 1
2160 1
2171 1
2175 1
2181 1
2185 1
2186 1
2190 1
2199 1
2202 1
2215 1
2222 1
2256 1
2264 1
2271 1
2292 1
2302 1
2316 1
2330 2
2339 1
2343 1
2387 1
2467 1
