-73 3
-72 11
-71 16
-70 32
-69 44
-68 57
-67 62
-66 64
-65 59
-64 61
-63 73
-62 66
-61 59
-60 58
-59 57
-58 78
-57 57
-56 82
-55 94
-54 102
-53 98
-52 127
-51 115
-50 143
-49 119
-48 113
-47 117
-46 135
-45 136
-44 112
-43 128
-42 150
-41 121
-40 112
-39 138
-38 154
-37 159
-36 162
-35 177
-34 205
-33 156
-32 192
-31 210
-30 221
-29 219
-28 226
-27 238
-26 216
-25 204
-24 213
-23 208
-22 240
-21 209
-20 210
-19 245
-18 242
-17 261
-16 249
-15 263
-14 292
-13 289
-12 313
-11 300
-10 311
-9 281
-8 336
-7 330
-6 333
-5 365
-4 395
-3 337
-2 377
-1 361
0 338
1 356
2 337
3 358
4 361
5 326
6 352
7 347
8 394
9 353
10 355
11 409
12 410
13 406
14 401
15 447
16 488
17 510
18 521
19 520
20 489
21 536
22 545
23 564
24 594
25 596
26 579
27 558
28 525
29 592
30 583
31 562
32 644
33 680
34 644
35 667
36 721
37 694
38 682
39 696
40 745
41 737
42 813
43 832
44 824
45 868
46 866
47 858
48 936
49 936
50 930
51 948
52 1001
53 952
54 958
55 1040
56 1019
57 1012
58 1141
59 1090
60 1100
61 1192
62 1179
63 1158
64 1200
65 1212
66 1205
67 1215
68 1207
69 1293
70 1378
71 1361
72 1404
73 1482
74 1435
75 1452
76 1545
77 1422
78 1543
79 1433
80 1522
81 1525
82 1586
83 1555
84 1569
85 1660
86 1752
87 1728
88 1874
89 1910
90 1979
91 2004
92 2063
93 1999
94 1963
95 2091
96 2076
97 2091
98 2150
99 2149
100 2208
101 2130
102 2120
103 2229
104 2204
105 2189
106 2249
107 2266
108 2364
109 2365
110 2379
111 2280
112 2331
113 2388
114 2333
115 2395
116 2467
117 2632
118 2665
119 2761
120 2906
121 2798
122 2809
123 2800
124 2820
125 2760
126 2745
127 2810
128 2773
129 2740
130 2862
131 2943
132 2920
133 2951
134 3032
135 3071
136 3035
137 3116
138 3109
139 3272
140 3111
141 3260
142 3299
143 3177
144 3223
145 3273
146 3192
147 3307
148 3230
149 3341
150 3240
151 3332
152 3292
153 3317
154 3449
155 3349
156 3453
157 3403
158 3450
159 3448
160 3505
161 3503
162 3675
163 3719
164 3949
165 3849
166 3870
167 3968
168 3966
169 3972
170 3961
171 4021
172 4068
173 4206
174 4385
175 4593
176 4614
177 4600
178 4613
179 4848
180 4788
181 4855
182 4871
183 4929
184 4934
185 4912
186 4809
187 4902
188 4865
189 4899
190 4943
191 4862
192 4864
193 4910
194 4911
195 4818
196 4816
197 4992
198 4894
199 4941
200 4954
201 5129
202 5171
203 5229
204 5281
205 5302
206 5240
207 5090
208 5172
209 5385
210 5255
211 5329
212 5262
213 5388
214 5450
215 5617
216 5420
217 5475
218 5615
219 5602
220 5750
221 5805
222 5845
223 5615
224 5724
225 5953
226 5835
227 5888
228 6028
229 6006
230 6026
231 6060
232 6091
233 6108
234 6109
235 5994
236 6152
237 6136
238 6053
239 6017
240 6002
241 6200
242 6298
243 6195
244 6227
245 6353
246 6375
247 6387
248 6421
249 6520
250 6528
251 6668
252 6641
253 6761
254 6759
255 6649
256 6705
257 6800
258 6718
259 6903
260 6768
261 6737
262 6705
263 6742
264 6680
265 6680
266 6888
267 6804
268 6820
269 6966
270 7049
271 7017
272 7127
273 7158
274 7376
275 7271
276 7623
277 7604
278 7492
279 7518
280 7551
281 7620
282 7600
283 7841
284 7728
285 7861
286 7824
287 7564
288 7857
289 8024
290 7997
291 7840
292 8009
293 7984
294 8008
295 8157
296 8206
297 8132
298 8228
299 8063
300 8052
301 8033
302 7992
303 8039
304 8231
305 8031
306 8021
307 7964
308 8112
309 8003
310 8010
311 7977
312 7749
313 7905
314 8143
315 8074
316 8216
317 7947
318 8001
319 8155
320 8116
321 8197
322 8211
323 8088
324 8041
325 8188
326 8142
327 8008
328 8033
329 8054
330 8146
331 8199
332 8096
333 8266
334 8099
335 8055
336 8110
337 8085
338 8015
339 8254
340 8057
341 8092
342 8071
343 8238
344 8199
345 8265
346 8159
347 8192
348 8238
349 8395
350 8471
351 8363
352 8293
353 8407
354 8285
355 8113
356 8314
357 8208
358 8243
359 8423
360 8237
361 8305
362 8119
363 8324
364 8051
365 7930
366 7896
367 8120
368 7898
369 7870
370 8025
371 8030
372 7795
373 7971
374 7978
375 7856
376 7819
377 7938
378 7910
379 8045
380 7977
381 8261
382 8193
383 8220
384 8397
385 8321
386 8267
387 8224
388 8513
389 8356
390 8466
391 8657
392 8352
393 8435
394 8385
395 8374
396 8185
397 8328
398 8283
399 8410
400 8244
401 8006
402 8201
403 8274
404 8206
405 8096
406 8080
407 8166
408 8102
409 8055
410 8105
411 8097
412 7950
413 8050
414 8247
415 7873
416 7984
417 7905
418 7957
419 7988
420 7805
421 7960
422 7862
423 7658
424 7820
425 7907
426 7712
427 7781
428 7890
429 7749
430 7624
431 7766
432 7734
433 7714
434 7579
435 7667
436 7731
437 7629
438 7642
439 7640
440 7646
441 7662
442 7688
443 7699
444 7830
445 7539
446 7514
447 7486
448 7512
449 7575
450 7503
451 7667
452 7617
453 7312
454 7441
455 7628
456 7572
457 7427
458 7572
459 7379
460 7484
461 7428
462 7446
463 7553
464 7200
465 7499
466 7389
467 7316
468 7471
469 7233
470 7147
471 7155
472 7221
473 7145
474 7188
475 7313
476 7005
477 7195
478 7081
479 7089
480 7132
481 6971
482 6968
483 6911
484 6850
485 6853
486 6848
487 6744
488 6620
489 6679
490 6730
491 6644
492 6478
493 6564
494 6554
495 6413
496 6393
497 6327
498 6339
499 6395
500 6294
501 6289
502 6210
503 6314
504 6271
505 6360
506 6099
507 6142
508 6289
509 6100
510 6352
511 6172
512 6103
513 6111
514 5992
515 6021
516 5972
517 6190
518 6009
519 5913
520 5806
521 5876
522 5913
523 5907
524 5778
525 5708
526 5768
527 5782
528 5870
529 5704
530 5758
531 5573
532 5682
533 5700
534 5573
535 5598
536 5548
537 5532
538 5440
539 5406
540 5402
541 5394
542 5293
543 5298
544 5475
545 5254
546 5119
547 5349
548 5306
549 5232
550 5198
551 5057
552 5174
553 5227
554 5036
555 5110
556 5067
557 4992
558 5159
559 5062
560 4979
561 5034
562 4910
563 4942
564 5122
565 4801
566 4804
567 4962
568 4797
569 5035
570 4911
571 4916
572 4725
573 4966
574 4774
575 4922
576 4746
577 4779
578 4762
579 4736
580 4734
581 4686
582 4703
583 4691
584 4588
585 4608
586 4644
587 4574
588 4703
589 4677
590 4450
591 4545
592 4504
593 4316
594 4323
595 4333
596 4410
597 4414
598 4258
599 4399
600 4370
601 4249
602 4231
603 4318
604 4274
605 4089
606 4242
607 4134
608 4123
609 4109
610 3939
611 3918
612 4093
613 3933
614 4039
615 3985
616 3951
617 3927
618 3823
619 3775
620 3881
621 3809
622 3840
623 3631
624 3782
625 3734
626 3683
627 3658
628 3702
629 3617
630 3663
631 3686
632 3625
633 3546
634 3557
635 3436
636 3503
637 3491
638 3348
639 3480
640 3475
641 3392
642 3277
643 3393
644 3338
645 3326
646 3297
647 3362
648 3448
649 3231
650 3293
651 3305
652 3285
653 3381
654 3262
655 3222
656 3178
657 3265
658 3222
659 3052
660 3160
661 3114
662 3032
663 3141
664 2968
665 3027
666 2976
667 2983
668 2925
669 2976
670 2905
671 2911
672 2911
673 2798
674 2810
675 2855
676 2916
677 2818
678 2779
679 2816
680 2685
681 2669
682 2738
683 2726
684 2761
685 2741
686 2695
687 2647
688 2759
689 2699
690 2592
691 2638
692 2608
693 2617
694 2613
695 2517
696 2551
697 2548
698 2535
699 2494
700 2499
701 2558
702 2425
703 2420
704 2425
705 2451
706 2361
707 2422
708 2464
709 2380
710 2294
711 2336
712 2350
713 2324
714 2344
715 2316
716 2303
717 2379
718 2341
719 2347
720 2183
721 2268
722 2224
723 2261
724 2265
725 2273
726 2192
727 2203
728 2163
729 2234
730 2114
731 2072
732 2076
733 2091
734 2157
735 2113
736 2132
737 1978
738 2067
739 2053
740 2040
741 2047
742 1922
743 1933
744 1953
745 1931
746 1994
747 1874
748 1936
749 1838
750 1848
751 1869
752 1943
753 1896
754 1878
755 1787
756 1845
757 1753
758 1855
759 1773
760 1842
761 1834
762 1734
763 1764
764 1784
765 1725
766 1708
767 1723
768 1779
769 1717
770 1648
771 1717
772 1676
773 1646
774 1639
775 1725
776 1648
777 1678
778 1580
779 1625
780 1592
781 1637
782 1580
783 1606
784 1622
785 1600
786 1606
787 1559
788 1511
789 1547
790 1573
791 1544
792 1547
793 1534
794 1466
795 1499
796 1458
797 1473
798 1415
799 1380
800 1429
801 1451
802 1451
803 1413
804 1433
805 1445
806 1411
807 1397
808 1374
809 1383
810 1331
811 1303
812 1425
813 1269
814 1309
815 1284
816 1323
817 1375
818 1300
819 1306
820 1381
821 1325
822 1329
823 1297
824 1287
825 1270
826 1225
827 1211
828 1265
829 1273
830 1295
831 1255
832 1288
833 1188
834 1243
835 1266
836 1175
837 1237
838 1146
839 1232
840 1185
841 1164
842 1157
843 1165
844 1137
845 1186
846 1158
847 1073
848 1108
849 1128
850 1083
851 1036
852 1141
853 1102
854 974
855 1042
856 1082
857 1042
858 1046
859 1022
860 957
861 1094
862 1078
863 993
864 1051
865 1006
866 1001
867 1026
868 984
869 988
870 965
871 949
872 1004
873 927
874 970
875 916
876 983
877 945
878 878
879 917
880 923
881 879
882 911
883 928
884 881
885 891
886 917
887 856
888 831
889 869
890 878
891 827
892 828
893 894
894 818
895 922
896 880
897 769
898 736
899 784
900 831
901 752
902 807
903 812
904 796
905 798
906 759
907 778
908 777
909 782
910 775
911 808
912 787
913 738
914 734
915 819
916 719
917 755
918 757
919 729
920 716
921 716
922 690
923 702
924 672
925 719
926 707
927 685
928 722
929 700
930 646
931 675
932 684
933 719
934 674
935 659
936 686
937 624
938 685
939 635
940 587
941 649
942 595
943 592
944 586
945 596
946 635
947 644
948 594
949 587
950 603
951 637
952 614
953 576
954 564
955 614
956 564
957 604
958 559
959 583
960 554
961 548
962 563
963 553
964 561
965 574
966 600
967 574
968 557
969 540
970 502
971 519
972 519
973 534
974 546
975 550
976 526
977 470
978 544
979 556
980 529
981 454
982 526
983 524
984 496
985 472
986 500
987 490
988 488
989 507
990 535
991 455
992 507
993 475
994 465
995 484
996 479
997 478
998 465
999 469
1000 478
1001 448
1002 442
1003 483
1004 417
1005 431
1006 494
1007 466
1008 483
1009 459
1010 449
1011 411
1012 440
1013 443
1014 465
1015 414
1016 449
1017 406
1018 395
1019 419
1020 384
1021 437
1022 448
1023 446
1024 424
1025 415
1026 435
1027 416
1028 409
1029 407
1030 419
1031 399
1032 411
1033 383
1034 372
1035 366
1036 392
1037 391
1038 386
1039 377
1040 389
1041 371
1042 377
1043 414
1044 326
1045 365
1046 375
1047 354
1048 341
1049 347
1050 324
1051 359
1052 359
1053 306
1054 371
1055 369
1056 370
1057 335
1058 328
1059 359
1060 307
1061 324
1062 330
1063 310
1064 342
1065 348
1066 292
1067 334
1068 311
1069 314
1070 322
1071 342
1072 312
1073 323
1074 317
1075 289
1076 290
1077 330
1078 299
1079 279
1080 327
1081 311
1082 282
1083 325
1084 273
1085 298
1086 278
1087 272
1088 275
1089 288
1090 301
1091 290
1092 297
1093 274
1094 291
1095 283
1096 237
1097 271
1098 300
1099 303
1100 256
1101 284
1102 295
1103 258
1104 276
1105 265
1106 270
1107 280
1108 277
1109 239
1110 253
1111 259
1112 230
1113 265
1114 258
1115 266
1116 255
1117 234
1118 248
1119 247
1120 244
1121 248
1122 236
1123 246
1124 232
1125 254
1126 269
1127 237
1128 246
1129 240
1130 223
1131 233
1132 227
1133 210
1134 196
1135 240
1136 205
1137 218
1138 233
1139 244
1140 213
1141 258
1142 216
1143 242
1144 201
1145 215
1146 218
1147 196
1148 222
1149 218
1150 197
1151 206
1152 202
1153 188
1154 188
1155 174
1156 202
1157 192
1158 193
1159 202
1160 206
1161 182
1162 186
1163 198
1164 201
1165 194
1166 191
1167 185
1168 175
1169 181
1170 187
1171 197
1172 214
1173 195
1174 192
1175 212
1176 175
1177 171
1178 192
1179 179
1180 177
1181 165
1182 188
1183 153
1184 175
1185 152
1186 155
1187 173
1188 170
1189 192
1190 165
1191 172
1192 178
1193 170
1194 179
1195 168
1196 170
1197 171
1198 162
1199 152
1200 149
1201 180
1202 183
1203 146
1204 149
1205 159
1206 165
1207 169
1208 160
1209 155
1210 164
1211 130
1212 142
1213 167
1214 144
1215 163
1216 154
1217 144
1218 152
1219 149
1220 166
1221 137
1222 141
1223 147
1224 160
1225 136
1226 150
1227 150
1228 130
1229 131
1230 154
1231 160
1232 137
1233 141
1234 145
1235 129
1236 124
1237 136
1238 137
1239 112
1240 118
1241 139
1242 133
1243 129
1244 118
1245 114
1246 144
1247 131
1248 121
1249 117
1250 110
1251 109
1252 122
1253 121
1254 125
1255 112
1256 116
1257 121
1258 122
1259 144
1260 118
1261 121
1262 135
1263 112
1264 104
1265 125
1266 115
1267 110
1268 112
1269 112
1270 114
1271 125
1272 102
1273 134
1274 110
1275 110
1276 120
1277 94
1278 104
1279 101
1280 119
1281 98
1282 102
1283 103
1284 107
1285 114
1286 87
1287 103
1288 103
1289 113
1290 118
1291 88
1292 113
1293 93
1294 101
1295 103
1296 85
1297 89
1298 100
1299 103
1300 97
1301 103
1302 95
1303 95
1304 78
1305 80
1306 93
1307 110
1308 101
1309 83
1310 98
1311 91
1312 88
1313 92
1314 92
1315 100
1316 78
1317 88
1318 86
1319 87
1320 93
1321 81
1322 85
1323 80
1324 85
1325 89
1326 77
1327 93
1328 87
1329 92
1330 82
1331 77
1332 90
1333 71
1334 81
1335 69
1336 80
1337 72
1338 91
1339 80
1340 109
1341 63
1342 87
1343 73
1344 81
1345 82
1346 58
1347 75
1348 73
1349 89
1350 78
1351 66
1352 71
1353 83
1354 60
1355 74
1356 57
1357 66
1358 77
1359 64
1360 88
1361 72
1362 61
1363 69
1364 57
1365 64
1366 60
1367 54
1368 71
1369 68
1370 66
1371 75
1372 84
1373 61
1374 58
1375 60
1376 69
1377 70
1378 72
1379 59
1380 69
1381 60
1382 68
1383 67
1384 43
1385 60
1386 59
1387 55
1388 60
1389 61
1390 71
1391 58
1392 65
1393 63
1394 67
1395 53
1396 63
1397 56
1398 58
1399 58
1400 50
1401 66
1402 68
1403 52
1404 63
1405 53
1406 53
1407 59
1408 49
1409 48
1410 46
1411 44
1412 55
1413 51
1414 45
1415 47
1416 45
1417 58
1418 47
1419 51
1420 40
1421 49
1422 47
1423 48
1424 42
1425 54
1426 48
1427 64
1428 46
1429 50
1430 57
1431 49
1432 45
1433 48
1434 49
1435 46
1436 58
1437 42
1438 54
1439 52
1440 47
1441 47
1442 56
1443 48
1444 49
1445 48
1446 51
1447 46
1448 40
1449 53
1450 51
1451 38
1452 34
1453 45
1454 52
1455 51
1456 40
1457 38
1458 40
1459 30
1460 38
1461 37
1462 32
1463 52
1464 33
1465 39
1466 35
1467 40
1468 36
1469 40
1470 41
1471 32
1472 44
1473 51
1474 40
1475 43
1476 34
1477 36
1478 39
1479 28
1480 36
1481 40
1482 35
1483 41
1484 25
1485 37
1486 28
1487 34
1488 32
1489 30
1490 28
1491 49
1492 33
1493 32
1494 46
1495 32
1496 40
1497 35
1498 30
1499 36
1500 25
1501 38
1502 31
1503 36
1504 38
1505 36
1506 33
1507 23
1508 44
1509 21
1510 28
1511 26
1512 30
1513 42
1514 24
1515 28
1516 26
1517 35
1518 28
1519 34
1520 21
1521 29
1522 28
1523 39
1524 26
1525 26
1526 33
1527 21
1528 26
1529 30
1530 27
1531 21
1532 29
1533 29
1534 31
1535 26
1536 32
1537 29
1538 28
1539 34
1540 24
1541 28
1542 23
1543 29
1544 23
1545 27
1546 21
1547 39
1548 32
1549 25
1550 36
1551 20
1552 26
1553 24
1554 27
1555 22
1556 26
1557 20
1558 27
1559 27
1560 27
1561 34
1562 24
1563 37
1564 18
1565 31
1566 25
1567 35
1568 19
1569 20
1570 20
1571 29
1572 25
1573 23
1574 24
1575 18
1576 27
1577 20
1578 24
1579 36
1580 22
1581 20
1582 11
1583 22
1584 17
1585 20
1586 23
1587 13
1588 17
1589 31
1590 20
1591 20
1592 28
1593 21
1594 17
1595 20
1596 25
1597 24
1598 22
1599 14
1600 31
1601 20
1602 19
1603 35
1604 21
1605 15
1606 22
1607 15
1608 18
1609 20
1610 13
1611 20
1612 19
1613 20
1614 16
1615 17
1616 20
1617 15
1618 18
1619 18
1620 21
1621 14
1622 26
1623 15
1624 16
1625 14
1626 28
1627 12
1628 16
1629 19
1630 20
1631 12
1632 10
1633 15
1634 23
1635 15
1636 21
1637 16
1638 16
1639 25
1640 14
1641 8
1642 13
1643 12
1644 13
1645 15
1646 15
1647 17
1648 15
1649 14
1650 15
1651 22
1652 16
1653 20
1654 12
1655 15
1656 16
1657 13
1658 16
1659 14
1660 23
1661 17
1662 13
1663 18
1664 12
1665 21
1666 16
1667 16
1668 15
1669 15
1670 14
1671 16
1672 20
1673 13
1674 17
1675 18
1676 17
1677 9
1678 7
1679 17
1680 10
1681 14
1682 12
1683 11
1684 16
1685 8
1686 10
1687 18
1688 7
1689 8
1690 12
1691 14
1692 14
1693 7
1694 18
1695 13
1696 11
1697 18
1698 14
1699 12
1700 14
1701 10
1702 6
1703 15
1704 8
1705 16
1707 9
1708 14
1709 9
1710 14
1711 9
1712 12
1713 9
1714 6
1715 12
1716 8
1717 12
1718 13
1719 10
1720 18
1721 9
1722 13
1723 15
1724 16
1725 10
1726 13
1727 14
1728 12
1729 8
1730 11
1731 12
1732 9
1733 11
1734 12
1735 5
1736 14
1737 12
1738 13
1739 8
1740 10
1741 8
1742 11
1743 11
1744 9
1745 11
1746 15
1747 9
1748 13
1749 12
1750 10
1751 13
1752 12
1753 9
1754 9
1755 10
1756 9
1757 12
1758 15
1759 8
1760 4
1761 8
1762 9
1763 12
1764 4
1765 14
1766 5
1767 10
1768 14
1769 9
1770 12
1771 15
1772 3
1773 1
1774 15
1775 5
1776 6
1777 15
1778 13
1779 7
1780 7
1781 14
1782 12
1783 13
1784 11
1785 14
1786 9
1787 9
1788 9
1789 10
1790 12
1791 7
1792 9
1793 7
1794 9
1795 8
1796 5
1797 5
1798 7
1799 4
1800 5
1801 9
1802 10
1803 5
1804 8
1805 15
1806 7
1807 5
1808 9
1809 6
1810 11
1811 8
1812 8
1813 7
1814 10
1815 5
1816 4
1817 10
1818 6
1819 5
1820 12
1821 8
1822 4
1823 12
1824 9
1825 5
1826 6
1827 5
1828 6
1829 8
1830 12
1831 3
1832 9
1833 4
1834 6
1835 14
1836 7
1837 5
1838 8
1839 6
1840 4
1841 2
1842 7
1843 4
1844 6
1845 3
1846 9
1847 8
1848 7
1849 9
1850 6
1851 6
1852 9
1853 3
1854 6
1855 2
1856 11
1857 4
1858 9
1859 6
1860 7
1861 7
1862 1
1863 9
1864 5
1865 5
1866 9
1867 8
1868 6
1869 8
1870 9
1871 6
1872 4
1873 9
1874 2
1875 5
1876 5
1877 9
1878 6
1879 3
1880 10
1881 7
1882 8
1883 7
1884 8
1885 4
1886 2
1887 5
1888 5
1889 7
1890 6
1891 8
1892 4
1893 14
1894 7
1895 4
1896 5
1897 4
1898 6
1899 3
1900 5
1901 13
1902 3
1903 10
1904 5
1905 7
1906 5
1907 6
1908 10
1909 11
1910 6
1911 6
1912 6
1913 2
1914 5
1915 3
1916 5
1917 5
1918 5
1919 4
1920 6
1921 3
1922 7
1923 8
1924 2
1925 1
1926 6
1927 8
1928 5
1929 5
1930 3
1931 5
1932 4
1933 7
1934 6
1935 6
1936 4
1937 8
1938 6
1939 8
1940 5
1941 3
1942 6
1943 3
1944 3
1945 4
1946 4
1947 6
1948 3
1949 5
1950 3
1951 4
1952 5
1953 10
1954 4
1955 4
1956 2
1957 6
1958 4
1959 5
1960 3
1961 5
1962 4
1963 5
1964 7
1965 2
1966 10
1967 1
1968 3
1969 4
1970 5
1971 6
1972 3
1973 1
1974 4
1975 8
1976 2
1977 5
1978 4
1979 5
1980 5
1981 4
1982 5
1983 2
1984 2
1985 1
1986 3
1987 5
1988 4
1989 2
1990 2
1991 6
1992 4
1993 3
1994 3
1995 5
1996 2
1997 3
1998 4
1999 2
2000 3
2001 4
2002 4
2003 2
2004 4
2005 3
2006 5
2007 5
2008 5
2009 1
2010 2
2011 4
2012 3
2013 4
2014 5
2015 4
2016 2
2017 4
2018 6
2019 2
2020 1
2021 6
2022 2
2023 3
2024 2
2025 7
2026 4
2027 4
2028 1
2029 2
2030 3
2031 3
2032 5
2033 3
2034 7
2035 4
2036 1
2037 3
2038 4
2039 4
2040 6
2041 4
2042 4
2043 7
2044 5
2045 2
2046 2
2047 5
2048 4
2049 2
2050 6
2051 1
2052 1
2053 6
2054 1
2055 5
2056 4
2057 2
2058 2
2059 2
2060 5
2061 4
2062 3
2063 3
2064 2
2065 3
2066 1
2067 2
2068 2
2069 1
2070 3
2071 3
2072 3
2073 2
2074 6
2075 2
2076 5
2077 3
2078 2
2079 1
2080 2
2081 4
2082 4
2083 2
2084 2
2085 3
2086 2
2087 1
2088 2
2089 4
2090 4
2091 4
2093 2
2094 3
2095 4
2096 3
2097 2
2098 2
2101 2
2102 2
2103 1
2104 3
2105 2
2106 1
2108 1
2109 1
2110 4
2111 6
2114 4
2115 6
2116 1
2118 3
2119 4
2120 3
2121 1
2122 4
2124 2
2125 2
2126 1
2127 3
2128 1
2129 1
2130 3
2131 3
2132 3
2133 3
2134 3
2136 2
2137 1
2138 2
2139 3
2140 1
2141 1
2143 5
2144 3
2145 2
2146 1
2147 2
2148 1
2149 1
2150 1
2151 4
2152 1
2153 3
2154 2
2155 2
2156 3
2157 3
2158 2
2159 4
2160 2
2161 1
2163 1
2164 1
2165 2
2166 2
2167 1
2169 1
2170 3
2174 1
2176 1
2177 3
2178 3
2180 1
2181 2
2182 1
2183 4
2185 1
2186 3
2187 2
2188 1
2189 1
2190 2
2192 2
2193 1
2194 3
2195 1
2196 3
2197 3
2198 2
2199 1
2200 1
2201 2
2202 1
2204 1
2206 1
2207 2
2208 1
2209 1
2212 2
2215 2
2217 3
2218 1
2219 2
2221 1
2222 3
2223 1
2224 2
2227 3
2228 4
2229 4
2230 3
2231 2
2234 2
2236 3
2237 2
2239 1
2240 1
2241 4
2244 2
2245 2
2247 1
2249 4
2250 1
2251 1
2253 1
2254 1
2255 1
2256 1
2258 1
2259 1
2260 2
2261 1
2262 1
2263 2
2264 2
2265 1
2266 1
2267 1
2268 1
2270 3
2272 1
2273 1
2274 2
2278 1
2279 1
2281 3
2282 1
2283 1
2288 1
2290 1
2291 3
2292 1
2293 1
2294 2
2296 1
2297 2
2299 2
2305 1
2308 1
2309 2
2310 1
2311 1
2312 1
2313 1
2314 1
2318 1
2320 2
2323 2
2324 1
2325 1
2328 1
2329 1
2331 2
2333 1
2334 2
2336 2
2337 1
2338 1
2341 1
2342 2
2344 1
2347 1
2348 1
2351 1
2352 1
2354 1
2355 2
2360 2
2361 1
2362 3
2365 1
2367 2
2369 1
2370 1
2371 1
2374 1
2378 1
2381 2
2391 1
2392 1
2397 1
2407 1
2408 2
2410 1
2414 1
2418 1
2419 1
2421 1
2427 1
2432 1
2436 1
2444 1
2445 1
2447 1
2453 1
2455 1
2456 1
2457 1
2458 1
2460 1
2461 1
2462 1
2464 1
2465 1
2470 1
2477 1
2482 1
2483 1
2485 2
2488 1
2490 1
2500 1
2503 1
2512 1
2519 1
2523 1
2535 1
2545 1
2561 1
2563 1
2564 2
2603 1
2649 1
