29 48
30 433
31 2073
32 2868
33 2663
34 2829
35 2719
36 2869
37 2663
38 2482
39 3683
40 4275
41 4617
42 4947
43 5682
44 7091
45 8360
46 8120
47 7906
48 7736
49 7431
50 7343
51 7202
52 7404
53 7353
54 7128
55 8337
56 9648
57 9944
58 9760
59 10624
60 12245
61 15032
62 17840
63 18713
64 18780
65 21084
66 22272
67 24095
68 24832
69 25207
70 25462
71 26852
72 28007
73 28908
74 28632
75 29117
76 29915
77 30182
78 30278
79 29996
80 30969
81 31129
82 32601
83 32649
84 33078
85 33209
86 34583
87 35577
88 37816
89 38304
90 37037
91 35476
92 35161
93 34230
94 32953
95 32925
96 32448
97 33289
98 34729
99 35752
100 35118
101 34644
102 33734
103 34030
104 34123
105 33096
106 32977
107 32280
108 32002
109 32117
110 31567
111 31711
112 31537
113 30205
114 29661
115 29399
116 29685
117 29376
118 28907
119 27690
120 27004
121 26633
122 26153
123 25513
124 24478
125 24443
126 24214
127 23676
128 23085
129 23112
130 22335
131 22061
132 21518
133 21661
134 20823
135 20450
136 20146
137 19816
138 19775
139 19305
140 19235
141 19261
142 18879
143 18747
144 18208
145 17870
146 18083
147 17882
148 17381
149 17467
150 16932
151 17484
152 17412
153 17225
154 17123
155 17027
156 16353
157 16580
158 15892
159 15700
160 15375
161 15101
162 14708
163 14410
164 14085
165 13775
166 13694
167 13496
168 13257
169 13412
170 13250
171 13149
172 12716
173 12573
174 12255
175 11893
176 11764
177 11709
178 11528
179 11307
180 11321
181 11041
182 10908
183 10508
184 10585
185 10152
186 10037
187 10007
188 9907
189 9762
190 9562
191 9558
192 9311
193 9135
194 9115
195 8764
196 8827
197 8731
198 8584
199 8564
200 8239
201 8125
202 8187
203 7900
204 7799
205 7735
206 7531
207 7332
208 7014
209 7122
210 6972
211 6883
212 6584
213 6574
214 6346
215 6339
216 6169
217 6121
218 5979
219 5962
220 5892
221 5918
222 5726
223 5712
224 5569
225 5452
226 5266
227 5323
228 5313
229 5238
230 5170
231 5177
232 5104
233 5055
234 4856
235 4923
236 4792
237 4711
238 4556
239 4748
240 4511
241 4533
242 4357
243 4432
244 4458
245 4322
246 4310
247 4341
248 4265
249 4095
250 4053
251 4089
252 4180
253 3963
254 3845
255 3917
256 3858
257 3810
258 3644
259 3823
260 3707
261 3681
262 3516
263 3588
264 3565
265 3503
266 3505
267 3488
268 3417
269 3285
270 3305
271 3356
272 3258
273 3294
274 3251
275 3222
276 3282
277 3058
278 3034
279 3008
280 2912
281 3007
282 2937
283 2847
284 2822
285 2817
286 2689
287 2729
288 2687
289 2714
290 2708
291 2592
292 2728
293 2670
294 2654
295 2537
296 2504
297 2643
298 2485
299 2398
300 2414
301 2357
302 2288
303 2348
304 2342
305 2334
306 2217
307 2204
308 2126
309 2117
310 2099
311 2025
312 1999
313 1987
314 1996
315 1945
316 1919
317 2033
318 1890
319 1819
320 1776
321 1765
322 1838
323 1804
324 1779
325 1749
326 1718
327 1733
328 1680
329 1735
330 1696
331 1614
332 1671
333 1599
334 1601
335 1580
336 1527
337 1523
338 1515
339 1517
340 1563
341 1475
342 1401
343 1421
344 1391
345 1382
346 1357
347 1425
348 1299
349 1334
350 1318
351 1280
352 1299
353 1354
354 1238
355 1269
356 1272
357 1273
358 1234
359 1201
360 1170
361 1201
362 1162
363 1128
364 1264
365 1189
366 1156
367 1138
368 1212
369 1139
370 1101
371 1104
372 1210
373 1076
374 1136
375 1101
376 1131
377 1084
378 1096
379 1038
380 1078
381 1118
382 1113
383 1093
384 1086
385 1059
386 1049
387 1027
388 988
389 953
390 975
391 901
392 910
393 913
394 914
395 961
396 900
397 907
398 935
399 868
400 868
401 873
402 813
403 829
404 845
405 820
406 775
407 801
408 784
409 815
410 837
411 826
412 796
413 746
414 723
415 790
416 710
417 723
418 734
419 768
420 729
421 719
422 714
423 704
424 678
425 666
426 645
427 697
428 633
429 642
430 675
431 691
432 670
433 649
434 666
435 671
436 648
437 624
438 652
439 659
440 609
441 613
442 628
443 566
444 560
445 583
446 573
447 521
448 573
449 499
450 574
451 622
452 541
453 596
454 596
455 558
456 547
457 533
458 524
459 510
460 516
461 508
462 530
463 504
464 506
465 473
466 547
467 530
468 529
469 519
470 488
471 499
472 449
473 536
474 485
475 449
476 472
477 444
478 480
479 451
480 462
481 469
482 461
483 471
484 431
485 437
486 475
487 464
488 469
489 450
490 421
491 483
492 437
493 418
494 434
495 439
496 408
497 386
498 398
499 368
500 393
501 399
502 406
503 409
504 403
505 395
506 400
507 381
508 397
509 371
510 380
511 366
512 366
513 378
514 377
515 367
516 406
517 371
518 337
519 357
520 349
521 390
522 365
523 384
524 308
525 333
526 307
527 348
528 322
529 308
530 326
531 338
532 300
533 333
534 344
535 343
536 301
537 315
538 278
539 314
540 340
541 328
542 300
543 313
544 318
545 289
546 306
547 319
548 286
549 318
550 297
551 303
552 275
553 295
554 306
555 285
556 294
557 285
558 275
559 270
560 300
561 287
562 292
563 259
564 270
565 265
566 265
567 265
568 264
569 248
570 246
571 279
572 267
573 266
574 263
575 238
576 243
577 245
578 270
579 265
580 244
581 265
582 244
583 249
584 256
585 247
586 238
587 237
588 233
589 254
590 238
591 231
592 229
593 244
594 260
595 231
596 229
597 208
598 224
599 218
600 221
601 242
602 247
603 241
604 233
605 206
606 207
607 236
608 226
609 247
610 222
611 214
612 237
613 219
614 194
615 220
616 206
617 220
618 224
619 208
620 223
621 227
622 204
623 214
624 199
625 211
626 221
627 201
628 172
629 204
630 186
631 199
632 200
633 196
634 212
635 184
636 207
637 189
638 199
639 202
640 184
641 197
642 194
643 193
644 181
645 188
646 193
647 198
648 183
649 184
650 181
651 188
652 190
653 180
654 185
655 184
656 175
657 172
658 160
659 178
660 157
661 160
662 176
663 165
664 163
665 179
666 174
667 167
668 149
669 168
670 171
671 144
672 160
673 160
674 172
675 171
676 153
677 163
678 145
679 150
680 139
681 148
682 164
683 148
684 171
685 163
686 148
687 138
688 150
689 152
690 193
691 165
692 143
693 162
694 145
695 155
696 155
697 147
698 152
699 151
700 157
701 150
702 162
703 137
704 148
705 140
706 141
707 149
708 114
709 134
710 134
711 141
712 145
713 149
714 142
715 143
716 151
717 144
718 136
719 135
720 127
721 151
722 138
723 153
724 160
725 135
726 125
727 142
728 113
729 123
730 125
731 122
732 113
733 119
734 129
735 109
736 115
737 95
738 122
739 150
740 129
741 124
742 126
743 127
744 123
745 122
746 116
747 116
748 115
749 116
750 110
751 129
752 106
753 131
754 114
755 101
756 120
757 90
758 126
759 126
760 125
761 126
762 115
763 108
764 93
765 126
766 122
767 113
768 100
769 110
770 113
771 101
772 122
773 90
774 103
775 88
776 117
777 103
778 102
779 107
780 97
781 107
782 102
783 91
784 115
785 103
786 92
787 109
788 105
789 82
790 99
791 114
792 96
793 94
794 101
795 100
796 93
797 100
798 96
799 82
800 103
801 100
802 94
803 109
804 91
805 85
806 92
807 94
808 87
809 85
810 109
811 92
812 91
813 86
814 82
815 93
816 90
817 90
818 87
819 98
820 85
821 95
822 100
823 90
824 97
825 96
826 92
827 104
828 87
829 75
830 85
831 79
832 88
833 98
834 95
835 82
836 71
837 73
838 94
839 88
840 82
841 72
842 68
843 76
844 89
845 89
846 70
847 92
848 71
849 78
850 81
851 75
852 67
853 78
854 89
855 62
856 87
857 60
858 80
859 87
860 99
861 72
862 52
863 62
864 81
865 67
866 72
867 75
868 74
869 91
870 84
871 79
872 73
873 72
874 81
875 61
876 68
877 77
878 65
879 63
880 77
881 70
882 79
883 86
884 65
885 70
886 68
887 65
888 76
889 60
890 74
891 66
892 70
893 79
894 76
895 60
896 67
897 69
898 77
899 72
900 56
901 81
902 57
903 60
904 60
905 74
906 62
907 62
908 68
909 55
910 56
911 60
912 73
913 71
914 66
915 71
916 64
917 63
918 56
919 64
920 58
921 59
922 66
923 63
924 67
925 63
926 63
927 48
928 63
929 62
930 69
931 59
932 63
933 57
934 62
935 49
936 53
937 61
938 70
939 61
940 62
941 72
942 58
943 49
944 59
945 48
946 53
947 65
948 62
949 69
950 61
951 64
952 42
953 74
954 63
955 62
956 61
957 54
958 52
959 54
960 62
961 60
962 51
963 58
964 72
965 68
966 57
967 62
968 63
969 51
970 44
971 52
972 52
973 44
974 59
975 59
976 65
977 58
978 50
979 48
980 58
981 50
982 45
983 50
984 54
985 48
986 52
987 46
988 45
989 46
990 54
991 61
992 59
993 54
994 47
995 50
996 64
997 60
998 55
999 51
1000 43
1001 44
1002 51
1003 53
1004 49
1005 57
1006 43
1007 50
1008 40
1009 47
1010 69
1011 40
1012 54
1013 47
1014 52
1015 53
1016 52
1017 54
1018 53
1019 42
1020 56
1021 52
1022 45
1023 46
1024 58
1025 46
1026 42
1027 57
1028 41
1029 39
1030 41
1031 46
1032 37
1033 54
1034 42
1035 59
1036 44
1037 42
1038 42
1039 58
1040 47
1041 48
1042 53
1043 54
1044 47
1045 46
1046 44
1047 53
1048 43
1049 37
1050 43
1051 42
1052 42
1053 39
1054 43
1055 32
1056 38
1057 45
1058 47
1059 46
1060 38
1061 47
1062 48
1063 42
1064 48
1065 43
1066 58
1067 57
1068 40
1069 37
1070 55
1071 41
1072 45
1073 39
1074 43
1075 34
1076 47
1077 40
1078 36
1079 35
1080 36
1081 55
1082 29
1083 56
1084 52
1085 33
1086 43
1087 25
1088 37
1089 38
1090 33
1091 39
1092 43
1093 44
1094 45
1095 38
1096 26
1097 36
1098 41
1099 29
1100 47
1101 41
1102 29
1103 34
1104 38
1105 42
1106 40
1107 31
1108 38
1109 30
1110 44
1111 39
1112 33
1113 39
1114 31
1115 32
1116 42
1117 43
1118 36
1119 26
1120 42
1121 37
1122 39
1123 29
1124 35
1125 35
1126 41
1127 41
1128 41
1129 29
1130 31
1131 28
1132 41
1133 35
1134 36
1135 28
1136 25
1137 38
1138 38
1139 51
1140 37
1141 40
1142 34
1143 34
1144 34
1145 44
1146 24
1147 38
1148 31
1149 37
1150 38
1151 43
1152 36
1153 29
1154 34
1155 28
1156 27
1157 20
1158 30
1159 26
1160 31
1161 30
1162 19
1163 38
1164 38
1165 36
1166 21
1167 37
1168 31
1169 26
1170 34
1171 31
1172 34
1173 28
1174 31
1175 30
1176 26
1177 36
1178 24
1179 24
1180 26
1181 32
1182 26
1183 27
1184 44
1185 25
1186 25
1187 31
1188 34
1189 32
1190 22
1191 28
1192 26
1193 34
1194 38
1195 21
1196 28
1197 29
1198 38
1199 37
1200 30
1201 32
1202 31
1203 25
1204 28
1205 24
1206 32
1207 30
1208 28
1209 24
1210 28
1211 31
1212 40
1213 28
1214 31
1215 22
1216 24
1217 23
1218 32
1219 18
1220 25
1221 25
1222 29
1223 31
1224 33
1225 28
1226 29
1227 24
1228 27
1229 18
1230 26
1231 40
1232 25
1233 25
1234 36
1235 29
1236 32
1237 29
1238 27
1239 21
1240 28
1241 27
1242 24
1243 29
1244 24
1245 20
1246 24
1247 25
1248 31
1249 31
1250 20
1251 27
1252 22
1253 29
1254 26
1255 24
1256 26
1257 30
1258 22
1259 38
1260 25
1261 25
1262 23
1263 33
1264 30
1265 22
1266 19
1267 30
1268 31
1269 32
1270 25
1271 30
1272 23
1273 19
1274 23
1275 31
1276 20
1277 20
1278 15
1279 25
1280 14
1281 21
1282 24
1283 23
1284 20
1285 32
1286 26
1287 23
1288 21
1289 26
1290 27
1291 16
1292 28
1293 21
1294 23
1295 25
1296 23
1297 23
1298 16
1299 29
1300 24
1301 23
1302 19
1303 27
1304 21
1305 15
1306 15
1307 22
1308 17
1309 24
1310 23
1311 29
1312 24
1313 12
1314 25
1315 14
1316 25
1317 18
1318 24
1319 20
1320 18
1321 27
1322 25
1323 22
1324 17
1325 23
1326 18
1327 23
1328 21
1329 28
1330 28
1331 25
1332 21
1333 20
1334 25
1335 20
1336 15
1337 27
1338 18
1339 20
1340 16
1341 19
1342 16
1343 12
1344 23
1345 22
1346 26
1347 12
1348 16
1349 18
1350 20
1351 19
1352 24
1353 7
1354 19
1355 21
1356 21
1357 19
1358 20
1359 11
1360 15
1361 17
1362 18
1363 16
1364 21
1365 22
1366 22
1367 22
1368 25
1369 18
1370 14
1371 21
1372 23
1373 34
1374 27
1375 13
1376 28
1377 20
1378 9
1379 25
1380 20
1381 24
1382 27
1383 9
1384 13
1385 17
1386 20
1387 24
1388 19
1389 17
1390 18
1391 18
1392 12
1393 23
1394 18
1395 14
1396 21
1397 23
1398 17
1399 27
1400 15
1401 16
1402 17
1403 20
1404 17
1405 19
1406 18
1407 13
1408 23
1409 12
1410 20
1411 14
1412 17
1413 21
1414 14
1415 6
1416 14
1417 16
1418 18
1419 22
1420 16
1421 13
1422 18
1423 20
1424 18
1425 18
1426 18
1427 22
1428 20
1429 15
1430 23
1431 15
1432 19
1433 22
1434 15
1435 24
1436 18
1437 20
1438 21
1439 13
1440 18
1441 20
1442 15
1443 15
1444 17
1445 21
1446 20
1447 25
1448 16
1449 18
1450 10
1451 16
1452 18
1453 16
1454 15
1455 16
1456 13
1457 10
1458 18
1459 7
1460 13
1461 13
1462 14
1463 17
1464 14
1465 15
1466 22
1467 9
1468 14
1469 17
1470 15
1471 20
1472 9
1473 12
1474 18
1475 5
1476 13
1477 8
1478 18
1479 17
1480 18
1481 22
1482 14
1483 17
1484 11
1485 17
1486 17
1487 22
1488 18
1489 17
1490 14
1491 12
1492 13
1493 21
1494 15
1495 12
1496 9
1497 14
1498 14
1499 13
1500 13
1501 13
1502 14
1503 19
1504 15
1505 20
1506 21
1507 14
1508 21
1509 8
1510 10
1511 11
1512 10
1513 18
1514 6
1515 14
1516 12
1517 11
1518 15
1519 8
1520 14
1521 11
1522 10
1523 12
1524 10
1525 10
1526 16
1527 11
1528 15
1529 11
1530 12
1531 16
1532 17
1533 13
1534 15
1535 16
1536 11
1537 14
1538 14
1539 18
1540 19
1541 13
1542 19
1543 11
1544 15
1545 16
1546 13
1547 18
1548 12
1549 14
1550 13
1551 11
1552 20
1553 12
1554 12
1555 16
1556 13
1557 18
1558 20
1559 12
1560 13
1561 7
1562 11
1563 14
1564 18
1565 10
1566 16
1567 10
1568 11
1569 12
1570 17
1571 12
1572 12
1573 14
1574 15
1575 21
1576 11
1577 11
1578 10
1579 15
1580 14
1581 17
1582 7
1583 15
1584 15
1585 9
1586 16
1587 15
1588 15
1589 14
1590 9
1591 17
1592 15
1593 10
1594 9
1595 18
1596 6
1597 9
1598 9
1599 10
1600 11
1601 8
1602 10
1603 19
1604 18
1605 8
1606 10
1607 11
1608 9
1609 13
1610 11
1611 8
1612 17
1613 19
1614 11
1615 8
1616 10
1617 8
1618 16
1619 20
1620 15
1621 13
1622 15
1623 11
1624 16
1625 5
1626 12
1627 10
1628 12
1629 17
1630 12
1631 9
1632 12
1633 11
1634 5
1635 10
1636 9
1637 7
1638 14
1639 13
1640 15
1641 8
1642 12
1643 17
1644 15
1645 14
1646 12
1647 21
1648 11
1649 7
1650 10
1651 7
1652 12
1653 12
1654 11
1655 20
1656 10
1657 10
1658 14
1659 10
1660 8
1661 10
1662 7
1663 9
1664 5
1665 14
1666 11
1667 13
1668 13
1669 8
1670 9
1671 6
1672 7
1673 9
1674 7
1675 11
1676 7
1677 7
1678 18
1679 12
1680 15
1681 12
1682 10
1683 8
1684 6
1685 16
1686 9
1687 15
1688 7
1689 12
1690 7
1691 9
1692 5
1693 6
1694 16
1695 12
1696 8
1697 5
1698 13
1699 15
1700 11
1701 16
1702 12
1703 13
1704 11
1705 9
1706 9
1707 11
1708 7
1709 9
1710 13
1711 5
1712 4
1713 9
1714 7
1715 12
1716 4
1717 2
1718 13
1719 4
1720 9
1721 8
1722 7
1723 12
1724 8
1725 9
1726 3
1727 11
1728 5
1729 12
1730 7
1731 7
1732 5
1733 11
1734 7
1735 7
1736 11
1737 10
1738 10
1739 7
1740 8
1741 8
1742 15
1743 6
1744 4
1745 12
1746 9
1747 7
1748 7
1749 8
1750 5
1751 10
1752 7
1753 7
1754 8
1755 15
1756 8
1757 5
1758 9
1759 7
1760 10
1761 7
1762 11
1763 13
1764 8
1765 7
1766 6
1767 12
1768 7
1769 7
1770 6
1771 8
1772 8
1773 10
1774 14
1775 7
1776 9
1777 5
1778 16
1779 11
1780 9
1781 10
1782 16
1783 8
1784 1
1785 9
1786 7
1787 9
1788 8
1789 13
1790 5
1791 8
1792 11
1793 9
1794 6
1795 10
1796 9
1797 5
1798 3
1799 7
1800 9
1801 9
1802 9
1803 4
1804 7
1805 9
1806 6
1807 8
1808 7
1809 11
1810 7
1811 8
1812 4
1813 8
1814 11
1815 5
1816 9
1817 11
1818 6
1819 6
1820 6
1821 9
1822 15
1823 3
1824 8
1825 9
1826 9
1827 5
1828 7
1829 9
1830 9
1831 6
1832 9
1833 13
1834 11
1835 6
1836 3
1837 9
1838 8
1839 9
1840 6
1841 8
1842 11
1843 10
1844 2
1845 7
1846 9
1847 6
1848 7
1849 6
1850 7
1851 4
1852 2
1853 11
1854 13
1855 6
1856 6
1857 8
1858 7
1859 14
1860 6
1861 4
1862 5
1863 4
1864 7
1865 7
1866 8
1867 7
1868 8
1869 11
1870 5
1871 10
1872 8
1873 10
1874 7
1875 7
1876 7
1877 6
1878 8
1879 4
1880 6
1881 5
1882 7
1883 11
1884 1
1885 13
1886 13
1887 5
1888 6
1889 5
1890 7
1891 5
1892 4
1893 10
1894 11
1895 13
1896 8
1897 10
1898 5
1899 3
1900 11
1901 12
1902 11
1903 7
1904 8
1905 11
1906 10
1907 3
1908 7
1909 5
1910 8
1911 7
1912 8
1913 7
1914 6
1915 5
1916 7
1917 13
1918 6
1919 5
1920 5
1921 4
1922 7
1923 7
1924 5
1925 7
1926 4
1927 2
1928 5
1929 4
1930 6
1931 7
1932 7
1933 11
1934 10
1935 9
1936 3
1937 4
1938 2
1939 3
1940 10
1941 7
1942 6
1943 5
1944 5
1945 8
1946 2
1947 2
1948 6
1949 4
1950 7
1951 5
1952 6
1953 2
1954 3
1955 8
1956 4
1957 5
1958 2
1959 1
1960 6
1961 10
1962 5
1963 7
1964 4
1965 6
1966 6
1967 4
1968 6
1969 6
1970 4
1971 2
1972 9
1973 7
1974 8
1975 1
1976 6
1977 8
1978 8
1979 7
1980 4
1981 6
1982 7
1983 7
1984 9
1985 9
1986 5
1987 3
1988 7
1989 9
1990 6
1991 7
1992 5
1993 3
1994 6
1995 6
1996 8
1997 6
1998 7
1999 3
2000 10
2001 6
2002 4
2003 7
2004 3
2005 8
2006 6
2007 6
2008 5
2009 1
2010 10
2011 4
2012 2
2013 8
2014 7
2015 7
2016 5
2017 8
2018 6
2019 7
2020 12
2021 1
2022 3
2023 4
2024 9
2025 3
2026 6
2027 7
2028 7
2029 6
2030 8
2031 6
2032 5
2033 4
2034 7
2035 8
2036 7
2037 6
2038 7
2039 4
2040 6
2041 6
2042 4
2043 6
2044 6
2045 5
2046 8
2047 4
2048 8
2049 5
2050 5
2051 6
2052 7
2053 2
2054 6
2055 6
2056 2
2057 4
2058 5
2059 5
2060 8
2061 3
2062 6
2063 7
2064 8
2065 2
2066 3
2067 3
2068 5
2069 4
2070 5
2071 12
2072 5
2073 3
2074 10
2075 7
2076 2
2077 4
2078 5
2079 5
2080 6
2081 5
2082 3
2083 5
2084 6
2085 10
2086 4
2087 7
2088 6
2089 3
2090 10
2091 6
2092 5
2093 4
2094 3
2095 3
2096 3
2097 7
2098 5
2099 6
2100 7
2101 4
2102 4
2103 3
2104 6
2105 2
2106 5
2107 6
2108 11
2109 2
2110 5
2111 6
2112 5
2113 6
2114 3
2115 7
2116 1
2117 2
2118 4
2119 4
2120 5
2121 4
2122 6
2123 10
2124 2
2125 4
2126 8
2127 7
2128 5
2129 4
2130 5
2131 3
2132 7
2133 6
2134 4
2135 2
2136 3
2137 2
2138 6
2139 1
2140 2
2141 9
2142 9
2143 3
2144 1
2145 7
2146 2
2147 4
2148 1
2149 5
2150 3
2151 4
2152 9
2153 2
2154 5
2155 4
2156 1
2157 7
2158 4
2159 5
2160 4
2161 3
2162 5
2163 4
2164 2
2165 5
2166 2
2167 8
2168 6
2169 5
2170 7
2171 3
2172 6
2173 8
2174 5
2175 2
2176 1
2177 4
2178 5
2179 3
2180 3
2181 1
2182 3
2183 4
2184 7
2185 7
2186 5
2187 5
2188 1
2189 5
2190 4
2191 2
2192 2
2193 10
2194 3
2195 9
2196 6
2197 5
2198 1
2199 3
2200 3
2201 4
2202 3
2204 4
2205 2
2206 4
2207 1
2208 7
2209 3
2210 6
2211 4
2212 4
2213 2
2214 7
2215 8
2216 7
2217 5
2218 6
2219 2
2220 6
2221 2
2222 3
2223 1
2224 2
2225 3
2226 5
2227 1
2228 4
2229 2
2230 4
2231 4
2232 5
2234 6
2235 6
2236 9
2237 7
2238 5
2239 2
2240 4
2241 7
2242 2
2243 5
2244 4
2245 3
2246 3
2247 2
2248 5
2249 3
2250 5
2252 3
2253 2
2254 6
2255 3
2256 7
2257 4
2258 2
2259 5
2260 4
2261 7
2262 7
2263 5
2264 4
2265 5
2266 2
2267 6
2268 5
2269 4
2270 1
2271 3
2272 8
2273 6
2274 3
2275 3
2276 6
2277 4
2278 3
2279 2
2280 4
2281 2
2282 8
2283 4
2284 5
2285 3
2286 4
2287 4
2288 3
2289 6
2290 4
2291 3
2292 2
2293 3
2294 4
2295 5
2296 4
2297 2
2298 6
2299 2
2300 2
2301 1
2302 4
2303 7
2304 4
2305 4
2306 1
2307 3
2308 7
2309 3
2310 1
2311 5
2312 6
2313 5
2314 3
2315 4
2316 1
2317 2
2318 1
2319 3
2320 2
2321 1
2322 6
2323 1
2324 1
2325 6
2326 2
2327 3
2328 3
2329 1
2330 2
2331 5
2332 3
2333 2
2334 1
2335 1
2336 2
2337 6
2338 6
2339 2
2340 1
2341 7
2342 3
2343 2
2344 6
2345 3
2346 1
2347 4
2348 2
2349 1
2350 3
2351 2
2352 7
2353 3
2354 3
2355 5
2356 3
2357 1
2358 4
2359 3
2360 1
2361 1
2362 5
2363 1
2364 8
2365 4
2366 3
2367 3
2368 3
2369 4
2370 2
2371 2
2372 4
2373 5
2374 2
2375 6
2376 4
2377 5
2378 2
2379 1
2380 2
2381 3
2382 4
2383 2
2384 2
2385 2
2386 4
2387 1
2388 3
2389 6
2390 3
2391 3
2392 5
2393 2
2394 7
2395 3
2396 3
2397 5
2398 2
2399 4
2401 6
2402 4
2403 2
2404 3
2405 4
2406 3
2407 3
2408 6
2409 2
2410 1
2411 1
2412 4
2413 4
2414 3
2415 5
2416 1
2417 3
2418 3
2419 3
2421 1
2422 1
2423 3
2424 8
2425 2
2426 4
2428 2
2429 6
2430 1
2431 5
2432 2
2433 4
2434 1
2435 3
2436 5
2437 4
2438 1
2439 5
2440 1
2441 1
2442 2
2443 3
2444 4
2445 4
2446 4
2448 2
2449 2
2450 2
2451 2
2453 1
2454 5
2455 5
2456 1
2457 4
2458 2
2459 1
2460 7
2461 4
2462 1
2463 3
2464 1
2466 1
2467 2
2468 1
2469 2
2470 2
2471 6
2472 2
2473 4
2474 6
2475 2
2477 4
2478 5
2479 4
2480 5
2481 2
2482 2
2483 4
2484 2
2485 3
2486 5
2487 2
2488 3
2489 4
2490 5
2491 4
2492 4
2493 4
2494 2
2495 1
2496 4
2497 1
2498 1
2499 4
2500 1
2501 2
2502 2
2503 3
2505 5
2507 3
2508 3
2509 2
2511 5
2512 2
2513 4
2514 5
2515 3
2516 2
2517 1
2518 6
2519 3
2520 2
2521 2
2522 4
2523 1
2524 3
2525 2
2526 4
2527 1
2528 2
2531 1
2532 4
2533 2
2534 3
2535 6
2536 2
2537 2
2538 2
2539 5
2540 2
2541 1
2542 4
2543 2
2544 3
2545 3
2546 1
2548 2
2549 2
2550 3
2551 5
2552 2
2554 1
2555 2
2556 2
2557 1
2558 4
2559 2
2560 2
2561 3
2562 2
2563 3
2564 4
2565 2
2566 3
2567 1
2568 1
2569 4
2570 5
2571 2
2573 2
2574 4
2575 4
2576 2
2577 1
2578 1
2579 4
2580 1
2581 3
2582 2
2585 4
2586 3
2587 4
2588 5
2589 2
2590 1
2591 2
2592 2
2593 4
2594 3
2595 2
2596 3
2597 4
2598 2
2600 2
2601 5
2602 2
2603 2
2604 2
2605 1
2606 1
2607 4
2608 1
2609 1
2610 3
2611 3
2612 3
2613 3
2614 5
2615 2
2617 3
2618 2
2619 4
2620 4
2621 1
2622 3
2623 3
2624 2
2625 1
2626 5
2627 2
2628 2
2629 1
2630 5
2632 2
2633 2
2634 3
2635 3
2636 4
2637 4
2638 4
2639 3
2640 1
2642 3
2643 1
2644 4
2645 7
2646 2
2648 2
2649 1
2650 3
2651 4
2652 3
2654 1
2655 3
2656 2
2657 1
2658 3
2659 3
2660 5
2661 3
2662 4
2663 2
2664 1
2665 1
2666 5
2667 3
2669 2
2670 2
2671 2
2672 8
2673 2
2674 3
2675 2
2676 3
2678 2
2679 3
2680 3
2681 1
2682 4
2684 2
2686 3
2687 2
2688 3
2689 2
2690 2
2691 1
2692 1
2693 2
2694 1
2695 2
2696 4
2697 2
2698 1
2699 9
2700 1
2701 1
2702 2
2704 1
2705 1
2706 3
2707 2
2710 2
2711 4
2712 2
2713 4
2714 4
2715 2
2716 4
2717 1
2718 2
2719 1
2720 5
2721 1
2723 2
2724 1
2725 4
2726 2
2727 1
2728 4
2729 5
2730 2
2732 5
2733 3
2734 5
2735 3
2736 2
2737 2
2739 1
2740 2
2741 1
2742 4
2743 1
2744 2
2745 1
2746 1
2747 1
2748 3
2749 1
2750 3
2751 1
2752 1
2753 1
2754 4
2755 4
2756 1
2757 2
2758 1
2759 5
2761 1
2762 1
2763 1
2764 1
2765 2
2766 2
2767 2
2768 1
2769 2
2770 3
2771 1
2772 1
2775 2
2776 3
2777 1
2778 2
2779 2
2780 2
2781 2
2782 2
2783 2
2785 4
2787 1
2789 1
2790 2
2791 1
2792 3
2793 1
2794 2
2795 2
2796 2
2798 2
2799 1
2801 3
2803 2
2804 2
2805 3
2806 1
2807 1
2808 2
2809 1
2810 3
2811 1
2813 2
2814 3
2815 2
2817 2
2818 2
2819 2
2820 2
2821 2
2823 6
2824 3
2826 1
2827 1
2830 2
2831 1
2832 3
2833 3
2834 2
2835 1
2836 4
2837 2
2840 1
2841 1
2842 1
2843 1
2845 6
2847 1
2848 3
2849 3
2850 3
2851 3
2852 1
2854 1
2855 1
2856 3
2857 3
2858 1
2859 3
2861 1
2862 1
2863 5
2864 1
2865 2
2866 3
2867 3
2869 1
2871 1
2873 2
2874 3
2875 1
2876 3
2877 1
2878 3
2879 4
2880 1
2881 2
2883 1
2884 1
2885 1
2886 1
2889 1
2890 2
2892 2
2893 2
2895 2
2896 1
2897 2
2899 2
2901 4
2902 1
2903 1
2904 1
2905 3
2908 2
2909 1
2910 1
2911 1
2912 4
2913 4
2914 1
2915 1
2916 2
2917 2
2918 1
2919 1
2921 2
2923 1
2924 2
2925 4
2926 1
2927 2
2928 3
2929 2
2930 1
2931 2
2932 2
2934 2
2935 2
2936 2
2937 2
2941 1
2942 2
2943 4
2945 3
2946 2
2947 1
2948 1
2949 1
2950 1
2951 3
2952 2
2953 2
2954 2
2955 1
2956 1
2958 3
2959 1
2960 2
2961 2
2962 2
2964 3
2965 2
2966 1
2968 4
2969 2
2970 2
2971 2
2972 1
2973 1
2974 2
2975 1
2977 5
2978 1
2979 4
2980 2
2981 1
2982 3
2984 3
2985 1
2986 1
2988 4
2989 1
2990 1
2991 2
2992 1
2993 2
2994 2
2996 2
2997 3
2999 2
3000 2
3002 3
3004 2
3005 2
3006 1
3008 1
3012 1
3013 4
3014 1
3015 1
3016 2
3017 1
3018 1
3019 3
3020 2
3021 2
3022 2
3023 1
3025 2
3027 2
3028 4
3029 2
3031 1
3032 5
3033 1
3034 1
3036 1
3037 1
3038 3
3039 1
3040 2
3041 2
3042 1
3043 2
3044 2
3047 2
3048 3
3050 5
3051 1
3052 4
3053 4
3054 1
3056 2
3058 1
3059 5
3061 2
3062 2
3063 2
3066 6
3067 5
3068 1
3069 1
3070 1
3073 1
3074 1
3076 3
3078 3
3079 1
3080 3
3082 3
3083 1
3085 1
3086 1
3087 1
3088 6
3089 3
3090 3
3091 2
3092 2
3094 5
3095 1
3097 2
3098 2
3099 2
3100 1
3101 2
3102 1
3105 1
3107 4
3108 1
3111 3
3112 3
3113 2
3117 3
3118 1
3119 2
3121 2
3122 1
3123 2
3124 2
3125 1
3126 6
3127 2
3130 1
3131 1
3132 3
3134 1
3137 3
3138 3
3139 1
3140 3
3144 1
3145 1
3146 1
3147 3
3149 2
3151 1
3152 2
3153 4
3155 1
3156 1
3158 2
3159 3
3160 1
3161 1
3162 1
3164 2
3165 2
3166 1
3168 1
3170 2
3171 1
3172 2
3174 2
3175 1
3176 2
3177 2
3178 2
3179 1
3180 1
3182 2
3183 1
3184 2
3185 1
3186 1
3187 1
3188 1
3189 3
3193 1
3194 1
3195 2
3196 1
3199 1
3200 1
3201 1
3202 3
3203 1
3204 2
3205 1
3206 1
3207 1
3208 2
3209 3
3210 1
3211 4
3212 2
3213 2
3214 3
3215 3
3217 2
3219 1
3221 1
3225 1
3226 2
3227 2
3229 1
3230 1
3231 3
3232 3
3233 1
3234 2
3236 1
3237 1
3238 1
3239 2
3241 1
3243 1
3245 1
3248 2
3250 1
3251 1
3252 1
3253 4
3254 4
3255 2
3256 4
3257 2
3258 2
3259 2
3260 1
3262 2
3263 1
3264 1
3265 1
3266 2
3267 1
3268 3
3270 1
3271 1
3272 1
3274 1
3275 1
3276 3
3277 1
3278 1
3279 1
3281 1
3282 2
3283 1
3284 2
3287 1
3288 1
3289 1
3290 1
3292 1
3295 2
3297 1
3298 1
3300 1
3301 4
3302 1
3303 1
3306 1
3307 2
3308 2
3309 2
3310 2
3311 1
3312 2
3314 1
3315 2
3316 2
3317 1
3318 1
3319 2
3320 2
3321 2
3324 1
3325 1
3327 2
3328 1
3329 1
3330 3
3331 1
3332 1
3333 1
3338 2
3340 1
3341 1
3342 1
3344 1
3345 1
3346 1
3347 4
3348 1
3349 1
3351 3
3352 1
3353 1
3354 1
3356 4
3357 2
3359 2
3360 1
3361 2
3363 2
3367 3
3368 1
3369 1
3370 4
3372 1
3374 1
3375 2
3377 2
3378 2
3381 3
3383 1
3384 4
3385 1
3388 1
3390 2
3392 4
3393 1
3394 1
3395 1
3397 3
3398 2
3402 2
3404 2
3405 1
3406 1
3409 2
3410 2
3412 2
3414 1
3416 1
3418 2
3421 2
3422 1
3423 1
3424 3
3425 1
3426 2
3428 1
3429 1
3430 2
3431 1
3432 1
3433 1
3434 2
3435 2
3436 1
3438 1
3444 4
3445 1
3446 1
3447 2
3448 3
3449 2
3454 1
3455 1
3457 2
3459 2
3460 1
3461 1
3462 2
3465 1
3466 1
3469 2
3470 2
3471 1
3472 2
3473 1
3475 1
3476 1
3478 1
3480 1
3482 1
3483 3
3484 1
3485 2
3486 1
3487 3
3489 1
3490 1
3491 1
3494 1
3496 1
3497 1
3498 2
3499 3
3500 1
3503 3
3506 2
3510 1
3512 1
3513 1
3514 2
3515 1
3516 1
3517 1
3520 1
3522 3
3523 2
3525 2
3527 1
3529 1
3531 1
3532 1
3534 1
3536 1
3538 1
3539 2
3541 2
3545 1
3546 1
3547 3
3548 2
3549 1
3550 1
3552 1
3554 1
3556 1
3559 1
3560 1
3564 1
3565 2
3566 3
3569 1
3571 1
3572 2
3573 1
3574 2
3576 1
3577 1
3580 1
3581 3
3582 2
3586 2
3591 1
3592 1
3593 2
3594 1
3595 1
3597 1
3598 2
3600 1
3601 1
3606 4
3607 2
3608 3
3610 1
3612 1
3613 3
3614 2
3616 2
3617 1
3619 3
3620 1
3621 1
3623 1
3624 1
3627 3
3628 1
3629 1
3630 1
3631 1
3632 1
3633 1
3634 2
3635 1
3636 3
3638 2
3640 2
3644 2
3645 1
3647 3
3650 1
3651 1
3652 1
3653 2
3654 1
3655 1
3657 1
3659 1
3661 4
3662 2
3668 1
3669 1
3670 1
3672 2
3673 1
3675 2
3678 3
3679 1
3680 1
3681 1
3683 2
3684 1
3685 2
3688 1
3689 2
3691 1
3692 1
3693 2
3694 1
3695 1
3696 1
3697 1
3699 1
3700 1
3701 2
3705 1
3706 1
3707 1
3708 1
3709 1
3716 1
3720 2
3721 1
3723 1
3724 1
3726 2
3727 3
3734 2
3736 1
3740 2
3741 2
3742 1
3748 1
3749 3
3750 1
3752 1
3753 2
3754 1
3755 1
3758 1
3762 1
3763 1
3765 3
3768 1
3769 1
3770 3
3771 1
3774 1
3775 1
3778 1
3779 1
3783 1
3785 1
3788 3
3790 1
3791 1
3793 1
3796 1
3797 1
3798 1
3801 1
3803 2
3807 2
3808 1
3809 1
3811 1
3813 1
3815 1
3817 1
3823 1
3825 1
3826 1
3827 3
3828 3
3829 3
3831 1
3832 2
3834 2
3837 1
3839 1
3840 1
3841 1
3843 1
3845 1
3847 1
3855 2
3856 1
3857 1
3858 3
3860 2
3862 1
3863 1
3864 3
3867 1
3871 1
3872 1
3877 1
3879 2
3880 1
3884 1
3887 1
3892 1
3897 1
3899 1
3900 1
3901 3
3904 3
3906 2
3907 2
3908 2
3910 1
3913 2
3915 1
3916 1
3918 1
3920 2
3921 1
3923 1
3924 2
3926 1
3927 1
3928 1
3930 1
3933 2
3934 1
3935 2
3937 3
3938 2
3939 2
3940 1
3942 1
3943 1
3945 1
3947 1
3949 1
3951 1
3954 1
3957 2
3962 1
3963 1
3965 1
3970 1
3971 1
3972 1
3973 1
3974 2
3975 1
3978 2
3982 1
3990 1
3992 1
3993 1
3995 2
3998 1
3999 2
4004 1
4005 1
4006 2
4007 2
4011 3
4014 1
4016 1
4018 1
4023 1
4026 2
4027 1
4028 1
4030 1
4032 1
4033 2
4041 2
4042 3
4043 2
4048 1
4049 1
4052 1
4053 2
4055 2
4056 1
4057 1
4058 1
4063 2
4066 3
4072 1
4073 2
4076 1
4079 1
4083 2
4087 1
4089 1
4093 1
4094 1
4097 2
4099 1
4100 2
4104 1
4107 1
4108 1
4109 3
4110 1
4111 1
4113 1
4114 2
4117 1
4118 2
4119 3
4122 1
4125 1
4126 3
4139 1
4144 1
4148 2
4149 1
4150 1
4151 1
4152 1
4154 1
4162 2
4163 1
4164 2
4165 2
4166 2
4168 1
4169 1
4171 1
4172 1
4175 1
4176 1
4182 1
4185 1
4186 1
4189 1
4194 1
4197 1
4198 2
4199 1
4204 1
4205 2
4206 1
4207 1
4208 2
4210 1
4213 2
4214 2
4215 2
4217 1
4219 1
4221 2
4222 1
4224 1
4232 1
4235 2
4238 3
4240 2
4242 3
4245 1
4247 1
4252 2
4254 1
4256 2
4257 1
4259 1
4266 1
4268 2
4269 3
4270 1
4271 1
4275 2
4277 1
4279 1
4280 1
4285 1
4288 1
4291 1
4295 2
4296 1
4298 2
4299 1
4302 1
4303 2
4304 2
4305 1
4306 1
4308 2
4309 1
4316 1
4317 1
4323 1
4324 1
4327 1
4330 1
4332 2
4334 1
4335 1
4336 1
4338 1
4341 3
4343 1
4346 1
4347 1
4350 1
4352 1
4355 1
4360 2
4361 1
4362 1
4367 1
4371 2
4372 1
4379 1
4381 1
4382 1
4387 1
4388 1
4389 1
4391 1
4394 2
4395 1
4396 2
4403 1
4408 1
4415 1
4420 1
4421 1
4422 1
4423 1
4424 2
4428 4
4429 2
4432 1
4435 3
4436 2
4439 1
4440 1
4442 1
4444 1
4445 1
4446 1
4448 1
4449 1
4451 2
4455 1
4456 2
4457 3
4459 1
4460 1
4462 1
4464 1
4465 1
4472 1
4477 1
4481 2
4483 2
4487 1
4488 1
4489 1
4494 1
4495 4
4496 1
4497 1
4499 1
4500 1
4502 1
4506 3
4508 2
4509 2
4513 1
4514 1
4515 1
4517 2
4521 1
4522 1
4527 1
4533 1
4534 1
4535 1
4538 3
4541 2
4542 1
4546 2
4550 3
4552 1
4555 1
4559 1
4560 1
4561 2
4562 1
4566 1
4567 1
4568 1
4569 1
4572 2
4574 1
4575 1
4579 1
4581 1
4582 1
4586 1
4588 1
4589 1
4590 1
4593 1
4599 1
4600 1
4601 1
4605 3
4609 1
4612 1
4614 2
4615 1
4618 1
4633 1
4634 1
4638 1
4646 1
4647 1
4648 1
4651 2
4657 1
4662 1
4665 1
4666 1
4667 1
4668 1
4669 1
4672 1
4673 1
4675 1
4676 1
4677 1
4679 1
4682 1
4684 1
4693 1
4696 1
4697 1
4701 1
4705 1
4707 1
4709 1
4719 1
4720 1
4728 2
4734 1
4744 1
4747 1
4750 1
4754 3
4756 1
4759 1
4765 1
4771 1
4772 2
4773 1
4774 1
4775 2
4776 2
4779 1
4780 1
4784 1
4791 1
4794 1
4795 2
4801 1
4804 1
4807 1
4817 1
4818 1
4821 1
4825 1
4828 1
4830 1
4832 1
4834 2
4835 1
4836 1
4841 1
4843 2
4844 1
4848 1
4849 1
4859 1
4860 1
4863 1
4867 1
4870 1
4873 2
4879 1
4880 1
4885 3
4905 1
4907 1
4908 1
4910 1
4913 1
4914 1
4915 1
4919 1
4921 1
4924 1
4925 1
4926 1
4930 2
4935 1
4939 2
4941 1
4943 1
4949 1
4950 1
4951 1
4952 1
4957 1
4958 1
4959 1
4960 1
4961 1
4962 1
4968 1
4969 1
4971 1
4976 1
4979 1
4984 1
4985 1
4986 1
4988 1
4989 1
4996 1
5000 1
5002 1
5003 1
5005 2
5007 1
5008 1
5009 1
5011 1
5013 1
5016 1
5022 1
5023 2
5025 1
5026 3
5032 1
5033 3
5035 1
5037 1
5039 1
5041 1
5042 2
5046 1
5049 1
5054 2
5057 1
5060 1
5066 1
5070 1
5073 1
5074 1
5079 1
5084 1
5097 1
5098 1
5100 1
5106 1
5108 1
5109 1
5113 1
5115 1
5120 1
5121 2
5122 1
5124 1
5128 1
5130 1
5132 2
5135 1
5137 1
5140 4
5141 2
5143 2
5146 1
5149 1
5151 2
5159 1
5163 1
5165 1
5167 1
5174 1
5177 2
5179 1
5180 1
5182 2
5184 1
5185 1
5188 1
5193 1
5195 1
5198 2
5200 1
5201 1
5204 1
5209 1
5211 1
5212 1
5215 2
5216 1
5220 1
5223 1
5226 1
5227 1
5233 1
5234 1
5235 1
5241 1
5242 1
5248 1
5251 1
5255 2
5256 1
5259 1
5260 1
5262 1
5263 1
5265 1
5276 1
5282 2
5285 2
5288 1
5289 1
5296 2
5299 1
5306 1
5307 1
5310 2
5314 1
5316 1
5321 2
5322 1
5327 1
5328 1
5329 1
5331 1
5335 1
5337 1
5340 2
5350 1
5354 1
5358 1
5363 1
5367 1
5373 1
5376 1
5380 1
5383 1
5389 1
5393 1
5396 1
5400 2
5402 1
5405 2
5409 2
5411 1
5412 1
5414 1
5415 1
5418 1
5427 1
5430 1
5432 1
5433 1
5438 1
5442 2
5445 1
5447 1
5448 1
5453 2
5455 1
5461 2
5462 2
5463 1
5469 1
5472 1
5479 1
5485 1
5487 2
5490 1
5492 1
5493 1
5495 1
5496 1
5497 1
5508 2
5510 1
5514 1
5522 1
5525 1
5526 1
5534 1
5538 1
5544 1
5546 1
5548 1
5549 1
5550 1
5551 1
5562 1
5569 1
5574 1
5580 1
5586 1
5597 1
5598 3
5605 1
5626 1
5629 1
5631 1
5632 1
5645 1
5651 2
5656 1
5668 2
5671 1
5674 1
5680 1
5688 1
5690 1
5691 1
5692 1
5705 1
5706 1
5709 1
5711 2
5712 1
5716 1
5719 1
5720 1
5721 1
5723 1
5724 1
5728 2
5730 1
5734 1
5735 1
5742 1
5743 2
5744 1
5745 1
5748 1
5754 1
5756 1
5759 1
5762 1
5768 1
5775 2
5788 1
5791 2
5793 1
5808 1
5809 1
5813 1
5816 1
5823 1
5826 1
5828 1
5829 2
5831 1
5845 1
5846 1
5849 1
5851 1
5856 1
5857 1
5861 1
5862 1
5865 1
5866 2
5871 2
5874 2
5875 1
5877 1
5878 1
5879 2
5881 1
5886 3
5891 1
5893 1
5896 1
5898 1
5901 1
5904 1
5909 1
5917 2
5918 1
5920 1
5926 1
5927 1
5934 1
5937 1
5939 1
5941 1
5942 2
5943 1
5947 1
5949 1
5962 3
5963 1
5970 1
5971 2
5978 1
5979 1
5984 1
5988 2
5991 1
5995 1
5998 1
6000 1
6013 1
6019 1
6029 2
6034 1
6035 1
6036 2
6040 1
6042 1
6049 1
6061 1
6064 1
6069 1
6071 1
6074 2
6078 1
6085 1
6086 1
6087 1
6088 1
6089 1
6090 1
6096 2
6099 1
6101 1
6102 1
6104 1
6106 3
6107 1
6110 1
6111 1
6116 1
6124 1
6126 1
6127 1
6130 1
6131 1
6132 1
6136 1
6141 1
6161 1
6166 1
6168 1
6179 1
6181 1
6183 2
6186 1
6190 1
6197 1
6204 1
6206 1
6209 1
6210 3
6215 1
6216 1
6217 1
6218 1
6238 1
6239 1
6240 1
6251 1
6255 1
6260 1
6267 1
6271 1
6273 1
6283 1
6288 1
6293 1
6295 1
6303 1
6306 1
6311 1
6312 1
6317 1
6318 1
6327 1
6329 1
6332 1
6333 1
6341 1
6346 1
6352 1
6364 1
6367 1
6372 1
6374 1
6384 1
6386 1
6389 1
6391 2
6392 1
6397 1
6401 1
6405 1
6408 2
6416 2
6422 1
6433 1
6436 1
6441 1
6449 1
6450 1
6452 1
6455 1
6463 1
6470 1
6476 1
6486 1
6488 1
6490 1
6497 1
6500 1
6501 1
6506 1
6516 1
6519 1
6522 3
6529 1
6531 1
6534 1
6539 1
6542 1
6543 2
6547 1
6551 1
6554 1
6557 1
6560 1
6564 1
6566 1
6567 1
6571 2
6573 1
6580 2
6584 1
6586 1
6598 1
6600 2
6606 1
6609 1
6611 1
6615 1
6620 2
6624 1
6627 1
6628 1
6633 1
6634 1
6637 1
6646 3
6657 1
6669 1
6677 1
6684 1
6686 1
6689 1
6690 1
6739 1
6742 1
6747 1
6758 1
6759 3
6761 1
6762 1
6766 1
6770 1
6776 1
6779 2
6783 1
6801 1
6803 1
6805 1
6806 1
6807 1
6819 1
6820 1
6826 1
6830 2
6832 1
6834 1
6836 3
6843 1
6871 2
6872 1
6874 1
6876 1
6877 1
6885 1
6886 1
6890 1
6894 1
6901 2
6913 1
6917 1
6930 1
6932 2
6946 1
6951 1
6952 1
6953 1
6954 1
6962 2
6968 1
6969 1
6970 1
6971 1
6975 1
6976 1
6984 1
6987 1
6988 1
6991 1
7003 1
7007 1
7010 1
7015 1
7019 1
7025 1
7030 1
7031 1
7032 1
7040 1
7042 1
7045 1
7051 1
7053 1
7061 1
7062 1
7065 1
7073 1
7084 1
7087 1
7090 1
7094 1
7101 1
7106 1
7110 2
7111 1
7115 1
7131 1
7137 1
7149 1
7159 1
7165 1
7166 2
7171 1
7173 1
7176 1
7186 1
7192 1
7212 1
7213 1
7215 1
7216 1
7218 1
7219 1
7222 1
7224 1
7225 1
7231 1
7237 1
7238 1
7242 1
7243 1
7248 1
7252 1
7253 1
7255 1
7257 1
7269 1
7272 2
7275 1
7277 1
7278 1
7280 2
7282 1
7285 1
7295 1
7296 1
7300 1
7317 1
7318 1
7320 1
7323 2
7325 2
7344 2
7345 1
7346 1
7358 1
7363 1
7365 1
7372 1
7373 3
7379 1
7384 1
7395 1
7399 1
7412 1
7418 1
7429 1
7433 1
7436 1
7459 3
7467 1
7471 1
7479 1
7480 2
7485 1
7488 1
7489 1
7499 2
7503 1
7504 1
7507 1
7511 1
7525 1
7531 1
7535 1
7537 1
7538 1
7545 1
7546 2
7547 1
7553 1
7558 2
7562 1
7571 1
7572 1
7577 1
7581 1
7589 2
7610 1
7613 1
7624 1
7627 1
7635 1
7637 1
7638 1
7648 1
7653 1
7657 1
7663 1
7667 1
7690 2
7701 1
7703 1
7706 1
7711 1
7716 1
7718 1
7722 1
7724 1
7736 1
7742 1
7751 1
7761 1
7764 1
7765 1
7766 1
7768 1
7775 1
7781 1
7786 1
7788 1
7795 1
7798 1
7801 1
7803 1
7805 1
7809 1
7811 1
7825 1
7836 1
7841 1
7848 1
7859 2
7885 1
7909 1
7910 1
7918 1
7919 1
7925 1
7926 1
7930 1
7952 1
7954 2
7957 1
7958 1
7961 2
7962 1
7964 1
7965 1
7970 1
7972 1
7985 1
7986 1
7987 1
7992 1
7994 2
7998 1
8000 1
8011 1
8020 1
8023 1
8024 1
8030 1
8032 1
8034 1
8039 2
8045 2
8056 1
8060 1
8063 1
8071 1
8076 3
8080 1
8082 1
8088 1
8089 1
8104 1
8111 1
8118 1
8120 1
8124 1
8143 1
8152 1
8159 1
8162 1
8164 1
8165 1
8167 1
8172 1
8174 1
8177 1
8183 1
8184 1
8185 1
8190 1
8193 1
8195 1
8196 1
8203 1
8206 1
8213 1
8224 1
8227 1
8229 1
8231 1
8232 1
8233 2
8241 1
8251 1
8254 1
8265 2
8273 2
8282 1
8283 1
8287 1
8291 1
8298 1
8300 1
8303 1
8315 1
8322 2
8328 1
8335 1
8349 2
8351 1
8356 1
8357 2
8359 1
8363 1
8374 1
8377 1
8384 1
8386 1
8387 1
8392 1
8396 1
8397 1
8403 1
8404 1
8410 1
8411 1
8415 1
8418 1
8422 3
8427 1
8428 1
8429 1
8436 1
8437 1
8442 2
8443 1
8445 1
8447 2
8453 1
8480 2
8484 3
8489 1
8491 3
8497 1
8498 1
8505 1
8506 1
8509 1
8515 2
8516 1
8526 1
8533 1
8536 1
8540 2
8542 1
8543 1
8554 1
8561 1
8564 1
8570 1
8572 1
8573 1
8576 1
8578 1
8581 1
8590 1
8591 1
8593 1
8608 1
8611 2
8612 1
8613 1
8615 1
8625 1
8631 2
8636 1
8637 1
8645 1
8647 1
8656 1
8657 1
8660 1
8661 1
8665 1
8666 1
8668 1
8686 1
8688 1
8690 1
8694 1
8710 2
8711 1
8718 1
8722 1
8726 1
8733 1
8741 1
8745 1
8746 1
8748 1
8751 1
8758 1
8768 1
8776 1
8777 1
8786 1
8809 1
8810 1
8827 1
8830 1
8832 2
8837 1
8842 2
8845 1
8854 2
8858 1
8859 2
8871 1
8872 1
8875 1
8884 2
8886 1
8888 1
8889 1
8896 1
8901 1
8907 1
8910 1
8918 1
8926 1
8933 1
8935 1
8936 1
8939 1
8943 1
8944 1
8946 1
8947 1
8953 2
8958 1
8972 1
8973 1
8974 1
8979 1
8986 1
8987 1
8996 1
9000 1
9009 1
9020 1
9034 1
9035 1
9040 1
9041 1
9042 1
9047 1
9053 1
9056 1
9059 1
9077 1
9086 1
9095 1
9107 1
9116 1
9128 1
9129 1
9134 1
9142 1
9150 1
9151 1
9152 1
9156 1
9162 1
9173 1
9187 1
9189 1
9190 1
9213 1
9218 1
9234 1
9238 1
9243 1
9246 1
9247 1
9248 1
9249 1
9260 1
9275 1
9277 1
9281 2
9284 1
9285 1
9295 1
9297 1
9301 1
9320 1
9322 1
9325 1
9329 1
9333 1
9337 1
9362 1
9365 1
9367 1
9385 1
9389 1
9393 1
9395 1
9398 2
9401 1
9403 1
9404 2
9411 1
9416 1
9417 1
9432 1
9443 1
9447 1
9455 1
9457 2
9461 1
9465 1
9469 1
9474 1
9480 1
9491 1
9498 1
9510 1
9520 1
9530 1
9555 1
9561 1
9578 2
9584 1
9596 1
9597 2
9619 2
9627 1
9632 2
9634 1
9639 1
9643 1
9657 1
9659 1
9672 2
9678 1
9697 2
9699 1
9721 1
9724 1
9726 1
9737 1
9751 1
9759 1
9761 1
9762 1
9764 1
9766 1
9768 1
9782 1
9786 1
9789 1
9791 1
9795 1
9797 1
9812 1
9831 1
9834 1
9841 2
9848 1
9852 1
9865 1
9874 1
9876 1
9877 1
9882 1
9889 1
9900 1
9902 1
9906 1
9909 1
9915 1
9931 1
9950 1
9952 1
9956 1
9966 1
9970 1
9972 1
9983 1
9984 1
9985 1
9987 1
10009 2
10016 1
10025 1
10029 1
10041 1
10045 1
10048 1
10049 1
10050 1
10054 1
10057 1
10061 1
10078 1
10080 1
10082 1
10083 2
10092 1
10096 2
10099 1
10103 1
10106 1
10108 1
10118 1
10120 1
10130 1
10139 1
10142 2
10155 1
10156 2
10159 1
10165 1
10167 1
10168 1
10179 1
10180 1
10198 1
10208 1
10235 1
10236 1
10237 1
10247 1
10255 1
10256 1
10259 1
10260 1
10261 1
10272 1
10273 1
10280 1
10285 1
10295 1
10302 1
10319 1
10322 2
10331 1
10333 1
10336 1
10337 1
10341 1
10353 1
10375 1
10382 1
10393 1
10397 1
10424 1
10427 1
10433 1
10447 1
10455 1
10470 1
10485 1
10487 1
10494 1
10507 1
10513 1
10515 1
10517 1
10519 1
10522 2
10524 1
10526 1
10529 1
10530 1
10547 1
10550 1
10553 1
10571 1
10578 1
10579 1
10616 2
10626 2
10628 1
10633 1
10639 1
10658 1
10661 1
10665 1
10689 1
10704 1
10714 1
10717 1
10727 1
10744 1
10755 1
10784 1
10792 1
10800 1
10816 1
10819 1
10825 1
10828 1
10831 1
10860 1
10861 1
10867 1
10879 1
10896 1
10913 1
10919 1
10930 1
10935 1
10938 1
10948 1
10950 1
10966 1
10970 1
10978 1
10988 1
10993 1
11001 1
11005 1
11010 1
11029 1
11033 1
11035 1
11067 1
11087 1
11095 1
11096 1
11127 1
11131 1
11153 1
11158 2
11185 1
11186 1
11191 1
11196 1
11197 1
11220 1
11226 1
11239 1
11253 1
11260 1
11271 1
11287 1
11298 1
11346 1
11351 1
11353 1
11355 1
11366 1
11367 1
11372 1
11381 1
11401 1
11402 1
11435 1
11442 1
11446 1
11465 1
11495 1
11497 1
11498 2
11504 1
11509 1
11515 1
11525 1
11558 1
11561 2
11563 1
11587 1
11605 1
11606 1
11613 1
11622 1
11639 1
11643 1
11660 1
11689 1
11704 1
11716 1
11738 1
11775 1
11780 1
11796 1
11822 1
11823 1
11824 1
11829 1
11842 1
11845 1
11858 1
11859 1
11861 1
11863 2
11868 1
11872 1
11918 1
11965 1
11979 1
11993 1
11994 1
12000 1
12012 1
12049 1
12135 2
12151 1
12157 1
12168 1
12224 1
12275 1
12286 1
12299 1
12301 2
12306 1
12308 1
12314 1
12318 1
12346 1
12363 1
12369 1
12394 1
12447 1
12464 1
12471 1
12474 1
12513 1
12542 1
12555 1
12600 1
12612 1
12627 1
12679 1
12684 1
12710 2
12711 1
12769 1
12771 1
12804 1
12808 1
12820 1
12859 1
12865 1
12876 1
12882 1
12921 1
12995 1
12998 1
12999 1
13085 1
13140 1
13167 1
13184 1
13188 1
13207 1
13212 1
13254 1
13260 1
13283 1
13290 1
13323 1
13343 2
13378 1
13449 1
13458 1
13514 1
13550 1
13565 1
13617 1
13619 1
13633 1
13700 1
13702 1
13713 1
13733 1
13774 1
13855 1
13938 1
13965 1
14000 1
14181 1
14183 1
14235 2
14351 1
14368 1
14495 1
14534 1
14535 1
14593 1
14702 1
14793 1
14846 1
14875 1
14882 1
14965 1
14997 1
15031 1
15059 1
15063 1
15147 1
15152 1
15176 1
15285 1
15449 1
15465 1
15783 1
15899 1
16117 1
16231 1
16251 1
16271 1
16312 1
16394 1
16468 1
16774 1
16929 1
16946 1
16958 1
16963 1
17060 1
17093 1
17156 1
17186 1
17232 1
17255 1
17270 1
17342 1
17736 1
17813 1
17948 1
18061 1
18158 1
18272 1
18277 1
18299 1
18529 1
18592 1
18615 1
18930 1
19069 1
19198 1
19657 1
19890 1
20102 1
20354 1
20625 1
20800 1
20907 1
21025 1
21032 1
22290 1
22920 1
23162 1
23310 1
23733 1
24339 1
25223 1
25514 1
29519 1
29595 1
31530 1
