-413 2
-411 1
-410 12
-409 8
-408 17
-407 21
-406 35
-405 40
-404 57
-403 57
-402 55
-401 56
-400 54
-399 57
-398 58
-397 56
-396 53
-395 54
-394 70
-393 64
-392 65
-391 55
-390 51
-389 68
-388 50
-387 60
-386 51
-385 72
-384 68
-383 54
-382 60
-381 49
-380 63
-379 61
-378 65
-377 47
-376 56
-375 60
-374 52
-373 55
-372 59
-371 40
-370 55
-369 52
-368 59
-367 69
-366 61
-365 48
-364 50
-363 58
-362 61
-361 41
-360 51
-359 72
-358 56
-357 59
-356 46
-355 57
-354 54
-353 60
-352 42
-351 54
-350 46
-349 62
-348 63
-347 41
-346 51
-345 57
-344 64
-343 49
-342 45
-341 61
-340 53
-339 53
-338 46
-337 52
-336 56
-335 55
-334 45
-333 61
-332 46
-331 64
-330 48
-329 46
-328 48
-327 46
-326 55
-325 51
-324 54
-323 52
-322 57
-321 51
-320 42
-319 52
-318 54
-317 48
-316 47
-315 55
-314 66
-313 61
-312 78
-311 73
-310 78
-309 85
-308 97
-307 88
-306 96
-305 105
-304 86
-303 96
-302 108
-301 111
-300 121
-299 109
-298 131
-297 154
-296 156
-295 168
-294 160
-293 190
-292 174
-291 195
-290 211
-289 232
-288 219
-287 224
-286 242
-285 258
-284 220
-283 206
-282 244
-281 235
-280 232
-279 240
-278 236
-277 231
-276 208
-275 181
-274 185
-273 200
-272 218
-271 225
-270 209
-269 186
-268 181
-267 195
-266 193
-265 206
-264 181
-263 209
-262 202
-261 206
-260 195
-259 191
-258 172
-257 202
-256 177
-255 188
-254 163
-253 175
-252 188
-251 228
-250 192
-249 173
-248 219
-247 184
-246 191
-245 162
-244 181
-243 176
-242 183
-241 202
-240 181
-239 194
-238 195
-237 196
-236 192
-235 191
-234 188
-233 189
-232 201
-231 190
-230 224
-229 208
-228 190
-227 219
-226 214
-225 200
-224 200
-223 234
-222 206
-221 219
-220 190
-219 183
-218 203
-217 198
-216 190
-215 214
-214 199
-213 201
-212 210
-211 224
-210 238
-209 206
-208 231
-207 269
-206 309
-205 281
-204 289
-203 318
-202 320
-201 300
-200 283
-199 304
-198 325
-197 298
-196 296
-195 323
-194 284
-193 293
-192 314
-191 322
-190 313
-189 299
-188 296
-187 332
-186 311
-185 292
-184 300
-183 310
-182 283
-181 334
-180 334
-179 299
-178 287
-177 284
-176 285
-175 340
-174 284
-173 344
-172 304
-171 334
-170 304
-169 365
-168 332
-167 370
-166 364
-165 370
-164 389
-163 416
-162 371
-161 421
-160 427
-159 467
-158 440
-157 420
-156 486
-155 472
-154 511
-153 512
-152 476
-151 471
-150 543
-149 521
-148 490
-147 540
-146 506
-145 536
-144 553
-143 569
-142 535
-141 535
-140 580
-139 532
-138 598
-137 570
-136 520
-135 582
-134 553
-133 595
-132 591
-131 538
-130 601
-129 623
-128 636
-127 615
-126 646
-125 631
-124 612
-123 668
-122 635
-121 675
-120 662
-119 672
-118 701
-117 726
-116 717
-115 774
-114 764
-113 798
-112 774
-111 870
-110 773
-109 812
-108 783
-107 836
-106 797
-105 869
-104 847
-103 871
-102 891
-101 879
-100 898
-99 911
-98 935
-97 926
-96 996
-95 960
-94 940
-93 1004
-92 1023
-91 986
-90 1002
-89 1065
-88 1006
-87 1016
-86 1062
-85 1031
-84 1033
-83 1121
-82 1092
-81 1042
-80 1134
-79 1148
-78 1157
-77 1205
-76 1140
-75 1243
-74 1260
-73 1293
-72 1219
-71 1309
-70 1309
-69 1359
-68 1320
-67 1424
-66 1342
-65 1349
-64 1300
-63 1466
-62 1378
-61 1422
-60 1430
-59 1423
-58 1423
-57 1460
-56 1561
-55 1508
-54 1526
-53 1525
-52 1663
-51 1460
-50 1549
-49 1612
-48 1565
-47 1670
-46 1679
-45 1705
-44 1698
-43 1686
-42 1765
-41 1674
-40 1802
-39 1712
-38 1804
-37 1767
-36 1804
-35 1740
-34 1892
-33 1857
-32 1887
-31 1940
-30 1906
-29 2034
-28 2075
-27 2071
-26 2139
-25 2137
-24 2173
-23 2206
-22 2223
-21 2137
-20 2176
-19 2252
-18 2179
-17 2261
-16 2197
-15 2268
-14 2345
-13 2278
-12 2176
-11 2272
-10 2263
-9 2351
-8 2361
-7 2376
-6 2293
-5 2384
-4 2321
-3 2339
-2 2379
-1 2407
0 2411
1 2410
2 2446
3 2411
4 2474
5 2423
6 2567
7 2534
8 2481
9 2528
10 2472
11 2536
12 2567
13 2670
14 2577
15 2630
16 2664
17 2632
18 2728
19 2652
20 2691
21 2692
22 2638
23 2752
24 2669
25 2711
26 2676
27 2757
28 2842
29 2708
30 2732
31 2794
32 2842
33 2816
34 2850
35 2781
36 2784
37 2933
38 2837
39 2876
40 2993
41 3008
42 3025
43 3026
44 3153
45 3005
46 3014
47 3039
48 3090
49 3102
50 3117
51 3073
52 3093
53 3080
54 2933
55 3242
56 3180
57 3076
58 3277
59 3157
60 3176
61 3096
62 3147
63 3200
64 3126
65 3200
66 3140
67 3178
68 3159
69 3121
70 3160
71 3175
72 3176
73 3159
74 3256
75 3235
76 3250
77 3242
78 3171
79 3309
80 3197
81 3272
82 3241
83 3301
84 3327
85 3306
86 3312
87 3420
88 3319
89 3387
90 3461
91 3463
92 3326
93 3570
94 3559
95 3524
96 3649
97 3659
98 3692
99 3718
100 3736
101 3740
102 3725
103 3722
104 3721
105 3687
106 3636
107 3677
108 3651
109 3752
110 3675
111 3630
112 3602
113 3666
114 3686
115 3731
116 3774
117 3625
118 3813
119 3727
120 3701
121 3774
122 3700
123 3651
124 3742
125 3732
126 3763
127 3671
128 3861
129 3805
130 3806
131 3851
132 3755
133 3815
134 3815
135 3848
136 3826
137 3942
138 3859
139 3814
140 3922
141 3823
142 3881
143 3999
144 3986
145 3873
146 4055
147 4022
148 3991
149 4060
150 4088
151 4066
152 4082
153 4049
154 4020
155 4071
156 4275
157 4150
158 4072
159 4173
160 4249
161 4302
162 4261
163 4379
164 4374
165 4310
166 4298
167 4458
168 4389
169 4377
170 4360
171 4338
172 4420
173 4359
174 4506
175 4538
176 4464
177 4532
178 4515
179 4496
180 4665
181 4712
182 4638
183 4766
184 4877
185 4827
186 4875
187 4808
188 4971
189 4988
190 4899
191 4882
192 4915
193 4967
194 4928
195 5004
196 5001
197 5019
198 4968
199 5049
200 4914
201 5026
202 5005
203 5118
204 5088
205 5215
206 5288
207 5516
208 5353
209 5333
210 5354
211 5293
212 5237
213 5354
214 5263
215 5484
216 5198
217 5346
218 5466
219 5172
220 5379
221 5380
222 5389
223 5353
224 5330
225 5391
226 5518
227 5449
228 5639
229 5494
230 5575
231 5857
232 5785
233 5772
234 5896
235 5853
236 5976
237 6107
238 6105
239 6252
240 6364
241 6580
242 6625
243 6515
244 6523
245 6430
246 6184
247 6358
248 6171
249 6227
250 6220
251 6247
252 6574
253 6234
254 6424
255 6406
256 6223
257 6330
258 6366
259 6418
260 6450
261 6587
262 6351
263 6544
264 6473
265 6572
266 6650
267 6647
268 6719
269 6864
270 6692
271 6690
272 6716
273 6801
274 6797
275 6826
276 6962
277 6849
278 6860
279 6829
280 6966
281 7011
282 6924
283 7027
284 6923
285 7133
286 7294
287 7273
288 7332
289 7499
290 7495
291 7577
292 7652
293 7648
294 7723
295 7744
296 7967
297 7789
298 8137
299 8096
300 8289
301 8430
302 8407
303 8553
304 8655
305 8381
306 8487
307 8308
308 8463
309 8428
310 8603
311 8674
312 8548
313 8783
314 8650
315 8789
316 8971
317 9048
318 8866
319 8890
320 8780
321 8716
322 8844
323 8808
324 8803
325 8950
326 9254
327 9179
328 9134
329 9171
330 9608
331 9728
332 9568
333 9423
334 9334
335 9772
336 9699
337 9868
338 10074
339 10329
340 10984
341 11699
342 11475
343 10935
344 10771
345 10691
346 10760
347 10734
348 10493
349 10449
350 10302
351 10375
352 10658
353 10291
354 10337
355 10352
356 10434
357 10301
358 10304
359 10295
360 10466
361 10573
362 10445
363 10635
364 10718
365 10960
366 10960
367 11518
368 11310
369 10983
370 10923
371 10988
372 10768
373 10844
374 10836
375 10938
376 11000
377 11082
378 11402
379 11961
380 11724
381 12115
382 11415
383 11623
384 11812
385 11965
386 11643
387 11351
388 11352
389 11187
390 11073
391 10853
392 10638
393 10535
394 10513
395 10424
396 10450
397 10464
398 10299
399 10118
400 10083
401 9962
402 9838
403 9952
404 9837
405 10062
406 9733
407 9789
408 9631
409 9577
410 9481
411 9491
412 9416
413 9438
414 9484
415 9763
416 9870
417 9786
418 10063
419 10081
420 9944
421 9678
422 9519
423 9154
424 9140
425 9064
426 9168
427 8936
428 9084
429 9142
430 8608
431 8502
432 8382
433 8215
434 8044
435 8158
436 7974
437 7862
438 7707
439 7843
440 7629
441 7825
442 7647
443 7496
444 7358
445 7306
446 7324
447 7240
448 7252
449 7257
450 7351
451 7109
452 7353
453 7092
454 7242
455 7122
456 7349
457 7445
458 7130
459 7285
460 6955
461 7043
462 7036
463 7167
464 7236
465 7191
466 7261
467 7273
468 7344
469 7361
470 7095
471 7185
472 6879
473 6809
474 6627
475 6636
476 6558
477 6530
478 6515
479 6719
480 6675
481 6538
482 6579
483 6796
484 6569
485 6947
486 7881
487 8091
488 8955
489 7539
490 6694
491 6234
492 6056
493 6011
494 5838
495 5805
496 5600
497 5526
498 5630
499 5609
500 5507
501 5403
502 5444
503 5291
504 5200
505 5211
506 5237
507 5066
508 4931
509 4952
510 4892
511 5001
512 4786
513 4755
514 4650
515 4586
516 4529
517 4283
518 4317
519 4232
520 4269
521 4258
522 4168
523 4141
524 4124
525 4206
526 4084
527 4033
528 3880
529 4008
530 3659
531 3826
532 3764
533 3664
534 3630
535 3643
536 3569
537 3528
538 3399
539 3429
540 3310
541 3295
542 3283
543 3302
544 3270
545 3189
546 3195
547 3144
548 3201
549 3128
550 3034
551 3032
552 2987
553 2923
554 2965
555 2894
556 2927
557 2770
558 2884
559 2770
560 2799
561 2773
562 2779
563 2705
564 2716
565 2761
566 2692
567 2629
568 2600
569 2757
570 2676
571 2673
572 2552
573 2673
574 2544
575 2602
576 2539
577 2673
578 2620
579 2587
580 2506
581 2435
582 2393
583 2457
584 2355
585 2433
586 2365
587 2375
588 2369
589 2456
590 2354
591 2431
592 2301
593 2290
594 2248
595 2271
596 2202
597 2218
598 2163
599 2063
600 2043
601 2139
602 2035
603 2008
604 1995
605 2031
606 1987
607 1929
608 1833
609 1978
610 1948
611 1880
612 1887
613 1795
614 1806
615 1846
616 1851
617 1754
618 1773
619 1738
620 1725
621 1740
622 1741
623 1768
624 1661
625 1670
626 1657
627 1641
628 1658
629 1576
630 1612
631 1646
632 1576
633 1641
634 1553
635 1553
636 1529
637 1499
638 1511
639 1476
640 1476
641 1515
642 1479
643 1452
644 1477
645 1477
646 1491
647 1394
648 1402
649 1359
650 1386
651 1408
652 1318
653 1418
654 1283
655 1299
656 1284
657 1296
658 1294
659 1265
660 1271
661 1271
662 1269
663 1196
664 1234
665 1179
666 1235
667 1186
668 1197
669 1137
670 1114
671 1157
672 1114
673 1102
674 1109
675 1086
676 1068
677 1035
678 1080
679 1020
680 1072
681 1027
682 1033
683 1103
684 986
685 1017
686 979
687 954
688 948
689 1013
690 939
691 946
692 923
693 945
694 922
695 915
696 911
697 882
698 904
699 908
700 883
701 861
702 897
703 836
704 875
705 832
706 836
707 868
708 815
709 797
710 879
711 807
712 808
713 881
714 804
715 820
716 759
717 814
718 785
719 816
720 801
721 808
722 799
723 748
724 789
725 788
726 742
727 708
728 723
729 745
730 725
731 701
732 674
733 723
734 663
735 676
736 687
737 708
738 715
739 674
740 665
741 626
742 651
743 649
744 679
745 634
746 602
747 587
748 667
749 657
750 585
751 602
752 663
753 607
754 625
755 613
756 629
757 612
758 642
759 562
760 622
761 597
762 574
763 583
764 620
765 597
766 616
767 562
768 573
769 577
770 558
771 544
772 564
773 561
774 541
775 497
776 533
777 525
778 545
779 545
780 493
781 519
782 533
783 490
784 527
785 497
786 512
787 475
788 503
789 447
790 485
791 465
792 500
793 486
794 445
795 449
796 487
797 423
798 443
799 440
800 445
801 436
802 485
803 424
804 459
805 389
806 428
807 406
808 432
809 365
810 404
811 416
812 370
813 406
814 375
815 367
816 420
817 425
818 402
819 368
820 389
821 349
822 391
823 393
824 403
825 378
826 352
827 353
828 348
829 365
830 333
831 391
832 377
833 332
834 328
835 348
836 312
837 302
838 321
839 362
840 345
841 314
842 328
843 305
844 323
845 298
846 352
847 321
848 296
849 327
850 303
851 303
852 321
853 313
854 291
855 283
856 282
857 321
858 276
859 298
860 309
861 293
862 302
863 293
864 306
865 285
866 286
867 297
868 254
869 258
870 277
871 278
872 265
873 250
874 273
875 277
876 240
877 255
878 295
879 273
880 258
881 236
882 258
883 250
884 250
885 238
886 266
887 251
888 254
889 219
890 257
891 224
892 254
893 250
894 234
895 230
896 266
897 236
898 223
899 257
900 217
901 228
902 242
903 213
904 239
905 231
906 223
907 215
908 213
909 215
910 225
911 206
912 194
913 222
914 200
915 199
916 188
917 227
918 185
919 223
920 203
921 216
922 213
923 186
924 188
925 186
926 191
927 207
928 181
929 195
930 184
931 172
932 197
933 204
934 201
935 172
936 196
937 181
938 195
939 184
940 184
941 177
942 168
943 176
944 168
945 183
946 200
947 167
948 173
949 160
950 178
951 174
952 167
953 168
954 159
955 182
956 153
957 189
958 198
959 164
960 186
961 171
962 165
963 151
964 147
965 150
966 147
967 136
968 167
969 132
970 141
971 170
972 166
973 163
974 157
975 139
976 141
977 157
978 146
979 138
980 152
981 144
982 142
983 139
984 109
985 145
986 150
987 132
988 122
989 133
990 119
991 138
992 134
993 130
994 136
995 124
996 143
997 113
998 132
999 128
1000 125
1001 112
1002 127
1003 121
1004 119
1005 128
1006 117
1007 124
1008 132
1009 120
1010 106
1011 117
1012 128
1013 126
1014 117
1015 108
1016 145
1017 115
1018 119
1019 113
1020 119
1021 112
1022 125
1023 108
1024 124
1025 106
1026 100
1027 126
1028 113
1029 99
1030 81
1031 98
1032 106
1033 77
1034 111
1035 110
1036 82
1037 93
1038 103
1039 96
1040 92
1041 107
1042 89
1043 99
1044 78
1045 104
1046 99
1047 111
1048 76
1049 91
1050 100
1051 104
1052 63
1053 101
1054 82
1055 86
1056 89
1057 102
1058 84
1059 87
1060 78
1061 105
1062 81
1063 93
1064 60
1065 89
1066 83
1067 65
1068 81
1069 77
1070 72
1071 78
1072 87
1073 65
1074 73
1075 64
1076 78
1077 74
1078 74
1079 71
1080 64
1081 71
1082 66
1083 71
1084 61
1085 72
1086 74
1087 58
1088 71
1089 56
1090 56
1091 64
1092 72
1093 76
1094 52
1095 75
1096 66
1097 62
1098 67
1099 82
1100 49
1101 67
1102 66
1103 58
1104 54
1105 68
1106 62
1107 59
1108 50
1109 57
1110 71
1111 57
1112 65
1113 60
1114 63
1115 60
1116 64
1117 59
1118 45
1119 56
1120 52
1121 58
1122 56
1123 53
1124 64
1125 45
1126 64
1127 55
1128 59
1129 39
1130 57
1131 37
1132 71
1133 56
1134 46
1135 48
1136 31
1137 48
1138 53
1139 49
1140 41
1141 38
1142 47
1143 43
1144 45
1145 44
1146 40
1147 35
1148 46
1149 45
1150 45
1151 37
1152 36
1153 47
1154 37
1155 51
1156 64
1157 47
1158 30
1159 36
1160 41
1161 37
1162 36
1163 33
1164 34
1165 43
1166 31
1167 23
1168 40
1169 39
1170 43
1171 35
1172 42
1173 39
1174 43
1175 37
1176 47
1177 32
1178 36
1179 27
1180 38
1181 34
1182 26
1183 40
1184 46
1185 29
1186 39
1187 35
1188 42
1189 33
1190 32
1191 33
1192 23
1193 32
1194 36
1195 27
1196 32
1197 27
1198 26
1199 29
1200 27
1201 44
1202 32
1203 25
1204 34
1205 32
1206 23
1207 29
1208 26
1209 32
1210 32
1211 16
1212 25
1213 35
1214 31
1215 25
1216 25
1217 29
1218 28
1219 28
1220 38
1221 27
1222 32
1223 23
1224 30
1225 30
1226 25
1227 21
1228 26
1229 22
1230 29
1231 25
1232 25
1233 26
1234 19
1235 19
1236 32
1237 21
1238 21
1239 22
1240 23
1241 31
1242 16
1243 14
1244 24
1245 22
1246 18
1247 19
1248 31
1249 19
1250 16
1251 28
1252 25
1253 28
1254 11
1255 27
1256 27
1257 20
1258 20
1259 20
1260 18
1261 16
1262 22
1263 25
1264 23
1265 22
1266 20
1267 24
1268 23
1269 18
1270 20
1271 21
1272 19
1273 22
1274 21
1275 17
1276 14
1277 23
1278 13
1279 22
1280 19
1281 22
1282 12
1283 24
1284 19
1285 17
1286 24
1287 18
1288 23
1289 23
1290 17
1291 14
1292 16
1293 22
1294 23
1295 23
1296 24
1297 15
1298 17
1299 15
1300 22
1301 21
1302 18
1303 12
1304 21
1305 17
1306 18
1307 14
1308 18
1309 15
1310 14
1311 17
1312 14
1313 18
1314 15
1315 14
1316 11
1317 19
1318 19
1319 16
1320 10
1321 11
1322 16
1323 13
1324 18
1325 7
1326 15
1327 19
1328 11
1329 26
1330 19
1331 14
1332 14
1333 18
1334 13
1335 13
1336 14
1337 16
1338 12
1339 18
1340 11
1341 12
1342 10
1343 9
1344 15
1345 19
1346 16
1347 15
1348 13
1349 6
1350 18
1351 13
1352 12
1353 12
1354 6
1355 12
1356 11
1357 10
1358 17
1359 16
1360 10
1361 9
1362 12
1363 10
1364 11
1365 14
1366 11
1367 18
1368 14
1369 14
1370 13
1371 5
1372 13
1373 6
1374 17
1375 13
1376 15
1377 8
1378 6
1379 14
1380 16
1381 14
1382 12
1383 15
1384 13
1385 15
1386 11
1387 14
1388 7
1389 16
1390 14
1391 6
1392 11
1393 8
1394 11
1395 16
1396 9
1397 9
1398 9
1399 12
1400 12
1401 22
1402 7
1403 10
1404 15
1405 4
1406 10
1407 10
1408 9
1409 11
1410 7
1411 4
1412 9
1413 17
1414 12
1415 9
1416 13
1417 6
1418 7
1419 9
1420 11
1421 11
1422 8
1423 15
1424 13
1425 13
1426 5
1427 8
1428 10
1429 7
1430 10
1431 13
1432 10
1433 7
1434 7
1435 12
1436 11
1437 7
1438 9
1439 12
1440 8
1441 9
1442 12
1443 12
1444 18
1445 10
1446 10
1447 10
1448 17
1449 10
1450 11
1451 9
1452 13
1453 9
1454 15
1455 12
1456 9
1457 10
1458 7
1459 12
1460 9
1461 8
1462 9
1463 5
1464 3
1465 9
1466 6
1467 8
1468 11
1469 13
1470 9
1471 15
1472 8
1473 9
1474 8
1475 11
1476 10
1477 11
1478 11
1479 5
1480 13
1481 12
1482 10
1483 10
1484 6
1485 9
1486 11
1487 9
1488 8
1489 7
1490 9
1491 7
1492 12
1493 6
1494 9
1495 9
1496 6
1497 4
1498 7
1499 10
1500 9
1501 10
1502 5
1503 5
1504 7
1505 8
1506 4
1507 10
1508 10
1509 7
1510 8
1511 11
1512 11
1513 11
1514 10
1515 13
1516 9
1517 12
1518 12
1519 10
1520 10
1521 9
1522 8
1523 14
1524 8
1525 8
1526 10
1527 7
1528 8
1529 11
1530 8
1531 10
1532 13
1533 11
1534 14
1535 9
1536 8
1537 9
1538 3
1539 8
1540 12
1541 11
1542 7
1543 10
1544 9
1545 7
1546 6
1547 13
1548 9
1549 13
1550 4
1551 11
1552 7
1553 8
1554 7
1555 6
1556 15
1557 11
1558 9
1559 9
1560 12
1561 5
1562 8
1563 15
1564 8
1565 7
1566 11
1567 6
1568 6
1569 10
1570 9
1571 10
1572 10
1573 17
1574 12
1575 5
1576 11
1577 8
1578 12
1579 4
1580 10
1581 10
1582 10
1583 8
1584 10
1585 10
1586 8
1587 9
1588 16
1589 14
1590 7
1591 10
1592 7
1593 12
1594 9
1595 6
1596 14
1597 9
1598 12
1599 13
1600 9
1601 16
1602 8
1603 12
1604 10
1605 8
1606 9
1607 11
1608 4
1609 14
1610 13
1611 8
1612 7
1613 6
1614 7
1615 11
1616 9
1617 9
1618 9
1619 14
1620 7
1621 11
1622 9
1623 6
1624 13
1625 11
1626 6
1627 8
1628 12
1629 8
1630 6
1631 11
1632 7
1633 8
1634 10
1635 7
1636 12
1637 10
1638 7
1639 8
1640 9
1641 9
1642 9
1643 7
1644 6
1645 13
1646 14
1647 9
1648 10
1649 16
1650 14
1651 12
1652 12
1653 13
1654 8
1655 20
1656 10
1657 16
1658 11
1659 10
1660 11
1661 16
1662 14
1663 12
1664 16
1665 17
1666 8
1667 14
1668 15
1669 16
1670 17
1671 13
1672 19
1673 19
1674 15
1675 12
1676 22
1677 11
1678 14
1679 12
1680 13
1681 17
1682 23
1683 14
1684 24
1685 8
1686 10
1687 14
1688 18
1689 16
1690 15
1691 18
1692 16
1693 22
1694 12
1695 15
1696 12
1697 8
1698 14
1699 22
1700 15
1701 20
1702 10
1703 17
1704 17
1705 16
1706 13
1707 10
1708 14
1709 11
1710 12
1711 19
1712 21
1713 15
1714 14
1715 21
1716 19
1717 15
1718 16
1719 8
1720 14
1721 17
1722 15
1723 11
1724 14
1725 14
1726 14
1727 17
1728 12
1729 14
1730 13
1731 13
1732 12
1733 14
1734 14
1735 12
1736 13
1737 22
1738 13
1739 10
1740 5
1741 12
1742 16
1743 12
1744 11
1745 12
1746 13
1747 15
1748 7
1749 9
1750 19
1751 13
1752 12
1753 11
1754 14
1755 13
1756 9
1757 10
1758 15
1759 13
1760 11
1761 8
1762 11
1763 5
1764 9
1765 10
1766 10
1767 7
1768 7
1769 9
1770 9
1771 9
1772 12
1773 6
1774 7
1775 12
1776 8
1777 11
1778 10
1779 7
1780 18
1781 8
1782 7
1783 5
1784 8
1785 4
1786 9
1787 5
1788 18
1789 10
1790 13
1791 10
1792 4
1793 14
1794 9
1795 11
1796 9
1797 8
1798 8
1799 9
1800 8
1801 9
1802 12
1803 5
1804 6
1805 9
1806 5
1807 9
1808 7
1809 7
1810 4
1811 7
1812 7
1813 10
1814 7
1815 9
1816 4
1817 11
1818 5
1819 6
1820 8
1821 6
1822 8
1823 6
1824 4
1825 4
1826 10
1827 10
1828 12
1829 6
1830 8
1831 9
1832 4
1833 6
1834 4
1835 4
1836 6
1837 4
1838 4
1839 7
1840 5
1841 7
1842 2
1843 3
1844 3
1845 5
1846 8
1847 7
1848 1
1849 7
1850 6
1851 4
1852 6
1853 7
1854 2
1855 1
1856 4
1857 7
1858 6
1859 4
1860 10
1861 9
1862 6
1863 5
1864 6
1865 2
1866 4
1867 4
1868 4
1869 1
1870 7
1871 3
1872 4
1873 2
1874 3
1875 3
1876 2
1877 3
1878 3
1879 1
1881 6
1882 2
1883 1
1884 4
1885 3
1886 2
1887 1
1888 4
1889 1
1890 3
1891 1
1892 5
1894 4
1895 1
1896 2
1897 1
1898 4
1899 3
1900 4
1901 3
1902 3
1903 1
1904 7
1905 1
1907 2
1908 2
1909 1
1910 5
1911 4
1912 4
1913 1
1914 3
1915 1
1916 3
1917 1
1918 1
1919 2
1920 3
1921 2
1922 4
1923 5
1925 2
1926 1
1929 2
1930 1
1931 2
1932 2
1936 3
1939 2
1941 1
1943 2
1944 4
1946 2
1947 2
1948 2
1949 1
1953 1
1955 1
1957 1
1958 2
1959 2
1960 1
1961 4
1962 1
1963 2
1965 3
1969 1
1972 1
1975 3
1976 1
1978 2
1979 2
1980 2
1981 2
1983 2
1985 1
1986 1
1988 1
1992 1
1993 1
1994 1
1996 1
2003 1
2005 1
2008 1
2011 1
2014 1
2017 1
2020 2
2032 1
2039 1
2045 1
2049 1
2056 1
2064 1
2066 1
2075 1
2080 1
2087 1
2150 1
2153 1
2155 1
