-424 2
-423 1
-422 6
-421 8
-420 12
-419 31
-418 51
-417 61
-416 96
-415 123
-414 112
-413 127
-412 103
-411 125
-410 110
-409 90
-408 79
-407 105
-406 110
-405 111
-404 73
-403 97
-402 96
-401 99
-400 113
-399 114
-398 120
-397 130
-396 133
-395 106
-394 120
-393 126
-392 89
-391 115
-390 88
-389 105
-388 92
-387 120
-386 110
-385 131
-384 110
-383 133
-382 100
-381 108
-380 91
-379 89
-378 111
-377 87
-376 112
-375 109
-374 115
-373 124
-372 122
-371 168
-370 171
-369 170
-368 191
-367 196
-366 215
-365 193
-364 228
-363 215
-362 224
-361 241
-360 221
-359 259
-358 282
-357 256
-356 305
-355 285
-354 298
-353 281
-352 310
-351 278
-350 317
-349 318
-348 261
-347 273
-346 303
-345 294
-344 329
-343 314
-342 297
-341 326
-340 291
-339 322
-338 335
-337 323
-336 333
-335 364
-334 317
-333 321
-332 326
-331 332
-330 293
-329 315
-328 287
-327 307
-326 354
-325 359
-324 345
-323 358
-322 338
-321 309
-320 301
-319 331
-318 326
-317 290
-316 291
-315 308
-314 312
-313 329
-312 314
-311 325
-310 356
-309 307
-308 292
-307 291
-306 309
-305 304
-304 325
-303 329
-302 368
-301 338
-300 342
-299 358
-298 386
-297 379
-296 429
-295 393
-294 407
-293 403
-292 412
-291 417
-290 436
-289 428
-288 466
-287 500
-286 481
-285 476
-284 467
-283 475
-282 469
-281 460
-280 472
-279 433
-278 452
-277 466
-276 479
-275 459
-274 489
-273 522
-272 474
-271 497
-270 493
-269 526
-268 546
-267 525
-266 580
-265 617
-264 598
-263 626
-262 621
-261 632
-260 652
-259 645
-258 700
-257 660
-256 695
-255 778
-254 807
-253 831
-252 834
-251 823
-250 861
-249 821
-248 866
-247 902
-246 870
-245 796
-244 794
-243 883
-242 817
-241 804
-240 828
-239 870
-238 794
-237 831
-236 814
-235 838
-234 803
-233 794
-232 783
-231 849
-230 861
-229 786
-228 850
-227 827
-226 791
-225 840
-224 856
-223 844
-222 878
-221 855
-220 863
-219 856
-218 794
-217 804
-216 823
-215 923
-214 888
-213 919
-212 931
-211 1022
-210 1063
-209 1084
-208 1073
-207 1173
-206 1189
-205 1225
-204 1233
-203 1254
-202 1330
-201 1297
-200 1265
-199 1259
-198 1303
-197 1235
-196 1358
-195 1346
-194 1362
-193 1338
-192 1327
-191 1358
-190 1287
-189 1335
-188 1312
-187 1301
-186 1375
-185 1369
-184 1434
-183 1401
-182 1386
-181 1465
-180 1445
-179 1477
-178 1413
-177 1413
-176 1448
-175 1485
-174 1523
-173 1534
-172 1465
-171 1467
-170 1512
-169 1404
-168 1504
-167 1526
-166 1498
-165 1545
-164 1524
-163 1567
-162 1563
-161 1570
-160 1542
-159 1553
-158 1555
-157 1652
-156 1682
-155 1623
-154 1699
-153 1653
-152 1616
-151 1508
-150 1527
-149 1601
-148 1616
-147 1594
-146 1654
-145 1618
-144 1678
-143 1684
-142 1771
-141 1764
-140 1743
-139 1709
-138 1760
-137 1733
-136 1776
-135 1703
-134 1756
-133 1728
-132 1763
-131 1812
-130 1755
-129 1834
-128 1811
-127 1851
-126 1867
-125 1854
-124 1814
-123 1889
-122 1909
-121 2002
-120 1921
-119 2021
-118 1911
-117 1961
-116 1964
-115 2047
-114 2067
-113 1998
-112 2023
-111 2046
-110 2057
-109 2092
-108 2075
-107 2046
-106 2038
-105 2023
-104 2067
-103 2048
-102 2066
-101 2077
-100 2031
-99 2180
-98 1994
-97 2151
-96 2163
-95 2174
-94 2072
-93 2154
-92 2136
-91 2056
-90 2057
-89 2188
-88 1978
-87 2081
-86 2168
-85 2106
-84 2119
-83 2163
-82 2213
-81 2126
-80 2181
-79 2163
-78 2203
-77 2234
-76 2187
-75 2291
-74 2196
-73 2169
-72 2296
-71 2266
-70 2294
-69 2257
-68 2303
-67 2338
-66 2253
-65 2485
-64 2439
-63 2493
-62 2405
-61 2314
-60 2375
-59 2366
-58 2392
-57 2359
-56 2352
-55 2376
-54 2371
-53 2394
-52 2462
-51 2483
-50 2461
-49 2403
-48 2397
-47 2404
-46 2464
-45 2314
-44 2415
-43 2419
-42 2397
-41 2505
-40 2473
-39 2483
-38 2549
-37 2595
-36 2485
-35 2570
-34 2700
-33 2549
-32 2582
-31 2531
-30 2735
-29 2659
-28 2736
-27 2711
-26 2675
-25 2720
-24 2619
-23 2652
-22 2686
-21 2575
-20 2610
-19 2495
-18 2540
-17 2745
-16 2808
-15 2733
-14 2792
-13 2765
-12 2929
-11 2783
-10 2817
-9 2817
-8 2777
-7 2807
-6 2765
-5 2774
-4 2745
-3 2818
-2 2858
-1 2865
0 2795
1 2943
2 2881
3 2813
4 2942
5 2878
6 2996
7 2996
8 2928
9 2956
10 3019
11 3046
12 2926
13 3071
14 2982
15 2961
16 3095
17 3000
18 3019
19 3130
20 2918
21 3031
22 3212
23 3055
24 3131
25 3186
26 3235
27 3111
28 3182
29 3188
30 3252
31 3223
32 3246
33 3175
34 3280
35 3390
36 3326
37 3232
38 3256
39 3318
40 3360
41 3402
42 3273
43 3304
44 3268
45 3207
46 3198
47 3297
48 3410
49 3399
50 3329
51 3441
52 3554
53 3467
54 3275
55 3369
56 3316
57 3346
58 3321
59 3368
60 3249
61 3301
62 3306
63 3183
64 3268
65 3209
66 3066
67 3216
68 3109
69 3225
70 3245
71 3281
72 3217
73 3250
74 3270
75 3111
76 3260
77 3321
78 3282
79 3359
80 3413
81 3306
82 3302
83 3387
84 3389
85 3325
86 3420
87 3353
88 3351
89 3423
90 3314
91 3375
92 3265
93 3348
94 3254
95 3331
96 3252
97 3385
98 3470
99 3485
100 3438
101 3507
102 3579
103 3656
104 3515
105 3465
106 3585
107 3630
108 3713
109 3777
110 3810
111 3878
112 3781
113 3976
114 3939
115 3842
116 3860
117 3870
118 3889
119 3843
120 3843
121 3719
122 3834
123 3814
124 3800
125 3798
126 3692
127 3726
128 3742
129 3748
130 3938
131 3878
132 3904
133 3920
134 3877
135 3863
136 3832
137 3897
138 3829
139 3821
140 3948
141 3802
142 3923
143 4100
144 3809
145 4025
146 3943
147 4107
148 4075
149 4083
150 4116
151 4084
152 4017
153 4076
154 3992
155 4100
156 3965
157 3868
158 3792
159 3853
160 3960
161 3936
162 4056
163 4055
164 4036
165 3946
166 4093
167 3847
168 4017
169 3836
170 4083
171 3969
172 3839
173 3938
174 3897
175 3930
176 3905
177 4016
178 3971
179 3874
180 3906
181 3895
182 3872
183 3831
184 3906
185 3855
186 3798
187 3744
188 3842
189 3849
190 3841
191 3873
192 3871
193 3850
194 3897
195 3801
196 3992
197 3856
198 3910
199 3901
200 3857
201 3880
202 3806
203 3900
204 3934
205 3921
206 3965
207 3920
208 3937
209 3857
210 4033
211 3921
212 4141
213 4205
214 4267
215 4109
216 4127
217 4342
218 4164
219 4176
220 4249
221 4324
222 4164
223 4257
224 4215
225 4234
226 4153
227 4235
228 4247
229 4229
230 4300
231 4253
232 4216
233 4409
234 4271
235 4274
236 4254
237 4250
238 4288
239 4204
240 4322
241 4370
242 4526
243 4472
244 4495
245 4536
246 4455
247 4506
248 4448
249 4546
250 4535
251 4442
252 4502
253 4414
254 4579
255 4530
256 4465
257 4566
258 4475
259 4579
260 4685
261 4704
262 4761
263 4851
264 4866
265 4937
266 4975
267 4946
268 5059
269 4970
270 4912
271 5052
272 5081
273 5093
274 5083
275 5221
276 5194
277 5248
278 5082
279 5155
280 5155
281 5286
282 5240
283 5358
284 5479
285 5492
286 5573
287 5469
288 5585
289 5603
290 5644
291 5638
292 5713
293 5508
294 5623
295 5629
296 5593
297 5594
298 5760
299 5854
300 5784
301 5649
302 5848
303 5887
304 5920
305 5968
306 5956
307 5974
308 6059
309 6132
310 6133
311 6139
312 6173
313 5970
314 6092
315 6021
316 6069
317 5915
318 5892
319 6012
320 5954
321 5997
322 6057
323 5970
324 6111
325 5876
326 5984
327 6117
328 6112
329 6022
330 6024
331 6016
332 5995
333 6123
334 6033
335 6110
336 6156
337 6191
338 5912
339 6122
340 6085
341 6029
342 6187
343 6079
344 6064
345 6110
346 6328
347 6108
348 6329
349 6216
350 6124
351 6156
352 6231
353 6189
354 6202
355 6129
356 6288
357 6275
358 6341
359 6363
360 6449
361 6322
362 6368
363 6361
364 6408
365 6526
366 6590
367 6595
368 6518
369 6536
370 6612
371 6630
372 6551
373 6604
374 6510
375 6414
376 6596
377 6632
378 6556
379 6367
380 6439
381 6475
382 6557
383 6638
384 6466
385 6630
386 6611
387 6719
388 6615
389 6819
390 6715
391 6669
392 6809
393 6954
394 6862
395 7064
396 6861
397 6875
398 6910
399 6969
400 6880
401 6912
402 7003
403 6947
404 6859
405 6891
406 6855
407 6902
408 6827
409 6803
410 6819
411 6781
412 6826
413 6722
414 6780
415 6924
416 6780
417 6785
418 6663
419 6817
420 6781
421 6665
422 6787
423 6761
424 6897
425 6762
426 6870
427 6984
428 6896
429 6872
430 6967
431 6798
432 7068
433 6985
434 6861
435 6991
436 6918
437 6980
438 7064
439 7138
440 7094
441 6913
442 6998
443 7014
444 6770
445 6893
446 6896
447 6899
448 7219
449 7083
450 7030
451 7183
452 6942
453 6929
454 7018
455 7069
456 6858
457 6779
458 6799
459 6926
460 6789
461 6889
462 6871
463 6827
464 6847
465 6965
466 6908
467 6845
468 6843
469 6832
470 6812
471 6655
472 6809
473 6791
474 6662
475 6666
476 6866
477 6736
478 6868
479 6895
480 6691
481 6681
482 6818
483 6816
484 6926
485 6801
486 6835
487 6971
488 6830
489 6916
490 6787
491 6757
492 6651
493 6682
494 6848
495 6939
496 6846
497 6830
498 6941
499 6871
500 6682
501 6886
502 6792
503 6916
504 6685
505 6856
506 6701
507 6723
508 6738
509 6602
510 6572
511 6557
512 6646
513 6526
514 6386
515 6637
516 6379
517 6476
518 6423
519 6317
520 6216
521 6425
522 6241
523 6126
524 6262
525 6062
526 6116
527 6149
528 6019
529 6063
530 5926
531 5978
532 6021
533 5962
534 5894
535 5841
536 5897
537 5821
538 5743
539 5729
540 5594
541 5618
542 5645
543 5429
544 5552
545 5400
546 5463
547 5280
548 5390
549 5320
550 5296
551 5228
552 5310
553 5384
554 5302
555 5338
556 5139
557 5046
558 5066
559 5136
560 5063
561 5031
562 4936
563 4896
564 4930
565 4934
566 4932
567 4778
568 4740
569 4654
570 4682
571 4529
572 4719
573 4688
574 4598
575 4655
576 4437
577 4479
578 4541
579 4360
580 4457
581 4391
582 4256
583 4433
584 4319
585 4201
586 4190
587 4144
588 4229
589 4240
590 4095
591 4098
592 4272
593 4175
594 4105
595 4112
596 4179
597 4022
598 4106
599 3982
600 4016
601 4013
602 3888
603 3816
604 3856
605 3889
606 3767
607 3844
608 3800
609 3736
610 3708
611 3627
612 3625
613 3667
614 3743
615 3640
616 3590
617 3607
618 3629
619 3622
620 3559
621 3590
622 3502
623 3470
624 3553
625 3392
626 3460
627 3360
628 3398
629 3379
630 3233
631 3247
632 3095
633 3231
634 3142
635 3169
636 3078
637 3031
638 3130
639 3014
640 2934
641 2888
642 2947
643 2742
644 2805
645 2746
646 2673
647 2728
648 2578
649 2637
650 2553
651 2686
652 2558
653 2522
654 2480
655 2464
656 2392
657 2438
658 2383
659 2446
660 2412
661 2345
662 2352
663 2292
664 2228
665 2219
666 2197
667 2285
668 2207
669 2324
670 2146
671 2232
672 2132
673 2121
674 2203
675 2149
676 2043
677 2101
678 1962
679 2091
680 1962
681 1993
682 1959
683 1870
684 1949
685 1924
686 1934
687 1852
688 1910
689 1843
690 1787
691 1817
692 1787
693 1787
694 1849
695 1803
696 1714
697 1715
698 1753
699 1722
700 1664
701 1686
702 1661
703 1695
704 1626
705 1587
706 1604
707 1621
708 1598
709 1521
710 1591
711 1540
712 1541
713 1596
714 1481
715 1538
716 1426
717 1479
718 1486
719 1419
720 1465
721 1352
722 1384
723 1337
724 1422
725 1377
726 1383
727 1280
728 1273
729 1382
730 1295
731 1299
732 1329
733 1248
734 1225
735 1199
736 1281
737 1236
738 1164
739 1164
740 1176
741 1145
742 1141
743 1150
744 1111
745 1103
746 1154
747 1117
748 1098
749 1061
750 1069
751 1057
752 1115
753 1078
754 1015
755 1032
756 976
757 1040
758 949
759 1000
760 955
761 959
762 952
763 892
764 975
765 907
766 911
767 919
768 911
769 874
770 852
771 784
772 827
773 847
774 859
775 839
776 868
777 836
778 804
779 811
780 772
781 789
782 788
783 719
784 762
785 701
786 721
787 744
788 710
789 686
790 724
791 694
792 705
793 709
794 685
795 648
796 651
797 664
798 693
799 684
800 635
801 642
802 646
803 593
804 624
805 601
806 625
807 596
808 623
809 596
810 603
811 600
812 583
813 600
814 628
815 607
816 541
817 614
818 581
819 572
820 550
821 558
822 554
823 565
824 558
825 519
826 520
827 517
828 538
829 536
830 499
831 513
832 508
833 474
834 479
835 495
836 490
837 463
838 449
839 443
840 504
841 491
842 477
843 500
844 425
845 448
846 440
847 487
848 444
849 435
850 407
851 413
852 406
853 392
854 378
855 375
856 394
857 403
858 360
859 358
860 344
861 356
862 346
863 349
864 380
865 323
866 343
867 362
868 340
869 350
870 305
871 348
872 320
873 347
874 313
875 315
876 344
877 313
878 297
879 304
880 315
881 270
882 324
883 325
884 295
885 283
886 287
887 295
888 282
889 285
890 319
891 280
892 274
893 296
894 316
895 280
896 252
897 257
898 291
899 282
900 275
901 265
902 253
903 235
904 258
905 262
906 265
907 242
908 256
909 233
910 220
911 221
912 245
913 239
914 272
915 240
916 229
917 228
918 235
919 181
920 219
921 227
922 212
923 201
924 209
925 194
926 210
927 202
928 204
929 204
930 194
931 191
932 212
933 199
934 229
935 209
936 180
937 212
938 179
939 186
940 203
941 180
942 188
943 211
944 188
945 188
946 198
947 180
948 171
949 166
950 163
951 171
952 181
953 160
954 158
955 148
956 150
957 157
958 139
959 148
960 126
961 132
962 139
963 145
964 155
965 150
966 143
967 137
968 139
969 121
970 150
971 128
972 135
973 130
974 161
975 126
976 144
977 135
978 135
979 124
980 138
981 124
982 134
983 144
984 129
985 117
986 120
987 116
988 128
989 114
990 100
991 129
992 103
993 120
994 98
995 113
996 104
997 113
998 111
999 99
1000 113
1001 110
1002 112
1003 104
1004 108
1005 89
1006 108
1007 103
1008 98
1009 104
1010 104
1011 111
1012 110
1013 107
1014 108
1015 103
1016 98
1017 91
1018 89
1019 81
1020 109
1021 84
1022 87
1023 77
1024 73
1025 91
1026 93
1027 78
1028 81
1029 79
1030 83
1031 89
1032 90
1033 86
1034 90
1035 84
1036 72
1037 82
1038 91
1039 76
1040 74
1041 81
1042 63
1043 82
1044 84
1045 74
1046 85
1047 77
1048 72
1049 72
1050 71
1051 81
1052 75
1053 82
1054 70
1055 77
1056 76
1057 55
1058 85
1059 59
1060 78
1061 64
1062 72
1063 73
1064 75
1065 62
1066 60
1067 72
1068 56
1069 53
1070 60
1071 55
1072 61
1073 47
1074 57
1075 53
1076 46
1077 73
1078 64
1079 70
1080 78
1081 57
1082 52
1083 60
1084 50
1085 50
1086 54
1087 44
1088 60
1089 55
1090 68
1091 56
1092 60
1093 41
1094 46
1095 52
1096 66
1097 47
1098 68
1099 45
1100 52
1101 50
1102 56
1103 53
1104 34
1105 52
1106 54
1107 39
1108 53
1109 45
1110 54
1111 53
1112 47
1113 48
1114 58
1115 44
1116 42
1117 52
1118 43
1119 44
1120 52
1121 48
1122 39
1123 41
1124 35
1125 50
1126 46
1127 35
1128 43
1129 38
1130 48
1131 44
1132 37
1133 41
1134 47
1135 36
1136 40
1137 30
1138 43
1139 42
1140 42
1141 42
1142 35
1143 43
1144 35
1145 46
1146 33
1147 48
1148 30
1149 38
1150 30
1151 40
1152 43
1153 37
1154 25
1155 42
1156 28
1157 37
1158 36
1159 33
1160 28
1161 26
1162 32
1163 30
1164 34
1165 35
1166 22
1167 31
1168 36
1169 38
1170 31
1171 37
1172 37
1173 34
1174 26
1175 28
1176 36
1177 28
1178 32
1179 29
1180 36
1181 43
1182 30
1183 24
1184 30
1185 38
1186 28
1187 29
1188 37
1189 24
1190 24
1191 22
1192 26
1193 34
1194 33
1195 28
1196 26
1197 33
1198 19
1199 28
1200 27
1201 26
1202 37
1203 23
1204 23
1205 31
1206 30
1207 31
1208 17
1209 20
1210 28
1211 19
1212 20
1213 35
1214 24
1215 13
1216 27
1217 23
1218 29
1219 26
1220 14
1221 21
1222 25
1223 27
1224 27
1225 22
1226 21
1227 20
1228 25
1229 23
1230 28
1231 20
1232 22
1233 29
1234 26
1235 25
1236 20
1237 15
1238 16
1239 25
1240 20
1241 19
1242 18
1243 21
1244 13
1245 23
1246 18
1247 26
1248 30
1249 23
1250 18
1251 20
1252 26
1253 21
1254 7
1255 22
1256 18
1257 21
1258 23
1259 27
1260 18
1261 14
1262 10
1263 20
1264 29
1265 20
1266 11
1267 9
1268 18
1269 15
1270 18
1271 18
1272 20
1273 16
1274 21
1275 14
1276 19
1277 21
1278 9
1279 17
1280 25
1281 12
1282 17
1283 11
1284 21
1285 16
1286 20
1287 17
1288 8
1289 20
1290 17
1291 18
1292 13
1293 18
1294 18
1295 21
1296 16
1297 12
1298 15
1299 19
1300 19
1301 6
1302 14
1303 12
1304 11
1305 11
1306 14
1307 9
1308 16
1309 18
1310 14
1311 16
1312 14
1313 10
1314 15
1315 9
1316 15
1317 8
1318 11
1319 7
1320 11
1321 14
1322 15
1323 11
1324 17
1325 13
1326 14
1327 13
1328 11
1329 7
1330 12
1331 13
1332 11
1333 8
1334 10
1335 21
1336 10
1337 17
1338 7
1339 14
1340 10
1341 10
1342 5
1343 9
1344 10
1345 11
1346 8
1347 10
1348 7
1349 9
1350 13
1351 15
1352 6
1353 16
1354 13
1355 15
1356 12
1357 10
1358 16
1359 8
1360 17
1361 8
1362 9
1363 10
1364 8
1365 19
1366 6
1367 10
1368 9
1369 8
1370 9
1371 12
1372 15
1373 14
1374 7
1375 13
1376 7
1377 9
1378 10
1379 11
1380 7
1381 9
1382 7
1383 9
1384 7
1385 8
1386 4
1387 7
1388 6
1389 17
1390 7
1391 11
1392 7
1393 9
1394 7
1395 6
1396 10
1397 7
1398 7
1399 7
1400 8
1401 7
1402 8
1403 9
1404 4
1405 8
1406 7
1407 7
1408 7
1409 13
1410 5
1411 9
1412 11
1413 10
1414 8
1415 10
1416 7
1417 7
1418 5
1419 6
1420 6
1421 10
1422 8
1423 7
1424 10
1425 6
1426 12
1427 5
1428 10
1429 6
1430 11
1431 5
1432 10
1433 12
1434 8
1435 9
1436 6
1437 10
1438 7
1439 9
1440 8
1441 9
1442 7
1443 10
1444 1
1445 7
1446 2
1447 5
1448 6
1449 5
1450 8
1451 3
1452 4
1453 8
1454 3
1455 12
1456 10
1457 7
1458 7
1459 5
1460 7
1461 8
1462 8
1463 5
1464 5
1465 3
1466 4
1467 1
1468 6
1469 11
1470 3
1471 5
1472 7
1473 4
1474 6
1475 9
1476 8
1477 5
1478 5
1479 3
1480 5
1481 13
1482 5
1483 4
1484 4
1485 12
1486 6
1487 9
1488 5
1489 6
1490 5
1491 3
1492 6
1493 3
1494 2
1495 1
1496 7
1497 11
1498 2
1499 4
1500 7
1501 5
1502 8
1503 4
1504 3
1505 4
1506 5
1507 3
1508 5
1509 5
1510 1
1511 4
1512 7
1513 1
1514 4
1515 3
1516 3
1517 5
1518 7
1519 6
1520 4
1521 5
1522 7
1523 5
1524 2
1525 8
1526 4
1527 3
1528 3
1529 4
1530 5
1531 2
1532 1
1533 7
1534 7
1535 1
1536 3
1537 4
1538 4
1539 2
1540 1
1541 3
1542 5
1544 5
1545 3
1546 4
1547 2
1548 3
1549 1
1550 1
1551 3
1552 1
1553 3
1554 3
1555 3
1556 2
1557 3
1558 3
1559 2
1560 2
1561 3
1562 1
1563 3
1564 7
1565 4
1566 3
1567 2
1569 3
1570 4
1571 6
1572 1
1574 5
1575 6
1576 4
1577 1
1578 2
1579 3
1580 3
1581 1
1582 6
1583 2
1584 2
1585 5
1586 8
1587 3
1588 2
1589 4
1590 3
1591 4
1592 2
1593 6
1594 1
1596 2
1597 3
1598 3
1599 3
1601 3
1602 3
1603 3
1604 1
1606 6
1607 1
1608 2
1609 2
1610 1
1611 2
1612 3
1613 1
1614 1
1615 3
1616 3
1617 3
1618 6
1619 7
1620 1
1621 2
1623 2
1625 4
1626 2
1627 2
1628 2
1629 2
1630 2
1631 2
1632 2
1633 5
1634 4
1635 1
1637 3
1638 1
1639 3
1640 3
1641 2
1642 2
1643 3
1644 2
1645 1
1646 4
1647 2
1648 2
1649 1
1650 1
1651 2
1653 2
1655 1
1656 1
1658 2
1659 3
1661 1
1662 1
1664 3
1665 6
1666 1
1667 1
1668 3
1670 1
1671 2
1672 1
1673 6
1675 2
1676 1
1678 2
1679 2
1680 1
1682 3
1683 2
1684 2
1685 1
1686 2
1687 3
1688 1
1689 3
1690 1
1691 1
1692 5
1693 3
1697 3
1698 2
1699 2
1702 2
1703 3
1704 2
1705 2
1706 2
1707 2
1709 3
1710 4
1711 1
1712 2
1713 2
1714 1
1716 1
1717 2
1719 3
1720 4
1721 2
1722 2
1723 2
1725 2
1726 3
1727 1
1728 1
1729 2
1732 1
1734 1
1735 1
1736 1
1737 1
1738 2
1739 4
1740 2
1741 1
1742 1
1744 2
1745 3
1748 2
1749 2
1752 2
1753 1
1754 1
1755 2
1756 1
1758 1
1763 1
1764 1
1765 2
1768 1
1769 2
1770 2
1771 2
1773 3
1775 2
1779 1
1782 1
1783 2
1784 3
1786 2
1787 1
1789 2
1791 1
1794 1
1795 2
1798 1
1801 1
1803 1
1804 1
1805 1
1806 1
1808 2
1810 1
1813 1
1814 1
1816 1
1817 1
1818 1
1819 2
1821 2
1823 3
1824 1
1826 1
1827 1
1830 1
1832 1
1833 1
1835 1
1836 1
1839 1
1842 1
1846 2
1851 2
1852 2
1853 1
1854 1
1855 1
1856 2
1860 1
1861 1
1863 1
1865 1
1870 2
1871 1
1875 2
1879 1
1880 1
1883 1
1884 1
1885 1
1886 1
1894 1
1899 1
1903 2
1904 1
1909 1
1911 1
1912 1
1914 1
1922 1
1931 1
1936 1
1942 1
1943 1
1948 1
1952 1
1954 1
1957 1
1958 1
1960 1
1964 1
1969 2
1974 1
1982 1
1987 1
1992 2
2000 1
2010 1
2013 1
2016 1
2033 2
2050 1
2054 1
2055 2
2061 1
2063 1
2072 1
2074 1
2079 1
2082 1
2083 1
2093 1
2098 1
2105 1
2112 2
2114 1
2131 1
2141 1
2162 1
2167 1
2168 1
2169 1
2183 1
2188 1
2204 1
