-1121 1
-1120 2
-1119 2
-1118 3
-1117 6
-1116 8
-1115 12
-1114 9
-1113 27
-1112 17
-1111 22
-1110 26
-1109 31
-1108 23
-1107 49
-1106 50
-1105 47
-1104 57
-1103 70
-1102 78
-1101 79
-1100 93
-1099 100
-1098 93
-1097 65
-1096 95
-1095 86
-1094 82
-1093 92
-1092 100
-1091 93
-1090 104
-1089 103
-1088 96
-1087 72
-1086 104
-1085 96
-1084 85
-1083 101
-1082 111
-1081 104
-1080 108
-1079 118
-1078 115
-1077 163
-1076 158
-1075 144
-1074 158
-1073 168
-1072 163
-1071 163
-1070 182
-1069 194
-1068 172
-1067 174
-1066 161
-1065 209
-1064 157
-1063 195
-1062 173
-1061 176
-1060 178
-1059 182
-1058 192
-1057 178
-1056 154
-1055 169
-1054 183
-1053 209
-1052 192
-1051 167
-1050 166
-1049 153
-1048 180
-1047 184
-1046 165
-1045 175
-1044 200
-1043 185
-1042 195
-1041 189
-1040 183
-1039 199
-1038 209
-1037 209
-1036 218
-1035 200
-1034 195
-1033 207
-1032 221
-1031 225
-1030 253
-1029 223
-1028 244
-1027 271
-1026 234
-1025 221
-1024 239
-1023 260
-1022 227
-1021 258
-1020 281
-1019 223
-1018 272
-1017 267
-1016 253
-1015 225
-1014 251
-1013 285
-1012 301
-1011 282
-1010 285
-1009 313
-1008 302
-1007 288
-1006 323
-1005 313
-1004 287
-1003 332
-1002 310
-1001 321
-1000 326
-999 344
-998 323
-997 331
-996 361
-995 339
-994 346
-993 321
-992 321
-991 383
-990 426
-989 377
-988 435
-987 440
-986 460
-985 496
-984 505
-983 472
-982 500
-981 567
-980 607
-979 564
-978 601
-977 630
-976 624
-975 688
-974 692
-973 707
-972 730
-971 644
-970 698
-969 723
-968 731
-967 674
-966 718
-965 758
-964 720
-963 785
-962 769
-961 847
-960 811
-959 900
-958 877
-957 889
-956 921
-955 899
-954 914
-953 913
-952 991
-951 971
-950 958
-949 949
-948 954
-947 973
-946 963
-945 969
-944 1036
-943 969
-942 1048
-941 1107
-940 1008
-939 1117
-938 1109
-937 1133
-936 1117
-935 1148
-934 1176
-933 1220
-932 1220
-931 1280
-930 1196
-929 1242
-928 1236
-927 1237
-926 1261
-925 1315
-924 1239
-923 1243
-922 1342
-921 1275
-920 1295
-919 1359
-918 1377
-917 1405
-916 1381
-915 1439
-914 1405
-913 1436
-912 1418
-911 1430
-910 1436
-909 1457
-908 1534
-907 1520
-906 1633
-905 1619
-904 1647
-903 1605
-902 1573
-901 1742
-900 1628
-899 1694
-898 1744
-897 1775
-896 1760
-895 1833
-894 1836
-893 1779
-892 1834
-891 1765
-890 1792
-889 1822
-888 1769
-887 1847
-886 1877
-885 1836
-884 1914
-883 1930
-882 1968
-881 1865
-880 1991
-879 1902
-878 1909
-877 1956
-876 1927
-875 1925
-874 1985
-873 1949
-872 2029
-871 2050
-870 2130
-869 2086
-868 2079
-867 2237
-866 2266
-865 2274
-864 2304
-863 2338
-862 2363
-861 2413
-860 2330
-859 2490
-858 2404
-857 2471
-856 2532
-855 2529
-854 2502
-853 2593
-852 2524
-851 2509
-850 2436
-849 2606
-848 2533
-847 2545
-846 2428
-845 2462
-844 2392
-843 2414
-842 2473
-841 2422
-840 2493
-839 2539
-838 2492
-837 2479
-836 2474
-835 2399
-834 2492
-833 2477
-832 2398
-831 2562
-830 2512
-829 2564
-828 2486
-827 2598
-826 2535
-825 2606
-824 2744
-823 2665
-822 2636
-821 2689
-820 2684
-819 2628
-818 2709
-817 2769
-816 2644
-815 2820
-814 2740
-813 2783
-812 2828
-811 2899
-810 2870
-809 2736
-808 2795
-807 2824
-806 2895
-805 2808
-804 2806
-803 2903
-802 2941
-801 2925
-800 2870
-799 2789
-798 2963
-797 2844
-796 2888
-795 3032
-794 2940
-793 2990
-792 2984
-791 3036
-790 3076
-789 3075
-788 3223
-787 3283
-786 3346
-785 3259
-784 3284
-783 3298
-782 3276
-781 3349
-780 3344
-779 3488
-778 3376
-777 3333
-776 3411
-775 3305
-774 3295
-773 3396
-772 3383
-771 3299
-770 3364
-769 3330
-768 3279
-767 3210
-766 3287
-765 3363
-764 3359
-763 3263
-762 3322
-761 3489
-760 3389
-759 3371
-758 3299
-757 3370
-756 3454
-755 3441
-754 3350
-753 3280
-752 3411
-751 3212
-750 3328
-749 3476
-748 3518
-747 3537
-746 3605
-745 3577
-744 3647
-743 3759
-742 3661
-741 3651
-740 3665
-739 3743
-738 3688
-737 3650
-736 3907
-735 3776
-734 3953
-733 3787
-732 3919
-731 3856
-730 3999
-729 3959
-728 3954
-727 3909
-726 4025
-725 3901
-724 3986
-723 4014
-722 4106
-721 4120
-720 4071
-719 3892
-718 3807
-717 4031
-716 3950
-715 4078
-714 3993
-713 3988
-712 4047
-711 3996
-710 4076
-709 4105
-708 4226
-707 4157
-706 4101
-705 4120
-704 4260
-703 4282
-702 4250
-701 4223
-700 4304
-699 4383
-698 4257
-697 4330
-696 4387
-695 4194
-694 4297
-693 4178
-692 4257
-691 4330
-690 4449
-689 4397
-688 4269
-687 4368
-686 4406
-685 4274
-684 4287
-683 4442
-682 4370
-681 4275
-680 4406
-679 4437
-678 4447
-677 4577
-676 4431
-675 4563
-674 4482
-673 4502
-672 4485
-671 4516
-670 4550
-669 4590
-668 4587
-667 4586
-666 4545
-665 4605
-664 4670
-663 4723
-662 4578
-661 4613
-660 4447
-659 4637
-658 4709
-657 4673
-656 4710
-655 4717
-654 4773
-653 4837
-652 4784
-651 4689
-650 4797
-649 4681
-648 4720
-647 4948
-646 4779
-645 4813
-644 4922
-643 4923
-642 5020
-641 4826
-640 4954
-639 5024
-638 4901
-637 4977
-636 5032
-635 4873
-634 4904
-633 4941
-632 4974
-631 5051
-630 4905
-629 4916
-628 5085
-627 4923
-626 5062
-625 4937
-624 5101
-623 5150
-622 4990
-621 5040
-620 5083
-619 5077
-618 5056
-617 5246
-616 5103
-615 5137
-614 5134
-613 5319
-612 5215
-611 5063
-610 5312
-609 5277
-608 5243
-607 5285
-606 5276
-605 5345
-604 5328
-603 5319
-602 5312
-601 5339
-600 5196
-599 5219
-598 5346
-597 5255
-596 5326
-595 5271
-594 5326
-593 5326
-592 5205
-591 5243
-590 5319
-589 5209
-588 5330
-587 5233
-586 5220
-585 5350
-584 5257
-583 5359
-582 5318
-581 5375
-580 5290
-579 5218
-578 5366
-577 5435
-576 5323
-575 5195
-574 5194
-573 5301
-572 5287
-571 5339
-570 5350
-569 5223
-568 5360
-567 5289
-566 5216
-565 5207
-564 5237
-563 5199
-562 5193
-561 5302
-560 5194
-559 5279
-558 5346
-557 5178
-556 5420
-555 5288
-554 5429
-553 5173
-552 5347
-551 5455
-550 5344
-549 5501
-548 5435
-547 5350
-546 5339
-545 5368
-544 5476
-543 5509
-542 5344
-541 5539
-540 5477
-539 5411
-538 5433
-537 5557
-536 5537
-535 5479
-534 5530
-533 5412
-532 5474
-531 5502
-530 5502
-529 5384
-528 5470
-527 5505
-526 5440
-525 5555
-524 5544
-523 5585
-522 5317
-521 5407
-520 5497
-519 5389
-518 5414
-517 5577
-516 5502
-515 5458
-514 5439
-513 5457
-512 5558
-511 5565
-510 5557
-509 5480
-508 5317
-507 5427
-506 5415
-505 5494
-504 5448
-503 5486
-502 5484
-501 5406
-500 5511
-499 5572
-498 5478
-497 5377
-496 5391
-495 5348
-494 5387
-493 5390
-492 5357
-491 5357
-490 5399
-489 5346
-488 5320
-487 5250
-486 5271
-485 5175
-484 5280
-483 5164
-482 5183
-481 5195
-480 5065
-479 5144
-478 5229
-477 5042
-476 5135
-475 5095
-474 4979
-473 5129
-472 5088
-471 5098
-470 5157
-469 5035
-468 5053
-467 5058
-466 5102
-465 5146
-464 5019
-463 5029
-462 5059
-461 4947
-460 5134
-459 5134
-458 5087
-457 5063
-456 5163
-455 5240
-454 5023
-453 5082
-452 5084
-451 5077
-450 5161
-449 5086
-448 5145
-447 5192
-446 5241
-445 5114
-444 5214
-443 5156
-442 5196
-441 5087
-440 5091
-439 5222
-438 5123
-437 5140
-436 5178
-435 5008
-434 5145
-433 5073
-432 5184
-431 5109
-430 5221
-429 5186
-428 5191
-427 5045
-426 5277
-425 5044
-424 5156
-423 5216
-422 5283
-421 5291
-420 5186
-419 5320
-418 5145
-417 5200
-416 5153
-415 5236
-414 5197
-413 5282
-412 5208
-411 5254
-410 5264
-409 5220
-408 5283
-407 5277
-406 5374
-405 5261
-404 5325
-403 5268
-402 5230
-401 5345
-400 5207
-399 5185
-398 5306
-397 5287
-396 5233
-395 5295
-394 5183
-393 5284
-392 5312
-391 5201
-390 5231
-389 5122
-388 5172
-387 5348
-386 5157
-385 5146
-384 5216
-383 5327
-382 5088
-381 5293
-380 5185
-379 5116
-378 5387
-377 5252
-376 5096
-375 5136
-374 5182
-373 5225
-372 5090
-371 5245
-370 5285
-369 5246
-368 5111
-367 5268
-366 5197
-365 5239
-364 5277
-363 5291
-362 5133
-361 5038
-360 5097
-359 5015
-358 5189
-357 5200
-356 5179
-355 5127
-354 5195
-353 5053
-352 5101
-351 4970
-350 5152
-349 5099
-348 4961
-347 5015
-346 4949
-345 5039
-344 5046
-343 4986
-342 4981
-341 4929
-340 4934
-339 5149
-338 4987
-337 5071
-336 5127
-335 4940
-334 5006
-333 5036
-332 5043
-331 5100
-330 5039
-329 4971
-328 5164
-327 4908
-326 4963
-325 4894
-324 4888
-323 4788
-322 4917
-321 4773
-320 4866
-319 4882
-318 4693
-317 4809
-316 4769
-315 4678
-314 4726
-313 4894
-312 4778
-311 4717
-310 4739
-309 4832
-308 4707
-307 4595
-306 4584
-305 4538
-304 4716
-303 4697
-302 4531
-301 4605
-300 4629
-299 4575
-298 4513
-297 4603
-296 4618
-295 4609
-294 4460
-293 4504
-292 4452
-291 4543
-290 4476
-289 4509
-288 4491
-287 4470
-286 4506
-285 4492
-284 4643
-283 4580
-282 4447
-281 4313
-280 4485
-279 4392
-278 4487
-277 4214
-276 4463
-275 4468
-274 4560
-273 4423
-272 4458
-271 4438
-270 4422
-269 4421
-268 4431
-267 4444
-266 4307
-265 4422
-264 4241
-263 4311
-262 4205
-261 4273
-260 4192
-259 4268
-258 4343
-257 4140
-256 4044
-255 4249
-254 4145
-253 4158
-252 4193
-251 4199
-250 4049
-249 4248
-248 4214
-247 4210
-246 4154
-245 4162
-244 4120
-243 4080
-242 4187
-241 4210
-240 4158
-239 4117
-238 4120
-237 4126
-236 4176
-235 4297
-234 4227
-233 4134
-232 4012
-231 4140
-230 4086
-229 4064
-228 4010
-227 4003
-226 4090
-225 4123
-224 4013
-223 3899
-222 3949
-221 3990
-220 3750
-219 3831
-218 3782
-217 3797
-216 3743
-215 3620
-214 3752
-213 3597
-212 3576
-211 3650
-210 3742
-209 3547
-208 3601
-207 3648
-206 3636
-205 3585
-204 3612
-203 3515
-202 3642
-201 3617
-200 3667
-199 3510
-198 3478
-197 3539
-196 3580
-195 3492
-194 3612
-193 3499
-192 3441
-191 3555
-190 3496
-189 3498
-188 3414
-187 3485
-186 3469
-185 3407
-184 3509
-183 3335
-182 3476
-181 3320
-180 3275
-179 3327
-178 3266
-177 3295
-176 3250
-175 3317
-174 3296
-173 3189
-172 3214
-171 3223
-170 3128
-169 3116
-168 3153
-167 3129
-166 3089
-165 3093
-164 3136
-163 3165
-162 3109
-161 3048
-160 3024
-159 3034
-158 3018
-157 2980
-156 3000
-155 2969
-154 2937
-153 2913
-152 3006
-151 3014
-150 2948
-149 2914
-148 2828
-147 2901
-146 2873
-145 2857
-144 2875
-143 2774
-142 2858
-141 2880
-140 2850
-139 2754
-138 2703
-137 2750
-136 2818
-135 2745
-134 2724
-133 2694
-132 2788
-131 2657
-130 2603
-129 2687
-128 2636
-127 2609
-126 2614
-125 2621
-124 2688
-123 2562
-122 2513
-121 2605
-120 2565
-119 2562
-118 2478
-117 2465
-116 2523
-115 2509
-114 2469
-113 2461
-112 2483
-111 2466
-110 2415
-109 2446
-108 2502
-107 2406
-106 2432
-105 2529
-104 2615
-103 2814
-102 2788
-101 2921
-100 2820
-99 2631
-98 2579
-97 2571
-96 2475
-95 2577
-94 2439
-93 2421
-92 2403
-91 2404
-90 2352
-89 2441
-88 2459
-87 2395
-86 2369
-85 2306
-84 2306
-83 2263
-82 2321
-81 2299
-80 2316
-79 2205
-78 2338
-77 2203
-76 2134
-75 2199
-74 2166
-73 2192
-72 2167
-71 2222
-70 2118
-69 2146
-68 2086
-67 2148
-66 2053
-65 2045
-64 2095
-63 2120
-62 2050
-61 2090
-60 1982
-59 1985
-58 2112
-57 1907
-56 1932
-55 1951
-54 1861
-53 1825
-52 1888
-51 1846
-50 1846
-49 1835
-48 1879
-47 1919
-46 1908
-45 1857
-44 1766
-43 1803
-42 1778
-41 1790
-40 1736
-39 1693
-38 1762
-37 1726
-36 1723
-35 1684
-34 1693
-33 1653
-32 1751
-31 1617
-30 1633
-29 1576
-28 1650
-27 1644
-26 1591
-25 1563
-24 1575
-23 1529
-22 1560
-21 1533
-20 1533
-19 1510
-18 1479
-17 1509
-16 1541
-15 1523
-14 1436
-13 1418
-12 1480
-11 1409
-10 1438
-9 1411
-8 1463
-7 1453
-6 1437
-5 1441
-4 1375
-3 1377
-2 1286
-1 1362
0 1460
1 1346
2 1341
3 1329
4 1346
5 1341
6 1361
7 1346
8 1341
9 1318
10 1404
11 1310
12 1357
13 1345
14 1334
15 1351
16 1329
17 1318
18 1259
19 1278
20 1325
21 1213
22 1230
23 1216
24 1212
25 1281
26 1171
27 1226
28 1182
29 1140
30 1148
31 1188
32 1143
33 1189
34 1157
35 1164
36 1135
37 1165
38 1138
39 1171
40 1149
41 1133
42 1105
43 1089
44 1061
45 1079
46 1057
47 1162
48 1083
49 1055
50 1060
51 1082
52 1079
53 1022
54 1071
55 1032
56 1032
57 977
58 1026
59 1026
60 986
61 1008
62 980
63 953
64 966
65 952
66 953
67 929
68 941
69 1001
70 954
71 944
72 917
73 946
74 962
75 887
76 901
77 911
78 894
79 863
80 863
81 834
82 876
83 867
84 834
85 877
86 858
87 870
88 867
89 870
90 810
91 836
92 804
93 827
94 832
95 783
96 841
97 809
98 809
99 782
100 774
101 806
102 767
103 719
104 778
105 746
106 771
107 758
108 733
109 701
110 739
111 732
112 752
113 721
114 710
115 715
116 716
117 694
118 679
119 727
120 709
121 708
122 672
123 680
124 675
125 690
126 693
127 668
128 644
129 693
130 676
131 638
132 609
133 668
134 642
135 617
136 628
137 636
138 605
139 603
140 638
141 569
142 599
143 610
144 594
145 587
146 600
147 560
148 572
149 571
150 620
151 596
152 544
153 588
154 569
155 571
156 596
157 562
158 549
159 569
160 542
161 596
162 568
163 570
164 559
165 536
166 589
167 575
168 515
169 566
170 500
171 559
172 533
173 515
174 571
175 545
176 535
177 525
178 547
179 518
180 537
181 466
182 510
183 533
184 483
185 455
186 475
187 481
188 443
189 492
190 469
191 455
192 448
193 497
194 475
195 466
196 441
197 471
198 457
199 437
200 444
201 426
202 454
203 462
204 399
205 426
206 499
207 418
208 454
209 455
210 431
211 414
212 438
213 402
214 409
215 402
216 387
217 396
218 429
219 456
220 388
221 379
222 413
223 390
224 401
225 349
226 385
227 357
228 405
229 393
230 373
231 359
232 386
233 356
234 390
235 373
236 371
237 357
238 375
239 387
240 358
241 370
242 337
243 347
244 378
245 350
246 350
247 345
248 363
249 351
250 335
251 324
252 341
253 343
254 352
255 323
256 387
257 360
258 393
259 369
260 359
261 346
262 349
263 358
264 347
265 352
266 378
267 338
268 333
269 357
270 314
271 354
272 326
273 319
274 348
275 342
276 365
277 397
278 397
279 348
280 375
281 361
282 375
283 357
284 337
285 361
286 365
287 389
288 359
289 397
290 380
291 362
292 326
293 366
294 316
295 323
296 348
297 320
298 334
299 350
300 358
301 359
302 339
303 344
304 396
305 333
306 342
307 335
308 366
309 358
310 377
311 350
312 359
313 349
314 354
315 333
316 369
317 376
318 385
319 351
320 352
321 367
322 353
323 368
324 363
325 338
326 383
327 356
328 366
329 338
330 347
331 364
332 328
333 335
334 358
335 352
336 362
337 310
338 335
339 348
340 377
341 363
342 351
343 369
344 361
345 359
346 363
347 321
348 344
349 379
350 368
351 357
352 380
353 369
354 346
355 346
356 356
357 369
358 376
359 370
360 365
361 360
362 329
363 355
364 342
365 362
366 348
367 347
368 349
369 350
370 368
371 404
372 348
373 363
374 369
375 357
376 364
377 333
378 376
379 356
380 388
381 341
382 352
383 387
384 384
385 332
386 362
387 369
388 384
389 361
390 368
391 373
392 351
393 333
394 357
395 387
396 359
397 359
398 354
399 378
400 391
401 338
402 393
403 356
404 332
405 391
406 350
407 380
408 325
409 328
410 359
411 348
412 341
413 372
414 349
415 359
416 383
417 337
418 362
419 353
420 360
421 344
422 389
423 361
424 348
425 358
426 356
427 329
428 367
429 354
430 369
431 355
432 348
433 390
434 363
435 369
436 354
437 357
438 364
439 339
440 343
441 330
442 324
443 387
444 348
445 372
446 347
447 387
448 346
449 315
450 347
451 337
452 328
453 331
454 370
455 338
456 335
457 324
458 364
459 304
460 327
461 321
462 316
463 346
464 328
465 313
466 341
467 340
468 323
469 344
470 307
471 337
472 293
473 302
474 303
475 297
476 331
477 304
478 303
479 336
480 301
481 319
482 336
483 302
484 293
485 329
486 300
487 322
488 289
489 295
490 294
491 303
492 324
493 295
494 314
495 281
496 308
497 322
498 311
499 283
500 307
501 277
502 281
503 339
504 273
505 298
506 315
507 302
508 278
509 291
510 292
511 303
512 277
513 279
514 290
515 306
516 311
517 275
518 266
519 270
520 246
521 284
522 274
523 313
524 268
525 282
526 281
527 285
528 282
529 246
530 268
531 266
532 274
533 251
534 265
535 269
536 234
537 237
538 237
539 242
540 250
541 253
542 233
543 245
544 243
545 271
546 268
547 265
548 216
549 237
550 213
551 233
552 245
553 220
554 248
555 225
556 227
557 237
558 219
559 223
560 220
561 225
562 236
563 234
564 234
565 239
566 263
567 245
568 262
569 238
570 238
571 216
572 240
573 260
574 235
575 212
576 216
577 257
578 221
579 207
580 214
581 230
582 208
583 219
584 238
585 208
586 241
587 182
588 231
589 237
590 201
591 218
592 218
593 210
594 213
595 220
596 183
597 188
598 204
599 224
600 214
601 220
602 209
603 173
604 218
605 200
606 214
607 208
608 220
609 213
610 235
611 214
612 220
613 213
614 221
615 208
616 216
617 186
618 196
619 205
620 179
621 196
622 224
623 195
624 197
625 208
626 183
627 210
628 181
629 201
630 185
631 203
632 174
633 197
634 198
635 195
636 207
637 192
638 175
639 200
640 185
641 193
642 176
643 190
644 195
645 184
646 183
647 168
648 170
649 198
650 194
651 172
652 194
653 189
654 178
655 168
656 158
657 179
658 181
659 190
660 182
661 185
662 176
663 171
664 176
665 169
666 194
667 185
668 181
669 189
670 182
671 159
672 163
673 134
674 173
675 152
676 147
677 170
678 141
679 180
680 175
681 167
682 160
683 168
684 189
685 171
686 149
687 160
688 175
689 159
690 170
691 157
692 155
693 165
694 161
695 177
696 174
697 161
698 181
699 145
700 164
701 186
702 157
703 160
704 172
705 162
706 160
707 166
708 136
709 172
710 168
711 156
712 137
713 150
714 146
715 150
716 150
717 153
718 152
719 149
720 184
721 134
722 152
723 147
724 139
725 153
726 133
727 155
728 129
729 148
730 160
731 133
732 152
733 119
734 141
735 145
736 137
737 142
738 117
739 125
740 127
741 139
742 126
743 133
744 152
745 131
746 117
747 155
748 136
749 122
750 149
751 142
752 141
753 126
754 131
755 151
756 119
757 115
758 126
759 117
760 140
761 140
762 127
763 122
764 124
765 148
766 134
767 130
768 140
769 139
770 143
771 130
772 107
773 123
774 100
775 138
776 104
777 110
778 105
779 133
780 91
781 125
782 93
783 121
784 95
785 130
786 124
787 120
788 124
789 102
790 109
791 107
792 106
793 91
794 114
795 100
796 106
797 114
798 125
799 111
800 110
801 111
802 118
803 106
804 98
805 123
806 113
807 97
808 101
809 97
810 102
811 91
812 110
813 123
814 125
815 85
816 92
817 109
818 112
819 93
820 82
821 86
822 86
823 101
824 85
825 105
826 85
827 92
828 90
829 86
830 94
831 78
832 94
833 84
834 93
835 83
836 82
837 99
838 98
839 75
840 111
841 84
842 79
843 80
844 92
845 95
846 101
847 90
848 88
849 88
850 84
851 84
852 90
853 105
854 92
855 79
856 72
857 90
858 96
859 70
860 83
861 95
862 73
863 84
864 72
865 73
866 72
867 71
868 89
869 82
870 85
871 71
872 85
873 80
874 72
875 65
876 80
877 70
878 71
879 75
880 67
881 77
882 62
883 77
884 90
885 90
886 75
887 77
888 83
889 73
890 76
891 67
892 70
893 85
894 59
895 72
896 92
897 65
898 73
899 54
900 75
901 73
902 56
903 63
904 82
905 73
906 67
907 61
908 67
909 64
910 54
911 64
912 54
913 51
914 65
915 82
916 70
917 52
918 63
919 69
920 80
921 60
922 53
923 72
924 64
925 58
926 58
927 51
928 62
929 54
930 64
931 47
932 50
933 51
934 60
935 64
936 70
937 54
938 59
939 56
940 55
941 57
942 57
943 43
944 49
945 34
946 58
947 66
948 56
949 48
950 46
951 40
952 52
953 47
954 46
955 42
956 53
957 51
958 51
959 51
960 58
961 55
962 50
963 57
964 46
965 47
966 38
967 55
968 42
969 48
970 39
971 38
972 46
973 30
974 50
975 50
976 54
977 37
978 36
979 56
980 40
981 43
982 37
983 34
984 31
985 33
986 40
987 48
988 44
989 42
990 59
991 47
992 52
993 31
994 40
995 44
996 47
997 40
998 47
999 47
1000 39
1001 49
1002 29
1003 42
1004 36
1005 32
1006 45
1007 46
1008 54
1009 34
1010 39
1011 42
1012 34
1013 44
1014 34
1015 35
1016 34
1017 40
1018 37
1019 31
1020 28
1021 33
1022 33
1023 28
1024 37
1025 32
1026 39
1027 29
1028 41
1029 32
1030 30
1031 28
1032 32
1033 27
1034 36
1035 41
1036 29
1037 37
1038 30
1039 23
1040 24
1041 23
1042 40
1043 26
1044 33
1045 27
1046 31
1047 25
1048 27
1049 26
1050 38
1051 37
1052 30
1053 34
1054 25
1055 26
1056 26
1057 33
1058 21
1059 28
1060 32
1061 18
1062 17
1063 28
1064 32
1065 23
1066 26
1067 24
1068 36
1069 24
1070 28
1071 26
1072 34
1073 24
1074 18
1075 23
1076 25
1077 27
1078 32
1079 22
1080 22
1081 18
1082 28
1083 16
1084 23
1085 25
1086 24
1087 29
1088 28
1089 28
1090 24
1091 21
1092 19
1093 11
1094 17
1095 25
1096 20
1097 29
1098 18
1099 21
1100 19
1101 17
1102 24
1103 25
1104 29
1105 15
1106 17
1107 21
1108 23
1109 20
1110 17
1111 21
1112 9
1113 18
1114 16
1115 27
1116 14
1117 20
1118 15
1119 14
1120 12
1121 17
1122 21
1123 16
1124 19
1125 15
1126 8
1127 17
1128 12
1129 20
1130 14
1131 19
1132 18
1133 27
1134 18
1135 12
1136 12
1137 19
1138 9
1139 15
1140 15
1141 20
1142 18
1143 10
1144 14
1145 24
1146 13
1147 20
1148 19
1149 13
1150 11
1151 16
1152 8
1153 11
1154 18
1155 12
1156 15
1157 15
1158 13
1159 22
1160 14
1161 15
1162 13
1163 13
1164 17
1165 16
1166 10
1167 17
1168 12
1169 15
1170 15
1171 10
1172 20
1173 20
1174 11
1175 8
1176 16
1177 9
1178 13
1179 7
1180 9
1181 13
1182 15
1183 18
1184 15
1185 10
1186 11
1187 11
1188 9
1189 9
1190 10
1191 6
1192 13
1193 5
1194 8
1195 13
1196 11
1197 10
1198 15
1199 7
1200 7
1201 8
1202 11
1203 11
1204 14
1205 6
1206 9
1207 8
1208 8
1209 7
1210 3
1211 6
1212 4
1213 11
1214 11
1215 8
1216 5
1217 16
1218 9
1219 8
1220 6
1221 15
1222 4
1223 5
1224 5
1225 7
1226 9
1227 9
1228 8
1229 4
1230 2
1231 12
1232 8
1233 5
1234 7
1235 8
1236 9
1237 6
1238 6
1239 16
1240 4
1241 11
1242 4
1243 10
1244 15
1245 9
1246 5
1247 9
1248 3
1249 10
1250 9
1251 5
1252 7
1253 3
1254 8
1255 5
1256 4
1257 7
1258 8
1259 4
1260 8
1261 6
1262 4
1263 7
1264 6
1265 7
1266 5
1267 9
1268 1
1269 3
1270 5
1271 7
1272 2
1273 6
1274 5
1275 8
1276 2
1277 4
1278 3
1279 6
1280 5
1281 4
1282 9
1283 7
1284 4
1285 7
1286 3
1287 7
1288 3
1289 2
1290 4
1291 4
1292 3
1293 3
1294 6
1295 7
1296 7
1297 5
1298 1
1299 3
1300 3
1301 3
1302 2
1303 2
1304 2
1305 4
1306 9
1307 7
1308 3
1309 4
1310 3
1311 1
1312 5
1313 6
1314 4
1316 5
1317 2
1318 4
1319 1
1320 5
1321 3
1322 5
1323 2
1324 2
1325 3
1326 5
1327 2
1328 2
1329 2
1330 4
1331 1
1332 2
1333 2
1334 2
1335 3
1336 2
1337 4
1338 6
1339 1
1340 4
1341 1
1342 1
1343 3
1344 3
1345 1
1346 4
1347 4
1348 2
1349 6
1350 2
1352 2
1353 4
1355 1
1356 2
1357 2
1358 2
1359 3
1360 2
1361 2
1362 2
1363 5
1364 3
1365 1
1366 2
1368 1
1369 3
1370 1
1371 1
1372 3
1373 4
1374 1
1375 2
1377 6
1378 3
1379 5
1380 3
1381 4
1382 3
1383 1
1384 1
1385 3
1386 1
1387 1
1388 2
1389 1
1390 4
1392 2
1393 1
1394 1
1395 1
1396 1
1397 3
1398 3
1400 2
1401 1
1402 3
1403 1
1404 4
1405 2
1406 2
1407 1
1409 1
1410 3
1411 1
1412 1
1413 2
1415 1
1416 1
1417 1
1419 1
1420 2
1423 1
1424 1
1425 1
1426 1
1427 2
1428 2
1429 1
1431 1
1432 2
1435 2
1437 1
1438 1
1440 1
1441 1
1442 2
1444 1
1445 2
1446 2
1447 2
1448 1
1449 1
1450 1
1451 1
1452 1
1453 1
1454 1
1455 1
1456 1
1458 1
1459 1
1460 2
1463 1
1464 2
1465 1
1466 1
1467 1
1473 1
1474 1
1476 2
1477 1
1478 1
1482 1
1485 1
1491 2
1492 1
1497 1
1499 1
1504 1
1505 1
1507 1
1513 1
1519 1
1522 2
1526 1
1527 1
1530 2
1531 1
1532 1
1533 1
1534 2
1538 1
1539 1
1541 1
1547 1
1551 1
1555 1
1558 1
1559 1
1560 1
1561 1
1562 1
1566 1
1568 1
1571 1
1572 1
1578 1
1584 1
1585 1
1587 2
1590 1
1595 2
1603 1
1606 1
1607 2
1609 1
1612 1
1617 1
1618 1
1621 1
1626 1
1648 1
