-986 2
-985 4
-984 3
-983 2
-982 12
-981 9
-980 16
-979 22
-978 25
-977 26
-976 50
-975 49
-974 77
-973 105
-972 109
-971 121
-970 145
-969 148
-968 152
-967 154
-966 152
-965 183
-964 165
-963 185
-962 210
-961 192
-960 209
-959 198
-958 217
-957 177
-956 205
-955 172
-954 197
-953 219
-952 205
-951 203
-950 171
-949 188
-948 184
-947 195
-946 171
-945 199
-944 211
-943 183
-942 210
-941 241
-940 224
-939 252
-938 255
-937 278
-936 251
-935 285
-934 277
-933 242
-932 235
-931 262
-930 261
-929 253
-928 266
-927 224
-926 249
-925 296
-924 310
-923 319
-922 359
-921 340
-920 403
-919 411
-918 421
-917 460
-916 469
-915 524
-914 487
-913 513
-912 541
-911 556
-910 557
-909 570
-908 605
-907 655
-906 626
-905 716
-904 632
-903 644
-902 612
-901 685
-900 661
-899 676
-898 646
-897 704
-896 667
-895 660
-894 740
-893 736
-892 687
-891 748
-890 681
-889 729
-888 743
-887 730
-886 761
-885 782
-884 772
-883 731
-882 726
-881 769
-880 759
-879 777
-878 860
-877 793
-876 884
-875 876
-874 845
-873 905
-872 929
-871 951
-870 916
-869 976
-868 1021
-867 1026
-866 975
-865 984
-864 987
-863 1002
-862 1007
-861 990
-860 1002
-859 1033
-858 1021
-857 976
-856 1000
-855 1031
-854 1000
-853 985
-852 1003
-851 1040
-850 1043
-849 1012
-848 1021
-847 946
-846 987
-845 1008
-844 1001
-843 972
-842 975
-841 1063
-840 1007
-839 1014
-838 1001
-837 1093
-836 1130
-835 1135
-834 1134
-833 1122
-832 1239
-831 1220
-830 1223
-829 1327
-828 1407
-827 1420
-826 1416
-825 1480
-824 1507
-823 1570
-822 1481
-821 1557
-820 1560
-819 1569
-818 1687
-817 1673
-816 1611
-815 1718
-814 1645
-813 1674
-812 1637
-811 1624
-810 1629
-809 1666
-808 1684
-807 1680
-806 1723
-805 1743
-804 1835
-803 1888
-802 1937
-801 1940
-800 2055
-799 2040
-798 2043
-797 2074
-796 2133
-795 2138
-794 2131
-793 2127
-792 2068
-791 2128
-790 2046
-789 2129
-788 2112
-787 2079
-786 2060
-785 2055
-784 2158
-783 2146
-782 2273
-781 2086
-780 2124
-779 2169
-778 2131
-777 2172
-776 2298
-775 2241
-774 2294
-773 2216
-772 2239
-771 2317
-770 2390
-769 2316
-768 2373
-767 2381
-766 2403
-765 2516
-764 2446
-763 2505
-762 2496
-761 2327
-760 2424
-759 2467
-758 2386
-757 2440
-756 2368
-755 2501
-754 2449
-753 2498
-752 2513
-751 2604
-750 2619
-749 2699
-748 2689
-747 2608
-746 2719
-745 2669
-744 2845
-743 2786
-742 2927
-741 2901
-740 2887
-739 2943
-738 2916
-737 2799
-736 2921
-735 2735
-734 2887
-733 2853
-732 2896
-731 2714
-730 2910
-729 2916
-728 2951
-727 2882
-726 2911
-725 2836
-724 2856
-723 2946
-722 2937
-721 2881
-720 2956
-719 2890
-718 2883
-717 2933
-716 2980
-715 3074
-714 3065
-713 3107
-712 3049
-711 3051
-710 3019
-709 3067
-708 3107
-707 3074
-706 2954
-705 3024
-704 2917
-703 2923
-702 2991
-701 2983
-700 3048
-699 3029
-698 3067
-697 3065
-696 3075
-695 2989
-694 3069
-693 3091
-692 2995
-691 3003
-690 3119
-689 3198
-688 3162
-687 3163
-686 3262
-685 3357
-684 3157
-683 3274
-682 3276
-681 3355
-680 3346
-679 3454
-678 3494
-677 3471
-676 3476
-675 3713
-674 3582
-673 3552
-672 3588
-671 3576
-670 3520
-669 3660
-668 3533
-667 3474
-666 3620
-665 3574
-664 3577
-663 3647
-662 3763
-661 3842
-660 3813
-659 3843
-658 3815
-657 3854
-656 3769
-655 3800
-654 3835
-653 3907
-652 4003
-651 3921
-650 3987
-649 3995
-648 3937
-647 3979
-646 3981
-645 3830
-644 4006
-643 4009
-642 4099
-641 4070
-640 3987
-639 4034
-638 3971
-637 4023
-636 4232
-635 4011
-634 4076
-633 4160
-632 4202
-631 4159
-630 4215
-629 4272
-628 4176
-627 4195
-626 4270
-625 4372
-624 4416
-623 4329
-622 4310
-621 4252
-620 4387
-619 4472
-618 4457
-617 4409
-616 4469
-615 4477
-614 4477
-613 4458
-612 4445
-611 4569
-610 4582
-609 4512
-608 4597
-607 4554
-606 4596
-605 4549
-604 4596
-603 4773
-602 4685
-601 4666
-600 4732
-599 4633
-598 4704
-597 4792
-596 4846
-595 4936
-594 4881
-593 4948
-592 4947
-591 4805
-590 4860
-589 4944
-588 4765
-587 4784
-586 4699
-585 4944
-584 4950
-583 4811
-582 4770
-581 4908
-580 4873
-579 4899
-578 4923
-577 4968
-576 4893
-575 5063
-574 5035
-573 5028
-572 5051
-571 5009
-570 5053
-569 5136
-568 4896
-567 5136
-566 5036
-565 5075
-564 5152
-563 5320
-562 5162
-561 5324
-560 5264
-559 5253
-558 5066
-557 5335
-556 5469
-555 5252
-554 5478
-553 5461
-552 5406
-551 5431
-550 5524
-549 5611
-548 5581
-547 5463
-546 5567
-545 5532
-544 5444
-543 5489
-542 5552
-541 5566
-540 5422
-539 5481
-538 5638
-537 5497
-536 5624
-535 5631
-534 5730
-533 5718
-532 5721
-531 5654
-530 5750
-529 5571
-528 5817
-527 5785
-526 5716
-525 5788
-524 5695
-523 5592
-522 5877
-521 5711
-520 5760
-519 5869
-518 5731
-517 5746
-516 5819
-515 5873
-514 5805
-513 5832
-512 5872
-511 5932
-510 5966
-509 6006
-508 5874
-507 5959
-506 6023
-505 6037
-504 6070
-503 6195
-502 6030
-501 6039
-500 6135
-499 6032
-498 6103
-497 6170
-496 6138
-495 6099
-494 6023
-493 6288
-492 6267
-491 6135
-490 6359
-489 6410
-488 6395
-487 6541
-486 6411
-485 6499
-484 6432
-483 6657
-482 6873
-481 6915
-480 7168
-479 6902
-478 6802
-477 6955
-476 6809
-475 6885
-474 6876
-473 6746
-472 6751
-471 6730
-470 6755
-469 6699
-468 6595
-467 6599
-466 6490
-465 6586
-464 6431
-463 6725
-462 6361
-461 6430
-460 6491
-459 6247
-458 6456
-457 6490
-456 6553
-455 6492
-454 6553
-453 6584
-452 6563
-451 6464
-450 6382
-449 6468
-448 6575
-447 6431
-446 6454
-445 6332
-444 6580
-443 6502
-442 6446
-441 6443
-440 6311
-439 6297
-438 6491
-437 6409
-436 6316
-435 6467
-434 6458
-433 6408
-432 6558
-431 6476
-430 6348
-429 6525
-428 6385
-427 6370
-426 6341
-425 6327
-424 6174
-423 6286
-422 6417
-421 6381
-420 6363
-419 6427
-418 6242
-417 6311
-416 6287
-415 6271
-414 6025
-413 6254
-412 6174
-411 6027
-410 6108
-409 6085
-408 5961
-407 6009
-406 5921
-405 5878
-404 5829
-403 5898
-402 6029
-401 6098
-400 6016
-399 5900
-398 5922
-397 5815
-396 5933
-395 5854
-394 6035
-393 5975
-392 5892
-391 5968
-390 5933
-389 5944
-388 6012
-387 6062
-386 5977
-385 6009
-384 5961
-383 6132
-382 5988
-381 5840
-380 5904
-379 5893
-378 5920
-377 5955
-376 5945
-375 6015
-374 5909
-373 5938
-372 5995
-371 5932
-370 5891
-369 5908
-368 5921
-367 5871
-366 5859
-365 5949
-364 5938
-363 5961
-362 5881
-361 6010
-360 5907
-359 5969
-358 5744
-357 5753
-356 5826
-355 5727
-354 5797
-353 5844
-352 5754
-351 5678
-350 5652
-349 5693
-348 5691
-347 5552
-346 5544
-345 5577
-344 5550
-343 5491
-342 5605
-341 5595
-340 5381
-339 5459
-338 5445
-337 5350
-336 5499
-335 5530
-334 5487
-333 5704
-332 5477
-331 5534
-330 5335
-329 5313
-328 5525
-327 5303
-326 5434
-325 5373
-324 5379
-323 5428
-322 5345
-321 5330
-320 5405
-319 5391
-318 5390
-317 5341
-316 5332
-315 5426
-314 5301
-313 5343
-312 5256
-311 5435
-310 5340
-309 5263
-308 5354
-307 5444
-306 5321
-305 5207
-304 5236
-303 5269
-302 5396
-301 5289
-300 5263
-299 5211
-298 5366
-297 5162
-296 5210
-295 5342
-294 5278
-293 5423
-292 5498
-291 5522
-290 5326
-289 5229
-288 5409
-287 5280
-286 5265
-285 5278
-284 5269
-283 5366
-282 5187
-281 5173
-280 5252
-279 5029
-278 4932
-277 5276
-276 5160
-275 5163
-274 4998
-273 5042
-272 5021
-271 4915
-270 4936
-269 4993
-268 4904
-267 4858
-266 5037
-265 4752
-264 4967
-263 4929
-262 4746
-261 4885
-260 4916
-259 4884
-258 4683
-257 4772
-256 4628
-255 4771
-254 4907
-253 4759
-252 4747
-251 4721
-250 4741
-249 4634
-248 4604
-247 4609
-246 4602
-245 4565
-244 4497
-243 4569
-242 4619
-241 4550
-240 4504
-239 4501
-238 4456
-237 4395
-236 4440
-235 4434
-234 4408
-233 4393
-232 4479
-231 4411
-230 4544
-229 4302
-228 4354
-227 4450
-226 4479
-225 4255
-224 4354
-223 4292
-222 4235
-221 4209
-220 4191
-219 4182
-218 4219
-217 4086
-216 4184
-215 4156
-214 4107
-213 4091
-212 4231
-211 4182
-210 4237
-209 4019
-208 4112
-207 4029
-206 4103
-205 4038
-204 4042
-203 4082
-202 4086
-201 4010
-200 3886
-199 3961
-198 3930
-197 3903
-196 3802
-195 3983
-194 3901
-193 3867
-192 4006
-191 3795
-190 3860
-189 3778
-188 3943
-187 3747
-186 3857
-185 3911
-184 3809
-183 3791
-182 3804
-181 3789
-180 3679
-179 3727
-178 3695
-177 3716
-176 3652
-175 3636
-174 3506
-173 3716
-172 3628
-171 3625
-170 3561
-169 3621
-168 3365
-167 3555
-166 3466
-165 3545
-164 3440
-163 3579
-162 3511
-161 3465
-160 3562
-159 3420
-158 3510
-157 3569
-156 3546
-155 3468
-154 3422
-153 3549
-152 3441
-151 3482
-150 3408
-149 3541
-148 3449
-147 3421
-146 3387
-145 3453
-144 3406
-143 3330
-142 3383
-141 3317
-140 3355
-139 3277
-138 3378
-137 3319
-136 3351
-135 3340
-134 3282
-133 3359
-132 3326
-131 3336
-130 3302
-129 3330
-128 3222
-127 3342
-126 3260
-125 3280
-124 3288
-123 3250
-122 3325
-121 3249
-120 3231
-119 3241
-118 3142
-117 3117
-116 3208
-115 3085
-114 3151
-113 3068
-112 3103
-111 3025
-110 3104
-109 3102
-108 3042
-107 3066
-106 3009
-105 3005
-104 3050
-103 3085
-102 3056
-101 3049
-100 3101
-99 2985
-98 2915
-97 2964
-96 2937
-95 2827
-94 2927
-93 2963
-92 2873
-91 2865
-90 2928
-89 2852
-88 2781
-87 2808
-86 2751
-85 2795
-84 2738
-83 2803
-82 2837
-81 2730
-80 2788
-79 2772
-78 2785
-77 2735
-76 2667
-75 2706
-74 2705
-73 2613
-72 2571
-71 2703
-70 2711
-69 2686
-68 2654
-67 2620
-66 2564
-65 2588
-64 2518
-63 2630
-62 2542
-61 2552
-60 2419
-59 2453
-58 2461
-57 2538
-56 2524
-55 2464
-54 2417
-53 2383
-52 2437
-51 2384
-50 2440
-49 2379
-48 2353
-47 2407
-46 2362
-45 2373
-44 2261
-43 2240
-42 2326
-41 2309
-40 2220
-39 2247
-38 2327
-37 2240
-36 2167
-35 2168
-34 2168
-33 2224
-32 2126
-31 2021
-30 2109
-29 2159
-28 2029
-27 1989
-26 2100
-25 2108
-24 2052
-23 2087
-22 2061
-21 2040
-20 2115
-19 2034
-18 2060
-17 2097
-16 2053
-15 1995
-14 2035
-13 2067
-12 2024
-11 2000
-10 1977
-9 1910
-8 1951
-7 1871
-6 1993
-5 1935
-4 2007
-3 1872
-2 1861
-1 1846
0 1903
1 1908
2 1832
3 1808
4 1826
5 1808
6 1777
7 1821
8 1789
9 1734
10 1716
11 1796
12 1676
13 1687
14 1693
15 1727
16 1673
17 1713
18 1762
19 1716
20 1606
21 1608
22 1709
23 1698
24 1633
25 1683
26 1633
27 1602
28 1581
29 1618
30 1678
31 1509
32 1587
33 1554
34 1587
35 1594
36 1585
37 1601
38 1466
39 1562
40 1508
41 1491
42 1523
43 1535
44 1566
45 1504
46 1517
47 1599
48 1589
49 1484
50 1471
51 1495
52 1551
53 1506
54 1464
55 1464
56 1490
57 1397
58 1463
59 1354
60 1404
61 1395
62 1325
63 1379
64 1435
65 1416
66 1365
67 1342
68 1312
69 1331
70 1311
71 1360
72 1367
73 1267
74 1265
75 1215
76 1185
77 1276
78 1227
79 1258
80 1199
81 1219
82 1209
83 1217
84 1212
85 1231
86 1236
87 1191
88 1182
89 1072
90 1125
91 1096
92 1084
93 1119
94 1128
95 1118
96 1073
97 1078
98 1037
99 1140
100 1070
101 1063
102 1094
103 1060
104 1033
105 1047
106 991
107 1076
108 1071
109 1089
110 1013
111 1042
112 1046
113 968
114 989
115 960
116 955
117 970
118 938
119 911
120 972
121 1011
122 989
123 890
124 901
125 917
126 891
127 953
128 903
129 887
130 912
131 895
132 889
133 855
134 875
135 853
136 940
137 841
138 865
139 833
140 862
141 854
142 773
143 817
144 797
145 741
146 866
147 802
148 838
149 789
150 737
151 730
152 822
153 776
154 744
155 737
156 799
157 796
158 720
159 791
160 720
161 740
162 751
163 701
164 667
165 657
166 670
167 662
168 674
169 701
170 684
171 671
172 669
173 691
174 661
175 673
176 664
177 689
178 642
179 672
180 643
181 636
182 617
183 588
184 635
185 635
186 628
187 623
188 595
189 588
190 635
191 590
192 615
193 640
194 620
195 564
196 583
197 618
198 630
199 620
200 564
201 577
202 579
203 535
204 559
205 571
206 538
207 559
208 522
209 570
210 548
211 520
212 552
213 501
214 540
215 547
216 524
217 543
218 534
219 538
220 514
221 456
222 473
223 484
224 516
225 506
226 455
227 454
228 505
229 453
230 465
231 458
232 504
233 474
234 457
235 443
236 502
237 473
238 459
239 437
240 440
241 436
242 471
243 428
244 420
245 416
246 416
247 406
248 407
249 408
250 483
251 413
252 385
253 389
254 408
255 401
256 412
257 383
258 377
259 380
260 417
261 398
262 391
263 388
264 398
265 380
266 371
267 408
268 379
269 372
270 360
271 368
272 367
273 377
274 356
275 360
276 327
277 350
278 342
279 354
280 347
281 353
282 360
283 339
284 322
285 338
286 294
287 327
288 311
289 307
290 312
291 314
292 308
293 289
294 305
295 335
296 305
297 320
298 327
299 284
300 322
301 273
302 295
303 282
304 258
305 298
306 305
307 313
308 277
309 285
310 282
311 274
312 284
313 269
314 267
315 283
316 252
317 271
318 267
319 254
320 247
321 239
322 223
323 251
324 260
325 262
326 251
327 272
328 259
329 256
330 236
331 221
332 277
333 232
334 255
335 219
336 265
337 235
338 233
339 225
340 251
341 227
342 245
343 238
344 217
345 230
346 219
347 238
348 213
349 204
350 230
351 226
352 227
353 193
354 239
355 189
356 252
357 235
358 198
359 207
360 218
361 205
362 189
363 214
364 197
365 191
366 211
367 212
368 213
369 193
370 200
371 222
372 212
373 215
374 215
375 213
376 219
377 191
378 216
379 195
380 208
381 220
382 196
383 209
384 216
385 202
386 211
387 205
388 202
389 188
390 192
391 228
392 209
393 202
394 210
395 235
396 215
397 202
398 212
399 224
400 175
401 218
402 203
403 210
404 236
405 251
406 243
407 251
408 232
409 228
410 237
411 262
412 236
413 250
414 267
415 234
416 230
417 256
418 256
419 246
420 265
421 262
422 299
423 280
424 261
425 251
426 253
427 276
428 289
429 266
430 249
431 268
432 280
433 254
434 270
435 267
436 307
437 264
438 291
439 271
440 301
441 273
442 292
443 271
444 252
445 284
446 280
447 280
448 273
449 278
450 271
451 271
452 252
453 284
454 262
455 253
456 220
457 270
458 255
459 258
460 261
461 260
462 230
463 267
464 265
465 280
466 267
467 283
468 256
469 264
470 274
471 265
472 290
473 263
474 288
475 296
476 290
477 276
478 291
479 288
480 286
481 278
482 256
483 304
484 249
485 276
486 305
487 277
488 297
489 256
490 326
491 293
492 277
493 324
494 286
495 304
496 288
497 299
498 289
499 293
500 329
501 300
502 287
503 295
504 282
505 287
506 310
507 289
508 285
509 298
510 302
511 299
512 303
513 278
514 305
515 300
516 275
517 267
518 296
519 308
520 309
521 315
522 331
523 303
524 278
525 298
526 285
527 276
528 270
529 314
530 286
531 261
532 282
533 307
534 279
535 297
536 286
537 292
538 314
539 294
540 309
541 271
542 296
543 330
544 316
545 298
546 282
547 315
548 303
549 282
550 315
551 296
552 290
553 313
554 302
555 305
556 292
557 342
558 273
559 309
560 320
561 272
562 286
563 320
564 329
565 266
566 293
567 299
568 303
569 314
570 312
571 263
572 280
573 289
574 260
575 320
576 303
577 316
578 288
579 314
580 287
581 242
582 316
583 302
584 261
585 278
586 261
587 281
588 276
589 280
590 292
591 288
592 284
593 270
594 293
595 298
596 259
597 272
598 289
599 274
600 277
601 285
602 274
603 309
604 270
605 294
606 263
607 291
608 269
609 248
610 268
611 263
612 270
613 257
614 260
615 255
616 263
617 263
618 241
619 271
620 265
621 231
622 243
623 261
624 267
625 243
626 242
627 260
628 267
629 267
630 236
631 258
632 255
633 243
634 233
635 230
636 253
637 238
638 257
639 227
640 246
641 243
642 242
643 238
644 241
645 242
646 232
647 230
648 204
649 230
650 221
651 237
652 225
653 184
654 237
655 243
656 253
657 230
658 225
659 223
660 224
661 246
662 226
663 227
664 224
665 231
666 235
667 200
668 197
669 218
670 223
671 214
672 194
673 199
674 236
675 208
676 215
677 194
678 214
679 172
680 204
681 194
682 205
683 187
684 190
685 213
686 206
687 194
688 209
689 189
690 191
691 187
692 216
693 203
694 206
695 226
696 213
697 202
698 195
699 176
700 202
701 176
702 185
703 213
704 184
705 225
706 200
707 193
708 193
709 208
710 169
711 191
712 185
713 198
714 181
715 163
716 184
717 183
718 179
719 169
720 177
721 198
722 203
723 204
724 184
725 175
726 178
727 175
728 197
729 166
730 181
731 193
732 172
733 150
734 166
735 159
736 159
737 186
738 166
739 171
740 170
741 161
742 165
743 184
744 169
745 152
746 143
747 168
748 187
749 162
750 167
751 154
752 174
753 181
754 157
755 163
756 163
757 189
758 177
759 153
760 171
761 140
762 172
763 164
764 183
765 162
766 159
767 167
768 157
769 156
770 181
771 152
772 163
773 154
774 153
775 156
776 142
777 152
778 135
779 167
780 159
781 151
782 153
783 146
784 159
785 135
786 148
787 144
788 161
789 145
790 146
791 134
792 147
793 152
794 140
795 136
796 156
797 162
798 135
799 137
800 124
801 141
802 142
803 167
804 133
805 138
806 110
807 148
808 140
809 137
810 115
811 131
812 145
813 145
814 118
815 122
816 126
817 138
818 121
819 119
820 146
821 149
822 127
823 118
824 116
825 117
826 146
827 150
828 123
829 135
830 121
831 123
832 114
833 128
834 132
835 125
836 111
837 119
838 132
839 137
840 126
841 119
842 128
843 116
844 116
845 114
846 134
847 121
848 119
849 91
850 117
851 134
852 105
853 123
854 120
855 116
856 104
857 119
858 109
859 111
860 109
861 88
862 113
863 108
864 127
865 91
866 106
867 126
868 105
869 111
870 99
871 121
872 99
873 124
874 131
875 112
876 100
877 93
878 117
879 104
880 107
881 106
882 92
883 93
884 97
885 102
886 89
887 114
888 91
889 111
890 89
891 103
892 96
893 99
894 95
895 102
896 94
897 107
898 97
899 94
900 101
901 119
902 91
903 87
904 89
905 93
906 95
907 76
908 95
909 78
910 96
911 84
912 113
913 99
914 99
915 85
916 85
917 85
918 93
919 80
920 86
921 92
922 85
923 80
924 74
925 80
926 87
927 90
928 86
929 76
930 86
931 85
932 73
933 90
934 98
935 78
936 63
937 86
938 85
939 76
940 83
941 77
942 70
943 66
944 81
945 64
946 72
947 76
948 89
949 90
950 71
951 80
952 71
953 60
954 80
955 69
956 74
957 73
958 61
959 77
960 86
961 62
962 63
963 64
964 72
965 78
966 72
967 52
968 75
969 56
970 62
971 71
972 64
973 65
974 56
975 60
976 61
977 78
978 64
979 63
980 62
981 57
982 66
983 74
984 67
985 43
986 75
987 70
988 54
989 58
990 59
991 45
992 64
993 54
994 69
995 67
996 54
997 58
998 55
999 65
1000 57
1001 56
1002 65
1003 48
1004 56
1005 49
1006 61
1007 62
1008 45
1009 53
1010 50
1011 70
1012 37
1013 51
1014 59
1015 40
1016 67
1017 56
1018 41
1019 49
1020 52
1021 49
1022 54
1023 62
1024 42
1025 46
1026 51
1027 45
1028 41
1029 58
1030 48
1031 44
1032 45
1033 38
1034 52
1035 52
1036 48
1037 35
1038 49
1039 43
1040 32
1041 49
1042 35
1043 32
1044 43
1045 55
1046 42
1047 38
1048 43
1049 33
1050 39
1051 48
1052 47
1053 52
1054 43
1055 37
1056 50
1057 39
1058 38
1059 27
1060 43
1061 39
1062 29
1063 48
1064 46
1065 31
1066 39
1067 27
1068 40
1069 37
1070 34
1071 37
1072 37
1073 53
1074 40
1075 30
1076 29
1077 23
1078 29
1079 30
1080 49
1081 29
1082 29
1083 39
1084 34
1085 36
1086 38
1087 48
1088 33
1089 40
1090 28
1091 31
1092 25
1093 31
1094 36
1095 30
1096 29
1097 22
1098 34
1099 28
1100 33
1101 29
1102 29
1103 31
1104 31
1105 22
1106 23
1107 33
1108 25
1109 31
1110 25
1111 30
1112 18
1113 24
1114 12
1115 27
1116 23
1117 25
1118 18
1119 25
1120 29
1121 26
1122 19
1123 22
1124 25
1125 22
1126 27
1127 26
1128 23
1129 25
1130 29
1131 23
1132 23
1133 22
1134 21
1135 22
1136 24
1137 30
1138 31
1139 30
1140 26
1141 28
1142 16
1143 30
1144 16
1145 19
1146 19
1147 20
1148 23
1149 20
1150 22
1151 24
1152 12
1153 22
1154 16
1155 20
1156 29
1157 23
1158 20
1159 11
1160 19
1161 21
1162 19
1163 13
1164 13
1165 21
1166 23
1167 10
1168 16
1169 16
1170 20
1171 32
1172 21
1173 16
1174 16
1175 15
1176 15
1177 10
1178 26
1179 19
1180 16
1181 12
1182 16
1183 11
1184 17
1185 24
1186 15
1187 19
1188 16
1189 12
1190 14
1191 13
1192 19
1193 12
1194 17
1195 14
1196 9
1197 13
1198 20
1199 22
1200 11
1201 17
1202 12
1203 14
1204 9
1205 14
1206 19
1207 10
1208 8
1209 13
1210 9
1211 12
1212 14
1213 17
1214 8
1215 16
1216 8
1217 13
1218 12
1219 15
1220 23
1221 13
1222 11
1223 20
1224 15
1225 9
1226 13
1227 9
1228 21
1229 17
1230 10
1231 12
1232 13
1233 10
1234 6
1235 13
1236 11
1237 9
1238 9
1239 9
1240 14
1241 12
1242 10
1243 11
1244 13
1245 10
1246 8
1247 9
1248 9
1249 11
1250 16
1251 9
1252 14
1253 7
1254 20
1255 12
1256 9
1257 9
1258 11
1259 10
1260 6
1261 10
1262 12
1263 9
1264 12
1265 9
1266 9
1267 12
1268 7
1269 8
1270 12
1271 2
1272 13
1273 7
1274 7
1275 9
1276 8
1277 9
1278 9
1279 4
1280 8
1281 9
1282 9
1283 7
1284 12
1285 7
1286 5
1287 10
1288 7
1289 5
1290 8
1291 7
1292 6
1293 4
1294 5
1295 8
1296 6
1297 10
1298 7
1299 6
1300 9
1301 6
1302 5
1303 9
1304 5
1305 11
1306 2
1307 12
1308 4
1309 4
1310 6
1311 4
1312 9
1313 7
1314 2
1315 3
1316 4
1317 9
1318 7
1319 6
1320 7
1321 6
1322 9
1323 7
1324 4
1325 2
1326 11
1327 4
1328 7
1329 6
1330 5
1331 7
1332 4
1333 7
1334 2
1335 4
1336 3
1337 7
1338 7
1339 4
1340 7
1341 5
1342 1
1343 4
1344 7
1345 15
1347 4
1348 9
1349 7
1350 5
1351 6
1352 2
1353 2
1354 6
1355 9
1356 3
1357 2
1358 5
1359 2
1360 3
1361 3
1362 4
1363 1
1364 5
1365 1
1366 2
1367 4
1368 4
1369 2
1370 4
1371 5
1372 6
1373 5
1374 2
1375 6
1376 6
1377 6
1378 5
1379 4
1380 4
1381 4
1382 2
1383 5
1384 3
1385 5
1386 3
1387 2
1389 2
1390 9
1391 2
1392 5
1393 4
1394 3
1395 5
1396 5
1397 4
1398 1
1399 6
1400 1
1401 4
1402 6
1403 1
1404 3
1405 3
1406 3
1407 4
1408 2
1409 5
1410 2
1411 4
1412 2
1413 5
1414 7
1415 4
1416 4
1417 2
1418 3
1419 1
1420 7
1421 3
1422 3
1423 3
1424 3
1425 4
1426 1
1427 4
1428 2
1429 4
1430 4
1431 2
1432 4
1433 1
1434 2
1435 1
1436 5
1437 5
1438 1
1439 2
1440 5
1441 3
1442 2
1443 3
1444 4
1445 6
1446 3
1447 3
1448 1
1449 3
1450 2
1453 1
1454 2
1455 1
1456 2
1457 3
1458 2
1459 1
1460 3
1461 1
1462 7
1463 1
1464 3
1465 1
1466 1
1467 3
1468 3
1469 2
1470 2
1471 3
1472 2
1473 2
1474 1
1477 4
1478 4
1479 1
1481 2
1482 1
1483 2
1484 1
1486 2
1487 3
1489 3
1490 1
1491 1
1493 1
1494 4
1495 1
1496 1
1498 1
1499 1
1500 1
1501 1
1504 2
1507 1
1509 2
1510 1
1512 4
1513 1
1514 1
1516 1
1520 2
1521 2
1523 1
1525 2
1526 2
1527 1
1528 2
1529 1
1530 2
1531 2
1534 1
1536 1
1540 1
1542 1
1543 1
1546 1
1559 1
1560 1
1571 2
1572 1
1575 1
1576 1
1578 1
1579 1
1581 2
1590 2
1605 1
1616 1
1622 1
1637 1
1644 1
1646 2
1653 1
1655 1
1660 1
1663 1
1665 1
