-903 3
-902 8
-901 11
-900 13
-899 15
-898 22
-897 33
-896 26
-895 31
-894 48
-893 56
-892 61
-891 81
-890 96
-889 121
-888 106
-887 136
-886 134
-885 125
-884 114
-883 110
-882 115
-881 108
-880 102
-879 87
-878 97
-877 113
-876 89
-875 93
-874 90
-873 92
-872 104
-871 95
-870 95
-869 101
-868 85
-867 101
-866 112
-865 117
-864 113
-863 126
-862 99
-861 99
-860 107
-859 109
-858 131
-857 112
-856 94
-855 108
-854 120
-853 136
-852 158
-851 129
-850 105
-849 121
-848 100
-847 110
-846 111
-845 122
-844 146
-843 117
-842 133
-841 149
-840 147
-839 151
-838 164
-837 144
-836 148
-835 177
-834 172
-833 207
-832 183
-831 173
-830 154
-829 172
-828 159
-827 177
-826 175
-825 205
-824 178
-823 181
-822 214
-821 198
-820 181
-819 205
-818 201
-817 174
-816 177
-815 161
-814 181
-813 185
-812 169
-811 173
-810 179
-809 146
-808 158
-807 177
-806 153
-805 149
-804 194
-803 160
-802 182
-801 191
-800 181
-799 172
-798 167
-797 187
-796 201
-795 173
-794 188
-793 188
-792 232
-791 230
-790 273
-789 267
-788 264
-787 356
-786 333
-785 437
-784 446
-783 417
-782 443
-781 491
-780 513
-779 585
-778 612
-777 613
-776 707
-775 727
-774 730
-773 798
-772 848
-771 864
-770 915
-769 860
-768 870
-767 858
-766 930
-765 926
-764 919
-763 929
-762 990
-761 1033
-760 1002
-759 950
-758 1015
-757 941
-756 1053
-755 978
-754 936
-753 960
-752 888
-751 949
-750 902
-749 969
-748 924
-747 1031
-746 1024
-745 972
-744 1024
-743 979
-742 1037
-741 1062
-740 1001
-739 1086
-738 962
-737 1085
-736 1004
-735 1003
-734 988
-733 1048
-732 1002
-731 1129
-730 1068
-729 1036
-728 1029
-727 1080
-726 1155
-725 1201
-724 1213
-723 1235
-722 1303
-721 1306
-720 1313
-719 1371
-718 1423
-717 1362
-716 1308
-715 1342
-714 1250
-713 1368
-712 1321
-711 1322
-710 1293
-709 1238
-708 1278
-707 1302
-706 1300
-705 1246
-704 1281
-703 1293
-702 1367
-701 1332
-700 1337
-699 1371
-698 1363
-697 1424
-696 1481
-695 1396
-694 1434
-693 1510
-692 1467
-691 1393
-690 1489
-689 1464
-688 1496
-687 1549
-686 1610
-685 1536
-684 1583
-683 1630
-682 1592
-681 1744
-680 1720
-679 1765
-678 1679
-677 1754
-676 1687
-675 1697
-674 1778
-673 1856
-672 1896
-671 1864
-670 1899
-669 1918
-668 1946
-667 1998
-666 1974
-665 2030
-664 2016
-663 2103
-662 2110
-661 2076
-660 2156
-659 2170
-658 2148
-657 2212
-656 2196
-655 2277
-654 2251
-653 2281
-652 2281
-651 2321
-650 2316
-649 2381
-648 2399
-647 2457
-646 2457
-645 2476
-644 2427
-643 2470
-642 2545
-641 2386
-640 2364
-639 2429
-638 2493
-637 2442
-636 2502
-635 2394
-634 2431
-633 2407
-632 2444
-631 2435
-630 2552
-629 2451
-628 2528
-627 2607
-626 2740
-625 2648
-624 2802
-623 2910
-622 2820
-621 2895
-620 3018
-619 2996
-618 3125
-617 3048
-616 3115
-615 3198
-614 3228
-613 3267
-612 3331
-611 3421
-610 3282
-609 3309
-608 3392
-607 3382
-606 3426
-605 3415
-604 3569
-603 3570
-602 3715
-601 3646
-600 3684
-599 3715
-598 3700
-597 3771
-596 3846
-595 3760
-594 3926
-593 3884
-592 3956
-591 3944
-590 4067
-589 3953
-588 4045
-587 4109
-586 4015
-585 4190
-584 4070
-583 4042
-582 4147
-581 4198
-580 4235
-579 4109
-578 4031
-577 4160
-576 4117
-575 4034
-574 4161
-573 4238
-572 4322
-571 4255
-570 4245
-569 4279
-568 4346
-567 4398
-566 4469
-565 4513
-564 4564
-563 4582
-562 4633
-561 4707
-560 4673
-559 4587
-558 4850
-557 4877
-556 4820
-555 4622
-554 4721
-553 4753
-552 4718
-551 4860
-550 5070
-549 4980
-548 5102
-547 5105
-546 5002
-545 5056
-544 4992
-543 5090
-542 5254
-541 5393
-540 5359
-539 5343
-538 5147
-537 5380
-536 5417
-535 5449
-534 5424
-533 5460
-532 5532
-531 5610
-530 5513
-529 5739
-528 5662
-527 5554
-526 5685
-525 5672
-524 5486
-523 5616
-522 5652
-521 5652
-520 5694
-519 5618
-518 5576
-517 5591
-516 5711
-515 5730
-514 5712
-513 5613
-512 5754
-511 5839
-510 5746
-509 5844
-508 5880
-507 5844
-506 5852
-505 5971
-504 6169
-503 6079
-502 6051
-501 6359
-500 6118
-499 6120
-498 6262
-497 6207
-496 6200
-495 6318
-494 6153
-493 6240
-492 6271
-491 6201
-490 6207
-489 6375
-488 6326
-487 6430
-486 6413
-485 6478
-484 6457
-483 6272
-482 6447
-481 6388
-480 6533
-479 6300
-478 6346
-477 6373
-476 6523
-475 6524
-474 6641
-473 6366
-472 6534
-471 6506
-470 6630
-469 6629
-468 6511
-467 6673
-466 6614
-465 6404
-464 6697
-463 6491
-462 6448
-461 6393
-460 6426
-459 6388
-458 6378
-457 6394
-456 6517
-455 6413
-454 6384
-453 6433
-452 6499
-451 6374
-450 6436
-449 6570
-448 6690
-447 6552
-446 6600
-445 6623
-444 6645
-443 6729
-442 6731
-441 6737
-440 6801
-439 6845
-438 6905
-437 6938
-436 6878
-435 6819
-434 6956
-433 6997
-432 7061
-431 6919
-430 7098
-429 6971
-428 7245
-427 7043
-426 7197
-425 7190
-424 7227
-423 7224
-422 7213
-421 7028
-420 7206
-419 7091
-418 7227
-417 7233
-416 7264
-415 7302
-414 7320
-413 7385
-412 7226
-411 7193
-410 7254
-409 7187
-408 7264
-407 7459
-406 7504
-405 7495
-404 7272
-403 7493
-402 7348
-401 7313
-400 7308
-399 7464
-398 7419
-397 7415
-396 7529
-395 7524
-394 7623
-393 7632
-392 7499
-391 7578
-390 7723
-389 7474
-388 7618
-387 7497
-386 7416
-385 7450
-384 7411
-383 7448
-382 7453
-381 7475
-380 7449
-379 7413
-378 7453
-377 7530
-376 7242
-375 7382
-374 7226
-373 7350
-372 7343
-371 7133
-370 7074
-369 7096
-368 6991
-367 7018
-366 6997
-365 7059
-364 7167
-363 7258
-362 7209
-361 6953
-360 7106
-359 6952
-358 7122
-357 7009
-356 7149
-355 7210
-354 7026
-353 7031
-352 7125
-351 7041
-350 7119
-349 7206
-348 7133
-347 7116
-346 7100
-345 7145
-344 7170
-343 7012
-342 7062
-341 6935
-340 7109
-339 6992
-338 6933
-337 7022
-336 7051
-335 6893
-334 7032
-333 6882
-332 6938
-331 6787
-330 6776
-329 7052
-328 6886
-327 6834
-326 6831
-325 6877
-324 6810
-323 6684
-322 6740
-321 6842
-320 6695
-319 6633
-318 6979
-317 6861
-316 6905
-315 6652
-314 6920
-313 6845
-312 6676
-311 6697
-310 6824
-309 6800
-308 6834
-307 6729
-306 6755
-305 6971
-304 6847
-303 6788
-302 6789
-301 6807
-300 6750
-299 6551
-298 6682
-297 6558
-296 6644
-295 6668
-294 6658
-293 6376
-292 6505
-291 6505
-290 6470
-289 6416
-288 6399
-287 6480
-286 6499
-285 6442
-284 6669
-283 6486
-282 6556
-281 6459
-280 6443
-279 6585
-278 6519
-277 6624
-276 6458
-275 6404
-274 6539
-273 6412
-272 6429
-271 6458
-270 6288
-269 6433
-268 6371
-267 6577
-266 6489
-265 6383
-264 6253
-263 6327
-262 6427
-261 6317
-260 6155
-259 6376
-258 6310
-257 6320
-256 6337
-255 6264
-254 6268
-253 6239
-252 6247
-251 6131
-250 6250
-249 6233
-248 6183
-247 6282
-246 6163
-245 6223
-244 6248
-243 6258
-242 6154
-241 6214
-240 6187
-239 6075
-238 5937
-237 6002
-236 6096
-235 6295
-234 6066
-233 6028
-232 6028
-231 5972
-230 5956
-229 6054
-228 5774
-227 5932
-226 5963
-225 5963
-224 5973
-223 5941
-222 5956
-221 6008
-220 6018
-219 5967
-218 6002
-217 5894
-216 5890
-215 5822
-214 5795
-213 5875
-212 5875
-211 5734
-210 5618
-209 5699
-208 5705
-207 5845
-206 5563
-205 5531
-204 5446
-203 5522
-202 5504
-201 5619
-200 5433
-199 5461
-198 5523
-197 5543
-196 5523
-195 5436
-194 5243
-193 5335
-192 5283
-191 5338
-190 5283
-189 5363
-188 5334
-187 5225
-186 5320
-185 5227
-184 5200
-183 5173
-182 5142
-181 5017
-180 5184
-179 5177
-178 5110
-177 5101
-176 4987
-175 5072
-174 4997
-173 4968
-172 4971
-171 5011
-170 5070
-169 4992
-168 4926
-167 4872
-166 4764
-165 4762
-164 4816
-163 4795
-162 4684
-161 4867
-160 4843
-159 4845
-158 4818
-157 4790
-156 4895
-155 4713
-154 4878
-153 4812
-152 4723
-151 4654
-150 4783
-149 4832
-148 4776
-147 4573
-146 4745
-145 4658
-144 4754
-143 4530
-142 4500
-141 4611
-140 4653
-139 4508
-138 4497
-137 4474
-136 4445
-135 4396
-134 4301
-133 4277
-132 4513
-131 4406
-130 4410
-129 4333
-128 4398
-127 4297
-126 4306
-125 4337
-124 4340
-123 4272
-122 4358
-121 4382
-120 4299
-119 4239
-118 3983
-117 4284
-116 4064
-115 4200
-114 4125
-113 4114
-112 4095
-111 4142
-110 4028
-109 3880
-108 3931
-107 3993
-106 3894
-105 3895
-104 3886
-103 3831
-102 3838
-101 3774
-100 3797
-99 3962
-98 3766
-97 3796
-96 3750
-95 3704
-94 3663
-93 3641
-92 3692
-91 3629
-90 3560
-89 3614
-88 3693
-87 3489
-86 3629
-85 3522
-84 3498
-83 3541
-82 3394
-81 3431
-80 3436
-79 3462
-78 3330
-77 3347
-76 3315
-75 3347
-74 3313
-73 3158
-72 3239
-71 3196
-70 3263
-69 3287
-68 3136
-67 3199
-66 3207
-65 3166
-64 3200
-63 3137
-62 3148
-61 3013
-60 3091
-59 3103
-58 3067
-57 3003
-56 2939
-55 3002
-54 2884
-53 2967
-52 2987
-51 2896
-50 3021
-49 2837
-48 2886
-47 2791
-46 2805
-45 2835
-44 2739
-43 2777
-42 2749
-41 2739
-40 2650
-39 2723
-38 2699
-37 2621
-36 2666
-35 2724
-34 2591
-33 2690
-32 2587
-31 2525
-30 2576
-29 2608
-28 2637
-27 2541
-26 2558
-25 2557
-24 2489
-23 2554
-22 2553
-21 2414
-20 2448
-19 2421
-18 2487
-17 2429
-16 2442
-15 2431
-14 2375
-13 2412
-12 2343
-11 2390
-10 2361
-9 2377
-8 2386
-7 2271
-6 2419
-5 2396
-4 2357
-3 2349
-2 2353
-1 2326
0 2251
1 2267
2 2302
3 2228
4 2276
5 2196
6 2161
7 2173
8 2182
9 2165
10 2173
11 2083
12 2108
13 2123
14 2198
15 2137
16 2157
17 2088
18 2160
19 2070
20 2097
21 2038
22 2064
23 2128
24 2079
25 2042
26 2045
27 1989
28 1971
29 1910
30 1966
31 1979
32 1946
33 2070
34 1945
35 2036
36 1965
37 1904
38 1965
39 1907
40 1859
41 1931
42 1918
43 1900
44 1916
45 1857
46 1955
47 1857
48 1830
49 1908
50 1908
51 1740
52 1784
53 1755
54 1775
55 1783
56 1731
57 1786
58 1835
59 1739
60 1673
61 1725
62 1757
63 1653
64 1631
65 1671
66 1622
67 1676
68 1641
69 1623
70 1663
71 1647
72 1609
73 1618
74 1659
75 1619
76 1537
77 1627
78 1623
79 1535
80 1546
81 1457
82 1483
83 1504
84 1464
85 1455
86 1466
87 1414
88 1498
89 1367
90 1455
91 1386
92 1385
93 1441
94 1338
95 1363
96 1393
97 1360
98 1286
99 1331
100 1240
101 1256
102 1335
103 1298
104 1290
105 1245
106 1245
107 1251
108 1234
109 1205
110 1271
111 1256
112 1222
113 1179
114 1236
115 1176
116 1212
117 1190
118 1115
119 1091
120 1134
121 1146
122 1100
123 1118
124 1098
125 1084
126 1121
127 1093
128 1075
129 1052
130 1069
131 1065
132 1065
133 1036
134 1042
135 1005
136 1015
137 1010
138 1031
139 1016
140 1046
141 1013
142 969
143 910
144 980
145 950
146 980
147 948
148 958
149 926
150 931
151 933
152 923
153 902
154 880
155 879
156 872
157 915
158 845
159 921
160 901
161 899
162 867
163 829
164 889
165 816
166 817
167 826
168 826
169 813
170 864
171 791
172 758
173 807
174 782
175 832
176 743
177 778
178 747
179 770
180 709
181 733
182 708
183 700
184 719
185 718
186 691
187 708
188 683
189 659
190 680
191 679
192 654
193 696
194 684
195 629
196 659
197 667
198 656
199 646
200 658
201 648
202 647
203 613
204 634
205 602
206 608
207 652
208 612
209 591
210 576
211 567
212 575
213 548
214 540
215 568
216 546
217 566
218 538
219 543
220 553
221 533
222 548
223 527
224 509
225 512
226 547
227 518
228 492
229 534
230 492
231 488
232 500
233 478
234 475
235 488
236 506
237 480
238 465
239 487
240 466
241 437
242 459
243 438
244 435
245 448
246 439
247 455
248 474
249 414
250 407
251 379
252 398
253 387
254 404
255 444
256 401
257 424
258 383
259 416
260 395
261 374
262 391
263 375
264 389
265 379
266 402
267 367
268 366
269 342
270 370
271 388
272 364
273 365
274 344
275 296
276 356
277 357
278 329
279 322
280 314
281 340
282 305
283 335
284 313
285 301
286 327
287 320
288 343
289 279
290 294
291 302
292 334
293 304
294 316
295 320
296 289
297 260
298 278
299 279
300 295
301 264
302 259
303 257
304 260
305 294
306 272
307 252
308 257
309 289
310 294
311 247
312 260
313 253
314 281
315 239
316 252
317 239
318 251
319 222
320 230
321 249
322 244
323 257
324 239
325 232
326 231
327 242
328 230
329 228
330 234
331 228
332 230
333 239
334 189
335 236
336 205
337 194
338 197
339 203
340 194
341 210
342 190
343 205
344 180
345 207
346 188
347 200
348 211
349 185
350 184
351 179
352 179
353 170
354 190
355 198
356 168
357 185
358 171
359 186
360 165
361 188
362 171
363 187
364 161
365 193
366 181
367 185
368 194
369 166
370 166
371 177
372 169
373 168
374 156
375 154
376 170
377 175
378 154
379 171
380 157
381 140
382 169
383 123
384 167
385 148
386 158
387 161
388 160
389 163
390 144
391 152
392 155
393 183
394 163
395 166
396 160
397 161
398 140
399 176
400 152
401 156
402 154
403 185
404 155
405 153
406 150
407 177
408 162
409 141
410 153
411 167
412 137
413 176
414 163
415 167
416 145
417 163
418 161
419 120
420 142
421 154
422 140
423 143
424 158
425 146
426 147
427 133
428 138
429 154
430 159
431 138
432 158
433 174
434 159
435 159
436 145
437 174
438 134
439 153
440 158
441 160
442 136
443 163
444 161
445 149
446 145
447 134
448 158
449 134
450 145
451 167
452 147
453 154
454 138
455 143
456 134
457 151
458 155
459 137
460 130
461 141
462 154
463 140
464 151
465 156
466 128
467 136
468 126
469 136
470 130
471 162
472 169
473 126
474 141
475 131
476 142
477 137
478 125
479 131
480 149
481 150
482 130
483 148
484 121
485 125
486 120
487 123
488 133
489 154
490 126
491 139
492 112
493 139
494 141
495 149
496 135
497 131
498 117
499 132
500 133
501 129
502 121
503 127
504 116
505 136
506 123
507 132
508 152
509 132
510 150
511 150
512 137
513 123
514 155
515 119
516 123
517 137
518 136
519 157
520 127
521 151
522 124
523 156
524 147
525 156
526 137
527 156
528 140
529 140
530 138
531 147
532 127
533 132
534 148
535 157
536 145
537 137
538 122
539 130
540 126
541 150
542 140
543 157
544 164
545 174
546 162
547 142
548 137
549 159
550 153
551 147
552 156
553 169
554 155
555 155
556 169
557 149
558 161
559 148
560 140
561 168
562 168
563 141
564 160
565 188
566 148
567 156
568 141
569 177
570 159
571 161
572 158
573 147
574 155
575 154
576 146
577 146
578 169
579 159
580 187
581 169
582 169
583 164
584 153
585 179
586 151
587 156
588 168
589 178
590 168
591 180
592 136
593 163
594 176
595 147
596 166
597 169
598 140
599 160
600 184
601 187
602 214
603 162
604 154
605 182
606 182
607 177
608 160
609 172
610 166
611 151
612 179
613 154
614 169
615 161
616 157
617 156
618 170
619 170
620 152
621 156
622 146
623 149
624 151
625 153
626 155
627 177
628 160
629 179
630 164
631 170
632 140
633 179
634 161
635 169
636 143
637 152
638 186
639 178
640 171
641 146
642 171
643 160
644 161
645 154
646 135
647 177
648 131
649 142
650 169
651 162
652 132
653 145
654 143
655 142
656 144
657 149
658 151
659 160
660 142
661 149
662 106
663 145
664 138
665 160
666 134
667 124
668 146
669 126
670 147
671 138
672 144
673 150
674 170
675 144
676 125
677 132
678 130
679 138
680 140
681 134
682 122
683 135
684 123
685 122
686 148
687 131
688 135
689 143
690 135
691 121
692 120
693 131
694 133
695 130
696 133
697 135
698 139
699 107
700 125
701 129
702 131
703 117
704 108
705 148
706 99
707 121
708 129
709 132
710 122
711 140
712 117
713 114
714 120
715 142
716 130
717 137
718 116
719 120
720 98
721 120
722 129
723 112
724 140
725 124
726 111
727 121
728 109
729 120
730 110
731 116
732 108
733 127
734 116
735 109
736 117
737 118
738 114
739 105
740 106
741 119
742 106
743 111
744 118
745 119
746 118
747 106
748 84
749 106
750 96
751 105
752 93
753 92
754 83
755 109
756 104
757 102
758 115
759 108
760 115
761 99
762 88
763 101
764 108
765 98
766 100
767 83
768 100
769 94
770 111
771 89
772 98
773 110
774 91
775 96
776 98
777 78
778 102
779 98
780 93
781 90
782 115
783 87
784 95
785 92
786 114
787 88
788 77
789 84
790 97
791 83
792 73
793 90
794 95
795 87
796 91
797 83
798 84
799 93
800 95
801 75
802 77
803 67
804 90
805 67
806 92
807 96
808 78
809 93
810 84
811 70
812 65
813 70
814 71
815 79
816 83
817 88
818 87
819 91
820 76
821 71
822 67
823 83
824 78
825 73
826 59
827 54
828 63
829 66
830 71
831 59
832 67
833 64
834 75
835 73
836 76
837 62
838 79
839 76
840 51
841 65
842 67
843 58
844 62
845 59
846 69
847 65
848 68
849 67
850 57
851 51
852 63
853 63
854 54
855 67
856 63
857 59
858 63
859 55
860 62
861 50
862 53
863 59
864 64
865 59
866 65
867 63
868 61
869 75
870 73
871 58
872 60
873 67
874 43
875 57
876 56
877 54
878 49
879 45
880 65
881 45
882 48
883 43
884 49
885 64
886 54
887 45
888 61
889 49
890 40
891 47
892 54
893 61
894 45
895 40
896 46
897 53
898 35
899 53
900 44
901 43
902 49
903 41
904 46
905 37
906 36
907 45
908 43
909 46
910 45
911 31
912 41
913 39
914 38
915 50
916 39
917 45
918 51
919 55
920 48
921 44
922 35
923 40
924 47
925 53
926 44
927 46
928 46
929 31
930 33
931 39
932 42
933 31
934 40
935 37
936 30
937 39
938 36
939 18
940 35
941 27
942 37
943 32
944 39
945 35
946 28
947 38
948 22
949 36
950 26
951 36
952 29
953 31
954 26
955 21
956 36
957 26
958 36
959 38
960 34
961 24
962 25
963 33
964 33
965 25
966 27
967 22
968 32
969 30
970 23
971 30
972 23
973 16
974 25
975 28
976 25
977 36
978 27
979 22
980 24
981 21
982 20
983 26
984 25
985 18
986 19
987 25
988 18
989 25
990 24
991 19
992 22
993 20
994 24
995 25
996 24
997 28
998 23
999 21
1000 18
1001 22
1002 24
1003 14
1004 22
1005 17
1006 19
1007 18
1008 14
1009 21
1010 18
1011 17
1012 29
1013 19
1014 18
1015 20
1016 16
1017 20
1018 23
1019 22
1020 19
1021 17
1022 25
1023 24
1024 16
1025 18
1026 20
1027 23
1028 16
1029 15
1030 19
1031 23
1032 14
1033 17
1034 17
1035 16
1036 18
1037 15
1038 18
1039 14
1040 8
1041 18
1042 16
1043 22
1044 20
1045 16
1046 10
1047 19
1048 12
1049 21
1050 17
1051 18
1052 15
1053 9
1054 9
1055 17
1056 12
1057 11
1058 11
1059 12
1060 8
1061 7
1062 8
1063 12
1064 13
1065 17
1066 14
1067 9
1068 14
1069 12
1070 15
1071 14
1072 13
1073 5
1074 8
1075 6
1076 12
1077 12
1078 13
1079 12
1080 10
1081 11
1082 10
1083 12
1084 15
1085 13
1086 12
1087 10
1088 17
1089 13
1090 10
1091 13
1092 9
1093 9
1094 9
1095 8
1096 13
1097 5
1098 9
1099 9
1100 13
1101 10
1102 6
1103 7
1104 12
1105 7
1106 15
1107 6
1108 9
1109 7
1110 6
1111 5
1112 8
1113 7
1114 10
1115 6
1116 7
1117 6
1118 4
1119 11
1120 6
1121 5
1122 8
1123 6
1124 7
1125 12
1126 8
1127 8
1128 6
1129 10
1130 5
1131 4
1132 5
1133 5
1134 4
1135 4
1136 9
1137 11
1138 7
1139 6
1140 4
1141 9
1142 6
1143 5
1144 7
1145 7
1146 5
1147 8
1148 10
1149 5
1150 3
1151 2
1152 3
1153 5
1154 5
1155 4
1156 5
1157 5
1158 5
1159 7
1160 3
1161 5
1162 9
1163 6
1164 7
1165 8
1166 5
1167 4
1169 3
1170 7
1171 5
1172 3
1173 1
1174 7
1175 8
1176 4
1177 5
1178 2
1179 3
1180 3
1181 4
1182 4
1183 1
1184 4
1185 2
1186 4
1187 4
1188 3
1189 4
1190 4
1191 1
1192 6
1193 4
1194 8
1195 2
1196 3
1197 3
1198 4
1199 6
1201 3
1202 5
1203 3
1204 4
1205 1
1206 4
1207 3
1208 1
1209 1
1210 2
1211 3
1212 4
1213 4
1214 4
1215 4
1216 4
1217 5
1218 2
1219 3
1220 3
1221 3
1222 1
1223 2
1224 2
1225 1
1226 4
1227 2
1228 2
1229 1
1231 4
1232 1
1233 1
1234 6
1235 1
1236 2
1237 2
1238 2
1239 2
1240 1
1241 1
1242 1
1243 2
1245 1
1246 1
1247 5
1248 2
1249 1
1250 1
1252 2
1253 1
1254 2
1255 2
1256 2
1257 2
1258 1
1259 5
1260 3
1261 3
1262 2
1263 3
1265 1
1269 1
1270 3
1271 2
1272 2
1275 3
1276 2
1277 1
1278 1
1282 2
1284 1
1285 1
1286 1
1287 3
1288 2
1289 3
1290 2
1291 1
1292 1
1293 2
1294 2
1295 1
1296 2
1297 2
1298 1
1300 3
1302 3
1304 4
1305 2
1309 2
1310 1
1311 1
1312 2
1314 1
1318 1
1321 1
1322 2
1324 1
1326 1
1327 1
1329 1
1333 3
1334 1
1335 1
1336 1
1338 1
1339 1
1342 1
1344 1
1348 1
1349 4
1352 1
1354 1
1356 1
1358 1
1362 1
1369 3
1371 1
1372 1
1375 1
1376 1
1377 1
1379 1
1380 1
1384 1
1386 2
1387 1
1388 1
1393 1
1395 1
1397 1
1404 1
1414 1
1419 1
1424 1
1462 1
1472 1
1480 1
