-1373 1
-1371 1
-1370 1
-1367 3
-1366 2
-1365 2
-1364 7
-1363 7
-1362 20
-1361 24
-1360 18
-1359 21
-1358 28
-1357 41
-1356 41
-1355 69
-1354 65
-1353 87
-1352 78
-1351 78
-1350 85
-1349 120
-1348 132
-1347 113
-1346 129
-1345 114
-1344 125
-1343 139
-1342 138
-1341 123
-1340 155
-1339 184
-1338 184
-1337 160
-1336 161
-1335 155
-1334 153
-1333 174
-1332 138
-1331 134
-1330 116
-1329 127
-1328 166
-1327 143
-1326 143
-1325 156
-1324 163
-1323 153
-1322 147
-1321 131
-1320 147
-1319 173
-1318 147
-1317 181
-1316 184
-1315 184
-1314 170
-1313 195
-1312 174
-1311 175
-1310 179
-1309 211
-1308 198
-1307 177
-1306 206
-1305 217
-1304 208
-1303 193
-1302 251
-1301 248
-1300 250
-1299 248
-1298 267
-1297 229
-1296 241
-1295 304
-1294 318
-1293 331
-1292 352
-1291 300
-1290 279
-1289 302
-1288 277
-1287 290
-1286 295
-1285 324
-1284 290
-1283 320
-1282 339
-1281 315
-1280 333
-1279 347
-1278 369
-1277 329
-1276 341
-1275 350
-1274 295
-1273 361
-1272 332
-1271 344
-1270 368
-1269 343
-1268 332
-1267 364
-1266 391
-1265 426
-1264 372
-1263 389
-1262 383
-1261 416
-1260 403
-1259 389
-1258 418
-1257 465
-1256 447
-1255 501
-1254 491
-1253 497
-1252 523
-1251 524
-1250 575
-1249 621
-1248 607
-1247 605
-1246 614
-1245 639
-1244 698
-1243 707
-1242 678
-1241 717
-1240 690
-1239 717
-1238 675
-1237 719
-1236 745
-1235 706
-1234 756
-1233 834
-1232 794
-1231 862
-1230 842
-1229 843
-1228 827
-1227 899
-1226 898
-1225 934
-1224 1008
-1223 1016
-1222 972
-1221 1068
-1220 1153
-1219 1151
-1218 1200
-1217 1278
-1216 1310
-1215 1342
-1214 1247
-1213 1340
-1212 1399
-1211 1319
-1210 1226
-1209 1234
-1208 1260
-1207 1286
-1206 1239
-1205 1268
-1204 1263
-1203 1305
-1202 1273
-1201 1374
-1200 1418
-1199 1309
-1198 1391
-1197 1371
-1196 1459
-1195 1485
-1194 1520
-1193 1657
-1192 1589
-1191 1585
-1190 1584
-1189 1512
-1188 1494
-1187 1537
-1186 1475
-1185 1558
-1184 1499
-1183 1510
-1182 1483
-1181 1459
-1180 1480
-1179 1508
-1178 1486
-1177 1453
-1176 1524
-1175 1388
-1174 1431
-1173 1505
-1172 1408
-1171 1484
-1170 1501
-1169 1435
-1168 1468
-1167 1476
-1166 1485
-1165 1410
-1164 1454
-1163 1486
-1162 1501
-1161 1525
-1160 1447
-1159 1452
-1158 1489
-1157 1486
-1156 1549
-1155 1457
-1154 1467
-1153 1455
-1152 1513
-1151 1449
-1150 1463
-1149 1516
-1148 1451
-1147 1510
-1146 1464
-1145 1642
-1144 1719
-1143 1721
-1142 1762
-1141 1845
-1140 1878
-1139 1907
-1138 1996
-1137 2025
-1136 2134
-1135 2234
-1134 2233
-1133 2361
-1132 2442
-1131 2494
-1130 2459
-1129 2491
-1128 2608
-1127 2605
-1126 2685
-1125 2596
-1124 2626
-1123 2589
-1122 2611
-1121 2605
-1120 2543
-1119 2528
-1118 2636
-1117 2489
-1116 2550
-1115 2610
-1114 2649
-1113 2509
-1112 2569
-1111 2602
-1110 2692
-1109 2655
-1108 2785
-1107 2809
-1106 2753
-1105 2745
-1104 2649
-1103 2692
-1102 2697
-1101 2688
-1100 2704
-1099 2742
-1098 2666
-1097 2841
-1096 2792
-1095 2875
-1094 2870
-1093 3016
-1092 3119
-1091 3260
-1090 3267
-1089 3375
-1088 3339
-1087 3440
-1086 3486
-1085 3523
-1084 3531
-1083 3435
-1082 3485
-1081 3535
-1080 3606
-1079 3381
-1078 3547
-1077 3462
-1076 3396
-1075 3403
-1074 3453
-1073 3320
-1072 3437
-1071 3427
-1070 3430
-1069 3333
-1068 3305
-1067 3452
-1066 3464
-1065 3368
-1064 3376
-1063 3343
-1062 3400
-1061 3268
-1060 3315
-1059 3389
-1058 3282
-1057 3256
-1056 3308
-1055 3339
-1054 3200
-1053 3127
-1052 3272
-1051 3194
-1050 3149
-1049 3212
-1048 3249
-1047 3247
-1046 3308
-1045 3385
-1044 3359
-1043 3500
-1042 3422
-1041 3684
-1040 3645
-1039 3790
-1038 3717
-1037 3794
-1036 3770
-1035 3789
-1034 3653
-1033 3653
-1032 3637
-1031 3699
-1030 3799
-1029 3755
-1028 3875
-1027 3787
-1026 3695
-1025 3841
-1024 3891
-1023 3701
-1022 3665
-1021 3704
-1020 3752
-1019 3700
-1018 3682
-1017 3621
-1016 3656
-1015 3757
-1014 3773
-1013 3721
-1012 3777
-1011 3749
-1010 3735
-1009 3885
-1008 3953
-1007 3872
-1006 3931
-1005 3949
-1004 3916
-1003 4003
-1002 4002
-1001 4176
-1000 4027
-999 4110
-998 4286
-997 4248
-996 4115
-995 4032
-994 4011
-993 4113
-992 4129
-991 4222
-990 4259
-989 4214
-988 4382
-987 4303
-986 4462
-985 4417
-984 4383
-983 4539
-982 4606
-981 4430
-980 4378
-979 4372
-978 4455
-977 4456
-976 4543
-975 4517
-974 4605
-973 4481
-972 4643
-971 4572
-970 4561
-969 4669
-968 4548
-967 4676
-966 4492
-965 4638
-964 4557
-963 4546
-962 4591
-961 4594
-960 4604
-959 4750
-958 4714
-957 4756
-956 4901
-955 4804
-954 4821
-953 4911
-952 5048
-951 4989
-950 4791
-949 4906
-948 4880
-947 4855
-946 4887
-945 4957
-944 5036
-943 5022
-942 5043
-941 5151
-940 5190
-939 5325
-938 5320
-937 5114
-936 5144
-935 5348
-934 5261
-933 5435
-932 5573
-931 5489
-930 5430
-929 5532
-928 5404
-927 5567
-926 5422
-925 5479
-924 5419
-923 5510
-922 5418
-921 5599
-920 5474
-919 5577
-918 5718
-917 5581
-916 5609
-915 5478
-914 5576
-913 5428
-912 5582
-911 5524
-910 5406
-909 5553
-908 5507
-907 5700
-906 5641
-905 5551
-904 5579
-903 5605
-902 5776
-901 5629
-900 5748
-899 5664
-898 5810
-897 5700
-896 5677
-895 5817
-894 5671
-893 5655
-892 5620
-891 5607
-890 5728
-889 5675
-888 5738
-887 5724
-886 5853
-885 5756
-884 5914
-883 5924
-882 5846
-881 6014
-880 6070
-879 5957
-878 5953
-877 6078
-876 6356
-875 6028
-874 6087
-873 6135
-872 6163
-871 6129
-870 5958
-869 6070
-868 6157
-867 6080
-866 6010
-865 5998
-864 5940
-863 6056
-862 6081
-861 5960
-860 6122
-859 6082
-858 6347
-857 6442
-856 6382
-855 6589
-854 6642
-853 6654
-852 6835
-851 6817
-850 6850
-849 6901
-848 6965
-847 6932
-846 6759
-845 6845
-844 6833
-843 6998
-842 6835
-841 6810
-840 6816
-839 6754
-838 6841
-837 6881
-836 6766
-835 6700
-834 6698
-833 6683
-832 6717
-831 6683
-830 6900
-829 6859
-828 6693
-827 6853
-826 6861
-825 6823
-824 6924
-823 6851
-822 6955
-821 6951
-820 6799
-819 7000
-818 6715
-817 6905
-816 6909
-815 6882
-814 6953
-813 6741
-812 6865
-811 6835
-810 6910
-809 6789
-808 6909
-807 6957
-806 7068
-805 6973
-804 6847
-803 6828
-802 6836
-801 6938
-800 6869
-799 7023
-798 6879
-797 6923
-796 6885
-795 6801
-794 6844
-793 7013
-792 6851
-791 6988
-790 6741
-789 6674
-788 6646
-787 6534
-786 6854
-785 6727
-784 6709
-783 6540
-782 6613
-781 6650
-780 6581
-779 6698
-778 6539
-777 6651
-776 6613
-775 6544
-774 6560
-773 6744
-772 6625
-771 6586
-770 6647
-769 6637
-768 6546
-767 6390
-766 6337
-765 6429
-764 6270
-763 6468
-762 6359
-761 6419
-760 6304
-759 6399
-758 6469
-757 6516
-756 6417
-755 6353
-754 6470
-753 6369
-752 6416
-751 6359
-750 6480
-749 6417
-748 6239
-747 6170
-746 6198
-745 6183
-744 6291
-743 6365
-742 6376
-741 6189
-740 6391
-739 6381
-738 6279
-737 6325
-736 6370
-735 6344
-734 6319
-733 6320
-732 6344
-731 6342
-730 6461
-729 6560
-728 6531
-727 6389
-726 6439
-725 6555
-724 6530
-723 6705
-722 6595
-721 6645
-720 6362
-719 6321
-718 6222
-717 6510
-716 6408
-715 6225
-714 6301
-713 6218
-712 6331
-711 6101
-710 6069
-709 6156
-708 6260
-707 6168
-706 6103
-705 6149
-704 6256
-703 6126
-702 5930
-701 6021
-700 6052
-699 6072
-698 5925
-697 5868
-696 5851
-695 5806
-694 5860
-693 5693
-692 5848
-691 5748
-690 5907
-689 5657
-688 5766
-687 5772
-686 5645
-685 5767
-684 5646
-683 5614
-682 5615
-681 5613
-680 5601
-679 5671
-678 5647
-677 5642
-676 5591
-675 5654
-674 5456
-673 5532
-672 5505
-671 5537
-670 5500
-669 5450
-668 5430
-667 5403
-666 5285
-665 5368
-664 5512
-663 5410
-662 5361
-661 5419
-660 5484
-659 5396
-658 5340
-657 5462
-656 5330
-655 5274
-654 5268
-653 5219
-652 5301
-651 5165
-650 5248
-649 5455
-648 5093
-647 5307
-646 5235
-645 5294
-644 5165
-643 5198
-642 5009
-641 5138
-640 5035
-639 5156
-638 5015
-637 5120
-636 5108
-635 4966
-634 4966
-633 5071
-632 5115
-631 5092
-630 4978
-629 4975
-628 4835
-627 4980
-626 4814
-625 4907
-624 4758
-623 4925
-622 4885
-621 4872
-620 4827
-619 4751
-618 4775
-617 4669
-616 4645
-615 4767
-614 4700
-613 4776
-612 4717
-611 4729
-610 4818
-609 4737
-608 4729
-607 4700
-606 4751
-605 4760
-604 4812
-603 4718
-602 4817
-601 4939
-600 4739
-599 4836
-598 4835
-597 4720
-596 4834
-595 4672
-594 4556
-593 4556
-592 4650
-591 4599
-590 4462
-589 4623
-588 4452
-587 4459
-586 4412
-585 4595
-584 4388
-583 4385
-582 4459
-581 4364
-580 4436
-579 4354
-578 4398
-577 4313
-576 4339
-575 4282
-574 4210
-573 4193
-572 4195
-571 4181
-570 4123
-569 4238
-568 4114
-567 4126
-566 4162
-565 4120
-564 4029
-563 4209
-562 4121
-561 4175
-560 4021
-559 4051
-558 4012
-557 4097
-556 4070
-555 3953
-554 3931
-553 3899
-552 3916
-551 3959
-550 3874
-549 3928
-548 3877
-547 3814
-546 3952
-545 3727
-544 3955
-543 3758
-542 3973
-541 3911
-540 3771
-539 3738
-538 3742
-537 3762
-536 3672
-535 3819
-534 3694
-533 3696
-532 3733
-531 3559
-530 3755
-529 3662
-528 3635
-527 3520
-526 3541
-525 3502
-524 3505
-523 3522
-522 3569
-521 3471
-520 3566
-519 3398
-518 3370
-517 3423
-516 3429
-515 3517
-514 3425
-513 3453
-512 3466
-511 3396
-510 3440
-509 3466
-508 3325
-507 3409
-506 3379
-505 3337
-504 3433
-503 3379
-502 3333
-501 3405
-500 3369
-499 3288
-498 3255
-497 3331
-496 3310
-495 3306
-494 3175
-493 3248
-492 3267
-491 3152
-490 3167
-489 3180
-488 3076
-487 3062
-486 3012
-485 3081
-484 3009
-483 3066
-482 3039
-481 2948
-480 2882
-479 2987
-478 2967
-477 2977
-476 2953
-475 2859
-474 2923
-473 2782
-472 2760
-471 2822
-470 2767
-469 2767
-468 2724
-467 2787
-466 2695
-465 2783
-464 2729
-463 2855
-462 2639
-461 2826
-460 2597
-459 2647
-458 2661
-457 2665
-456 2670
-455 2639
-454 2563
-453 2645
-452 2589
-451 2585
-450 2525
-449 2571
-448 2511
-447 2503
-446 2507
-445 2530
-444 2439
-443 2483
-442 2517
-441 2450
-440 2437
-439 2418
-438 2335
-437 2356
-436 2331
-435 2349
-434 2367
-433 2345
-432 2282
-431 2306
-430 2302
-429 2304
-428 2271
-427 2142
-426 2227
-425 2260
-424 2121
-423 2151
-422 2243
-421 2313
-420 2268
-419 2141
-418 2143
-417 2258
-416 2198
-415 2102
-414 2141
-413 2131
-412 2064
-411 2038
-410 2075
-409 2054
-408 2098
-407 2026
-406 2020
-405 2043
-404 1968
-403 2063
-402 1980
-401 2118
-400 2067
-399 2082
-398 2100
-397 2088
-396 2020
-395 2048
-394 1979
-393 2005
-392 1965
-391 2021
-390 2003
-389 1977
-388 1980
-387 1988
-386 1917
-385 2025
-384 1988
-383 1975
-382 1919
-381 1959
-380 1875
-379 1852
-378 1905
-377 1863
-376 1858
-375 1826
-374 1867
-373 1850
-372 1841
-371 1805
-370 1752
-369 1771
-368 1686
-367 1806
-366 1704
-365 1700
-364 1726
-363 1745
-362 1700
-361 1671
-360 1729
-359 1771
-358 1730
-357 1688
-356 1617
-355 1616
-354 1686
-353 1698
-352 1740
-351 1683
-350 1618
-349 1635
-348 1552
-347 1624
-346 1536
-345 1621
-344 1612
-343 1574
-342 1509
-341 1492
-340 1578
-339 1573
-338 1524
-337 1542
-336 1479
-335 1511
-334 1517
-333 1504
-332 1467
-331 1421
-330 1468
-329 1393
-328 1432
-327 1408
-326 1466
-325 1550
-324 1436
-323 1429
-322 1433
-321 1444
-320 1353
-319 1390
-318 1383
-317 1350
-316 1352
-315 1331
-314 1306
-313 1335
-312 1355
-311 1331
-310 1431
-309 1298
-308 1334
-307 1369
-306 1271
-305 1298
-304 1356
-303 1270
-302 1317
-301 1266
-300 1262
-299 1281
-298 1278
-297 1267
-296 1307
-295 1268
-294 1271
-293 1197
-292 1227
-291 1218
-290 1201
-289 1229
-288 1194
-287 1193
-286 1183
-285 1161
-284 1165
-283 1232
-282 1169
-281 1235
-280 1167
-279 1140
-278 1171
-277 1107
-276 1126
-275 1130
-274 1104
-273 1134
-272 1170
-271 1106
-270 1095
-269 1013
-268 1078
-267 1094
-266 1062
-265 1145
-264 1168
-263 1084
-262 1038
-261 1092
-260 1123
-259 1103
-258 1138
-257 1088
-256 980
-255 1082
-254 1088
-253 1023
-252 984
-251 1082
-250 1000
-249 1048
-248 1009
-247 1065
-246 1002
-245 1034
-244 1049
-243 946
-242 1020
-241 961
-240 960
-239 1007
-238 987
-237 954
-236 983
-235 919
-234 912
-233 915
-232 948
-231 931
-230 957
-229 895
-228 898
-227 882
-226 899
-225 949
-224 927
-223 888
-222 854
-221 865
-220 904
-219 890
-218 863
-217 866
-216 924
-215 889
-214 892
-213 866
-212 893
-211 832
-210 902
-209 834
-208 833
-207 883
-206 880
-205 836
-204 870
-203 758
-202 806
-201 878
-200 781
-199 817
-198 810
-197 784
-196 828
-195 810
-194 748
-193 838
-192 729
-191 769
-190 764
-189 749
-188 768
-187 733
-186 730
-185 696
-184 752
-183 697
-182 749
-181 796
-180 725
-179 775
-178 698
-177 727
-176 714
-175 722
-174 684
-173 706
-172 689
-171 715
-170 684
-169 696
-168 706
-167 717
-166 664
-165 646
-164 659
-163 647
-162 678
-161 635
-160 673
-159 666
-158 649
-157 677
-156 586
-155 644
-154 627
-153 607
-152 619
-151 615
-150 632
-149 582
-148 649
-147 634
-146 582
-145 627
-144 612
-143 586
-142 602
-141 605
-140 555
-139 574
-138 568
-137 557
-136 594
-135 524
-134 564
-133 556
-132 599
-131 544
-130 597
-129 560
-128 537
-127 558
-126 577
-125 563
-124 545
-123 511
-122 528
-121 514
-120 532
-119 506
-118 525
-117 539
-116 549
-115 507
-114 538
-113 486
-112 522
-111 489
-110 520
-109 463
-108 495
-107 500
-106 495
-105 497
-104 485
-103 515
-102 484
-101 484
-100 482
-99 454
-98 482
-97 466
-96 474
-95 479
-94 447
-93 492
-92 445
-91 467
-90 436
-89 461
-88 461
-87 403
-86 456
-85 440
-84 415
-83 433
-82 425
-81 448
-80 445
-79 413
-78 426
-77 407
-76 420
-75 436
-74 415
-73 436
-72 424
-71 416
-70 405
-69 430
-68 411
-67 389
-66 402
-65 393
-64 413
-63 395
-62 398
-61 358
-60 398
-59 370
-58 370
-57 374
-56 392
-55 348
-54 365
-53 374
-52 370
-51 374
-50 343
-49 362
-48 348
-47 339
-46 358
-45 363
-44 353
-43 408
-42 315
-41 343
-40 333
-39 314
-38 381
-37 342
-36 336
-35 375
-34 323
-33 344
-32 329
-31 354
-30 306
-29 296
-28 330
-27 316
-26 312
-25 338
-24 359
-23 294
-22 340
-21 285
-20 337
-19 338
-18 300
-17 358
-16 284
-15 319
-14 317
-13 294
-12 322
-11 295
-10 309
-9 263
-8 349
-7 321
-6 352
-5 292
-4 332
-3 281
-2 365
-1 278
0 285
1 312
2 303
3 274
4 281
5 297
6 253
7 303
8 269
9 290
10 265
11 246
12 233
13 299
14 243
15 267
16 280
17 265
18 264
19 258
20 245
21 261
22 260
23 275
24 249
25 284
26 241
27 243
28 253
29 263
30 246
31 261
32 286
33 227
34 246
35 234
36 226
37 225
38 249
39 212
40 228
41 245
42 212
43 232
44 246
45 217
46 225
47 200
48 224
49 228
50 220
51 237
52 211
53 187
54 190
55 222
56 227
57 221
58 210
59 221
60 203
61 185
62 219
63 201
64 209
65 218
66 203
67 192
68 217
69 185
70 190
71 189
72 202
73 187
74 185
75 198
76 194
77 175
78 204
79 195
80 191
81 196
82 182
83 192
84 171
85 201
86 178
87 192
88 187
89 180
90 197
91 168
92 170
93 171
94 186
95 153
96 157
97 173
98 179
99 180
100 154
101 159
102 181
103 174
104 176
105 161
106 173
107 163
108 134
109 174
110 129
111 162
112 153
113 126
114 162
115 158
116 152
117 161
118 128
119 153
120 129
121 167
122 137
123 153
124 157
125 142
126 168
127 131
128 144
129 119
130 133
131 144
132 145
133 136
134 119
135 138
136 150
137 126
138 119
139 117
140 113
141 142
142 120
143 128
144 127
145 110
146 109
147 115
148 127
149 114
150 119
151 131
152 124
153 116
154 113
155 97
156 110
157 107
158 119
159 125
160 119
161 120
162 113
163 114
164 109
165 106
166 88
167 115
168 113
169 113
170 103
171 107
172 104
173 96
174 104
175 104
176 105
177 95
178 103
179 113
180 91
181 94
182 83
183 96
184 98
185 112
186 106
187 93
188 81
189 101
190 82
191 88
192 102
193 83
194 99
195 106
196 100
197 95
198 94
199 100
200 83
201 107
202 94
203 100
204 82
205 79
206 87
207 91
208 73
209 92
210 89
211 94
212 82
213 85
214 72
215 91
216 78
217 73
218 75
219 64
220 79
221 91
222 79
223 80
224 80
225 82
226 87
227 73
228 76
229 70
230 63
231 87
232 66
233 73
234 69
235 69
236 77
237 68
238 61
239 87
240 81
241 74
242 70
243 72
244 62
245 62
246 65
247 60
248 62
249 60
250 56
251 61
252 61
253 65
254 73
255 57
256 59
257 76
258 67
259 64
260 59
261 56
262 76
263 49
264 44
265 47
266 58
267 50
268 51
269 60
270 67
271 66
272 52
273 56
274 48
275 67
276 55
277 45
278 46
279 59
280 55
281 58
282 56
283 54
284 49
285 45
286 52
287 47
288 36
289 52
290 42
291 56
292 53
293 50
294 42
295 46
296 55
297 42
298 52
299 39
300 42
301 45
302 41
303 50
304 51
305 52
306 42
307 39
308 42
309 48
310 32
311 40
312 49
313 42
314 44
315 53
316 46
317 41
318 32
319 49
320 42
321 48
322 43
323 33
324 33
325 41
326 42
327 38
328 52
329 35
330 32
331 32
332 35
333 33
334 39
335 49
336 28
337 45
338 35
339 43
340 32
341 39
342 31
343 30
344 40
345 39
346 32
347 38
348 32
349 43
350 28
351 35
352 27
353 30
354 30
355 27
356 40
357 46
358 28
359 31
360 27
361 32
362 34
363 27
364 31
365 37
366 41
367 30
368 33
369 36
370 29
371 33
372 32
373 33
374 32
375 23
376 29
377 36
378 30
379 24
380 33
381 30
382 21
383 29
384 33
385 31
386 22
387 19
388 21
389 19
390 28
391 23
392 19
393 23
394 29
395 25
396 23
397 34
398 25
399 22
400 23
401 36
402 18
403 22
404 20
405 27
406 24
407 23
408 34
409 28
410 21
411 24
412 29
413 25
414 17
415 28
416 26
417 23
418 32
419 28
420 20
421 22
422 24
423 17
424 18
425 26
426 26
427 20
428 28
429 22
430 14
431 26
432 20
433 24
434 23
435 21
436 26
437 15
438 16
439 22
440 16
441 24
442 16
443 16
444 29
445 21
446 21
447 21
448 13
449 16
450 17
451 11
452 21
453 15
454 21
455 17
456 13
457 13
458 21
459 14
460 18
461 13
462 13
463 14
464 18
465 13
466 20
467 19
468 17
469 18
470 15
471 7
472 25
473 17
474 15
475 15
476 23
477 19
478 10
479 19
480 19
481 18
482 17
483 15
484 14
485 11
486 16
487 17
488 16
489 13
490 12
491 6
492 16
493 14
494 9
495 15
496 13
497 19
498 15
499 15
500 14
501 14
502 19
503 13
504 18
505 19
506 24
507 16
508 21
509 18
510 10
511 9
512 22
513 9
514 15
515 19
516 13
517 13
518 11
519 6
520 18
521 9
522 8
523 9
524 9
525 9
526 10
527 12
528 13
529 15
530 12
531 13
532 15
533 13
534 7
535 14
536 13
537 15
538 11
539 14
540 20
541 9
542 11
543 8
544 12
545 10
546 14
547 16
548 10
549 18
550 7
551 11
552 11
553 18
554 13
555 18
556 10
557 6
558 12
559 12
560 8
561 13
562 8
563 10
564 14
565 11
566 8
567 6
568 8
569 18
570 17
571 7
572 6
573 12
574 11
575 14
576 6
577 12
578 15
579 13
580 14
581 5
582 4
583 12
584 7
585 12
586 17
587 9
588 5
589 11
590 7
591 11
592 9
593 11
594 7
595 8
596 11
597 9
598 13
599 10
600 7
601 5
602 7
603 8
604 12
605 9
606 6
607 8
608 7
609 10
610 11
611 11
612 9
613 14
614 10
615 7
616 9
617 4
618 6
619 13
620 14
621 5
622 11
623 7
624 9
625 9
626 6
627 7
628 12
629 7
630 6
631 7
632 6
633 9
634 8
635 9
636 8
637 12
638 5
639 7
640 2
641 10
642 8
643 5
644 12
645 7
646 12
647 6
648 7
649 8
650 6
651 9
652 10
653 8
654 7
655 3
656 3
657 8
658 5
659 8
660 7
661 14
662 10
663 9
664 12
665 8
666 12
667 6
668 7
669 8
670 7
671 9
672 7
673 6
674 8
675 11
676 13
677 4
678 9
679 4
680 5
681 7
682 9
683 5
684 3
685 9
686 6
687 7
688 7
689 5
690 13
691 9
692 6
693 9
694 13
695 8
696 6
697 5
698 11
699 6
700 10
701 9
702 7
703 9
704 6
705 11
706 15
707 7
708 11
709 3
710 6
711 6
712 5
713 9
714 6
715 13
716 9
717 8
718 7
719 7
720 6
721 9
722 3
723 8
724 13
725 6
726 11
727 4
728 7
729 5
730 6
731 6
732 11
733 6
734 6
735 6
736 8
737 3
738 11
739 7
740 5
741 6
742 8
743 7
744 6
745 6
746 11
747 7
748 8
749 11
750 8
751 4
752 7
753 6
754 7
755 11
756 14
757 4
758 7
759 13
760 3
761 10
762 6
763 10
764 7
765 6
766 5
767 7
768 6
769 14
770 8
771 8
772 15
773 7
774 3
775 9
776 8
777 6
778 8
779 9
780 10
781 6
782 8
783 12
784 8
785 9
786 6
787 5
788 4
789 12
790 4
791 11
792 10
793 7
794 9
795 9
796 4
797 6
798 7
799 5
800 10
801 10
802 4
803 9
804 4
805 13
806 6
807 2
808 8
809 9
810 9
811 6
812 8
813 8
814 1
815 9
816 8
817 8
818 13
819 10
820 3
821 6
822 8
823 9
824 7
825 8
826 7
827 5
828 9
829 7
830 9
831 9
832 10
833 11
834 6
835 8
836 6
837 12
838 8
839 7
840 9
841 4
842 11
843 11
844 14
845 5
846 8
847 8
848 6
849 7
850 11
851 11
852 7
853 9
854 10
855 10
856 3
857 12
858 11
859 4
860 9
861 11
862 17
863 4
864 10
865 12
866 6
867 18
868 8
869 13
870 9
871 5
872 9
873 7
874 8
875 15
876 10
877 5
878 4
879 7
880 12
881 6
882 10
883 10
884 9
885 7
886 14
887 9
888 10
889 14
890 12
891 7
892 7
893 6
894 8
895 9
896 11
897 15
898 10
899 8
900 12
901 9
902 9
903 8
904 8
905 11
906 9
907 16
908 20
909 15
910 12
911 12
912 9
913 16
914 6
915 15
916 9
917 12
918 9
919 12
920 13
921 12
922 11
923 12
924 16
925 10
926 7
927 11
928 8
929 11
930 7
931 14
932 9
933 9
934 12
935 10
936 20
937 12
938 8
939 16
940 7
941 12
942 8
943 11
944 11
945 20
946 7
947 6
948 14
949 9
950 7
951 6
952 6
953 8
954 11
955 8
956 10
957 7
958 8
959 5
960 6
961 8
962 7
963 8
964 13
965 9
966 5
967 6
968 4
969 8
970 5
971 11
972 7
973 17
974 14
975 7
976 10
977 4
978 9
979 4
980 6
981 10
982 8
983 8
984 6
985 7
986 5
987 8
988 4
989 7
990 5
991 8
992 8
993 7
994 9
995 3
996 6
997 7
998 9
999 4
1000 5
1001 10
1002 10
1003 6
1004 8
1005 6
1006 10
1007 5
1008 9
1009 7
1010 4
1011 6
1012 8
1013 9
1014 3
1015 9
1016 5
1017 4
1018 6
1019 6
1020 3
1021 5
1022 7
1023 3
1024 9
1025 8
1026 6
1027 8
1028 8
1029 8
1030 6
1031 5
1032 6
1033 5
1034 5
1035 5
1036 4
1037 5
1038 5
1039 5
1040 7
1041 6
1042 4
1043 7
1044 5
1045 4
1046 3
1047 5
1048 5
1049 6
1050 1
1051 5
1052 4
1053 2
1054 7
1055 4
1056 1
1057 3
1058 4
1059 8
1060 5
1061 12
1062 2
1063 3
1064 4
1065 4
1066 3
1067 1
1068 4
1069 5
1070 2
1071 4
1072 5
1073 5
1074 2
1075 7
1076 5
1077 5
1078 2
1079 2
1080 6
1081 3
1082 3
1083 6
1084 5
1085 2
1086 3
1087 4
1088 1
1089 4
1090 4
1091 2
1092 1
1093 4
1094 1
1095 3
1096 5
1097 1
1098 3
1099 3
1100 3
1101 3
1102 2
1104 3
1105 3
1106 1
1107 4
1108 5
1109 6
1110 1
1111 6
1112 2
1113 3
1114 3
1115 5
1116 2
1118 3
1119 3
1120 4
1121 2
1122 1
1123 2
1124 5
1125 1
1126 2
1127 2
1128 1
1129 3
1130 1
1131 2
1132 1
1134 2
1136 1
1137 1
1138 2
1139 2
1140 1
1141 3
1142 2
1143 1
1144 3
1145 2
1147 1
1148 1
1149 3
1150 1
1151 2
1152 2
1153 1
1154 6
1156 4
1157 3
1158 4
1159 3
1160 2
1162 1
1164 1
1165 2
1166 1
1167 2
1168 2
1169 4
1170 3
1172 1
1173 1
1174 4
1175 1
1176 2
1177 4
1178 1
1179 2
1185 1
1187 1
1191 2
1192 1
1193 1
1195 1
1197 3
1198 1
1199 2
1202 1
1205 1
1206 1
1207 1
1208 2
1210 2
1213 1
1215 1
1217 1
1222 1
1224 1
1227 2
1228 1
1229 1
1230 1
1233 1
1235 1
1238 1
1243 1
1245 1
1246 1
1249 1
1252 1
1255 1
1257 1
1258 1
1265 1
1267 1
1268 1
1271 1
1276 1
1286 1
1287 1
1299 1
1305 1
1307 1
1310 1
1320 1
1331 1
1346 1
1347 1
1354 1
1358 1
