-1251 1
-1250 1
-1249 1
-1247 2
-1246 1
-1245 7
-1244 8
-1243 4
-1242 4
-1241 6
-1240 11
-1239 20
-1238 17
-1237 25
-1236 39
-1235 44
-1234 49
-1233 42
-1232 49
-1231 67
-1230 58
-1229 75
-1228 89
-1227 88
-1226 108
-1225 91
-1224 132
-1223 122
-1222 114
-1221 100
-1220 113
-1219 93
-1218 99
-1217 108
-1216 114
-1215 113
-1214 113
-1213 109
-1212 114
-1211 125
-1210 140
-1209 118
-1208 127
-1207 118
-1206 99
-1205 96
-1204 97
-1203 103
-1202 110
-1201 109
-1200 127
-1199 111
-1198 104
-1197 115
-1196 113
-1195 132
-1194 100
-1193 111
-1192 110
-1191 117
-1190 98
-1189 121
-1188 126
-1187 117
-1186 123
-1185 144
-1184 116
-1183 100
-1182 144
-1181 128
-1180 115
-1179 141
-1178 139
-1177 137
-1176 127
-1175 114
-1174 113
-1173 142
-1172 148
-1171 136
-1170 142
-1169 168
-1168 170
-1167 181
-1166 184
-1165 170
-1164 173
-1163 211
-1162 183
-1161 210
-1160 198
-1159 206
-1158 233
-1157 242
-1156 237
-1155 254
-1154 290
-1153 290
-1152 342
-1151 354
-1150 353
-1149 372
-1148 391
-1147 471
-1146 451
-1145 474
-1144 507
-1143 550
-1142 605
-1141 584
-1140 618
-1139 604
-1138 657
-1137 673
-1136 666
-1135 688
-1134 690
-1133 746
-1132 752
-1131 806
-1130 860
-1129 855
-1128 780
-1127 823
-1126 834
-1125 845
-1124 802
-1123 839
-1122 829
-1121 867
-1120 938
-1119 844
-1118 840
-1117 835
-1116 848
-1115 900
-1114 863
-1113 962
-1112 917
-1111 865
-1110 882
-1109 893
-1108 849
-1107 870
-1106 875
-1105 828
-1104 843
-1103 915
-1102 942
-1101 843
-1100 871
-1099 842
-1098 851
-1097 896
-1096 838
-1095 848
-1094 818
-1093 783
-1092 853
-1091 844
-1090 858
-1089 875
-1088 788
-1087 778
-1086 802
-1085 808
-1084 808
-1083 816
-1082 882
-1081 812
-1080 845
-1079 788
-1078 881
-1077 789
-1076 750
-1075 803
-1074 731
-1073 733
-1072 830
-1071 817
-1070 791
-1069 769
-1068 758
-1067 771
-1066 710
-1065 743
-1064 814
-1063 758
-1062 790
-1061 749
-1060 781
-1059 812
-1058 836
-1057 822
-1056 839
-1055 868
-1054 875
-1053 878
-1052 863
-1051 867
-1050 893
-1049 938
-1048 907
-1047 919
-1046 926
-1045 905
-1044 914
-1043 933
-1042 938
-1041 916
-1040 1057
-1039 938
-1038 960
-1037 953
-1036 938
-1035 974
-1034 989
-1033 897
-1032 948
-1031 953
-1030 957
-1029 971
-1028 998
-1027 1000
-1026 1033
-1025 997
-1024 1018
-1023 1066
-1022 1102
-1021 1039
-1020 1032
-1019 1017
-1018 992
-1017 990
-1016 1030
-1015 1083
-1014 1024
-1013 1050
-1012 1072
-1011 1068
-1010 1127
-1009 1169
-1008 1151
-1007 1215
-1006 1240
-1005 1276
-1004 1232
-1003 1298
-1002 1250
-1001 1280
-1000 1280
-999 1263
-998 1321
-997 1365
-996 1366
-995 1352
-994 1439
-993 1418
-992 1470
-991 1553
-990 1537
-989 1594
-988 1600
-987 1517
-986 1558
-985 1524
-984 1512
-983 1511
-982 1470
-981 1446
-980 1485
-979 1534
-978 1509
-977 1618
-976 1571
-975 1577
-974 1637
-973 1606
-972 1559
-971 1627
-970 1689
-969 1646
-968 1636
-967 1627
-966 1643
-965 1738
-964 1764
-963 1664
-962 1671
-961 1724
-960 1753
-959 1685
-958 1677
-957 1567
-956 1647
-955 1645
-954 1717
-953 1696
-952 1613
-951 1702
-950 1751
-949 1737
-948 1838
-947 1713
-946 1763
-945 1708
-944 1750
-943 1684
-942 1768
-941 1751
-940 1796
-939 1828
-938 1825
-937 1826
-936 1765
-935 1832
-934 1715
-933 1888
-932 1786
-931 1881
-930 1813
-929 1866
-928 1869
-927 1931
-926 1856
-925 1839
-924 1865
-923 1866
-922 1817
-921 1760
-920 1803
-919 1850
-918 1845
-917 1805
-916 1927
-915 1786
-914 1768
-913 1712
-912 1794
-911 1833
-910 1831
-909 1846
-908 1873
-907 1918
-906 1880
-905 1924
-904 1861
-903 1916
-902 1994
-901 2088
-900 2058
-899 2143
-898 2042
-897 2089
-896 2145
-895 2164
-894 2101
-893 2129
-892 2117
-891 2158
-890 2057
-889 2071
-888 2096
-887 2086
-886 2105
-885 2130
-884 2091
-883 2032
-882 2074
-881 2062
-880 2099
-879 2119
-878 2069
-877 2055
-876 2121
-875 2188
-874 2214
-873 2189
-872 2280
-871 2304
-870 2288
-869 2338
-868 2325
-867 2284
-866 2342
-865 2307
-864 2302
-863 2349
-862 2406
-861 2544
-860 2482
-859 2722
-858 2635
-857 2782
-856 2699
-855 2681
-854 2690
-853 2851
-852 2919
-851 2896
-850 3002
-849 2938
-848 3083
-847 3013
-846 3084
-845 3102
-844 3059
-843 3060
-842 2973
-841 2893
-840 2994
-839 3072
-838 2961
-837 2945
-836 2961
-835 2988
-834 3098
-833 3037
-832 3070
-831 3047
-830 3103
-829 3009
-828 3113
-827 3245
-826 3119
-825 3117
-824 3114
-823 3170
-822 3220
-821 3321
-820 3198
-819 3393
-818 3276
-817 3376
-816 3386
-815 3458
-814 3442
-813 3407
-812 3378
-811 3511
-810 3630
-809 3834
-808 3710
-807 3838
-806 3759
-805 3877
-804 4031
-803 4018
-802 4116
-801 4144
-800 4182
-799 4289
-798 4445
-797 4463
-796 4456
-795 4620
-794 4633
-793 4784
-792 4685
-791 4652
-790 4630
-789 4730
-788 4867
-787 4948
-786 4887
-785 4956
-784 5049
-783 5135
-782 5082
-781 5240
-780 5294
-779 5281
-778 5238
-777 5274
-776 5284
-775 5450
-774 5467
-773 5548
-772 5539
-771 5469
-770 5375
-769 5456
-768 5411
-767 5458
-766 5509
-765 5461
-764 5433
-763 5487
-762 5486
-761 5583
-760 5586
-759 5489
-758 5604
-757 5571
-756 5662
-755 5567
-754 5689
-753 5593
-752 5608
-751 5718
-750 5695
-749 5782
-748 5711
-747 5748
-746 5679
-745 5734
-744 5694
-743 5746
-742 5722
-741 5798
-740 5749
-739 5795
-738 5621
-737 5788
-736 5763
-735 5843
-734 5798
-733 5904
-732 5899
-731 5952
-730 5963
-729 6010
-728 6143
-727 6196
-726 6103
-725 6246
-724 6389
-723 6537
-722 6316
-721 6292
-720 6519
-719 6343
-718 6382
-717 6478
-716 6460
-715 6621
-714 6453
-713 6529
-712 6568
-711 6588
-710 6388
-709 6471
-708 6514
-707 6557
-706 6578
-705 6527
-704 6515
-703 6700
-702 6614
-701 6661
-700 6752
-699 6928
-698 6986
-697 6948
-696 7039
-695 7069
-694 6997
-693 7132
-692 7112
-691 7208
-690 6985
-689 7211
-688 7198
-687 7289
-686 7326
-685 7393
-684 7394
-683 7542
-682 7411
-681 7515
-680 7414
-679 7469
-678 7542
-677 7171
-676 7130
-675 7338
-674 7436
-673 7355
-672 7371
-671 7320
-670 7198
-669 7348
-668 7252
-667 7319
-666 7351
-665 7387
-664 7379
-663 7511
-662 7511
-661 7611
-660 7569
-659 7606
-658 7585
-657 7617
-656 7554
-655 7643
-654 7783
-653 7705
-652 7765
-651 7708
-650 7844
-649 7845
-648 7901
-647 7816
-646 7830
-645 7901
-644 7868
-643 7960
-642 7992
-641 7946
-640 7914
-639 7999
-638 7840
-637 8006
-636 7780
-635 7918
-634 7877
-633 8013
-632 7960
-631 7796
-630 7771
-629 7865
-628 7739
-627 7586
-626 7577
-625 7578
-624 7537
-623 7417
-622 7528
-621 7488
-620 7363
-619 7479
-618 7348
-617 7369
-616 7427
-615 7429
-614 7241
-613 7320
-612 7166
-611 7106
-610 7061
-609 7238
-608 7125
-607 7294
-606 7326
-605 7221
-604 7402
-603 7375
-602 7263
-601 7260
-600 7371
-599 7259
-598 7189
-597 7197
-596 7213
-595 7210
-594 7161
-593 7101
-592 7095
-591 7003
-590 7098
-589 7037
-588 6975
-587 7065
-586 7082
-585 7265
-584 7181
-583 7254
-582 7094
-581 7245
-580 7156
-579 7261
-578 7316
-577 7030
-576 6896
-575 7063
-574 7085
-573 6932
-572 6893
-571 6900
-570 6994
-569 6774
-568 6907
-567 6905
-566 6945
-565 6760
-564 6878
-563 6993
-562 6819
-561 6976
-560 6957
-559 6944
-558 6788
-557 6840
-556 6798
-555 6811
-554 6850
-553 6783
-552 6774
-551 6618
-550 6525
-549 6550
-548 6673
-547 6641
-546 6624
-545 6513
-544 6528
-543 6699
-542 6506
-541 6678
-540 6546
-539 6671
-538 6467
-537 6357
-536 6417
-535 6360
-534 6449
-533 6587
-532 6354
-531 6422
-530 6468
-529 6496
-528 6464
-527 6447
-526 6151
-525 6449
-524 6173
-523 6318
-522 6279
-521 6215
-520 6170
-519 6130
-518 6322
-517 6123
-516 6084
-515 6250
-514 5914
-513 5907
-512 6108
-511 5936
-510 5835
-509 5918
-508 5878
-507 6030
-506 5881
-505 5808
-504 5789
-503 5821
-502 5673
-501 5980
-500 5870
-499 5876
-498 5734
-497 5808
-496 5716
-495 5724
-494 5643
-493 5658
-492 5672
-491 5612
-490 5638
-489 5696
-488 5782
-487 5701
-486 5573
-485 5689
-484 5704
-483 5556
-482 5645
-481 5685
-480 5486
-479 5639
-478 5443
-477 5570
-476 5578
-475 5477
-474 5580
-473 5414
-472 5467
-471 5379
-470 5331
-469 5420
-468 5453
-467 5435
-466 5490
-465 5438
-464 5454
-463 5199
-462 5340
-461 5396
-460 5414
-459 5410
-458 5289
-457 5498
-456 5379
-455 5223
-454 5406
-453 5257
-452 5194
-451 5246
-450 5087
-449 5203
-448 5212
-447 5248
-446 5149
-445 5229
-444 4950
-443 5199
-442 4981
-441 5032
-440 4988
-439 4965
-438 4959
-437 4791
-436 5010
-435 4941
-434 5028
-433 5001
-432 5065
-431 4926
-430 4849
-429 5083
-428 4929
-427 4845
-426 4814
-425 5055
-424 4772
-423 4761
-422 4749
-421 4707
-420 4769
-419 4741
-418 4583
-417 4673
-416 4695
-415 4635
-414 4661
-413 4674
-412 4694
-411 4596
-410 4513
-409 4574
-408 4593
-407 4739
-406 4546
-405 4695
-404 4598
-403 4551
-402 4617
-401 4556
-400 4605
-399 4516
-398 4578
-397 4479
-396 4401
-395 4384
-394 4459
-393 4415
-392 4411
-391 4404
-390 4245
-389 4258
-388 4276
-387 4224
-386 4244
-385 4265
-384 4151
-383 4184
-382 4064
-381 4053
-380 3996
-379 4120
-378 4054
-377 3961
-376 4030
-375 4048
-374 3983
-373 3987
-372 3926
-371 3961
-370 4055
-369 3801
-368 4007
-367 3996
-366 3863
-365 3873
-364 3857
-363 3844
-362 3765
-361 3815
-360 3714
-359 3795
-358 3730
-357 3732
-356 3737
-355 3720
-354 3677
-353 3752
-352 3725
-351 3580
-350 3724
-349 3579
-348 3485
-347 3576
-346 3493
-345 3574
-344 3603
-343 3485
-342 3481
-341 3525
-340 3457
-339 3296
-338 3479
-337 3325
-336 3427
-335 3291
-334 3376
-333 3315
-332 3286
-331 3231
-330 3223
-329 3191
-328 3209
-327 3170
-326 3133
-325 3066
-324 3188
-323 3178
-322 3137
-321 3077
-320 3064
-319 3092
-318 3099
-317 3032
-316 3019
-315 3160
-314 2989
-313 3073
-312 2995
-311 3066
-310 2912
-309 3018
-308 2883
-307 2920
-306 2909
-305 2966
-304 2859
-303 2970
-302 2836
-301 2864
-300 2920
-299 2899
-298 2839
-297 2879
-296 2876
-295 2781
-294 2736
-293 2778
-292 2852
-291 2735
-290 2785
-289 2731
-288 2849
-287 2723
-286 2691
-285 2764
-284 2772
-283 2794
-282 2790
-281 2764
-280 2658
-279 2689
-278 2693
-277 2568
-276 2644
-275 2655
-274 2560
-273 2537
-272 2616
-271 2527
-270 2496
-269 2574
-268 2470
-267 2470
-266 2487
-265 2445
-264 2462
-263 2374
-262 2427
-261 2285
-260 2374
-259 2406
-258 2266
-257 2384
-256 2346
-255 2283
-254 2298
-253 2232
-252 2345
-251 2225
-250 2244
-249 2251
-248 2122
-247 2242
-246 2260
-245 2133
-244 2161
-243 2264
-242 2205
-241 2260
-240 2112
-239 2164
-238 2170
-237 2025
-236 2142
-235 2197
-234 2100
-233 2178
-232 2093
-231 2089
-230 1986
-229 2023
-228 2035
-227 1979
-226 2052
-225 2005
-224 1915
-223 2005
-222 1991
-221 1956
-220 1907
-219 1921
-218 1936
-217 1926
-216 1868
-215 1882
-214 1864
-213 1890
-212 1809
-211 1847
-210 1866
-209 1764
-208 1861
-207 1832
-206 1768
-205 1768
-204 1728
-203 1808
-202 1740
-201 1772
-200 1769
-199 1679
-198 1709
-197 1707
-196 1599
-195 1745
-194 1697
-193 1633
-192 1631
-191 1659
-190 1617
-189 1573
-188 1573
-187 1596
-186 1617
-185 1547
-184 1536
-183 1551
-182 1519
-181 1534
-180 1531
-179 1555
-178 1472
-177 1559
-176 1502
-175 1503
-174 1474
-173 1541
-172 1440
-171 1462
-170 1485
-169 1498
-168 1408
-167 1392
-166 1430
-165 1480
-164 1405
-163 1430
-162 1388
-161 1335
-160 1403
-159 1331
-158 1351
-157 1352
-156 1327
-155 1297
-154 1294
-153 1301
-152 1309
-151 1308
-150 1273
-149 1215
-148 1243
-147 1254
-146 1341
-145 1240
-144 1319
-143 1196
-142 1218
-141 1174
-140 1183
-139 1193
-138 1175
-137 1197
-136 1246
-135 1203
-134 1163
-133 1153
-132 1221
-131 1160
-130 1150
-129 1171
-128 1142
-127 1112
-126 1089
-125 1092
-124 1089
-123 1139
-122 1069
-121 1080
-120 1043
-119 1035
-118 1141
-117 1114
-116 1060
-115 1115
-114 1105
-113 1089
-112 1109
-111 1053
-110 1059
-109 1025
-108 1047
-107 1063
-106 999
-105 1037
-104 1032
-103 1065
-102 946
-101 994
-100 951
-99 1007
-98 1035
-97 1008
-96 967
-95 969
-94 927
-93 956
-92 966
-91 986
-90 951
-89 964
-88 960
-87 954
-86 918
-85 901
-84 923
-83 896
-82 913
-81 920
-80 913
-79 909
-78 863
-77 896
-76 843
-75 891
-74 890
-73 848
-72 896
-71 835
-70 839
-69 866
-68 905
-67 863
-66 872
-65 838
-64 836
-63 844
-62 830
-61 821
-60 809
-59 802
-58 799
-57 830
-56 820
-55 789
-54 751
-53 775
-52 754
-51 791
-50 792
-49 773
-48 814
-47 794
-46 828
-45 725
-44 783
-43 754
-42 676
-41 724
-40 760
-39 658
-38 724
-37 714
-36 705
-35 715
-34 713
-33 700
-32 729
-31 690
-30 667
-29 677
-28 671
-27 668
-26 666
-25 671
-24 683
-23 716
-22 639
-21 646
-20 690
-19 685
-18 637
-17 632
-16 653
-15 623
-14 643
-13 613
-12 637
-11 600
-10 629
-9 642
-8 635
-7 625
-6 616
-5 617
-4 604
-3 617
-2 576
-1 623
0 550
1 591
2 594
3 605
4 565
5 570
6 619
7 571
8 553
9 606
10 597
11 524
12 573
13 557
14 552
15 538
16 578
17 562
18 504
19 552
20 518
21 556
22 539
23 544
24 517
25 489
26 562
27 534
28 474
29 505
30 518
31 510
32 500
33 485
34 497
35 512
36 495
37 498
38 504
39 507
40 485
41 495
42 475
43 502
44 495
45 492
46 457
47 484
48 456
49 441
50 507
51 472
52 411
53 465
54 440
55 405
56 486
57 446
58 417
59 436
60 444
61 447
62 465
63 398
64 480
65 405
66 415
67 460
68 439
69 441
70 422
71 424
72 443
73 433
74 422
75 382
76 433
77 366
78 400
79 413
80 392
81 404
82 426
83 364
84 375
85 376
86 369
87 377
88 343
89 380
90 364
91 360
92 381
93 354
94 362
95 341
96 349
97 356
98 373
99 322
100 362
101 358
102 323
103 338
104 312
105 344
106 332
107 342
108 316
109 310
110 335
111 298
112 343
113 310
114 325
115 328
116 319
117 308
118 303
119 321
120 316
121 304
122 314
123 301
124 289
125 295
126 298
127 296
128 296
129 302
130 289
131 266
132 282
133 283
134 277
135 261
136 275
137 266
138 261
139 287
140 263
141 258
142 288
143 264
144 269
145 249
146 249
147 263
148 277
149 255
150 250
151 243
152 259
153 252
154 270
155 252
156 260
157 240
158 254
159 243
160 233
161 239
162 249
163 267
164 235
165 257
166 233
167 240
168 226
169 222
170 200
171 249
172 198
173 222
174 252
175 225
176 184
177 171
178 201
179 225
180 227
181 232
182 200
183 223
184 221
185 210
186 198
187 191
188 200
189 201
190 173
191 198
192 190
193 195
194 218
195 206
196 176
197 197
198 227
199 207
200 181
201 202
202 173
203 193
204 176
205 173
206 163
207 186
208 170
209 187
210 179
211 171
212 147
213 146
214 185
215 157
216 171
217 161
218 168
219 161
220 173
221 179
222 178
223 158
224 164
225 149
226 149
227 148
228 170
229 157
230 177
231 156
232 149
233 167
234 150
235 160
236 159
237 157
238 153
239 140
240 127
241 150
242 125
243 146
244 150
245 149
246 161
247 144
248 134
249 135
250 151
251 131
252 129
253 124
254 132
255 137
256 131
257 120
258 128
259 124
260 117
261 141
262 121
263 121
264 130
265 109
266 137
267 154
268 121
269 123
270 117
271 131
272 120
273 110
274 128
275 129
276 107
277 121
278 121
279 125
280 109
281 95
282 135
283 126
284 116
285 124
286 106
287 107
288 89
289 101
290 97
291 96
292 102
293 100
294 101
295 99
296 88
297 85
298 118
299 77
300 98
301 86
302 81
303 87
304 100
305 98
306 92
307 112
308 94
309 107
310 93
311 89
312 87
313 67
314 101
315 91
316 83
317 86
318 97
319 87
320 91
321 105
322 76
323 97
324 82
325 91
326 79
327 76
328 76
329 87
330 93
331 81
332 91
333 100
334 78
335 83
336 96
337 95
338 86
339 71
340 80
341 81
342 71
343 75
344 66
345 90
346 55
347 71
348 86
349 77
350 81
351 78
352 73
353 55
354 71
355 67
356 72
357 71
358 69
359 75
360 67
361 79
362 74
363 68
364 54
365 58
366 65
367 68
368 76
369 59
370 62
371 57
372 61
373 69
374 69
375 62
376 72
377 53
378 56
379 63
380 64
381 52
382 48
383 58
384 60
385 54
386 58
387 53
388 60
389 52
390 53
391 58
392 57
393 42
394 52
395 49
396 51
397 47
398 58
399 61
400 65
401 63
402 48
403 48
404 54
405 54
406 60
407 55
408 52
409 52
410 52
411 59
412 52
413 52
414 47
415 45
416 51
417 62
418 47
419 65
420 56
421 49
422 42
423 40
424 44
425 56
426 40
427 59
428 53
429 50
430 36
431 52
432 50
433 49
434 39
435 41
436 40
437 48
438 42
439 37
440 49
441 46
442 46
443 38
444 40
445 42
446 32
447 40
448 43
449 40
450 47
451 34
452 34
453 44
454 39
455 38
456 40
457 43
458 44
459 37
460 26
461 38
462 39
463 38
464 33
465 34
466 34
467 38
468 34
469 33
470 40
471 34
472 27
473 45
474 41
475 32
476 35
477 36
478 40
479 47
480 38
481 40
482 29
483 32
484 25
485 32
486 33
487 30
488 33
489 32
490 39
491 31
492 30
493 51
494 36
495 33
496 33
497 23
498 24
499 30
500 36
501 31
502 25
503 31
504 20
505 20
506 24
507 31
508 24
509 30
510 24
511 39
512 33
513 35
514 22
515 22
516 26
517 21
518 29
519 21
520 29
521 33
522 23
523 25
524 24
525 26
526 25
527 26
528 33
529 33
530 28
531 28
532 29
533 24
534 21
535 18
536 25
537 21
538 29
539 30
540 28
541 30
542 19
543 30
544 19
545 26
546 25
547 23
548 26
549 25
550 26
551 21
552 31
553 23
554 17
555 16
556 21
557 27
558 24
559 23
560 20
561 26
562 25
563 21
564 29
565 15
566 16
567 19
568 21
569 19
570 21
571 17
572 17
573 25
574 24
575 26
576 18
577 16
578 25
579 29
580 37
581 18
582 19
583 13
584 17
585 21
586 21
587 23
588 14
589 29
590 17
591 18
592 18
593 22
594 20
595 16
596 17
597 25
598 15
599 12
600 14
601 16
602 18
603 15
604 19
605 13
606 20
607 27
608 24
609 13
610 16
611 18
612 24
613 15
614 9
615 22
616 23
617 14
618 19
619 17
620 16
621 6
622 13
623 10
624 17
625 17
626 22
627 13
628 17
629 18
630 12
631 16
632 16
633 10
634 18
635 14
636 12
637 18
638 22
639 16
640 11
641 11
642 15
643 14
644 15
645 19
646 14
647 14
648 24
649 16
650 14
651 16
652 15
653 18
654 14
655 23
656 21
657 18
658 18
659 14
660 13
661 19
662 7
663 17
664 12
665 10
666 23
667 17
668 10
669 16
670 14
671 15
672 17
673 11
674 17
675 13
676 11
677 13
678 13
679 8
680 14
681 20
682 11
683 6
684 10
685 13
686 17
687 16
688 13
689 13
690 19
691 15
692 18
693 11
694 16
695 14
696 15
697 15
698 7
699 17
700 12
701 10
702 15
703 18
704 13
705 23
706 14
707 18
708 19
709 7
710 9
711 13
712 14
713 11
714 12
715 22
716 15
717 17
718 11
719 22
720 16
721 14
722 16
723 20
724 9
725 13
726 13
727 14
728 11
729 11
730 20
731 14
732 17
733 24
734 20
735 16
736 15
737 18
738 18
739 19
740 24
741 18
742 18
743 16
744 24
745 31
746 20
747 19
748 18
749 23
750 21
751 23
752 22
753 27
754 13
755 21
756 20
757 20
758 23
759 20
760 17
761 13
762 13
763 18
764 16
765 9
766 15
767 23
768 27
769 17
770 21
771 15
772 18
773 17
774 15
775 17
776 18
777 22
778 13
779 8
780 17
781 22
782 8
783 15
784 17
785 21
786 15
787 9
788 17
789 21
790 20
791 17
792 9
793 15
794 13
795 15
796 15
797 12
798 23
799 19
800 14
801 11
802 13
803 14
804 15
805 23
806 11
807 18
808 15
809 17
810 15
811 13
812 20
813 19
814 16
815 20
816 12
817 22
818 12
819 16
820 12
821 21
822 16
823 17
824 12
825 18
826 21
827 17
828 9
829 12
830 18
831 13
832 18
833 13
834 13
835 15
836 15
837 22
838 15
839 17
840 24
841 13
842 14
843 19
844 16
845 17
846 14
847 16
848 18
849 16
850 15
851 13
852 12
853 13
854 14
855 14
856 19
857 15
858 11
859 13
860 15
861 25
862 11
863 18
864 16
865 18
866 12
867 17
868 17
869 11
870 17
871 19
872 14
873 17
874 16
875 19
876 11
877 21
878 14
879 13
880 15
881 24
882 20
883 16
884 16
885 16
886 21
887 16
888 21
889 17
890 21
891 18
892 18
893 14
894 12
895 20
896 16
897 17
898 18
899 16
900 18
901 22
902 21
903 20
904 19
905 19
906 13
907 23
908 27
909 27
910 25
911 24
912 15
913 22
914 21
915 25
916 22
917 14
918 13
919 25
920 24
921 19
922 15
923 18
924 21
925 22
926 18
927 22
928 24
929 21
930 20
931 25
932 18
933 20
934 12
935 19
936 13
937 25
938 19
939 16
940 19
941 20
942 15
943 14
944 21
945 28
946 23
947 17
948 17
949 15
950 26
951 16
952 12
953 12
954 15
955 27
956 13
957 20
958 15
959 20
960 21
961 20
962 19
963 16
964 12
965 17
966 22
967 13
968 12
969 12
970 19
971 15
972 19
973 17
974 13
975 13
976 21
977 15
978 18
979 21
980 17
981 23
982 13
983 15
984 18
985 16
986 17
987 14
988 10
989 11
990 17
991 7
992 15
993 9
994 14
995 21
996 16
997 19
998 16
999 15
1000 18
1001 11
1002 18
1003 18
1004 7
1005 10
1006 15
1007 10
1008 18
1009 10
1010 12
1011 13
1012 12
1013 8
1014 9
1015 10
1016 19
1017 15
1018 10
1019 5
1020 19
1021 11
1022 11
1023 8
1024 8
1025 14
1026 9
1027 13
1028 10
1029 8
1030 14
1031 6
1032 11
1033 3
1034 14
1035 6
1036 14
1037 6
1038 9
1039 14
1040 10
1041 7
1042 8
1043 8
1044 7
1045 9
1046 6
1047 10
1048 4
1049 14
1050 13
1051 7
1052 9
1053 13
1054 7
1055 7
1056 12
1057 6
1058 8
1059 9
1060 10
1061 10
1062 6
1063 7
1064 9
1065 12
1066 16
1067 5
1068 8
1069 14
1070 10
1071 4
1072 9
1073 5
1074 6
1075 7
1076 10
1077 8
1078 6
1079 4
1080 11
1081 10
1082 3
1083 7
1084 10
1085 12
1086 15
1087 11
1088 10
1089 8
1090 7
1091 5
1092 5
1093 12
1094 6
1095 12
1096 6
1097 8
1098 9
1099 2
1100 9
1101 7
1102 5
1103 6
1104 9
1105 10
1106 5
1107 6
1108 5
1109 6
1110 11
1111 7
1112 6
1113 12
1114 5
1115 8
1116 5
1117 6
1118 9
1119 5
1120 6
1121 3
1122 5
1123 7
1124 7
1125 4
1126 6
1127 9
1128 6
1129 11
1130 2
1131 2
1132 3
1133 5
1134 9
1135 8
1136 6
1137 4
1138 7
1139 3
1140 3
1141 11
1142 5
1143 3
1144 3
1145 4
1146 6
1147 2
1148 8
1149 6
1150 5
1151 6
1152 8
1153 7
1154 3
1155 4
1156 4
1157 4
1158 5
1159 4
1160 3
1161 9
1162 6
1163 5
1164 2
1165 8
1166 4
1167 4
1168 6
1169 4
1170 7
1171 4
1172 2
1173 5
1174 4
1175 6
1176 5
1177 4
1178 7
1179 2
1180 1
1181 2
1182 2
1183 5
1184 1
1185 2
1186 3
1187 4
1188 4
1189 3
1190 5
1191 5
1192 2
1193 2
1194 4
1195 3
1196 1
1197 4
1198 4
1199 7
1200 3
1201 3
1202 6
1203 2
1204 1
1205 4
1206 2
1207 3
1209 2
1210 2
1211 3
1212 1
1213 2
1214 4
1215 2
1217 5
1218 6
1219 4
1220 3
1221 4
1222 3
1224 3
1225 2
1226 3
1227 4
1228 1
1229 2
1230 3
1231 6
1232 2
1233 2
1234 3
1235 4
1236 1
1239 5
1240 1
1242 2
1243 1
1244 1
1245 1
1247 2
1248 3
1249 3
1250 2
1252 1
1253 3
1255 1
1256 1
1257 4
1258 2
1259 2
1260 1
1262 1
1263 1
1264 1
1267 2
1268 1
1269 1
1270 5
1271 3
1272 2
1273 2
1275 1
1276 4
1277 1
1278 2
1280 3
1281 2
1282 1
1283 4
1286 1
1287 1
1288 3
1289 1
1291 1
1292 2
1293 1
1294 2
1295 1
1296 6
1297 1
1298 1
1299 1
1302 1
1303 2
1307 1
1308 4
1309 1
1312 3
1316 1
1317 1
1318 1
1321 1
1322 1
1323 1
1325 2
1326 2
1328 1
1329 1
1331 1
1332 1
1333 2
1335 2
1336 1
1337 1
1338 1
1342 1
1345 1
1346 1
1349 1
1351 1
1352 1
1357 1
1358 1
1359 1
1360 2
1362 2
1363 2
1366 1
1367 1
1369 1
1373 2
1375 1
1377 1
1378 1
1380 1
1383 1
1385 1
1392 1
1393 1
1396 1
1398 1
1402 1
1403 1
1411 2
1412 1
1414 1
1416 1
1418 1
1420 1
1421 1
1427 1
1428 1
1433 1
1436 1
1437 1
1438 1
1460 1
1466 1
1475 1
1479 1
1487 1
1493 1
1499 1
1503 1
1504 1
1505 1
1508 1
1513 1
1517 1
1527 1
1536 1
1539 1
1564 1
1588 1
1593 1
