56 3
57 34
58 233
59 546
60 797
61 784
62 818
63 750
64 778
65 807
66 830
67 855
68 1082
69 1254
70 1665
71 2396
72 3358
73 3903
74 4707
75 4738
76 4945
77 5071
78 4820
79 4812
80 4650
81 4483
82 4248
83 4355
84 4060
85 4009
86 3843
87 3907
88 4186
89 4356
90 4440
91 4560
92 4512
93 4439
94 4625
95 4790
96 4595
97 4729
98 5119
99 5521
100 5557
101 5933
102 6382
103 6607
104 6229
105 6264
106 6543
107 6616
108 6697
109 6772
110 6631
111 6540
112 6566
113 6798
114 6567
115 6793
116 6720
117 6843
118 6894
119 6764
120 6519
121 6664
122 6224
123 6539
124 6658
125 6684
126 7219
127 7239
128 7171
129 7060
130 7031
131 6847
132 6850
133 6941
134 7250
135 7454
136 7364
137 7456
138 8057
139 8448
140 8552
141 9043
142 9272
143 9340
144 8963
145 8962
146 8886
147 9041
148 8952
149 9226
150 9091
151 9349
152 9582
153 9634
154 9628
155 10336
156 10543
157 10993
158 11352
159 11877
160 12243
161 12686
162 12484
163 12965
164 13126
165 13419
166 13862
167 13649
168 14037
169 14191
170 13868
171 13858
172 13713
173 13970
174 13853
175 13875
176 13944
177 13722
178 13995
179 13874
180 13804
181 13785
182 13756
183 13652
184 13598
185 13875
186 13869
187 14270
188 14201
189 14804
190 14538
191 14542
192 14581
193 14636
194 14766
195 14342
196 14456
197 14445
198 14475
199 14564
200 14979
201 15098
202 15152
203 15201
204 15168
205 15340
206 15393
207 15591
208 15565
209 15467
210 15299
211 14874
212 15192
213 14933
214 14737
215 14770
216 14802
217 14870
218 15069
219 15023
220 15008
221 14961
222 15114
223 15041
224 15155
225 15277
226 15017
227 15127
228 15216
229 15099
230 14886
231 14814
232 14790
233 14924
234 14394
235 14492
236 14120
237 13776
238 13650
239 13650
240 13426
241 13305
242 13292
243 13090
244 12824
245 12622
246 12751
247 12682
248 12759
249 12869
250 12647
251 12658
252 12428
253 12380
254 12305
255 12122
256 12049
257 11926
258 11793
259 11862
260 12089
261 11982
262 11870
263 11802
264 12036
265 11506
266 11475
267 11365
268 11160
269 11216
270 11009
271 11049
272 10932
273 10972
274 10907
275 11045
276 10915
277 10613
278 10623
279 10698
280 10473
281 10366
282 10088
283 10136
284 10116
285 9983
286 10045
287 9908
288 9944
289 10062
290 9591
291 9540
292 9526
293 9624
294 9474
295 9474
296 9556
297 9417
298 8999
299 9190
300 9222
301 8972
302 8834
303 8950
304 8741
305 8811
306 8536
307 8376
308 8567
309 8220
310 8281
311 8340
312 8131
313 8116
314 7978
315 7930
316 8163
317 8001
318 7937
319 7754
320 7734
321 7646
322 7680
323 7539
324 7607
325 7673
326 7535
327 7507
328 7527
329 7390
330 7494
331 7222
332 7296
333 7170
334 7275
335 7112
336 7203
337 6943
338 6956
339 6804
340 6980
341 6943
342 6977
343 6840
344 6731
345 6705
346 6724
347 6800
348 6666
349 6811
350 6629
351 6496
352 6522
353 6494
354 6420
355 6281
356 6326
357 6361
358 6298
359 6274
360 6056
361 6097
362 6065
363 5951
364 5958
365 5853
366 5744
367 5888
368 5912
369 5910
370 5870
371 5787
372 5746
373 5808
374 5669
375 5578
376 5775
377 5491
378 5483
379 5405
380 5420
381 5408
382 5217
383 5281
384 5329
385 5279
386 5193
387 5268
388 5188
389 5040
390 5083
391 5170
392 5127
393 5084
394 5215
395 4943
396 5024
397 5019
398 5038
399 4927
400 4966
401 4852
402 4710
403 4731
404 4808
405 4715
406 4764
407 4593
408 4563
409 4490
410 4508
411 4453
412 4506
413 4372
414 4374
415 4274
416 4228
417 4153
418 4255
419 4171
420 4104
421 4228
422 4112
423 4119
424 4030
425 4006
426 4077
427 4029
428 3950
429 4125
430 3896
431 3818
432 3965
433 3894
434 3793
435 3755
436 3759
437 3790
438 3628
439 3779
440 3645
441 3692
442 3655
443 3648
444 3614
445 3648
446 3486
447 3582
448 3392
449 3431
450 3432
451 3387
452 3429
453 3444
454 3334
455 3315
456 3361
457 3320
458 3119
459 3264
460 3158
461 3238
462 3153
463 3052
464 3133
465 3121
466 3068
467 2999
468 3003
469 2924
470 2961
471 2902
472 2912
473 2772
474 2954
475 2878
476 2811
477 2924
478 2811
479 2789
480 2779
481 2739
482 2761
483 2690
484 2783
485 2800
486 2676
487 2705
488 2687
489 2691
490 2610
491 2654
492 2575
493 2573
494 2550
495 2558
496 2541
497 2560
498 2594
499 2439
500 2500
501 2501
502 2580
503 2426
504 2456
505 2454
506 2490
507 2383
508 2299
509 2384
510 2391
511 2384
512 2340
513 2345
514 2318
515 2403
516 2299
517 2314
518 2235
519 2347
520 2303
521 2311
522 2329
523 2337
524 2203
525 2231
526 2241
527 2217
528 2183
529 2075
530 2167
531 2193
532 2073
533 2054
534 2162
535 2070
536 2044
537 2010
538 2044
539 2064
540 1967
541 1981
542 1987
543 2006
544 1956
545 1923
546 1906
547 1931
548 1782
549 1812
550 1954
551 1877
552 1760
553 1852
554 1912
555 1797
556 1767
557 1789
558 1816
559 1716
560 1801
561 1718
562 1802
563 1662
564 1698
565 1654
566 1714
567 1771
568 1650
569 1628
570 1617
571 1721
572 1697
573 1692
574 1688
575 1654
576 1610
577 1617
578 1613
579 1558
580 1582
581 1589
582 1644
583 1557
584 1600
585 1622
586 1561
587 1535
588 1542
589 1439
590 1476
591 1515
592 1474
593 1439
594 1511
595 1486
596 1460
597 1377
598 1437
599 1455
600 1418
601 1425
602 1389
603 1369
604 1392
605 1375
606 1412
607 1343
608 1374
609 1321
610 1305
611 1350
612 1274
613 1377
614 1285
615 1299
616 1321
617 1262
618 1244
619 1317
620 1279
621 1281
622 1252
623 1243
624 1206
625 1195
626 1256
627 1208
628 1238
629 1191
630 1210
631 1250
632 1171
633 1133
634 1160
635 1183
636 1153
637 1083
638 1162
639 1193
640 1151
641 1132
642 1053
643 1113
644 1118
645 1131
646 1074
647 1076
648 1012
649 1069
650 1029
651 1106
652 1074
653 1059
654 1023
655 991
656 1053
657 1025
658 957
659 1020
660 1002
661 1024
662 1031
663 972
664 962
665 1001
666 1019
667 971
668 966
669 977
670 976
671 989
672 931
673 956
674 946
675 955
676 951
677 944
678 957
679 903
680 864
681 913
682 909
683 941
684 914
685 883
686 921
687 889
688 888
689 887
690 840
691 874
692 864
693 843
694 854
695 808
696 834
697 878
698 783
699 854
700 792
701 840
702 761
703 805
704 797
705 821
706 802
707 788
708 787
709 782
710 716
711 772
712 727
713 779
714 833
715 781
716 737
717 789
718 789
719 740
720 720
721 757
722 720
723 693
724 716
725 707
726 693
727 720
728 716
729 702
730 714
731 765
732 738
733 708
734 660
735 687
736 676
737 657
738 762
739 673
740 698
741 693
742 663
743 690
744 655
745 672
746 652
747 657
748 618
749 630
750 654
751 621
752 624
753 663
754 648
755 622
756 579
757 636
758 617
759 585
760 599
761 607
762 649
763 644
764 612
765 644
766 577
767 653
768 615
769 634
770 599
771 622
772 613
773 626
774 569
775 606
776 597
777 584
778 566
779 610
780 564
781 580
782 605
783 544
784 569
785 544
786 581
787 588
788 558
789 588
790 567
791 511
792 530
793 542
794 522
795 527
796 557
797 548
798 573
799 548
800 562
801 517
802 522
803 541
804 505
805 494
806 510
807 516
808 540
809 499
810 524
811 520
812 511
813 515
814 523
815 504
816 495
817 530
818 497
819 510
820 462
821 504
822 468
823 510
824 483
825 469
826 471
827 490
828 461
829 507
830 454
831 468
832 510
833 438
834 481
835 441
836 463
837 472
838 456
839 431
840 436
841 456
842 454
843 467
844 471
845 419
846 449
847 451
848 458
849 451
850 398
851 452
852 437
853 419
854 457
855 452
856 465
857 456
858 406
859 458
860 419
861 413
862 426
863 422
864 416
865 408
866 431
867 436
868 397
869 405
870 402
871 422
872 399
873 383
874 386
875 385
876 450
877 412
878 424
879 406
880 385
881 360
882 426
883 356
884 334
885 394
886 385
887 369
888 362
889 398
890 389
891 378
892 380
893 380
894 390
895 387
896 392
897 356
898 410
899 389
900 416
901 366
902 336
903 368
904 372
905 372
906 366
907 342
908 324
909 342
910 338
911 354
912 370
913 333
914 320
915 314
916 332
917 349
918 321
919 353
920 350
921 315
922 353
923 330
924 322
925 344
926 318
927 331
928 327
929 351
930 332
931 330
932 320
933 307
934 298
935 311
936 324
937 309
938 307
939 327
940 301
941 298
942 292
943 341
944 302
945 318
946 296
947 327
948 322
949 323
950 287
951 288
952 297
953 312
954 314
955 304
956 307
957 320
958 301
959 290
960 279
961 283
962 293
963 288
964 303
965 286
966 278
967 288
968 283
969 282
970 299
971 259
972 266
973 298
974 262
975 267
976 281
977 285
978 279
979 277
980 295
981 276
982 273
983 291
984 271
985 258
986 278
987 278
988 264
989 290
990 256
991 275
992 263
993 264
994 262
995 244
996 259
997 272
998 275
999 234
1000 222
1001 267
1002 245
1003 268
1004 240
1005 267
1006 277
1007 252
1008 247
1009 252
1010 240
1011 252
1012 246
1013 278
1014 248
1015 255
1016 254
1017 226
1018 246
1019 227
1020 268
1021 238
1022 263
1023 266
1024 237
1025 236
1026 207
1027 252
1028 246
1029 228
1030 243
1031 217
1032 242
1033 226
1034 233
1035 221
1036 229
1037 224
1038 265
1039 237
1040 209
1041 248
1042 195
1043 220
1044 227
1045 235
1046 224
1047 196
1048 239
1049 231
1050 217
1051 233
1052 223
1053 213
1054 222
1055 236
1056 212
1057 212
1058 194
1059 209
1060 203
1061 221
1062 244
1063 214
1064 208
1065 233
1066 180
1067 197
1068 206
1069 204
1070 196
1071 221
1072 208
1073 199
1074 225
1075 187
1076 197
1077 221
1078 198
1079 177
1080 196
1081 211
1082 209
1083 193
1084 218
1085 184
1086 207
1087 193
1088 194
1089 209
1090 196
1091 217
1092 187
1093 198
1094 208
1095 194
1096 193
1097 187
1098 210
1099 207
1100 164
1101 193
1102 198
1103 183
1104 207
1105 191
1106 203
1107 180
1108 209
1109 190
1110 179
1111 195
1112 161
1113 177
1114 199
1115 187
1116 181
1117 173
1118 183
1119 153
1120 183
1121 201
1122 195
1123 200
1124 168
1125 178
1126 180
1127 172
1128 137
1129 194
1130 174
1131 164
1132 175
1133 159
1134 152
1135 166
1136 157
1137 171
1138 191
1139 187
1140 169
1141 172
1142 138
1143 164
1144 166
1145 166
1146 176
1147 156
1148 167
1149 177
1150 166
1151 173
1152 175
1153 166
1154 173
1155 165
1156 155
1157 137
1158 176
1159 175
1160 174
1161 153
1162 163
1163 153
1164 154
1165 155
1166 167
1167 175
1168 176
1169 174
1170 145
1171 169
1172 171
1173 151
1174 160
1175 160
1176 152
1177 151
1178 156
1179 174
1180 153
1181 147
1182 171
1183 161
1184 156
1185 154
1186 150
1187 148
1188 139
1189 140
1190 164
1191 153
1192 156
1193 142
1194 129
1195 131
1196 129
1197 155
1198 149
1199 170
1200 134
1201 157
1202 131
1203 145
1204 138
1205 161
1206 143
1207 155
1208 143
1209 145
1210 142
1211 120
1212 132
1213 127
1214 143
1215 130
1216 134
1217 137
1218 150
1219 135
1220 113
1221 135
1222 129
1223 138
1224 119
1225 121
1226 133
1227 127
1228 129
1229 139
1230 134
1231 128
1232 125
1233 132
1234 116
1235 135
1236 133
1237 135
1238 118
1239 110
1240 149
1241 124
1242 130
1243 118
1244 123
1245 116
1246 112
1247 122
1248 123
1249 131
1250 108
1251 130
1252 133
1253 136
1254 122
1255 130
1256 106
1257 103
1258 118
1259 125
1260 128
1261 120
1262 117
1263 137
1264 102
1265 109
1266 120
1267 101
1268 130
1269 117
1270 111
1271 111
1272 97
1273 136
1274 102
1275 110
1276 99
1277 120
1278 113
1279 124
1280 120
1281 103
1282 117
1283 102
1284 97
1285 110
1286 105
1287 125
1288 109
1289 119
1290 84
1291 107
1292 99
1293 115
1294 107
1295 119
1296 104
1297 105
1298 111
1299 112
1300 96
1301 106
1302 110
1303 109
1304 117
1305 112
1306 116
1307 96
1308 109
1309 85
1310 104
1311 100
1312 109
1313 93
1314 99
1315 98
1316 111
1317 113
1318 102
1319 103
1320 100
1321 119
1322 97
1323 93
1324 108
1325 94
1326 102
1327 85
1328 106
1329 96
1330 89
1331 95
1332 107
1333 83
1334 104
1335 102
1336 94
1337 97
1338 110
1339 92
1340 99
1341 83
1342 94
1343 110
1344 102
1345 108
1346 99
1347 68
1348 97
1349 81
1350 102
1351 86
1352 81
1353 82
1354 106
1355 94
1356 89
1357 95
1358 87
1359 79
1360 89
1361 95
1362 83
1363 83
1364 76
1365 88
1366 97
1367 87
1368 93
1369 68
1370 88
1371 97
1372 73
1373 78
1374 75
1375 93
1376 99
1377 80
1378 85
1379 76
1380 89
1381 88
1382 88
1383 75
1384 94
1385 74
1386 86
1387 87
1388 97
1389 82
1390 96
1391 70
1392 73
1393 94
1394 83
1395 69
1396 84
1397 84
1398 68
1399 97
1400 68
1401 77
1402 69
1403 94
1404 78
1405 92
1406 91
1407 75
1408 84
1409 88
1410 72
1411 66
1412 86
1413 75
1414 70
1415 63
1416 81
1417 83
1418 75
1419 88
1420 71
1421 84
1422 77
1423 68
1424 87
1425 79
1426 82
1427 81
1428 69
1429 79
1430 86
1431 70
1432 99
1433 69
1434 69
1435 68
1436 80
1437 70
1438 83
1439 72
1440 77
1441 70
1442 76
1443 79
1444 67
1445 58
1446 80
1447 72
1448 64
1449 79
1450 72
1451 82
1452 78
1453 67
1454 80
1455 69
1456 86
1457 73
1458 69
1459 70
1460 74
1461 88
1462 75
1463 69
1464 62
1465 70
1466 71
1467 78
1468 63
1469 85
1470 62
1471 68
1472 69
1473 59
1474 70
1475 65
1476 72
1477 59
1478 65
1479 55
1480 51
1481 75
1482 81
1483 69
1484 59
1485 55
1486 62
1487 61
1488 60
1489 68
1490 54
1491 84
1492 76
1493 78
1494 61
1495 63
1496 65
1497 68
1498 53
1499 51
1500 50
1501 64
1502 46
1503 45
1504 59
1505 46
1506 58
1507 59
1508 63
1509 61
1510 68
1511 63
1512 61
1513 62
1514 72
1515 65
1516 69
1517 64
1518 66
1519 57
1520 55
1521 68
1522 54
1523 62
1524 57
1525 77
1526 58
1527 56
1528 67
1529 71
1530 70
1531 62
1532 46
1533 67
1534 51
1535 55
1536 46
1537 56
1538 59
1539 54
1540 47
1541 60
1542 58
1543 55
1544 55
1545 57
1546 57
1547 55
1548 47
1549 51
1550 48
1551 54
1552 51
1553 58
1554 52
1555 54
1556 58
1557 54
1558 45
1559 61
1560 52
1561 60
1562 65
1563 64
1564 56
1565 55
1566 46
1567 65
1568 55
1569 65
1570 46
1571 44
1572 45
1573 52
1574 54
1575 51
1576 76
1577 57
1578 63
1579 55
1580 53
1581 54
1582 70
1583 50
1584 58
1585 42
1586 40
1587 67
1588 60
1589 49
1590 50
1591 59
1592 37
1593 51
1594 42
1595 55
1596 45
1597 65
1598 58
1599 49
1600 39
1601 41
1602 46
1603 60
1604 37
1605 45
1606 45
1607 42
1608 47
1609 47
1610 44
1611 42
1612 62
1613 46
1614 45
1615 34
1616 56
1617 48
1618 58
1619 51
1620 42
1621 50
1622 48
1623 48
1624 48
1625 39
1626 42
1627 54
1628 50
1629 38
1630 41
1631 27
1632 47
1633 27
1634 50
1635 40
1636 45
1637 44
1638 56
1639 52
1640 52
1641 32
1642 32
1643 41
1644 42
1645 55
1646 39
1647 34
1648 53
1649 44
1650 43
1651 48
1652 41
1653 45
1654 38
1655 49
1656 47
1657 31
1658 48
1659 52
1660 34
1661 50
1662 55
1663 42
1664 40
1665 47
1666 45
1667 48
1668 48
1669 42
1670 39
1671 45
1672 46
1673 48
1674 44
1675 43
1676 33
1677 40
1678 35
1679 44
1680 40
1681 32
1682 30
1683 43
1684 42
1685 37
1686 54
1687 33
1688 30
1689 43
1690 42
1691 43
1692 45
1693 44
1694 46
1695 45
1696 27
1697 46
1698 37
1699 51
1700 53
1701 34
1702 43
1703 43
1704 37
1705 30
1706 42
1707 37
1708 36
1709 42
1710 37
1711 48
1712 46
1713 36
1714 42
1715 39
1716 31
1717 46
1718 47
1719 37
1720 38
1721 35
1722 39
1723 35
1724 43
1725 44
1726 42
1727 37
1728 47
1729 41
1730 30
1731 42
1732 34
1733 29
1734 32
1735 43
1736 28
1737 25
1738 36
1739 38
1740 32
1741 40
1742 41
1743 37
1744 25
1745 35
1746 32
1747 36
1748 38
1749 29
1750 36
1751 37
1752 38
1753 30
1754 44
1755 37
1756 32
1757 39
1758 25
1759 44
1760 39
1761 36
1762 48
1763 37
1764 45
1765 25
1766 27
1767 45
1768 42
1769 38
1770 25
1771 29
1772 45
1773 35
1774 29
1775 31
1776 28
1777 38
1778 40
1779 36
1780 30
1781 29
1782 35
1783 32
1784 37
1785 37
1786 25
1787 28
1788 34
1789 36
1790 28
1791 30
1792 30
1793 31
1794 39
1795 21
1796 34
1797 31
1798 33
1799 35
1800 32
1801 30
1802 27
1803 31
1804 36
1805 38
1806 23
1807 28
1808 26
1809 37
1810 21
1811 31
1812 35
1813 33
1814 29
1815 32
1816 30
1817 28
1818 23
1819 30
1820 29
1821 30
1822 38
1823 30
1824 35
1825 30
1826 31
1827 33
1828 28
1829 31
1830 22
1831 27
1832 29
1833 23
1834 36
1835 25
1836 24
1837 36
1838 41
1839 16
1840 29
1841 24
1842 24
1843 36
1844 23
1845 40
1846 28
1847 40
1848 38
1849 38
1850 26
1851 43
1852 31
1853 28
1854 30
1855 24
1856 41
1857 29
1858 20
1859 27
1860 23
1861 28
1862 33
1863 28
1864 27
1865 33
1866 32
1867 27
1868 28
1869 21
1870 27
1871 30
1872 31
1873 31
1874 25
1875 25
1876 20
1877 30
1878 33
1879 26
1880 35
1881 24
1882 29
1883 35
1884 26
1885 29
1886 27
1887 24
1888 26
1889 28
1890 16
1891 36
1892 24
1893 21
1894 35
1895 34
1896 24
1897 25
1898 28
1899 27
1900 29
1901 29
1902 29
1903 29
1904 27
1905 23
1906 26
1907 21
1908 30
1909 29
1910 17
1911 12
1912 27
1913 23
1914 26
1915 44
1916 29
1917 37
1918 26
1919 28
1920 24
1921 23
1922 36
1923 28
1924 19
1925 25
1926 31
1927 29
1928 22
1929 31
1930 15
1931 25
1932 27
1933 25
1934 27
1935 23
1936 19
1937 28
1938 24
1939 20
1940 16
1941 28
1942 21
1943 17
1944 21
1945 19
1946 24
1947 29
1948 20
1949 18
1950 25
1951 21
1952 24
1953 19
1954 18
1955 19
1956 28
1957 26
1958 21
1959 17
1960 18
1961 31
1962 26
1963 20
1964 24
1965 18
1966 20
1967 35
1968 18
1969 19
1970 15
1971 23
1972 27
1973 28
1974 17
1975 13
1976 16
1977 22
1978 19
1979 25
1980 21
1981 19
1982 16
1983 15
1984 27
1985 25
1986 28
1987 26
1988 21
1989 17
1990 15
1991 15
1992 21
1993 19
1994 23
1995 16
1996 30
1997 15
1998 21
1999 20
2000 15
2001 20
2002 21
2003 13
2004 13
2005 20
2006 20
2007 23
2008 18
2009 13
2010 16
2011 25
2012 16
2013 18
2014 25
2015 27
2016 23
2017 20
2018 22
2019 21
2020 22
2021 17
2022 15
2023 16
2024 21
2025 29
2026 19
2027 30
2028 26
2029 24
2030 16
2031 21
2032 16
2033 25
2034 21
2035 24
2036 28
2037 25
2038 21
2039 14
2040 15
2041 26
2042 18
2043 16
2044 30
2045 22
2046 16
2047 19
2048 13
2049 21
2050 17
2051 19
2052 16
2053 18
2054 18
2055 11
2056 10
2057 18
2058 19
2059 20
2060 19
2061 19
2062 24
2063 22
2064 14
2065 31
2066 19
2067 15
2068 16
2069 20
2070 16
2071 19
2072 13
2073 21
2074 17
2075 15
2076 21
2077 15
2078 22
2079 20
2080 20
2081 19
2082 29
2083 14
2084 21
2085 14
2086 16
2087 16
2088 17
2089 19
2090 26
2091 16
2092 18
2093 24
2094 20
2095 25
2096 21
2097 18
2098 9
2099 17
2100 21
2101 14
2102 23
2103 17
2104 22
2105 17
2106 20
2107 15
2108 14
2109 18
2110 19
2111 19
2112 20
2113 21
2114 18
2115 18
2116 15
2117 18
2118 17
2119 22
2120 9
2121 18
2122 15
2123 25
2124 12
2125 9
2126 21
2127 16
2128 13
2129 10
2130 14
2131 19
2132 20
2133 17
2134 20
2135 15
2136 18
2137 19
2138 16
2139 19
2140 22
2141 23
2142 17
2143 12
2144 19
2145 10
2146 20
2147 22
2148 14
2149 18
2150 19
2151 23
2152 22
2153 24
2154 16
2155 15
2156 18
2157 14
2158 16
2159 20
2160 15
2161 18
2162 20
2163 10
2164 16
2165 16
2166 17
2167 16
2168 18
2169 22
2170 21
2171 29
2172 16
2173 23
2174 17
2175 13
2176 21
2177 16
2178 23
2179 9
2180 13
2181 19
2182 20
2183 15
2184 9
2185 7
2186 14
2187 17
2188 17
2189 18
2190 18
2191 19
2192 15
2193 12
2194 14
2195 17
2196 14
2197 15
2198 12
2199 17
2200 13
2201 16
2202 19
2203 15
2204 13
2205 12
2206 14
2207 7
2208 16
2209 18
2210 10
2211 15
2212 20
2213 13
2214 18
2215 21
2216 11
2217 13
2218 12
2219 11
2220 10
2221 15
2222 15
2223 10
2224 16
2225 13
2226 12
2227 11
2228 19
2229 26
2230 12
2231 14
2232 13
2233 20
2234 16
2235 13
2236 12
2237 18
2238 15
2239 14
2240 18
2241 16
2242 14
2243 18
2244 14
2245 15
2246 15
2247 14
2248 14
2249 14
2250 12
2251 17
2252 10
2253 14
2254 11
2255 10
2256 8
2257 10
2258 19
2259 12
2260 15
2261 14
2262 9
2263 12
2264 12
2265 18
2266 11
2267 13
2268 15
2269 17
2270 12
2271 11
2272 14
2273 11
2274 19
2275 7
2276 12
2277 19
2278 16
2279 14
2280 14
2281 10
2282 10
2283 16
2284 14
2285 12
2286 21
2287 12
2288 11
2289 6
2290 13
2291 19
2292 11
2293 15
2294 16
2295 18
2296 11
2297 16
2298 15
2299 9
2300 9
2301 16
2302 20
2303 15
2304 12
2305 16
2306 17
2307 10
2308 12
2309 11
2310 7
2311 8
2312 9
2313 7
2314 12
2315 17
2316 16
2317 7
2318 11
2319 8
2320 14
2321 14
2322 7
2323 12
2324 14
2325 13
2326 13
2327 11
2328 10
2329 15
2330 11
2331 21
2332 16
2333 12
2334 13
2335 10
2336 13
2337 16
2338 7
2339 8
2340 15
2341 11
2342 11
2343 11
2344 10
2345 15
2346 10
2347 19
2348 11
2349 9
2350 12
2351 8
2352 4
2353 10
2354 12
2355 11
2356 17
2357 9
2358 11
2359 15
2360 16
2361 7
2362 12
2363 14
2364 12
2365 14
2366 14
2367 15
2368 8
2369 13
2370 10
2371 11
2372 6
2373 14
2374 12
2375 8
2376 18
2377 13
2378 12
2379 18
2380 10
2381 9
2382 10
2383 10
2384 9
2385 8
2386 11
2387 7
2388 11
2389 10
2390 13
2391 11
2392 12
2393 8
2394 10
2395 14
2396 17
2397 10
2398 15
2399 12
2400 9
2401 9
2402 13
2403 9
2404 9
2405 6
2406 9
2407 9
2408 11
2409 9
2410 11
2411 5
2412 7
2413 9
2414 11
2415 11
2416 10
2417 11
2418 12
2419 4
2420 7
2421 14
2422 12
2423 16
2424 12
2425 5
2426 8
2427 9
2428 13
2429 11
2430 9
2431 10
2432 16
2433 11
2434 6
2435 12
2436 8
2437 11
2438 12
2439 8
2440 6
2441 9
2442 14
2443 7
2444 18
2445 7
2446 9
2447 11
2448 9
2449 11
2450 8
2451 6
2452 12
2453 13
2454 7
2455 9
2456 7
2457 10
2458 7
2459 14
2460 10
2461 10
2462 12
2463 6
2464 10
2465 11
2466 10
2467 7
2468 12
2469 10
2470 7
2471 6
2472 8
2473 12
2474 5
2475 8
2476 10
2477 9
2478 6
2479 10
2480 10
2481 14
2482 6
2483 9
2484 10
2485 6
2486 8
2487 7
2488 8
2489 9
2490 7
2491 13
2492 12
2493 7
2494 8
2495 6
2496 9
2497 7
2498 10
2499 11
2500 13
2501 6
2502 12
2503 6
2504 13
2505 13
2506 16
2507 9
2508 8
2509 11
2510 15
2511 13
2512 12
2513 7
2514 5
2515 12
2516 7
2517 11
2518 12
2519 11
2520 14
2521 9
2522 12
2523 6
2524 2
2525 12
2526 8
2527 8
2528 5
2529 10
2530 10
2531 8
2532 7
2533 8
2534 11
2535 9
2536 12
2537 7
2538 7
2539 12
2540 10
2541 9
2542 11
2543 10
2544 7
2545 12
2546 11
2547 12
2548 7
2549 9
2550 12
2551 7
2552 7
2553 10
2554 13
2555 8
2556 11
2557 10
2558 5
2559 8
2560 13
2561 6
2562 11
2563 8
2564 8
2565 8
2566 4
2567 13
2568 8
2569 11
2570 8
2571 7
2572 8
2573 12
2574 13
2575 4
2576 11
2577 12
2578 9
2579 9
2580 6
2581 5
2582 16
2583 10
2584 7
2585 7
2586 13
2587 9
2588 11
2589 11
2590 4
2591 6
2592 9
2593 10
2594 9
2595 10
2596 3
2597 6
2598 7
2599 9
2600 9
2601 5
2602 10
2603 6
2604 9
2605 11
2606 11
2607 4
2608 6
2609 10
2610 11
2611 9
2612 14
2613 10
2614 10
2615 9
2616 11
2617 8
2618 6
2619 9
2620 4
2621 7
2622 10
2623 16
2624 11
2625 7
2626 10
2627 11
2628 10
2629 13
2630 11
2631 10
2632 3
2633 8
2634 5
2635 6
2636 9
2637 14
2638 8
2639 10
2640 2
2641 2
2642 6
2643 9
2644 8
2645 11
2646 4
2647 9
2648 8
2649 6
2650 8
2651 5
2652 6
2653 5
2654 10
2655 9
2656 4
2657 9
2658 5
2659 10
2660 10
2661 8
2662 9
2663 10
2664 7
2665 8
2666 5
2667 7
2668 4
2669 12
2670 5
2671 10
2672 10
2673 6
2674 14
2675 10
2676 10
2677 12
2678 7
2679 10
2680 11
2681 9
2682 4
2683 10
2684 6
2685 7
2686 7
2687 5
2688 11
2689 9
2690 1
2691 8
2692 9
2693 4
2694 5
2695 9
2696 8
2697 7
2698 7
2699 9
2700 8
2701 6
2702 6
2703 6
2704 11
2705 8
2706 14
2707 6
2708 13
2709 4
2710 5
2711 6
2712 14
2713 5
2714 6
2715 11
2716 5
2717 5
2718 4
2719 7
2720 6
2721 8
2722 8
2723 7
2724 3
2725 6
2726 9
2727 8
2728 5
2729 5
2730 10
2731 4
2732 7
2733 7
2734 11
2735 8
2736 5
2737 3
2738 10
2739 7
2740 7
2741 6
2742 7
2743 6
2744 4
2745 6
2746 4
2747 6
2748 8
2749 7
2750 6
2751 6
2752 8
2753 7
2754 12
2755 8
2756 6
2757 6
2758 5
2759 11
2760 11
2761 9
2762 2
2763 5
2764 11
2765 6
2766 7
2767 10
2768 4
2769 9
2770 6
2771 5
2772 6
2773 9
2774 1
2775 7
2776 6
2777 7
2778 11
2779 4
2780 6
2781 6
2782 5
2783 6
2784 6
2785 6
2786 7
2787 7
2788 6
2789 6
2790 7
2791 6
2792 1
2793 6
2794 7
2795 2
2796 14
2797 6
2798 4
2799 5
2800 5
2801 5
2802 4
2803 8
2804 7
2805 6
2806 3
2807 9
2808 8
2809 3
2810 10
2811 5
2812 6
2813 7
2814 2
2815 11
2816 7
2817 7
2818 6
2819 9
2820 8
2821 7
2822 2
2823 6
2824 5
2825 8
2826 5
2827 5
2828 7
2829 3
2830 7
2831 6
2832 8
2833 3
2834 3
2835 9
2836 8
2837 3
2838 3
2839 5
2840 8
2841 10
2842 8
2843 6
2844 8
2845 6
2846 6
2847 2
2848 4
2849 8
2850 4
2851 10
2852 4
2853 4
2854 9
2855 8
2856 8
2857 2
2858 7
2859 5
2860 4
2861 8
2862 6
2863 6
2864 8
2865 7
2866 6
2867 4
2868 7
2869 6
2870 3
2871 6
2872 11
2873 8
2874 7
2875 7
2876 7
2877 4
2878 6
2879 2
2880 5
2881 5
2882 1
2883 8
2885 8
2886 3
2887 4
2888 2
2889 4
2890 4
2891 8
2892 10
2893 8
2894 3
2895 6
2896 5
2897 8
2898 6
2899 7
2900 4
2901 7
2902 3
2903 4
2904 5
2905 6
2906 11
2907 4
2908 5
2909 1
2910 4
2911 9
2912 8
2913 3
2914 4
2915 10
2916 6
2917 3
2918 6
2919 2
2920 3
2921 4
2922 7
2923 4
2924 6
2925 6
2926 4
2927 5
2928 1
2929 12
2930 2
2931 8
2932 7
2933 5
2934 5
2935 6
2936 2
2937 6
2938 4
2939 5
2940 6
2941 8
2942 4
2943 4
2944 2
2945 6
2946 5
2947 6
2948 3
2949 6
2950 6
2951 4
2952 4
2953 11
2954 6
2955 5
2956 5
2957 5
2958 2
2959 5
2960 5
2961 8
2962 8
2963 1
2964 4
2965 3
2966 5
2967 3
2968 6
2969 8
2970 5
2971 9
2972 4
2973 8
2974 4
2975 11
2976 6
2977 4
2978 5
2979 3
2980 7
2981 4
2982 7
2983 4
2984 8
2985 5
2986 4
2987 1
2988 7
2989 5
2990 7
2991 4
2992 5
2993 6
2994 5
2995 4
2996 3
2997 8
2998 6
2999 5
3000 5
3001 4
3002 5
3003 3
3004 7
3005 6
3006 4
3007 5
3008 4
3009 10
3010 10
3011 9
3012 10
3013 6
3014 4
3015 4
3016 5
3017 11
3018 1
3019 7
3020 4
3021 4
3022 7
3023 4
3024 5
3025 5
3026 4
3027 7
3028 5
3029 8
3030 6
3031 5
3032 6
3033 7
3034 1
3035 4
3036 3
3037 5
3038 2
3039 4
3040 6
3041 2
3042 6
3043 4
3044 7
3045 3
3046 2
3047 2
3048 5
3049 3
3050 7
3051 2
3052 3
3053 4
3054 5
3055 5
3056 8
3057 3
3058 4
3059 6
3060 6
3061 4
3062 5
3063 5
3064 3
3065 4
3066 1
3067 6
3068 4
3069 6
3070 4
3071 4
3072 5
3073 4
3074 7
3075 6
3076 4
3077 5
3078 4
3079 2
3080 6
3081 5
3082 5
3083 4
3084 4
3085 2
3086 6
3087 6
3088 6
3089 8
3090 4
3091 7
3092 4
3093 1
3094 6
3095 2
3096 4
3097 4
3098 6
3099 3
3100 8
3101 3
3102 5
3103 3
3104 3
3105 8
3106 4
3107 2
3108 11
3109 7
3110 8
3111 8
3112 6
3113 8
3114 5
3115 2
3116 6
3117 6
3118 4
3119 3
3120 6
3121 5
3122 6
3123 4
3124 7
3125 5
3126 4
3127 3
3128 5
3129 5
3130 1
3131 5
3132 5
3133 5
3134 3
3135 5
3136 7
3137 7
3138 2
3139 2
3140 5
3141 3
3142 1
3143 4
3144 2
3145 4
3146 3
3147 5
3148 1
3149 1
3150 5
3151 4
3152 5
3153 3
3154 1
3155 5
3156 4
3157 8
3158 3
3159 2
3160 7
3161 7
3162 7
3163 5
3164 6
3165 3
3166 4
3168 3
3169 5
3170 6
3171 7
3172 4
3173 4
3174 4
3175 5
3176 1
3177 1
3178 3
3179 5
3180 4
3181 3
3182 5
3183 3
3184 7
3185 6
3186 3
3187 3
3188 2
3189 5
3190 5
3191 2
3192 4
3194 1
3195 2
3196 3
3197 2
3198 3
3199 5
3200 3
3201 2
3202 2
3203 3
3204 7
3206 4
3207 4
3208 2
3209 2
3210 6
3211 5
3212 3
3213 3
3214 2
3215 3
3216 7
3217 4
3218 3
3219 2
3220 4
3221 3
3222 5
3223 4
3224 2
3225 4
3226 3
3227 5
3228 3
3229 5
3230 1
3231 6
3232 4
3233 3
3234 4
3235 4
3236 3
3237 3
3238 4
3239 3
3240 2
3241 4
3242 3
3243 9
3244 4
3245 4
3246 7
3247 9
3248 2
3249 7
3250 4
3251 5
3252 3
3253 4
3254 5
3255 6
3256 4
3257 9
3258 1
3259 1
3260 5
3261 6
3262 4
3263 6
3265 3
3266 4
3267 4
3268 1
3269 2
3270 2
3271 4
3272 1
3273 4
3274 3
3275 1
3276 3
3277 6
3278 4
3279 7
3280 4
3281 1
3283 3
3284 5
3285 2
3286 5
3287 2
3288 3
3289 1
3290 4
3291 3
3292 2
3293 4
3294 4
3295 4
3296 6
3297 4
3298 1
3299 5
3300 2
3301 4
3302 2
3303 2
3304 1
3305 4
3306 1
3307 6
3308 3
3309 5
3310 3
3311 3
3312 1
3313 10
3314 1
3315 3
3316 6
3317 4
3318 6
3319 5
3320 5
3321 4
3322 3
3323 2
3324 1
3325 6
3326 3
3327 3
3328 3
3329 2
3330 4
3331 6
3332 4
3333 3
3334 3
3335 2
3336 1
3337 3
3338 6
3339 2
3340 5
3341 4
3342 1
3343 3
3344 3
3345 2
3346 1
3347 2
3348 4
3349 3
3350 3
3351 3
3352 4
3353 6
3354 2
3355 6
3356 3
3357 3
3358 8
3359 1
3361 2
3362 1
3363 4
3364 2
3365 3
3366 4
3367 3
3368 8
3369 3
3370 4
3371 5
3372 3
3373 6
3375 2
3376 9
3377 6
3378 4
3379 3
3380 6
3381 5
3382 4
3383 4
3384 2
3385 4
3386 1
3387 5
3388 3
3389 6
3390 3
3391 4
3392 4
3393 3
3394 8
3395 3
3396 4
3397 6
3398 1
3399 1
3400 2
3401 7
3402 1
3403 3
3404 1
3405 3
3406 5
3407 5
3408 4
3409 2
3410 2
3411 4
3412 1
3413 4
3414 5
3415 4
3416 1
3418 3
3419 3
3420 3
3421 5
3422 4
3423 2
3424 4
3425 1
3426 4
3427 1
3428 2
3429 3
3430 2
3431 2
3432 2
3433 1
3434 4
3435 2
3436 7
3437 1
3438 5
3439 3
3441 2
3442 3
3443 3
3444 2
3445 4
3446 4
3447 3
3448 1
3449 2
3450 1
3451 5
3452 4
3453 8
3454 4
3455 5
3456 5
3457 5
3458 4
3459 2
3460 4
3461 3
3462 2
3463 6
3464 5
3465 3
3466 2
3467 4
3468 3
3469 2
3470 1
3471 6
3472 6
3473 6
3474 2
3475 4
3476 3
3477 2
3478 3
3479 4
3480 4
3481 2
3483 6
3484 2
3485 3
3486 2
3488 6
3489 3
3490 3
3491 2
3492 7
3493 4
3494 3
3495 2
3496 2
3497 4
3499 5
3501 4
3502 3
3503 1
3504 4
3505 5
3506 1
3507 7
3509 4
3510 2
3511 2
3512 3
3513 4
3514 4
3515 4
3516 3
3517 2
3518 3
3519 2
3520 6
3521 1
3523 5
3524 1
3525 3
3526 2
3527 4
3528 4
3529 5
3530 5
3531 4
3532 2
3533 3
3534 3
3535 2
3536 3
3537 2
3538 2
3539 4
3540 3
3541 4
3542 2
3543 3
3544 4
3545 2
3546 4
3547 3
3548 5
3549 4
3550 3
3551 3
3553 2
3554 5
3555 4
3556 2
3557 2
3558 3
3559 3
3561 4
3562 1
3563 4
3564 7
3565 4
3566 5
3567 5
3568 1
3569 3
3570 2
3571 4
3572 1
3573 1
3574 3
3575 4
3576 3
3577 5
3578 4
3579 2
3580 1
3582 2
3583 1
3584 2
3585 2
3586 1
3587 3
3588 4
3589 2
3590 1
3591 1
3592 2
3593 3
3594 5
3596 1
3598 6
3599 1
3600 3
3601 4
3602 3
3603 4
3604 3
3605 5
3606 5
3607 2
3608 1
3609 1
3610 4
3611 1
3612 1
3613 5
3614 5
3615 4
3616 3
3617 2
3618 3
3619 3
3620 6
3621 3
3622 1
3623 1
3624 4
3625 4
3627 1
3628 4
3629 2
3630 3
3632 4
3633 4
3634 2
3635 2
3636 4
3638 4
3639 7
3640 3
3641 1
3642 1
3643 4
3644 7
3645 1
3646 6
3647 2
3648 2
3649 2
3650 3
3651 2
3653 4
3654 3
3655 4
3656 5
3657 2
3659 2
3660 1
3661 2
3662 4
3663 2
3664 3
3665 4
3666 2
3667 5
3668 7
3669 4
3671 1
3672 5
3673 1
3674 1
3675 2
3676 1
3677 2
3678 5
3679 1
3680 1
3682 2
3683 2
3684 1
3685 2
3686 4
3687 4
3688 2
3689 2
3690 1
3691 2
3692 2
3693 2
3695 2
3696 3
3697 3
3698 1
3699 1
3700 2
3701 4
3702 5
3703 1
3704 5
3705 3
3706 2
3707 2
3709 3
3710 3
3711 2
3712 3
3713 4
3714 2
3715 3
3716 1
3717 4
3718 1
3719 1
3720 2
3721 1
3723 2
3724 2
3725 5
3726 1
3727 3
3728 1
3729 4
3730 2
3732 3
3734 3
3735 1
3736 4
3737 3
3738 4
3739 4
3740 3
3741 4
3742 1
3744 2
3745 4
3746 1
3747 4
3748 2
3749 3
3750 3
3751 5
3752 1
3753 4
3754 3
3755 5
3756 2
3757 1
3758 4
3759 1
3760 4
3761 3
3762 4
3763 1
3764 2
3765 4
3766 2
3767 3
3768 1
3770 3
3771 2
3772 2
3773 4
3774 1
3775 3
3776 1
3778 3
3779 1
3780 2
3781 2
3782 4
3783 3
3784 4
3785 2
3786 3
3787 3
3788 2
3789 3
3790 4
3791 3
3792 2
3793 5
3794 1
3795 7
3796 1
3797 4
3798 7
3799 1
3800 2
3801 8
3802 5
3803 3
3804 5
3805 3
3806 3
3807 4
3808 3
3810 4
3811 1
3813 4
3814 1
3815 3
3816 3
3817 3
3818 4
3819 1
3820 2
3822 2
3824 4
3825 1
3826 2
3827 2
3828 1
3829 1
3830 2
3831 2
3833 3
3835 2
3836 3
3837 2
3838 1
3839 2
3841 4
3842 2
3843 5
3844 3
3845 3
3846 2
3847 1
3848 1
3849 2
3850 2
3851 2
3852 2
3853 1
3854 4
3855 3
3856 2
3857 1
3858 4
3859 2
3860 3
3861 2
3863 3
3864 3
3865 3
3866 1
3867 5
3868 5
3869 4
3870 1
3871 1
3872 1
3873 1
3874 3
3876 1
3878 3
3879 4
3880 2
3881 4
3882 5
3883 2
3884 4
3885 4
3886 3
3887 4
3888 1
3890 4
3891 2
3893 2
3894 1
3895 1
3896 3
3897 1
3898 2
3899 4
3900 3
3901 3
3902 1
3903 1
3904 1
3905 2
3906 3
3907 1
3908 1
3909 1
3910 1
3911 1
3912 6
3913 4
3915 3
3916 2
3917 3
3918 6
3920 2
3921 2
3922 1
3924 2
3925 2
3926 3
3927 4
3928 2
3929 3
3930 4
3931 2
3932 3
3933 2
3934 2
3935 2
3936 1
3937 1
3938 1
3940 3
3942 2
3943 2
3944 2
3946 5
3947 3
3949 3
3950 4
3951 1
3952 2
3953 3
3954 2
3955 5
3956 2
3957 3
3958 2
3960 1
3961 2
3962 3
3963 2
3964 2
3965 3
3967 3
3968 1
3969 1
3971 2
3972 2
3973 2
3974 1
3975 1
3976 1
3977 1
3979 2
3980 2
3981 2
3982 1
3983 1
3984 1
3985 3
3986 3
3987 2
3988 3
3989 3
3990 1
3991 2
3992 2
3994 1
3995 1
3996 3
3997 3
3999 2
4000 1
4001 6
4002 1
4003 1
4004 2
4005 1
4006 1
4007 1
4008 3
4009 1
4010 3
4011 1
4013 3
4014 2
4015 1
4016 2
4017 3
4018 3
4019 4
4020 2
4021 1
4023 2
4024 2
4025 1
4026 2
4028 2
4029 1
4030 2
4031 1
4032 2
4033 5
4034 3
4036 2
4038 4
4039 2
4040 1
4041 2
4042 3
4043 2
4044 3
4045 1
4046 2
4047 5
4048 4
4049 2
4050 4
4052 4
4053 2
4054 2
4055 2
4056 5
4057 3
4058 3
4059 3
4060 1
4061 1
4062 1
4063 2
4065 1
4066 1
4067 2
4068 3
4069 1
4070 5
4072 2
4073 1
4074 2
4075 1
4076 1
4077 3
4078 1
4079 2
4080 1
4081 2
4082 1
4083 6
4084 2
4085 2
4087 2
4089 1
4090 4
4091 3
4092 3
4093 4
4094 1
4095 1
4096 4
4097 3
4098 3
4099 1
4100 3
4102 1
4104 2
4105 3
4106 2
4108 2
4109 1
4111 1
4112 1
4113 2
4114 1
4115 1
4116 1
4117 2
4118 1
4119 3
4120 1
4121 3
4122 3
4123 3
4124 1
4125 3
4126 3
4127 1
4128 2
4129 4
4130 3
4131 1
4132 1
4133 3
4134 3
4135 3
4136 1
4137 4
4138 2
4139 1
4142 4
4143 2
4145 1
4146 1
4147 3
4148 3
4149 4
4150 1
4151 3
4152 3
4155 2
4156 3
4157 2
4159 2
4160 3
4161 1
4162 2
4163 2
4164 1
4165 2
4166 1
4169 1
4170 3
4171 3
4172 4
4173 1
4176 1
4178 2
4180 2
4183 1
4184 3
4185 1
4187 3
4190 3
4192 3
4193 2
4194 1
4195 1
4196 1
4197 2
4199 1
4201 1
4202 1
4203 2
4204 5
4205 1
4206 1
4207 3
4208 2
4211 1
4212 2
4213 2
4214 2
4215 3
4216 1
4217 2
4218 1
4219 1
4220 3
4221 1
4222 1
4223 1
4224 3
4225 2
4226 3
4227 3
4228 1
4229 3
4230 5
4231 1
4232 3
4233 2
4236 2
4237 1
4238 1
4239 2
4240 2
4241 1
4243 2
4244 2
4245 3
4246 2
4247 1
4248 2
4249 2
4251 3
4252 4
4253 1
4255 3
4256 1
4257 3
4258 3
4259 1
4260 1
4261 3
4263 1
4264 1
4266 1
4268 1
4269 1
4270 2
4271 4
4272 3
4274 4
4276 2
4277 1
4279 3
4280 1
4281 1
4282 2
4284 3
4286 2
4287 2
4289 4
4290 2
4291 3
4292 1
4297 1
4298 3
4299 2
4300 2
4302 2
4303 2
4305 1
4306 3
4307 3
4308 5
4311 3
4312 2
4313 2
4314 3
4316 1
4318 1
4319 2
4321 1
4323 2
4324 2
4325 1
4326 3
4327 1
4328 1
4329 1
4330 3
4332 1
4333 4
4334 1
4335 1
4336 3
4337 2
4338 1
4339 2
4341 3
4343 3
4344 1
4345 2
4346 4
4347 4
4348 1
4349 1
4350 3
4351 2
4352 1
4353 5
4354 1
4356 1
4357 2
4358 1
4359 2
4360 1
4361 1
4362 2
4365 1
4366 1
4367 2
4368 1
4370 3
4371 1
4372 3
4373 2
4374 2
4378 1
4379 1
4380 1
4382 1
4383 2
4384 1
4385 1
4386 1
4387 4
4388 2
4389 2
4390 1
4392 2
4394 2
4395 1
4396 1
4397 1
4398 4
4399 3
4401 1
4402 1
4403 3
4404 2
4405 2
4406 1
4407 1
4408 1
4410 3
4413 1
4414 2
4415 2
4416 4
4417 1
4418 3
4419 3
4420 1
4421 2
4422 3
4423 1
4424 1
4425 1
4427 3
4428 1
4430 4
4433 1
4434 2
4435 1
4437 5
4439 2
4440 3
4442 2
4443 2
4444 4
4445 1
4446 2
4447 5
4448 3
4449 2
4450 3
4452 2
4454 2
4455 1
4456 1
4457 2
4458 1
4459 2
4460 2
4461 2
4462 5
4464 3
4466 2
4467 1
4468 1
4469 1
4470 2
4473 5
4474 1
4475 1
4476 2
4478 2
4479 1
4480 2
4481 2
4483 1
4485 2
4486 3
4488 2
4489 1
4490 2
4491 4
4493 4
4496 2
4497 1
4498 1
4499 3
4500 2
4501 2
4502 1
4503 4
4505 4
4506 1
4507 1
4509 2
4511 1
4512 2
4513 2
4514 5
4516 1
4517 1
4518 4
4519 3
4520 2
4521 4
4522 1
4523 1
4524 4
4526 3
4527 5
4528 1
4530 3
4532 2
4533 2
4534 2
4535 2
4536 3
4537 1
4538 3
4539 1
4540 1
4542 1
4543 2
4544 2
4545 2
4546 1
4547 3
4548 1
4549 1
4550 2
4551 2
4552 1
4553 3
4554 1
4555 3
4556 1
4558 2
4559 1
4561 1
4563 2
4564 2
4565 4
4566 1
4567 2
4568 3
4569 2
4570 1
4571 3
4575 1
4576 2
4577 6
4578 2
4579 3
4580 2
4582 1
4583 1
4584 2
4587 1
4588 1
4589 1
4590 2
4593 1
4594 1
4597 2
4598 3
4599 2
4601 1
4602 5
4604 2
4606 2
4610 1
4612 2
4613 2
4614 1
4615 3
4616 1
4617 1
4618 2
4619 1
4621 1
4622 2
4626 1
4628 1
4629 4
4630 3
4631 2
4632 2
4634 3
4635 2
4636 2
4637 2
4638 4
4639 2
4640 1
4641 2
4642 1
4643 1
4644 2
4645 2
4646 2
4648 3
4649 2
4650 1
4651 2
4652 1
4653 1
4654 1
4655 1
4656 2
4657 1
4660 1
4661 1
4662 2
4663 1
4664 2
4665 1
4666 3
4668 1
4669 2
4670 1
4671 2
4672 1
4673 2
4674 2
4675 1
4676 2
4677 2
4678 1
4679 1
4680 1
4681 1
4684 2
4685 1
4686 4
4687 1
4688 1
4689 1
4690 1
4691 4
4695 3
4696 1
4697 3
4698 3
4699 1
4700 2
4703 3
4704 1
4705 1
4710 2
4711 2
4712 1
4713 1
4714 3
4715 1
4716 1
4717 1
4718 2
4719 1
4720 1
4721 2
4722 5
4723 1
4724 2
4725 1
4728 3
4729 1
4730 1
4731 1
4732 1
4733 1
4734 4
4735 1
4737 1
4738 1
4739 2
4741 1
4742 2
4744 3
4746 1
4750 2
4751 2
4752 1
4753 2
4757 4
4758 1
4759 1
4760 1
4762 1
4763 1
4764 2
4766 3
4767 1
4768 1
4769 3
4770 1
4771 1
4774 1
4775 1
4777 1
4778 2
4779 1
4784 1
4785 5
4786 1
4787 1
4788 2
4790 3
4792 3
4793 2
4794 3
4795 1
4796 1
4797 3
4798 2
4800 2
4801 1
4802 3
4804 1
4805 1
4806 1
4807 1
4808 2
4810 1
4811 2
4812 1
4813 1
4815 1
4817 1
4818 2
4821 2
4827 1
4828 2
4831 1
4833 2
4834 1
4835 2
4836 1
4838 1
4839 2
4840 3
4841 2
4843 2
4844 1
4845 2
4849 2
4850 1
4851 1
4852 3
4853 1
4854 1
4855 3
4857 3
4858 2
4859 3
4860 2
4861 2
4862 1
4864 2
4865 1
4866 1
4867 2
4868 2
4870 2
4871 1
4872 4
4873 1
4876 2
4877 2
4879 1
4882 1
4883 2
4884 1
4885 2
4886 1
4887 2
4888 2
4890 1
4891 1
4892 1
4893 4
4894 1
4895 2
4897 2
4898 2
4899 1
4900 3
4901 2
4903 1
4905 1
4906 1
4907 1
4908 1
4909 2
4910 4
4911 1
4913 1
4914 2
4915 1
4916 2
4917 2
4918 1
4919 1
4921 2
4922 3
4923 2
4924 1
4925 3
4926 3
4927 1
4928 2
4930 1
4934 1
4935 1
4936 1
4937 2
4938 1
4940 1
4941 4
4942 2
4943 2
4945 1
4946 2
4948 3
4949 2
4951 1
4952 3
4953 4
4954 2
4955 1
4957 1
4963 2
4964 3
4965 2
4966 1
4968 3
4970 2
4971 2
4972 2
4973 1
4975 4
4976 1
4977 1
4981 2
4982 3
4983 1
4984 1
4985 3
4991 1
4992 2
4995 1
4997 2
4998 2
4999 3
5000 2
5002 2
5003 3
5004 2
5007 2
5009 2
5011 1
5012 1
5014 2
5016 1
5017 2
5018 1
5019 3
5021 1
5022 1
5026 2
5028 1
5029 2
5030 2
5031 1
5032 1
5034 1
5035 3
5037 2
5039 4
5041 1
5044 2
5045 3
5046 4
5047 2
5049 3
5050 3
5052 1
5053 1
5054 1
5056 1
5057 1
5058 3
5059 1
5060 1
5062 1
5063 2
5064 1
5065 3
5067 3
5068 1
5069 2
5070 3
5071 2
5072 1
5073 1
5074 4
5075 3
5078 1
5079 3
5080 2
5083 1
5084 1
5085 1
5086 3
5087 2
5090 1
5092 3
5093 2
5094 3
5095 1
5096 3
5097 1
5098 3
5099 2
5100 1
5101 1
5102 1
5103 2
5104 3
5105 3
5107 2
5108 2
5109 1
5110 1
5111 2
5115 2
5120 2
5121 1
5122 1
5123 1
5124 1
5129 1
5130 2
5131 2
5132 1
5135 2
5136 1
5138 1
5139 1
5140 2
5141 2
5143 2
5144 2
5145 1
5148 2
5149 1
5150 1
5151 3
5152 1
5153 1
5154 1
5156 2
5157 1
5158 1
5160 1
5162 1
5163 1
5164 2
5165 1
5167 2
5168 1
5169 1
5170 2
5171 1
5172 1
5174 2
5176 2
5179 3
5181 1
5182 1
5183 2
5185 1
5186 3
5187 1
5188 2
5189 4
5190 3
5191 3
5192 2
5193 1
5195 2
5196 2
5197 4
5198 2
5199 1
5202 1
5203 2
5205 1
5207 1
5208 1
5209 2
5211 2
5212 1
5213 1
5214 2
5215 5
5216 1
5217 1
5218 1
5219 1
5221 2
5222 2
5224 1
5225 1
5227 1
5229 2
5231 2
5232 4
5233 2
5234 1
5235 3
5236 1
5237 2
5238 1
5239 1
5240 2
5241 1
5242 3
5244 1
5245 1
5246 2
5247 2
5248 3
5249 1
5250 2
5251 1
5253 2
5255 4
5256 2
5260 1
5261 2
5262 2
5264 1
5265 1
5266 1
5267 3
5268 1
5269 2
5270 2
5271 1
5273 2
5274 1
5276 2
5278 2
5280 1
5281 1
5283 3
5285 4
5286 3
5287 2
5288 1
5289 2
5290 3
5291 1
5292 1
5293 1
5294 1
5295 1
5296 1
5297 1
5298 2
5303 1
5304 2
5305 2
5306 1
5309 1
5310 1
5311 2
5313 1
5314 1
5315 1
5317 2
5318 2
5319 1
5321 1
5322 1
5323 2
5324 1
5325 1
5326 1
5327 1
5328 1
5331 1
5332 1
5333 1
5334 3
5336 1
5337 3
5338 1
5339 2
5343 2
5344 1
5345 2
5347 2
5348 1
5351 3
5352 1
5354 2
5355 2
5357 2
5359 1
5362 2
5363 1
5365 1
5366 1
5368 1
5369 3
5370 3
5371 2
5373 2
5374 3
5375 3
5376 1
5377 2
5378 3
5381 2
5383 3
5385 1
5387 1
5388 2
5389 2
5390 3
5391 2
5392 1
5393 1
5395 1
5396 3
5397 1
5398 2
5401 1
5402 3
5404 1
5405 3
5406 1
5407 4
5408 2
5410 5
5411 1
5412 4
5414 1
5415 3
5416 2
5417 1
5419 2
5421 3
5422 2
5424 3
5425 2
5426 1
5427 1
5430 1
5432 3
5434 2
5435 2
5436 3
5437 1
5438 3
5440 4
5441 2
5444 1
5445 2
5446 2
5448 1
5450 2
5451 2
5452 2
5453 1
5454 1
5455 1
5456 1
5458 2
5459 2
5461 2
5462 1
5463 3
5464 2
5465 1
5466 1
5467 2
5468 2
5469 1
5470 4
5472 4
5476 2
5477 1
5478 1
5479 2
5480 1
5481 1
5482 1
5483 4
5485 5
5486 1
5488 1
5489 2
5490 3
5491 1
5492 3
5493 1
5495 2
5496 1
5497 2
5498 3
5499 1
5500 4
5501 1
5502 2
5503 3
5504 4
5505 2
5506 2
5508 1
5509 3
5510 1
5513 1
5515 1
5516 2
5517 2
5518 3
5519 4
5522 1
5524 1
5525 3
5526 1
5527 1
5528 2
5530 1
5531 1
5532 3
5533 2
5534 1
5535 3
5536 1
5539 1
5540 3
5541 4
5542 1
5543 4
5544 2
5545 2
5546 1
5547 1
5548 4
5550 2
5553 3
5554 2
5555 3
5556 3
5557 3
5558 5
5559 3
5561 2
5562 1
5563 1
5564 4
5565 1
5567 1
5568 2
5569 2
5570 1
5572 2
5573 2
5574 5
5575 2
5576 2
5577 1
5580 2
5581 1
5583 1
5584 2
5585 2
5586 3
5587 2
5588 2
5589 1
5590 2
5591 2
5592 1
5593 1
5595 2
5596 2
5598 1
5600 3
5601 1
5602 2
5603 4
5606 2
5607 2
5608 3
5609 4
5610 2
5611 3
5612 1
5613 2
5614 1
5615 1
5616 1
5617 1
5619 1
5620 4
5621 3
5622 3
5623 2
5624 1
5625 2
5626 1
5627 2
5628 1
5629 1
5630 3
5631 3
5632 1
5633 1
5634 2
5635 1
5638 1
5639 4
5640 1
5641 2
5642 4
5644 3
5645 2
5646 2
5647 2
5648 1
5649 4
5650 1
5651 1
5653 3
5654 1
5655 2
5656 2
5657 1
5658 1
5659 1
5660 2
5661 1
5662 5
5663 2
5664 3
5665 1
5666 1
5667 5
5668 1
5669 2
5670 1
5672 1
5673 1
5674 1
5676 2
5677 1
5678 2
5679 1
5681 1
5682 3
5683 2
5684 3
5685 2
5686 2
5687 1
5688 1
5689 1
5691 2
5693 2
5694 3
5695 2
5696 1
5698 2
5699 2
5700 3
5701 4
5702 3
5704 2
5707 1
5709 1
5710 2
5711 3
5712 2
5714 1
5715 2
5716 1
5717 2
5718 4
5719 1
5721 1
5722 3
5723 4
5724 2
5725 3
5726 2
5727 2
5729 1
5731 3
5732 2
5734 1
5735 2
5737 4
5738 1
5739 2
5740 1
5742 1
5743 3
5744 2
5745 2
5746 1
5748 1
5749 1
5750 2
5752 1
5753 1
5754 3
5755 1
5756 1
5757 2
5758 2
5759 1
5760 2
5763 1
5764 2
5765 2
5766 1
5768 1
5769 1
5770 2
5771 1
5773 2
5775 1
5776 1
5777 1
5778 1
5779 1
5780 2
5782 1
5783 1
5784 1
5786 1
5787 2
5788 2
5789 2
5790 2
5791 1
5792 1
5794 3
5795 2
5796 2
5797 1
5798 1
5801 2
5802 1
5803 2
5804 3
5805 1
5806 1
5808 2
5809 1
5810 1
5811 1
5812 1
5813 1
5815 1
5819 2
5820 2
5821 1
5822 2
5826 1
5830 2
5832 1
5833 2
5834 1
5835 1
5836 1
5837 1
5838 1
5839 4
5841 2
5842 1
5843 3
5844 3
5845 1
5846 3
5847 4
5848 2
5849 1
5850 2
5853 1
5854 1
5855 1
5856 2
5857 2
5859 1
5860 6
5862 3
5863 2
5864 3
5865 1
5866 4
5867 2
5869 1
5870 3
5871 1
5872 1
5873 1
5875 2
5876 1
5877 2
5880 1
5881 3
5882 2
5884 2
5885 1
5886 4
5889 2
5890 4
5892 2
5893 2
5894 2
5895 1
5896 4
5897 2
5899 1
5901 2
5902 1
5903 1
5904 1
5905 1
5908 2
5909 2
5910 3
5911 2
5912 2
5913 1
5914 1
5915 1
5916 1
5917 3
5920 1
5922 1
5923 2
5924 1
5925 2
5927 3
5928 1
5929 1
5930 1
5931 1
5932 1
5933 2
5935 2
5937 1
5938 1
5939 1
5940 1
5942 1
5943 2
5945 2
5946 2
5947 2
5948 1
5949 1
5951 2
5953 2
5954 1
5955 2
5958 2
5959 2
5960 4
5961 2
5964 1
5965 1
5966 2
5968 2
5969 2
5971 2
5972 3
5973 3
5975 1
5976 1
5978 4
5979 3
5980 2
5981 1
5982 2
5983 1
5984 1
5985 2
5986 1
5987 2
5988 1
5989 2
5992 1
5993 1
5994 1
5995 1
5997 1
5998 1
5999 1
6001 1
6002 2
6004 3
6006 1
6007 1
6009 1
6012 2
6013 1
6015 1
6018 1
6019 1
6021 2
6023 1
6024 1
6026 3
6027 2
6028 3
6030 2
6032 2
6034 1
6035 3
6036 2
6037 2
6039 1
6040 2
6041 2
6042 2
6043 2
6045 2
6046 3
6047 2
6048 1
6049 1
6050 1
6055 1
6057 1
6059 1
6061 1
6062 1
6063 1
6064 1
6065 1
6066 1
6067 2
6070 2
6071 2
6072 1
6073 1
6074 2
6077 2
6078 1
6079 3
6081 1
6082 4
6083 1
6084 2
6085 1
6088 2
6089 1
6090 1
6091 1
6092 1
6093 2
6094 1
6095 1
6096 1
6097 1
6098 2
6099 1
6100 1
6101 4
6102 2
6103 1
6104 2
6105 1
6106 1
6107 2
6109 1
6110 1
6111 1
6112 3
6113 1
6115 1
6118 1
6127 2
6128 3
6129 2
6130 1
6131 2
6132 1
6134 1
6136 1
6137 1
6138 1
6139 4
6140 1
6141 2
6142 1
6144 1
6145 3
6146 1
6147 1
6148 1
6150 1
6151 1
6152 2
6153 4
6154 1
6155 3
6156 1
6157 1
6158 2
6159 1
6160 2
6161 2
6162 1
6164 1
6165 2
6166 7
6167 2
6168 2
6173 1
6174 2
6175 1
6176 1
6177 1
6178 1
6179 2
6180 1
6181 1
6182 1
6184 1
6185 1
6186 2
6187 1
6189 1
6191 2
6193 1
6195 1
6196 1
6197 1
6199 1
6201 1
6202 3
6203 1
6204 1
6205 1
6206 1
6207 2
6208 1
6209 2
6211 1
6212 1
6214 1
6218 1
6219 1
6223 3
6224 2
6225 2
6227 2
6229 2
6231 1
6233 4
6234 1
6235 2
6241 2
6242 1
6244 4
6245 1
6248 1
6249 2
6250 1
6251 1
6253 1
6255 1
6256 1
6257 2
6258 3
6259 2
6260 2
6263 1
6265 2
6266 1
6267 1
6268 3
6269 1
6274 4
6275 2
6277 2
6279 2
6280 1
6281 3
6282 1
6283 1
6284 1
6286 4
6287 2
6288 1
6289 1
6290 2
6291 2
6292 3
6294 1
6295 1
6296 1
6299 1
6300 1
6301 4
6302 1
6304 2
6306 1
6307 2
6308 2
6309 1
6311 2
6312 2
6314 2
6319 1
6320 1
6321 3
6323 1
6324 1
6326 1
6329 1
6330 1
6331 1
6332 3
6334 1
6335 1
6336 1
6338 1
6339 1
6340 1
6341 1
6342 1
6343 1
6345 1
6347 1
6348 1
6349 1
6352 2
6353 1
6354 2
6355 3
6358 2
6359 1
6362 1
6363 3
6364 1
6365 1
6367 3
6368 1
6369 1
6370 1
6371 1
6372 1
6373 1
6375 1
6376 3
6378 2
6379 2
6380 3
6381 2
6382 1
6383 1
6384 2
6385 2
6386 2
6388 1
6390 2
6398 1
6399 1
6401 2
6402 2
6403 2
6404 2
6405 1
6406 3
6407 2
6408 2
6409 1
6412 1
6413 1
6414 2
6415 1
6416 2
6419 2
6420 1
6423 1
6425 3
6426 1
6427 1
6429 2
6430 2
6431 1
6433 1
6434 2
6436 3
6437 2
6438 2
6440 1
6441 1
6442 2
6444 2
6445 1
6446 1
6447 1
6449 1
6450 3
6451 1
6452 1
6454 1
6455 1
6456 3
6458 2
6459 1
6461 1
6464 3
6467 2
6468 3
6470 1
6475 2
6476 1
6478 1
6479 5
6481 2
6483 1
6484 4
6485 1
6486 1
6488 2
6489 1
6490 1
6492 1
6493 2
6494 1
6495 1
6496 1
6497 1
6498 2
6500 1
6501 1
6502 3
6503 2
6504 1
6506 3
6508 1
6509 2
6510 2
6512 2
6513 1
6514 2
6515 2
6516 1
6517 2
6518 1
6522 1
6523 1
6524 1
6525 1
6526 1
6527 1
6528 1
6529 3
6532 1
6534 2
6536 2
6537 5
6538 2
6539 1
6540 2
6542 1
6546 1
6547 1
6548 1
6549 1
6552 2
6553 2
6555 2
6557 1
6558 1
6559 2
6560 1
6561 3
6562 1
6563 3
6564 1
6565 2
6566 2
6567 1
6568 2
6569 1
6570 1
6571 1
6574 1
6575 1
6578 2
6579 2
6581 2
6582 1
6586 1
6588 2
6589 3
6590 1
6592 2
6593 4
6594 3
6605 1
6606 1
6607 2
6609 2
6610 1
6611 2
6612 3
6615 1
6616 2
6617 1
6618 1
6620 2
6621 3
6622 2
6623 3
6624 1
6626 2
6627 1
6628 1
6629 1
6630 2
6631 2
6633 4
6637 1
6638 1
6639 1
6640 3
6642 2
6645 1
6646 1
6649 2
6652 1
6653 3
6654 1
6655 2
6656 2
6657 1
6658 1
6659 1
6660 1
6661 1
6664 1
6665 3
6666 2
6667 1
6668 1
6669 1
6670 1
6675 1
6676 2
6677 1
6680 1
6681 2
6682 1
6683 1
6684 1
6685 2
6686 1
6687 2
6689 2
6690 1
6691 1
6692 1
6694 2
6695 3
6696 1
6697 1
6698 1
6699 3
6700 3
6702 2
6703 1
6704 2
6705 1
6707 2
6712 2
6713 1
6714 2
6715 1
6716 1
6717 1
6718 1
6719 1
6720 1
6721 4
6723 1
6725 1
6726 3
6727 1
6730 1
6731 1
6733 1
6739 1
6742 1
6743 1
6746 1
6747 4
6748 1
6750 2
6753 2
6754 6
6755 1
6757 1
6760 1
6762 1
6763 2
6767 3
6768 2
6769 1
6770 1
6771 1
6772 1
6774 1
6775 1
6777 1
6778 2
6781 1
6782 2
6783 1
6785 2
6786 2
6787 1
6788 1
6789 2
6790 1
6792 2
6793 2
6794 3
6798 2
6801 3
6803 1
6806 2
6808 1
6809 2
6810 1
6811 1
6813 1
6814 1
6817 1
6818 1
6820 1
6821 1
6822 1
6823 2
6824 1
6827 4
6828 1
6831 1
6832 1
6834 4
6836 2
6837 1
6839 1
6841 1
6844 1
6845 1
6846 2
6848 2
6851 1
6852 4
6854 1
6855 1
6859 1
6860 1
6862 4
6864 1
6865 2
6866 1
6867 2
6868 1
6869 1
6871 1
6872 1
6873 3
6875 1
6876 6
6877 2
6880 1
6881 1
6882 1
6883 2
6884 4
6885 1
6886 2
6887 1
6890 1
6891 1
6896 3
6897 1
6900 1
6901 1
6902 2
6903 2
6904 3
6905 1
6906 1
6907 1
6910 1
6911 2
6912 1
6913 1
6915 3
6916 1
6917 4
6918 1
6919 2
6920 1
6921 3
6922 1
6923 1
6924 1
6925 1
6926 1
6931 1
6932 1
6933 1
6934 1
6937 2
6938 1
6939 1
6940 2
6941 2
6942 1
6943 1
6945 2
6947 1
6948 1
6949 2
6951 1
6952 2
6953 1
6955 2
6956 1
6958 1
6959 2
6962 1
6963 2
6964 2
6965 2
6967 1
6968 1
6969 2
6970 2
6972 2
6973 1
6975 1
6976 1
6977 1
6978 1
6979 2
6980 2
6981 2
6984 1
6985 1
6986 1
6987 1
6989 1
6990 2
6992 2
6994 1
6995 1
6997 1
6998 1
6999 2
7000 2
7001 1
7002 1
7003 1
7005 2
7006 1
7008 2
7011 1
7012 3
7013 1
7014 1
7015 1
7019 3
7021 1
7022 1
7023 1
7025 2
7026 1
7027 1
7028 4
7030 2
7031 1
7032 1
7033 1
7038 1
7039 2
7040 1
7041 2
7042 1
7045 2
7046 1
7048 2
7049 1
7050 1
7051 1
7053 4
7055 1
7056 1
7057 2
7058 1
7059 1
7060 1
7062 1
7063 1
7065 1
7067 1
7068 2
7069 3
7071 2
7076 1
7077 2
7080 1
7081 2
7084 3
7085 2
7086 1
7087 2
7089 1
7090 4
7091 1
7093 2
7096 1
7097 1
7098 1
7101 1
7103 1
7105 1
7107 1
7109 1
7110 1
7111 1
7114 1
7115 2
7116 2
7119 1
7120 1
7121 1
7126 2
7128 1
7129 1
7130 1
7131 2
7132 2
7134 2
7136 1
7137 1
7139 1
7140 2
7141 1
7143 1
7144 1
7145 1
7147 2
7149 2
7150 1
7151 1
7154 1
7156 1
7158 2
7159 1
7162 2
7165 1
7167 3
7169 3
7171 2
7172 2
7175 2
7177 2
7178 1
7179 1
7181 1
7183 2
7185 6
7188 2
7189 1
7190 2
7191 1
7192 1
7193 2
7194 1
7195 1
7198 2
7200 1
7201 1
7206 1
7207 2
7208 1
7209 2
7213 1
7217 2
7218 1
7219 1
7221 1
7222 1
7225 2
7226 1
7227 1
7230 2
7231 2
7232 1
7233 1
7234 1
7238 1
7239 1
7240 1
7241 1
7242 1
7243 2
7244 3
7246 2
7247 1
7248 1
7252 1
7253 1
7254 2
7255 2
7257 3
7258 2
7259 1
7260 1
7261 2
7262 1
7263 2
7264 1
7265 2
7267 3
7268 2
7272 3
7273 1
7274 1
7275 1
7277 2
7279 1
7280 1
7281 1
7287 1
7288 1
7290 1
7291 1
7292 1
7294 2
7295 2
7296 2
7297 2
7300 2
7301 1
7302 2
7304 2
7305 3
7309 2
7311 1
7312 1
7314 3
7315 1
7317 1
7319 2
7321 1
7325 4
7326 2
7327 3
7329 1
7331 1
7332 1
7333 1
7335 1
7336 2
7337 1
7338 2
7340 1
7343 1
7345 2
7347 1
7348 1
7350 1
7351 1
7352 1
7353 1
7354 1
7357 1
7358 1
7360 2
7362 1
7363 1
7364 1
7365 2
7366 3
7367 1
7368 1
7369 1
7370 1
7371 1
7373 1
7374 3
7375 1
7378 1
7379 2
7382 2
7383 2
7385 2
7387 2
7388 1
7391 2
7397 2
7398 1
7400 1
7402 2
7404 2
7405 1
7408 1
7410 1
7411 1
7412 2
7413 1
7415 2
7416 1
7417 1
7418 1
7420 2
7421 3
7422 1
7423 2
7424 3
7426 3
7427 2
7430 1
7432 1
7433 3
7434 1
7436 2
7440 2
7441 4
7444 1
7446 1
7447 1
7453 1
7454 2
7455 1
7456 2
7459 2
7461 2
7463 1
7464 2
7465 1
7469 2
7470 2
7471 2
7472 2
7473 1
7475 1
7476 3
7480 1
7482 1
7483 1
7486 1
7487 3
7488 1
7489 2
7490 1
7492 1
7493 1
7494 1
7496 1
7497 1
7498 1
7499 1
7500 2
7501 4
7503 2
7504 2
7505 1
7506 1
7510 1
7511 1
7515 1
7518 1
7519 5
7523 2
7527 1
7528 1
7529 2
7530 3
7531 1
7533 4
7534 1
7537 1
7538 2
7539 1
7540 1
7541 1
7542 2
7547 1
7549 1
7550 2
7551 1
7552 1
7554 1
7556 4
7558 2
7559 1
7564 2
7566 2
7568 1
7569 1
7570 2
7572 1
7573 2
7574 2
7577 1
7579 3
7581 1
7583 1
7584 2
7585 1
7587 3
7593 1
7594 2
7595 1
7597 3
7598 1
7599 1
7600 2
7601 1
7602 4
7604 2
7605 4
7607 1
7610 3
7612 2
7617 1
7621 1
7622 2
7624 4
7625 5
7626 2
7628 3
7629 1
7630 1
7631 1
7633 1
7634 2
7636 1
7637 2
7638 2
7641 2
7642 1
7643 1
7644 2
7648 1
7649 2
7652 2
7653 1
7654 1
7657 3
7659 1
7661 2
7662 3
7665 2
7667 1
7670 1
7672 1
7674 1
7675 1
7676 1
7677 3
7678 1
7679 1
7681 2
7682 1
7683 3
7684 2
7685 1
7686 1
7687 1
7690 5
7691 1
7693 2
7695 1
7697 1
7698 2
7700 1
7702 2
7704 2
7705 2
7707 2
7713 1
7714 2
7715 1
7716 1
7717 2
7718 2
7719 2
7720 1
7721 4
7722 1
7726 1
7727 2
7728 2
7729 1
7731 1
7732 1
7733 1
7734 1
7735 2
7738 3
7739 1
7741 1
7742 1
7743 1
7745 1
7748 2
7749 2
7750 1
7751 3
7753 1
7754 3
7756 2
7758 3
7759 1
7761 1
7762 3
7763 2
7764 1
7765 1
7768 1
7769 1
7770 2
7775 1
7776 1
7778 1
7779 1
7780 1
7781 1
7783 3
7785 4
7786 1
7787 1
7788 2
7789 1
7791 2
7792 1
7793 2
7794 1
7795 1
7797 1
7798 1
7799 3
7800 1
7801 2
7802 1
7805 1
7807 1
7809 1
7810 1
7812 2
7814 2
7816 1
7817 2
7818 1
7819 1
7821 1
7822 2
7827 1
7828 2
7829 1
7831 2
7832 1
7839 2
7840 2
7841 1
7847 2
7848 2
7849 1
7850 1
7851 1
7852 1
7854 2
7855 1
7856 4
7858 1
7859 2
7860 2
7862 1
7865 2
7866 4
7868 1
7869 1
7871 2
7876 1
7877 1
7878 3
7880 2
7881 2
7885 1
7886 2
7887 1
7888 1
7889 1
7891 2
7896 3
7897 2
7898 1
7899 2
7901 1
7902 1
7903 1
7904 2
7905 2
7906 1
7907 3
7908 1
7910 1
7912 1
7913 1
7918 1
7922 2
7924 1
7925 2
7928 2
7929 1
7930 2
7931 1
7932 1
7933 2
7934 1
7935 1
7936 1
7937 1
7938 2
7939 4
7940 2
7943 1
7946 1
7948 1
7949 2
7951 2
7956 2
7957 2
7958 1
7959 1
7960 1
7961 1
7962 2
7963 1
7964 1
7965 3
7966 1
7968 2
7969 1
7970 3
7971 1
7972 1
7973 1
7974 1
7975 5
7977 1
7978 1
7981 1
7982 1
7983 1
7984 1
7985 4
7987 2
7990 1
7992 1
7994 1
7995 1
7997 1
7998 2
7999 3
8000 4
8003 2
8005 1
8006 2
8007 1
8008 2
8009 2
8010 2
8011 3
8013 2
8017 1
8019 1
8020 1
8023 2
8025 2
8026 1
8027 2
8028 1
8029 1
8031 2
8032 1
8033 1
8034 1
8035 1
8037 3
8038 2
8039 1
8040 1
8042 1
8044 1
8048 1
8051 1
8052 1
8053 1
8055 1
8056 2
8057 3
8058 1
8059 1
8063 1
8064 1
8065 1
8066 3
8067 1
8068 2
8070 3
8071 1
8072 1
8073 1
8074 1
8075 1
8076 3
8077 2
8079 1
8081 1
8082 1
8083 3
8084 1
8085 3
8088 1
8090 2
8091 2
8092 2
8093 1
8094 3
8095 1
8096 2
8097 1
8099 1
8100 4
8101 3
8104 3
8105 2
8106 2
8107 2
8108 4
8109 2
8110 1
8113 2
8114 1
8117 1
8118 3
8120 3
8121 1
8122 2
8123 2
8124 4
8126 2
8127 1
8128 1
8129 2
8130 2
8132 1
8134 1
8136 3
8138 2
8140 2
8142 1
8143 3
8144 1
8145 3
8146 1
8147 1
8148 1
8149 1
8150 2
8151 1
8153 1
8155 3
8156 1
8157 3
8158 1
8161 1
8162 1
8163 2
8164 1
8165 1
8167 1
8168 1
8170 1
8173 1
8175 1
8176 3
8177 3
8183 2
8184 1
8185 2
8186 2
8187 1
8188 1
8189 1
8191 3
8192 1
8193 1
8194 2
8197 2
8199 3
8200 1
8201 2
8202 2
8204 1
8205 1
8206 1
8208 2
8209 1
8210 1
8211 1
8212 2
8213 1
8214 1
8215 1
8216 2
8218 1
8220 2
8223 2
8224 2
8225 3
8226 1
8227 1
8228 1
8229 3
8230 2
8231 2
8232 1
8233 2
8236 2
8237 1
8239 1
8240 2
8241 2
8242 1
8243 3
8245 1
8246 1
8249 2
8250 2
8251 1
8252 1
8253 2
8254 1
8257 1
8259 2
8262 2
8263 2
8264 1
8268 1
8269 1
8271 1
8272 1
8275 1
8277 1
8279 1
8280 1
8281 1
8283 3
8285 1
8287 1
8289 3
8292 1
8293 2
8296 2
8297 1
8299 3
8301 1
8302 2
8304 3
8305 2
8306 2
8307 4
8308 1
8309 1
8311 2
8312 3
8313 1
8315 2
8316 2
8318 3
8319 1
8320 1
8322 3
8324 2
8325 1
8327 1
8328 3
8329 1
8332 3
8334 1
8337 2
8339 2
8340 2
8343 1
8344 1
8345 1
8346 2
8347 1
8349 1
8351 2
8353 1
8354 3
8355 1
8356 1
8357 1
8360 1
8361 1
8364 1
8366 1
8367 1
8368 1
8369 2
8370 1
8371 2
8373 1
8374 2
8375 1
8376 1
8377 1
8378 1
8379 1
8380 1
8382 1
8385 1
8386 1
8387 3
8388 2
8389 1
8390 1
8393 1
8394 2
8395 1
8397 2
8399 3
8402 2
8403 2
8404 1
8405 1
8406 1
8409 2
8410 2
8411 1
8413 1
8415 2
8416 2
8418 2
8419 1
8420 2
8422 2
8423 2
8424 1
8425 1
8426 1
8428 1
8429 1
8431 1
8432 3
8433 3
8435 1
8436 1
8437 1
8440 1
8441 2
8444 2
8445 1
8446 3
8447 2
8450 3
8453 3
8454 2
8456 1
8458 2
8459 1
8460 1
8461 1
8463 2
8465 1
8466 2
8467 2
8469 1
8470 1
8472 1
8473 1
8474 4
8475 1
8476 1
8477 2
8478 1
8479 1
8480 1
8481 1
8482 1
8483 3
8486 2
8488 1
8489 2
8490 1
8493 1
8495 2
8498 2
8499 3
8500 2
8501 2
8502 1
8503 1
8504 3
8505 2
8506 2
8508 1
8509 1
8512 2
8513 1
8514 2
8519 3
8521 1
8522 2
8523 2
8524 1
8525 1
8526 3
8527 2
8528 1
8529 2
8530 2
8531 1
8532 1
8533 1
8534 1
8536 2
8538 1
8539 1
8540 1
8541 1
8543 3
8545 1
8546 1
8549 3
8551 2
8552 2
8553 1
8556 1
8557 1
8558 1
8560 1
8561 1
8565 3
8566 3
8567 2
8569 2
8570 1
8571 1
8572 1
8576 1
8577 1
8578 2
8580 2
8581 1
8582 2
8583 2
8586 2
8588 1
8590 2
8598 2
8601 1
8603 3
8605 4
8608 1
8610 1
8611 1
8617 3
8618 2
8619 1
8620 2
8623 1
8624 2
8626 1
8627 1
8628 1
8629 1
8630 1
8634 2
8635 2
8636 1
8640 2
8642 2
8643 1
8646 2
8647 1
8649 2
8650 2
8651 2
8653 1
8654 2
8655 3
8657 3
8658 1
8659 1
8661 2
8664 2
8666 1
8667 1
8668 1
8670 2
8671 1
8673 1
8674 2
8676 2
8677 1
8678 3
8681 1
8683 1
8686 3
8688 2
8690 2
8693 2
8694 1
8697 1
8698 1
8699 2
8700 1
8701 1
8706 1
8707 1
8708 3
8710 2
8711 1
8712 3
8713 1
8715 1
8716 1
8718 1
8719 2
8723 3
8724 3
8725 2
8726 1
8727 2
8730 2
8731 1
8732 3
8733 1
8735 1
8737 1
8740 1
8742 2
8745 1
8746 1
8747 1
8751 2
8752 1
8753 2
8755 2
8756 1
8760 1
8761 3
8765 1
8769 3
8771 1
8773 1
8774 1
8777 2
8779 2
8782 1
8784 1
8786 2
8788 1
8791 2
8792 1
8793 1
8794 2
8795 3
8796 3
8797 2
8798 1
8800 1
8801 2
8802 2
8803 2
8805 2
8806 5
8807 1
8808 3
8810 1
8811 1
8816 3
8817 4
8818 1
8820 1
8821 2
8822 3
8823 1
8825 1
8826 2
8827 1
8829 2
8830 3
8831 2
8834 1
8836 2
8837 2
8840 1
8845 1
8847 2
8849 1
8850 2
8853 2
8854 1
8855 3
8857 2
8858 2
8860 1
8863 1
8864 3
8866 2
8867 1
8869 1
8870 2
8875 1
8876 1
8877 2
8878 1
8881 2
8882 2
8886 1
8890 1
8892 1
8893 1
8894 1
8896 1
8898 1
8899 2
8900 2
8901 1
8902 2
8903 1
8904 1
8905 2
8906 2
8907 3
8908 1
8909 1
8911 2
8913 1
8916 1
8918 3
8920 2
8921 3
8922 2
8925 1
8926 1
8927 1
8930 2
8931 3
8932 1
8933 1
8934 1
8935 2
8936 2
8942 1
8944 2
8947 1
8949 1
8951 1
8952 2
8953 1
8954 1
8957 2
8961 1
8964 1
8970 1
8971 1
8974 2
8975 1
8977 1
8978 1
8979 2
8981 1
8984 1
8986 1
8987 1
8988 1
8989 1
8991 2
8995 1
8997 1
8999 1
9000 1
9002 1
9003 2
9004 1
9005 1
9006 2
9007 2
9008 2
9009 1
9011 3
9012 1
9013 1
9015 4
9018 2
9020 1
9022 2
9023 1
9024 3
9025 1
9026 1
9028 1
9029 1
9031 1
9032 1
9033 1
9036 1
9038 2
9039 3
9045 1
9047 2
9048 1
9049 1
9050 2
9051 1
9054 1
9055 2
9056 2
9058 2
9060 1
9061 1
9062 2
9066 1
9067 2
9068 1
9069 2
9073 1
9075 2
9078 2
9080 1
9082 2
9086 2
9087 1
9088 1
9090 1
9092 2
9093 1
9094 2
9095 1
9097 1
9098 1
9100 1
9103 1
9104 1
9105 2
9106 2
9107 1
9108 2
9109 1
9110 2
9111 1
9112 1
9113 1
9114 1
9116 2
9117 1
9121 4
9122 2
9126 1
9127 1
9128 2
9129 2
9131 1
9132 2
9133 1
9134 1
9135 4
9136 2
9141 1
9142 3
9144 1
9145 1
9147 1
9148 2
9157 1
9158 2
9159 3
9163 1
9164 3
9166 3
9167 1
9168 1
9170 1
9171 1
9172 2
9174 2
9175 3
9176 2
9178 1
9179 1
9180 1
9187 1
9190 1
9192 2
9193 1
9194 1
9196 2
9197 1
9198 1
9199 1
9204 1
9211 3
9212 1
9214 2
9217 3
9219 2
9222 1
9223 1
9227 2
9228 1
9229 1
9230 1
9231 1
9232 2
9234 2
9237 1
9239 1
9240 1
9241 2
9242 1
9243 2
9244 1
9245 1
9246 1
9250 1
9251 2
9252 1
9253 2
9254 1
9255 1
9256 1
9257 2
9259 1
9260 1
9265 1
9266 1
9267 1
9270 2
9271 1
9272 2
9273 1
9274 1
9276 1
9279 2
9282 1
9291 2
9294 1
9295 1
9296 1
9297 1
9298 1
9299 2
9301 1
9303 2
9304 1
9305 1
9307 1
9315 1
9317 1
9318 1
9319 1
9320 1
9321 1
9322 2
9324 5
9325 1
9326 2
9330 1
9338 1
9339 2
9342 5
9345 1
9346 1
9351 3
9352 1
9355 2
9357 1
9358 1
9360 1
9362 3
9364 1
9365 1
9366 1
9370 1
9371 1
9372 2
9374 1
9375 2
9376 3
9381 2
9382 2
9384 1
9385 2
9387 3
9389 2
9391 1
9394 1
9395 2
9397 2
9399 1
9402 1
9403 2
9406 1
9407 1
9409 2
9410 3
9414 4
9415 1
9418 1
9421 1
9427 1
9431 1
9432 1
9434 3
9437 1
9441 1
9442 2
9443 2
9447 1
9450 1
9454 1
9455 1
9456 1
9458 1
9459 1
9460 3
9463 1
9464 2
9465 1
9466 2
9467 1
9470 3
9471 1
9472 1
9473 1
9474 1
9476 1
9477 1
9478 1
9481 1
9484 2
9486 1
9489 1
9490 1
9491 1
9492 1
9493 1
9494 2
9496 3
9499 1
9500 1
9501 1
9502 2
9503 2
9504 1
9506 1
9508 1
9509 2
9511 1
9512 1
9516 1
9518 3
9519 1
9521 1
9524 2
9525 1
9526 2
9527 1
9528 1
9529 2
9530 1
9533 2
9534 1
9536 1
9537 1
9538 1
9541 1
9545 1
9549 1
9550 1
9551 3
9553 1
9554 1
9555 3
9556 1
9557 1
9559 1
9560 1
9561 3
9562 1
9563 1
9566 2
9568 1
9570 1
9571 2
9572 2
9573 1
9574 1
9575 2
9576 2
9578 2
9580 2
9582 1
9585 2
9589 1
9591 2
9594 2
9597 1
9598 1
9599 1
9600 1
9602 1
9604 1
9608 1
9610 1
9613 1
9614 1
9615 1
9616 1
9617 1
9618 1
9619 2
9622 2
9623 2
9627 2
9628 1
9632 2
9634 2
9637 3
9638 1
9642 1
9645 3
9646 2
9648 2
9651 1
9652 1
9656 2
9660 2
9663 3
9665 1
9668 1
9669 1
9670 1
9671 3
9673 1
9674 1
9675 1
9676 2
9679 1
9683 2
9684 3
9685 1
9686 1
9687 2
9690 1
9693 1
9695 1
9696 1
9697 2
9698 2
9704 1
9707 4
9709 1
9713 1
9716 1
9718 2
9725 1
9726 1
9727 1
9728 1
9734 2
9737 1
9738 1
9740 1
9744 3
9745 1
9748 1
9749 1
9751 1
9752 1
9753 1
9761 1
9762 1
9763 1
9764 2
9767 2
9769 1
9771 2
9773 1
9774 1
9776 3
9779 1
9782 1
9783 1
9785 1
9787 1
9788 1
9794 1
9797 1
9804 1
9805 1
9808 1
9810 1
9812 1
9814 2
9816 2
9819 1
9820 1
9823 2
9826 2
9828 2
9829 3
9830 1
9836 1
9842 1
9846 1
9847 1
9849 1
9853 1
9854 2
9855 3
9860 1
9863 1
9866 1
9867 2
9869 1
9871 1
9873 1
9875 1
9876 1
9878 2
9879 2
9880 2
9882 1
9883 2
9884 1
9889 3
9890 1
9891 1
9892 1
9893 2
9895 1
9898 2
9899 1
9904 2
9906 1
9907 2
9910 1
9911 1
9914 1
9915 1
9917 1
9918 2
9919 1
9920 1
9923 1
9924 1
9926 1
9927 2
9930 1
9931 3
9932 1
9933 2
9934 1
9935 1
9937 1
9938 1
9939 2
9947 1
9948 2
9950 1
9951 1
9952 2
9953 2
9956 1
9957 1
9958 1
9959 1
9962 3
9966 1
9967 2
9968 1
9969 1
9971 1
9972 1
9973 1
9976 2
9978 1
9981 3
9985 1
9990 1
9992 1
9993 1
9995 2
9996 1
9997 1
9998 1
9999 1
10002 1
10003 1
10005 2
10006 2
10008 1
10010 1
10011 1
10015 1
10016 2
10018 1
10024 1
10026 1
10029 1
10031 1
10032 1
10033 1
10034 1
10035 1
10036 1
10037 2
10039 2
10040 2
10041 2
10042 1
10046 1
10049 1
10051 1
10052 1
10055 1
10056 1
10058 2
10059 1
10060 2
10062 2
10063 3
10064 1
10066 1
10067 1
10072 1
10073 2
10078 1
10079 2
10081 1
10084 1
10085 1
10088 1
10095 2
10101 1
10105 1
10107 1
10112 1
10113 1
10115 1
10116 1
10120 2
10125 1
10126 1
10128 2
10132 1
10133 1
10136 1
10139 1
10142 1
10144 1
10145 2
10146 3
10147 1
10149 1
10151 1
10152 2
10154 1
10156 1
10159 1
10162 1
10164 1
10173 1
10174 1
10177 1
10178 1
10179 1
10180 1
10182 3
10184 2
10185 1
10186 2
10190 1
10191 2
10193 1
10194 1
10195 1
10200 1
10202 1
10205 1
10209 1
10210 1
10212 1
10214 1
10217 1
10219 2
10222 1
10223 1
10224 2
10231 1
10232 2
10236 2
10239 2
10243 1
10245 2
10255 1
10257 1
10258 1
10259 1
10260 3
10263 1
10264 1
10267 1
10268 1
10272 1
10273 1
10279 1
10280 1
10281 1
10283 2
10287 1
10288 2
10291 1
10292 2
10294 1
10297 1
10298 1
10308 1
10310 1
10312 1
10314 1
10321 1
10323 1
10325 1
10327 1
10329 1
10331 1
10334 1
10335 1
10338 1
10342 2
10343 1
10346 1
10348 1
10350 1
10352 1
10355 1
10362 1
10363 1
10364 2
10365 1
10369 3
10370 1
10372 1
10373 1
10380 1
10381 1
10382 2
10383 1
10384 2
10385 1
10386 2
10391 1
10394 1
10396 1
10398 2
10399 3
10400 2
10401 1
10406 1
10407 1
10409 2
10413 1
10416 1
10418 1
10419 1
10422 1
10430 3
10433 1
10434 1
10436 1
10448 1
10449 1
10451 1
10459 1
10462 1
10463 1
10464 2
10465 2
10466 1
10468 2
10470 1
10474 1
10475 1
10476 1
10479 1
10480 2
10481 1
10482 1
10483 1
10486 2
10488 2
10489 1
10490 1
10494 1
10498 1
10500 1
10501 1
10507 1
10511 1
10512 1
10515 1
10516 1
10518 1
10519 2
10522 1
10526 1
10528 1
10531 1
10535 1
10536 1
10537 1
10542 1
10543 1
10545 1
10550 1
10553 1
10556 1
10559 1
10563 1
10564 1
10568 1
10569 1
10572 1
10579 1
10582 1
10588 2
10593 2
10595 1
10596 1
10597 1
10600 3
10603 2
10605 1
10606 2
10607 1
10615 1
10617 1
10620 2
10627 1
10628 1
10631 3
10634 2
10635 1
10641 1
10642 1
10645 1
10646 1
10647 1
10651 1
10652 1
10655 2
10658 1
10659 1
10661 1
10662 1
10669 1
10670 1
10671 1
10676 1
10684 1
10685 1
10687 1
10689 1
10696 2
10697 1
10702 1
10703 1
10704 1
10705 1
10707 1
10709 1
10713 2
10714 1
10715 1
10719 1
10721 1
10722 1
10723 2
10730 1
10733 1
10736 1
10737 1
10739 1
10749 1
10754 1
10756 1
10757 1
10760 1
10765 1
10766 3
10771 1
10775 2
10779 1
10783 1
10788 1
10805 1
10808 3
10809 2
10810 1
10811 1
10819 3
10820 1
10823 1
10826 1
10828 1
10835 1
10837 1
10843 1
10848 1
10850 1
10853 1
10856 1
10857 1
10858 2
10861 1
10862 1
10865 1
10869 1
10871 3
10873 1
10875 1
10882 1
10885 3
10891 1
10895 1
10905 1
10909 1
10910 2
10917 1
10919 2
10922 1
10925 1
10928 1
10930 1
10932 1
10933 1
10938 1
10940 1
10944 1
10945 1
10946 4
10948 2
10956 1
10957 2
10959 1
10963 1
10966 1
10969 2
10970 1
10974 1
10979 1
10984 1
10985 1
10989 1
10992 1
10993 1
11002 1
11009 1
11011 2
11015 1
11017 1
11022 1
11023 1
11027 1
11031 1
11034 1
11035 1
11036 1
11039 1
11040 1
11050 1
11052 1
11054 1
11057 1
11058 1
11060 1
11068 1
11069 1
11078 1
11081 1
11091 1
11093 2
11095 1
11097 1
11100 1
11101 1
11103 1
11108 1
11110 1
11117 1
11123 2
11125 1
11131 1
11136 1
11139 1
11142 2
11145 2
11150 1
11151 1
11154 1
11157 1
11160 1
11177 1
11178 1
11183 1
11186 1
11189 1
11191 1
11193 1
11198 2
11200 1
11201 1
11203 3
11205 1
11207 1
11208 1
11210 1
11211 2
11214 1
11215 1
11217 1
11222 3
11225 1
11229 1
11231 1
11238 1
11243 2
11246 1
11249 1
11254 1
11257 1
11260 1
11261 1
11263 1
11271 1
11273 1
11274 1
11276 1
11277 1
11281 1
11286 1
11290 2
11291 2
11292 1
11297 1
11304 1
11305 1
11307 2
11308 1
11311 1
11314 1
11316 1
11319 1
11323 1
11326 1
11328 1
11333 1
11338 1
11345 1
11346 1
11348 1
11352 1
11355 1
11357 1
11368 1
11371 1
11375 2
11379 1
11380 1
11387 3
11388 3
11392 1
11395 1
11405 1
11408 1
11411 1
11412 1
11418 1
11419 2
11420 1
11422 1
11425 1
11432 1
11440 1
11442 1
11444 1
11445 1
11446 2
11460 1
11463 1
11465 1
11468 1
11472 1
11474 1
11483 2
11485 1
11490 2
11491 1
11492 1
11494 1
11496 2
11509 2
11512 2
11514 1
11517 2
11519 1
11521 1
11532 2
11537 1
11539 1
11548 1
11553 2
11559 1
11560 1
11564 1
11570 1
11572 1
11575 1
11583 1
11587 1
11589 1
11594 1
11595 1
11597 1
11599 1
11601 1
11602 1
11607 2
11608 1
11609 1
11613 1
11615 1
11618 2
11622 2
11626 1
11631 1
11635 1
11638 1
11639 1
11640 1
11641 2
11645 1
11646 1
11648 1
11649 1
11650 1
11651 1
11653 2
11654 1
11655 1
11668 2
11673 1
11678 1
11682 1
11683 1
11687 1
11690 1
11695 1
11696 1
11697 1
11705 1
11711 1
11712 1
11714 1
11715 2
11718 1
11721 1
11728 1
11729 1
11731 1
11732 2
11735 2
11738 1
11741 1
11743 1
11746 1
11749 1
11751 1
11752 1
11758 1
11759 1
11762 1
11769 1
11782 1
11786 1
11788 1
11801 1
11808 1
11810 4
11811 1
11816 1
11817 1
11821 1
11822 1
11826 1
11830 1
11832 1
11851 1
11856 3
11867 1
11868 1
11871 1
11874 1
11875 1
11887 1
11893 1
11896 1
11897 1
11900 3
11906 2
11917 1
11921 1
11922 1
11923 1
11925 1
11933 1
11935 1
11938 1
11940 1
11942 1
11943 1
11947 1
11952 1
11955 3
11962 2
11980 1
12005 1
12006 1
12008 2
12010 1
12011 1
12015 1
12019 1
12021 1
12022 1
12024 1
12025 2
12031 2
12039 1
12040 1
12043 1
12046 1
12049 1
12053 1
12054 2
12059 1
12064 1
12072 1
12085 1
12088 1
12094 1
12096 1
12107 1
12108 1
12113 1
12118 2
12120 1
12126 1
12128 1
12130 1
12132 1
12136 1
12141 1
12142 2
12143 1
12148 1
12150 2
12152 1
12153 1
12160 1
12161 1
12162 1
12163 1
12166 1
12168 1
12174 1
12179 3
12185 1
12186 2
12191 1
12195 1
12197 1
12199 1
12200 4
12204 1
12205 1
12208 2
12212 1
12217 2
12220 1
12224 1
12225 1
12226 1
12230 1
12235 1
12239 1
12241 1
12243 1
12246 1
12250 1
12252 1
12253 2
12254 1
12268 1
12269 1
12270 3
12278 1
12283 1
12288 1
12295 1
12301 1
12304 1
12308 1
12311 1
12315 2
12322 1
12326 1
12329 1
12334 1
12340 1
12345 1
12347 1
12351 1
12354 1
12369 1
12374 1
12380 2
12389 1
12393 1
12394 3
12395 1
12397 1
12398 1
12399 1
12404 1
12407 2
12411 1
12417 1
12426 1
12431 1
12432 1
12438 1
12440 1
12441 2
12445 1
12448 1
12455 1
12456 1
12458 1
12459 1
12460 1
12463 1
12467 1
12469 1
12477 1
12480 1
12490 1
12493 1
12495 1
12497 2
12505 1
12511 1
12514 1
12519 1
12524 1
12526 1
12527 1
12528 1
12532 1
12535 1
12538 1
12544 1
12563 1
12567 1
12576 1
12584 1
12586 1
12587 1
12592 2
12599 1
12601 1
12603 1
12606 1
12608 1
12609 1
12610 1
12627 1
12630 1
12633 2
12634 2
12641 1
12647 1
12664 1
12669 1
12673 1
12684 1
12685 1
12689 1
12694 1
12695 1
12698 1
12704 1
12706 1
12716 1
12717 1
12718 1
12719 1
12723 1
12725 1
12727 1
12728 1
12729 1
12730 1
12736 1
12742 2
12747 1
12750 1
12753 1
12754 1
12765 1
12770 1
12781 1
12794 1
12802 1
12803 1
12804 2
12810 1
12813 2
12820 2
12841 1
12848 2
12855 2
12866 1
12868 1
12871 1
12873 3
12876 1
12878 1
12881 1
12882 1
12883 1
12886 1
12905 2
12909 1
12912 1
12914 1
12924 1
12925 1
12928 1
12931 1
12934 2
12945 1
12947 1
12960 1
12961 1
12964 1
12967 1
12974 1
12976 1
12979 1
12980 1
12982 1
12984 2
12986 1
12990 1
12998 1
13001 1
13002 1
13005 1
13021 1
13030 1
13035 1
13039 1
13040 1
13041 1
13042 1
13045 1
13050 1
13057 1
13061 1
13065 1
13071 1
13086 1
13088 1
13090 1
13093 1
13100 1
13101 1
13110 1
13116 1
13117 1
13118 2
13119 1
13125 1
13129 1
13131 1
13145 1
13150 1
13157 1
13163 1
13166 1
13172 1
13174 1
13181 1
13184 1
13188 1
13198 1
13203 1
13218 1
13220 1
13234 1
13237 1
13241 2
13245 1
13262 1
13265 1
13266 1
13269 1
13280 2
13282 1
13293 1
13295 1
13297 1
13298 1
13299 1
13303 1
13319 1
13335 1
13340 1
13341 1
13346 1
13351 1
13363 1
13371 1
13373 1
13376 2
13383 2
13387 2
13388 1
13398 1
13401 1
13409 1
13410 1
13415 1
13426 1
13429 1
13433 1
13435 1
13437 1
13443 2
13445 1
13449 1
13450 1
13451 1
13458 1
13459 1
13463 1
13464 1
13473 1
13485 1
13488 1
13512 1
13525 1
13539 1
13545 1
13555 1
13583 1
13584 2
13585 1
13597 1
13601 1
13605 1
13609 1
13613 1
13620 1
13624 1
13626 1
13628 1
13629 1
13632 1
13638 1
13644 1
13646 2
13649 1
13650 1
13661 1
13662 1
13672 1
13675 1
13676 1
13678 1
13689 1
13699 1
13701 1
13703 1
13722 1
13727 1
13728 1
13732 1
13737 1
13754 2
13755 1
13760 1
13771 1
13782 1
13796 1
13809 1
13815 1
13820 1
13822 1
13824 1
13831 1
13832 1
13840 1
13841 1
13842 1
13846 1
13849 1
13851 1
13852 1
13857 1
13873 1
13875 1
13876 1
13886 1
13896 2
13917 1
13921 1
13945 1
13949 1
13952 1
13953 1
13973 1
13980 1
13985 1
13992 1
13997 1
14010 2
14040 1
14042 1
14053 1
14062 1
14065 1
14067 1
14069 1
14070 2
14072 1
14084 1
14092 1
14093 1
14094 1
14101 1
14105 1
14109 1
14118 1
14119 1
14122 1
14140 1
14142 1
14150 1
14154 1
14167 2
14171 1
14178 1
14185 1
14186 1
14188 2
14191 1
14194 1
14197 1
14208 1
14210 2
14213 1
14229 1
14234 1
14238 1
14243 1
14256 1
14268 1
14278 1
14295 1
14298 1
14302 1
14310 1
14330 1
14331 1
14333 1
14348 1
14357 1
14359 1
14362 1
14375 1
14383 1
14391 1
14393 2
14406 1
14427 1
14433 1
14434 1
14448 1
14453 1
14467 1
14474 1
14478 1
14483 1
14490 1
14492 1
14494 2
14499 1
14504 1
14508 1
14513 2
14514 1
14515 1
14535 1
14547 1
14551 1
14557 1
14558 1
14561 1
14585 1
14599 1
14606 1
14614 1
14617 1
14618 1
14622 1
14624 1
14626 1
14630 1
14656 1
14658 1
14661 1
14671 1
14674 1
14680 1
14689 1
14702 1
14709 1
14711 1
14712 1
14719 1
14730 1
14738 1
14742 1
14747 1
14762 1
14771 1
14775 1
14778 1
14781 1
14790 1
14793 1
14796 1
14804 1
14815 1
14821 1
14832 1
14841 1
14851 1
14873 1
14877 1
14883 1
14887 1
14890 1
14898 1
14914 1
14918 1
14926 1
14942 1
14949 1
14950 1
14952 1
14957 1
14958 1
14969 1
14983 1
14991 1
14998 1
15000 1
15006 1
15018 1
15023 1
15025 1
15031 1
15057 1
15063 1
15072 1
15079 1
15081 1
15082 1
15083 1
15086 1
15096 1
15152 1
15157 1
15164 1
15193 1
15205 1
15226 1
15231 1
15250 1
15253 1
15255 1
15269 1
15320 1
15328 1
15337 2
15346 1
15371 1
15380 1
15383 1
15394 1
15401 1
15402 1
15403 1
15416 1
15448 1
15465 1
15470 1
15475 1
15483 1
15486 1
15489 1
15493 1
15513 1
15520 1
15521 2
15534 1
15544 1
15562 1
15581 1
15609 1
15628 2
15631 1
15640 1
15667 2
15668 1
15700 1
15726 1
15741 1
15750 1
15753 1
15766 1
15777 1
15781 1
15793 1
15797 1
15798 1
15804 1
15806 1
15814 1
15822 1
15829 1
15839 1
15862 1
15864 1
15889 1
15892 2
15910 2
15911 1
15924 1
15930 1
15936 1
15943 1
15967 1
16004 1
16018 1
16030 1
16031 1
16048 1
16060 1
16077 1
16094 1
16110 1
16114 1
16175 1
16179 1
16219 1
16223 1
16241 1
16257 1
16263 1
16298 1
16316 1
16327 1
16351 1
16358 1
16361 1
16379 1
16406 1
16420 1
16471 1
16476 1
16477 1
16483 1
16484 1
16501 1
16509 1
16517 1
16525 1
16526 1
16537 1
16545 1
16551 1
16564 1
16574 1
16582 1
16588 1
16606 1
16618 1
16619 1
16627 1
16641 1
16681 1
16682 1
16686 1
16746 1
16755 1
16762 1
16793 1
16801 1
16839 1
16842 2
16865 1
16874 1
16880 1
16882 1
16919 1
16937 1
16956 1
16976 1
16981 1
16983 1
17015 1
17027 1
17031 1
17036 1
17040 2
17048 1
17065 1
17087 1
17097 1
17125 1
17134 1
17144 1
17160 1
17167 1
17189 1
17195 1
17226 1
17324 1
17326 1
17338 1
17347 1
17353 1
17381 1
17444 1
17447 1
17517 1
17530 1
17579 1
17660 1
17678 1
17705 1
17706 1
17715 1
17736 2
17753 1
17777 1
17778 1
17854 1
17917 1
17922 1
17924 1
18000 1
18045 1
18058 1
18059 1
18069 1
18070 1
18116 1
18126 1
18135 1
18171 1
18211 1
18285 1
18336 1
18366 1
18482 1
18492 1
18538 1
18561 1
18625 1
18632 1
18634 1
18635 1
18640 1
18662 1
18664 1
18675 1
18713 1
18723 1
18746 1
18761 1
18833 1
18861 1
18868 1
18885 1
18900 1
18941 1
18947 1
18963 1
19036 1
19038 1
19064 1
19104 1
19111 1
19146 1
19183 1
19188 1
19195 1
19199 1
19321 1
19376 1
19390 1
19400 1
19409 1
19442 1
19551 1
19584 1
19588 1
19639 1
19665 1
19685 1
19741 1
19748 2
19764 1
19771 2
19787 1
19816 1
19880 1
19925 1
20045 1
20080 1
20093 1
20279 1
20305 1
20323 1
20332 1
20342 1
20350 1
20495 1
20516 1
20526 1
20688 1
20753 1
20775 1
20955 1
20971 1
21047 1
21135 1
21158 1
21175 1
21189 1
21291 1
21329 1
21442 1
21470 1
21528 1
21539 1
21628 1
21630 1
21660 1
21704 1
21780 1
21955 1
22111 1
22160 1
22355 1
22459 1
22502 1
22732 1
22805 1
22858 1
22885 1
22927 1
22990 1
23029 1
23047 1
23058 1
23209 1
23308 1
23400 1
23584 1
23612 1
23701 1
23800 1
23905 1
24009 1
24181 1
24278 1
24686 1
24731 1
24909 1
25019 1
25231 1
25306 1
25758 1
25784 1
25834 1
25939 1
26073 1
26206 1
26332 1
26372 1
26724 1
26778 1
27120 1
27300 1
27340 1
27426 1
28842 1
29245 1
29873 1
30109 1
30662 1
31108 1
31577 1
31821 1
31912 1
31960 1
32241 1
32600 1
32866 1
33688 1
34350 1
34559 1
36627 1
38700 1
39196 1
