-1046 3
-1045 2
-1044 4
-1043 7
-1042 13
-1041 15
-1040 14
-1039 24
-1038 34
-1037 38
-1036 49
-1035 57
-1034 81
-1033 75
-1032 102
-1031 96
-1030 106
-1029 126
-1028 146
-1027 170
-1026 132
-1025 169
-1024 150
-1023 159
-1022 175
-1021 157
-1020 152
-1019 161
-1018 154
-1017 164
-1016 156
-1015 159
-1014 132
-1013 151
-1012 177
-1011 168
-1010 162
-1009 162
-1008 147
-1007 128
-1006 152
-1005 115
-1004 141
-1003 137
-1002 134
-1001 138
-1000 159
-999 160
-998 204
-997 158
-996 155
-995 159
-994 156
-993 159
-992 167
-991 140
-990 180
-989 143
-988 153
-987 155
-986 181
-985 175
-984 149
-983 153
-982 148
-981 144
-980 172
-979 171
-978 172
-977 198
-976 185
-975 170
-974 152
-973 182
-972 149
-971 160
-970 173
-969 165
-968 159
-967 172
-966 213
-965 179
-964 180
-963 181
-962 187
-961 222
-960 230
-959 238
-958 199
-957 259
-956 234
-955 260
-954 283
-953 281
-952 269
-951 267
-950 283
-949 317
-948 284
-947 295
-946 352
-945 369
-944 345
-943 323
-942 362
-941 377
-940 394
-939 365
-938 373
-937 399
-936 397
-935 433
-934 414
-933 449
-932 439
-931 512
-930 465
-929 549
-928 589
-927 673
-926 626
-925 653
-924 636
-923 667
-922 691
-921 661
-920 671
-919 750
-918 732
-917 725
-916 802
-915 796
-914 818
-913 787
-912 767
-911 847
-910 792
-909 793
-908 766
-907 785
-906 814
-905 865
-904 821
-903 836
-902 822
-901 855
-900 850
-899 805
-898 823
-897 877
-896 787
-895 803
-894 847
-893 871
-892 853
-891 898
-890 899
-889 826
-888 935
-887 889
-886 902
-885 926
-884 995
-883 905
-882 1019
-881 908
-880 929
-879 915
-878 872
-877 943
-876 855
-875 988
-874 947
-873 899
-872 843
-871 908
-870 939
-869 926
-868 873
-867 977
-866 974
-865 1038
-864 990
-863 944
-862 987
-861 966
-860 951
-859 998
-858 946
-857 1024
-856 1034
-855 1064
-854 1094
-853 1102
-852 1111
-851 1054
-850 1109
-849 1085
-848 1115
-847 1124
-846 1159
-845 1133
-844 1094
-843 1113
-842 1045
-841 1050
-840 1126
-839 1060
-838 1091
-837 1081
-836 1112
-835 1098
-834 1123
-833 1138
-832 1108
-831 1143
-830 1145
-829 1136
-828 1064
-827 1122
-826 1122
-825 1113
-824 1135
-823 1116
-822 1164
-821 1174
-820 1156
-819 1138
-818 1138
-817 1160
-816 1192
-815 1151
-814 1116
-813 1163
-812 1188
-811 1224
-810 1212
-809 1250
-808 1219
-807 1221
-806 1230
-805 1248
-804 1254
-803 1291
-802 1319
-801 1306
-800 1334
-799 1335
-798 1327
-797 1405
-796 1371
-795 1507
-794 1513
-793 1591
-792 1621
-791 1596
-790 1636
-789 1713
-788 1804
-787 1827
-786 1751
-785 1823
-784 1811
-783 1886
-782 1956
-781 1900
-780 2002
-779 1982
-778 2047
-777 2074
-776 2159
-775 2132
-774 2117
-773 2226
-772 2189
-771 2245
-770 2338
-769 2303
-768 2373
-767 2455
-766 2450
-765 2559
-764 2588
-763 2621
-762 2524
-761 2640
-760 2684
-759 2677
-758 2743
-757 2747
-756 2682
-755 2772
-754 2833
-753 2738
-752 2803
-751 2741
-750 2763
-749 2826
-748 2813
-747 2808
-746 2922
-745 2842
-744 2845
-743 2850
-742 2820
-741 2811
-740 2894
-739 2933
-738 3071
-737 3053
-736 3166
-735 3068
-734 3122
-733 3229
-732 3260
-731 3131
-730 3105
-729 3138
-728 3099
-727 3158
-726 3146
-725 3171
-724 3156
-723 3230
-722 3117
-721 3260
-720 3144
-719 3210
-718 3178
-717 3172
-716 3155
-715 3059
-714 3130
-713 3233
-712 3101
-711 3218
-710 3277
-709 3114
-708 3163
-707 3206
-706 3118
-705 3227
-704 3205
-703 3205
-702 3252
-701 3280
-700 3253
-699 3135
-698 3340
-697 3249
-696 3272
-695 3254
-694 3209
-693 3257
-692 3329
-691 3201
-690 3230
-689 3274
-688 3237
-687 3221
-686 3344
-685 3416
-684 3281
-683 3390
-682 3338
-681 3502
-680 3455
-679 3410
-678 3417
-677 3499
-676 3442
-675 3476
-674 3504
-673 3699
-672 3487
-671 3558
-670 3573
-669 3486
-668 3598
-667 3783
-666 3593
-665 3626
-664 3683
-663 3620
-662 3656
-661 3759
-660 3766
-659 3741
-658 3684
-657 3874
-656 3778
-655 3920
-654 3689
-653 3797
-652 3856
-651 3872
-650 3749
-649 3819
-648 3855
-647 3910
-646 3762
-645 3806
-644 3662
-643 3841
-642 3805
-641 3755
-640 3833
-639 3846
-638 3775
-637 3903
-636 3904
-635 3863
-634 3942
-633 3929
-632 3975
-631 4016
-630 4015
-629 4024
-628 3970
-627 4000
-626 4036
-625 4001
-624 4107
-623 4237
-622 4246
-621 4175
-620 4402
-619 4356
-618 4430
-617 4421
-616 4323
-615 4294
-614 4357
-613 4246
-612 4236
-611 4238
-610 4346
-609 4422
-608 4474
-607 4572
-606 5024
-605 5133
-604 5209
-603 5143
-602 5142
-601 5220
-600 5234
-599 5181
-598 5371
-597 5193
-596 5477
-595 5604
-594 5705
-593 6097
-592 5787
-591 5560
-590 5553
-589 5523
-588 5480
-587 5546
-586 5453
-585 5524
-584 5543
-583 5559
-582 5539
-581 5542
-580 5479
-579 5532
-578 5496
-577 5521
-576 5470
-575 5416
-574 5322
-573 5314
-572 5364
-571 5442
-570 5496
-569 5529
-568 5432
-567 5632
-566 5760
-565 5682
-564 5867
-563 6095
-562 6289
-561 6221
-560 6311
-559 6333
-558 6276
-557 6309
-556 6415
-555 6533
-554 6570
-553 6396
-552 6478
-551 6435
-550 6627
-549 6517
-548 6552
-547 6781
-546 6664
-545 6648
-544 6918
-543 6709
-542 6815
-541 6565
-540 6417
-539 6498
-538 6603
-537 6647
-536 6616
-535 6525
-534 6619
-533 6624
-532 6651
-531 6488
-530 6739
-529 6547
-528 6658
-527 6375
-526 6747
-525 6630
-524 6775
-523 6874
-522 6938
-521 6837
-520 6875
-519 6848
-518 6997
-517 6795
-516 6830
-515 6832
-514 6932
-513 6816
-512 6787
-511 6846
-510 6752
-509 6847
-508 6867
-507 6621
-506 6497
-505 6637
-504 6806
-503 6820
-502 6859
-501 7097
-500 7130
-499 7116
-498 7036
-497 7127
-496 7054
-495 7035
-494 6881
-493 6914
-492 6980
-491 6974
-490 7135
-489 7086
-488 7075
-487 7081
-486 7141
-485 7232
-484 7175
-483 7120
-482 7047
-481 6923
-480 7017
-479 6948
-478 7015
-477 6930
-476 7012
-475 6939
-474 7082
-473 6910
-472 7117
-471 6902
-470 6901
-469 7015
-468 6843
-467 7094
-466 6895
-465 7061
-464 6956
-463 7017
-462 6895
-461 6946
-460 6971
-459 6953
-458 6957
-457 6764
-456 7040
-455 6909
-454 7043
-453 6894
-452 6755
-451 6727
-450 6700
-449 6852
-448 6578
-447 6707
-446 6724
-445 6836
-444 6630
-443 6625
-442 6815
-441 6630
-440 6680
-439 6609
-438 6743
-437 6755
-436 6542
-435 6566
-434 6594
-433 6565
-432 6686
-431 6756
-430 6742
-429 6686
-428 6880
-427 6662
-426 6652
-425 6678
-424 6671
-423 6760
-422 6582
-421 6489
-420 6700
-419 6728
-418 6460
-417 6506
-416 6565
-415 6570
-414 6394
-413 6588
-412 6596
-411 6563
-410 6546
-409 6670
-408 6629
-407 6662
-406 6538
-405 6509
-404 6435
-403 6428
-402 6523
-401 6434
-400 6414
-399 6427
-398 6706
-397 6465
-396 6516
-395 6513
-394 6467
-393 6445
-392 6424
-391 6426
-390 6456
-389 6367
-388 6440
-387 6647
-386 6617
-385 6452
-384 6432
-383 6522
-382 6303
-381 6404
-380 6351
-379 6327
-378 6270
-377 6288
-376 6265
-375 6255
-374 6246
-373 6257
-372 6253
-371 6174
-370 6124
-369 6079
-368 6136
-367 6051
-366 6118
-365 6076
-364 6047
-363 6285
-362 6011
-361 6148
-360 6032
-359 6095
-358 6171
-357 6142
-356 6248
-355 6115
-354 6114
-353 6098
-352 5848
-351 5970
-350 6177
-349 5950
-348 6175
-347 6054
-346 6122
-345 6168
-344 6181
-343 6008
-342 6136
-341 6058
-340 6005
-339 5934
-338 5892
-337 5796
-336 5957
-335 5785
-334 5841
-333 5845
-332 5935
-331 5866
-330 5928
-329 5910
-328 5963
-327 5914
-326 6009
-325 5839
-324 5761
-323 5705
-322 5728
-321 5590
-320 5702
-319 5670
-318 5720
-317 5946
-316 5833
-315 5874
-314 6049
-313 5757
-312 5808
-311 5776
-310 5582
-309 5835
-308 5764
-307 5700
-306 5502
-305 5633
-304 5676
-303 5536
-302 5598
-301 5430
-300 5394
-299 5393
-298 5397
-297 5366
-296 5282
-295 5325
-294 5285
-293 5390
-292 5416
-291 5318
-290 5215
-289 5178
-288 5162
-287 5129
-286 5043
-285 5176
-284 5100
-283 5127
-282 5193
-281 5065
-280 5048
-279 5044
-278 5136
-277 4971
-276 4945
-275 5033
-274 5058
-273 4962
-272 5017
-271 5003
-270 4919
-269 4962
-268 4938
-267 4864
-266 4865
-265 4754
-264 4768
-263 4816
-262 4769
-261 4833
-260 4698
-259 4711
-258 4631
-257 4682
-256 4541
-255 4571
-254 4559
-253 4529
-252 4564
-251 4468
-250 4413
-249 4465
-248 4460
-247 4326
-246 4336
-245 4329
-244 4273
-243 4193
-242 4202
-241 4186
-240 4173
-239 4255
-238 4205
-237 4073
-236 4120
-235 4100
-234 4124
-233 3991
-232 4092
-231 4125
-230 4064
-229 4050
-228 4014
-227 3947
-226 4034
-225 3958
-224 3953
-223 3815
-222 3940
-221 3904
-220 3819
-219 3795
-218 3880
-217 3882
-216 3889
-215 3729
-214 3873
-213 3874
-212 3762
-211 3796
-210 3819
-209 3805
-208 3767
-207 3693
-206 3822
-205 3688
-204 3892
-203 3693
-202 3709
-201 3650
-200 3720
-199 3595
-198 3664
-197 3652
-196 3556
-195 3594
-194 3556
-193 3570
-192 3567
-191 3561
-190 3416
-189 3581
-188 3583
-187 3538
-186 3547
-185 3476
-184 3419
-183 3503
-182 3462
-181 3450
-180 3512
-179 3511
-178 3562
-177 3388
-176 3570
-175 3450
-174 3421
-173 3483
-172 3324
-171 3500
-170 3435
-169 3414
-168 3363
-167 3332
-166 3263
-165 3304
-164 3305
-163 3183
-162 3288
-161 3211
-160 3262
-159 3274
-158 3255
-157 3171
-156 3187
-155 3068
-154 3244
-153 3164
-152 3206
-151 2994
-150 3106
-149 3078
-148 3041
-147 3070
-146 3022
-145 3049
-144 2990
-143 3011
-142 3063
-141 2971
-140 3052
-139 2923
-138 2949
-137 3027
-136 2976
-135 2903
-134 2960
-133 3011
-132 2910
-131 2951
-130 2893
-129 2957
-128 3001
-127 2883
-126 2802
-125 2732
-124 2895
-123 2932
-122 2924
-121 2917
-120 2850
-119 2841
-118 2856
-117 2788
-116 2786
-115 2776
-114 2778
-113 2787
-112 2749
-111 2783
-110 2760
-109 2786
-108 2609
-107 2635
-106 2719
-105 2655
-104 2633
-103 2658
-102 2586
-101 2621
-100 2583
-99 2638
-98 2578
-97 2547
-96 2678
-95 2527
-94 2611
-93 2487
-92 2610
-91 2509
-90 2559
-89 2494
-88 2537
-87 2410
-86 2438
-85 2496
-84 2466
-83 2455
-82 2356
-81 2451
-80 2490
-79 2454
-78 2375
-77 2332
-76 2357
-75 2399
-74 2377
-73 2383
-72 2281
-71 2374
-70 2365
-69 2228
-68 2287
-67 2335
-66 2272
-65 2252
-64 2328
-63 2278
-62 2265
-61 2168
-60 2213
-59 2176
-58 2197
-57 2245
-56 2168
-55 2217
-54 2200
-53 2194
-52 2165
-51 2224
-50 2133
-49 2064
-48 2080
-47 2053
-46 2100
-45 2067
-44 2051
-43 2071
-42 2062
-41 2027
-40 2002
-39 1920
-38 1891
-37 1945
-36 1909
-35 1963
-34 1940
-33 1992
-32 1867
-31 1964
-30 2011
-29 1912
-28 1931
-27 1831
-26 1906
-25 1906
-24 2001
-23 1914
-22 1945
-21 1887
-20 1946
-19 1847
-18 1898
-17 1870
-16 1850
-15 1844
-14 1810
-13 1806
-12 1799
-11 1789
-10 1724
-9 1799
-8 1655
-7 1724
-6 1704
-5 1745
-4 1724
-3 1730
-2 1651
-1 1658
0 1626
1 1622
2 1608
3 1611
4 1619
5 1631
6 1625
7 1569
8 1478
9 1549
10 1597
11 1605
12 1532
13 1492
14 1529
15 1492
16 1437
17 1446
18 1472
19 1512
20 1453
21 1485
22 1460
23 1479
24 1413
25 1423
26 1418
27 1408
28 1438
29 1459
30 1416
31 1327
32 1361
33 1401
34 1387
35 1462
36 1290
37 1283
38 1278
39 1320
40 1318
41 1287
42 1306
43 1311
44 1285
45 1307
46 1331
47 1255
48 1266
49 1258
50 1237
51 1238
52 1219
53 1218
54 1228
55 1175
56 1210
57 1231
58 1133
59 1195
60 1175
61 1127
62 1194
63 1198
64 1187
65 1114
66 1123
67 1214
68 1084
69 1133
70 1140
71 1176
72 1062
73 1143
74 1110
75 1113
76 1098
77 1138
78 1032
79 1070
80 1091
81 1125
82 1088
83 1068
84 1098
85 1087
86 1068
87 1089
88 1042
89 1027
90 1028
91 1055
92 1065
93 988
94 988
95 1049
96 1024
97 964
98 969
99 945
100 1015
101 996
102 988
103 1024
104 939
105 998
106 969
107 961
108 976
109 984
110 950
111 984
112 994
113 945
114 1014
115 979
116 1017
117 979
118 946
119 959
120 1010
121 934
122 958
123 939
124 915
125 939
126 899
127 863
128 893
129 915
130 839
131 846
132 904
133 864
134 890
135 814
136 818
137 834
138 827
139 858
140 798
141 796
142 827
143 819
144 819
145 759
146 756
147 752
148 757
149 799
150 783
151 770
152 783
153 807
154 767
155 743
156 804
157 727
158 732
159 729
160 723
161 754
162 665
163 718
164 724
165 706
166 662
167 661
168 684
169 729
170 634
171 652
172 685
173 644
174 679
175 646
176 650
177 632
178 668
179 664
180 620
181 669
182 656
183 652
184 615
185 634
186 607
187 624
188 652
189 603
190 576
191 606
192 611
193 609
194 616
195 651
196 596
197 593
198 606
199 557
200 613
201 576
202 578
203 586
204 576
205 575
206 573
207 576
208 559
209 499
210 543
211 582
212 536
213 565
214 539
215 548
216 502
217 519
218 565
219 518
220 547
221 537
222 555
223 540
224 541
225 530
226 494
227 491
228 510
229 492
230 531
231 509
232 494
233 539
234 498
235 526
236 519
237 495
238 494
239 496
240 502
241 489
242 478
243 463
244 484
245 506
246 497
247 518
248 442
249 440
250 450
251 459
252 446
253 440
254 476
255 447
256 430
257 456
258 454
259 438
260 462
261 424
262 438
263 462
264 429
265 409
266 400
267 454
268 412
269 416
270 434
271 379
272 430
273 392
274 369
275 414
276 453
277 398
278 396
279 398
280 425
281 390
282 386
283 400
284 348
285 397
286 414
287 374
288 368
289 416
290 365
291 352
292 347
293 366
294 341
295 354
296 359
297 346
298 338
299 390
300 345
301 349
302 355
303 336
304 334
305 342
306 333
307 341
308 367
309 346
310 326
311 335
312 327
313 331
314 314
315 349
316 316
317 329
318 291
319 301
320 312
321 315
322 308
323 286
324 354
325 284
326 294
327 318
328 296
329 262
330 301
331 300
332 293
333 299
334 278
335 286
336 297
337 296
338 288
339 287
340 257
341 280
342 278
343 304
344 269
345 249
346 276
347 270
348 229
349 267
350 251
351 272
352 265
353 269
354 226
355 260
356 251
357 244
358 252
359 264
360 253
361 258
362 244
363 248
364 265
365 248
366 248
367 225
368 224
369 237
370 248
371 250
372 244
373 243
374 217
375 219
376 207
377 240
378 234
379 225
380 233
381 227
382 201
383 200
384 209
385 227
386 223
387 230
388 227
389 197
390 217
391 205
392 203
393 207
394 216
395 240
396 206
397 214
398 179
399 186
400 195
401 197
402 197
403 195
404 209
405 209
406 149
407 193
408 196
409 183
410 151
411 180
412 187
413 181
414 174
415 181
416 174
417 165
418 171
419 188
420 171
421 175
422 165
423 168
424 182
425 174
426 187
427 169
428 172
429 171
430 171
431 172
432 155
433 166
434 143
435 157
436 159
437 139
438 178
439 143
440 146
441 147
442 164
443 167
444 165
445 155
446 163
447 140
448 140
449 128
450 132
451 153
452 133
453 144
454 133
455 123
456 129
457 119
458 117
459 133
460 147
461 121
462 128
463 125
464 151
465 132
466 114
467 127
468 150
469 129
470 116
471 96
472 106
473 122
474 120
475 122
476 130
477 137
478 115
479 115
480 105
481 127
482 120
483 120
484 108
485 109
486 120
487 119
488 124
489 109
490 124
491 102
492 126
493 105
494 113
495 103
496 110
497 102
498 110
499 93
500 97
501 95
502 125
503 97
504 100
505 107
506 85
507 97
508 95
509 88
510 105
511 86
512 89
513 111
514 84
515 93
516 88
517 70
518 73
519 87
520 104
521 93
522 93
523 76
524 87
525 84
526 81
527 96
528 86
529 101
530 92
531 74
532 78
533 60
534 68
535 74
536 65
537 79
538 71
539 78
540 72
541 66
542 84
543 80
544 63
545 72
546 70
547 86
548 77
549 78
550 60
551 68
552 70
553 66
554 75
555 79
556 59
557 58
558 67
559 74
560 87
561 60
562 51
563 72
564 61
565 66
566 61
567 59
568 61
569 64
570 60
571 66
572 68
573 72
574 61
575 66
576 59
577 56
578 63
579 63
580 51
581 67
582 60
583 56
584 65
585 43
586 52
587 52
588 55
589 58
590 65
591 54
592 53
593 48
594 58
595 54
596 53
597 47
598 57
599 48
600 57
601 52
602 36
603 54
604 51
605 52
606 51
607 49
608 53
609 52
610 51
611 42
612 39
613 38
614 47
615 47
616 49
617 47
618 58
619 44
620 44
621 53
622 48
623 50
624 45
625 42
626 45
627 38
628 53
629 46
630 47
631 34
632 39
633 49
634 42
635 47
636 51
637 54
638 37
639 35
640 32
641 44
642 39
643 38
644 40
645 37
646 37
647 44
648 36
649 51
650 39
651 31
652 32
653 46
654 25
655 37
656 33
657 38
658 46
659 39
660 44
661 42
662 36
663 36
664 30
665 29
666 30
667 24
668 38
669 40
670 35
671 33
672 33
673 29
674 33
675 40
676 34
677 25
678 33
679 31
680 40
681 28
682 40
683 24
684 22
685 25
686 41
687 37
688 36
689 25
690 33
691 33
692 29
693 18
694 27
695 22
696 23
697 32
698 29
699 25
700 37
701 33
702 22
703 29
704 18
705 36
706 32
707 25
708 32
709 27
710 22
711 30
712 36
713 15
714 22
715 19
716 43
717 20
718 24
719 22
720 33
721 28
722 20
723 30
724 28
725 25
726 24
727 31
728 25
729 23
730 26
731 26
732 29
733 23
734 26
735 23
736 29
737 27
738 24
739 23
740 17
741 17
742 23
743 17
744 29
745 24
746 19
747 13
748 24
749 25
750 24
751 20
752 29
753 21
754 18
755 14
756 24
757 23
758 25
759 29
760 20
761 24
762 20
763 17
764 22
765 35
766 25
767 28
768 21
769 19
770 18
771 18
772 26
773 25
774 18
775 17
776 16
777 17
778 15
779 21
780 14
781 28
782 17
783 15
784 18
785 22
786 19
787 18
788 21
789 21
790 18
791 15
792 20
793 19
794 18
795 22
796 17
797 17
798 25
799 17
800 17
801 17
802 17
803 15
804 17
805 16
806 18
807 23
808 17
809 13
810 19
811 12
812 15
813 22
814 18
815 8
816 23
817 23
818 22
819 16
820 20
821 17
822 24
823 15
824 20
825 23
826 13
827 14
828 12
829 20
830 17
831 16
832 23
833 22
834 16
835 13
836 16
837 26
838 18
839 15
840 13
841 19
842 11
843 19
844 19
845 19
846 18
847 22
848 16
849 20
850 14
851 21
852 20
853 22
854 21
855 14
856 20
857 26
858 19
859 32
860 17
861 20
862 22
863 22
864 22
865 25
866 26
867 15
868 14
869 19
870 16
871 17
872 21
873 9
874 26
875 14
876 26
877 22
878 21
879 26
880 23
881 20
882 25
883 14
884 20
885 18
886 13
887 21
888 24
889 19
890 24
891 19
892 26
893 17
894 23
895 17
896 23
897 21
898 14
899 28
900 17
901 12
902 21
903 9
904 16
905 21
906 24
907 25
908 24
909 26
910 12
911 18
912 19
913 20
914 19
915 18
916 18
917 15
918 27
919 16
920 19
921 18
922 20
923 24
924 27
925 19
926 16
927 19
928 18
929 23
930 29
931 25
932 18
933 15
934 16
935 21
936 17
937 16
938 24
939 16
940 21
941 10
942 16
943 22
944 12
945 17
946 29
947 21
948 24
949 18
950 17
951 23
952 19
953 17
954 20
955 27
956 11
957 17
958 17
959 18
960 21
961 20
962 21
963 15
964 21
965 21
966 21
967 22
968 25
969 16
970 13
971 28
972 18
973 17
974 18
975 21
976 23
977 22
978 33
979 25
980 23
981 24
982 23
983 21
984 26
985 26
986 20
987 33
988 29
989 18
990 32
991 23
992 21
993 29
994 29
995 23
996 32
997 28
998 28
999 24
1000 27
1001 28
1002 18
1003 27
1004 26
1005 20
1006 41
1007 25
1008 31
1009 28
1010 21
1011 22
1012 32
1013 34
1014 22
1015 29
1016 29
1017 26
1018 24
1019 28
1020 31
1021 32
1022 33
1023 21
1024 34
1025 30
1026 28
1027 33
1028 18
1029 33
1030 36
1031 24
1032 19
1033 30
1034 28
1035 22
1036 31
1037 29
1038 30
1039 28
1040 24
1041 31
1042 24
1043 21
1044 18
1045 36
1046 24
1047 30
1048 24
1049 27
1050 30
1051 27
1052 22
1053 33
1054 39
1055 26
1056 34
1057 35
1058 18
1059 44
1060 27
1061 28
1062 19
1063 18
1064 35
1065 22
1066 27
1067 19
1068 23
1069 29
1070 22
1071 21
1072 29
1073 27
1074 27
1075 27
1076 25
1077 29
1078 27
1079 24
1080 23
1081 17
1082 34
1083 24
1084 24
1085 24
1086 18
1087 27
1088 21
1089 30
1090 27
1091 34
1092 16
1093 29
1094 23
1095 24
1096 20
1097 16
1098 22
1099 15
1100 28
1101 20
1102 23
1103 22
1104 30
1105 28
1106 33
1107 20
1108 17
1109 23
1110 25
1111 26
1112 23
1113 15
1114 17
1115 17
1116 31
1117 28
1118 20
1119 27
1120 25
1121 22
1122 17
1123 23
1124 22
1125 28
1126 23
1127 10
1128 27
1129 18
1130 21
1131 21
1132 18
1133 32
1134 20
1135 18
1136 12
1137 17
1138 13
1139 18
1140 29
1141 19
1142 15
1143 21
1144 17
1145 16
1146 19
1147 19
1148 21
1149 16
1150 17
1151 17
1152 14
1153 17
1154 15
1155 12
1156 17
1157 22
1158 22
1159 20
1160 19
1161 26
1162 20
1163 23
1164 20
1165 6
1166 12
1167 17
1168 13
1169 15
1170 16
1171 18
1172 21
1173 21
1174 10
1175 11
1176 20
1177 18
1178 17
1179 12
1180 14
1181 15
1182 11
1183 15
1184 18
1185 11
1186 19
1187 8
1188 12
1189 15
1190 13
1191 19
1192 15
1193 18
1194 11
1195 13
1196 13
1197 20
1198 12
1199 12
1200 15
1201 12
1202 8
1203 14
1204 16
1205 13
1206 20
1207 12
1208 10
1209 21
1210 15
1211 12
1212 13
1213 17
1214 10
1215 12
1216 10
1217 8
1218 11
1219 14
1220 9
1221 9
1222 16
1223 11
1224 14
1225 9
1226 6
1227 4
1228 8
1229 10
1230 12
1231 17
1232 14
1233 7
1234 11
1235 8
1236 7
1237 11
1238 9
1239 10
1240 9
1241 5
1242 10
1243 8
1244 15
1245 13
1246 9
1247 12
1248 10
1249 12
1250 11
1251 10
1252 7
1253 8
1254 6
1255 9
1256 15
1257 5
1258 8
1259 11
1260 11
1261 9
1262 12
1263 9
1264 7
1265 3
1266 7
1267 8
1268 6
1269 6
1270 6
1271 7
1272 9
1273 8
1274 9
1275 6
1276 1
1277 6
1278 3
1279 4
1280 8
1281 6
1282 8
1283 11
1284 15
1285 8
1286 7
1287 8
1288 8
1289 5
1290 6
1291 5
1292 7
1293 5
1294 3
1295 7
1296 3
1297 5
1298 7
1299 3
1300 3
1301 4
1302 7
1303 2
1304 4
1305 9
1306 5
1307 7
1308 3
1309 6
1310 6
1311 4
1312 5
1313 4
1314 7
1315 6
1316 5
1317 6
1318 5
1319 5
1320 4
1321 3
1322 4
1323 3
1324 3
1325 1
1326 5
1327 6
1328 6
1329 2
1330 1
1331 4
1332 2
1333 4
1334 6
1335 5
1336 6
1337 3
1338 3
1339 5
1340 2
1341 4
1342 2
1343 4
1344 3
1345 5
1346 3
1347 5
1348 3
1349 6
1351 1
1352 6
1353 3
1354 3
1355 4
1356 3
1357 1
1358 5
1359 5
1360 1
1361 6
1362 1
1363 4
1364 3
1365 2
1366 7
1367 1
1368 2
1369 3
1370 4
1371 2
1372 3
1373 4
1375 1
1376 3
1378 4
1379 3
1380 3
1381 5
1382 1
1383 1
1384 3
1385 8
1386 3
1387 3
1388 5
1389 3
1390 2
1391 1
1392 1
1393 4
1394 1
1395 2
1396 4
1397 2
1398 1
1399 4
1400 2
1402 2
1403 1
1404 3
1405 6
1406 2
1407 4
1408 1
1409 2
1410 3
1411 2
1413 2
1414 2
1415 1
1416 1
1418 1
1419 2
1420 1
1423 5
1424 2
1425 3
1427 2
1428 1
1429 1
1430 2
1431 2
1433 3
1434 3
1435 1
1436 5
1437 1
1438 2
1439 2
1440 1
1443 1
1444 1
1445 2
1446 1
1448 1
1453 2
1454 1
1456 1
1458 3
1461 1
1462 3
1463 1
1465 1
1466 2
1468 1
1469 1
1471 2
1473 1
1477 1
1478 1
1479 1
1483 1
1486 1
1488 2
1489 1
1490 1
1491 1
1492 1
1493 1
1494 1
1495 1
1496 1
1497 1
1499 1
1504 1
1507 1
1510 2
1515 1
1517 1
1519 1
1523 3
1526 1
1527 2
1529 1
1533 1
1534 1
1537 2
1538 1
1539 1
1541 1
1543 1
1544 2
1545 1
1546 1
1547 2
1554 2
1555 1
1556 1
1562 1
1565 1
1570 1
1572 1
1575 1
1579 2
1586 1
1587 1
1590 2
1598 1
1601 1
1606 1
1610 1
1631 1
1638 1
1644 1
1649 1
1653 1
1660 1
1668 1
1669 1
1673 1
1733 1
