59 2
60 56
61 296
62 483
63 748
64 704
65 700
66 622
67 594
68 745
69 887
70 1082
71 1168
72 1450
73 1537
74 1687
75 1646
76 1643
77 1589
78 1868
79 1865
80 1997
81 1998
82 1844
83 2036
84 2037
85 2075
86 2189
87 2338
88 2504
89 2408
90 2466
91 2385
92 2497
93 2752
94 2892
95 2972
96 2981
97 2995
98 3076
99 3451
100 3545
101 3810
102 3820
103 3705
104 3820
105 3625
106 3805
107 3842
108 4043
109 3868
110 4144
111 4158
112 4687
113 4921
114 5250
115 5354
116 5882
117 6310
118 6548
119 6736
120 7002
121 6941
122 7063
123 7075
124 7148
125 7042
126 7085
127 7204
128 7575
129 7754
130 8044
131 8247
132 8749
133 8724
134 8619
135 8469
136 8329
137 8465
138 8519
139 8473
140 8830
141 8834
142 8877
143 8857
144 9229
145 9156
146 9072
147 9519
148 9631
149 9655
150 9558
151 9804
152 9820
153 9783
154 9847
155 9816
156 9874
157 9992
158 9962
159 9880
160 10369
161 10154
162 10554
163 10671
164 10606
165 10817
166 11090
167 11049
168 11122
169 11220
170 11090
171 11350
172 11337
173 11250
174 11284
175 11475
176 11728
177 11753
178 12121
179 12332
180 12474
181 12707
182 12440
183 12566
184 12416
185 12322
186 12362
187 12354
188 12271
189 12368
190 12480
191 12257
192 12296
193 12365
194 12363
195 12411
196 12324
197 12557
198 12617
199 12453
200 12269
201 12291
202 12188
203 12169
204 12270
205 12304
206 12185
207 12082
208 12066
209 12169
210 11999
211 12030
212 12034
213 11476
214 11845
215 12097
216 11998
217 11720
218 11681
219 11636
220 11711
221 11549
222 11633
223 11391
224 11292
225 11206
226 11069
227 10990
228 11199
229 11125
230 11043
231 11096
232 10914
233 11052
234 10570
235 10622
236 10654
237 10584
238 10419
239 10453
240 10421
241 10570
242 10373
243 10348
244 10187
245 10289
246 10142
247 10383
248 10270
249 9924
250 9745
251 9845
252 9806
253 9629
254 9727
255 9717
256 9512
257 9466
258 9555
259 9563
260 9526
261 9554
262 9375
263 9658
264 9641
265 9735
266 9617
267 9544
268 9558
269 9797
270 9601
271 9718
272 9706
273 9779
274 9881
275 9974
276 9802
277 9738
278 9981
279 9851
280 9717
281 9562
282 9630
283 9573
284 9471
285 9623
286 9366
287 9422
288 9228
289 9026
290 9309
291 9089
292 9135
293 8754
294 8913
295 8854
296 8672
297 8490
298 8528
299 8439
300 8478
301 8488
302 8469
303 8527
304 8304
305 8425
306 8168
307 8142
308 8253
309 8143
310 8099
311 8236
312 8270
313 7934
314 7816
315 7858
316 7842
317 7805
318 7861
319 7737
320 7743
321 7579
322 7682
323 7542
324 7489
325 7326
326 7429
327 7361
328 7342
329 7204
330 7169
331 7094
332 7233
333 7350
334 6964
335 7014
336 7076
337 6910
338 6932
339 6950
340 7017
341 7043
342 6800
343 6812
344 6609
345 6874
346 6764
347 6805
348 6775
349 6687
350 6594
351 6575
352 6550
353 6552
354 6577
355 6478
356 6622
357 6650
358 6545
359 6560
360 6565
361 6498
362 6523
363 6408
364 6414
365 6401
366 6283
367 6327
368 6343
369 6438
370 6427
371 6495
372 6364
373 6407
374 6400
375 6210
376 6377
377 6107
378 6091
379 6192
380 6070
381 6236
382 6065
383 6155
384 6239
385 6064
386 5982
387 6033
388 6010
389 5814
390 5824
391 5782
392 5701
393 5824
394 5723
395 5631
396 5682
397 5498
398 5669
399 5605
400 5602
401 5600
402 5567
403 5686
404 5635
405 5606
406 5555
407 5602
408 5574
409 5610
410 5622
411 5556
412 5611
413 5490
414 5647
415 5543
416 5633
417 5363
418 5244
419 5207
420 5271
421 5084
422 5046
423 5031
424 5085
425 5077
426 5044
427 4931
428 4969
429 4928
430 4861
431 4981
432 4979
433 4923
434 4831
435 4673
436 4679
437 4765
438 4619
439 4684
440 4599
441 4509
442 4619
443 4458
444 4427
445 4484
446 4455
447 4272
448 4307
449 4382
450 4286
451 4366
452 4197
453 4329
454 4235
455 4235
456 4195
457 4172
458 4169
459 4111
460 4109
461 4079
462 3943
463 3982
464 3992
465 4089
466 3980
467 4144
468 3891
469 3833
470 3866
471 3937
472 3869
473 3811
474 3822
475 3779
476 3742
477 3800
478 3876
479 3786
480 3785
481 3836
482 3894
483 3813
484 3691
485 3650
486 3781
487 3663
488 3624
489 3616
490 3654
491 3567
492 3543
493 3570
494 3526
495 3680
496 3705
497 3737
498 3767
499 3788
500 3645
501 3589
502 3559
503 3587
504 3557
505 3432
506 3484
507 3352
508 3331
509 3398
510 3382
511 3375
512 3269
513 3154
514 3280
515 3250
516 3254
517 3215
518 3157
519 3230
520 3093
521 3224
522 3131
523 3064
524 3070
525 3031
526 3105
527 3032
528 3096
529 3063
530 2962
531 3090
532 2996
533 3049
534 2910
535 2987
536 2937
537 2989
538 2900
539 2967
540 2991
541 3022
542 3041
543 3066
544 3053
545 3037
546 3093
547 2968
548 2905
549 2939
550 2935
551 2878
552 2900
553 2804
554 2863
555 2809
556 2776
557 2779
558 2704
559 2721
560 2656
561 2738
562 2603
563 2620
564 2569
565 2728
566 2528
567 2559
568 2452
569 2526
570 2473
571 2521
572 2455
573 2534
574 2472
575 2462
576 2600
577 2562
578 2519
579 2503
580 2552
581 2576
582 2518
583 2454
584 2431
585 2379
586 2342
587 2417
588 2375
589 2292
590 2392
591 2314
592 2268
593 2231
594 2267
595 2184
596 2173
597 2239
598 2151
599 2205
600 2148
601 2032
602 2069
603 2097
604 2089
605 1981
606 2074
607 2021
608 1964
609 2000
610 1939
611 1935
612 1913
613 1857
614 1865
615 1920
616 1831
617 1860
618 1915
619 1855
620 1905
621 1807
622 1770
623 1788
624 1875
625 1835
626 1853
627 1774
628 1748
629 1769
630 1673
631 1825
632 1745
633 1779
634 1696
635 1677
636 1623
637 1651
638 1737
639 1699
640 1615
641 1707
642 1682
643 1622
644 1602
645 1543
646 1564
647 1590
648 1577
649 1598
650 1562
651 1568
652 1562
653 1542
654 1486
655 1549
656 1595
657 1565
658 1497
659 1497
660 1553
661 1467
662 1437
663 1439
664 1436
665 1494
666 1378
667 1403
668 1446
669 1416
670 1429
671 1428
672 1331
673 1367
674 1384
675 1372
676 1423
677 1448
678 1343
679 1341
680 1406
681 1317
682 1308
683 1404
684 1356
685 1395
686 1307
687 1326
688 1268
689 1323
690 1268
691 1299
692 1234
693 1225
694 1324
695 1192
696 1259
697 1318
698 1243
699 1245
700 1263
701 1187
702 1303
703 1206
704 1274
705 1239
706 1266
707 1246
708 1272
709 1241
710 1262
711 1219
712 1172
713 1206
714 1150
715 1177
716 1212
717 1274
718 1229
719 1170
720 1204
721 1147
722 1149
723 1176
724 1178
725 1181
726 1162
727 1138
728 1155
729 1185
730 1168
731 1092
732 1126
733 1153
734 1177
735 1084
736 1071
737 1097
738 1148
739 1102
740 1080
741 1122
742 1118
743 1145
744 1105
745 1104
746 1137
747 1065
748 1066
749 1090
750 1051
751 1068
752 1105
753 979
754 1041
755 1049
756 1080
757 1062
758 1060
759 1036
760 1020
761 998
762 1014
763 1101
764 977
765 1036
766 1027
767 1008
768 1000
769 1029
770 1038
771 1037
772 1022
773 991
774 976
775 1017
776 1002
777 972
778 1038
779 967
780 910
781 929
782 932
783 996
784 974
785 985
786 886
787 986
788 928
789 906
790 916
791 922
792 968
793 918
794 994
795 935
796 893
797 989
798 1001
799 946
800 942
801 886
802 946
803 904
804 895
805 883
806 863
807 825
808 860
809 904
810 866
811 868
812 872
813 843
814 830
815 871
816 791
817 804
818 791
819 806
820 814
821 826
822 834
823 777
824 789
825 847
826 818
827 777
828 780
829 722
830 792
831 764
832 770
833 747
834 755
835 781
836 708
837 714
838 729
839 722
840 706
841 695
842 710
843 732
844 680
845 731
846 708
847 708
848 690
849 712
850 681
851 723
852 726
853 649
854 674
855 756
856 680
857 618
858 720
859 674
860 721
861 702
862 663
863 678
864 671
865 633
866 671
867 611
868 706
869 656
870 645
871 666
872 662
873 666
874 645
875 614
876 621
877 608
878 612
879 592
880 637
881 670
882 616
883 597
884 583
885 590
886 574
887 605
888 589
889 584
890 597
891 630
892 571
893 577
894 557
895 629
896 573
897 589
898 540
899 521
900 592
901 528
902 563
903 558
904 578
905 516
906 563
907 557
908 516
909 603
910 532
911 513
912 546
913 550
914 542
915 549
916 542
917 557
918 536
919 525
920 528
921 512
922 491
923 474
924 508
925 510
926 500
927 552
928 532
929 532
930 496
931 466
932 485
933 442
934 467
935 459
936 504
937 470
938 513
939 461
940 483
941 458
942 453
943 476
944 462
945 445
946 463
947 474
948 452
949 464
950 511
951 456
952 466
953 435
954 431
955 470
956 492
957 458
958 415
959 429
960 436
961 403
962 451
963 467
964 462
965 463
966 430
967 396
968 433
969 423
970 463
971 434
972 437
973 425
974 400
975 418
976 376
977 392
978 425
979 397
980 406
981 427
982 416
983 378
984 404
985 411
986 385
987 381
988 443
989 400
990 392
991 414
992 381
993 395
994 434
995 363
996 380
997 406
998 393
999 372
1000 375
1001 377
1002 380
1003 369
1004 345
1005 451
1006 411
1007 355
1008 379
1009 349
1010 414
1011 366
1012 358
1013 345
1014 350
1015 357
1016 358
1017 322
1018 373
1019 361
1020 376
1021 339
1022 351
1023 355
1024 363
1025 342
1026 370
1027 326
1028 403
1029 357
1030 362
1031 385
1032 310
1033 330
1034 335
1035 347
1036 359
1037 337
1038 352
1039 321
1040 327
1041 354
1042 367
1043 324
1044 358
1045 325
1046 347
1047 333
1048 341
1049 309
1050 339
1051 347
1052 297
1053 323
1054 312
1055 328
1056 334
1057 272
1058 323
1059 305
1060 314
1061 282
1062 315
1063 334
1064 312
1065 339
1066 282
1067 323
1068 289
1069 290
1070 309
1071 319
1072 286
1073 271
1074 296
1075 296
1076 334
1077 335
1078 294
1079 313
1080 319
1081 285
1082 292
1083 280
1084 303
1085 302
1086 287
1087 303
1088 307
1089 276
1090 260
1091 278
1092 289
1093 285
1094 279
1095 279
1096 315
1097 275
1098 296
1099 287
1100 255
1101 275
1102 275
1103 295
1104 265
1105 290
1106 281
1107 299
1108 279
1109 294
1110 299
1111 254
1112 266
1113 303
1114 270
1115 260
1116 280
1117 270
1118 268
1119 254
1120 300
1121 252
1122 272
1123 250
1124 275
1125 263
1126 257
1127 270
1128 266
1129 272
1130 261
1131 301
1132 259
1133 253
1134 266
1135 246
1136 237
1137 283
1138 248
1139 241
1140 235
1141 238
1142 248
1143 250
1144 295
1145 229
1146 252
1147 250
1148 241
1149 259
1150 241
1151 249
1152 248
1153 250
1154 259
1155 240
1156 240
1157 215
1158 243
1159 242
1160 255
1161 251
1162 245
1163 237
1164 222
1165 268
1166 228
1167 210
1168 239
1169 243
1170 241
1171 258
1172 203
1173 209
1174 238
1175 260
1176 236
1177 229
1178 227
1179 203
1180 242
1181 200
1182 245
1183 243
1184 269
1185 236
1186 242
1187 216
1188 218
1189 231
1190 247
1191 247
1192 234
1193 233
1194 257
1195 224
1196 237
1197 260
1198 221
1199 198
1200 230
1201 225
1202 213
1203 221
1204 209
1205 194
1206 217
1207 188
1208 212
1209 207
1210 219
1211 220
1212 228
1213 179
1214 237
1215 186
1216 221
1217 199
1218 201
1219 226
1220 214
1221 215
1222 211
1223 199
1224 223
1225 203
1226 189
1227 207
1228 201
1229 218
1230 203
1231 206
1232 198
1233 208
1234 188
1235 171
1236 196
1237 206
1238 197
1239 192
1240 188
1241 183
1242 188
1243 209
1244 183
1245 176
1246 191
1247 182
1248 179
1249 171
1250 169
1251 172
1252 206
1253 177
1254 164
1255 168
1256 200
1257 201
1258 169
1259 194
1260 160
1261 179
1262 189
1263 182
1264 176
1265 173
1266 183
1267 160
1268 173
1269 184
1270 172
1271 182
1272 180
1273 163
1274 180
1275 175
1276 157
1277 171
1278 184
1279 171
1280 167
1281 161
1282 167
1283 164
1284 163
1285 158
1286 165
1287 186
1288 161
1289 172
1290 149
1291 170
1292 163
1293 159
1294 159
1295 142
1296 143
1297 156
1298 177
1299 165
1300 173
1301 153
1302 161
1303 159
1304 143
1305 150
1306 154
1307 148
1308 137
1309 159
1310 153
1311 150
1312 144
1313 152
1314 150
1315 182
1316 134
1317 135
1318 136
1319 168
1320 139
1321 126
1322 163
1323 151
1324 146
1325 140
1326 137
1327 154
1328 138
1329 136
1330 151
1331 142
1332 140
1333 143
1334 130
1335 132
1336 122
1337 138
1338 122
1339 138
1340 140
1341 128
1342 129
1343 137
1344 131
1345 137
1346 129
1347 135
1348 141
1349 125
1350 130
1351 128
1352 135
1353 139
1354 143
1355 143
1356 113
1357 140
1358 132
1359 101
1360 137
1361 127
1362 124
1363 128
1364 102
1365 128
1366 106
1367 138
1368 124
1369 120
1370 144
1371 121
1372 111
1373 123
1374 117
1375 109
1376 111
1377 126
1378 117
1379 116
1380 122
1381 119
1382 119
1383 117
1384 112
1385 120
1386 102
1387 109
1388 136
1389 122
1390 105
1391 130
1392 101
1393 118
1394 128
1395 118
1396 116
1397 126
1398 118
1399 115
1400 119
1401 119
1402 118
1403 109
1404 106
1405 115
1406 96
1407 100
1408 84
1409 112
1410 124
1411 97
1412 99
1413 109
1414 100
1415 115
1416 97
1417 100
1418 105
1419 109
1420 84
1421 99
1422 99
1423 97
1424 86
1425 121
1426 113
1427 110
1428 113
1429 101
1430 102
1431 98
1432 91
1433 115
1434 83
1435 92
1436 112
1437 105
1438 104
1439 108
1440 105
1441 96
1442 90
1443 108
1444 101
1445 97
1446 81
1447 63
1448 113
1449 101
1450 89
1451 85
1452 100
1453 96
1454 122
1455 86
1456 87
1457 78
1458 107
1459 89
1460 86
1461 94
1462 81
1463 97
1464 99
1465 90
1466 75
1467 88
1468 90
1469 96
1470 75
1471 91
1472 97
1473 86
1474 81
1475 85
1476 83
1477 85
1478 99
1479 69
1480 76
1481 78
1482 93
1483 99
1484 92
1485 94
1486 104
1487 77
1488 75
1489 98
1490 84
1491 82
1492 67
1493 71
1494 75
1495 66
1496 87
1497 74
1498 81
1499 76
1500 73
1501 82
1502 88
1503 72
1504 71
1505 73
1506 71
1507 96
1508 82
1509 74
1510 88
1511 71
1512 79
1513 83
1514 81
1515 82
1516 105
1517 76
1518 91
1519 68
1520 76
1521 78
1522 84
1523 85
1524 77
1525 62
1526 76
1527 80
1528 72
1529 82
1530 72
1531 82
1532 62
1533 89
1534 74
1535 78
1536 64
1537 57
1538 88
1539 73
1540 72
1541 83
1542 86
1543 73
1544 78
1545 69
1546 63
1547 57
1548 58
1549 80
1550 58
1551 76
1552 67
1553 72
1554 70
1555 54
1556 76
1557 96
1558 64
1559 73
1560 72
1561 64
1562 56
1563 60
1564 75
1565 70
1566 67
1567 69
1568 77
1569 60
1570 69
1571 57
1572 66
1573 65
1574 63
1575 57
1576 60
1577 57
1578 69
1579 73
1580 76
1581 50
1582 52
1583 67
1584 55
1585 58
1586 62
1587 64
1588 61
1589 53
1590 72
1591 63
1592 63
1593 53
1594 81
1595 66
1596 72
1597 85
1598 79
1599 57
1600 55
1601 65
1602 60
1603 67
1604 57
1605 65
1606 59
1607 54
1608 60
1609 72
1610 47
1611 45
1612 51
1613 64
1614 52
1615 62
1616 56
1617 53
1618 57
1619 59
1620 53
1621 56
1622 55
1623 53
1624 57
1625 66
1626 65
1627 54
1628 72
1629 67
1630 51
1631 62
1632 62
1633 51
1634 54
1635 50
1636 62
1637 41
1638 60
1639 45
1640 63
1641 52
1642 50
1643 53
1644 51
1645 59
1646 55
1647 55
1648 56
1649 57
1650 43
1651 43
1652 43
1653 48
1654 55
1655 51
1656 51
1657 58
1658 46
1659 53
1660 49
1661 53
1662 46
1663 50
1664 51
1665 52
1666 51
1667 55
1668 46
1669 48
1670 49
1671 51
1672 54
1673 44
1674 62
1675 49
1676 42
1677 56
1678 45
1679 39
1680 40
1681 57
1682 48
1683 46
1684 54
1685 46
1686 55
1687 57
1688 51
1689 50
1690 44
1691 44
1692 50
1693 43
1694 49
1695 44
1696 45
1697 43
1698 35
1699 44
1700 41
1701 50
1702 34
1703 47
1704 65
1705 44
1706 41
1707 44
1708 39
1709 45
1710 38
1711 47
1712 44
1713 36
1714 43
1715 50
1716 44
1717 42
1718 40
1719 58
1720 41
1721 50
1722 51
1723 47
1724 39
1725 42
1726 45
1727 42
1728 48
1729 43
1730 29
1731 43
1732 47
1733 38
1734 57
1735 58
1736 41
1737 43
1738 47
1739 34
1740 49
1741 44
1742 50
1743 42
1744 45
1745 33
1746 42
1747 40
1748 40
1749 32
1750 61
1751 45
1752 36
1753 52
1754 53
1755 48
1756 42
1757 42
1758 38
1759 57
1760 46
1761 42
1762 40
1763 45
1764 52
1765 30
1766 44
1767 35
1768 45
1769 46
1770 44
1771 44
1772 43
1773 41
1774 41
1775 42
1776 40
1777 46
1778 41
1779 48
1780 36
1781 49
1782 54
1783 34
1784 43
1785 40
1786 35
1787 30
1788 40
1789 36
1790 48
1791 50
1792 44
1793 39
1794 37
1795 37
1796 36
1797 39
1798 29
1799 42
1800 42
1801 35
1802 37
1803 30
1804 31
1805 35
1806 38
1807 35
1808 37
1809 42
1810 33
1811 36
1812 41
1813 40
1814 29
1815 35
1816 33
1817 40
1818 34
1819 31
1820 34
1821 24
1822 39
1823 33
1824 44
1825 28
1826 36
1827 30
1828 42
1829 38
1830 38
1831 40
1832 46
1833 39
1834 27
1835 32
1836 40
1837 32
1838 42
1839 33
1840 33
1841 33
1842 40
1843 33
1844 23
1845 39
1846 41
1847 40
1848 28
1849 26
1850 32
1851 33
1852 34
1853 32
1854 37
1855 26
1856 33
1857 29
1858 36
1859 36
1860 25
1861 35
1862 20
1863 39
1864 23
1865 34
1866 32
1867 33
1868 36
1869 31
1870 30
1871 38
1872 31
1873 30
1874 22
1875 30
1876 39
1877 41
1878 33
1879 39
1880 29
1881 27
1882 28
1883 36
1884 30
1885 32
1886 37
1887 29
1888 31
1889 37
1890 38
1891 38
1892 33
1893 32
1894 35
1895 37
1896 29
1897 29
1898 38
1899 39
1900 42
1901 34
1902 34
1903 21
1904 32
1905 25
1906 39
1907 24
1908 41
1909 26
1910 41
1911 27
1912 32
1913 28
1914 33
1915 28
1916 33
1917 23
1918 29
1919 42
1920 39
1921 27
1922 33
1923 22
1924 41
1925 26
1926 38
1927 26
1928 27
1929 34
1930 26
1931 30
1932 28
1933 41
1934 27
1935 30
1936 27
1937 25
1938 31
1939 28
1940 29
1941 29
1942 25
1943 31
1944 30
1945 27
1946 36
1947 30
1948 25
1949 34
1950 21
1951 31
1952 15
1953 12
1954 32
1955 28
1956 34
1957 30
1958 18
1959 28
1960 37
1961 28
1962 29
1963 32
1964 31
1965 23
1966 25
1967 27
1968 22
1969 25
1970 21
1971 38
1972 27
1973 26
1974 25
1975 30
1976 23
1977 35
1978 33
1979 33
1980 29
1981 31
1982 24
1983 23
1984 21
1985 26
1986 22
1987 31
1988 24
1989 20
1990 28
1991 19
1992 29
1993 36
1994 30
1995 27
1996 27
1997 29
1998 34
1999 34
2000 26
2001 15
2002 36
2003 30
2004 26
2005 35
2006 30
2007 28
2008 29
2009 22
2010 21
2011 26
2012 28
2013 26
2014 25
2015 32
2016 24
2017 25
2018 23
2019 25
2020 36
2021 32
2022 26
2023 26
2024 30
2025 24
2026 18
2027 22
2028 19
2029 24
2030 14
2031 23
2032 17
2033 18
2034 25
2035 30
2036 20
2037 29
2038 18
2039 28
2040 27
2041 31
2042 27
2043 19
2044 21
2045 23
2046 22
2047 21
2048 19
2049 23
2050 27
2051 10
2052 21
2053 31
2054 25
2055 27
2056 21
2057 18
2058 21
2059 23
2060 17
2061 30
2062 30
2063 26
2064 29
2065 20
2066 27
2067 22
2068 26
2069 16
2070 17
2071 29
2072 21
2073 23
2074 18
2075 20
2076 29
2077 27
2078 25
2079 23
2080 28
2081 22
2082 38
2083 18
2084 19
2085 13
2086 18
2087 27
2088 26
2089 22
2090 20
2091 22
2092 18
2093 23
2094 30
2095 22
2096 23
2097 18
2098 18
2099 28
2100 20
2101 24
2102 18
2103 16
2104 21
2105 26
2106 23
2107 23
2108 27
2109 19
2110 14
2111 23
2112 20
2113 21
2114 32
2115 17
2116 19
2117 31
2118 16
2119 24
2120 12
2121 25
2122 25
2123 24
2124 22
2125 20
2126 15
2127 23
2128 26
2129 22
2130 27
2131 18
2132 28
2133 19
2134 33
2135 18
2136 18
2137 27
2138 16
2139 15
2140 21
2141 23
2142 25
2143 22
2144 14
2145 23
2146 23
2147 17
2148 20
2149 14
2150 21
2151 25
2152 14
2153 14
2154 26
2155 14
2156 20
2157 23
2158 20
2159 18
2160 14
2161 21
2162 24
2163 13
2164 11
2165 15
2166 17
2167 15
2168 21
2169 16
2170 17
2171 20
2172 27
2173 12
2174 22
2175 17
2176 11
2177 16
2178 24
2179 13
2180 22
2181 15
2182 13
2183 16
2184 20
2185 23
2186 17
2187 29
2188 18
2189 22
2190 17
2191 17
2192 23
2193 16
2194 16
2195 27
2196 13
2197 25
2198 19
2199 15
2200 19
2201 22
2202 24
2203 21
2204 17
2205 16
2206 21
2207 18
2208 21
2209 20
2210 10
2211 28
2212 20
2213 22
2214 17
2215 22
2216 15
2217 23
2218 25
2219 26
2220 27
2221 13
2222 13
2223 19
2224 17
2225 26
2226 22
2227 15
2228 26
2229 20
2230 22
2231 18
2232 12
2233 12
2234 21
2235 20
2236 19
2237 15
2238 16
2239 18
2240 23
2241 14
2242 17
2243 17
2244 13
2245 15
2246 26
2247 25
2248 10
2249 19
2250 17
2251 13
2252 21
2253 19
2254 22
2255 19
2256 16
2257 15
2258 18
2259 23
2260 24
2261 21
2262 20
2263 14
2264 24
2265 13
2266 9
2267 15
2268 21
2269 18
2270 20
2271 19
2272 21
2273 25
2274 18
2275 14
2276 19
2277 24
2278 19
2279 18
2280 20
2281 21
2282 15
2283 18
2284 13
2285 20
2286 21
2287 18
2288 20
2289 13
2290 21
2291 21
2292 16
2293 23
2294 28
2295 15
2296 21
2297 11
2298 12
2299 18
2300 23
2301 23
2302 20
2303 21
2304 25
2305 13
2306 12
2307 11
2308 20
2309 22
2310 17
2311 17
2312 14
2313 27
2314 21
2315 12
2316 22
2317 14
2318 19
2319 23
2320 17
2321 15
2322 17
2323 17
2324 15
2325 19
2326 12
2327 21
2328 6
2329 13
2330 17
2331 16
2332 16
2333 13
2334 18
2335 19
2336 13
2337 14
2338 23
2339 17
2340 17
2341 12
2342 20
2343 14
2344 19
2345 15
2346 26
2347 18
2348 12
2349 13
2350 19
2351 17
2352 16
2353 21
2354 19
2355 16
2356 14
2357 15
2358 21
2359 10
2360 22
2361 13
2362 13
2363 12
2364 15
2365 26
2366 11
2367 20
2368 11
2369 16
2370 7
2371 14
2372 15
2373 15
2374 13
2375 21
2376 13
2377 14
2378 18
2379 11
2380 11
2381 12
2382 22
2383 12
2384 18
2385 16
2386 22
2387 12
2388 10
2389 19
2390 17
2391 18
2392 23
2393 19
2394 16
2395 16
2396 17
2397 20
2398 9
2399 21
2400 18
2401 19
2402 15
2403 17
2404 15
2405 14
2406 22
2407 19
2408 19
2409 11
2410 14
2411 23
2412 17
2413 16
2414 10
2415 12
2416 15
2417 12
2418 16
2419 18
2420 20
2421 8
2422 10
2423 10
2424 16
2425 12
2426 11
2427 29
2428 14
2429 13
2430 13
2431 11
2432 16
2433 19
2434 9
2435 14
2436 11
2437 19
2438 15
2439 15
2440 16
2441 14
2442 16
2443 10
2444 22
2445 9
2446 13
2447 24
2448 17
2449 18
2450 16
2451 14
2452 15
2453 20
2454 13
2455 17
2456 15
2457 18
2458 14
2459 16
2460 18
2461 16
2462 11
2463 14
2464 11
2465 10
2466 22
2467 18
2468 11
2469 17
2470 13
2471 18
2472 21
2473 13
2474 22
2475 12
2476 15
2477 10
2478 12
2479 15
2480 13
2481 18
2482 17
2483 14
2484 19
2485 15
2486 14
2487 20
2488 14
2489 16
2490 15
2491 20
2492 14
2493 14
2494 17
2495 12
2496 16
2497 13
2498 22
2499 18
2500 10
2501 19
2502 12
2503 13
2504 9
2505 16
2506 13
2507 18
2508 15
2509 16
2510 18
2511 17
2512 17
2513 6
2514 11
2515 12
2516 9
2517 11
2518 15
2519 16
2520 20
2521 15
2522 16
2523 12
2524 14
2525 15
2526 13
2527 19
2528 9
2529 17
2530 11
2531 18
2532 14
2533 11
2534 9
2535 16
2536 11
2537 9
2538 13
2539 14
2540 12
2541 10
2542 13
2543 13
2544 18
2545 11
2546 22
2547 20
2548 18
2549 15
2550 17
2551 14
2552 15
2553 12
2554 17
2555 13
2556 12
2557 13
2558 15
2559 12
2560 14
2561 9
2562 13
2563 13
2564 9
2565 17
2566 15
2567 14
2568 16
2569 20
2570 19
2571 13
2572 20
2573 13
2574 15
2575 8
2576 13
2577 14
2578 17
2579 9
2580 16
2581 14
2582 14
2583 20
2584 8
2585 9
2586 14
2587 20
2588 6
2589 15
2590 22
2591 11
2592 12
2593 23
2594 12
2595 21
2596 21
2597 9
2598 9
2599 13
2600 11
2601 20
2602 8
2603 12
2604 15
2605 14
2606 13
2607 19
2608 13
2609 12
2610 12
2611 24
2612 13
2613 13
2614 15
2615 13
2616 17
2617 9
2618 13
2619 17
2620 19
2621 12
2622 9
2623 13
2624 10
2625 15
2626 13
2627 13
2628 10
2629 22
2630 16
2631 15
2632 11
2633 12
2634 12
2635 14
2636 16
2637 15
2638 9
2639 14
2640 11
2641 12
2642 17
2643 14
2644 23
2645 14
2646 11
2647 13
2648 15
2649 13
2650 11
2651 15
2652 9
2653 18
2654 9
2655 11
2656 18
2657 14
2658 14
2659 13
2660 13
2661 15
2662 18
2663 6
2664 13
2665 17
2666 12
2667 13
2668 11
2669 17
2670 14
2671 14
2672 19
2673 16
2674 16
2675 15
2676 10
2677 13
2678 15
2679 10
2680 15
2681 11
2682 10
2683 19
2684 16
2685 12
2686 11
2687 17
2688 13
2689 17
2690 14
2691 14
2692 21
2693 13
2694 14
2695 13
2696 5
2697 15
2698 8
2699 17
2700 11
2701 13
2702 10
2703 12
2704 15
2705 9
2706 13
2707 15
2708 11
2709 14
2710 22
2711 11
2712 10
2713 9
2714 13
2715 13
2716 15
2717 12
2718 12
2719 13
2720 11
2721 11
2722 18
2723 16
2724 13
2725 16
2726 10
2727 19
2728 10
2729 18
2730 8
2731 12
2732 16
2733 16
2734 15
2735 15
2736 5
2737 14
2738 10
2739 20
2740 16
2741 19
2742 16
2743 18
2744 6
2745 19
2746 19
2747 12
2748 13
2749 16
2750 19
2751 10
2752 10
2753 20
2754 17
2755 16
2756 15
2757 8
2758 11
2759 18
2760 15
2761 14
2762 14
2763 14
2764 19
2765 9
2766 13
2767 15
2768 6
2769 11
2770 12
2771 8
2772 15
2773 15
2774 23
2775 9
2776 13
2777 11
2778 12
2779 16
2780 6
2781 11
2782 15
2783 12
2784 16
2785 13
2786 11
2787 13
2788 9
2789 17
2790 13
2791 7
2792 9
2793 15
2794 11
2795 8
2796 15
2797 8
2798 5
2799 13
2800 10
2801 5
2802 9
2803 9
2804 9
2805 16
2806 12
2807 14
2808 17
2809 3
2810 12
2811 17
2812 15
2813 14
2814 8
2815 12
2816 19
2817 14
2818 8
2819 13
2820 15
2821 11
2822 10
2823 16
2824 5
2825 7
2826 14
2827 18
2828 17
2829 15
2830 14
2831 12
2832 16
2833 16
2834 12
2835 15
2836 18
2837 19
2838 11
2839 10
2840 12
2841 11
2842 12
2843 9
2844 14
2845 17
2846 17
2847 13
2848 13
2849 17
2850 13
2851 9
2852 8
2853 8
2854 16
2855 15
2856 14
2857 17
2858 9
2859 21
2860 13
2861 13
2862 11
2863 12
2864 13
2865 22
2866 15
2867 11
2868 11
2869 12
2870 12
2871 15
2872 12
2873 7
2874 17
2875 20
2876 14
2877 8
2878 13
2879 13
2880 11
2881 18
2882 14
2883 19
2884 20
2885 7
2886 13
2887 15
2888 18
2889 13
2890 13
2891 16
2892 8
2893 11
2894 18
2895 11
2896 12
2897 16
2898 14
2899 18
2900 12
2901 11
2902 20
2903 16
2904 16
2905 12
2906 10
2907 10
2908 10
2909 19
2910 10
2911 11
2912 14
2913 15
2914 10
2915 15
2916 13
2917 17
2918 11
2919 5
2920 21
2921 16
2922 3
2923 15
2924 14
2925 11
2926 8
2927 13
2928 8
2929 17
2930 8
2931 14
2932 14
2933 17
2934 14
2935 13
2936 14
2937 16
2938 10
2939 12
2940 9
2941 13
2942 7
2943 10
2944 14
2945 15
2946 12
2947 15
2948 19
2949 10
2950 13
2951 21
2952 7
2953 15
2954 20
2955 16
2956 9
2957 14
2958 12
2959 15
2960 19
2961 10
2962 13
2963 9
2964 12
2965 22
2966 12
2967 9
2968 7
2969 10
2970 17
2971 13
2972 11
2973 10
2974 19
2975 19
2976 12
2977 9
2978 17
2979 24
2980 15
2981 11
2982 22
2983 14
2984 11
2985 10
2986 15
2987 12
2988 21
2989 13
2990 19
2991 13
2992 14
2993 14
2994 9
2995 16
2996 9
2997 16
2998 19
2999 8
3000 13
3001 13
3002 15
3003 11
3004 14
3005 14
3006 12
3007 12
3008 15
3009 9
3010 8
3011 18
3012 12
3013 17
3014 5
3015 18
3016 14
3017 18
3018 8
3019 15
3020 17
3021 13
3022 14
3023 14
3024 14
3025 16
3026 12
3027 17
3028 10
3029 12
3030 9
3031 13
3032 13
3033 16
3034 10
3035 18
3036 10
3037 17
3038 16
3039 11
3040 14
3041 11
3042 16
3043 16
3044 20
3045 13
3046 14
3047 11
3048 20
3049 15
3050 10
3051 15
3052 23
3053 12
3054 18
3055 12
3056 9
3057 11
3058 12
3059 9
3060 20
3061 22
3062 11
3063 24
3064 15
3065 15
3066 21
3067 13
3068 15
3069 18
3070 11
3071 20
3072 10
3073 19
3074 12
3075 21
3076 8
3077 9
3078 13
3079 10
3080 12
3081 9
3082 14
3083 15
3084 10
3085 16
3086 13
3087 15
3088 14
3089 14
3090 20
3091 14
3092 11
3093 12
3094 14
3095 12
3096 24
3097 16
3098 10
3099 9
3100 10
3101 13
3102 13
3103 16
3104 18
3105 16
3106 9
3107 18
3108 17
3109 8
3110 16
3111 12
3112 11
3113 19
3114 17
3115 19
3116 12
3117 21
3118 16
3119 15
3120 15
3121 13
3122 17
3123 14
3124 17
3125 16
3126 14
3127 14
3128 13
3129 18
3130 12
3131 10
3132 20
3133 12
3134 19
3135 13
3136 17
3137 21
3138 13
3139 13
3140 13
3141 14
3142 15
3143 15
3144 11
3145 16
3146 9
3147 19
3148 18
3149 23
3150 13
3151 14
3152 16
3153 18
3154 16
3155 12
3156 13
3157 12
3158 11
3159 19
3160 14
3161 15
3162 16
3163 14
3164 12
3165 18
3166 19
3167 8
3168 21
3169 7
3170 15
3171 19
3172 15
3173 9
3174 18
3175 12
3176 12
3177 14
3178 14
3179 8
3180 9
3181 18
3182 12
3183 6
3184 10
3185 11
3186 12
3187 19
3188 11
3189 14
3190 12
3191 17
3192 17
3193 12
3194 11
3195 14
3196 20
3197 23
3198 18
3199 13
3200 12
3201 16
3202 15
3203 19
3204 19
3205 19
3206 13
3207 20
3208 17
3209 21
3210 19
3211 13
3212 11
3213 14
3214 22
3215 13
3216 14
3217 17
3218 12
3219 16
3220 15
3221 15
3222 12
3223 9
3224 12
3225 13
3226 10
3227 17
3228 10
3229 10
3230 11
3231 13
3232 16
3233 17
3234 20
3235 20
3236 17
3237 13
3238 12
3239 16
3240 9
3241 18
3242 14
3243 19
3244 12
3245 11
3246 17
3247 19
3248 21
3249 13
3250 15
3251 16
3252 11
3253 10
3254 16
3255 15
3256 14
3257 15
3258 12
3259 12
3260 20
3261 19
3262 16
3263 12
3264 21
3265 12
3266 11
3267 12
3268 12
3269 13
3270 13
3271 22
3272 8
3273 18
3274 21
3275 14
3276 20
3277 18
3278 18
3279 12
3280 16
3281 16
3282 11
3283 8
3284 17
3285 16
3286 19
3287 8
3288 17
3289 14
3290 12
3291 13
3292 15
3293 11
3294 10
3295 23
3296 12
3297 15
3298 20
3299 15
3300 12
3301 11
3302 13
3303 16
3304 11
3305 21
3306 13
3307 13
3308 21
3309 19
3310 11
3311 11
3312 11
3313 19
3314 15
3315 10
3316 16
3317 14
3318 15
3319 20
3320 16
3321 19
3322 11
3323 10
3324 19
3325 10
3326 15
3327 19
3328 17
3329 9
3330 15
3331 16
3332 12
3333 13
3334 17
3335 15
3336 11
3337 16
3338 13
3339 13
3340 14
3341 12
3342 16
3343 13
3344 20
3345 15
3346 10
3347 13
3348 11
3349 15
3350 16
3351 14
3352 19
3353 15
3354 14
3355 18
3356 23
3357 14
3358 10
3359 16
3360 19
3361 19
3362 11
3363 10
3364 13
3365 9
3366 20
3367 16
3368 25
3369 13
3370 13
3371 10
3372 15
3373 12
3374 14
3375 16
3376 18
3377 13
3378 13
3379 18
3380 16
3381 16
3382 16
3383 6
3384 13
3385 17
3386 16
3387 14
3388 18
3389 6
3390 17
3391 12
3392 13
3393 10
3394 10
3395 19
3396 11
3397 15
3398 16
3399 13
3400 15
3401 14
3402 11
3403 19
3404 11
3405 12
3406 9
3407 15
3408 8
3409 24
3410 10
3411 10
3412 11
3413 16
3414 10
3415 16
3416 13
3417 13
3418 8
3419 15
3420 11
3421 13
3422 10
3423 11
3424 15
3425 14
3426 10
3427 22
3428 18
3429 13
3430 17
3431 8
3432 11
3433 14
3434 14
3435 21
3436 14
3437 14
3438 17
3439 10
3440 14
3441 11
3442 14
3443 11
3444 21
3445 20
3446 10
3447 12
3448 12
3449 13
3450 15
3451 6
3452 17
3453 14
3454 10
3455 8
3456 12
3457 9
3458 10
3459 13
3460 15
3461 19
3462 13
3463 11
3464 14
3465 13
3466 14
3467 14
3468 13
3469 14
3470 14
3471 12
3472 14
3473 15
3474 10
3475 16
3476 19
3477 20
3478 10
3479 10
3480 17
3481 20
3482 12
3483 12
3484 12
3485 16
3486 9
3487 7
3488 14
3489 15
3490 16
3491 12
3492 9
3493 16
3494 12
3495 7
3496 13
3497 12
3498 22
3499 7
3500 17
3501 11
3502 12
3503 12
3504 16
3505 11
3506 15
3507 10
3508 15
3509 14
3510 19
3511 13
3512 10
3513 15
3514 18
3515 19
3516 10
3517 19
3518 16
3519 14
3520 15
3521 13
3522 17
3523 9
3524 13
3525 11
3526 9
3527 12
3528 13
3529 19
3530 15
3531 16
3532 13
3533 14
3534 13
3535 8
3536 18
3537 10
3538 21
3539 14
3540 15
3541 14
3542 17
3543 9
3544 14
3545 12
3546 11
3547 15
3548 13
3549 16
3550 16
3551 16
3552 8
3553 15
3554 6
3555 5
3556 13
3557 14
3558 6
3559 13
3560 13
3561 12
3562 18
3563 19
3564 11
3565 15
3566 14
3567 15
3568 9
3569 14
3570 18
3571 8
3572 11
3573 12
3574 12
3575 11
3576 8
3577 9
3578 16
3579 12
3580 5
3581 7
3582 8
3583 12
3584 15
3585 13
3586 14
3587 10
3588 12
3589 9
3590 15
3591 14
3592 12
3593 15
3594 8
3595 12
3596 9
3597 10
3598 16
3599 19
3600 14
3601 16
3602 12
3603 17
3604 16
3605 23
3606 11
3607 16
3608 15
3609 11
3610 12
3611 21
3612 13
3613 14
3614 10
3615 15
3616 11
3617 8
3618 9
3619 12
3620 13
3621 9
3622 11
3623 14
3624 12
3625 12
3626 16
3627 13
3628 10
3629 14
3630 10
3631 19
3632 15
3633 16
3634 19
3635 13
3636 20
3637 10
3638 11
3639 16
3640 9
3641 10
3642 17
3643 11
3644 12
3645 15
3646 13
3647 18
3648 6
3649 15
3650 8
3651 13
3652 11
3653 11
3654 14
3655 14
3656 14
3657 11
3658 13
3659 10
3660 13
3661 11
3662 15
3663 19
3664 8
3665 9
3666 18
3667 12
3668 12
3669 13
3670 13
3671 14
3672 9
3673 20
3674 11
3675 14
3676 15
3677 13
3678 13
3679 8
3680 5
3681 14
3682 8
3683 15
3684 15
3685 8
3686 10
3687 10
3688 10
3689 7
3690 14
3691 9
3692 9
3693 13
3694 9
3695 11
3696 12
3697 10
3698 13
3699 12
3700 17
3701 11
3702 11
3703 15
3704 17
3705 12
3706 9
3707 11
3708 15
3709 9
3710 14
3711 10
3712 12
3713 13
3714 14
3715 7
3716 13
3717 11
3718 8
3719 13
3720 7
3721 12
3722 9
3723 5
3724 16
3725 13
3726 13
3727 6
3728 20
3729 13
3730 9
3731 14
3732 9
3733 9
3734 9
3735 9
3736 9
3737 14
3738 11
3739 12
3740 9
3741 14
3742 12
3743 11
3744 11
3745 14
3746 12
3747 14
3748 12
3749 14
3750 10
3751 5
3752 13
3753 7
3754 11
3755 13
3756 11
3757 10
3758 14
3759 14
3760 14
3761 15
3762 14
3763 1
3764 8
3765 13
3766 16
3767 14
3768 14
3769 11
3770 17
3771 7
3772 11
3773 11
3774 7
3775 8
3776 12
3777 11
3778 10
3779 9
3780 8
3781 8
3782 19
3783 15
3784 5
3785 6
3786 12
3787 11
3788 9
3789 8
3790 7
3791 10
3792 13
3793 7
3794 17
3795 9
3796 16
3797 6
3798 11
3799 9
3800 8
3801 12
3802 7
3803 11
3804 5
3805 11
3806 6
3807 16
3808 12
3809 8
3810 10
3811 7
3812 14
3813 5
3814 12
3815 15
3816 12
3817 10
3818 14
3819 14
3820 9
3821 14
3822 6
3823 7
3824 9
3825 14
3826 12
3827 13
3828 8
3829 10
3830 8
3831 8
3832 10
3833 11
3834 14
3835 14
3836 15
3837 13
3838 13
3839 14
3840 8
3841 12
3842 12
3843 9
3844 16
3845 16
3846 12
3847 10
3848 11
3849 12
3850 3
3851 9
3852 18
3853 13
3854 8
3855 6
3856 11
3857 11
3858 14
3859 16
3860 10
3861 17
3862 7
3863 13
3864 8
3865 14
3866 11
3867 15
3868 12
3869 9
3870 14
3871 10
3872 5
3873 7
3874 9
3875 11
3876 10
3877 12
3878 9
3879 8
3880 7
3881 9
3882 13
3883 12
3884 14
3885 6
3886 9
3887 13
3888 9
3889 6
3890 12
3891 7
3892 12
3893 8
3894 7
3895 7
3896 9
3897 10
3898 15
3899 16
3900 14
3901 8
3902 9
3903 2
3904 7
3905 15
3906 12
3907 10
3908 12
3909 9
3910 17
3911 6
3912 10
3913 18
3914 11
3915 14
3916 9
3917 8
3918 11
3919 6
3920 11
3921 16
3922 9
3923 10
3924 9
3925 4
3926 9
3927 12
3928 8
3929 9
3930 10
3931 11
3932 9
3933 8
3934 11
3935 9
3936 17
3937 9
3938 6
3939 12
3940 6
3941 3
3942 12
3943 19
3944 9
3945 8
3946 14
3947 8
3948 8
3949 8
3950 7
3951 14
3952 13
3953 13
3954 7
3955 7
3956 9
3957 7
3958 12
3959 6
3960 7
3961 9
3962 10
3963 8
3964 8
3965 8
3966 4
3967 12
3968 11
3969 12
3970 10
3971 12
3972 13
3973 8
3974 9
3975 16
3976 7
3977 13
3978 10
3979 8
3980 9
3981 14
3982 9
3983 11
3984 9
3985 12
3986 9
3987 13
3988 7
3989 3
3990 11
3991 11
3992 15
3993 9
3994 9
3995 13
3996 9
3997 11
3998 11
3999 9
4000 13
4001 9
4002 8
4003 8
4004 12
4005 10
4006 9
4007 9
4008 10
4009 9
4010 12
4011 9
4012 6
4013 13
4014 8
4015 8
4016 15
4017 7
4018 4
4019 14
4020 7
4021 4
4022 12
4023 5
4024 11
4025 12
4026 10
4027 4
4028 9
4029 6
4030 13
4031 14
4032 13
4033 19
4034 11
4035 7
4036 7
4037 10
4038 7
4039 9
4040 10
4041 11
4042 13
4043 7
4044 6
4045 14
4046 3
4047 6
4048 12
4049 16
4050 5
4051 12
4052 6
4053 10
4054 7
4055 10
4056 7
4057 8
4058 11
4059 12
4060 12
4061 14
4062 8
4063 12
4064 9
4065 15
4066 9
4067 10
4068 10
4069 8
4070 4
4071 6
4072 4
4073 6
4074 5
4075 8
4076 12
4077 11
4078 8
4079 9
4080 3
4081 4
4082 3
4083 14
4084 9
4085 11
4086 5
4087 7
4088 11
4089 11
4090 9
4091 7
4092 9
4093 10
4094 10
4095 10
4096 9
4097 9
4098 7
4099 6
4100 2
4101 11
4102 6
4103 3
4104 11
4105 12
4106 9
4107 13
4108 8
4109 7
4110 9
4111 11
4112 14
4113 9
4114 9
4115 8
4116 7
4117 15
4118 13
4119 13
4120 8
4121 12
4122 6
4123 12
4124 7
4125 9
4126 13
4127 6
4128 12
4129 11
4130 19
4131 11
4132 5
4133 2
4134 11
4135 15
4136 7
4137 14
4138 6
4139 5
4140 10
4141 11
4142 14
4143 5
4144 6
4145 7
4146 7
4147 8
4148 10
4149 5
4150 18
4151 11
4152 6
4153 11
4154 8
4155 12
4156 11
4157 8
4158 13
4159 12
4160 8
4161 14
4162 8
4163 4
4164 13
4165 13
4166 7
4167 14
4168 12
4169 13
4170 11
4171 6
4172 9
4173 7
4174 9
4175 10
4176 9
4177 10
4178 12
4179 6
4180 10
4181 16
4182 13
4183 12
4184 9
4185 11
4186 7
4187 7
4188 10
4189 8
4190 10
4191 5
4192 12
4193 9
4194 9
4195 9
4196 16
4197 13
4198 9
4199 10
4200 9
4201 5
4202 8
4203 11
4204 10
4205 9
4206 9
4207 8
4208 7
4209 9
4210 10
4211 14
4212 9
4213 10
4214 9
4215 10
4216 6
4217 7
4218 14
4219 6
4220 12
4221 8
4222 7
4223 7
4224 6
4225 12
4226 3
4227 7
4228 8
4229 7
4230 12
4231 11
4232 15
4233 6
4234 6
4235 12
4236 16
4237 7
4238 8
4239 6
4240 8
4241 6
4242 10
4243 5
4244 9
4245 2
4246 6
4247 6
4248 8
4249 9
4250 4
4251 5
4252 9
4253 8
4254 4
4255 6
4256 5
4257 7
4258 10
4259 5
4260 11
4261 9
4262 5
4263 4
4264 6
4265 7
4266 9
4267 6
4268 6
4269 4
4270 5
4271 6
4272 16
4273 9
4274 11
4275 8
4276 3
4277 7
4278 11
4279 8
4280 6
4281 4
4282 6
4283 7
4284 9
4285 3
4286 9
4287 10
4288 5
4289 7
4290 12
4291 8
4292 5
4293 6
4294 8
4295 12
4296 9
4297 11
4298 11
4299 8
4300 10
4301 5
4302 7
4303 11
4304 8
4305 9
4306 10
4307 12
4308 3
4309 3
4310 4
4311 5
4312 8
4313 9
4314 6
4315 13
4316 12
4317 11
4318 6
4319 8
4320 11
4321 9
4322 3
4323 7
4324 5
4325 9
4326 7
4327 7
4328 11
4329 10
4330 7
4331 9
4332 7
4333 7
4334 7
4335 6
4336 8
4337 11
4338 3
4339 12
4340 9
4341 9
4342 7
4343 9
4344 10
4345 10
4346 3
4347 9
4348 4
4349 7
4350 8
4351 8
4352 14
4353 10
4354 8
4355 9
4356 5
4357 10
4358 14
4359 6
4360 6
4361 14
4362 2
4363 6
4364 12
4365 5
4366 12
4367 14
4368 7
4369 11
4370 5
4371 7
4372 7
4373 8
4374 16
4375 7
4376 6
4377 10
4378 6
4379 5
4380 7
4381 2
4382 6
4383 10
4384 7
4385 7
4386 10
4387 12
4388 10
4389 17
4390 5
4391 6
4392 7
4393 4
4394 8
4395 5
4396 7
4397 12
4398 12
4399 9
4400 6
4401 12
4402 12
4403 12
4404 9
4405 9
4406 8
4407 6
4408 5
4409 10
4410 8
4411 12
4412 5
4413 9
4414 3
4415 10
4416 10
4417 10
4418 8
4419 6
4420 6
4421 4
4422 6
4423 5
4424 7
4425 7
4426 8
4427 7
4428 8
4429 3
4430 5
4431 8
4432 9
4433 4
4434 8
4435 11
4436 8
4437 5
4438 10
4439 10
4440 6
4441 5
4442 6
4443 9
4444 6
4445 4
4446 8
4447 7
4448 14
4449 10
4450 8
4451 7
4452 7
4453 10
4454 7
4455 8
4456 9
4457 4
4458 4
4459 9
4460 10
4461 10
4462 8
4463 9
4464 8
4465 9
4466 7
4467 12
4468 14
4469 7
4470 8
4471 6
4472 7
4473 5
4474 12
4475 12
4476 7
4477 7
4478 11
4479 7
4480 9
4481 11
4482 11
4483 8
4484 5
4485 5
4486 9
4487 6
4488 10
4489 3
4490 5
4491 7
4492 5
4493 7
4494 7
4495 11
4496 13
4497 5
4498 9
4499 5
4500 9
4501 5
4502 9
4503 4
4504 5
4505 10
4506 5
4507 6
4508 11
4509 5
4510 10
4511 6
4512 5
4513 9
4514 5
4515 4
4516 4
4517 9
4518 11
4519 9
4520 8
4521 11
4522 5
4523 5
4524 10
4525 11
4526 6
4527 5
4528 7
4529 10
4530 7
4531 6
4532 7
4533 6
4534 5
4535 7
4536 8
4537 13
4538 8
4539 6
4540 17
4541 11
4542 12
4543 5
4544 6
4545 4
4546 11
4547 7
4548 11
4549 7
4550 10
4551 7
4552 6
4553 10
4554 7
4555 13
4556 4
4557 8
4558 8
4559 9
4560 9
4561 8
4562 5
4563 4
4564 4
4565 7
4566 8
4567 6
4568 11
4569 8
4570 6
4571 5
4572 7
4573 10
4574 7
4575 9
4576 5
4577 6
4578 4
4579 8
4580 9
4581 10
4582 7
4583 1
4584 8
4585 4
4586 5
4587 8
4588 5
4589 11
4590 10
4591 11
4592 5
4593 12
4594 6
4595 6
4596 3
4597 6
4598 7
4599 7
4600 7
4601 10
4602 6
4603 6
4604 1
4605 13
4606 6
4607 7
4608 10
4609 8
4610 6
4611 9
4612 8
4613 8
4614 5
4615 12
4616 8
4617 6
4618 7
4619 6
4620 9
4621 9
4622 6
4623 12
4624 7
4625 7
4627 11
4628 9
4629 5
4630 7
4631 12
4632 9
4633 7
4634 7
4635 5
4636 5
4637 8
4638 4
4639 4
4640 14
4641 10
4642 4
4643 10
4644 3
4645 3
4646 6
4647 11
4648 3
4649 18
4650 15
4651 5
4652 7
4653 10
4654 3
4655 8
4656 6
4657 9
4658 4
4659 9
4660 12
4661 5
4662 7
4663 9
4664 3
4665 5
4666 5
4667 7
4668 6
4669 8
4670 10
4671 7
4672 15
4673 4
4674 8
4675 7
4676 9
4677 4
4678 6
4679 4
4680 6
4681 8
4682 6
4683 7
4684 4
4685 8
4686 8
4687 8
4688 6
4689 9
4690 8
4691 1
4692 12
4693 4
4694 5
4695 6
4696 7
4697 9
4698 4
4699 8
4700 4
4701 8
4702 6
4703 7
4704 4
4705 10
4706 9
4707 8
4708 8
4709 8
4710 7
4711 4
4712 4
4713 8
4714 2
4715 5
4716 7
4717 9
4718 8
4719 8
4720 4
4721 6
4722 4
4723 8
4724 4
4725 10
4726 2
4727 4
4728 9
4729 8
4730 10
4731 7
4732 6
4733 9
4734 6
4735 6
4736 7
4737 5
4738 14
4739 5
4740 6
4741 9
4742 11
4743 5
4744 4
4745 9
4746 7
4747 10
4748 9
4749 7
4750 4
4751 7
4752 5
4753 9
4754 10
4755 5
4756 4
4757 4
4758 6
4759 9
4760 10
4761 7
4762 9
4763 4
4764 4
4765 13
4766 8
4767 6
4768 11
4769 7
4770 8
4771 4
4772 5
4773 9
4774 9
4775 10
4776 7
4777 5
4778 5
4779 9
4780 7
4781 12
4782 8
4783 8
4784 6
4785 4
4786 6
4787 7
4788 2
4789 6
4790 5
4791 6
4792 6
4793 6
4794 12
4795 6
4796 8
4797 2
4798 6
4799 5
4800 8
4801 8
4802 8
4803 8
4804 5
4805 11
4806 4
4807 7
4808 10
4809 10
4810 6
4811 3
4812 7
4813 4
4814 9
4815 7
4816 6
4817 5
4818 6
4819 6
4820 6
4821 6
4822 2
4823 4
4824 11
4825 8
4826 5
4827 11
4828 9
4829 4
4830 3
4831 8
4832 4
4833 6
4834 5
4835 7
4836 7
4837 3
4838 4
4839 10
4840 8
4841 3
4842 4
4843 6
4844 5
4845 6
4846 7
4847 5
4848 9
4849 5
4850 6
4851 7
4852 7
4853 5
4854 5
4855 6
4856 5
4857 4
4858 8
4859 5
4860 4
4861 10
4862 10
4863 7
4864 8
4865 8
4866 8
4867 7
4868 9
4869 7
4870 2
4871 6
4872 5
4873 7
4874 8
4875 5
4876 6
4877 5
4878 3
4879 6
4880 3
4881 5
4882 13
4883 10
4884 8
4885 4
4886 9
4887 3
4888 8
4889 3
4890 7
4891 3
4892 9
4893 6
4894 2
4895 8
4896 6
4897 8
4898 6
4899 11
4900 5
4901 4
4902 3
4903 9
4904 10
4905 4
4906 3
4907 7
4908 9
4909 7
4910 12
4911 10
4912 7
4913 5
4914 7
4915 5
4916 5
4917 8
4918 3
4919 7
4920 2
4921 10
4922 7
4923 5
4924 10
4925 5
4926 5
4927 5
4928 7
4929 4
4930 5
4931 10
4932 6
4933 10
4934 7
4935 6
4936 6
4937 8
4938 9
4939 6
4940 6
4941 4
4942 4
4943 4
4944 8
4945 6
4946 5
4947 7
4948 8
4949 8
4950 8
4951 10
4952 7
4953 6
4954 6
4955 6
4956 7
4957 7
4958 4
4959 9
4960 6
4961 13
4962 12
4963 7
4964 7
4965 10
4966 3
4967 4
4968 7
4969 3
4970 4
4971 8
4972 5
4973 7
4974 5
4975 5
4976 12
4977 6
4978 11
4979 4
4980 4
4981 8
4982 10
4983 9
4984 8
4985 5
4986 6
4987 8
4988 3
4989 9
4990 8
4991 7
4992 5
4993 6
4994 2
4995 7
4996 6
4997 5
4998 6
4999 1
5000 3
5001 9
5002 4
5003 5
5004 10
5005 8
5006 1
5007 7
5008 5
5009 6
5010 8
5011 5
5012 4
5013 4
5014 5
5015 4
5016 6
5017 8
5018 5
5019 4
5020 6
5021 10
5022 1
5023 8
5024 9
5025 8
5026 4
5027 10
5028 4
5029 9
5030 10
5031 2
5032 10
5033 5
5034 5
5035 2
5036 4
5037 5
5038 10
5039 3
5040 5
5041 9
5042 7
5043 8
5044 6
5045 6
5046 6
5047 7
5048 9
5049 12
5050 7
5051 3
5052 7
5053 7
5054 7
5055 3
5056 4
5057 7
5058 4
5059 7
5060 7
5061 6
5062 9
5063 8
5064 5
5065 9
5066 7
5067 7
5068 4
5069 4
5070 5
5071 3
5072 5
5073 9
5074 3
5075 6
5076 6
5077 6
5078 7
5079 8
5080 6
5081 8
5082 8
5083 5
5084 7
5085 6
5086 6
5087 4
5088 5
5089 10
5090 8
5091 7
5092 5
5093 5
5094 6
5095 3
5096 10
5097 5
5098 6
5099 3
5100 2
5101 6
5102 7
5103 11
5104 9
5105 2
5106 6
5107 4
5108 10
5109 6
5110 8
5111 7
5112 5
5113 7
5114 7
5115 5
5116 6
5117 5
5118 5
5119 9
5120 4
5121 5
5122 8
5123 5
5124 8
5125 4
5126 8
5127 6
5128 11
5129 6
5130 5
5131 7
5132 4
5133 5
5134 5
5135 9
5136 7
5137 6
5138 10
5139 6
5140 3
5141 8
5142 2
5143 3
5144 6
5145 3
5146 3
5147 6
5148 6
5149 10
5150 12
5151 4
5152 7
5153 8
5154 4
5155 6
5156 9
5157 3
5158 9
5159 6
5160 9
5161 7
5162 1
5163 9
5164 4
5165 5
5166 11
5167 3
5168 6
5169 5
5170 7
5171 8
5172 9
5173 6
5174 3
5175 1
5176 5
5177 7
5178 7
5179 2
5180 5
5181 4
5182 6
5183 7
5184 8
5185 6
5186 11
5187 13
5188 7
5189 5
5190 4
5191 3
5192 4
5193 4
5194 3
5195 3
5196 5
5197 11
5198 9
5199 7
5200 4
5201 7
5202 4
5203 6
5204 3
5205 4
5206 7
5207 12
5208 6
5209 7
5210 4
5211 9
5212 4
5213 2
5214 6
5215 6
5216 7
5217 7
5218 5
5219 8
5220 7
5221 5
5222 8
5223 2
5224 3
5225 10
5226 4
5227 6
5228 4
5229 8
5230 4
5231 5
5232 1
5233 9
5234 3
5235 7
5236 7
5237 3
5238 8
5239 5
5240 3
5241 8
5242 4
5243 7
5244 9
5245 11
5246 5
5247 4
5248 8
5249 5
5250 2
5251 6
5252 4
5253 4
5254 10
5255 4
5256 5
5257 8
5258 6
5259 5
5260 8
5261 6
5262 6
5263 1
5264 6
5265 5
5266 3
5267 4
5268 2
5269 3
5270 5
5271 6
5272 4
5273 6
5274 11
5275 4
5276 4
5277 2
5278 6
5279 10
5280 6
5281 5
5282 5
5283 7
5284 3
5285 8
5286 7
5287 5
5288 5
5289 6
5290 6
5291 4
5292 7
5293 9
5294 4
5295 3
5296 11
5297 6
5298 5
5299 9
5300 5
5301 8
5302 5
5303 3
5304 1
5305 4
5306 12
5307 4
5308 3
5309 9
5310 6
5311 9
5312 5
5313 6
5314 9
5315 9
5316 2
5317 11
5318 7
5319 12
5320 5
5321 6
5322 6
5323 5
5324 5
5325 6
5326 7
5327 10
5328 2
5329 8
5330 4
5331 9
5332 6
5333 4
5334 3
5335 5
5336 5
5337 1
5338 8
5339 7
5340 9
5341 8
5342 12
5343 9
5344 3
5345 4
5346 6
5347 4
5348 4
5349 8
5350 3
5351 6
5352 11
5353 3
5354 1
5355 5
5356 4
5357 6
5358 3
5359 7
5360 7
5361 3
5362 6
5363 5
5364 6
5365 6
5366 5
5367 4
5368 9
5369 6
5370 8
5371 4
5372 6
5373 3
5374 5
5375 7
5376 3
5378 4
5379 3
5380 8
5381 5
5382 4
5383 6
5384 6
5385 12
5386 3
5387 6
5388 2
5389 4
5390 8
5391 6
5392 4
5393 3
5394 4
5395 5
5396 3
5397 3
5398 4
5399 5
5400 10
5401 8
5402 2
5403 7
5404 5
5405 5
5406 4
5407 9
5408 2
5409 5
5410 2
5411 5
5412 5
5413 8
5414 7
5415 4
5416 8
5417 5
5418 10
5419 7
5420 7
5421 6
5422 6
5423 9
5424 6
5425 3
5426 5
5427 8
5428 5
5429 2
5430 5
5431 1
5432 3
5433 5
5434 2
5435 6
5436 5
5437 3
5438 7
5439 6
5440 6
5441 1
5442 9
5443 8
5444 5
5445 4
5446 6
5447 6
5448 7
5449 7
5450 3
5451 4
5452 5
5453 9
5454 7
5455 3
5456 8
5457 6
5458 5
5459 4
5460 4
5461 8
5462 2
5463 1
5464 6
5465 10
5466 5
5467 4
5468 7
5469 4
5470 5
5471 5
5472 3
5473 5
5474 4
5475 5
5476 7
5477 2
5478 1
5479 9
5480 5
5481 3
5482 5
5483 5
5484 5
5485 4
5486 4
5487 1
5488 4
5489 7
5490 2
5491 9
5492 2
5493 1
5494 5
5495 3
5496 6
5497 5
5498 11
5499 3
5500 3
5501 8
5502 9
5503 9
5504 4
5505 4
5506 4
5507 5
5508 9
5509 5
5510 2
5511 4
5512 4
5513 6
5514 4
5515 3
5516 4
5517 4
5518 5
5519 11
5520 6
5521 5
5522 3
5523 1
5524 4
5525 2
5526 13
5527 7
5528 3
5529 3
5530 5
5531 6
5532 9
5533 5
5534 6
5535 4
5536 6
5537 5
5538 1
5539 3
5540 7
5541 7
5542 9
5543 4
5544 6
5545 9
5546 4
5547 7
5548 5
5549 2
5550 3
5551 7
5552 2
5553 7
5554 4
5555 5
5556 6
5557 7
5558 6
5559 3
5560 8
5561 7
5562 8
5563 3
5564 4
5565 8
5566 5
5567 6
5568 4
5569 2
5570 5
5571 3
5572 2
5573 3
5574 3
5575 2
5576 7
5577 5
5578 4
5579 5
5580 4
5581 4
5582 6
5583 8
5584 5
5585 2
5586 4
5587 9
5588 6
5589 6
5590 3
5591 10
5592 4
5593 4
5594 2
5595 6
5596 7
5597 8
5598 3
5599 4
5600 5
5601 4
5602 9
5603 11
5604 8
5605 7
5606 7
5607 7
5608 3
5609 4
5610 5
5611 7
5612 4
5613 5
5614 3
5615 7
5616 11
5617 6
5618 7
5619 5
5620 4
5621 7
5622 3
5623 3
5624 7
5625 9
5626 8
5627 6
5628 4
5629 1
5630 8
5631 3
5632 2
5633 4
5634 5
5635 7
5636 4
5637 6
5638 5
5639 1
5640 3
5641 3
5642 8
5643 6
5644 2
5645 8
5646 6
5647 6
5648 7
5649 4
5650 2
5651 6
5652 3
5653 5
5654 1
5655 3
5656 4
5657 8
5658 1
5659 3
5660 5
5661 6
5662 4
5663 2
5664 7
5665 2
5666 3
5667 2
5668 2
5669 6
5670 7
5671 5
5672 3
5673 3
5674 3
5675 11
5676 6
5677 5
5678 4
5679 6
5680 3
5681 7
5682 1
5683 9
5684 1
5685 4
5686 4
5687 7
5688 3
5689 5
5690 4
5691 5
5692 2
5693 1
5694 2
5695 6
5696 2
5697 5
5698 4
5699 7
5700 5
5701 2
5702 8
5703 5
5704 5
5705 3
5706 5
5707 3
5708 5
5709 6
5711 7
5712 4
5713 4
5714 3
5715 4
5716 5
5717 2
5718 4
5719 5
5720 7
5721 4
5722 8
5723 6
5724 5
5725 3
5726 6
5727 7
5728 5
5729 4
5730 3
5731 8
5732 3
5733 7
5734 7
5735 5
5736 4
5737 3
5738 6
5739 3
5740 4
5741 7
5742 3
5743 2
5744 5
5745 7
5746 2
5747 1
5748 8
5749 6
5750 4
5751 6
5752 6
5753 5
5754 3
5755 7
5756 8
5757 2
5758 5
5759 5
5760 7
5761 2
5762 3
5763 6
5764 4
5765 4
5766 5
5767 2
5768 4
5769 4
5770 10
5771 4
5772 6
5773 2
5774 8
5775 4
5776 4
5777 9
5778 8
5780 4
5781 2
5782 4
5783 1
5784 4
5785 5
5786 6
5787 6
5788 2
5789 5
5790 6
5791 5
5792 4
5793 6
5794 12
5795 3
5796 6
5797 3
5798 7
5799 4
5800 8
5801 7
5802 6
5803 4
5804 5
5805 6
5806 8
5807 5
5808 1
5809 6
5810 8
5811 11
5812 5
5813 3
5814 5
5815 3
5816 4
5817 5
5818 5
5819 5
5820 4
5821 6
5822 5
5823 3
5824 3
5825 6
5826 5
5827 5
5828 6
5829 2
5830 4
5831 5
5832 4
5833 5
5834 7
5835 5
5836 5
5837 5
5838 6
5839 3
5840 5
5841 4
5842 2
5843 3
5844 3
5845 5
5846 1
5847 6
5848 3
5849 6
5850 1
5851 6
5852 5
5853 3
5854 4
5855 7
5856 5
5857 6
5858 7
5859 6
5860 2
5861 4
5862 3
5863 6
5864 6
5865 3
5866 4
5867 3
5868 3
5869 3
5870 7
5871 6
5872 9
5873 7
5874 4
5875 2
5876 3
5877 3
5878 7
5879 7
5880 7
5881 7
5882 1
5884 4
5885 1
5886 4
5887 6
5888 4
5889 8
5890 3
5891 1
5892 8
5893 3
5894 2
5895 1
5896 3
5897 5
5898 2
5899 3
5900 5
5901 5
5902 4
5903 6
5904 3
5905 4
5906 2
5907 3
5908 3
5909 7
5910 5
5911 4
5912 2
5913 6
5914 7
5915 8
5917 6
5918 6
5919 2
5920 6
5921 2
5923 8
5924 7
5925 5
5926 5
5927 7
5928 2
5929 4
5930 2
5931 1
5932 4
5933 7
5934 4
5935 5
5936 4
5937 4
5938 7
5939 1
5940 3
5941 1
5942 6
5943 4
5944 2
5945 4
5946 5
5947 2
5948 4
5949 6
5950 6
5951 4
5952 7
5953 5
5954 5
5955 8
5956 3
5957 2
5958 3
5959 3
5960 3
5961 3
5962 3
5963 4
5964 6
5965 4
5966 6
5967 3
5968 2
5969 1
5970 3
5971 5
5972 5
5973 2
5974 3
5975 2
5976 4
5977 7
5978 1
5979 1
5980 5
5981 4
5982 3
5983 5
5984 2
5985 4
5986 5
5987 3
5988 1
5989 5
5990 2
5991 5
5992 1
5993 2
5994 3
5995 3
5996 3
5997 3
5998 1
5999 6
6000 6
6001 6
6002 4
6003 3
6004 4
6005 4
6006 2
6007 1
6008 4
6009 4
6010 3
6011 5
6012 5
6013 7
6014 5
6015 2
6016 6
6017 5
6018 3
6019 8
6020 5
6021 3
6022 5
6023 2
6024 7
6025 2
6026 2
6027 6
6028 2
6029 2
6030 4
6031 4
6032 2
6033 3
6034 3
6035 7
6036 3
6037 10
6038 3
6039 3
6040 4
6041 3
6042 3
6043 5
6044 2
6045 2
6046 7
6047 4
6048 4
6049 4
6050 2
6051 3
6052 2
6053 4
6054 6
6055 4
6056 6
6057 1
6058 7
6059 5
6060 7
6061 2
6062 5
6063 6
6064 3
6065 7
6066 5
6067 5
6068 2
6069 5
6070 7
6071 4
6072 3
6073 5
6074 4
6075 5
6076 2
6077 4
6078 3
6079 5
6080 2
6081 2
6082 5
6083 5
6084 3
6085 3
6086 4
6087 4
6088 9
6089 1
6090 2
6091 3
6092 2
6093 7
6094 6
6095 5
6096 1
6097 4
6098 8
6099 8
6100 4
6101 5
6102 6
6103 6
6104 4
6105 9
6106 3
6107 2
6108 3
6109 5
6110 5
6111 4
6112 3
6113 2
6114 2
6115 7
6116 4
6117 5
6118 9
6119 2
6120 5
6121 4
6122 2
6123 3
6124 1
6125 5
6126 4
6127 1
6128 1
6129 5
6130 6
6131 2
6132 1
6133 7
6134 2
6135 6
6136 2
6137 8
6138 2
6139 4
6140 4
6141 2
6142 4
6143 8
6144 5
6145 6
6146 2
6147 6
6148 6
6149 3
6150 6
6151 2
6152 1
6153 2
6154 5
6155 5
6156 5
6157 4
6158 6
6159 7
6160 4
6161 2
6162 4
6163 2
6164 5
6165 4
6166 5
6167 3
6168 4
6169 2
6170 3
6171 4
6172 4
6173 2
6174 4
6175 1
6176 4
6177 3
6178 4
6179 2
6180 4
6181 2
6182 5
6183 8
6184 4
6185 6
6186 1
6187 3
6188 7
6189 4
6190 2
6191 5
6192 1
6193 2
6194 12
6195 4
6196 4
6197 2
6198 4
6199 4
6200 3
6201 5
6202 7
6203 2
6204 5
6205 2
6206 2
6207 4
6208 3
6209 2
6210 4
6211 5
6212 2
6213 4
6214 4
6215 1
6216 7
6217 3
6218 1
6219 2
6220 1
6221 2
6222 1
6223 6
6224 1
6225 5
6226 1
6227 6
6228 6
6229 1
6230 2
6231 3
6232 3
6233 4
6234 6
6235 5
6236 3
6237 3
6238 5
6239 4
6240 3
6241 4
6242 3
6243 3
6245 5
6246 4
6247 4
6248 4
6249 2
6250 6
6251 6
6252 2
6253 3
6254 3
6255 1
6256 6
6257 5
6258 3
6259 2
6260 3
6261 6
6262 4
6263 4
6264 4
6265 2
6266 2
6267 8
6268 3
6269 3
6270 3
6271 3
6272 1
6273 3
6274 5
6275 3
6276 3
6277 2
6278 6
6279 3
6280 5
6281 3
6282 3
6284 2
6285 5
6286 9
6287 2
6288 7
6289 2
6290 6
6291 4
6292 2
6293 6
6294 1
6295 4
6296 1
6297 7
6298 2
6299 4
6300 5
6301 6
6302 7
6303 3
6304 2
6305 2
6306 5
6307 1
6308 5
6309 5
6310 4
6311 5
6312 3
6313 5
6314 4
6315 4
6316 2
6317 4
6319 6
6320 6
6321 2
6322 4
6323 4
6324 4
6325 2
6326 2
6327 4
6328 5
6329 3
6331 3
6332 8
6333 4
6334 4
6335 2
6336 2
6337 4
6338 3
6339 1
6340 4
6341 5
6342 4
6343 3
6344 4
6345 2
6346 3
6347 4
6349 3
6350 7
6351 4
6352 3
6353 4
6354 4
6355 6
6356 1
6357 7
6358 5
6359 5
6360 4
6361 6
6362 3
6363 4
6364 5
6365 1
6366 3
6367 3
6370 2
6371 6
6372 1
6373 3
6374 3
6375 6
6376 4
6377 2
6378 3
6379 1
6380 3
6381 4
6382 4
6383 3
6384 4
6385 1
6386 3
6387 2
6388 2
6389 5
6390 6
6391 4
6392 3
6393 5
6394 2
6395 4
6396 1
6397 3
6398 1
6399 5
6400 2
6401 7
6402 3
6403 3
6404 2
6405 4
6406 5
6407 5
6408 3
6409 1
6410 3
6411 5
6412 5
6413 5
6414 6
6415 4
6416 2
6417 4
6418 3
6419 3
6420 6
6421 5
6422 2
6423 3
6424 4
6425 6
6426 1
6427 3
6428 3
6429 1
6430 3
6431 6
6432 2
6433 2
6434 8
6435 5
6437 3
6438 5
6439 3
6440 3
6441 2
6442 5
6443 1
6444 2
6445 2
6446 2
6447 5
6448 3
6449 3
6450 2
6451 3
6452 1
6453 4
6454 3
6455 6
6456 3
6457 8
6458 4
6459 7
6460 6
6461 2
6462 4
6463 3
6464 3
6465 2
6466 1
6467 6
6468 5
6469 4
6470 5
6471 2
6472 6
6473 6
6474 7
6475 5
6476 2
6477 2
6478 7
6479 5
6480 2
6481 2
6482 2
6483 2
6484 1
6485 5
6486 5
6487 4
6488 3
6489 4
6490 3
6491 1
6492 5
6493 3
6494 2
6495 3
6496 2
6497 1
6498 1
6500 5
6501 4
6502 7
6503 4
6504 2
6505 6
6506 2
6507 2
6508 5
6509 2
6510 6
6511 1
6512 2
6513 2
6514 4
6515 4
6516 1
6517 4
6518 4
6519 2
6520 3
6521 3
6523 3
6524 1
6525 6
6526 3
6527 3
6528 4
6529 8
6530 5
6531 2
6532 4
6533 4
6534 3
6535 4
6536 3
6537 4
6538 2
6539 2
6540 2
6541 2
6542 5
6543 1
6544 1
6545 4
6546 2
6547 3
6548 9
6549 1
6550 4
6551 2
6552 3
6553 4
6554 4
6555 2
6557 5
6558 4
6559 3
6560 3
6561 3
6562 2
6563 5
6564 1
6565 1
6566 5
6567 4
6568 3
6569 3
6570 2
6571 6
6572 1
6573 4
6574 2
6575 2
6576 3
6577 6
6578 1
6579 1
6581 2
6582 5
6583 2
6584 3
6585 4
6586 1
6587 6
6588 2
6589 4
6590 4
6592 7
6593 2
6594 7
6595 2
6596 2
6597 5
6598 2
6599 3
6600 3
6601 3
6602 5
6603 3
6604 4
6605 2
6606 2
6607 4
6608 1
6609 1
6610 3
6611 2
6613 4
6614 1
6615 5
6616 3
6617 1
6618 1
6619 3
6620 4
6621 1
6622 3
6623 3
6624 3
6625 4
6626 2
6627 3
6628 1
6629 1
6631 5
6632 5
6633 4
6634 4
6635 3
6636 6
6637 2
6638 3
6639 5
6640 2
6641 3
6642 4
6643 1
6644 2
6645 4
6647 3
6648 3
6649 3
6650 2
6651 2
6652 1
6653 2
6654 3
6655 2
6656 6
6657 4
6658 4
6659 5
6660 3
6661 6
6662 1
6663 2
6665 2
6667 4
6668 3
6669 4
6670 2
6671 2
6672 3
6673 3
6674 2
6675 4
6676 1
6677 4
6678 3
6679 2
6680 1
6681 4
6682 2
6683 4
6684 3
6685 4
6686 2
6687 1
6688 3
6689 2
6690 2
6691 3
6692 7
6693 2
6694 3
6695 2
6696 2
6697 4
6698 2
6699 2
6700 2
6701 1
6702 2
6703 3
6704 4
6705 2
6706 5
6707 1
6708 1
6709 4
6710 2
6711 3
6712 2
6713 2
6714 1
6715 3
6716 1
6717 3
6718 3
6719 5
6720 3
6721 4
6722 2
6723 3
6724 1
6725 3
6726 8
6727 6
6728 5
6729 3
6730 5
6731 1
6732 4
6733 3
6734 1
6735 4
6736 3
6737 4
6738 7
6739 3
6740 3
6741 1
6742 2
6743 3
6744 5
6745 1
6746 3
6747 1
6748 3
6749 4
6751 3
6752 3
6753 3
6754 5
6755 1
6756 3
6758 8
6759 2
6760 2
6761 3
6763 3
6764 5
6765 3
6766 4
6767 2
6768 3
6769 4
6770 4
6771 5
6772 4
6773 1
6774 4
6775 1
6776 5
6777 1
6778 3
6779 2
6780 2
6781 2
6782 1
6783 2
6784 3
6785 2
6786 5
6787 2
6788 2
6789 4
6790 1
6791 1
6792 4
6793 2
6794 3
6795 2
6796 1
6797 4
6798 4
6799 2
6800 2
6801 2
6802 3
6803 1
6804 1
6805 1
6806 2
6807 5
6808 1
6809 1
6810 3
6811 1
6812 2
6813 2
6814 7
6815 3
6816 2
6817 4
6818 2
6819 3
6820 6
6821 3
6822 3
6823 4
6824 4
6826 3
6827 4
6828 3
6829 2
6830 6
6832 5
6833 4
6834 5
6837 3
6838 1
6839 2
6840 2
6841 3
6842 5
6843 4
6844 3
6845 3
6846 1
6847 2
6848 4
6849 2
6850 2
6851 2
6852 7
6854 1
6855 5
6857 5
6858 6
6859 7
6860 2
6861 5
6862 3
6863 5
6864 1
6865 2
6866 3
6867 1
6868 1
6869 1
6870 4
6871 3
6872 2
6873 2
6874 3
6875 1
6876 5
6877 1
6878 5
6879 4
6880 4
6881 3
6882 4
6883 4
6884 2
6885 4
6886 4
6887 5
6888 2
6889 3
6890 7
6891 5
6892 2
6893 2
6894 1
6895 1
6897 2
6898 3
6899 2
6900 5
6901 4
6902 5
6903 3
6904 1
6905 1
6906 1
6907 1
6908 3
6909 4
6910 1
6911 2
6912 2
6913 3
6914 2
6915 3
6916 3
6917 4
6918 2
6920 1
6922 2
6924 2
6925 3
6926 2
6927 2
6928 3
6929 1
6930 2
6932 9
6933 2
6934 5
6935 3
6936 1
6937 2
6938 3
6940 3
6941 3
6942 1
6943 2
6944 6
6945 1
6946 2
6947 1
6948 3
6949 4
6950 4
6951 2
6952 4
6954 5
6955 1
6956 4
6957 6
6959 3
6960 2
6961 4
6963 4
6964 5
6965 5
6966 2
6967 2
6968 2
6969 4
6970 1
6971 2
6972 5
6973 2
6974 3
6975 5
6976 3
6977 1
6978 5
6979 4
6980 2
6981 2
6982 6
6983 1
6985 5
6986 1
6987 3
6988 1
6989 4
6990 4
6991 2
6992 2
6993 1
6994 4
6995 1
6996 1
6998 1
6999 6
7000 1
7001 2
7002 3
7003 1
7004 3
7005 3
7006 2
7007 3
7008 1
7009 2
7010 4
7011 4
7012 5
7013 4
7014 1
7015 3
7016 1
7017 2
7018 4
7019 5
7020 3
7021 3
7022 5
7023 1
7025 3
7026 2
7027 4
7029 1
7030 1
7031 4
7032 4
7033 2
7034 2
7035 3
7036 2
7037 2
7038 3
7039 3
7040 4
7041 1
7042 3
7043 4
7044 2
7045 1
7046 2
7047 2
7048 1
7049 2
7050 3
7051 3
7052 3
7053 3
7054 6
7055 2
7056 1
7057 3
7058 6
7059 5
7060 3
7061 2
7062 2
7063 2
7064 3
7065 5
7066 4
7067 1
7068 4
7069 1
7070 3
7072 2
7073 3
7074 1
7075 2
7076 3
7077 3
7078 4
7079 2
7080 4
7081 5
7082 2
7083 5
7084 2
7085 1
7086 1
7087 6
7088 4
7089 5
7090 3
7091 6
7092 3
7093 1
7094 3
7095 5
7096 1
7097 3
7098 1
7099 3
7100 1
7101 1
7102 2
7103 4
7104 3
7105 6
7106 1
7107 1
7108 2
7109 4
7110 3
7111 4
7112 5
7113 7
7114 3
7115 4
7116 5
7117 1
7118 3
7119 1
7120 2
7122 2
7123 2
7124 3
7125 3
7126 2
7127 2
7128 3
7129 1
7131 2
7132 2
7133 2
7134 4
7135 3
7136 1
7138 2
7140 5
7141 1
7143 2
7144 6
7145 2
7146 3
7147 4
7148 2
7150 1
7151 1
7152 2
7153 1
7154 1
7155 4
7156 5
7157 3
7158 6
7159 2
7160 3
7161 2
7162 2
7163 2
7164 3
7165 1
7167 6
7168 4
7169 1
7170 3
7171 2
7173 3
7174 3
7175 3
7176 3
7177 2
7178 1
7179 2
7180 3
7181 2
7182 1
7183 2
7186 1
7187 3
7189 2
7190 4
7191 2
7192 2
7193 3
7194 4
7195 4
7196 3
7197 3
7198 1
7199 1
7200 3
7201 1
7202 1
7204 3
7205 1
7206 3
7207 2
7208 3
7209 2
7210 2
7211 4
7212 1
7213 2
7214 1
7215 3
7216 2
7217 2
7218 1
7219 1
7220 3
7221 1
7222 3
7223 1
7224 4
7225 1
7226 2
7227 5
7228 1
7229 7
7230 4
7231 4
7232 5
7233 1
7234 2
7235 1
7236 2
7238 4
7239 1
7240 2
7241 4
7243 4
7244 1
7246 2
7247 3
7248 2
7249 2
7251 3
7252 4
7253 3
7254 4
7255 4
7256 2
7257 1
7258 6
7259 1
7260 3
7261 5
7262 3
7263 5
7264 2
7265 2
7266 4
7267 2
7268 2
7269 2
7270 3
7271 2
7272 1
7273 4
7274 3
7275 5
7276 4
7277 3
7278 3
7279 1
7281 3
7282 2
7283 1
7284 6
7285 3
7286 1
7287 3
7288 5
7289 4
7290 1
7291 3
7293 3
7294 3
7295 2
7296 2
7297 1
7298 2
7299 3
7300 4
7301 3
7302 1
7303 3
7304 1
7305 1
7306 2
7307 1
7308 2
7310 3
7311 5
7312 5
7313 2
7316 1
7317 4
7318 4
7319 4
7320 1
7321 1
7322 3
7323 4
7324 3
7325 1
7326 2
7327 5
7328 4
7329 3
7330 6
7331 3
7332 1
7333 4
7334 4
7335 4
7336 4
7337 4
7338 2
7339 2
7340 2
7341 2
7342 6
7343 4
7344 1
7345 1
7346 4
7347 2
7349 4
7350 2
7351 3
7352 2
7353 3
7354 1
7355 4
7356 3
7358 2
7359 2
7360 5
7361 2
7362 2
7363 2
7364 1
7365 6
7366 3
7367 2
7368 4
7369 3
7370 1
7371 5
7372 1
7373 2
7374 2
7375 3
7376 3
7378 4
7380 2
7381 2
7382 1
7383 3
7384 2
7385 1
7387 5
7388 1
7389 3
7390 1
7391 3
7392 3
7393 1
7395 1
7396 2
7398 5
7399 2
7400 3
7401 2
7402 2
7403 2
7404 2
7405 1
7406 2
7408 1
7409 5
7411 4
7412 3
7413 1
7414 1
7415 1
7416 2
7417 5
7418 2
7419 2
7420 3
7422 5
7424 4
7425 3
7426 2
7427 1
7428 2
7429 2
7430 4
7431 4
7432 1
7433 7
7434 1
7435 5
7436 3
7437 3
7438 2
7439 2
7440 1
7441 6
7442 2
7443 2
7444 4
7445 3
7446 3
7447 1
7448 5
7449 4
7451 2
7452 3
7453 2
7454 2
7455 2
7456 3
7457 3
7458 3
7459 1
7460 1
7461 2
7462 3
7464 1
7465 3
7466 1
7467 3
7468 2
7469 2
7471 1
7472 2
7473 4
7474 1
7477 1
7478 1
7479 1
7480 3
7481 3
7482 4
7483 3
7484 4
7485 2
7486 3
7488 1
7489 1
7490 3
7491 2
7492 5
7494 8
7495 2
7497 3
7498 2
7499 2
7500 2
7501 1
7502 2
7503 2
7504 2
7505 2
7507 2
7508 2
7509 5
7510 2
7511 1
7512 4
7513 4
7514 3
7515 2
7516 3
7517 2
7518 1
7519 4
7520 2
7521 4
7523 2
7525 2
7526 1
7527 1
7528 4
7529 2
7530 2
7531 2
7532 1
7533 2
7534 1
7535 2
7536 1
7537 2
7538 3
7539 1
7540 3
7541 2
7542 2
7543 2
7544 1
7545 6
7546 2
7547 4
7548 1
7549 4
7550 1
7552 3
7553 3
7554 3
7556 2
7557 2
7558 2
7559 6
7560 4
7561 1
7562 1
7563 3
7564 2
7565 2
7566 1
7567 4
7568 2
7569 1
7570 1
7572 2
7573 1
7575 3
7576 4
7577 1
7578 4
7579 3
7580 1
7581 5
7582 4
7583 2
7584 3
7587 2
7588 1
7589 1
7590 5
7591 1
7594 1
7595 2
7596 1
7597 2
7598 2
7599 1
7600 2
7601 3
7602 1
7603 2
7604 3
7605 6
7606 3
7607 3
7608 1
7609 3
7610 3
7612 2
7613 3
7614 2
7615 2
7616 2
7617 2
7618 1
7620 3
7621 1
7622 1
7623 1
7624 1
7625 3
7626 2
7627 1
7628 2
7629 3
7630 2
7631 2
7632 4
7634 1
7636 3
7637 2
7638 2
7640 2
7641 1
7644 3
7645 3
7646 3
7647 4
7649 2
7650 5
7651 2
7652 4
7653 1
7654 1
7655 3
7656 2
7657 2
7659 2
7660 5
7661 1
7662 2
7663 2
7664 1
7666 2
7667 1
7669 1
7670 2
7671 2
7673 3
7676 1
7677 3
7678 2
7679 4
7681 1
7682 1
7683 2
7684 3
7685 2
7686 4
7687 1
7688 2
7689 3
7690 1
7692 3
7693 2
7694 6
7695 8
7696 5
7697 4
7698 1
7699 5
7701 1
7702 5
7703 1
7704 4
7705 6
7706 1
7707 1
7709 6
7710 2
7711 2
7713 3
7714 5
7716 1
7717 2
7718 1
7719 1
7720 3
7721 3
7723 1
7725 1
7726 2
7727 2
7729 3
7730 2
7731 2
7733 1
7734 2
7735 1
7736 1
7737 1
7738 1
7739 4
7740 2
7741 1
7742 2
7743 5
7744 1
7745 3
7746 1
7747 1
7748 1
7749 2
7750 2
7751 1
7752 1
7753 2
7754 4
7757 2
7758 2
7759 4
7760 3
7761 2
7762 1
7764 1
7765 3
7766 4
7767 1
7768 4
7769 2
7770 2
7771 1
7772 1
7774 3
7775 3
7776 3
7777 1
7778 2
7779 2
7780 5
7782 2
7783 2
7784 1
7785 2
7788 1
7789 1
7790 4
7792 1
7793 1
7794 4
7795 2
7796 1
7797 2
7798 1
7799 2
7800 3
7802 1
7803 3
7804 1
7805 2
7806 2
7807 1
7808 3
7809 1
7810 3
7811 2
7812 4
7813 1
7814 1
7815 1
7816 2
7817 2
7818 2
7819 2
7820 2
7821 2
7822 1
7823 3
7824 1
7825 3
7826 2
7827 1
7828 1
7829 1
7830 2
7831 1
7832 1
7833 5
7834 1
7836 2
7837 2
7838 1
7839 1
7840 2
7841 3
7842 3
7844 2
7845 3
7848 4
7850 2
7851 2
7852 8
7853 3
7854 2
7855 4
7859 3
7860 1
7861 1
7862 1
7863 1
7864 1
7865 1
7866 1
7868 1
7869 1
7873 1
7874 2
7875 1
7876 6
7877 2
7878 2
7879 2
7880 2
7881 1
7882 1
7883 1
7885 1
7886 2
7887 2
7888 2
7889 1
7890 1
7891 1
7892 1
7895 3
7896 3
7899 2
7901 4
7902 3
7903 2
7904 3
7905 2
7906 1
7907 5
7908 6
7909 6
7910 1
7911 2
7912 2
7913 1
7915 2
7916 1
7917 2
7919 2
7920 1
7921 1
7922 3
7923 1
7924 3
7925 2
7926 2
7927 2
7929 2
7931 3
7933 1
7934 1
7935 1
7936 1
7937 1
7938 2
7940 3
7941 2
7942 1
7944 1
7945 1
7946 2
7948 1
7949 4
7950 1
7951 2
7953 2
7955 3
7957 2
7958 4
7959 1
7960 2
7961 2
7963 2
7964 1
7965 1
7966 2
7967 3
7968 1
7969 6
7970 1
7971 2
7972 3
7973 1
7974 2
7975 2
7976 5
7977 1
7978 2
7979 3
7981 4
7982 2
7983 1
7984 3
7985 1
7986 4
7987 2
7989 2
7990 3
7991 2
7992 2
7993 2
7994 1
7995 2
7996 2
7997 2
7998 3
8000 3
8002 1
8004 2
8005 1
8006 3
8007 5
8009 3
8010 3
8011 1
8012 1
8013 1
8014 2
8015 2
8017 1
8018 1
8019 1
8020 2
8021 2
8024 7
8025 3
8026 3
8027 3
8028 1
8029 3
8032 3
8033 1
8034 2
8035 1
8036 1
8038 1
8040 4
8041 4
8042 4
8043 4
8044 2
8045 2
8047 1
8048 3
8049 2
8051 1
8052 1
8053 1
8054 1
8056 4
8057 2
8058 1
8059 3
8061 4
8062 2
8063 1
8064 2
8065 1
8066 2
8067 1
8068 1
8069 2
8070 3
8071 2
8072 1
8073 2
8074 3
8076 4
8077 5
8078 2
8079 1
8080 2
8081 2
8082 1
8083 1
8085 3
8086 1
8087 1
8088 2
8090 1
8091 1
8092 1
8093 2
8094 4
8095 3
8097 2
8098 4
8099 1
8100 1
8101 1
8102 2
8104 2
8105 1
8106 2
8107 3
8109 1
8110 5
8112 3
8113 2
8115 2
8117 5
8118 1
8120 2
8121 2
8123 1
8124 2
8125 1
8126 5
8127 2
8128 2
8129 2
8132 5
8133 2
8135 1
8137 2
8138 3
8140 1
8141 1
8142 2
8143 1
8146 3
8148 2
8149 2
8150 4
8151 1
8152 3
8153 2
8154 6
8155 2
8156 5
8157 2
8158 3
8159 1
8160 2
8161 1
8162 3
8163 3
8164 1
8166 2
8169 4
8172 3
8173 1
8174 2
8175 2
8176 3
8177 1
8178 2
8179 2
8180 2
8181 1
8182 2
8183 1
8184 1
8185 1
8189 1
8191 1
8192 1
8193 1
8194 1
8195 1
8197 1
8198 2
8200 1
8201 2
8202 1
8204 1
8205 1
8208 2
8209 3
8210 1
8211 1
8213 3
8214 1
8216 1
8218 2
8219 1
8222 3
8225 2
8226 2
8227 1
8228 1
8229 1
8231 2
8232 1
8235 2
8236 2
8237 2
8238 1
8239 1
8241 2
8243 5
8244 3
8245 1
8246 3
8247 1
8248 2
8249 2
8250 2
8251 2
8254 2
8255 1
8256 2
8257 1
8258 2
8260 2
8261 3
8262 1
8263 3
8264 2
8265 1
8266 3
8267 2
8269 2
8271 2
8272 1
8273 2
8274 1
8275 3
8276 3
8277 5
8278 1
8279 2
8280 1
8283 1
8285 3
8287 2
8288 1
8289 2
8290 2
8291 1
8292 2
8294 1
8295 1
8296 1
8297 2
8298 1
8299 2
8300 1
8301 1
8302 1
8304 3
8306 1
8307 2
8308 2
8309 3
8310 3
8311 1
8312 3
8313 1
8314 1
8315 1
8316 2
8317 2
8318 3
8319 2
8321 1
8323 2
8324 2
8325 3
8326 2
8327 2
8328 2
8329 1
8330 2
8331 2
8332 2
8333 3
8334 4
8335 1
8337 2
8338 2
8339 1
8340 3
8341 1
8343 1
8345 3
8346 1
8347 3
8348 2
8349 1
8350 1
8351 1
8352 3
8353 3
8355 3
8357 1
8360 1
8361 2
8362 3
8363 1
8364 2
8365 1
8366 1
8367 2
8368 1
8369 3
8370 2
8371 1
8372 2
8373 3
8374 1
8375 3
8376 3
8377 3
8378 2
8379 1
8380 3
8382 2
8384 1
8386 2
8388 2
8389 3
8391 4
8392 1
8394 1
8395 2
8396 4
8397 2
8398 3
8400 1
8401 1
8402 1
8403 1
8404 3
8405 2
8406 2
8407 3
8408 3
8409 1
8410 3
8413 3
8416 2
8417 1
8418 4
8419 1
8420 1
8421 1
8423 3
8424 1
8425 3
8427 1
8428 2
8429 1
8430 2
8431 1
8432 1
8433 3
8436 1
8438 1
8440 1
8441 2
8442 2
8443 1
8444 2
8445 1
8447 3
8449 2
8450 2
8451 2
8452 2
8454 1
8457 3
8460 1
8461 1
8462 3
8463 1
8464 2
8465 3
8467 2
8468 3
8469 1
8470 3
8472 1
8473 3
8474 1
8475 3
8476 3
8478 7
8479 1
8480 1
8482 1
8484 1
8485 3
8488 2
8489 1
8491 2
8492 3
8493 1
8495 2
8496 1
8497 1
8499 3
8500 3
8502 2
8504 2
8505 2
8506 4
8507 1
8510 1
8511 1
8512 1
8513 3
8515 2
8516 2
8518 2
8519 1
8520 1
8522 1
8523 3
8524 2
8525 4
8526 3
8527 1
8528 2
8529 2
8530 4
8531 2
8533 1
8534 3
8535 1
8536 2
8537 1
8538 1
8541 1
8542 2
8543 2
8544 3
8545 1
8546 1
8547 2
8548 3
8549 2
8550 2
8551 3
8552 1
8555 2
8556 3
8557 2
8558 3
8559 2
8560 1
8561 2
8562 1
8563 1
8564 3
8565 1
8566 2
8567 1
8568 3
8569 1
8570 1
8574 1
8575 2
8576 3
8578 1
8581 2
8582 1
8583 2
8585 1
8586 1
8587 1
8588 1
8589 1
8590 1
8591 2
8593 2
8594 1
8595 2
8597 2
8598 1
8599 1
8600 2
8602 2
8605 1
8606 2
8607 3
8608 2
8609 1
8610 1
8612 1
8613 2
8614 1
8615 3
8616 1
8618 2
8619 1
8620 2
8621 3
8624 1
8625 1
8627 2
8628 2
8629 1
8633 2
8634 1
8635 2
8636 1
8637 2
8638 2
8639 1
8640 1
8641 1
8642 2
8643 1
8645 5
8646 2
8647 2
8649 2
8650 1
8651 2
8652 1
8653 2
8657 4
8658 1
8660 2
8661 2
8662 3
8663 1
8664 1
8666 3
8667 1
8669 2
8671 1
8672 2
8674 1
8678 2
8679 2
8680 1
8681 1
8682 1
8683 3
8684 1
8685 1
8686 1
8687 2
8690 2
8691 2
8692 3
8693 1
8695 1
8698 1
8699 1
8700 1
8702 1
8704 4
8705 1
8706 1
8710 1
8711 2
8712 3
8713 1
8714 1
8716 2
8717 1
8718 1
8719 2
8721 1
8722 2
8724 1
8725 1
8727 1
8728 1
8729 4
8730 1
8731 1
8732 2
8733 2
8735 3
8736 1
8737 3
8738 2
8739 2
8740 3
8741 1
8742 2
8743 1
8746 5
8747 1
8748 1
8751 1
8752 2
8754 1
8756 1
8757 1
8758 1
8759 2
8760 2
8761 2
8762 1
8763 2
8764 2
8765 1
8766 1
8768 2
8769 3
8771 1
8773 2
8774 3
8777 1
8778 1
8779 3
8780 2
8781 2
8782 1
8783 1
8784 1
8785 2
8786 2
8787 4
8788 1
8789 1
8791 5
8793 1
8794 1
8798 5
8799 2
8800 4
8803 2
8804 1
8806 1
8813 2
8814 3
8815 1
8816 1
8817 2
8819 3
8820 2
8823 1
8824 2
8827 2
8828 2
8829 3
8830 1
8831 1
8834 3
8835 1
8837 1
8838 2
8841 3
8842 2
8843 1
8845 3
8846 2
8847 2
8848 2
8849 3
8850 2
8852 1
8853 2
8854 1
8855 3
8857 2
8858 1
8861 1
8862 1
8863 4
8866 1
8868 4
8870 1
8872 1
8873 1
8874 1
8875 1
8877 1
8878 2
8879 3
8885 2
8886 2
8887 1
8888 2
8890 3
8891 2
8892 1
8893 1
8895 2
8896 4
8897 1
8898 3
8899 1
8900 1
8901 1
8902 2
8903 2
8904 3
8906 1
8907 2
8908 1
8909 1
8910 2
8917 3
8918 2
8920 1
8921 2
8922 2
8924 1
8925 3
8926 2
8928 1
8929 3
8931 2
8932 1
8933 2
8936 3
8937 2
8939 4
8940 1
8942 1
8944 3
8945 1
8946 2
8948 1
8949 2
8950 1
8951 2
8953 2
8954 1
8955 1
8956 1
8957 2
8958 1
8959 2
8961 1
8962 1
8963 2
8966 1
8967 2
8968 1
8969 2
8970 1
8971 2
8974 3
8975 1
8979 1
8980 4
8981 4
8982 1
8983 4
8984 1
8985 2
8988 1
8989 4
8990 2
8992 2
8996 1
8997 2
8999 4
9001 2
9002 1
9003 1
9004 4
9006 1
9007 2
9008 3
9010 2
9011 2
9012 3
9013 1
9014 1
9015 3
9016 3
9017 2
9018 1
9021 1
9022 2
9023 2
9024 2
9025 1
9026 2
9028 3
9029 2
9031 4
9032 1
9033 1
9034 2
9036 1
9037 1
9038 1
9040 1
9041 1
9042 3
9043 1
9044 1
9046 1
9047 1
9048 1
9050 1
9051 1
9053 2
9054 1
9057 4
9058 1
9059 1
9060 3
9061 2
9062 2
9064 1
9065 1
9066 2
9067 1
9068 1
9069 3
9071 1
9074 1
9076 1
9077 2
9078 2
9079 2
9081 1
9083 2
9084 2
9085 1
9086 2
9087 4
9088 1
9089 2
9090 1
9093 1
9094 1
9095 4
9096 2
9098 1
9099 2
9100 1
9101 1
9102 2
9103 3
9104 1
9106 3
9107 1
9108 3
9110 3
9115 3
9116 1
9120 1
9121 1
9122 2
9123 1
9125 1
9127 3
9128 2
9129 1
9130 1
9131 3
9132 1
9133 2
9135 3
9136 2
9137 1
9138 1
9139 2
9142 4
9143 1
9145 2
9146 2
9148 2
9150 2
9152 3
9153 1
9154 3
9158 1
9159 2
9163 2
9164 1
9169 2
9170 2
9171 1
9172 1
9173 1
9176 1
9177 3
9178 1
9179 3
9181 1
9183 1
9184 1
9185 1
9187 2
9190 1
9191 2
9195 1
9197 1
9198 1
9199 3
9200 1
9205 1
9207 3
9208 3
9211 1
9212 1
9214 1
9216 1
9217 1
9218 2
9219 1
9221 3
9222 2
9223 1
9225 1
9227 1
9228 3
9230 1
9231 2
9232 1
9234 1
9236 1
9238 1
9241 2
9242 2
9243 2
9244 2
9245 1
9248 3
9249 1
9252 2
9253 2
9255 2
9257 1
9258 1
9260 1
9262 3
9263 1
9264 1
9266 1
9267 3
9269 2
9270 2
9273 1
9275 1
9278 2
9279 2
9280 1
9281 1
9282 1
9285 1
9288 2
9290 2
9291 2
9292 2
9295 2
9296 1
9297 2
9298 1
9299 3
9300 4
9301 1
9302 1
9304 2
9305 1
9307 3
9308 3
9309 1
9311 4
9312 1
9314 1
9315 1
9317 2
9319 1
9320 1
9322 3
9323 1
9324 2
9326 2
9327 3
9329 3
9330 1
9332 1
9334 4
9335 2
9336 1
9337 1
9338 1
9341 2
9343 1
9344 2
9345 1
9347 2
9350 1
9351 1
9352 2
9353 1
9356 1
9357 2
9358 3
9361 1
9364 2
9367 1
9369 2
9370 1
9371 1
9373 4
9374 2
9375 1
9378 2
9379 2
9380 1
9381 1
9382 1
9383 3
9385 1
9386 2
9387 1
9388 1
9389 1
9390 1
9391 1
9393 1
9395 2
9397 1
9399 1
9400 2
9401 2
9404 1
9405 1
9406 1
9407 2
9409 1
9411 1
9414 1
9415 1
9416 1
9417 3
9420 1
9421 1
9422 1
9425 1
9427 2
9428 2
9429 3
9430 2
9433 2
9434 1
9435 2
9436 1
9437 2
9438 4
9439 3
9442 1
9444 1
9446 1
9447 2
9450 1
9453 1
9454 1
9455 2
9456 2
9457 1
9458 1
9459 1
9460 1
9461 2
9464 1
9465 2
9468 1
9472 2
9473 3
9476 1
9479 1
9481 2
9483 1
9484 1
9485 1
9487 2
9488 1
9489 1
9490 1
9491 2
9492 1
9503 2
9504 3
9505 3
9506 2
9507 1
9510 1
9511 1
9512 2
9514 1
9515 1
9516 1
9519 2
9520 2
9521 2
9522 1
9523 2
9524 2
9526 1
9528 1
9529 1
9530 2
9531 1
9535 2
9537 1
9539 1
9540 4
9543 3
9544 1
9545 1
9546 1
9548 2
9549 2
9551 1
9552 2
9558 2
9559 2
9564 2
9566 2
9569 1
9570 1
9574 1
9576 1
9580 1
9581 1
9582 1
9583 3
9588 1
9589 1
9590 1
9591 1
9594 1
9598 1
9601 1
9602 3
9605 1
9606 2
9607 2
9610 1
9611 1
9616 1
9617 1
9618 1
9619 2
9620 2
9621 1
9625 1
9626 2
9627 2
9630 1
9632 1
9634 2
9635 1
9636 1
9643 1
9644 2
9647 2
9649 1
9650 1
9651 1
9652 1
9653 1
9655 1
9660 1
9664 1
9665 1
9666 1
9667 1
9669 2
9670 1
9671 2
9672 2
9674 1
9677 1
9681 1
9683 3
9684 1
9685 2
9686 1
9687 2
9689 2
9690 2
9692 1
9693 1
9694 2
9696 1
9698 2
9700 1
9702 1
9703 1
9704 1
9706 2
9709 1
9710 1
9712 2
9713 1
9714 1
9715 1
9719 1
9721 2
9723 1
9725 1
9727 1
9728 2
9729 1
9731 2
9734 2
9736 2
9738 1
9739 1
9740 1
9741 2
9743 1
9744 2
9745 1
9746 3
9747 2
9748 1
9751 2
9752 2
9753 1
9754 2
9755 1
9757 3
9760 1
9761 1
9763 1
9766 2
9767 3
9768 2
9770 1
9772 1
9774 2
9775 1
9776 2
9780 1
9781 1
9782 1
9783 1
9787 1
9788 1
9789 1
9790 3
9791 2
9792 1
9795 1
9796 1
9797 1
9799 3
9801 1
9802 1
9803 1
9804 1
9808 1
9809 1
9810 1
9811 1
9813 3
9814 2
9815 1
9821 1
9822 2
9823 1
9824 1
9825 1
9827 1
9832 3
9836 1
9837 2
9838 1
9839 2
9840 1
9843 1
9846 2
9847 1
9848 1
9850 2
9851 1
9855 1
9857 1
9858 1
9861 1
9865 1
9866 1
9872 3
9876 1
9879 1
9881 1
9883 2
9885 3
9887 2
9888 2
9889 1
9890 1
9891 1
9898 1
9901 1
9902 1
9904 3
9906 2
9907 1
9908 2
9910 1
9912 1
9915 2
9916 2
9917 3
9918 2
9921 1
9922 1
9923 1
9924 2
9926 2
9928 1
9929 1
9934 1
9941 1
9942 1
9944 2
9951 3
9952 2
9953 1
9954 2
9956 1
9961 1
9963 3
9971 1
9973 2
9974 1
9979 3
9980 2
9982 2
9984 1
9985 1
9987 1
9991 1
9994 1
9995 4
9997 1
9998 1
10000 1
10001 1
10003 1
10005 3
10007 1
10008 1
10009 1
10011 3
10014 4
10015 1
10016 1
10017 1
10019 1
10020 1
10022 2
10024 1
10025 1
10030 1
10034 1
10036 1
10037 1
10038 1
10040 1
10041 1
10042 1
10043 2
10045 1
10046 1
10047 2
10053 1
10055 1
10056 1
10059 2
10066 3
10067 1
10070 1
10072 3
10074 1
10075 1
10077 1
10081 2
10083 1
10084 2
10086 1
10088 1
10090 1
10092 3
10093 1
10094 1
10095 3
10096 1
10098 1
10100 2
10101 1
10103 1
10104 2
10108 1
10109 1
10113 2
10115 1
10116 1
10118 1
10119 2
10124 1
10125 3
10126 1
10128 1
10130 1
10132 2
10135 2
10136 1
10137 1
10139 2
10140 2
10143 1
10144 1
10145 2
10147 1
10148 1
10149 1
10151 2
10152 1
10153 1
10154 2
10155 2
10158 2
10160 2
10161 2
10163 1
10164 1
10165 1
10166 1
10167 2
10168 2
10171 1
10172 3
10173 1
10175 2
10176 2
10177 1
10180 2
10181 1
10182 1
10183 2
10185 2
10187 1
10192 1
10193 1
10194 1
10195 1
10198 1
10200 1
10201 1
10205 1
10206 4
10207 1
10210 1
10213 2
10214 1
10215 1
10218 1
10220 1
10222 1
10223 1
10226 2
10229 1
10230 1
10231 1
10232 3
10234 1
10235 1
10239 1
10241 1
10244 3
10245 1
10246 1
10247 1
10248 1
10249 1
10251 1
10252 1
10253 1
10255 1
10260 1
10263 2
10266 1
10268 1
10270 1
10273 1
10280 2
10286 1
10288 1
10289 2
10290 1
10291 2
10296 1
10299 1
10300 2
10303 1
10304 1
10306 3
10308 1
10315 1
10317 1
10320 2
10322 2
10323 2
10324 3
10326 1
10329 1
10330 2
10332 1
10334 1
10335 1
10336 1
10338 4
10343 1
10347 1
10348 3
10351 1
10353 1
10360 1
10361 2
10363 2
10368 1
10370 1
10373 1
10374 2
10377 1
10378 1
10379 1
10380 1
10384 1
10391 1
10393 3
10394 1
10397 1
10400 1
10401 1
10404 1
10405 1
10407 3
10408 1
10411 1
10414 1
10415 2
10417 2
10422 1
10423 2
10424 1
10425 1
10426 1
10428 2
10432 1
10435 1
10436 1
10442 2
10445 1
10447 1
10448 1
10452 2
10455 1
10457 2
10458 1
10461 2
10462 1
10464 2
10471 1
10475 4
10479 1
10480 1
10481 2
10485 1
10488 1
10489 1
10491 1
10493 1
10495 1
10496 1
10498 2
10499 2
10504 1
10505 1
10506 1
10507 1
10508 1
10510 1
10512 1
10514 2
10515 1
10518 2
10519 1
10521 1
10526 1
10527 2
10528 1
10530 1
10532 2
10537 1
10539 2
10541 1
10545 1
10546 1
10547 1
10548 2
10549 1
10550 1
10552 2
10553 1
10554 1
10556 1
10558 2
10560 2
10561 2
10564 1
10565 2
10567 1
10569 2
10570 1
10572 1
10573 1
10574 1
10575 1
10578 1
10583 2
10587 3
10589 2
10592 1
10593 1
10595 1
10596 1
10598 1
10599 1
10601 1
10602 1
10604 1
10607 1
10611 1
10613 1
10614 1
10616 2
10618 1
10619 1
10620 1
10622 1
10623 1
10624 1
10625 2
10626 3
10627 3
10628 1
10629 1
10632 3
10633 2
10634 2
10635 2
10638 1
10641 1
10642 1
10644 1
10645 2
10648 1
10654 2
10656 2
10657 1
10664 1
10665 2
10667 2
10674 1
10676 1
10677 1
10678 4
10680 1
10681 1
10682 3
10684 1
10686 1
10687 3
10688 1
10690 2
10692 1
10695 2
10696 2
10698 1
10702 3
10703 2
10704 1
10709 2
10713 1
10715 2
10718 1
10719 1
10720 2
10721 1
10723 1
10724 1
10725 1
10726 1
10730 1
10733 1
10740 1
10742 1
10744 1
10745 1
10746 1
10756 1
10758 1
10759 1
10760 1
10762 1
10763 1
10766 2
10767 1
10771 2
10772 1
10774 1
10777 1
10778 1
10779 2
10781 1
10782 2
10785 2
10786 3
10793 1
10794 1
10796 1
10797 1
10802 2
10803 2
10807 1
10809 2
10811 1
10812 2
10815 1
10823 2
10824 1
10829 1
10832 1
10835 1
10839 1
10840 2
10847 1
10848 1
10850 1
10852 2
10853 1
10856 1
10858 1
10862 1
10868 1
10870 1
10876 1
10879 1
10882 1
10883 1
10887 2
10888 1
10890 1
10891 2
10898 2
10899 1
10901 1
10902 1
10904 2
10905 2
10906 1
10914 1
10915 1
10916 2
10917 1
10918 1
10919 1
10927 1
10928 1
10929 1
10931 2
10933 1
10934 1
10935 1
10936 1
10939 1
10941 1
10944 3
10945 1
10946 1
10948 1
10950 1
10951 1
10952 1
10953 1
10955 1
10956 3
10959 2
10963 1
10969 1
10973 1
10974 1
10977 2
10979 1
10982 2
10984 1
10986 1
10987 1
10990 1
10991 2
10994 2
10995 1
10998 2
11007 2
11009 2
11011 1
11013 1
11016 1
11017 1
11020 1
11021 1
11022 1
11023 1
11024 3
11025 1
11027 1
11029 1
11030 1
11033 2
11036 2
11038 1
11039 1
11048 1
11049 1
11053 1
11054 1
11056 1
11057 1
11063 1
11068 1
11069 2
11072 1
11074 1
11079 2
11081 1
11086 1
11089 3
11090 1
11093 1
11094 1
11096 1
11098 1
11099 2
11107 4
11111 2
11112 1
11113 1
11114 1
11116 2
11117 2
11119 2
11122 1
11125 1
11132 1
11135 1
11136 2
11137 3
11140 1
11142 1
11144 1
11145 1
11146 2
11148 1
11151 2
11153 1
11155 1
11160 1
11162 1
11165 1
11166 2
11168 1
11169 2
11170 1
11172 1
11173 1
11176 1
11177 1
11178 1
11179 1
11180 2
11181 1
11185 1
11186 1
11193 1
11196 1
11205 1
11206 1
11207 2
11208 1
11210 1
11211 1
11213 2
11215 1
11217 2
11218 2
11227 1
11231 1
11232 1
11236 1
11239 1
11243 1
11246 2
11258 2
11264 1
11265 1
11266 2
11267 1
11272 1
11275 1
11276 2
11277 3
11280 1
11289 1
11293 1
11296 1
11297 1
11298 1
11301 1
11309 1
11311 1
11313 1
11314 1
11318 1
11320 1
11322 1
11325 2
11328 1
11330 1
11331 1
11332 1
11338 2
11340 1
11342 2
11343 2
11345 1
11346 1
11347 1
11349 1
11350 1
11358 1
11362 1
11364 1
11366 1
11371 1
11372 2
11374 1
11377 4
11378 1
11379 1
11386 2
11389 1
11391 2
11392 1
11395 1
11396 1
11398 1
11401 1
11404 1
11406 1
11408 1
11412 1
11416 1
11417 1
11418 1
11419 1
11421 3
11423 3
11424 1
11428 1
11429 1
11431 1
11437 1
11442 1
11443 2
11445 1
11449 1
11452 1
11453 1
11455 1
11456 2
11457 1
11461 1
11465 1
11472 1
11475 1
11476 1
11477 1
11478 1
11482 1
11485 1
11488 2
11491 1
11492 1
11494 2
11495 1
11497 2
11498 1
11501 1
11504 1
11505 2
11506 1
11507 1
11511 1
11512 1
11514 1
11515 1
11517 1
11520 1
11521 1
11522 1
11530 1
11533 2
11535 1
11537 1
11538 1
11540 1
11544 1
11548 1
11550 1
11551 2
11553 1
11556 2
11558 1
11560 1
11564 1
11565 1
11568 2
11572 1
11573 1
11576 1
11579 1
11580 1
11581 1
11583 2
11586 1
11594 1
11595 1
11596 2
11597 1
11598 1
11599 3
11604 3
11605 1
11606 1
11607 2
11608 1
11609 1
11612 2
11613 1
11614 2
11617 1
11618 1
11620 1
11621 2
11622 1
11626 1
11631 1
11632 1
11635 1
11636 1
11637 1
11638 1
11640 1
11644 1
11645 1
11648 3
11650 1
11651 2
11653 1
11654 2
11658 1
11663 1
11664 1
11667 1
11669 1
11682 1
11685 1
11687 3
11689 1
11690 1
11694 1
11698 1
11699 1
11701 1
11702 1
11705 1
11707 1
11712 1
11717 1
11721 3
11723 1
11725 1
11726 2
11729 2
11731 2
11732 1
11734 1
11736 1
11737 1
11741 1
11743 1
11744 1
11747 1
11749 1
11750 2
11753 1
11754 1
11755 2
11758 1
11764 1
11768 3
11771 2
11774 1
11775 1
11777 1
11780 1
11783 1
11785 1
11786 1
11787 1
11792 1
11794 1
11795 1
11796 2
11798 1
11801 1
11806 2
11810 1
11811 1
11816 1
11817 2
11819 1
11822 1
11825 1
11832 1
11834 1
11836 1
11837 1
11841 1
11843 1
11844 1
11846 1
11847 1
11849 1
11854 1
11855 1
11858 1
11868 2
11873 1
11875 1
11879 1
11881 1
11882 1
11883 1
11885 1
11890 1
11897 1
11898 1
11900 1
11905 1
11906 1
11912 1
11913 1
11921 1
11924 1
11925 2
11931 2
11933 1
11935 1
11941 2
11953 1
11954 1
11959 1
11964 1
11967 3
11969 1
11970 1
11972 1
11973 1
11977 1
11983 1
11984 1
11987 1
11988 1
11990 2
11991 1
11992 1
11994 1
11996 1
12002 1
12006 1
12007 1
12010 1
12014 2
12015 1
12016 1
12020 2
12025 1
12026 1
12030 2
12032 1
12043 1
12044 1
12045 1
12046 1
12050 1
12054 1
12057 1
12062 2
12065 1
12068 1
12076 1
12077 2
12079 1
12082 1
12087 1
12090 1
12093 1
12096 2
12097 1
12101 1
12108 2
12111 1
12114 1
12118 1
12120 1
12123 1
12129 1
12130 1
12137 2
12141 1
12142 1
12147 1
12148 1
12150 1
12151 1
12157 1
12159 1
12160 1
12166 2
12167 1
12174 1
12175 2
12176 1
12178 1
12180 1
12183 1
12186 1
12189 1
12193 1
12194 1
12195 1
12204 1
12205 2
12213 1
12214 1
12216 1
12217 2
12218 1
12225 1
12229 1
12230 1
12231 1
12232 1
12234 1
12238 1
12239 1
12240 1
12243 1
12246 1
12250 1
12254 1
12257 1
12260 1
12263 1
12265 1
12266 1
12267 1
12272 1
12275 1
12281 1
12283 1
12285 1
12288 1
12296 1
12298 1
12302 1
12308 2
12327 1
12329 1
12331 2
12336 1
12340 1
12344 1
12345 2
12347 1
12351 1
12356 1
12357 1
12359 1
12363 1
12370 1
12382 1
12386 1
12388 1
12403 1
12404 1
12407 2
12409 1
12411 1
12412 1
12418 1
12420 1
12421 1
12424 1
12426 1
12427 2
12429 1
12431 1
12432 1
12444 1
12446 1
12453 1
12454 1
12457 1
12460 1
12465 2
12467 2
12468 1
12470 1
12471 1
12473 1
12487 1
12491 1
12492 1
12503 1
12509 1
12511 1
12517 1
12522 1
12534 1
12535 1
12544 1
12553 1
12557 2
12559 1
12560 1
12562 2
12564 1
12567 1
12571 1
12573 1
12575 1
12578 1
12592 1
12595 1
12599 1
12603 1
12611 1
12612 1
12619 1
12621 1
12628 1
12630 1
12634 1
12640 1
12641 1
12644 1
12648 1
12651 1
12653 1
12656 1
12661 1
12663 1
12669 1
12683 1
12685 2
12694 1
12695 1
12704 1
12713 1
12719 1
12720 1
12721 2
12726 1
12728 1
12729 1
12732 1
12736 1
12740 1
12744 1
12747 1
12753 1
12755 1
12770 1
12783 1
12784 2
12786 1
12787 1
12794 1
12796 2
12797 1
12801 2
12802 2
12814 1
12818 1
12820 1
12824 1
12826 1
12830 1
12832 2
12833 1
12835 1
12837 1
12845 1
12848 1
12849 1
12851 1
12852 1
12854 1
12863 1
12865 1
12870 1
12873 1
12880 2
12886 1
12888 1
12892 1
12895 1
12901 1
12902 1
12904 1
12908 1
12912 1
12917 1
12918 1
12925 1
12937 3
12938 2
12943 1
12944 1
12948 1
12950 1
12953 1
12969 1
12976 1
12989 1
12997 1
13002 1
13005 1
13016 1
13020 1
13022 1
13027 1
13031 1
13033 1
13034 1
13040 1
13041 1
13045 1
13051 2
13052 1
13053 1
13072 1
13080 1
13083 1
13094 1
13096 1
13099 1
13100 1
13106 1
13111 1
13118 1
13119 1
13122 1
13124 1
13129 1
13130 1
13141 2
13142 1
13144 1
13146 1
13148 1
13151 1
13159 1
13179 1
13191 1
13193 1
13197 1
13201 1
13205 1
13206 2
13208 1
13210 1
13213 1
13216 1
13220 1
13225 1
13227 1
13238 3
13241 2
13242 1
13249 1
13251 1
13252 1
13262 1
13265 2
13268 1
13271 1
13272 3
13276 1
13281 1
13304 1
13308 1
13312 1
13314 1
13323 1
13324 1
13329 1
13332 1
13338 1
13341 2
13348 1
13351 1
13355 1
13356 1
13360 1
13364 1
13366 1
13370 1
13374 1
13378 1
13380 1
13383 1
13385 1
13386 1
13393 2
13405 1
13406 1
13407 1
13412 1
13415 1
13417 1
13424 1
13445 1
13446 1
13447 2
13451 3
13460 1
13464 1
13466 1
13469 2
13471 1
13481 1
13485 2
13489 1
13502 1
13509 1
13514 2
13521 1
13524 1
13533 1
13534 1
13535 1
13540 1
13543 1
13545 2
13548 1
13558 1
13560 1
13561 1
13562 1
13563 1
13571 2
13573 1
13588 1
13599 1
13610 1
13621 1
13625 1
13639 1
13650 1
13653 1
13660 1
13681 1
13683 1
13684 1
13688 1
13694 1
13697 1
13700 1
13704 1
13715 1
13719 1
13727 1
13733 1
13735 1
13743 1
13745 1
13751 1
13756 1
13759 1
13763 1
13770 1
13785 1
13795 1
13797 1
13798 1
13803 1
13805 1
13808 1
13815 1
13816 1
13818 1
13822 1
13829 1
13831 1
13832 1
13834 1
13841 1
13845 1
13846 1
13848 1
13849 2
13859 1
13861 1
13864 1
13867 1
13872 1
13890 1
13894 1
13902 1
13903 1
13914 2
13921 2
13922 1
13924 1
13933 1
13936 1
13954 1
13957 2
13971 1
13975 1
13977 1
13978 1
13993 1
13995 1
14000 1
14001 1
14009 1
14010 1
14014 1
14016 1
14019 1
14021 1
14038 2
14040 1
14045 1
14053 1
14055 1
14057 1
14065 1
14069 1
14073 2
14088 1
14097 1
14104 1
14109 1
14110 2
14125 2
14132 1
14141 2
14155 2
14163 1
14172 1
14174 1
14180 2
14198 1
14200 1
14202 1
14206 1
14210 1
14216 1
14224 1
14227 1
14229 1
14232 1
14233 1
14234 1
14236 1
14238 1
14247 1
14254 1
14255 1
14262 1
14282 1
14283 1
14294 1
14299 1
14310 1
14315 1
14319 1
14320 1
14332 1
14336 1
14338 1
14340 1
14341 1
14346 1
14349 1
14359 1
14361 1
14374 1
14387 1
14388 1
14393 2
14397 1
14402 1
14434 1
14435 2
14441 1
14446 1
14463 1
14464 1
14477 1
14479 1
14481 1
14484 1
14490 1
14494 1
14505 1
14507 1
14508 1
14514 1
14517 1
14524 1
14526 1
14533 1
14541 1
14542 1
14547 1
14548 1
14562 1
14566 1
14569 1
14578 1
14581 1
14582 1
14587 1
14588 1
14590 1
14595 1
14596 1
14601 1
14602 1
14604 1
14605 1
14612 2
14618 1
14619 1
14626 1
14632 1
14640 1
14641 1
14646 1
14657 1
14658 1
14663 2
14685 1
14688 1
14691 1
14697 1
14701 1
14711 1
14715 1
14741 1
14775 1
14777 1
14784 1
14785 1
14796 2
14814 1
14824 1
14830 1
14839 1
14844 1
14861 1
14866 1
14868 1
14870 1
14881 1
14906 1
14907 1
14909 1
14912 1
14913 1
14919 1
14924 1
14927 1
14944 1
14945 1
14957 1
14958 1
14961 1
14971 2
14976 1
14977 1
14991 2
14996 1
15002 1
15020 1
15022 1
15026 1
15036 2
15041 1
15046 1
15048 1
15049 2
15099 1
15101 1
15102 1
15107 1
15116 1
15152 1
15154 1
15177 1
15178 1
15184 1
15186 1
15190 1
15203 1
15218 1
15236 1
15256 1
15259 1
15278 1
15289 1
15291 1
15293 1
15301 1
15315 1
15320 1
15347 1
15352 1
15353 1
15357 1
15370 1
15374 1
15377 1
15393 1
15396 1
15398 1
15399 1
15400 1
15412 1
15418 1
15424 2
15431 1
15439 1
15445 1
15463 1
15464 1
15470 1
15476 1
15490 1
15491 1
15495 1
15521 1
15534 1
15539 1
15540 2
15549 1
15560 1
15569 1
15596 1
15606 1
15611 1
15612 1
15617 1
15621 1
15623 1
15635 1
15640 1
15643 1
15650 1
15660 2
15677 1
15680 1
15686 1
15691 1
15715 1
15727 2
15743 1
15761 1
15798 1
15816 1
15830 1
15837 1
15861 1
15876 1
15880 1
15889 1
15897 1
15900 1
15912 1
15914 1
15927 1
15944 1
15946 1
15952 1
15956 1
15965 1
15974 1
16006 1
16011 1
16031 1
16062 2
16071 2
16074 1
16098 1
16100 1
16104 1
16188 1
16193 2
16194 1
16197 1
16200 1
16203 1
16206 1
16216 1
16231 1
16236 1
16241 1
16257 1
16259 1
16265 1
16273 1
16284 1
16292 1
16332 1
16340 1
16343 1
16349 1
16356 1
16392 1
16400 1
16412 1
16428 1
16437 1
16459 1
16464 1
16475 1
16519 1
16527 1
16531 1
16542 1
16544 1
16549 1
16553 1
16606 1
16607 1
16622 1
16627 1
16639 1
16665 1
16719 1
16740 1
16758 1
16815 1
16819 1
16821 1
16863 1
16900 1
16927 1
16938 1
16944 1
16946 1
16974 1
16978 1
17004 1
17010 1
17011 1
17022 1
17024 1
17026 1
17038 1
17045 1
17051 1
17070 1
17075 1
17079 1
17092 1
17114 1
17124 1
17136 1
17154 1
17158 1
17192 1
17208 1
17252 1
17255 1
17256 1
17258 1
17275 1
17277 1
17301 1
17315 1
17331 1
17340 1
17350 1
17361 1
17370 1
17378 1
17382 1
17396 1
17412 1
17416 1
17446 1
17476 1
17507 1
17538 1
17544 1
17547 1
17585 1
17589 1
17610 1
17630 1
17640 1
17660 1
17670 1
17714 1
17731 1
17735 1
17762 1
17764 2
17771 1
17775 1
17789 1
17814 1
17862 1
17899 1
17902 1
17930 1
17938 1
18023 1
18055 1
18073 1
18094 1
18098 1
18108 1
18124 1
18131 1
18132 1
18147 1
18149 1
18150 1
18157 1
18200 1
18216 1
18218 1
18230 1
18234 1
18239 1
18247 1
18263 1
18278 1
18280 1
18291 1
18316 1
18317 1
18323 2
18326 1
18356 1
18365 1
18370 1
18372 1
18432 1
18449 1
18469 1
18492 1
18510 1
18516 1
18557 1
18563 1
18580 1
18604 1
18608 1
18620 1
18631 1
18664 1
18666 1
18680 1
18719 1
18732 1
18780 1
18784 1
18786 1
18808 1
18810 1
18852 1
18854 1
18866 1
18879 1
18905 1
18908 1
18930 1
18945 1
18988 1
18991 1
19005 1
19020 1
19025 1
19029 1
19039 1
19045 1
19062 1
19085 1
19093 1
19103 1
19133 1
19174 1
19184 1
19185 1
19190 1
19271 1
19274 1
19338 1
19362 1
19363 1
19372 1
19436 1
19482 1
19538 1
19566 2
19569 1
19575 1
19589 1
19629 1
19680 1
19723 1
19724 1
19725 1
19731 1
19764 1
19789 1
19820 1
19863 1
19897 1
19936 1
19989 1
20036 1
20052 1
20054 1
20069 1
20075 1
20100 1
20127 1
20191 1
20204 1
20251 1
20280 1
20299 1
20323 1
20324 1
20331 1
20348 1
20355 1
20363 1
20369 1
20384 1
20388 2
20390 1
20409 1
20483 1
20511 1
20536 1
20558 1
20578 1
20660 1
20668 1
20676 1
20698 1
20758 1
20771 1
20819 1
20830 1
20845 1
20866 1
20926 1
20983 1
21004 1
21031 1
21079 1
21111 1
21152 1
21161 1
21163 1
21189 1
21281 1
21289 1
21292 1
21325 1
21348 1
21358 1
21364 1
21453 1
21466 2
21551 1
21579 1
21606 1
21619 1
21641 1
21731 1
21763 1
21774 1
21806 1
21808 1
21853 1
21878 1
21899 1
21902 1
21910 1
21996 1
22039 1
22129 1
22198 1
22270 1
22309 1
22311 1
22319 1
22352 1
22353 1
22532 1
22533 1
22601 1
22602 1
22641 1
22661 1
22688 1
22750 1
22782 1
22788 1
22802 1
23044 1
23070 1
23177 1
23247 1
23337 1
23343 1
23388 1
23405 1
23450 1
23512 1
23545 1
23700 1
23718 1
23746 1
23812 1
23835 1
23938 1
23974 1
24011 1
24049 1
24089 1
24299 1
24375 1
24420 1
24520 1
24605 1
24687 1
24716 1
24771 1
24864 1
24870 1
24950 1
25063 1
25101 1
25151 1
25169 1
25185 1
25217 1
25235 1
25349 1
25406 1
25433 1
25475 1
25543 1
25726 1
25747 1
25941 1
26005 1
26129 1
26140 1
26157 1
26292 1
26385 1
26402 1
26484 1
26569 1
26705 1
26915 1
26923 1
27219 1
27575 1
27609 1
27615 1
27720 1
27771 1
28019 1
28457 1
28701 1
28804 1
29048 1
29062 1
29348 1
29376 1
29424 1
29504 1
29733 1
29885 1
30462 1
30473 1
31309 1
31396 1
31552 1
31734 1
31791 1
32235 1
32791 1
32850 1
33209 1
33410 1
34856 1
36225 1
36944 1
38794 1
39850 1
40312 1
40434 1
41538 1
42272 1
