-462 1
-461 1
-460 1
-459 4
-458 6
-457 10
-456 11
-455 23
-454 38
-453 63
-452 65
-451 100
-450 108
-449 90
-448 126
-447 115
-446 120
-445 156
-444 146
-443 158
-442 166
-441 163
-440 206
-439 210
-438 174
-437 185
-436 184
-435 219
-434 176
-433 165
-432 205
-431 194
-430 191
-429 178
-428 178
-427 191
-426 204
-425 230
-424 253
-423 246
-422 300
-421 273
-420 308
-419 339
-418 356
-417 356
-416 347
-415 331
-414 322
-413 310
-412 349
-411 314
-410 395
-409 402
-408 434
-407 432
-406 405
-405 425
-404 462
-403 452
-402 484
-401 510
-400 479
-399 507
-398 441
-397 476
-396 475
-395 476
-394 483
-393 457
-392 453
-391 434
-390 435
-389 472
-388 483
-387 493
-386 509
-385 492
-384 462
-383 476
-382 499
-381 485
-380 490
-379 519
-378 532
-377 546
-376 530
-375 547
-374 579
-373 591
-372 598
-371 607
-370 601
-369 635
-368 604
-367 598
-366 658
-365 619
-364 632
-363 601
-362 621
-361 590
-360 652
-359 614
-358 603
-357 577
-356 575
-355 605
-354 581
-353 595
-352 602
-351 558
-350 533
-349 614
-348 580
-347 653
-346 696
-345 717
-344 701
-343 747
-342 670
-341 732
-340 709
-339 680
-338 691
-337 694
-336 786
-335 825
-334 819
-333 835
-332 952
-331 893
-330 957
-329 921
-328 951
-327 976
-326 1021
-325 1018
-324 933
-323 928
-322 961
-321 965
-320 934
-319 956
-318 1058
-317 940
-316 1039
-315 1017
-314 1032
-313 1067
-312 1094
-311 1142
-310 1145
-309 1120
-308 1195
-307 1222
-306 1214
-305 1182
-304 1284
-303 1239
-302 1328
-301 1261
-300 1328
-299 1405
-298 1441
-297 1456
-296 1594
-295 1532
-294 1530
-293 1668
-292 1656
-291 1698
-290 1840
-289 1800
-288 1795
-287 1756
-286 1775
-285 1737
-284 1726
-283 1736
-282 1720
-281 1700
-280 1619
-279 1638
-278 1680
-277 1591
-276 1567
-275 1583
-274 1566
-273 1691
-272 1675
-271 1678
-270 1679
-269 1633
-268 1728
-267 1706
-266 1746
-265 1824
-264 1667
-263 1701
-262 1770
-261 1758
-260 1829
-259 1729
-258 1740
-257 1824
-256 1809
-255 1778
-254 1775
-253 1664
-252 1772
-251 1763
-250 1743
-249 1764
-248 1813
-247 1831
-246 1800
-245 1797
-244 1810
-243 1824
-242 1885
-241 1781
-240 1932
-239 1807
-238 1861
-237 1884
-236 1716
-235 1873
-234 1767
-233 1729
-232 1752
-231 1755
-230 1656
-229 1723
-228 1749
-227 1736
-226 1715
-225 1671
-224 1686
-223 1733
-222 1701
-221 1753
-220 1709
-219 1754
-218 1647
-217 1746
-216 1721
-215 1772
-214 1699
-213 1662
-212 1720
-211 1763
-210 1666
-209 1636
-208 1597
-207 1675
-206 1684
-205 1658
-204 1736
-203 1643
-202 1785
-201 1731
-200 1813
-199 1763
-198 1765
-197 1661
-196 1657
-195 1777
-194 1712
-193 1783
-192 1744
-191 1732
-190 1792
-189 1695
-188 1721
-187 1762
-186 1814
-185 1751
-184 1726
-183 1705
-182 1739
-181 1673
-180 1623
-179 1657
-178 1654
-177 1692
-176 1616
-175 1672
-174 1700
-173 1615
-172 1734
-171 1723
-170 1728
-169 1681
-168 1834
-167 1846
-166 1797
-165 1773
-164 1830
-163 1652
-162 1690
-161 1708
-160 1608
-159 1629
-158 1675
-157 1743
-156 1712
-155 1669
-154 1760
-153 1728
-152 1693
-151 1724
-150 1685
-149 1773
-148 1781
-147 1787
-146 1766
-145 1718
-144 1741
-143 1659
-142 1702
-141 1711
-140 1640
-139 1630
-138 1657
-137 1650
-136 1701
-135 1662
-134 1594
-133 1584
-132 1611
-131 1659
-130 1608
-129 1616
-128 1649
-127 1603
-126 1673
-125 1640
-124 1618
-123 1622
-122 1635
-121 1685
-120 1785
-119 1668
-118 1672
-117 1607
-116 1729
-115 1740
-114 1580
-113 1612
-112 1630
-111 1696
-110 1699
-109 1541
-108 1642
-107 1573
-106 1638
-105 1619
-104 1557
-103 1581
-102 1594
-101 1554
-100 1645
-99 1617
-98 1669
-97 1620
-96 1660
-95 1570
-94 1607
-93 1590
-92 1609
-91 1565
-90 1584
-89 1582
-88 1684
-87 1635
-86 1603
-85 1717
-84 1732
-83 1757
-82 1763
-81 1702
-80 1680
-79 1800
-78 1689
-77 1647
-76 1730
-75 1725
-74 1630
-73 1634
-72 1599
-71 1629
-70 1621
-69 1591
-68 1626
-67 1637
-66 1596
-65 1589
-64 1574
-63 1525
-62 1534
-61 1562
-60 1527
-59 1608
-58 1564
-57 1544
-56 1535
-55 1498
-54 1528
-53 1534
-52 1612
-51 1578
-50 1601
-49 1671
-48 1647
-47 1708
-46 1746
-45 1693
-44 1779
-43 1723
-42 1698
-41 1785
-40 1725
-39 1729
-38 1712
-37 1728
-36 1715
-35 1711
-34 1679
-33 1742
-32 1832
-31 1698
-30 1669
-29 1772
-28 1666
-27 1637
-26 1725
-25 1737
-24 1678
-23 1733
-22 1821
-21 1824
-20 1795
-19 1790
-18 1771
-17 1800
-16 1710
-15 1785
-14 1663
-13 1782
-12 1737
-11 1676
-10 1719
-9 1690
-8 1732
-7 1692
-6 1642
-5 1651
-4 1685
-3 1628
-2 1541
-1 1550
0 1581
1 1600
2 1524
3 1492
4 1480
5 1618
6 1598
7 1549
8 1621
9 1667
10 1654
11 1739
12 1591
13 1626
14 1669
15 1686
16 1773
17 1708
18 1708
19 1677
20 1721
21 1731
22 1703
23 1789
24 1660
25 1725
26 1737
27 1614
28 1689
29 1716
30 1630
31 1746
32 1677
33 1663
34 1726
35 1807
36 1799
37 1763
38 1867
39 1804
40 1829
41 1787
42 1872
43 1791
44 2039
45 1996
46 2002
47 1925
48 2066
49 2025
50 1938
51 1996
52 2064
53 2042
54 2033
55 2097
56 2123
57 2079
58 2190
59 2326
60 2240
61 2267
62 2335
63 2291
64 2277
65 2379
66 2329
67 2398
68 2477
69 2411
70 2415
71 2499
72 2404
73 2381
74 2517
75 2480
76 2600
77 2526
78 2513
79 2561
80 2630
81 2669
82 2682
83 2658
84 2521
85 2600
86 2735
87 2733
88 2649
89 2745
90 2840
91 2733
92 2825
93 2908
94 2968
95 2935
96 2946
97 3014
98 3151
99 3136
100 3229
101 3373
102 3390
103 3306
104 3535
105 3470
106 3600
107 3523
108 3555
109 3541
110 3646
111 3560
112 3631
113 3637
114 3695
115 3649
116 3699
117 3710
118 3709
119 3728
120 3706
121 3854
122 3811
123 3938
124 3958
125 3924
126 3958
127 4005
128 3907
129 4039
130 4107
131 4215
132 4403
133 4370
134 4267
135 4455
136 4403
137 4344
138 4353
139 4384
140 4419
141 4316
142 4247
143 4266
144 4420
145 4412
146 4289
147 4299
148 4341
149 4250
150 4247
151 4295
152 4388
153 4243
154 4386
155 4456
156 4356
157 4366
158 4440
159 4580
160 4544
161 4585
162 4657
163 4724
164 4786
165 4797
166 4812
167 4867
168 4806
169 4802
170 4857
171 4948
172 5023
173 4952
174 5068
175 5039
176 5076
177 5144
178 5062
179 5053
180 5030
181 5066
182 4982
183 5105
184 5226
185 5108
186 5211
187 5432
188 5318
189 5300
190 5358
191 5579
192 5445
193 5628
194 5474
195 5425
196 5444
197 5427
198 5534
199 5515
200 5661
201 5573
202 5721
203 5589
204 5550
205 5675
206 5717
207 5738
208 5917
209 5837
210 5793
211 5683
212 5780
213 5848
214 5679
215 5675
216 5611
217 5756
218 5650
219 5659
220 5667
221 5733
222 5743
223 5689
224 5653
225 5812
226 5777
227 5807
228 5737
229 5903
230 5707
231 5695
232 5805
233 5767
234 5744
235 5893
236 5843
237 5833
238 5965
239 5929
240 6095
241 5954
242 5995
243 5871
244 6036
245 6163
246 5966
247 5872
248 5908
249 5919
250 6312
251 6124
252 6151
253 6183
254 6047
255 6124
256 6052
257 6259
258 6019
259 6304
260 6157
261 6202
262 6003
263 6177
264 6074
265 6058
266 6128
267 6209
268 6170
269 6200
270 6167
271 6154
272 6246
273 6189
274 6217
275 6217
276 6143
277 6210
278 6085
279 6303
280 6308
281 6206
282 6373
283 6304
284 6288
285 6213
286 6274
287 6366
288 6318
289 6388
290 6225
291 6414
292 6306
293 6187
294 6441
295 6480
296 6346
297 6633
298 6531
299 6554
300 6709
301 6421
302 6619
303 6507
304 6752
305 6791
306 6695
307 6510
308 6625
309 6668
310 6688
311 6656
312 6689
313 6652
314 6521
315 6616
316 6611
317 6574
318 6561
319 6610
320 6610
321 6481
322 6535
323 6430
324 6589
325 6548
326 6662
327 6491
328 6423
329 6345
330 6539
331 6492
332 6519
333 6576
334 6512
335 6568
336 6644
337 6566
338 6566
339 6443
340 6585
341 6689
342 6766
343 6724
344 6891
345 6805
346 6668
347 6699
348 6806
349 6759
350 6826
351 6776
352 6723
353 6835
354 6875
355 6766
356 7044
357 6775
358 7005
359 6911
360 6929
361 6942
362 6864
363 6910
364 6712
365 6797
366 6762
367 6713
368 6727
369 6714
370 6536
371 6797
372 6733
373 6869
374 6904
375 6753
376 6802
377 6638
378 6893
379 6883
380 6819
381 6960
382 6791
383 6905
384 6537
385 6790
386 6694
387 6718
388 6768
389 6815
390 6696
391 6746
392 6719
393 6629
394 6600
395 6734
396 6614
397 6712
398 6612
399 6707
400 6583
401 6524
402 6274
403 6284
404 6456
405 6333
406 6277
407 6366
408 6240
409 6337
410 6293
411 6227
412 6308
413 6250
414 6204
415 6204
416 6103
417 6261
418 6151
419 6145
420 6063
421 5989
422 6022
423 6029
424 5926
425 6018
426 5881
427 5911
428 5964
429 5781
430 6065
431 5837
432 6049
433 5943
434 6012
435 6017
436 5963
437 5907
438 5944
439 5925
440 5698
441 5854
442 5810
443 5771
444 5859
445 5745
446 5841
447 5871
448 5826
449 5868
450 5770
451 5808
452 5838
453 5626
454 5572
455 5674
456 5720
457 5785
458 5801
459 5648
460 5653
461 5663
462 5636
463 5763
464 5587
465 5646
466 5704
467 5676
468 5635
469 5541
470 5489
471 5716
472 5594
473 5623
474 5387
475 5424
476 5485
477 5446
478 5375
479 5338
480 5359
481 5282
482 5302
483 5251
484 5353
485 5267
486 5258
487 5194
488 5139
489 5079
490 5308
491 5117
492 4977
493 4963
494 5070
495 4966
496 4976
497 4758
498 4878
499 4918
500 4845
501 4802
502 4746
503 4722
504 4621
505 4731
506 4653
507 4695
508 4539
509 4573
510 4532
511 4680
512 4624
513 4674
514 4537
515 4497
516 4658
517 4642
518 4540
519 4642
520 4614
521 4473
522 4437
523 4394
524 4411
525 4387
526 4388
527 4381
528 4431
529 4306
530 4254
531 4348
532 4360
533 4308
534 4200
535 4313
536 4363
537 4274
538 4249
539 4254
540 4160
541 4033
542 4118
543 4143
544 4128
545 4088
546 4270
547 4080
548 4058
549 4082
550 4060
551 4044
552 4091
553 3954
554 4011
555 3976
556 3907
557 3916
558 3862
559 3867
560 3862
561 3924
562 3852
563 3894
564 3903
565 3814
566 3829
567 3827
568 3835
569 3819
570 3809
571 3861
572 3721
573 3728
574 3698
575 3784
576 3722
577 3686
578 3654
579 3676
580 3643
581 3730
582 3585
583 3667
584 3550
585 3580
586 3656
587 3579
588 3519
589 3564
590 3607
591 3507
592 3566
593 3534
594 3489
595 3598
596 3599
597 3671
598 3550
599 3537
600 3652
601 3578
602 3511
603 3442
604 3388
605 3414
606 3392
607 3427
608 3450
609 3265
610 3291
611 3257
612 3226
613 3211
614 3139
615 3139
616 3150
617 3144
618 3078
619 3133
620 3060
621 2986
622 3052
623 3045
624 3016
625 3006
626 3004
627 3077
628 3202
629 3256
630 3041
631 3110
632 3147
633 3052
634 3025
635 3037
636 3050
637 2999
638 2930
639 2912
640 2979
641 3031
642 3036
643 2860
644 2921
645 2886
646 2873
647 2766
648 2847
649 2841
650 2799
651 2818
652 2713
653 2792
654 2670
655 2760
656 2722
657 2715
658 2536
659 2537
660 2551
661 2600
662 2533
663 2550
664 2538
665 2418
666 2449
667 2445
668 2436
669 2447
670 2441
671 2461
672 2438
673 2362
674 2442
675 2256
676 2357
677 2239
678 2297
679 2330
680 2341
681 2280
682 2317
683 2175
684 2257
685 2181
686 2173
687 2151
688 2102
689 2162
690 2114
691 2136
692 2072
693 1950
694 2129
695 1951
696 1997
697 1906
698 1941
699 2002
700 2003
701 1902
702 1820
703 1909
704 1883
705 1837
706 1867
707 1839
708 1792
709 1821
710 1747
711 1751
712 1737
713 1687
714 1690
715 1631
716 1682
717 1620
718 1583
719 1687
720 1607
721 1629
722 1584
723 1588
724 1611
725 1593
726 1594
727 1553
728 1494
729 1500
730 1516
731 1509
732 1446
733 1517
734 1441
735 1425
736 1384
737 1399
738 1394
739 1413
740 1367
741 1354
742 1364
743 1353
744 1296
745 1264
746 1362
747 1256
748 1245
749 1290
750 1236
751 1170
752 1230
753 1231
754 1242
755 1129
756 1184
757 1134
758 1187
759 1114
760 1075
761 1043
762 1089
763 1093
764 1070
765 1141
766 1070
767 1091
768 1092
769 1065
770 1085
771 1050
772 1073
773 1003
774 1035
775 1058
776 1077
777 1035
778 1080
779 1061
780 1000
781 1036
782 1016
783 981
784 931
785 1023
786 932
787 934
788 937
789 927
790 952
791 918
792 894
793 880
794 912
795 898
796 898
797 858
798 900
799 887
800 875
801 843
802 814
803 844
804 824
805 835
806 826
807 824
808 801
809 845
810 806
811 784
812 808
813 763
814 759
815 765
816 758
817 725
818 683
819 746
820 758
821 715
822 664
823 664
824 676
825 599
826 643
827 631
828 673
829 637
830 667
831 621
832 640
833 550
834 563
835 601
836 586
837 534
838 497
839 517
840 541
841 553
842 538
843 521
844 538
845 531
846 502
847 500
848 472
849 479
850 505
851 488
852 468
853 503
854 446
855 421
856 456
857 473
858 473
859 429
860 474
861 441
862 404
863 438
864 349
865 420
866 381
867 413
868 403
869 417
870 425
871 402
872 379
873 387
874 381
875 377
876 341
877 347
878 388
879 372
880 378
881 337
882 339
883 306
884 374
885 352
886 313
887 323
888 349
889 311
890 345
891 316
892 318
893 324
894 287
895 327
896 293
897 277
898 266
899 267
900 304
901 274
902 314
903 309
904 318
905 290
906 282
907 287
908 264
909 293
910 255
911 292
912 262
913 242
914 247
915 270
916 268
917 278
918 250
919 240
920 262
921 249
922 255
923 246
924 226
925 237
926 218
927 239
928 240
929 257
930 217
931 190
932 237
933 219
934 224
935 225
936 221
937 212
938 219
939 229
940 185
941 195
942 171
943 214
944 179
945 187
946 181
947 174
948 225
949 206
950 178
951 191
952 177
953 171
954 193
955 153
956 181
957 176
958 184
959 145
960 166
961 164
962 153
963 168
964 165
965 151
966 191
967 177
968 179
969 168
970 140
971 143
972 137
973 161
974 137
975 145
976 159
977 134
978 140
979 145
980 130
981 149
982 143
983 133
984 133
985 135
986 142
987 132
988 141
989 136
990 129
991 133
992 108
993 130
994 134
995 116
996 138
997 126
998 138
999 122
1000 129
1001 119
1002 119
1003 123
1004 114
1005 115
1006 114
1007 105
1008 124
1009 107
1010 106
1011 125
1012 102
1013 113
1014 105
1015 92
1016 112
1017 105
1018 117
1019 108
1020 97
1021 118
1022 104
1023 103
1024 111
1025 100
1026 99
1027 101
1028 123
1029 111
1030 105
1031 92
1032 85
1033 93
1034 102
1035 89
1036 89
1037 101
1038 92
1039 89
1040 74
1041 108
1042 90
1043 83
1044 89
1045 96
1046 76
1047 87
1048 92
1049 91
1050 78
1051 97
1052 80
1053 80
1054 89
1055 88
1056 89
1057 76
1058 75
1059 78
1060 88
1061 89
1062 74
1063 69
1064 80
1065 70
1066 64
1067 75
1068 76
1069 78
1070 72
1071 81
1072 95
1073 75
1074 62
1075 60
1076 54
1077 75
1078 65
1079 69
1080 57
1081 60
1082 51
1083 57
1084 82
1085 59
1086 71
1087 56
1088 67
1089 57
1090 59
1091 54
1092 67
1093 63
1094 58
1095 61
1096 55
1097 64
1098 55
1099 52
1100 74
1101 52
1102 55
1103 52
1104 52
1105 58
1106 54
1107 48
1108 49
1109 47
1110 58
1111 56
1112 60
1113 56
1114 59
1115 56
1116 47
1117 46
1118 60
1119 53
1120 48
1121 37
1122 47
1123 61
1124 51
1125 52
1126 45
1127 55
1128 52
1129 49
1130 64
1131 51
1132 56
1133 44
1134 56
1135 43
1136 52
1137 55
1138 39
1139 40
1140 31
1141 35
1142 41
1143 42
1144 45
1145 47
1146 35
1147 47
1148 42
1149 38
1150 41
1151 36
1152 36
1153 36
1154 39
1155 37
1156 47
1157 35
1158 45
1159 36
1160 46
1161 44
1162 51
1163 34
1164 43
1165 32
1166 24
1167 36
1168 37
1169 40
1170 41
1171 46
1172 33
1173 29
1174 36
1175 40
1176 36
1177 28
1178 35
1179 38
1180 34
1181 44
1182 36
1183 31
1184 35
1185 24
1186 25
1187 41
1188 35
1189 28
1190 33
1191 30
1192 33
1193 26
1194 32
1195 36
1196 28
1197 38
1198 26
1199 16
1200 31
1201 42
1202 27
1203 24
1204 33
1205 18
1206 24
1207 31
1208 33
1209 26
1210 20
1211 30
1212 35
1213 26
1214 35
1215 31
1216 36
1217 26
1218 30
1219 36
1220 27
1221 29
1222 28
1223 34
1224 28
1225 29
1226 32
1227 26
1228 32
1229 27
1230 23
1231 18
1232 18
1233 29
1234 32
1235 26
1236 25
1237 28
1238 30
1239 25
1240 31
1241 25
1242 24
1243 29
1244 24
1245 22
1246 23
1247 26
1248 25
1249 27
1250 23
1251 25
1252 26
1253 26
1254 25
1255 14
1256 20
1257 25
1258 20
1259 18
1260 22
1261 24
1262 19
1263 12
1264 22
1265 23
1266 27
1267 12
1268 24
1269 14
1270 26
1271 17
1272 20
1273 16
1274 20
1275 24
1276 18
1277 14
1278 22
1279 29
1280 23
1281 18
1282 21
1283 13
1284 18
1285 12
1286 17
1287 18
1288 14
1289 13
1290 12
1291 13
1292 16
1293 28
1294 13
1295 13
1296 13
1297 14
1298 18
1299 23
1300 15
1301 19
1302 21
1303 14
1304 22
1305 18
1306 19
1307 23
1308 24
1309 16
1310 17
1311 25
1312 15
1313 22
1314 22
1315 14
1316 12
1317 20
1318 15
1319 16
1320 17
1321 11
1322 16
1323 15
1324 15
1325 15
1326 18
1327 14
1328 17
1329 10
1330 23
1331 8
1332 12
1333 14
1334 19
1335 15
1336 10
1337 15
1338 8
1339 17
1340 17
1341 13
1342 15
1343 14
1344 16
1345 6
1346 17
1347 11
1348 9
1349 11
1350 17
1351 16
1352 7
1353 19
1354 10
1355 19
1356 14
1357 9
1358 7
1359 10
1360 12
1361 21
1362 15
1363 14
1364 8
1365 9
1366 7
1367 17
1368 17
1369 5
1370 11
1371 10
1372 9
1373 12
1374 8
1375 6
1376 14
1377 14
1378 6
1379 11
1380 8
1381 5
1382 9
1383 15
1384 9
1385 8
1386 12
1387 11
1388 14
1389 8
1390 12
1391 6
1392 14
1393 10
1394 7
1395 13
1396 13
1397 11
1398 4
1399 11
1400 9
1401 12
1402 16
1403 12
1404 12
1405 7
1406 10
1407 9
1408 7
1409 11
1410 6
1411 7
1412 6
1413 7
1414 11
1415 9
1416 5
1417 9
1418 3
1419 11
1420 12
1421 8
1422 2
1423 8
1424 11
1425 11
1426 7
1427 7
1428 7
1429 5
1430 14
1431 4
1432 7
1433 8
1434 13
1435 13
1436 4
1437 2
1438 6
1439 6
1440 6
1441 8
1442 5
1443 8
1444 7
1445 11
1446 9
1447 10
1448 6
1449 6
1450 7
1451 6
1452 11
1453 8
1454 12
1455 14
1456 8
1457 3
1458 4
1459 13
1460 5
1461 8
1462 4
1463 7
1464 6
1465 7
1466 9
1467 13
1468 6
1469 8
1470 7
1471 1
1472 6
1473 5
1474 4
1475 6
1476 7
1477 6
1478 7
1479 3
1480 5
1481 9
1482 6
1483 8
1484 6
1485 3
1486 7
1487 3
1488 4
1489 8
1490 6
1491 6
1492 8
1493 2
1494 8
1495 9
1496 8
1497 2
1498 5
1499 5
1500 6
1501 3
1502 2
1503 6
1504 11
1505 6
1506 4
1507 4
1508 4
1509 9
1510 4
1511 8
1512 6
1513 5
1514 6
1515 4
1516 7
1517 9
1518 4
1519 4
1520 4
1521 8
1522 1
1523 9
1524 3
1525 3
1526 7
1527 6
1528 4
1529 4
1530 3
1531 6
1532 3
1533 4
1534 5
1535 5
1536 3
1537 1
1538 3
1539 5
1540 6
1541 1
1542 4
1543 5
1544 6
1545 4
1546 3
1547 6
1548 10
1549 8
1550 2
1551 1
1552 5
1553 5
1554 4
1555 9
1556 5
1557 4
1558 11
1559 4
1560 3
1561 5
1562 3
1563 2
1564 4
1565 3
1566 2
1567 3
1568 5
1569 2
1570 3
1571 2
1572 5
1573 6
1574 4
1575 1
1576 4
1577 3
1578 3
1579 6
1580 4
1581 8
1582 3
1583 2
1584 3
1585 2
1586 1
1587 6
1588 6
1589 1
1590 4
1591 5
1592 3
1593 5
1594 7
1595 7
1596 2
1597 3
1598 2
1599 1
1600 1
1601 5
1602 7
1603 4
1604 3
1605 1
1606 6
1608 6
1609 4
1610 1
1611 1
1612 1
1613 5
1614 4
1615 2
1616 2
1617 6
1618 6
1620 5
1621 2
1622 2
1623 2
1624 4
1625 7
1627 3
1629 4
1630 3
1631 4
1632 1
1633 3
1634 2
1635 2
1636 2
1637 2
1638 1
1639 1
1640 2
1641 4
1642 1
1643 3
1644 3
1645 1
1646 2
1647 2
1648 2
1649 2
1650 3
1652 3
1653 3
1654 3
1655 3
1656 1
1657 2
1658 1
1659 2
1660 3
1661 2
1662 1
1663 2
1664 1
1665 3
1666 2
1667 3
1668 3
1669 2
1670 2
1671 4
1672 2
1673 2
1674 2
1675 1
1676 4
1677 3
1678 1
1679 2
1680 4
1682 1
1683 3
1684 3
1685 2
1686 2
1687 1
1688 1
1689 1
1690 5
1691 3
1693 2
1694 1
1695 4
1696 4
1697 3
1700 1
1702 3
1703 2
1704 3
1705 1
1706 1
1707 2
1708 2
1709 2
1710 1
1711 1
1712 1
1713 2
1715 2
1716 1
1717 1
1718 3
1719 2
1720 2
1721 1
1722 2
1723 2
1725 2
1726 3
1727 1
1729 2
1730 1
1731 2
1732 4
1733 1
1734 1
1735 1
1736 1
1737 2
1738 2
1740 2
1743 1
1744 1
1745 2
1746 1
1747 1
1748 2
1749 1
1750 1
1751 5
1753 1
1754 2
1755 2
1756 2
1757 1
1758 4
1759 2
1761 2
1762 2
1763 3
1764 1
1767 1
1768 2
1769 1
1770 2
1771 1
1773 3
1774 4
1775 3
1777 2
1778 1
1779 1
1780 1
1782 2
1783 1
1785 1
1787 1
1788 2
1790 1
1791 1
1792 1
1793 2
1794 1
1796 1
1797 1
1798 4
1799 1
1801 1
1804 1
1805 1
1806 3
1808 1
1811 1
1812 1
1815 1
1817 1
1820 1
1822 1
1825 2
1826 2
1828 1
1829 2
1830 1
1832 1
1833 2
1835 1
1837 2
1840 1
1842 3
1845 2
1846 1
1847 1
1848 2
1857 1
1858 1
1859 2
1861 1
1862 2
1864 1
1865 1
1867 1
1868 1
1875 1
1880 1
1883 2
1885 1
1886 1
1887 1
1892 1
1899 1
1903 2
1905 1
1908 1
1909 1
1913 1
1917 3
1920 1
1922 1
1927 1
1928 1
1930 1
1936 1
1938 1
1939 1
1947 1
1949 1
1953 2
1954 1
1956 1
1963 1
1970 1
1971 1
1974 1
1975 1
1977 1
1979 1
1983 1
1984 1
1985 1
1989 1
1992 1
2002 1
2008 1
2012 1
2013 1
2021 2
2022 1
2024 1
2039 2
2042 1
2044 1
2049 1
2050 1
2061 1
2068 1
2074 1
2098 1
2105 1
2106 1
2119 1
2146 1
2149 1
2162 1
2163 1
