89 40
90 175
91 382
92 553
93 636
94 861
95 1063
96 1114
97 1154
98 1306
99 1448
100 1777
101 1953
102 1908
103 1984
104 2043
105 2066
106 2221
107 2316
108 2243
109 2224
110 2088
111 1951
112 1790
113 1953
114 1961
115 1790
116 1923
117 1986
118 1880
119 1822
120 1918
121 1951
122 2080
123 2072
124 2160
125 2032
126 2046
127 2069
128 2165
129 1916
130 2020
131 2018
132 2259
133 2551
134 2648
135 2665
136 2797
137 2684
138 2786
139 2701
140 2587
141 2808
142 2947
143 3072
144 2820
145 2782
146 2798
147 2877
148 2808
149 3000
150 3096
151 3051
152 3151
153 3221
154 3339
155 3533
156 3588
157 3644
158 3681
159 3734
160 3805
161 3938
162 4081
163 4411
164 4541
165 4599
166 4766
167 5001
168 4995
169 5202
170 5202
171 5349
172 5343
173 5283
174 5213
175 5267
176 5390
177 5445
178 5673
179 5528
180 5507
181 5532
182 5476
183 5289
184 5126
185 5242
186 5259
187 5325
188 5131
189 5228
190 5143
191 5249
192 5538
193 5679
194 5527
195 5467
196 5695
197 5598
198 5591
199 5555
200 5581
201 5699
202 5695
203 5691
204 5710
205 5792
206 5824
207 5893
208 5844
209 5702
210 5625
211 5755
212 5527
213 5930
214 6054
215 6200
216 6457
217 6343
218 6436
219 6283
220 6340
221 6494
222 6839
223 7124
224 7187
225 7299
226 7176
227 7146
228 7280
229 7370
230 7244
231 7146
232 7280
233 7285
234 7165
235 7061
236 7213
237 7106
238 7086
239 7033
240 6921
241 6912
242 6946
243 6991
244 6915
245 6903
246 6876
247 6812
248 6713
249 7000
250 7087
251 7003
252 7054
253 6864
254 7080
255 6918
256 6941
257 6930
258 6945
259 6912
260 6914
261 7050
262 6970
263 7141
264 7269
265 7337
266 7229
267 7303
268 7201
269 7517
270 7533
271 7375
272 7337
273 7372
274 7349
275 7306
276 7405
277 7650
278 7622
279 7705
280 7908
281 7774
282 7588
283 7693
284 7620
285 7536
286 7619
287 7606
288 7700
289 7549
290 7551
291 7586
292 7683
293 7621
294 7715
295 7813
296 7830
297 7652
298 7612
299 7784
300 7802
301 7747
302 7827
303 7820
304 7848
305 7564
306 7672
307 7657
308 7599
309 7757
310 7574
311 7552
312 7522
313 7602
314 7571
315 7529
316 7325
317 7194
318 7271
319 7243
320 7132
321 7184
322 7160
323 7075
324 7151
325 7146
326 7122
327 7176
328 7054
329 6948
330 7090
331 6957
332 7271
333 6889
334 6965
335 6840
336 6880
337 6652
338 6625
339 6505
340 6465
341 6488
342 6670
343 6503
344 6668
345 6710
346 6722
347 6621
348 6518
349 6589
350 6400
351 6449
352 6368
353 6342
354 6295
355 6354
356 6385
357 6284
358 6366
359 6443
360 6362
361 6267
362 6269
363 6372
364 6388
365 6610
366 6388
367 6300
368 6340
369 6436
370 6446
371 6532
372 6345
373 6391
374 6233
375 6360
376 6322
377 6358
378 6407
379 6455
380 6222
381 6369
382 6284
383 6332
384 6329
385 6255
386 6187
387 6298
388 6318
389 6410
390 6312
391 6362
392 6152
393 6200
394 6156
395 6162
396 6157
397 6143
398 6068
399 6056
400 6022
401 6053
402 6075
403 6127
404 6159
405 6106
406 6018
407 5959
408 5951
409 5975
410 6109
411 5947
412 6080
413 5866
414 5962
415 6065
416 5911
417 5844
418 5807
419 5755
420 5711
421 5591
422 5687
423 5671
424 5592
425 5659
426 5558
427 5691
428 5581
429 5831
430 5791
431 6022
432 5774
433 5830
434 5817
435 5844
436 5863
437 5752
438 5543
439 5564
440 5527
441 5552
442 5609
443 5744
444 5584
445 5428
446 5492
447 5487
448 5454
449 5585
450 5457
451 5398
452 5447
453 5469
454 5397
455 5556
456 5523
457 5509
458 5257
459 5258
460 5384
461 5219
462 5290
463 5329
464 5295
465 5258
466 5253
467 5253
468 5243
469 5194
470 5137
471 5084
472 5115
473 5120
474 5086
475 5028
476 4995
477 4994
478 5026
479 4898
480 4856
481 4997
482 4936
483 4989
484 4935
485 5026
486 4929
487 4939
488 4811
489 4769
490 4812
491 4832
492 4699
493 4813
494 4864
495 4850
496 4693
497 4782
498 4704
499 4773
500 4796
501 4680
502 4697
503 4550
504 4484
505 4694
506 4560
507 4532
508 4378
509 4469
510 4511
511 4478
512 4473
513 4367
514 4250
515 4284
516 4234
517 4313
518 4209
519 4182
520 4233
521 4231
522 4259
523 4243
524 4245
525 4067
526 4247
527 4020
528 4019
529 4120
530 4034
531 3957
532 4055
533 3952
534 4023
535 3985
536 3864
537 4014
538 3865
539 3887
540 3758
541 3868
542 3799
543 3838
544 3770
545 3785
546 3729
547 3793
548 3810
549 3980
550 3948
551 3784
552 3857
553 3882
554 3728
555 3772
556 3719
557 3872
558 3789
559 3859
560 3738
561 3725
562 3664
563 3797
564 3720
565 3722
566 3597
567 3688
568 3704
569 3744
570 3608
571 3659
572 3578
573 3705
574 3539
575 3555
576 3589
577 3471
578 3640
579 3468
580 3463
581 3536
582 3473
583 3539
584 3585
585 3386
586 3454
587 3478
588 3321
589 3530
590 3444
591 3570
592 3575
593 3431
594 3533
595 3498
596 3399
597 3447
598 3505
599 3610
600 3510
601 3418
602 3428
603 3391
604 3460
605 3394
606 3402
607 3358
608 3290
609 3375
610 3314
611 3240
612 3374
613 3267
614 3214
615 3297
616 3103
617 3100
618 3103
619 3147
620 3056
621 3196
622 3075
623 3068
624 3038
625 3126
626 3133
627 3034
628 3097
629 3055
630 3067
631 2997
632 3062
633 2993
634 3023
635 2933
636 2986
637 2904
638 3029
639 2969
640 2870
641 2921
642 2890
643 2899
644 2850
645 2988
646 2922
647 2935
648 2806
649 2870
650 2903
651 2845
652 2863
653 2859
654 2889
655 2857
656 2886
657 2793
658 2842
659 2953
660 2710
661 2837
662 2846
663 2670
664 2737
665 2853
666 2748
667 2764
668 2800
669 2826
670 2729
671 2753
672 2719
673 2811
674 2670
675 2658
676 2769
677 2720
678 2741
679 2694
680 2658
681 2640
682 2701
683 2667
684 2671
685 2641
686 2655
687 2678
688 2744
689 2581
690 2631
691 2697
692 2611
693 2674
694 2637
695 2642
696 2743
697 2666
698 2619
699 2820
700 2557
701 2691
702 2634
703 2618
704 2575
705 2691
706 2562
707 2623
708 2602
709 2609
710 2611
711 2575
712 2554
713 2509
714 2524
715 2600
716 2597
717 2501
718 2599
719 2455
720 2549
721 2595
722 2475
723 2522
724 2626
725 2622
726 2413
727 2546
728 2553
729 2443
730 2470
731 2481
732 2453
733 2568
734 2467
735 2488
736 2490
737 2411
738 2520
739 2379
740 2573
741 2433
742 2467
743 2439
744 2470
745 2372
746 2362
747 2391
748 2517
749 2361
750 2422
751 2409
752 2382
753 2388
754 2379
755 2492
756 2389
757 2502
758 2299
759 2314
760 2430
761 2534
762 2406
763 2437
764 2375
765 2439
766 2423
767 2347
768 2441
769 2397
770 2412
771 2461
772 2352
773 2410
774 2437
775 2415
776 2467
777 2414
778 2420
779 2267
780 2348
781 2403
782 2419
783 2376
784 2310
785 2262
786 2214
787 2314
788 2225
789 2280
790 2329
791 2386
792 2236
793 2261
794 2308
795 2295
796 2238
797 2389
798 2358
799 2288
800 2278
801 2353
802 2360
803 2203
804 2281
805 2302
806 2244
807 2253
808 2244
809 2302
810 2208
811 2239
812 2188
813 2184
814 2132
815 2206
816 2179
817 2174
818 2144
819 2152
820 2137
821 2109
822 2188
823 2143
824 2098
825 2084
826 2158
827 2118
828 2160
829 2221
830 2179
831 2040
832 2181
833 2106
834 2135
835 2088
836 2104
837 2074
838 2025
839 2142
840 2057
841 2111
842 2136
843 2094
844 2029
845 2067
846 2051
847 1986
848 2063
849 2163
850 2053
851 2018
852 2048
853 2050
854 2024
855 2107
856 2048
857 2006
858 2059
859 1956
860 2001
861 1992
862 2158
863 2072
864 1932
865 1991
866 2020
867 2001
868 1973
869 1951
870 2015
871 1951
872 1986
873 1933
874 1948
875 2041
876 1936
877 1965
878 2028
879 1894
880 2016
881 2044
882 1809
883 1937
884 1837
885 1993
886 1875
887 1963
888 2024
889 1929
890 1894
891 1943
892 1860
893 1946
894 1859
895 1877
896 1843
897 1861
898 1876
899 1765
900 1863
901 1836
902 1787
903 1830
904 1834
905 1848
906 1836
907 1832
908 1882
909 1852
910 1868
911 1838
912 1765
913 1779
914 1767
915 1762
916 1787
917 1751
918 1780
919 1784
920 1791
921 1764
922 1699
923 1791
924 1780
925 1729
926 1710
927 1728
928 1721
929 1788
930 1675
931 1727
932 1751
933 1683
934 1691
935 1652
936 1745
937 1591
938 1645
939 1623
940 1658
941 1626
942 1592
943 1607
944 1613
945 1590
946 1596
947 1635
948 1539
949 1585
950 1611
951 1576
952 1536
953 1541
954 1554
955 1533
956 1547
957 1556
958 1594
959 1540
960 1640
961 1436
962 1518
963 1490
964 1563
965 1568
966 1527
967 1525
968 1512
969 1488
970 1538
971 1482
972 1516
973 1444
974 1476
975 1380
976 1462
977 1481
978 1472
979 1410
980 1502
981 1424
982 1426
983 1415
984 1424
985 1479
986 1368
987 1446
988 1412
989 1431
990 1400
991 1391
992 1372
993 1381
994 1330
995 1386
996 1305
997 1397
998 1433
999 1369
1000 1348
1001 1406
1002 1390
1003 1404
1004 1327
1005 1319
1006 1330
1007 1334
1008 1379
1009 1290
1010 1275
1011 1283
1012 1331
1013 1293
1014 1363
1015 1233
1016 1365
1017 1309
1018 1275
1019 1256
1020 1242
1021 1249
1022 1219
1023 1320
1024 1259
1025 1233
1026 1333
1027 1266
1028 1318
1029 1340
1030 1308
1031 1307
1032 1314
1033 1359
1034 1239
1035 1266
1036 1318
1037 1223
1038 1270
1039 1324
1040 1271
1041 1240
1042 1221
1043 1284
1044 1249
1045 1291
1046 1277
1047 1304
1048 1205
1049 1246
1050 1240
1051 1194
1052 1247
1053 1250
1054 1173
1055 1214
1056 1187
1057 1153
1058 1225
1059 1176
1060 1193
1061 1186
1062 1100
1063 1155
1064 1124
1065 1131
1066 1147
1067 1138
1068 1135
1069 1143
1070 1112
1071 1141
1072 1165
1073 1098
1074 1058
1075 1133
1076 1085
1077 1098
1078 1095
1079 1118
1080 1066
1081 1062
1082 1107
1083 1045
1084 1033
1085 1096
1086 1087
1087 1042
1088 1050
1089 1039
1090 998
1091 994
1092 1043
1093 1001
1094 1039
1095 1012
1096 990
1097 1002
1098 937
1099 985
1100 962
1101 979
1102 957
1103 954
1104 954
1105 1001
1106 975
1107 938
1108 953
1109 988
1110 961
1111 886
1112 962
1113 971
1114 930
1115 901
1116 904
1117 888
1118 921
1119 923
1120 916
1121 940
1122 899
1123 891
1124 871
1125 940
1126 921
1127 883
1128 913
1129 897
1130 904
1131 942
1132 928
1133 889
1134 937
1135 880
1136 897
1137 843
1138 943
1139 903
1140 922
1141 854
1142 909
1143 847
1144 895
1145 904
1146 839
1147 907
1148 833
1149 920
1150 857
1151 832
1152 872
1153 856
1154 824
1155 806
1156 852
1157 845
1158 841
1159 847
1160 862
1161 813
1162 782
1163 806
1164 814
1165 802
1166 808
1167 786
1168 816
1169 780
1170 808
1171 765
1172 801
1173 825
1174 810
1175 720
1176 869
1177 758
1178 760
1179 756
1180 733
1181 795
1182 751
1183 754
1184 783
1185 754
1186 723
1187 732
1188 703
1189 757
1190 700
1191 748
1192 719
1193 688
1194 702
1195 705
1196 667
1197 647
1198 734
1199 753
1200 684
1201 752
1202 690
1203 688
1204 693
1205 649
1206 694
1207 634
1208 672
1209 663
1210 627
1211 679
1212 641
1213 671
1214 647
1215 638
1216 654
1217 626
1218 657
1219 672
1220 660
1221 678
1222 622
1223 664
1224 592
1225 626
1226 595
1227 586
1228 645
1229 661
1230 639
1231 632
1232 645
1233 625
1234 608
1235 597
1236 608
1237 573
1238 601
1239 635
1240 605
1241 595
1242 602
1243 587
1244 613
1245 560
1246 617
1247 564
1248 528
1249 607
1250 579
1251 571
1252 585
1253 584
1254 553
1255 563
1256 557
1257 545
1258 540
1259 551
1260 561
1261 535
1262 569
1263 543
1264 542
1265 494
1266 541
1267 494
1268 496
1269 542
1270 520
1271 533
1272 473
1273 517
1274 511
1275 539
1276 515
1277 534
1278 542
1279 536
1280 537
1281 470
1282 547
1283 477
1284 524
1285 517
1286 478
1287 460
1288 494
1289 511
1290 522
1291 496
1292 485
1293 522
1294 498
1295 484
1296 503
1297 443
1298 470
1299 523
1300 456
1301 499
1302 477
1303 450
1304 469
1305 489
1306 426
1307 471
1308 442
1309 451
1310 455
1311 419
1312 460
1313 501
1314 432
1315 446
1316 447
1317 445
1318 451
1319 469
1320 435
1321 439
1322 451
1323 427
1324 431
1325 444
1326 418
1327 442
1328 388
1329 439
1330 424
1331 425
1332 411
1333 436
1334 428
1335 432
1336 439
1337 397
1338 432
1339 407
1340 404
1341 404
1342 392
1343 383
1344 414
1345 376
1346 392
1347 392
1348 411
1349 402
1350 403
1351 375
1352 402
1353 395
1354 379
1355 364
1356 392
1357 345
1358 406
1359 382
1360 394
1361 366
1362 367
1363 413
1364 378
1365 365
1366 381
1367 375
1368 416
1369 367
1370 355
1371 371
1372 349
1373 381
1374 374
1375 325
1376 326
1377 371
1378 351
1379 354
1380 362
1381 360
1382 364
1383 359
1384 327
1385 374
1386 338
1387 318
1388 385
1389 343
1390 338
1391 332
1392 342
1393 344
1394 322
1395 310
1396 327
1397 343
1398 302
1399 316
1400 303
1401 296
1402 293
1403 324
1404 317
1405 284
1406 313
1407 321
1408 295
1409 303
1410 328
1411 323
1412 291
1413 308
1414 266
1415 299
1416 287
1417 271
1418 286
1419 286
1420 286
1421 290
1422 279
1423 305
1424 263
1425 278
1426 316
1427 293
1428 306
1429 283
1430 296
1431 281
1432 253
1433 255
1434 263
1435 290
1436 289
1437 275
1438 281
1439 275
1440 269
1441 270
1442 264
1443 271
1444 258
1445 298
1446 299
1447 281
1448 275
1449 261
1450 268
1451 285
1452 264
1453 250
1454 241
1455 259
1456 294
1457 250
1458 294
1459 282
1460 294
1461 272
1462 256
1463 274
1464 301
1465 251
1466 254
1467 284
1468 237
1469 275
1470 278
1471 273
1472 272
1473 269
1474 267
1475 289
1476 252
1477 273
1478 217
1479 237
1480 272
1481 278
1482 248
1483 263
1484 220
1485 250
1486 248
1487 270
1488 230
1489 249
1490 233
1491 233
1492 233
1493 239
1494 240
1495 216
1496 222
1497 214
1498 240
1499 220
1500 221
1501 243
1502 254
1503 242
1504 240
1505 243
1506 215
1507 207
1508 237
1509 215
1510 222
1511 199
1512 241
1513 235
1514 208
1515 208
1516 243
1517 219
1518 238
1519 211
1520 223
1521 205
1522 223
1523 205
1524 186
1525 213
1526 201
1527 187
1528 192
1529 221
1530 194
1531 190
1532 213
1533 206
1534 196
1535 205
1536 205
1537 196
1538 187
1539 199
1540 199
1541 178
1542 206
1543 207
1544 189
1545 182
1546 190
1547 171
1548 195
1549 199
1550 198
1551 215
1552 172
1553 172
1554 177
1555 191
1556 163
1557 178
1558 178
1559 163
1560 182
1561 172
1562 172
1563 172
1564 183
1565 180
1566 197
1567 188
1568 167
1569 167
1570 130
1571 163
1572 170
1573 173
1574 143
1575 180
1576 176
1577 162
1578 173
1579 151
1580 158
1581 164
1582 166
1583 183
1584 159
1585 152
1586 171
1587 176
1588 164
1589 162
1590 178
1591 154
1592 172
1593 152
1594 192
1595 182
1596 156
1597 147
1598 164
1599 159
1600 164
1601 138
1602 142
1603 167
1604 138
1605 162
1606 175
1607 151
1608 138
1609 145
1610 134
1611 135
1612 133
1613 130
1614 142
1615 127
1616 137
1617 153
1618 160
1619 149
1620 147
1621 125
1622 146
1623 126
1624 141
1625 148
1626 127
1627 127
1628 140
1629 137
1630 118
1631 149
1632 144
1633 122
1634 132
1635 141
1636 126
1637 105
1638 127
1639 133
1640 124
1641 122
1642 142
1643 114
1644 141
1645 145
1646 131
1647 110
1648 116
1649 121
1650 107
1651 115
1652 116
1653 125
1654 105
1655 118
1656 138
1657 125
1658 119
1659 137
1660 126
1661 127
1662 114
1663 135
1664 113
1665 112
1666 116
1667 92
1668 114
1669 121
1670 113
1671 112
1672 134
1673 121
1674 117
1675 109
1676 96
1677 103
1678 114
1679 114
1680 110
1681 113
1682 100
1683 111
1684 101
1685 103
1686 92
1687 102
1688 109
1689 124
1690 98
1691 96
1692 103
1693 108
1694 114
1695 102
1696 86
1697 100
1698 111
1699 93
1700 104
1701 103
1702 107
1703 95
1704 113
1705 120
1706 85
1707 111
1708 88
1709 90
1710 106
1711 106
1712 105
1713 100
1714 113
1715 107
1716 98
1717 89
1718 110
1719 94
1720 83
1721 77
1722 80
1723 91
1724 92
1725 96
1726 88
1727 94
1728 90
1729 70
1730 85
1731 88
1732 85
1733 84
1734 95
1735 89
1736 100
1737 87
1738 96
1739 86
1740 99
1741 98
1742 92
1743 95
1744 84
1745 105
1746 99
1747 80
1748 85
1749 82
1750 82
1751 69
1752 87
1753 84
1754 82
1755 79
1756 83
1757 93
1758 87
1759 86
1760 78
1761 78
1762 81
1763 89
1764 73
1765 83
1766 80
1767 92
1768 104
1769 82
1770 88
1771 85
1772 97
1773 79
1774 76
1775 75
1776 84
1777 71
1778 73
1779 71
1780 79
1781 78
1782 82
1783 96
1784 78
1785 77
1786 85
1787 76
1788 84
1789 66
1790 70
1791 67
1792 71
1793 66
1794 76
1795 82
1796 77
1797 87
1798 77
1799 79
1800 78
1801 67
1802 77
1803 52
1804 73
1805 77
1806 84
1807 58
1808 47
1809 79
1810 77
1811 63
1812 71
1813 76
1814 76
1815 63
1816 80
1817 86
1818 79
1819 55
1820 74
1821 52
1822 78
1823 68
1824 66
1825 57
1826 67
1827 58
1828 61
1829 61
1830 67
1831 43
1832 63
1833 67
1834 66
1835 67
1836 65
1837 69
1838 62
1839 88
1840 69
1841 57
1842 70
1843 54
1844 68
1845 59
1846 71
1847 56
1848 56
1849 67
1850 72
1851 46
1852 71
1853 54
1854 75
1855 65
1856 52
1857 59
1858 74
1859 64
1860 61
1861 63
1862 57
1863 56
1864 70
1865 70
1866 60
1867 54
1868 49
1869 65
1870 59
1871 51
1872 61
1873 63
1874 54
1875 46
1876 68
1877 52
1878 75
1879 54
1880 68
1881 51
1882 68
1883 63
1884 58
1885 53
1886 64
1887 54
1888 61
1889 49
1890 63
1891 68
1892 65
1893 61
1894 63
1895 47
1896 58
1897 62
1898 62
1899 64
1900 61
1901 50
1902 62
1903 52
1904 55
1905 55
1906 57
1907 64
1908 50
1909 58
1910 60
1911 50
1912 47
1913 45
1914 55
1915 53
1916 64
1917 65
1918 47
1919 62
1920 62
1921 63
1922 41
1923 63
1924 54
1925 54
1926 52
1927 43
1928 43
1929 67
1930 50
1931 58
1932 33
1933 52
1934 51
1935 63
1936 61
1937 45
1938 40
1939 61
1940 48
1941 52
1942 50
1943 57
1944 43
1945 54
1946 56
1947 51
1948 62
1949 46
1950 54
1951 39
1952 52
1953 56
1954 45
1955 48
1956 54
1957 49
1958 41
1959 46
1960 40
1961 50
1962 48
1963 44
1964 39
1965 55
1966 51
1967 53
1968 43
1969 46
1970 47
1971 42
1972 56
1973 44
1974 50
1975 61
1976 40
1977 49
1978 48
1979 34
1980 57
1981 42
1982 45
1983 41
1984 40
1985 51
1986 44
1987 44
1988 47
1989 55
1990 64
1991 39
1992 44
1993 36
1994 39
1995 47
1996 44
1997 43
1998 45
1999 38
2000 45
2001 41
2002 43
2003 37
2004 49
2005 27
2006 49
2007 50
2008 48
2009 49
2010 42
2011 49
2012 54
2013 48
2014 47
2015 45
2016 35
2017 35
2018 40
2019 59
2020 24
2021 32
2022 30
2023 52
2024 41
2025 34
2026 40
2027 51
2028 29
2029 43
2030 35
2031 40
2032 41
2033 42
2034 26
2035 33
2036 35
2037 37
2038 28
2039 48
2040 39
2041 32
2042 40
2043 32
2044 37
2045 31
2046 41
2047 36
2048 43
2049 41
2050 40
2051 25
2052 34
2053 40
2054 42
2055 31
2056 40
2057 33
2058 37
2059 29
2060 34
2061 53
2062 30
2063 42
2064 35
2065 33
2066 39
2067 41
2068 30
2069 38
2070 31
2071 38
2072 30
2073 44
2074 31
2075 34
2076 34
2077 28
2078 38
2079 31
2080 28
2081 39
2082 37
2083 29
2084 47
2085 39
2086 29
2087 47
2088 34
2089 35
2090 40
2091 37
2092 27
2093 37
2094 42
2095 36
2096 32
2097 45
2098 36
2099 34
2100 35
2101 42
2102 44
2103 46
2104 41
2105 40
2106 36
2107 42
2108 27
2109 33
2110 38
2111 33
2112 44
2113 36
2114 28
2115 33
2116 30
2117 32
2118 37
2119 28
2120 43
2121 25
2122 36
2123 33
2124 23
2125 36
2126 41
2127 35
2128 29
2129 37
2130 40
2131 30
2132 29
2133 29
2134 34
2135 37
2136 22
2137 30
2138 26
2139 34
2140 29
2141 36
2142 28
2143 23
2144 33
2145 23
2146 32
2147 34
2148 23
2149 41
2150 32
2151 23
2152 31
2153 21
2154 33
2155 36
2156 31
2157 28
2158 34
2159 36
2160 33
2161 26
2162 38
2163 35
2164 37
2165 28
2166 38
2167 21
2168 27
2169 36
2170 31
2171 35
2172 27
2173 25
2174 33
2175 27
2176 21
2177 32
2178 35
2179 28
2180 23
2181 27
2182 29
2183 33
2184 32
2185 35
2186 31
2187 38
2188 22
2189 27
2190 31
2191 28
2192 39
2193 27
2194 30
2195 29
2196 20
2197 27
2198 28
2199 24
2200 28
2201 32
2202 30
2203 26
2204 22
2205 31
2206 28
2207 33
2208 28
2209 25
2210 25
2211 41
2212 21
2213 33
2214 26
2215 20
2216 25
2217 26
2218 32
2219 30
2220 37
2221 28
2222 27
2223 31
2224 18
2225 15
2226 23
2227 31
2228 32
2229 24
2230 22
2231 27
2232 30
2233 21
2234 31
2235 21
2236 27
2237 28
2238 12
2239 23
2240 30
2241 27
2242 18
2243 27
2244 21
2245 23
2246 20
2247 26
2248 27
2249 25
2250 24
2251 31
2252 16
2253 26
2254 16
2255 25
2256 30
2257 26
2258 32
2259 35
2260 27
2261 33
2262 30
2263 22
2264 24
2265 23
2266 21
2267 31
2268 22
2269 25
2270 22
2271 15
2272 22
2273 16
2274 18
2275 21
2276 13
2277 24
2278 19
2279 18
2280 20
2281 27
2282 28
2283 16
2284 26
2285 28
2286 26
2287 27
2288 23
2289 20
2290 19
2291 24
2292 29
2293 15
2294 28
2295 27
2296 27
2297 28
2298 28
2299 22
2300 14
2301 22
2302 32
2303 20
2304 28
2305 20
2306 19
2307 23
2308 25
2309 21
2310 23
2311 28
2312 13
2313 18
2314 16
2315 18
2316 14
2317 20
2318 26
2319 17
2320 18
2321 20
2322 18
2323 17
2324 32
2325 23
2326 17
2327 20
2328 21
2329 21
2330 14
2331 17
2332 25
2333 27
2334 22
2335 26
2336 21
2337 17
2338 27
2339 14
2340 25
2341 15
2342 17
2343 19
2344 15
2345 17
2346 16
2347 21
2348 22
2349 22
2350 20
2351 21
2352 20
2353 18
2354 16
2355 24
2356 18
2357 20
2358 22
2359 21
2360 14
2361 19
2362 14
2363 24
2364 21
2365 28
2366 20
2367 26
2368 17
2369 15
2370 24
2371 14
2372 16
2373 21
2374 19
2375 19
2376 24
2377 25
2378 20
2379 19
2380 26
2381 19
2382 18
2383 22
2384 17
2385 25
2386 22
2387 25
2388 18
2389 17
2390 21
2391 24
2392 16
2393 15
2394 21
2395 20
2396 17
2397 15
2398 23
2399 22
2400 24
2401 15
2402 25
2403 19
2404 17
2405 20
2406 14
2407 20
2408 22
2409 25
2410 16
2411 13
2412 17
2413 21
2414 25
2415 13
2416 16
2417 21
2418 20
2419 17
2420 28
2421 19
2422 10
2423 18
2424 22
2425 17
2426 21
2427 19
2428 23
2429 29
2430 16
2431 10
2432 22
2433 16
2434 15
2435 21
2436 22
2437 19
2438 19
2439 21
2440 19
2441 31
2442 17
2443 17
2444 15
2445 20
2446 27
2447 17
2448 21
2449 17
2450 22
2451 11
2452 15
2453 11
2454 14
2455 25
2456 13
2457 10
2458 16
2459 20
2460 21
2461 19
2462 16
2463 17
2464 17
2465 16
2466 22
2467 20
2468 18
2469 16
2470 19
2471 17
2472 16
2473 14
2474 16
2475 15
2476 18
2477 17
2478 24
2479 17
2480 15
2481 18
2482 24
2483 16
2484 14
2485 20
2486 16
2487 11
2488 16
2489 23
2490 18
2491 17
2492 17
2493 19
2494 18
2495 13
2496 15
2497 19
2498 16
2499 19
2500 17
2501 20
2502 23
2503 15
2504 20
2505 13
2506 19
2507 14
2508 14
2509 21
2510 12
2511 16
2512 13
2513 11
2514 22
2515 24
2516 21
2517 13
2518 21
2519 22
2520 20
2521 13
2522 14
2523 17
2524 14
2525 12
2526 19
2527 14
2528 22
2529 20
2530 22
2531 18
2532 21
2533 12
2534 14
2535 16
2536 21
2537 12
2538 19
2539 28
2540 20
2541 16
2542 18
2543 13
2544 17
2545 24
2546 18
2547 22
2548 8
2549 18
2550 11
2551 17
2552 16
2553 9
2554 13
2555 15
2556 19
2557 18
2558 21
2559 18
2560 18
2561 9
2562 23
2563 14
2564 12
2565 17
2566 12
2567 14
2568 19
2569 17
2570 9
2571 10
2572 8
2573 15
2574 21
2575 24
2576 9
2577 18
2578 16
2579 21
2580 16
2581 19
2582 19
2583 15
2584 21
2585 20
2586 13
2587 9
2588 20
2589 11
2590 12
2591 16
2592 16
2593 13
2594 7
2595 13
2596 14
2597 14
2598 11
2599 16
2600 11
2601 21
2602 13
2603 16
2604 17
2605 10
2606 20
2607 16
2608 16
2609 18
2610 13
2611 14
2612 13
2613 14
2614 8
2615 17
2616 16
2617 18
2618 20
2619 20
2620 17
2621 19
2622 16
2623 8
2624 19
2625 16
2626 14
2627 21
2628 13
2629 17
2630 12
2631 21
2632 14
2633 21
2634 18
2635 20
2636 7
2637 11
2638 16
2639 14
2640 16
2641 15
2642 21
2643 14
2644 11
2645 16
2646 16
2647 18
2648 19
2649 8
2650 14
2651 7
2652 17
2653 13
2654 13
2655 17
2656 21
2657 15
2658 11
2659 13
2660 16
2661 9
2662 12
2663 14
2664 13
2665 10
2666 23
2667 21
2668 21
2669 12
2670 11
2671 10
2672 15
2673 17
2674 12
2675 6
2676 21
2677 14
2678 19
2679 18
2680 12
2681 18
2682 10
2683 15
2684 12
2685 15
2686 11
2687 6
2688 13
2689 9
2690 11
2691 16
2692 14
2693 16
2694 16
2695 14
2696 15
2697 15
2698 17
2699 16
2700 15
2701 11
2702 7
2703 19
2704 15
2705 15
2706 9
2707 14
2708 15
2709 15
2710 14
2711 10
2712 10
2713 12
2714 8
2715 14
2716 17
2717 16
2718 7
2719 15
2720 11
2721 11
2722 19
2723 12
2724 11
2725 8
2726 17
2727 9
2728 18
2729 18
2730 11
2731 13
2732 15
2733 11
2734 10
2735 18
2736 16
2737 13
2738 12
2739 12
2740 13
2741 13
2742 13
2743 12
2744 11
2745 9
2746 19
2747 14
2748 14
2749 7
2750 12
2751 14
2752 15
2753 18
2754 14
2755 15
2756 10
2757 20
2758 15
2759 12
2760 11
2761 10
2762 12
2763 11
2764 13
2765 13
2766 10
2767 16
2768 10
2769 10
2770 16
2771 18
2772 19
2773 15
2774 18
2775 8
2776 17
2777 20
2778 13
2779 13
2780 16
2781 18
2782 11
2783 10
2784 13
2785 13
2786 15
2787 11
2788 14
2789 22
2790 16
2791 16
2792 13
2793 10
2794 26
2795 9
2796 14
2797 23
2798 9
2799 23
2800 13
2801 8
2802 19
2803 15
2804 18
2805 15
2806 13
2807 11
2808 11
2809 11
2810 14
2811 12
2812 12
2813 9
2814 9
2815 11
2816 15
2817 17
2818 10
2819 8
2820 13
2821 10
2822 14
2823 16
2824 12
2825 14
2826 20
2827 12
2828 16
2829 18
2830 9
2831 14
2832 17
2833 13
2834 15
2835 16
2836 18
2837 15
2838 16
2839 8
2840 17
2841 7
2842 11
2843 11
2844 9
2845 15
2846 11
2847 13
2848 18
2849 11
2850 9
2851 15
2852 12
2853 18
2854 10
2855 17
2856 14
2857 9
2858 13
2859 11
2860 14
2861 13
2862 20
2863 10
2864 17
2865 12
2866 17
2867 9
2868 9
2869 9
2870 13
2871 13
2872 15
2873 11
2874 10
2875 24
2876 9
2877 14
2878 8
2879 10
2880 17
2881 11
2882 16
2883 12
2884 13
2885 12
2886 10
2887 18
2888 9
2889 11
2890 10
2891 9
2892 18
2893 11
2894 14
2895 12
2896 16
2897 14
2898 10
2899 9
2900 13
2901 12
2902 21
2903 15
2904 13
2905 10
2906 8
2907 10
2908 9
2909 10
2910 18
2911 22
2912 11
2913 12
2914 16
2915 8
2916 18
2917 15
2918 13
2919 7
2920 13
2921 17
2922 15
2923 16
2924 9
2925 17
2926 11
2927 9
2928 11
2929 8
2930 14
2931 11
2932 13
2933 9
2934 8
2935 10
2936 7
2937 11
2938 9
2939 12
2940 15
2941 13
2942 13
2943 12
2944 11
2945 16
2946 13
2947 13
2948 17
2949 15
2950 9
2951 11
2952 18
2953 12
2954 11
2955 11
2956 16
2957 14
2958 6
2959 16
2960 16
2961 14
2962 12
2963 12
2964 10
2965 12
2966 12
2967 12
2968 11
2969 10
2970 14
2971 13
2972 14
2973 12
2974 16
2975 11
2976 11
2977 11
2978 13
2979 12
2980 7
2981 11
2982 11
2983 16
2984 13
2985 15
2986 13
2987 16
2988 18
2989 16
2990 9
2991 11
2992 15
2993 9
2994 9
2995 17
2996 12
2997 8
2998 11
2999 14
3000 18
3001 17
3002 13
3003 13
3004 12
3005 17
3006 8
3007 23
3008 16
3009 8
3010 11
3011 13
3012 11
3013 17
3014 19
3015 16
3016 12
3017 11
3018 10
3019 14
3020 14
3021 18
3022 13
3023 19
3024 17
3025 9
3026 8
3027 10
3028 13
3029 15
3030 8
3031 14
3032 9
3033 18
3034 18
3035 14
3036 16
3037 16
3038 16
3039 5
3040 11
3041 16
3042 17
3043 8
3044 18
3045 17
3046 17
3047 12
3048 17
3049 25
3050 14
3051 12
3052 15
3053 15
3054 7
3055 9
3056 10
3057 17
3058 12
3059 13
3060 9
3061 9
3062 9
3063 9
3064 13
3065 7
3066 7
3067 18
3068 15
3069 12
3070 20
3071 7
3072 14
3073 10
3074 11
3075 8
3076 11
3077 12
3078 8
3079 12
3080 13
3081 11
3082 16
3083 17
3084 11
3085 10
3086 12
3087 16
3088 8
3089 15
3090 16
3091 15
3092 11
3093 6
3094 16
3095 12
3096 15
3097 14
3098 9
3099 18
3100 13
3101 12
3102 9
3103 12
3104 10
3105 19
3106 9
3107 10
3108 9
3109 11
3110 16
3111 12
3112 14
3113 15
3114 7
3115 11
3116 13
3117 9
3118 13
3119 8
3120 16
3121 10
3122 17
3123 20
3124 19
3125 25
3126 15
3127 9
3128 13
3129 7
3130 15
3131 21
3132 14
3133 13
3134 12
3135 10
3136 14
3137 12
3138 14
3139 11
3140 9
3141 10
3142 13
3143 10
3144 9
3145 20
3146 20
3147 9
3148 13
3149 13
3150 17
3151 6
3152 15
3153 10
3154 9
3155 15
3156 14
3157 18
3158 12
3159 13
3160 10
3161 11
3162 6
3163 12
3164 13
3165 16
3166 16
3167 7
3168 15
3169 12
3170 14
3171 16
3172 16
3173 9
3174 14
3175 10
3176 13
3177 15
3178 10
3179 8
3180 17
3181 14
3182 13
3183 15
3184 13
3185 9
3186 15
3187 12
3188 9
3189 20
3190 14
3191 14
3192 11
3193 15
3194 8
3195 18
3196 10
3197 10
3198 10
3199 16
3200 12
3201 21
3202 10
3203 14
3204 21
3205 12
3206 12
3207 13
3208 8
3209 16
3210 11
3211 17
3212 16
3213 11
3214 12
3215 10
3216 11
3217 15
3218 7
3219 7
3220 16
3221 11
3222 10
3223 8
3224 13
3225 11
3226 10
3227 9
3228 12
3229 8
3230 17
3231 15
3232 9
3233 9
3234 10
3235 13
3236 9
3237 12
3238 16
3239 10
3240 7
3241 13
3242 12
3243 13
3244 14
3245 10
3246 8
3247 12
3248 18
3249 15
3250 10
3251 16
3252 6
3253 14
3254 18
3255 10
3256 11
3257 14
3258 15
3259 13
3260 9
3261 10
3262 19
3263 14
3264 11
3265 10
3266 8
3267 26
3268 18
3269 7
3270 10
3271 12
3272 15
3273 16
3274 9
3275 15
3276 18
3277 12
3278 14
3279 13
3280 4
3281 9
3282 6
3283 12
3284 15
3285 15
3286 16
3287 11
3288 14
3289 19
3290 9
3291 10
3292 11
3293 10
3294 7
3295 14
3296 19
3297 7
3298 16
3299 16
3300 15
3301 13
3302 9
3303 20
3304 7
3305 15
3306 16
3307 5
3308 7
3309 13
3310 10
3311 7
3312 17
3313 11
3314 10
3315 16
3316 11
3317 6
3318 15
3319 4
3320 8
3321 17
3322 14
3323 9
3324 13
3325 13
3326 7
3327 16
3328 12
3329 6
3330 9
3331 14
3332 10
3333 13
3334 14
3335 12
3336 10
3337 12
3338 9
3339 13
3340 17
3341 16
3342 10
3343 15
3344 7
3345 16
3346 16
3347 10
3348 11
3349 9
3350 11
3351 9
3352 10
3353 9
3354 15
3355 15
3356 16
3357 11
3358 14
3359 11
3360 11
3361 9
3362 15
3363 11
3364 12
3365 12
3366 19
3367 8
3368 14
3369 11
3370 15
3371 13
3372 9
3373 8
3374 9
3375 7
3376 7
3377 14
3378 13
3379 12
3380 13
3381 9
3382 9
3383 19
3384 18
3385 7
3386 17
3387 14
3388 16
3389 13
3390 13
3391 12
3392 14
3393 13
3394 11
3395 14
3396 10
3397 14
3398 15
3399 9
3400 13
3401 13
3402 8
3403 10
3404 9
3405 16
3406 6
3407 13
3408 11
3409 7
3410 15
3411 15
3412 16
3413 11
3414 14
3415 12
3416 14
3417 15
3418 14
3419 10
3420 9
3421 15
3422 5
3423 10
3424 10
3425 11
3426 5
3427 16
3428 14
3429 18
3430 3
3431 15
3432 5
3433 21
3434 13
3435 7
3436 13
3437 14
3438 10
3439 12
3440 11
3441 10
3442 16
3443 12
3444 8
3445 19
3446 11
3447 9
3448 10
3449 14
3450 17
3451 16
3452 10
3453 15
3454 15
3455 10
3456 12
3457 20
3458 12
3459 12
3460 13
3461 14
3462 12
3463 7
3464 13
3465 13
3466 11
3467 11
3468 13
3469 16
3470 7
3471 10
3472 13
3473 16
3474 18
3475 10
3476 6
3477 11
3478 12
3479 11
3480 20
3481 14
3482 8
3483 7
3484 11
3485 4
3486 12
3487 12
3488 13
3489 8
3490 13
3491 19
3492 9
3493 11
3494 15
3495 9
3496 16
3497 16
3498 15
3499 8
3500 13
3501 15
3502 7
3503 8
3504 10
3505 14
3506 10
3507 10
3508 14
3509 13
3510 10
3511 7
3512 12
3513 14
3514 8
3515 15
3516 8
3517 11
3518 14
3519 13
3520 11
3521 11
3522 10
3523 1
3524 7
3525 8
3526 12
3527 12
3528 6
3529 12
3530 15
3531 10
3532 13
3533 11
3534 8
3535 9
3536 9
3537 15
3538 12
3539 9
3540 16
3541 15
3542 14
3543 15
3544 16
3545 11
3546 11
3547 17
3548 14
3549 13
3550 9
3551 18
3552 10
3553 13
3554 8
3555 9
3556 16
3557 7
3558 13
3559 12
3560 14
3561 6
3562 14
3563 14
3564 13
3565 13
3566 18
3567 18
3568 11
3569 9
3570 12
3571 9
3572 4
3573 8
3574 14
3575 15
3576 12
3577 9
3578 10
3579 10
3580 7
3581 16
3582 9
3583 14
3584 10
3585 12
3586 18
3587 15
3588 13
3589 12
3590 17
3591 13
3592 11
3593 6
3594 13
3595 14
3596 6
3597 12
3598 10
3599 7
3600 10
3601 20
3602 13
3603 6
3604 13
3605 11
3606 9
3607 11
3608 5
3609 14
3610 19
3611 20
3612 13
3613 15
3614 13
3615 12
3616 12
3617 9
3618 10
3619 11
3620 16
3621 9
3622 11
3623 9
3624 4
3625 13
3626 8
3627 8
3628 18
3629 18
3630 12
3631 12
3632 7
3633 21
3634 9
3635 7
3636 15
3637 10
3638 13
3639 14
3640 11
3641 10
3642 11
3643 6
3644 16
3645 11
3646 15
3647 11
3648 14
3649 15
3650 8
3651 16
3652 15
3653 11
3654 8
3655 12
3656 15
3657 12
3658 10
3659 10
3660 6
3661 6
3662 9
3663 9
3664 13
3665 8
3666 13
3667 9
3668 12
3669 13
3670 20
3671 13
3672 8
3673 7
3674 10
3675 8
3676 13
3677 9
3678 11
3679 13
3680 12
3681 9
3682 17
3683 9
3684 11
3685 10
3686 18
3687 10
3688 9
3689 13
3690 11
3691 16
3692 16
3693 14
3694 9
3695 13
3696 13
3697 18
3698 13
3699 8
3700 7
3701 11
3702 12
3703 11
3704 3
3705 14
3706 13
3707 14
3708 6
3709 6
3710 15
3711 13
3712 10
3713 12
3714 6
3715 9
3716 14
3717 16
3718 16
3719 9
3720 16
3721 10
3722 11
3723 9
3724 13
3725 15
3726 10
3727 12
3728 6
3729 13
3730 14
3731 13
3732 5
3733 6
3734 17
3735 4
3736 12
3737 4
3738 8
3739 19
3740 13
3741 17
3742 12
3743 11
3744 6
3745 13
3746 7
3747 8
3748 12
3749 5
3750 9
3751 13
3752 14
3753 10
3754 10
3755 7
3756 10
3757 12
3758 11
3759 6
3760 6
3761 12
3762 11
3763 10
3764 7
3765 11
3766 9
3767 15
3768 15
3769 11
3770 10
3771 11
3772 11
3773 12
3774 13
3775 8
3776 10
3777 8
3778 7
3779 8
3780 12
3781 11
3782 10
3783 14
3784 12
3785 11
3786 8
3787 15
3788 14
3789 11
3790 10
3791 12
3792 12
3793 7
3794 5
3795 13
3796 8
3797 13
3798 8
3799 4
3800 11
3801 13
3802 16
3803 12
3804 4
3805 5
3806 11
3807 11
3808 9
3809 9
3810 10
3811 12
3812 15
3813 8
3814 10
3815 10
3816 10
3817 8
3818 13
3819 13
3820 14
3821 10
3822 10
3823 9
3824 11
3825 13
3826 8
3827 15
3828 10
3829 12
3830 14
3831 4
3832 9
3833 10
3834 13
3835 18
3836 7
3837 9
3838 10
3839 12
3840 10
3841 12
3842 8
3843 11
3844 9
3845 10
3846 10
3847 15
3848 18
3849 17
3850 10
3851 13
3852 9
3853 9
3854 12
3855 7
3856 9
3857 8
3858 16
3859 7
3860 12
3861 9
3862 13
3863 13
3864 7
3865 5
3866 8
3867 6
3868 10
3869 7
3870 9
3871 10
3872 11
3873 15
3874 9
3875 10
3876 8
3877 10
3878 15
3879 9
3880 13
3881 10
3882 8
3883 14
3884 12
3885 10
3886 13
3887 8
3888 14
3889 4
3890 8
3891 17
3892 7
3893 11
3894 12
3895 13
3896 8
3897 8
3898 8
3899 10
3900 13
3901 8
3902 10
3903 15
3904 9
3905 10
3906 12
3907 10
3908 6
3909 8
3910 14
3911 5
3912 9
3913 9
3914 8
3915 8
3916 12
3917 7
3918 4
3919 16
3920 7
3921 5
3922 12
3923 9
3924 10
3925 9
3926 9
3927 11
3928 12
3929 9
3930 5
3931 10
3932 9
3933 10
3934 7
3935 17
3936 7
3937 8
3938 12
3939 10
3940 12
3941 11
3942 7
3943 9
3944 9
3945 11
3946 12
3947 14
3948 9
3949 10
3950 12
3951 16
3952 7
3953 9
3954 13
3955 5
3956 7
3957 11
3958 8
3959 5
3960 6
3961 12
3962 12
3963 8
3964 14
3965 12
3966 13
3967 13
3968 12
3969 11
3970 5
3971 10
3972 10
3973 7
3974 11
3975 10
3976 10
3977 9
3978 9
3979 8
3980 9
3981 10
3982 6
3983 8
3984 6
3985 8
3986 13
3987 9
3988 22
3989 8
3990 5
3991 8
3992 15
3993 8
3994 6
3995 9
3996 7
3997 14
3998 4
3999 5
4000 10
4001 8
4002 14
4003 8
4004 13
4005 11
4006 8
4007 6
4008 14
4009 11
4010 4
4011 6
4012 12
4013 12
4014 8
4015 11
4016 14
4017 10
4018 10
4019 7
4020 11
4021 9
4022 8
4023 11
4024 10
4025 6
4026 13
4027 11
4028 11
4029 11
4030 8
4031 8
4032 10
4033 9
4034 6
4035 8
4036 8
4037 4
4038 9
4039 9
4040 10
4041 9
4042 4
4043 12
4044 11
4045 4
4046 15
4047 13
4048 11
4049 5
4050 8
4051 9
4052 8
4053 14
4054 13
4055 10
4056 8
4057 8
4058 7
4059 5
4060 4
4061 6
4062 5
4063 13
4064 15
4065 9
4066 12
4067 10
4068 8
4069 15
4070 13
4071 9
4072 11
4073 14
4074 10
4075 11
4076 14
4077 9
4078 11
4079 9
4080 7
4081 9
4082 12
4083 10
4084 8
4085 8
4086 13
4087 5
4088 12
4089 5
4090 14
4091 9
4092 12
4093 11
4094 14
4095 9
4096 8
4097 11
4098 9
4099 11
4100 9
4101 10
4102 12
4103 11
4104 10
4105 11
4106 8
4107 5
4108 8
4109 8
4110 2
4111 9
4112 7
4113 4
4114 9
4115 9
4116 8
4117 3
4118 12
4119 8
4120 10
4121 7
4122 13
4123 14
4124 9
4125 7
4126 8
4127 4
4128 9
4129 12
4130 11
4131 9
4132 11
4133 5
4134 9
4135 14
4136 8
4137 6
4138 9
4139 10
4140 14
4141 10
4142 14
4143 9
4144 7
4145 9
4146 16
4147 5
4148 6
4149 7
4150 9
4151 6
4152 13
4153 14
4154 8
4155 7
4156 11
4157 7
4158 9
4159 3
4160 9
4161 11
4162 7
4163 6
4164 8
4165 7
4166 8
4167 5
4168 10
4169 8
4170 7
4171 7
4172 9
4173 6
4174 11
4175 7
4176 10
4177 12
4178 11
4179 8
4180 10
4181 9
4182 5
4183 6
4184 7
4185 4
4186 3
4187 11
4188 8
4189 6
4190 9
4191 6
4192 5
4193 10
4194 3
4195 4
4196 7
4197 11
4198 14
4199 17
4200 9
4201 10
4202 11
4203 10
4204 11
4205 11
4206 8
4207 9
4208 10
4209 9
4210 8
4211 12
4212 13
4213 9
4214 11
4215 7
4216 6
4217 5
4218 9
4219 10
4220 8
4221 7
4222 6
4223 8
4224 3
4225 4
4226 4
4227 10
4228 11
4229 9
4230 9
4231 18
4232 7
4233 12
4234 10
4235 11
4236 7
4237 7
4238 14
4239 5
4240 7
4241 7
4242 15
4243 11
4244 10
4245 14
4246 8
4247 9
4248 6
4249 10
4250 9
4251 8
4252 12
4253 15
4254 6
4255 11
4256 10
4257 4
4258 10
4259 6
4260 12
4261 6
4262 15
4263 3
4264 9
4265 10
4266 5
4267 11
4268 11
4269 5
4270 10
4271 4
4272 12
4273 14
4274 9
4275 6
4276 7
4277 8
4278 11
4279 11
4280 8
4281 4
4282 6
4283 7
4284 7
4285 9
4286 10
4287 5
4288 6
4289 6
4290 11
4291 8
4292 7
4293 6
4294 10
4295 6
4296 10
4297 10
4298 9
4299 7
4300 5
4301 6
4302 9
4303 6
4304 4
4305 3
4306 9
4307 7
4308 5
4309 7
4310 5
4311 6
4312 5
4313 7
4314 5
4315 9
4316 11
4317 1
4318 11
4319 8
4320 10
4321 8
4322 4
4323 5
4324 9
4325 12
4326 7
4327 9
4328 7
4329 12
4330 10
4331 7
4332 7
4333 9
4334 8
4335 10
4336 7
4337 9
4338 7
4339 12
4340 5
4341 9
4342 3
4343 9
4344 19
4345 9
4346 9
4347 15
4348 11
4349 6
4350 8
4351 9
4352 6
4353 11
4354 7
4355 7
4356 7
4357 9
4358 9
4359 8
4360 7
4361 11
4362 3
4363 2
4364 8
4365 8
4366 10
4367 7
4368 6
4369 7
4370 5
4371 5
4372 7
4373 4
4374 11
4375 5
4376 7
4377 8
4378 6
4379 5
4380 4
4381 9
4382 6
4383 10
4384 4
4385 9
4386 8
4387 8
4388 10
4389 14
4390 11
4391 5
4392 8
4393 12
4394 8
4395 14
4396 3
4397 3
4398 9
4399 13
4400 10
4401 8
4402 2
4403 9
4404 5
4405 15
4406 7
4407 5
4408 15
4409 4
4410 9
4411 8
4412 6
4413 6
4414 5
4415 9
4416 7
4417 8
4418 7
4419 7
4420 7
4421 6
4422 6
4423 5
4424 8
4425 7
4426 8
4427 2
4428 5
4429 7
4430 4
4431 5
4432 9
4433 5
4434 9
4435 6
4436 8
4437 12
4438 6
4439 9
4440 5
4441 4
4442 7
4443 9
4444 14
4445 5
4446 10
4447 6
4448 7
4449 5
4450 3
4451 10
4452 5
4453 6
4454 8
4455 4
4456 4
4457 7
4458 6
4459 5
4460 9
4461 13
4462 16
4463 4
4464 12
4465 3
4466 10
4467 6
4468 8
4469 11
4470 9
4471 11
4472 3
4473 9
4474 6
4475 3
4476 8
4477 5
4478 3
4479 10
4480 9
4481 7
4482 4
4483 7
4484 9
4485 6
4486 11
4487 6
4488 3
4489 7
4490 12
4491 4
4492 8
4493 6
4494 7
4495 9
4496 7
4497 3
4498 8
4499 5
4500 5
4501 6
4502 9
4503 4
4504 3
4505 3
4506 3
4507 12
4508 8
4509 7
4510 6
4511 3
4512 10
4513 7
4514 5
4515 7
4516 3
4517 5
4518 12
4519 5
4520 6
4521 6
4522 18
4523 6
4524 8
4525 6
4526 1
4527 9
4528 7
4529 12
4530 4
4531 7
4532 8
4533 3
4534 1
4535 9
4536 4
4537 11
4538 10
4539 9
4540 4
4541 6
4542 6
4543 11
4544 5
4545 7
4546 8
4547 9
4548 10
4549 4
4550 3
4551 3
4552 6
4553 7
4554 7
4555 6
4556 7
4557 7
4558 3
4559 5
4560 6
4561 7
4562 8
4563 5
4564 4
4565 9
4566 5
4567 6
4568 5
4569 8
4570 3
4571 8
4572 8
4573 6
4574 3
4575 6
4576 5
4577 8
4578 4
4579 9
4580 7
4581 6
4582 7
4583 9
4584 8
4585 8
4586 6
4587 6
4588 7
4589 7
4590 4
4591 7
4592 7
4593 7
4594 11
4595 4
4596 15
4597 7
4598 4
4599 3
4600 4
4601 3
4602 4
4603 7
4604 5
4605 7
4606 3
4607 9
4608 9
4609 5
4610 7
4611 4
4612 5
4613 10
4614 4
4615 8
4616 5
4617 3
4618 6
4619 2
4620 6
4621 7
4622 8
4623 8
4624 8
4625 8
4626 6
4627 1
4628 6
4629 5
4630 3
4631 7
4632 8
4633 9
4634 3
4635 10
4636 4
4637 4
4638 4
4639 4
4640 6
4641 15
4642 7
4643 10
4644 4
4645 3
4646 7
4647 5
4648 10
4649 2
4650 8
4651 7
4652 8
4653 7
4654 5
4655 4
4656 8
4657 2
4658 8
4659 5
4660 8
4661 7
4662 4
4663 8
4664 5
4665 2
4666 4
4667 7
4668 2
4669 2
4670 3
4671 7
4672 9
4673 4
4674 6
4675 12
4676 7
4677 8
4678 11
4679 8
4680 5
4681 4
4682 7
4683 5
4684 7
4685 7
4686 4
4687 4
4688 7
4689 10
4690 5
4691 5
4692 7
4693 6
4694 13
4695 7
4696 4
4697 2
4698 4
4699 6
4700 6
4701 5
4702 7
4703 7
4704 6
4705 3
4706 6
4707 6
4708 8
4709 4
4710 4
4711 7
4712 4
4713 5
4714 5
4715 5
4716 6
4717 11
4718 6
4719 4
4720 6
4721 11
4722 1
4723 9
4724 8
4725 7
4726 2
4727 6
4728 3
4729 3
4730 7
4731 7
4732 3
4733 5
4734 4
4735 5
4736 4
4737 12
4738 4
4739 8
4740 4
4741 2
4742 3
4743 4
4744 2
4745 6
4746 12
4747 6
4748 6
4749 7
4750 3
4751 4
4752 4
4753 5
4754 2
4755 4
4756 5
4757 6
4758 6
4759 6
4760 6
4761 5
4762 6
4763 4
4764 9
4765 4
4766 3
4767 5
4768 4
4769 7
4770 3
4771 10
4772 2
4773 7
4774 4
4775 8
4776 1
4777 6
4778 7
4779 2
4780 6
4781 8
4782 5
4783 7
4784 5
4785 4
4786 1
4787 8
4788 3
4789 2
4790 7
4791 7
4792 6
4793 7
4794 6
4795 11
4796 4
4797 7
4798 3
4799 3
4800 4
4801 4
4802 4
4803 9
4804 8
4805 5
4806 5
4807 2
4808 8
4809 5
4810 7
4811 7
4812 3
4813 5
4814 5
4815 4
4816 3
4817 6
4818 7
4819 3
4820 3
4821 5
4822 3
4823 5
4824 5
4825 5
4826 3
4827 4
4828 8
4829 7
4830 4
4831 5
4832 3
4833 6
4834 8
4835 6
4836 3
4837 5
4838 7
4839 9
4840 5
4841 9
4842 4
4843 4
4844 4
4845 2
4846 5
4847 5
4848 9
4849 6
4850 5
4851 5
4852 3
4853 6
4854 5
4855 10
4856 4
4857 4
4858 4
4859 2
4860 4
4861 4
4862 7
4863 4
4864 6
4865 3
4866 5
4867 4
4868 5
4869 1
4870 10
4871 3
4872 2
4873 6
4874 6
4875 6
4876 8
4877 7
4878 5
4879 5
4880 9
4881 7
4882 9
4883 5
4884 4
4885 5
4886 4
4887 1
4888 6
4889 4
4890 8
4891 5
4892 3
4893 5
4894 1
4895 2
4896 6
4897 6
4898 7
4899 4
4900 4
4901 4
4902 2
4903 7
4904 4
4905 4
4906 9
4907 5
4908 6
4909 10
4910 9
4911 5
4912 8
4913 5
4914 3
4915 7
4916 3
4917 5
4918 1
4919 2
4920 5
4921 7
4922 5
4923 3
4924 4
4925 3
4926 4
4927 6
4928 5
4929 4
4930 5
4931 4
4932 7
4933 1
4934 2
4935 6
4936 2
4937 4
4938 4
4939 7
4940 7
4941 6
4942 2
4943 3
4944 5
4945 8
4946 6
4947 5
4948 6
4949 9
4950 2
4951 5
4952 5
4953 4
4954 6
4955 5
4956 1
4957 6
4958 6
4959 8
4960 2
4961 3
4962 5
4963 4
4964 4
4965 3
4966 5
4967 4
4968 7
4969 4
4970 1
4971 8
4972 6
4973 6
4974 3
4975 5
4976 9
4977 6
4978 5
4979 3
4980 3
4981 3
4982 4
4983 5
4984 3
4985 7
4986 4
4987 5
4988 4
4989 5
4990 3
4991 7
4992 3
4993 3
4994 5
4995 6
4996 2
4997 8
4998 3
4999 5
5000 1
5001 5
5002 3
5003 2
5004 10
5005 3
5006 4
5007 2
5008 6
5009 5
5010 7
5011 6
5012 3
5013 9
5014 5
5015 6
5016 9
5017 1
5018 3
5019 6
5020 6
5021 5
5022 5
5023 5
5024 6
5025 4
5026 4
5027 3
5028 8
5029 3
5030 6
5031 4
5032 5
5033 3
5034 2
5035 2
5036 7
5037 6
5038 1
5039 7
5040 4
5041 6
5042 6
5043 2
5044 4
5045 4
5046 1
5047 6
5048 7
5049 4
5050 5
5051 3
5052 2
5053 9
5054 5
5055 8
5056 5
5057 4
5058 4
5059 3
5060 9
5061 3
5062 4
5063 2
5064 3
5065 1
5066 5
5067 4
5068 5
5069 6
5070 2
5071 3
5072 4
5073 4
5074 3
5075 6
5076 3
5077 4
5078 4
5079 7
5080 5
5081 4
5082 3
5083 5
5084 4
5085 3
5086 8
5087 3
5088 5
5089 5
5090 5
5091 3
5092 4
5093 6
5094 3
5095 7
5096 4
5097 4
5098 6
5100 6
5101 1
5102 1
5103 6
5104 2
5105 4
5106 2
5107 5
5108 6
5109 10
5110 6
5111 6
5112 5
5113 9
5114 8
5115 1
5116 4
5117 6
5118 3
5119 3
5120 6
5121 5
5122 1
5123 9
5124 3
5125 4
5126 4
5127 2
5128 4
5129 3
5130 5
5131 1
5132 4
5134 6
5135 12
5136 1
5137 2
5138 4
5139 4
5140 5
5141 5
5142 2
5143 1
5144 6
5145 4
5146 4
5147 4
5148 6
5149 8
5150 1
5151 4
5152 5
5153 4
5154 1
5155 4
5156 5
5157 4
5158 4
5159 5
5160 2
5161 4
5162 3
5163 1
5164 3
5165 3
5166 5
5167 2
5168 3
5169 6
5170 4
5171 5
5172 3
5173 4
5174 6
5175 4
5176 5
5177 4
5178 3
5179 7
5180 3
5181 4
5182 4
5183 2
5184 3
5185 5
5186 4
5187 2
5188 4
5189 5
5190 3
5191 6
5192 8
5193 3
5194 5
5195 2
5196 2
5197 5
5198 3
5200 4
5201 6
5202 1
5203 8
5204 3
5205 6
5206 4
5207 3
5208 4
5209 2
5210 2
5211 5
5212 3
5213 2
5214 6
5215 1
5216 4
5217 7
5218 5
5219 5
5220 2
5221 5
5222 2
5223 5
5224 5
5225 2
5226 3
5227 6
5228 3
5229 4
5230 5
5231 5
5232 3
5233 7
5234 1
5235 4
5236 5
5237 1
5238 5
5239 1
5240 1
5241 5
5242 3
5243 5
5244 6
5245 3
5246 1
5247 2
5249 1
5250 3
5251 5
5252 2
5253 5
5254 4
5255 4
5256 1
5257 5
5258 3
5259 5
5260 5
5261 2
5262 5
5263 3
5264 6
5265 1
5266 6
5267 8
5268 5
5269 3
5270 2
5271 3
5272 3
5273 2
5274 9
5275 3
5276 2
5277 2
5278 2
5279 8
5280 4
5281 6
5282 4
5283 5
5284 1
5285 4
5286 3
5287 7
5288 5
5289 2
5290 5
5291 4
5292 3
5293 4
5294 4
5295 4
5296 1
5297 3
5298 1
5299 5
5300 3
5301 4
5302 6
5303 2
5304 2
5305 4
5306 2
5307 3
5308 3
5309 8
5310 4
5311 1
5312 5
5313 3
5314 6
5315 3
5316 4
5317 1
5318 4
5319 6
5320 4
5321 5
5322 2
5323 3
5324 4
5325 6
5326 4
5327 2
5328 1
5329 1
5330 8
5331 1
5332 3
5333 1
5334 6
5335 6
5336 3
5337 8
5338 2
5339 2
5340 1
5341 2
5342 3
5343 7
5344 2
5345 4
5346 2
5347 4
5348 5
5349 2
5350 4
5351 3
5352 4
5353 3
5354 4
5355 7
5356 3
5358 3
5359 3
5360 3
5361 1
5362 2
5363 5
5364 3
5365 3
5366 3
5367 1
5368 3
5369 4
5370 2
5371 1
5372 4
5373 7
5374 3
5375 1
5376 4
5377 2
5378 1
5379 5
5380 4
5381 2
5382 2
5383 1
5384 5
5385 3
5386 8
5387 4
5388 5
5389 2
5390 3
5391 5
5392 1
5393 1
5395 3
5396 5
5397 4
5398 3
5399 2
5400 4
5401 3
5402 3
5403 6
5404 6
5405 3
5406 3
5408 3
5409 2
5410 1
5411 3
5412 3
5413 6
5414 3
5415 3
5416 1
5417 2
5418 4
5419 6
5420 3
5421 2
5422 5
5423 3
5424 7
5425 2
5426 3
5427 2
5428 4
5429 1
5430 5
5431 3
5432 3
5433 1
5434 3
5435 5
5436 4
5437 7
5438 4
5439 2
5440 3
5441 4
5442 1
5443 7
5444 6
5445 1
5446 4
5447 5
5448 4
5449 2
5450 1
5451 4
5452 3
5454 4
5455 4
5456 6
5457 3
5458 1
5459 2
5460 1
5461 3
5462 3
5463 3
5464 4
5465 1
5466 3
5467 3
5468 3
5469 2
5470 3
5472 3
5473 4
5474 6
5475 7
5476 3
5477 5
5478 7
5479 1
5480 3
5481 4
5482 3
5483 1
5484 7
5485 2
5486 3
5487 6
5488 6
5489 3
5490 5
5491 3
5492 5
5493 4
5494 2
5495 3
5496 6
5497 2
5498 3
5499 5
5500 4
5501 4
5502 2
5504 1
5505 5
5506 2
5507 4
5508 3
5509 3
5510 2
5511 3
5512 2
5513 5
5514 2
5515 6
5516 3
5517 1
5518 8
5519 4
5520 5
5521 6
5522 3
5523 2
5524 3
5525 3
5526 5
5527 1
5528 4
5529 4
5530 4
5531 3
5532 3
5533 4
5534 2
5536 2
5537 1
5538 4
5539 3
5540 5
5541 2
5542 3
5544 6
5545 1
5546 2
5547 1
5548 1
5549 1
5550 3
5551 5
5552 3
5553 2
5554 5
5555 3
5558 2
5559 2
5560 2
5561 3
5562 4
5563 2
5564 4
5565 4
5566 5
5567 2
5568 3
5569 3
5570 7
5571 4
5572 6
5573 6
5574 2
5575 8
5576 4
5577 1
5578 1
5579 3
5580 1
5581 3
5582 3
5583 1
5584 3
5585 4
5586 5
5587 3
5588 2
5589 4
5590 4
5591 2
5592 5
5593 4
5594 1
5595 4
5596 4
5597 2
5598 2
5599 3
5601 3
5602 5
5603 1
5604 1
5605 2
5606 3
5607 4
5608 5
5609 3
5610 3
5612 5
5613 1
5614 2
5615 3
5616 4
5618 4
5619 2
5620 2
5621 3
5622 1
5623 3
5624 5
5625 3
5626 3
5628 1
5629 3
5631 2
5633 3
5634 1
5635 3
5636 2
5637 6
5638 3
5639 7
5640 7
5641 1
5642 6
5643 3
5644 5
5645 4
5646 4
5647 3
5648 2
5649 1
5650 2
5651 1
5652 8
5653 5
5654 3
5656 5
5657 5
5658 3
5659 1
5660 5
5661 5
5662 4
5663 2
5664 3
5665 1
5666 6
5668 1
5669 3
5670 1
5671 3
5672 1
5673 3
5674 4
5675 2
5676 1
5677 1
5678 4
5679 3
5680 1
5681 2
5682 2
5683 2
5684 3
5685 3
5686 3
5687 3
5688 2
5689 1
5690 2
5691 5
5692 4
5693 4
5694 2
5695 4
5696 1
5697 3
5698 2
5699 1
5700 1
5701 2
5702 3
5703 1
5704 4
5705 3
5706 3
5709 1
5710 4
5711 5
5712 5
5713 5
5715 1
5716 2
5717 2
5718 4
5720 5
5721 5
5722 3
5723 4
5724 1
5725 2
5726 2
5727 2
5729 1
5731 2
5732 3
5733 1
5734 2
5735 4
5736 2
5738 1
5739 1
5740 1
5741 2
5742 3
5744 1
5746 1
5747 5
5748 2
5749 5
5750 3
5751 4
5752 3
5753 1
5754 2
5755 3
5756 3
5757 5
5758 2
5759 4
5760 3
5761 1
5762 1
5763 7
5764 1
5765 3
5766 2
5767 4
5768 3
5769 2
5770 4
5771 4
5772 2
5773 2
5774 1
5775 4
5776 4
5777 3
5779 3
5780 5
5782 2
5783 3
5784 2
5785 4
5786 1
5788 1
5789 1
5791 2
5792 5
5793 5
5794 4
5795 1
5796 4
5797 4
5798 5
5799 3
5800 1
5801 4
5802 4
5803 1
5804 1
5805 1
5806 4
5807 2
5808 3
5809 2
5810 1
5811 4
5812 1
5813 2
5814 2
5816 2
5817 2
5818 4
5819 3
5820 2
5822 1
5823 3
5824 4
5825 2
5826 1
5827 4
5828 1
5829 2
5830 4
5831 2
5832 1
5833 1
5834 3
5835 1
5837 3
5838 5
5839 5
5840 4
5841 2
5842 3
5843 4
5844 1
5845 1
5847 2
5848 1
5849 5
5850 1
5851 1
5852 3
5853 1
5854 3
5855 10
5856 5
5857 3
5858 2
5859 3
5860 3
5861 4
5862 2
5863 1
5864 4
5865 1
5866 4
5867 2
5868 1
5869 6
5870 3
5871 1
5872 3
5873 2
5875 2
5876 3
5877 3
5878 3
5880 2
5882 1
5883 2
5884 3
5885 1
5886 1
5887 4
5888 4
5889 3
5890 2
5891 2
5892 1
5893 3
5894 2
5895 1
5896 3
5897 1
5899 1
5900 2
5901 1
5902 1
5903 4
5904 2
5905 3
5906 3
5907 2
5908 4
5910 1
5911 4
5912 5
5913 2
5914 2
5915 1
5916 1
5917 1
5918 3
5919 2
5920 3
5921 3
5922 4
5923 2
5924 1
5925 1
5926 6
5927 2
5928 1
5929 2
5931 1
5932 6
5933 1
5934 1
5935 3
5936 4
5937 1
5939 1
5941 2
5942 4
5944 1
5945 2
5946 3
5947 2
5948 1
5950 3
5951 3
5952 3
5953 1
5954 4
5955 1
5956 2
5957 4
5958 2
5959 1
5960 2
5961 2
5962 1
5964 3
5965 1
5966 1
5967 7
5968 1
5970 3
5971 3
5972 2
5973 2
5974 3
5975 3
5976 3
5979 2
5980 4
5982 5
5983 1
5985 3
5986 1
5987 3
5988 1
5989 2
5991 3
5992 4
5993 3
5994 4
5995 2
5996 1
5997 1
5998 3
5999 3
6001 1
6002 2
6003 4
6004 1
6005 1
6007 1
6009 1
6010 2
6011 3
6012 2
6013 4
6014 1
6015 3
6016 3
6017 2
6018 5
6019 1
6020 3
6021 1
6022 3
6023 2
6024 1
6025 1
6026 2
6027 2
6028 1
6029 1
6030 3
6031 1
6032 3
6033 1
6034 1
6035 1
6036 6
6037 4
6038 2
6039 2
6041 1
6042 2
6044 3
6045 4
6046 1
6047 1
6048 3
6049 4
6050 2
6051 2
6053 3
6055 2
6056 3
6057 1
6059 1
6060 2
6061 2
6062 1
6063 2
6064 2
6065 1
6066 3
6067 1
6068 4
6069 1
6070 2
6071 1
6072 2
6075 2
6076 3
6077 2
6078 4
6079 4
6080 5
6081 2
6082 4
6083 5
6084 2
6085 2
6086 1
6087 2
6088 1
6089 1
6091 2
6092 1
6094 2
6095 6
6096 4
6097 2
6098 1
6099 2
6100 2
6101 1
6102 1
6103 3
6104 1
6105 2
6106 1
6107 2
6108 4
6109 1
6110 2
6111 3
6112 1
6113 3
6114 2
6115 4
6116 1
6117 4
6119 2
6120 1
6121 1
6122 3
6123 2
6125 2
6126 1
6127 4
6128 2
6129 1
6130 1
6131 1
6132 1
6133 5
6134 3
6136 2
6137 3
6138 3
6139 2
6140 1
6141 3
6142 5
6143 3
6144 2
6145 1
6146 2
6147 1
6149 3
6150 2
6151 2
6152 1
6153 1
6154 1
6155 2
6156 4
6157 1
6158 3
6159 1
6160 2
6161 2
6162 3
6163 4
6164 3
6165 3
6166 8
6167 4
6168 1
6169 2
6170 1
6171 1
6172 3
6173 3
6175 3
6176 2
6177 2
6179 2
6180 1
6181 2
6183 2
6184 3
6185 2
6186 1
6187 4
6188 3
6189 2
6190 3
6191 2
6193 2
6194 2
6195 5
6197 2
6198 2
6199 2
6200 1
6203 3
6204 3
6205 1
6206 1
6207 2
6209 4
6210 3
6211 3
6212 2
6213 2
6214 1
6215 6
6216 3
6217 3
6218 6
6219 1
6220 4
6221 2
6222 1
6223 1
6224 1
6227 2
6230 5
6231 3
6232 2
6233 1
6234 2
6235 1
6236 4
6237 3
6238 1
6240 1
6241 1
6242 1
6243 1
6245 2
6248 1
6249 1
6250 5
6251 2
6254 4
6255 2
6256 1
6257 4
6259 4
6260 1
6261 4
6262 2
6264 1
6265 4
6266 1
6267 2
6268 1
6269 2
6270 2
6271 1
6272 2
6273 1
6274 4
6275 3
6276 3
6277 1
6278 2
6279 3
6280 3
6282 2
6284 1
6287 4
6288 2
6289 2
6291 1
6292 2
6293 1
6294 1
6295 1
6296 2
6297 1
6298 2
6299 2
6300 4
6301 1
6302 2
6303 2
6304 1
6305 3
6306 2
6307 5
6308 2
6311 1
6312 3
6313 2
6314 2
6315 2
6316 1
6317 3
6319 1
6320 1
6321 1
6322 1
6323 1
6324 3
6325 3
6326 2
6327 1
6328 1
6330 2
6331 1
6332 2
6333 3
6334 1
6335 1
6336 7
6337 1
6339 1
6340 3
6341 2
6342 2
6343 1
6344 2
6345 3
6346 3
6347 2
6348 3
6350 2
6351 2
6352 3
6353 3
6354 1
6355 2
6357 3
6358 4
6359 5
6360 4
6361 1
6362 2
6363 3
6364 1
6367 4
6368 1
6369 1
6370 4
6372 3
6373 5
6374 2
6375 1
6376 5
6377 3
6378 3
6379 1
6380 1
6382 1
6383 3
6384 4
6385 2
6386 1
6388 2
6389 1
6390 4
6392 2
6394 1
6395 1
6396 1
6397 1
6398 3
6399 1
6401 1
6402 2
6403 2
6404 1
6405 2
6406 1
6409 1
6410 1
6412 2
6413 3
6414 2
6415 1
6416 2
6417 2
6419 1
6420 1
6422 3
6424 5
6425 3
6426 3
6427 1
6428 1
6429 4
6430 1
6432 1
6433 2
6434 2
6436 3
6437 3
6438 1
6440 1
6441 5
6442 5
6443 1
6444 2
6445 2
6447 2
6448 1
6449 2
6450 2
6451 2
6453 3
6454 2
6456 2
6457 2
6458 4
6459 1
6460 1
6461 2
6462 2
6463 3
6464 2
6465 1
6466 2
6469 4
6470 3
6471 2
6472 3
6474 1
6475 4
6476 2
6477 1
6478 3
6479 2
6480 2
6481 2
6482 1
6484 1
6485 3
6486 1
6487 2
6488 2
6489 1
6490 1
6491 3
6494 1
6495 2
6496 1
6500 2
6502 2
6503 2
6504 2
6506 1
6509 1
6510 1
6511 4
6512 1
6513 2
6514 1
6516 1
6517 2
6518 2
6519 1
6521 2
6522 2
6523 1
6524 1
6525 3
6527 1
6529 3
6531 1
6532 4
6533 1
6534 3
6535 2
6536 3
6539 5
6540 1
6542 2
6543 1
6544 2
6545 1
6546 4
6547 2
6548 3
6549 4
6550 1
6551 2
6552 1
6554 1
6555 3
6556 2
6558 3
6560 2
6561 6
6562 1
6563 2
6565 2
6566 1
6567 4
6568 2
6570 4
6571 1
6572 3
6573 1
6574 2
6575 1
6576 2
6577 2
6578 2
6579 3
6580 1
6581 1
6584 1
6585 1
6586 1
6588 2
6589 3
6590 1
6591 2
6592 1
6594 1
6595 2
6596 1
6598 2
6599 2
6600 1
6601 2
6602 1
6603 3
6604 1
6605 2
6607 1
6608 2
6611 2
6612 4
6613 1
6614 2
6615 3
6617 1
6618 1
6621 1
6622 1
6624 1
6625 2
6626 2
6627 1
6629 3
6631 1
6632 2
6633 1
6634 2
6635 4
6637 2
6638 1
6639 2
6640 3
6642 2
6643 2
6644 2
6645 1
6647 1
6648 1
6649 3
6650 4
6652 1
6653 3
6654 2
6655 1
6656 2
6659 2
6661 1
6662 1
6663 6
6664 1
6665 2
6666 2
6667 1
6668 2
6669 5
6670 1
6671 1
6672 3
6673 2
6674 2
6675 1
6677 1
6678 1
6682 1
6683 1
6685 1
6686 3
6687 4
6688 1
6689 2
6690 3
6691 1
6692 1
6693 1
6694 2
6695 1
6696 1
6697 1
6698 3
6700 1
6701 2
6702 1
6703 2
6704 1
6705 2
6708 2
6709 1
6711 1
6712 2
6713 2
6714 2
6715 2
6716 1
6717 1
6719 3
6720 3
6721 1
6722 2
6723 1
6726 2
6727 1
6728 2
6729 1
6731 1
6732 2
6734 1
6735 2
6736 1
6738 1
6739 2
6741 1
6742 1
6743 2
6745 1
6746 3
6747 1
6748 1
6749 2
6750 1
6751 2
6753 2
6754 1
6755 1
6757 1
6759 2
6760 3
6761 3
6763 6
6764 1
6766 1
6767 1
6768 1
6769 3
6771 1
6772 2
6773 1
6775 1
6778 2
6779 2
6781 1
6782 4
6783 1
6784 1
6787 1
6789 3
6791 2
6792 1
6794 1
6795 3
6797 1
6798 1
6799 1
6800 2
6802 3
6803 1
6804 1
6805 2
6806 3
6808 1
6809 1
6813 1
6814 1
6815 1
6816 2
6817 1
6819 2
6820 1
6822 2
6824 1
6826 1
6828 1
6829 1
6831 3
6832 2
6833 2
6835 1
6836 1
6837 2
6839 2
6840 2
6841 2
6843 1
6844 5
6845 1
6848 1
6850 2
6854 1
6855 4
6857 3
6858 1
6859 2
6860 2
6865 1
6866 1
6867 1
6868 1
6872 1
6873 1
6876 1
6878 1
6881 2
6882 1
6883 1
6884 1
6887 4
6888 1
6889 1
6890 1
6892 1
6893 2
6897 3
6898 1
6899 1
6900 1
6901 1
6904 1
6906 1
6907 2
6908 3
6910 2
6911 1
6912 2
6913 1
6914 2
6916 1
6917 1
6920 1
6921 1
6922 1
6923 1
6924 1
6926 1
6928 1
6929 1
6931 2
6932 2
6933 1
6934 3
6935 2
6937 1
6938 1
6946 1
6947 1
6949 1
6952 2
6960 1
6961 1
6963 2
6964 2
6965 1
6967 1
6968 1
6969 1
6971 2
6973 2
6975 1
6976 2
6979 1
6981 2
6983 1
6984 1
6985 1
6986 2
6987 2
6988 3
6989 1
6990 1
6994 1
6998 2
6999 3
7000 1
7001 1
7002 1
7003 1
7004 1
7005 1
7006 3
7008 3
7010 1
7011 3
7012 1
7015 2
7016 3
7017 1
7018 1
7019 1
7020 1
7021 1
7023 1
7024 1
7026 1
7028 1
7030 1
7031 1
7032 1
7033 1
7041 1
7044 2
7045 2
7046 4
7047 1
7048 2
7049 3
7050 2
7052 2
7053 1
7058 2
7059 2
7061 2
7063 1
7065 1
7066 5
7067 3
7069 2
7070 2
7075 1
7076 1
7077 1
7080 1
7082 2
7083 1
7084 1
7088 1
7089 1
7091 1
7092 1
7094 1
7102 2
7104 1
7105 2
7107 1
7108 1
7109 1
7112 2
7113 1
7114 1
7115 2
7116 2
7117 1
7118 1
7119 2
7120 1
7123 1
7125 1
7126 1
7127 1
7133 2
7134 1
7136 1
7137 2
7138 1
7139 2
7140 1
7141 1
7143 1
7144 1
7146 2
7147 1
7150 2
7151 1
7153 3
7154 1
7155 2
7156 3
7157 1
7158 4
7160 2
7161 1
7164 2
7165 2
7167 1
7168 2
7170 2
7171 1
7173 2
7177 2
7179 1
7181 1
7182 2
7184 2
7185 1
7186 2
7187 1
7188 2
7190 1
7193 1
7194 1
7197 1
7199 1
7203 1
7205 2
7206 1
7207 1
7209 1
7213 1
7214 1
7215 2
7218 2
7222 5
7225 2
7226 1
7227 2
7229 1
7230 1
7235 1
7236 2
7238 2
7239 1
7244 3
7249 1
7250 1
7251 1
7254 1
7255 1
7258 2
7259 1
7260 2
7262 1
7263 3
7264 2
7268 2
7269 2
7270 1
7271 1
7273 1
7275 1
7276 1
7279 1
7281 1
7283 1
7285 1
7286 1
7288 2
7289 3
7290 1
7291 2
7292 2
7293 2
7294 2
7295 2
7297 1
7298 1
7299 2
7301 1
7302 2
7303 1
7304 1
7305 1
7306 2
7307 2
7308 1
7311 2
7316 2
7317 2
7318 2
7319 2
7320 1
7321 1
7322 1
7325 1
7326 1
7328 1
7330 1
7332 2
7336 2
7337 1
7338 1
7341 2
7342 2
7344 1
7349 1
7352 1
7354 1
7355 1
7357 2
7359 1
7360 2
7361 3
7362 1
7363 3
7364 1
7365 1
7368 1
7372 1
7373 1
7374 1
7375 1
7378 1
7379 1
7380 2
7384 1
7385 1
7386 1
7389 1
7390 2
7391 3
7392 1
7393 1
7394 1
7395 1
7396 1
7401 2
7406 1
7407 1
7411 1
7412 1
7414 1
7415 1
7417 1
7418 1
7419 2
7421 1
7423 1
7424 1
7427 1
7428 1
7430 2
7431 2
7432 1
7436 1
7438 1
7440 2
7441 1
7442 2
7446 1
7448 1
7449 1
7450 1
7451 1
7455 2
7456 2
7457 2
7460 1
7461 1
7466 1
7467 1
7469 1
7472 1
7473 2
7475 1
7478 2
7484 1
7486 1
7487 2
7488 1
7489 2
7491 1
7495 2
7496 1
7498 2
7499 1
7500 2
7501 2
7502 1
7504 2
7507 1
7508 1
7509 1
7511 1
7512 1
7513 1
7519 1
7520 1
7521 2
7522 3
7525 1
7526 1
7528 1
7529 2
7532 2
7533 2
7537 1
7538 2
7542 4
7543 1
7544 1
7545 1
7546 1
7549 2
7550 1
7555 1
7556 1
7558 1
7559 1
7560 2
7566 1
7567 1
7568 1
7569 1
7573 1
7575 1
7576 1
7578 2
7580 1
7581 1
7582 1
7583 1
7588 1
7589 3
7592 2
7593 1
7594 1
7595 1
7598 1
7599 1
7600 1
7601 1
7602 2
7606 1
7607 1
7608 2
7609 1
7612 3
7613 1
7614 1
7616 1
7621 2
7630 1
7633 1
7634 2
7635 1
7638 1
7645 1
7646 1
7653 1
7654 1
7656 1
7660 1
7661 1
7665 1
7666 1
7667 1
7668 1
7669 2
7670 1
7672 1
7674 2
7677 1
7679 2
7683 2
7685 1
7690 2
7692 2
7696 1
7698 1
7699 1
7702 1
7703 1
7710 1
7711 2
7712 2
7713 1
7715 1
7727 1
7729 1
7733 1
7734 1
7737 1
7738 1
7740 1
7745 2
7747 1
7748 3
7749 1
7750 1
7751 1
7752 1
7757 1
7764 2
7765 1
7766 1
7767 1
7771 2
7773 1
7781 2
7783 2
7785 1
7786 2
7791 1
7792 1
7793 1
7795 1
7797 2
7800 1
7802 1
7805 1
7806 2
7807 1
7809 1
7812 1
7815 1
7816 1
7818 1
7819 2
7823 2
7827 1
7829 1
7830 3
7835 1
7838 1
7839 2
7840 1
7842 1
7846 1
7848 1
7850 1
7859 1
7860 1
7866 1
7867 1
7873 1
7877 2
7878 1
7879 2
7880 2
7882 1
7885 1
7886 1
7888 1
7891 1
7892 1
7893 1
7894 1
7895 1
7897 1
7901 1
7903 1
7910 1
7918 1
7920 1
7922 1
7924 1
7932 1
7937 1
7938 1
7945 1
7946 1
7947 1
7948 3
7951 2
7952 1
7958 1
7963 2
7967 2
7970 2
7977 1
7978 1
7980 2
7982 1
7984 2
7988 1
7994 1
7996 2
8001 1
8002 1
8007 1
8013 1
8019 1
8020 1
8022 1
8024 1
8032 1
8034 2
8037 1
8038 1
8041 1
8042 1
8047 1
8051 1
8054 2
8056 3
8057 1
8058 1
8061 1
8063 2
8064 1
8067 1
8070 1
8072 1
8077 1
8078 1
8080 1
8087 1
8090 1
8102 1
8112 1
8114 1
8116 1
8123 1
8124 1
8125 1
8126 2
8133 1
8137 1
8138 1
8142 1
8145 2
8146 1
8149 1
8151 2
8156 3
8158 1
8162 1
8164 2
8167 1
8171 2
8174 1
8178 1
8181 1
8185 1
8187 1
8188 2
8201 1
8203 1
8204 1
8209 1
8213 1
8217 1
8218 2
8219 1
8222 1
8224 1
8227 1
8233 1
8235 1
8238 1
8239 2
8240 1
8242 1
8243 2
8248 1
8250 1
8251 1
8252 1
8254 3
8256 1
8257 1
8259 1
8261 1
8262 1
8263 1
8265 1
8266 1
8269 1
8270 3
8271 2
8282 2
8285 2
8286 1
8290 2
8295 2
8302 1
8306 2
8307 1
8311 1
8313 1
8315 1
8316 1
8317 1
8322 1
8325 1
8326 1
8328 1
8331 3
8333 1
8339 1
8340 2
8344 1
8357 1
8358 1
8368 1
8370 2
8377 1
8378 3
8381 1
8390 1
8391 1
8392 2
8396 2
8397 1
8400 3
8404 1
8405 1
8406 1
8410 2
8411 2
8424 2
8425 1
8428 1
8434 1
8439 4
8440 1
8442 1
8443 1
8444 1
8445 1
8446 1
8449 1
8461 2
8465 1
8468 1
8470 2
8473 1
8486 1
8487 1
8488 1
8490 1
8491 2
8494 1
8499 1
8501 1
8503 1
8504 2
8507 2
8523 1
8524 1
8525 3
8528 1
8529 1
8535 1
8536 1
8537 1
8541 2
8544 1
8547 1
8549 1
8551 2
8552 1
8560 1
8566 1
8569 1
8576 1
8581 1
8584 1
8585 1
8586 1
8588 1
8590 1
8593 1
8594 1
8597 1
8598 1
8600 1
8601 1
8605 1
8608 2
8610 1
8611 1
8612 1
8614 1
8615 1
8620 1
8635 3
8648 1
8656 1
8658 2
8660 2
8661 1
8662 1
8664 2
8667 1
8669 1
8671 1
8673 2
8676 1
8688 1
8691 1
8698 1
8699 1
8707 2
8708 1
8709 2
8714 1
8726 1
8728 1
8737 1
8738 1
8742 2
8744 1
8753 2
8754 1
8756 1
8757 1
8759 1
8762 1
8765 1
8766 1
8768 1
8769 1
8770 1
8777 1
8782 1
8783 2
8784 1
8785 1
8791 2
8792 1
8793 1
8797 1
8805 2
8809 1
8814 1
8815 1
8816 1
8819 1
8822 1
8823 1
8827 1
8839 1
8847 1
8853 1
8854 1
8855 1
8857 1
8859 1
8861 1
8864 1
8868 1
8869 2
8875 1
8878 1
8880 1
8881 1
8885 1
8886 1
8887 1
8892 1
8894 1
8896 1
8899 1
8900 1
8901 1
8903 1
8904 2
8906 1
8908 1
8909 1
8913 1
8916 1
8925 1
8932 1
8933 1
8934 1
8937 1
8939 1
8942 1
8946 1
8948 1
8950 2
8951 2
8952 1
8956 1
8959 1
8966 1
8969 1
8972 1
8975 1
8976 1
8978 1
8984 1
8988 1
8990 2
8996 1
8998 1
9009 1
9013 1
9018 1
9022 1
9023 2
9034 1
9042 1
9043 1
9045 1
9052 1
9054 2
9060 1
9064 1
9070 1
9071 1
9077 1
9089 1
9103 2
9106 1
9107 1
9108 1
9112 1
9121 1
9125 1
9129 1
9132 1
9134 1
9136 2
9139 1
9145 1
9148 1
9151 1
9156 1
9162 1
9164 1
9166 1
9171 1
9181 1
9182 1
9189 1
9194 1
9200 1
9204 2
9216 1
9220 1
9228 2
9234 1
9235 1
9238 1
9246 1
9252 1
9255 1
9264 1
9267 2
9271 1
9276 2
9282 1
9283 1
9288 1
9291 1
9311 1
9316 1
9320 1
9327 1
9329 1
9331 1
9341 1
9347 1
9351 1
9358 1
9364 1
9369 1
9376 1
9377 1
9383 1
9395 1
9398 1
9402 1
9416 1
9417 1
9418 3
9419 1
9421 1
9432 1
9434 1
9435 2
9439 1
9442 1
9451 1
9456 1
9458 1
9463 1
9467 2
9482 1
9485 1
9515 1
9518 1
9527 1
9534 1
9537 1
9541 1
9544 1
9553 1
9568 1
9573 1
9574 1
9583 1
9587 1
9607 1
9610 1
9615 1
9628 1
9635 1
9639 1
9640 1
9642 1
9643 1
9653 1
9660 1
9662 1
9678 1
9681 1
9685 1
9686 1
9702 1
9705 1
9710 1
9717 1
9730 1
9732 1
9736 2
9737 1
9752 2
9756 1
9768 1
9772 1
9780 1
9784 1
9805 1
9806 1
9808 1
9820 1
9837 1
9842 1
9857 1
9863 1
9867 1
9875 1
9882 1
9887 1
9888 1
9889 1
9894 1
9915 1
9923 1
9925 1
9929 1
9942 1
9944 1
9945 1
9955 1
9959 1
9960 1
9961 1
9967 1
9968 1
9969 1
9995 1
10000 1
10001 1
10004 1
10005 2
10008 1
10011 1
10027 1
10031 1
10032 1
10043 1
10045 1
10092 1
10095 1
10096 1
10098 1
10105 1
10109 1
10112 1
10119 1
10124 1
10133 1
10136 1
10141 1
10164 1
10171 1
10195 1
10200 1
10211 1
10221 1
10255 1
10257 1
10306 1
10312 1
10319 1
10362 1
10365 1
10366 2
10371 1
10400 1
10407 1
10408 1
10410 1
10420 1
10437 1
10444 1
10455 1
10459 1
10467 1
10499 1
10508 1
10510 1
10512 1
10517 1
10524 1
10528 1
10535 1
10556 1
10561 1
10587 1
10598 1
10630 1
10634 1
10663 1
10682 1
10692 1
10701 1
10708 1
10718 2
10729 1
10733 1
10752 1
10755 1
10782 1
10814 1
10816 1
10827 1
10852 1
10859 1
10876 1
10878 1
10899 1
10938 1
10964 1
10980 1
10984 1
11058 1
11084 1
11092 1
11116 1
11125 1
11133 1
11135 1
11144 1
11154 1
11155 1
11206 1
11214 1
11250 1
11254 1
11263 1
11293 1
11306 1
11314 1
11319 1
11335 1
11357 1
11381 1
11439 1
11449 1
11451 1
11496 1
11527 1
11540 1
11548 1
11554 1
11555 1
11578 1
11582 1
11627 1
11644 1
11651 1
11658 1
11735 1
11815 1
11816 1
11864 1
11898 1
11907 1
11948 1
11951 1
11972 1
12025 1
12069 1
12075 1
12145 1
12220 1
12237 1
12354 1
12391 1
12425 1
12440 1
12498 1
12500 1
12519 1
12529 1
12548 1
12579 1
12780 1
12781 1
12800 1
13009 1
13020 1
13022 1
13083 1
13154 1
13573 1
13577 1
13597 1
13611 1
13613 1
13732 1
13749 1
13767 1
13867 1
13896 1
13945 1
14037 1
14058 1
14177 1
14341 1
14374 1
14967 1
15070 1
15231 1
15309 1
15480 1
15824 1
16097 1
16153 1
16390 1
16398 1
16496 1
16691 1
17311 1
17502 1
17523 1
18219 1
19306 1
21051 1
