-1227 1
-1226 1
-1225 2
-1224 1
-1223 5
-1222 8
-1221 7
-1220 13
-1219 18
-1218 24
-1217 34
-1216 33
-1215 47
-1214 33
-1213 45
-1212 67
-1211 56
-1210 55
-1209 76
-1208 56
-1207 70
-1206 75
-1205 80
-1204 81
-1203 105
-1202 91
-1201 88
-1200 130
-1199 128
-1198 121
-1197 110
-1196 107
-1195 103
-1194 96
-1193 110
-1192 95
-1191 105
-1190 121
-1189 104
-1188 101
-1187 103
-1186 91
-1185 106
-1184 105
-1183 90
-1182 98
-1181 95
-1180 99
-1179 87
-1178 110
-1177 97
-1176 98
-1175 84
-1174 80
-1173 99
-1172 85
-1171 89
-1170 113
-1169 102
-1168 126
-1167 123
-1166 108
-1165 128
-1164 142
-1163 141
-1162 134
-1161 133
-1160 144
-1159 134
-1158 179
-1157 189
-1156 174
-1155 152
-1154 158
-1153 203
-1152 169
-1151 170
-1150 191
-1149 185
-1148 203
-1147 196
-1146 207
-1145 224
-1144 231
-1143 222
-1142 281
-1141 244
-1140 255
-1139 232
-1138 246
-1137 284
-1136 274
-1135 262
-1134 254
-1133 292
-1132 257
-1131 282
-1130 269
-1129 324
-1128 298
-1127 271
-1126 315
-1125 321
-1124 272
-1123 268
-1122 273
-1121 283
-1120 279
-1119 280
-1118 290
-1117 296
-1116 312
-1115 287
-1114 236
-1113 301
-1112 267
-1111 298
-1110 297
-1109 323
-1108 355
-1107 325
-1106 375
-1105 333
-1104 335
-1103 342
-1102 333
-1101 355
-1100 358
-1099 379
-1098 360
-1097 383
-1096 360
-1095 331
-1094 402
-1093 377
-1092 352
-1091 354
-1090 338
-1089 439
-1088 356
-1087 355
-1086 334
-1085 332
-1084 342
-1083 380
-1082 362
-1081 399
-1080 415
-1079 383
-1078 416
-1077 391
-1076 420
-1075 366
-1074 377
-1073 414
-1072 393
-1071 371
-1070 388
-1069 452
-1068 438
-1067 425
-1066 417
-1065 423
-1064 451
-1063 453
-1062 466
-1061 461
-1060 451
-1059 505
-1058 468
-1057 487
-1056 533
-1055 487
-1054 541
-1053 516
-1052 480
-1051 487
-1050 501
-1049 497
-1048 504
-1047 496
-1046 509
-1045 493
-1044 543
-1043 494
-1042 524
-1041 478
-1040 530
-1039 471
-1038 524
-1037 509
-1036 530
-1035 532
-1034 574
-1033 564
-1032 600
-1031 571
-1030 622
-1029 601
-1028 617
-1027 642
-1026 638
-1025 619
-1024 623
-1023 621
-1022 714
-1021 646
-1020 653
-1019 662
-1018 677
-1017 623
-1016 682
-1015 665
-1014 634
-1013 670
-1012 715
-1011 657
-1010 695
-1009 683
-1008 691
-1007 723
-1006 749
-1005 754
-1004 831
-1003 799
-1002 789
-1001 832
-1000 789
-999 845
-998 860
-997 846
-996 934
-995 855
-994 899
-993 866
-992 891
-991 932
-990 912
-989 883
-988 871
-987 889
-986 883
-985 890
-984 950
-983 901
-982 922
-981 903
-980 924
-979 842
-978 841
-977 861
-976 947
-975 939
-974 943
-973 917
-972 952
-971 933
-970 966
-969 928
-968 1020
-967 995
-966 1037
-965 958
-964 997
-963 968
-962 900
-961 1052
-960 1069
-959 1047
-958 1072
-957 983
-956 1094
-955 1049
-954 1070
-953 1058
-952 1154
-951 1245
-950 1196
-949 1310
-948 1284
-947 1266
-946 1270
-945 1331
-944 1373
-943 1413
-942 1351
-941 1449
-940 1370
-939 1405
-938 1434
-937 1427
-936 1530
-935 1617
-934 1687
-933 1710
-932 1699
-931 1721
-930 1730
-929 1728
-928 1787
-927 1811
-926 1852
-925 1779
-924 1846
-923 1905
-922 1923
-921 1987
-920 1882
-919 1933
-918 1955
-917 1947
-916 1923
-915 1983
-914 1953
-913 2001
-912 2007
-911 2016
-910 2009
-909 2001
-908 2062
-907 2044
-906 2061
-905 1961
-904 1992
-903 2015
-902 2082
-901 2056
-900 2111
-899 2016
-898 2065
-897 2086
-896 2161
-895 2068
-894 2210
-893 2182
-892 2282
-891 2268
-890 2286
-889 2317
-888 2326
-887 2364
-886 2369
-885 2502
-884 2459
-883 2501
-882 2510
-881 2499
-880 2647
-879 2657
-878 2733
-877 2696
-876 2630
-875 2722
-874 2662
-873 2665
-872 2654
-871 2695
-870 2568
-869 2632
-868 2638
-867 2591
-866 2590
-865 2638
-864 2621
-863 2713
-862 2693
-861 2691
-860 2778
-859 2652
-858 2681
-857 2727
-856 2709
-855 2782
-854 2913
-853 2870
-852 2836
-851 2901
-850 2877
-849 2855
-848 2942
-847 2834
-846 2988
-845 2877
-844 2855
-843 3062
-842 3063
-841 3058
-840 3051
-839 3071
-838 3056
-837 3038
-836 3019
-835 3045
-834 3240
-833 3192
-832 3238
-831 3209
-830 3255
-829 3356
-828 3269
-827 3323
-826 3321
-825 3338
-824 3302
-823 3296
-822 3418
-821 3318
-820 3490
-819 3504
-818 3422
-817 3364
-816 3445
-815 3461
-814 3498
-813 3535
-812 3416
-811 3460
-810 3521
-809 3501
-808 3479
-807 3578
-806 3606
-805 3605
-804 3629
-803 3658
-802 3575
-801 3590
-800 3683
-799 3567
-798 3625
-797 3770
-796 3859
-795 3775
-794 3729
-793 3795
-792 3821
-791 3935
-790 3949
-789 4008
-788 3983
-787 3992
-786 4050
-785 3999
-784 3986
-783 4086
-782 4136
-781 4198
-780 4262
-779 4213
-778 4194
-777 4304
-776 4220
-775 4370
-774 4326
-773 4352
-772 4272
-771 4422
-770 4468
-769 4271
-768 4419
-767 4509
-766 4464
-765 4394
-764 4496
-763 4581
-762 4514
-761 4420
-760 4440
-759 4565
-758 4677
-757 4547
-756 4624
-755 4753
-754 4811
-753 4746
-752 4765
-751 4835
-750 4949
-749 5036
-748 4968
-747 5129
-746 5193
-745 5114
-744 5222
-743 5409
-742 5178
-741 5213
-740 5236
-739 5189
-738 5360
-737 5293
-736 5205
-735 5228
-734 5327
-733 5218
-732 5317
-731 5297
-730 5232
-729 5293
-728 5364
-727 5299
-726 5369
-725 5313
-724 5309
-723 5425
-722 5380
-721 5504
-720 5471
-719 5329
-718 5507
-717 5444
-716 5397
-715 5472
-714 5467
-713 5600
-712 5466
-711 5561
-710 5564
-709 5606
-708 5590
-707 5499
-706 5640
-705 5797
-704 5733
-703 5775
-702 5752
-701 5675
-700 5659
-699 5639
-698 5600
-697 5777
-696 5694
-695 5601
-694 5711
-693 5702
-692 5667
-691 5744
-690 5792
-689 5757
-688 5750
-687 5793
-686 5822
-685 5817
-684 5712
-683 5777
-682 5857
-681 5712
-680 5946
-679 5813
-678 5809
-677 5801
-676 5895
-675 5773
-674 5914
-673 5800
-672 5713
-671 5600
-670 5744
-669 5949
-668 5988
-667 5944
-666 5982
-665 5953
-664 5892
-663 5843
-662 5887
-661 5800
-660 5943
-659 5841
-658 5804
-657 6052
-656 5780
-655 5990
-654 6005
-653 5808
-652 5831
-651 5968
-650 5737
-649 5832
-648 5911
-647 5744
-646 5793
-645 5682
-644 5738
-643 5767
-642 5891
-641 5823
-640 5960
-639 5821
-638 5870
-637 5907
-636 5846
-635 5792
-634 5933
-633 5854
-632 5948
-631 5718
-630 5670
-629 5752
-628 5737
-627 5840
-626 5754
-625 5744
-624 5652
-623 5837
-622 5662
-621 5891
-620 5720
-619 5731
-618 5879
-617 5890
-616 5733
-615 5823
-614 5766
-613 5700
-612 5759
-611 5758
-610 5813
-609 5759
-608 5794
-607 5986
-606 5900
-605 5808
-604 5779
-603 5496
-602 5641
-601 5816
-600 5560
-599 5730
-598 5637
-597 5574
-596 5722
-595 5649
-594 5778
-593 5597
-592 5677
-591 5609
-590 5591
-589 5580
-588 5715
-587 5687
-586 5690
-585 5650
-584 5778
-583 5751
-582 5615
-581 5845
-580 5793
-579 5869
-578 5836
-577 5909
-576 5923
-575 5910
-574 5910
-573 5874
-572 5925
-571 5901
-570 6106
-569 5990
-568 6000
-567 6090
-566 6009
-565 6147
-564 6110
-563 6213
-562 6224
-561 6260
-560 6319
-559 6247
-558 6218
-557 6224
-556 6371
-555 6405
-554 6303
-553 6372
-552 6122
-551 6204
-550 6220
-549 6131
-548 6363
-547 6233
-546 6211
-545 6313
-544 6182
-543 6216
-542 6153
-541 6153
-540 6154
-539 5943
-538 6201
-537 6209
-536 6101
-535 6059
-534 6127
-533 5858
-532 6122
-531 5877
-530 6069
-529 5970
-528 5818
-527 5820
-526 5907
-525 5792
-524 5768
-523 5884
-522 5849
-521 5947
-520 5843
-519 5844
-518 5975
-517 5789
-516 5918
-515 5842
-514 5777
-513 5826
-512 5717
-511 5890
-510 5764
-509 5797
-508 5779
-507 5945
-506 5884
-505 5841
-504 5750
-503 5606
-502 5718
-501 5668
-500 5723
-499 5727
-498 5759
-497 5645
-496 5737
-495 5596
-494 5725
-493 5599
-492 5732
-491 5635
-490 5615
-489 5501
-488 5484
-487 5631
-486 5477
-485 5573
-484 5537
-483 5418
-482 5440
-481 5558
-480 5321
-479 5473
-478 5661
-477 5542
-476 5368
-475 5435
-474 5485
-473 5432
-472 5324
-471 5353
-470 5533
-469 5277
-468 5550
-467 5574
-466 5333
-465 5354
-464 5351
-463 5303
-462 5413
-461 5376
-460 5474
-459 5451
-458 5415
-457 5341
-456 5311
-455 5276
-454 5325
-453 5314
-452 5418
-451 5293
-450 5312
-449 5358
-448 5494
-447 5406
-446 5413
-445 5424
-444 5447
-443 5391
-442 5427
-441 5414
-440 5368
-439 5409
-438 5392
-437 5251
-436 5342
-435 5356
-434 5375
-433 5452
-432 5500
-431 5532
-430 5434
-429 5553
-428 5512
-427 5466
-426 5396
-425 5397
-424 5487
-423 5309
-422 5266
-421 5426
-420 5359
-419 5426
-418 5357
-417 5381
-416 5483
-415 5484
-414 5326
-413 5302
-412 5428
-411 5335
-410 5199
-409 5231
-408 5177
-407 5150
-406 5264
-405 5220
-404 5124
-403 5163
-402 5176
-401 5003
-400 5234
-399 5138
-398 5169
-397 5161
-396 5170
-395 5259
-394 5240
-393 5192
-392 5204
-391 5243
-390 5190
-389 5297
-388 5317
-387 5349
-386 5206
-385 5302
-384 5257
-383 5373
-382 5240
-381 5485
-380 5119
-379 5017
-378 5087
-377 5056
-376 5039
-375 4851
-374 4949
-373 4888
-372 4943
-371 5023
-370 4900
-369 4855
-368 4911
-367 4823
-366 4859
-365 5018
-364 4844
-363 4888
-362 4789
-361 4635
-360 4800
-359 4767
-358 4612
-357 4709
-356 4605
-355 4699
-354 4586
-353 4486
-352 4545
-351 4627
-350 4498
-349 4433
-348 4481
-347 4442
-346 4512
-345 4426
-344 4466
-343 4425
-342 4452
-341 4429
-340 4361
-339 4451
-338 4256
-337 4326
-336 4344
-335 4159
-334 4271
-333 4338
-332 4359
-331 4388
-330 4231
-329 4138
-328 4198
-327 4272
-326 4201
-325 4131
-324 4168
-323 4119
-322 4143
-321 4163
-320 4309
-319 4148
-318 4247
-317 4306
-316 4231
-315 4118
-314 4103
-313 4203
-312 4040
-311 4101
-310 4115
-309 4038
-308 4006
-307 4086
-306 4016
-305 4232
-304 4282
-303 4236
-302 4407
-301 4158
-300 4196
-299 4112
-298 4145
-297 4032
-296 4033
-295 3940
-294 3916
-293 3930
-292 4021
-291 3850
-290 3780
-289 3879
-288 3851
-287 3864
-286 3800
-285 3820
-284 3712
-283 3788
-282 3817
-281 3628
-280 3739
-279 3704
-278 3758
-277 3720
-276 3650
-275 3751
-274 3686
-273 3705
-272 3647
-271 3582
-270 3688
-269 3625
-268 3714
-267 3732
-266 3810
-265 3838
-264 3796
-263 3864
-262 3746
-261 3706
-260 3688
-259 3676
-258 3699
-257 3557
-256 3613
-255 3590
-254 3550
-253 3456
-252 3475
-251 3453
-250 3414
-249 3383
-248 3498
-247 3274
-246 3265
-245 3304
-244 3285
-243 3245
-242 3312
-241 3277
-240 3313
-239 3446
-238 3361
-237 3360
-236 3438
-235 3362
-234 3290
-233 3209
-232 3174
-231 3241
-230 3148
-229 3185
-228 3145
-227 3066
-226 3106
-225 2933
-224 3072
-223 2988
-222 2991
-221 2870
-220 2873
-219 2886
-218 2818
-217 2825
-216 2787
-215 2742
-214 2706
-213 2715
-212 2598
-211 2685
-210 2626
-209 2692
-208 2693
-207 2604
-206 2552
-205 2632
-204 2661
-203 2596
-202 2581
-201 2467
-200 2588
-199 2531
-198 2556
-197 2400
-196 2405
-195 2591
-194 2366
-193 2533
-192 2420
-191 2360
-190 2307
-189 2338
-188 2397
-187 2320
-186 2365
-185 2326
-184 2284
-183 2400
-182 2283
-181 2314
-180 2273
-179 2192
-178 2200
-177 2201
-176 2162
-175 2196
-174 2211
-173 2141
-172 2082
-171 2164
-170 2215
-169 2167
-168 2143
-167 2106
-166 2104
-165 2169
-164 2124
-163 2078
-162 2065
-161 2028
-160 2002
-159 2018
-158 1954
-157 2081
-156 2004
-155 2026
-154 2013
-153 1970
-152 2056
-151 2029
-150 2076
-149 2041
-148 1989
-147 1940
-146 1915
-145 2034
-144 2031
-143 1959
-142 1938
-141 1932
-140 1977
-139 1940
-138 1943
-137 1924
-136 1904
-135 1932
-134 1897
-133 1856
-132 1900
-131 1848
-130 1917
-129 1914
-128 1925
-127 1913
-126 1825
-125 1867
-124 1861
-123 1733
-122 1825
-121 1873
-120 1840
-119 1775
-118 1818
-117 1787
-116 1822
-115 1760
-114 1801
-113 1861
-112 1784
-111 1804
-110 1750
-109 1824
-108 1654
-107 1678
-106 1781
-105 1689
-104 1723
-103 1731
-102 1645
-101 1699
-100 1790
-99 1675
-98 1832
-97 1724
-96 1688
-95 1677
-94 1604
-93 1581
-92 1618
-91 1628
-90 1593
-89 1607
-88 1503
-87 1500
-86 1529
-85 1542
-84 1543
-83 1572
-82 1422
-81 1464
-80 1480
-79 1451
-78 1424
-77 1390
-76 1371
-75 1377
-74 1366
-73 1389
-72 1378
-71 1364
-70 1401
-69 1344
-68 1404
-67 1290
-66 1400
-65 1372
-64 1343
-63 1274
-62 1298
-61 1340
-60 1311
-59 1338
-58 1272
-57 1214
-56 1226
-55 1338
-54 1186
-53 1226
-52 1197
-51 1200
-50 1237
-49 1176
-48 1221
-47 1165
-46 1156
-45 1141
-44 1180
-43 1123
-42 1162
-41 1117
-40 1134
-39 1164
-38 1155
-37 1122
-36 1106
-35 1037
-34 1068
-33 1145
-32 1118
-31 1023
-30 983
-29 1033
-28 1065
-27 1036
-26 961
-25 1001
-24 1030
-23 994
-22 1058
-21 992
-20 1008
-19 995
-18 943
-17 947
-16 1048
-15 935
-14 949
-13 998
-12 955
-11 882
-10 928
-9 901
-8 939
-7 891
-6 903
-5 940
-4 915
-3 928
-2 864
-1 917
0 861
1 862
2 929
3 866
4 882
5 839
6 846
7 783
8 863
9 827
10 848
11 834
12 860
13 886
14 759
15 824
16 817
17 818
18 823
19 823
20 819
21 793
22 774
23 780
24 745
25 757
26 741
27 808
28 743
29 724
30 738
31 723
32 822
33 763
34 708
35 749
36 740
37 704
38 702
39 713
40 738
41 707
42 698
43 704
44 742
45 756
46 683
47 703
48 693
49 714
50 676
51 679
52 693
53 711
54 693
55 645
56 679
57 627
58 682
59 658
60 663
61 653
62 674
63 608
64 655
65 655
66 659
67 606
68 649
69 597
70 660
71 606
72 599
73 688
74 633
75 627
76 677
77 648
78 653
79 587
80 627
81 565
82 554
83 612
84 593
85 574
86 596
87 591
88 583
89 580
90 576
91 572
92 540
93 564
94 531
95 537
96 526
97 495
98 514
99 549
100 508
101 530
102 530
103 486
104 519
105 515
106 510
107 477
108 488
109 514
110 484
111 495
112 439
113 478
114 489
115 467
116 437
117 465
118 456
119 456
120 448
121 441
122 440
123 422
124 450
125 415
126 396
127 412
128 408
129 419
130 411
131 424
132 405
133 401
134 387
135 365
136 385
137 410
138 367
139 383
140 372
141 371
142 368
143 376
144 372
145 386
146 385
147 356
148 338
149 340
150 333
151 339
152 329
153 306
154 370
155 347
156 329
157 327
158 348
159 322
160 294
161 322
162 319
163 314
164 304
165 319
166 283
167 298
168 305
169 285
170 273
171 313
172 314
173 294
174 246
175 261
176 268
177 268
178 285
179 260
180 293
181 312
182 265
183 262
184 277
185 258
186 266
187 258
188 280
189 245
190 229
191 246
192 272
193 247
194 239
195 252
196 226
197 227
198 229
199 228
200 215
201 219
202 233
203 283
204 234
205 234
206 220
207 187
208 221
209 200
210 213
211 223
212 235
213 210
214 201
215 200
216 207
217 203
218 174
219 203
220 193
221 186
222 197
223 192
224 195
225 174
226 196
227 204
228 183
229 179
230 156
231 190
232 169
233 167
234 172
235 180
236 190
237 168
238 167
239 193
240 171
241 183
242 162
243 174
244 197
245 185
246 175
247 163
248 169
249 175
250 175
251 184
252 151
253 181
254 155
255 155
256 141
257 157
258 154
259 141
260 131
261 149
262 158
263 161
264 154
265 148
266 147
267 131
268 136
269 142
270 124
271 142
272 140
273 135
274 144
275 141
276 145
277 151
278 148
279 153
280 127
281 149
282 131
283 149
284 134
285 130
286 140
287 126
288 125
289 136
290 119
291 115
292 134
293 121
294 111
295 129
296 139
297 124
298 113
299 118
300 133
301 128
302 142
303 117
304 129
305 123
306 131
307 91
308 95
309 117
310 124
311 99
312 104
313 107
314 117
315 119
316 102
317 111
318 127
319 91
320 111
321 113
322 104
323 106
324 97
325 109
326 106
327 105
328 113
329 115
330 96
331 106
332 90
333 98
334 92
335 85
336 82
337 97
338 88
339 89
340 100
341 105
342 89
343 104
344 92
345 110
346 115
347 94
348 106
349 87
350 91
351 88
352 87
353 101
354 106
355 80
356 102
357 105
358 95
359 102
360 96
361 94
362 109
363 91
364 100
365 97
366 88
367 77
368 86
369 86
370 100
371 85
372 96
373 81
374 91
375 73
376 79
377 84
378 88
379 104
380 94
381 90
382 97
383 71
384 80
385 85
386 77
387 84
388 82
389 98
390 91
391 82
392 85
393 100
394 70
395 95
396 94
397 83
398 90
399 81
400 84
401 79
402 82
403 85
404 69
405 75
406 101
407 85
408 73
409 80
410 100
411 76
412 81
413 87
414 98
415 73
416 86
417 92
418 85
419 71
420 89
421 82
422 91
423 78
424 81
425 81
426 87
427 94
428 72
429 92
430 96
431 69
432 81
433 79
434 79
435 86
436 83
437 84
438 100
439 102
440 85
441 93
442 78
443 85
444 76
445 85
446 72
447 54
448 80
449 76
450 87
451 82
452 90
453 89
454 88
455 76
456 98
457 95
458 77
459 95
460 95
461 92
462 95
463 91
464 83
465 92
466 77
467 88
468 83
469 84
470 104
471 90
472 86
473 93
474 101
475 102
476 97
477 91
478 87
479 91
480 100
481 89
482 97
483 99
484 101
485 99
486 117
487 110
488 90
489 96
490 98
491 93
492 110
493 102
494 116
495 110
496 109
497 99
498 116
499 103
500 110
501 107
502 88
503 94
504 99
505 122
506 136
507 111
508 97
509 88
510 123
511 112
512 112
513 113
514 101
515 129
516 108
517 106
518 112
519 106
520 112
521 118
522 110
523 111
524 110
525 112
526 124
527 121
528 106
529 107
530 111
531 108
532 99
533 104
534 92
535 114
536 115
537 113
538 95
539 100
540 107
541 115
542 106
543 102
544 105
545 115
546 122
547 100
548 116
549 115
550 115
551 85
552 119
553 92
554 90
555 102
556 110
557 126
558 104
559 101
560 123
561 108
562 108
563 97
564 113
565 111
566 95
567 87
568 101
569 110
570 94
571 92
572 92
573 103
574 95
575 110
576 100
577 82
578 92
579 92
580 76
581 93
582 98
583 90
584 114
585 100
586 103
587 109
588 85
589 85
590 81
591 92
592 104
593 98
594 84
595 86
596 91
597 88
598 74
599 100
600 96
601 90
602 94
603 90
604 81
605 87
606 99
607 84
608 85
609 101
610 68
611 69
612 91
613 70
614 92
615 97
616 97
617 88
618 87
619 96
620 99
621 103
622 85
623 93
624 95
625 88
626 78
627 89
628 61
629 71
630 59
631 84
632 70
633 88
634 73
635 89
636 75
637 78
638 75
639 89
640 90
641 79
642 87
643 76
644 92
645 81
646 62
647 78
648 81
649 79
650 91
651 93
652 66
653 81
654 70
655 76
656 76
657 96
658 90
659 71
660 79
661 65
662 79
663 74
664 85
665 80
666 74
667 92
668 77
669 77
670 68
671 75
672 67
673 73
674 71
675 74
676 88
677 68
678 89
679 77
680 70
681 74
682 76
683 68
684 72
685 63
686 67
687 83
688 59
689 73
690 74
691 84
692 66
693 75
694 72
695 78
696 81
697 80
698 74
699 63
700 63
701 74
702 71
703 79
704 74
705 65
706 75
707 74
708 74
709 73
710 71
711 66
712 82
713 72
714 65
715 75
716 66
717 77
718 69
719 62
720 76
721 66
722 56
723 74
724 77
725 75
726 84
727 64
728 80
729 62
730 67
731 62
732 63
733 61
734 80
735 55
736 70
737 65
738 68
739 52
740 64
741 66
742 66
743 61
744 69
745 76
746 51
747 68
748 74
749 79
750 70
751 55
752 59
753 51
754 67
755 50
756 62
757 55
758 74
759 53
760 71
761 63
762 58
763 71
764 78
765 61
766 64
767 51
768 62
769 74
770 44
771 52
772 58
773 63
774 52
775 58
776 50
777 46
778 50
779 55
780 53
781 55
782 62
783 63
784 53
785 65
786 59
787 53
788 57
789 62
790 52
791 51
792 59
793 51
794 40
795 50
796 55
797 49
798 53
799 63
800 51
801 48
802 53
803 57
804 44
805 45
806 49
807 58
808 54
809 45
810 58
811 62
812 47
813 46
814 40
815 57
816 44
817 47
818 41
819 51
820 38
821 38
822 51
823 45
824 39
825 38
826 45
827 39
828 55
829 44
830 45
831 44
832 39
833 37
834 49
835 42
836 52
837 40
838 56
839 37
840 30
841 41
842 45
843 45
844 48
845 33
846 50
847 35
848 44
849 45
850 46
851 47
852 53
853 33
854 31
855 47
856 30
857 37
858 33
859 46
860 35
861 49
862 44
863 44
864 36
865 52
866 44
867 44
868 35
869 33
870 33
871 49
872 45
873 34
874 30
875 38
876 41
877 34
878 42
879 33
880 33
881 38
882 32
883 31
884 36
885 23
886 52
887 40
888 25
889 32
890 36
891 29
892 31
893 36
894 29
895 34
896 24
897 22
898 43
899 26
900 23
901 33
902 40
903 34
904 31
905 36
906 29
907 36
908 29
909 30
910 29
911 38
912 29
913 22
914 18
915 19
916 30
917 29
918 29
919 24
920 35
921 31
922 28
923 34
924 30
925 31
926 23
927 23
928 35
929 24
930 25
931 33
932 36
933 23
934 23
935 24
936 23
937 27
938 23
939 22
940 22
941 29
942 22
943 27
944 34
945 19
946 21
947 29
948 21
949 29
950 22
951 26
952 26
953 28
954 26
955 34
956 24
957 25
958 27
959 28
960 20
961 28
962 20
963 17
964 17
965 21
966 22
967 20
968 26
969 25
970 26
971 19
972 25
973 19
974 19
975 23
976 19
977 17
978 18
979 20
980 22
981 13
982 12
983 19
984 12
985 15
986 20
987 18
988 16
989 27
990 19
991 19
992 17
993 18
994 9
995 15
996 22
997 12
998 15
999 14
1000 20
1001 15
1002 15
1003 14
1004 22
1005 15
1006 19
1007 27
1008 18
1009 16
1010 17
1011 14
1012 11
1013 11
1014 22
1015 12
1016 10
1017 15
1018 15
1019 12
1020 14
1021 15
1022 15
1023 17
1024 19
1025 16
1026 22
1027 17
1028 15
1029 24
1030 16
1031 7
1032 13
1033 18
1034 12
1035 9
1036 9
1037 13
1038 14
1039 19
1040 13
1041 14
1042 17
1043 11
1044 11
1045 12
1046 17
1047 18
1048 18
1049 7
1050 14
1051 7
1052 13
1053 7
1054 12
1055 14
1056 15
1057 11
1058 16
1059 12
1060 14
1061 16
1062 10
1063 14
1064 16
1065 21
1066 18
1067 6
1068 13
1069 15
1070 14
1071 14
1072 14
1073 10
1074 8
1075 10
1076 9
1077 7
1078 11
1079 13
1080 12
1081 9
1082 9
1083 10
1084 9
1085 13
1086 9
1087 13
1088 10
1089 10
1090 5
1091 9
1092 7
1093 3
1094 15
1095 7
1096 10
1097 6
1098 4
1099 11
1100 6
1101 6
1102 9
1103 5
1104 6
1105 10
1106 3
1107 13
1108 11
1109 8
1110 8
1111 8
1112 10
1113 2
1114 5
1115 9
1116 5
1117 7
1118 7
1119 8
1120 4
1121 11
1122 9
1123 10
1124 4
1125 8
1126 10
1127 9
1128 3
1129 13
1130 5
1131 8
1132 10
1133 4
1134 4
1135 4
1136 4
1137 6
1138 7
1139 4
1140 9
1141 11
1142 5
1143 6
1144 6
1145 7
1146 6
1147 7
1148 8
1149 3
1150 8
1151 5
1152 6
1153 10
1154 4
1155 4
1156 7
1157 6
1158 7
1159 3
1160 4
1161 6
1162 8
1163 7
1164 11
1165 7
1166 7
1167 5
1168 2
1169 1
1170 6
1171 4
1172 5
1173 4
1174 6
1175 8
1176 4
1177 9
1178 1
1179 5
1180 1
1181 5
1182 3
1183 2
1184 4
1185 4
1186 4
1187 7
1188 6
1189 5
1190 4
1191 5
1192 3
1193 4
1194 6
1195 5
1196 3
1197 3
1198 1
1199 3
1200 2
1201 5
1202 3
1203 6
1204 2
1205 1
1206 5
1207 3
1209 5
1210 6
1211 5
1212 2
1213 4
1214 1
1215 3
1216 3
1217 2
1218 3
1219 4
1220 2
1221 3
1222 1
1223 1
1224 2
1226 3
1227 1
1228 1
1229 4
1230 2
1231 7
1232 5
1233 2
1234 4
1235 1
1236 1
1237 6
1238 2
1239 3
1240 5
1241 2
1242 2
1243 1
1244 3
1245 2
1246 3
1247 2
1248 1
1249 3
1250 5
1251 1
1252 1
1253 2
1254 2
1256 1
1257 2
1258 6
1259 4
1260 3
1261 4
1262 4
1263 5
1264 4
1266 3
1267 2
1268 1
1269 3
1270 4
1271 3
1272 1
1273 1
1274 5
1275 2
1276 2
1277 4
1278 1
1279 5
1280 3
1281 3
1282 1
1283 4
1285 2
1286 1
1287 3
1289 1
1290 1
1291 2
1292 4
1293 1
1294 1
1295 4
1296 2
1297 1
1298 1
1299 1
1300 1
1301 1
1302 3
1303 3
1304 1
1305 2
1306 1
1307 2
1308 3
1309 8
1310 1
1311 1
1312 1
1313 3
1315 3
1316 1
1317 2
1318 1
1319 3
1321 1
1322 2
1323 1
1324 1
1325 2
1326 3
1328 3
1329 2
1330 2
1331 1
1332 2
1333 1
1334 1
1335 3
1337 1
1338 2
1339 2
1340 4
1341 1
1342 1
1343 1
1345 1
1346 1
1348 2
1349 4
1353 2
1354 2
1355 2
1356 1
1357 1
1358 3
1363 2
1365 1
1366 1
1368 2
1369 2
1370 1
1371 1
1372 1
1375 2
1376 1
1377 2
1379 1
1380 2
1381 1
1382 1
1386 1
1387 1
1388 1
1390 1
1391 1
1392 1
1393 1
1394 1
1396 2
1397 1
1399 1
1400 1
1401 3
1402 2
1404 1
1405 2
1406 1
1407 1
1410 1
1411 1
1414 1
1415 1
1417 2
1418 1
1420 1
1421 1
1422 1
1423 1
1424 1
1427 1
1430 2
1435 1
1441 3
1443 1
1444 1
1447 1
1454 1
1458 1
1459 1
1463 2
1468 2
1469 1
1470 1
1473 1
1475 1
1484 2
1496 1
1497 1
1499 1
1502 2
1508 1
1516 1
1517 1
1521 1
1524 1
1542 1
1559 1
1568 1
1589 1
1600 1
1605 1
1607 1
1618 1
1626 1
