919 2
920 1
921 1
922 1
923 1
927 2
932 1
933 2
934 1
938 1
942 1
943 1
944 1
947 1
951 1
955 1
958 1
959 1
960 1
961 1
963 2
964 1
966 1
970 1
973 1
975 1
976 4
977 2
978 3
979 7
980 1
981 3
982 2
983 3
984 1
985 2
986 7
987 6
988 9
989 13
990 8
991 8
992 7
993 4
994 8
995 8
996 8
997 6
998 11
999 10
1000 8
1001 13
1002 7
1003 16
1004 12
1005 10
1006 13
1007 12
1008 17
1009 24
1010 21
1011 21
1012 13
1013 18
1014 21
1015 16
1016 25
1017 20
1018 20
1019 24
1020 31
1021 32
1022 22
1023 33
1024 27
1025 40
1026 39
1027 35
1028 38
1029 31
1030 41
1031 32
1032 30
1033 45
1034 36
1035 38
1036 35
1037 40
1038 28
1039 31
1040 45
1041 35
1042 35
1043 26
1044 37
1045 43
1046 41
1047 50
1048 49
1049 48
1050 67
1051 43
1052 55
1053 70
1054 57
1055 57
1056 49
1057 68
1058 57
1059 72
1060 52
1061 57
1062 47
1063 47
1064 48
1065 47
1066 58
1067 38
1068 54
1069 53
1070 39
1071 49
1072 56
1073 45
1074 55
1075 42
1076 48
1077 46
1078 45
1079 46
1080 48
1081 46
1082 43
1083 39
1084 41
1085 45
1086 68
1087 70
1088 59
1089 59
1090 54
1091 79
1092 58
1093 55
1094 64
1095 64
1096 64
1097 70
1098 65
1099 75
1100 57
1101 77
1102 77
1103 94
1104 89
1105 113
1106 84
1107 93
1108 99
1109 120
1110 106
1111 135
1112 125
1113 120
1114 118
1115 119
1116 97
1117 107
1118 99
1119 120
1120 85
1121 85
1122 105
1123 110
1124 113
1125 105
1126 102
1127 102
1128 111
1129 114
1130 114
1131 118
1132 108
1133 98
1134 102
1135 116
1136 126
1137 139
1138 118
1139 120
1140 141
1141 116
1142 121
1143 128
1144 104
1145 100
1146 112
1147 141
1148 170
1149 172
1150 183
1151 182
1152 201
1153 217
1154 207
1155 192
1156 229
1157 229
1158 236
1159 257
1160 220
1161 247
1162 206
1163 230
1164 237
1165 226
1166 243
1167 229
1168 234
1169 218
1170 235
1171 235
1172 221
1173 258
1174 243
1175 246
1176 261
1177 271
1178 256
1179 272
1180 248
1181 270
1182 249
1183 260
1184 233
1185 300
1186 277
1187 275
1188 236
1189 248
1190 271
1191 300
1192 267
1193 279
1194 282
1195 264
1196 268
1197 272
1198 271
1199 263
1200 271
1201 282
1202 304
1203 297
1204 243
1205 299
1206 297
1207 303
1208 286
1209 374
1210 304
1211 317
1212 345
1213 335
1214 328
1215 323
1216 315
1217 341
1218 345
1219 313
1220 324
1221 348
1222 324
1223 331
1224 331
1225 350
1226 340
1227 395
1228 382
1229 361
1230 329
1231 327
1232 360
1233 370
1234 356
1235 324
1236 356
1237 356
1238 403
1239 384
1240 383
1241 374
1242 400
1243 417
1244 401
1245 433
1246 403
1247 389
1248 400
1249 408
1250 421
1251 425
1252 448
1253 455
1254 422
1255 480
1256 464
1257 505
1258 502
1259 521
1260 529
1261 554
1262 550
1263 539
1264 564
1265 587
1266 606
1267 624
1268 633
1269 627
1270 649
1271 603
1272 679
1273 663
1274 638
1275 666
1276 654
1277 657
1278 608
1279 681
1280 693
1281 706
1282 677
1283 697
1284 735
1285 697
1286 741
1287 724
1288 706
1289 707
1290 751
1291 718
1292 721
1293 695
1294 797
1295 754
1296 810
1297 710
1298 736
1299 763
1300 734
1301 747
1302 787
1303 747
1304 757
1305 730
1306 845
1307 756
1308 732
1309 780
1310 800
1311 745
1312 769
1313 780
1314 738
1315 731
1316 750
1317 753
1318 740
1319 723
1320 821
1321 762
1322 792
1323 758
1324 758
1325 786
1326 792
1327 791
1328 853
1329 835
1330 788
1331 872
1332 874
1333 863
1334 835
1335 843
1336 812
1337 874
1338 875
1339 944
1340 921
1341 966
1342 921
1343 921
1344 976
1345 932
1346 910
1347 991
1348 992
1349 980
1350 959
1351 980
1352 959
1353 1059
1354 1038
1355 962
1356 1029
1357 1031
1358 1017
1359 989
1360 1018
1361 1079
1362 1108
1363 1015
1364 1069
1365 1091
1366 1049
1367 1030
1368 1117
1369 1160
1370 1083
1371 1118
1372 1112
1373 1132
1374 1123
1375 1127
1376 1196
1377 1222
1378 1245
1379 1206
1380 1213
1381 1247
1382 1203
1383 1271
1384 1177
1385 1292
1386 1195
1387 1217
1388 1274
1389 1285
1390 1244
1391 1310
1392 1310
1393 1329
1394 1335
1395 1423
1396 1368
1397 1407
1398 1383
1399 1436
1400 1413
1401 1374
1402 1383
1403 1470
1404 1487
1405 1467
1406 1424
1407 1488
1408 1430
1409 1543
1410 1446
1411 1490
1412 1488
1413 1487
1414 1522
1415 1575
1416 1499
1417 1462
1418 1526
1419 1645
1420 1530
1421 1640
1422 1577
1423 1597
1424 1608
1425 1724
1426 1657
1427 1633
1428 1694
1429 1685
1430 1715
1431 1706
1432 1818
1433 1751
1434 1885
1435 1767
1436 1826
1437 1856
1438 1856
1439 1838
1440 1885
1441 1903
1442 1857
1443 1898
1444 1890
1445 1846
1446 1920
1447 1952
1448 1968
1449 2035
1450 1943
1451 2102
1452 2005
1453 2095
1454 2005
1455 2018
1456 2076
1457 2219
1458 2173
1459 2192
1460 2171
1461 2189
1462 2255
1463 2139
1464 2213
1465 2222
1466 2197
1467 2268
1468 2226
1469 2222
1470 2323
1471 2400
1472 2332
1473 2321
1474 2351
1475 2411
1476 2449
1477 2414
1478 2431
1479 2480
1480 2480
1481 2498
1482 2602
1483 2607
1484 2500
1485 2672
1486 2652
1487 2699
1488 2689
1489 2630
1490 2617
1491 2656
1492 2780
1493 2767
1494 2763
1495 2834
1496 2851
1497 2872
1498 2835
1499 3001
1500 3005
1501 2926
1502 3109
1503 3092
1504 3079
1505 3187
1506 3082
1507 3167
1508 3209
1509 3160
1510 3163
1511 3093
1512 3157
1513 3223
1514 3261
1515 3258
1516 3239
1517 3248
1518 3358
1519 3341
1520 3505
1521 3365
1522 3476
1523 3410
1524 3466
1525 3478
1526 3551
1527 3489
1528 3423
1529 3612
1530 3541
1531 3528
1532 3457
1533 3602
1534 3637
1535 3609
1536 3691
1537 3614
1538 3681
1539 3784
1540 3841
1541 3763
1542 3808
1543 3714
1544 3731
1545 3865
1546 3815
1547 3697
1548 3792
1549 3847
1550 3770
1551 3949
1552 3994
1553 3929
1554 4071
1555 3956
1556 3943
1557 3866
1558 4015
1559 3992
1560 4019
1561 4121
1562 4130
1563 4139
1564 4052
1565 4147
1566 4102
1567 4361
1568 4345
1569 4311
1570 4404
1571 4443
1572 4467
1573 4430
1574 4531
1575 4575
1576 4543
1577 4478
1578 4675
1579 4575
1580 4749
1581 4614
1582 4541
1583 4716
1584 4815
1585 4812
1586 4783
1587 4794
1588 4845
1589 4786
1590 4853
1591 4813
1592 4888
1593 4926
1594 4922
1595 4893
1596 4907
1597 5063
1598 5122
1599 5209
1600 5069
1601 5187
1602 5065
1603 5145
1604 5163
1605 5420
1606 5169
1607 5169
1608 5160
1609 5216
1610 5388
1611 5263
1612 5363
1613 5414
1614 5299
1615 5478
1616 5279
1617 5405
1618 5488
1619 5463
1620 5513
1621 5447
1622 5516
1623 5633
1624 5559
1625 5645
1626 5706
1627 5681
1628 5584
1629 5595
1630 5599
1631 5725
1632 5789
1633 5779
1634 5799
1635 5862
1636 5798
1637 5969
1638 5930
1639 6028
1640 6035
1641 6097
1642 6152
1643 6076
1644 6224
1645 6094
1646 6185
1647 6384
1648 6189
1649 6346
1650 6339
1651 6356
1652 6414
1653 6469
1654 6383
1655 6446
1656 6353
1657 6451
1658 6554
1659 6684
1660 6403
1661 6678
1662 6506
1663 6704
1664 6755
1665 6650
1666 6620
1667 6632
1668 6675
1669 6729
1670 6701
1671 6796
1672 6700
1673 6902
1674 6796
1675 6742
1676 6821
1677 6985
1678 6937
1679 6916
1680 6828
1681 6697
1682 6907
1683 6998
1684 6916
1685 6893
1686 6833
1687 7102
1688 7011
1689 6971
1690 7076
1691 7059
1692 7088
1693 7068
1694 7202
1695 7157
1696 7038
1697 7178
1698 7132
1699 7161
1700 7176
1701 7384
1702 7182
1703 7134
1704 7238
1705 7280
1706 7396
1707 7310
1708 7263
1709 7377
1710 7226
1711 7442
1712 7346
1713 7453
1714 7336
1715 7471
1716 7426
1717 7274
1718 7381
1719 7398
1720 7506
1721 7646
1722 7662
1723 7499
1724 7521
1725 7628
1726 7720
1727 7827
1728 7665
1729 7635
1730 7720
1731 7713
1732 7556
1733 7840
1734 7598
1735 7716
1736 7808
1737 7838
1738 7681
1739 7947
1740 7831
1741 8006
1742 7833
1743 7830
1744 7820
1745 7895
1746 8056
1747 8041
1748 8053
1749 8054
1750 8082
1751 8020
1752 7934
1753 8068
1754 8091
1755 8096
1756 8008
1757 7915
1758 8083
1759 8109
1760 8156
1761 8019
1762 8036
1763 7997
1764 8066
1765 7930
1766 8196
1767 8143
1768 8207
1769 8026
1770 8294
1771 8160
1772 8124
1773 8032
1774 8111
1775 8076
1776 8204
1777 8344
1778 8063
1779 8225
1780 8315
1781 8150
1782 8361
1783 8105
1784 8078
1785 8044
1786 8029
1787 8067
1788 8250
1789 8177
1790 8158
1791 8288
1792 8093
1793 8161
1794 8104
1795 8139
1796 8164
1797 8084
1798 8159
1799 8131
1800 8091
1801 8239
1802 8306
1803 7893
1804 8049
1805 8200
1806 8259
1807 8265
1808 8318
1809 8198
1810 8242
1811 8061
1812 8242
1813 8084
1814 8294
1815 8195
1816 8159
1817 8229
1818 8064
1819 8233
1820 8093
1821 8037
1822 8064
1823 8202
1824 8017
1825 8154
1826 8115
1827 8010
1828 8081
1829 8109
1830 8111
1831 8043
1832 8205
1833 8169
1834 8013
1835 8153
1836 8032
1837 7950
1838 7994
1839 7788
1840 8030
1841 7899
1842 7982
1843 7950
1844 7941
1845 7980
1846 8075
1847 8092
1848 7990
1849 7895
1850 7884
1851 7903
1852 7889
1853 8027
1854 7767
1855 7900
1856 7717
1857 7862
1858 7852
1859 7768
1860 7892
1861 7764
1862 7728
1863 7832
1864 7645
1865 7724
1866 7777
1867 7683
1868 7739
1869 7630
1870 7675
1871 7540
1872 7653
1873 7546
1874 7640
1875 7754
1876 7441
1877 7454
1878 7629
1879 7598
1880 7426
1881 7429
1882 7353
1883 7410
1884 7317
1885 7254
1886 7221
1887 7185
1888 7387
1889 7188
1890 7253
1891 7148
1892 7008
1893 7095
1894 7174
1895 7118
1896 7141
1897 7016
1898 7043
1899 6937
1900 7155
1901 7045
1902 7019
1903 6949
1904 7042
1905 7037
1906 6920
1907 6868
1908 6877
1909 6764
1910 7002
1911 6733
1912 6897
1913 6596
1914 6750
1915 6690
1916 6835
1917 6520
1918 6557
1919 6682
1920 6508
1921 6602
1922 6492
1923 6630
1924 6382
1925 6396
1926 6401
1927 6266
1928 6501
1929 6300
1930 6398
1931 6467
1932 6290
1933 6327
1934 6167
1935 6217
1936 6144
1937 6080
1938 6036
1939 5946
1940 6041
1941 5998
1942 5865
1943 6070
1944 5890
1945 5784
1946 5887
1947 5867
1948 5810
1949 5838
1950 5968
1951 5707
1952 5777
1953 5604
1954 5582
1955 5539
1956 5513
1957 5499
1958 5657
1959 5443
1960 5456
1961 5555
1962 5423
1963 5460
1964 5414
1965 5385
1966 5312
1967 5398
1968 5145
1969 5202
1970 5166
1971 5158
1972 5118
1973 5182
1974 5124
1975 5166
1976 5052
1977 4966
1978 4974
1979 4852
1980 4982
1981 4879
1982 4833
1983 4873
1984 4898
1985 4777
1986 4874
1987 4780
1988 4695
1989 4680
1990 4631
1991 4614
1992 4660
1993 4652
1994 4629
1995 4545
1996 4643
1997 4473
1998 4371
1999 4468
2000 4344
2001 4329
2002 4360
2003 4236
2004 4288
2005 4265
2006 4319
2007 4296
2008 4129
2009 4194
2010 4137
2011 4018
2012 4191
2013 3969
2014 4078
2015 4021
2016 3964
2017 3934
2018 3963
2019 4003
2020 3789
2021 3836
2022 3769
2023 3759
2024 3640
2025 3783
2026 3748
2027 3632
2028 3682
2029 3686
2030 3579
2031 3538
2032 3581
2033 3569
2034 3447
2035 3567
2036 3458
2037 3492
2038 3351
2039 3359
2040 3328
2041 3252
2042 3309
2043 3198
2044 3164
2045 3164
2046 3118
2047 3148
2048 3212
2049 3095
2050 3163
2051 2945
2052 3045
2053 2888
2054 2903
2055 3017
2056 2852
2057 2841
2058 2926
2059 2799
2060 2866
2061 2783
2062 2786
2063 2782
2064 2735
2065 2724
2066 2708
2067 2669
2068 2699
2069 2644
2070 2601
2071 2588
2072 2518
2073 2570
2074 2504
2075 2467
2076 2447
2077 2489
2078 2359
2079 2358
2080 2286
2081 2476
2082 2387
2083 2256
2084 2259
2085 2254
2086 2299
2087 2315
2088 2213
2089 2146
2090 2190
2091 2145
2092 2178
2093 2010
2094 2072
2095 2043
2096 2046
2097 2010
2098 2002
2099 2008
2100 1994
2101 1959
2102 1947
2103 1914
2104 1850
2105 1890
2106 1899
2107 1859
2108 1833
2109 1810
2110 1730
2111 1783
2112 1668
2113 1676
2114 1699
2115 1645
2116 1684
2117 1629
2118 1641
2119 1604
2120 1552
2121 1446
2122 1564
2123 1459
2124 1490
2125 1570
2126 1453
2127 1517
2128 1450
2129 1391
2130 1449
2131 1377
2132 1419
2133 1456
2134 1388
2135 1408
2136 1325
2137 1292
2138 1243
2139 1338
2140 1254
2141 1239
2142 1289
2143 1222
2144 1148
2145 1182
2146 1152
2147 1157
2148 1159
2149 1164
2150 1130
2151 1140
2152 1087
2153 1128
2154 1121
2155 1045
2156 1049
2157 1005
2158 1013
2159 1020
2160 966
2161 1065
2162 983
2163 949
2164 939
2165 883
2166 919
2167 866
2168 927
2169 889
2170 838
2171 879
2172 831
2173 868
2174 892
2175 763
2176 831
2177 786
2178 795
2179 770
2180 818
2181 778
2182 703
2183 746
2184 705
2185 687
2186 722
2187 711
2188 700
2189 655
2190 685
2191 631
2192 662
2193 641
2194 627
2195 619
2196 659
2197 640
2198 639
2199 605
2200 591
2201 587
2202 551
2203 572
2204 555
2205 552
2206 525
2207 531
2208 532
2209 480
2210 527
2211 433
2212 498
2213 483
2214 474
2215 465
2216 487
2217 430
2218 443
2219 456
2220 456
2221 416
2222 400
2223 440
2224 437
2225 388
2226 451
2227 401
2228 398
2229 350
2230 405
2231 355
2232 354
2233 359
2234 358
2235 346
2236 326
2237 327
2238 355
2239 335
2240 334
2241 320
2242 336
2243 319
2244 304
2245 280
2246 282
2247 315
2248 321
2249 260
2250 286
2251 245
2252 261
2253 259
2254 261
2255 248
2256 226
2257 238
2258 262
2259 264
2260 239
2261 224
2262 196
2263 178
2264 212
2265 198
2266 194
2267 160
2268 196
2269 190
2270 192
2271 171
2272 184
2273 175
2274 200
2275 155
2276 161
2277 167
2278 157
2279 187
2280 145
2281 133
2282 135
2283 151
2284 153
2285 144
2286 127
2287 128
2288 131
2289 143
2290 128
2291 119
2292 118
2293 149
2294 137
2295 98
2296 105
2297 129
2298 108
2299 112
2300 109
2301 91
2302 97
2303 96
2304 113
2305 101
2306 99
2307 101
2308 104
2309 98
2310 86
2311 95
2312 75
2313 81
2314 64
2315 81
2316 91
2317 77
2318 75
2319 63
2320 82
2321 77
2322 49
2323 83
2324 62
2325 73
2326 82
2327 51
2328 67
2329 55
2330 64
2331 57
2332 58
2333 48
2334 59
2335 58
2336 68
2337 58
2338 47
2339 54
2340 33
2341 58
2342 40
2343 55
2344 41
2345 53
2346 40
2347 41
2348 47
2349 46
2350 37
2351 41
2352 37
2353 35
2354 35
2355 32
2356 33
2357 39
2358 37
2359 34
2360 33
2361 28
2362 29
2363 31
2364 23
2365 28
2366 19
2367 23
2368 26
2369 11
2370 25
2371 23
2372 23
2373 20
2374 17
2375 18
2376 19
2377 22
2378 19
2379 26
2380 19
2381 19
2382 12
2383 17
2384 14
2385 17
2386 13
2387 17
2388 26
2389 18
2390 20
2391 10
2392 18
2393 19
2394 11
2395 7
2396 10
2397 12
2398 19
2399 16
2400 14
2401 21
2402 11
2403 10
2404 9
2405 8
2406 4
2407 7
2408 10
2409 11
2410 5
2411 7
2412 9
2413 7
2414 9
2415 4
2416 8
2417 4
2418 11
2419 8
2420 6
2421 9
2422 7
2423 4
2424 4
2425 4
2426 7
2427 4
2428 5
2429 7
2430 4
2432 6
2433 3
2434 3
2435 2
2436 1
2437 1
2438 6
2439 5
2440 1
2441 4
2442 2
2443 3
2444 3
2445 2
2446 2
2447 4
2448 2
2449 3
2451 2
2452 1
2453 2
2454 2
2457 1
2459 2
2461 1
2462 2
2464 1
2465 5
2466 1
2467 2
2469 3
2471 1
2472 2
2473 2
2475 1
2476 2
2477 1
2478 2
2480 1
2483 1
2487 1
2488 1
2489 1
2490 2
2633 1
