-436 1
-435 3
-434 1
-433 4
-432 4
-431 10
-430 13
-429 12
-428 32
-427 29
-426 35
-425 52
-424 58
-423 64
-422 74
-421 59
-420 61
-419 80
-418 82
-417 77
-416 99
-415 80
-414 80
-413 98
-412 77
-411 77
-410 87
-409 97
-408 86
-407 94
-406 84
-405 88
-404 92
-403 82
-402 90
-401 75
-400 107
-399 101
-398 106
-397 104
-396 108
-395 96
-394 99
-393 101
-392 110
-391 89
-390 130
-389 119
-388 123
-387 125
-386 148
-385 149
-384 154
-383 128
-382 171
-381 164
-380 161
-379 186
-378 164
-377 161
-376 190
-375 163
-374 161
-373 173
-372 170
-371 199
-370 208
-369 165
-368 206
-367 215
-366 204
-365 194
-364 259
-363 230
-362 214
-361 231
-360 249
-359 241
-358 222
-357 231
-356 231
-355 284
-354 240
-353 301
-352 267
-351 273
-350 269
-349 240
-348 297
-347 302
-346 305
-345 309
-344 299
-343 311
-342 292
-341 296
-340 302
-339 307
-338 285
-337 313
-336 331
-335 339
-334 360
-333 373
-332 340
-331 339
-330 370
-329 363
-328 341
-327 373
-326 411
-325 318
-324 362
-323 337
-322 359
-321 343
-320 342
-319 348
-318 346
-317 349
-316 338
-315 345
-314 359
-313 369
-312 341
-311 402
-310 385
-309 397
-308 422
-307 483
-306 479
-305 514
-304 468
-303 542
-302 507
-301 526
-300 513
-299 503
-298 496
-297 574
-296 560
-295 527
-294 574
-293 585
-292 602
-291 579
-290 595
-289 660
-288 570
-287 616
-286 651
-285 664
-284 703
-283 643
-282 679
-281 695
-280 678
-279 672
-278 670
-277 669
-276 664
-275 667
-274 639
-273 657
-272 609
-271 649
-270 632
-269 658
-268 630
-267 694
-266 680
-265 637
-264 607
-263 665
-262 697
-261 699
-260 669
-259 767
-258 746
-257 789
-256 755
-255 780
-254 731
-253 734
-252 774
-251 801
-250 784
-249 807
-248 797
-247 801
-246 796
-245 775
-244 843
-243 822
-242 803
-241 841
-240 845
-239 953
-238 931
-237 910
-236 929
-235 958
-234 907
-233 959
-232 996
-231 1018
-230 1027
-229 973
-228 1091
-227 1094
-226 1077
-225 1047
-224 1071
-223 1087
-222 1035
-221 1109
-220 1092
-219 1142
-218 1071
-217 1158
-216 1130
-215 1185
-214 1158
-213 1188
-212 1167
-211 1157
-210 1211
-209 1158
-208 1172
-207 1165
-206 1198
-205 1180
-204 1164
-203 1197
-202 1179
-201 1258
-200 1279
-199 1285
-198 1322
-197 1307
-196 1243
-195 1386
-194 1314
-193 1253
-192 1316
-191 1269
-190 1373
-189 1379
-188 1289
-187 1261
-186 1344
-185 1221
-184 1295
-183 1312
-182 1349
-181 1319
-180 1336
-179 1367
-178 1334
-177 1352
-176 1345
-175 1422
-174 1460
-173 1415
-172 1423
-171 1525
-170 1494
-169 1543
-168 1549
-167 1536
-166 1568
-165 1606
-164 1591
-163 1607
-162 1723
-161 1721
-160 1734
-159 1784
-158 1700
-157 1701
-156 1663
-155 1742
-154 1811
-153 1811
-152 1781
-151 1768
-150 1759
-149 1739
-148 1709
-147 1726
-146 1733
-145 1732
-144 1775
-143 1765
-142 1816
-141 1828
-140 1895
-139 1831
-138 1828
-137 1898
-136 1963
-135 1861
-134 1943
-133 1961
-132 1980
-131 1941
-130 1986
-129 1935
-128 2038
-127 1993
-126 1964
-125 2007
-124 1970
-123 1979
-122 1940
-121 1874
-120 1987
-119 2033
-118 1970
-117 1945
-116 1929
-115 1986
-114 1975
-113 1881
-112 1894
-111 1975
-110 1973
-109 1924
-108 2014
-107 1908
-106 2081
-105 1912
-104 2028
-103 2108
-102 2077
-101 2080
-100 2041
-99 2128
-98 2103
-97 2068
-96 2082
-95 2157
-94 2158
-93 2235
-92 2235
-91 2082
-90 2212
-89 2187
-88 2197
-87 2252
-86 2194
-85 2204
-84 2211
-83 2210
-82 2316
-81 2325
-80 2279
-79 2346
-78 2307
-77 2277
-76 2367
-75 2456
-74 2383
-73 2427
-72 2432
-71 2542
-70 2457
-69 2513
-68 2427
-67 2447
-66 2539
-65 2443
-64 2448
-63 2492
-62 2499
-61 2496
-60 2393
-59 2496
-58 2445
-57 2450
-56 2478
-55 2423
-54 2483
-53 2432
-52 2517
-51 2528
-50 2557
-49 2597
-48 2532
-47 2547
-46 2549
-45 2504
-44 2545
-43 2437
-42 2566
-41 2537
-40 2501
-39 2485
-38 2522
-37 2562
-36 2546
-35 2511
-34 2580
-33 2577
-32 2567
-31 2620
-30 2586
-29 2494
-28 2598
-27 2508
-26 2504
-25 2596
-24 2528
-23 2516
-22 2611
-21 2484
-20 2579
-19 2546
-18 2527
-17 2531
-16 2409
-15 2492
-14 2461
-13 2431
-12 2482
-11 2365
-10 2530
-9 2462
-8 2410
-7 2401
-6 2460
-5 2411
-4 2481
-3 2402
-2 2404
-1 2352
0 2417
1 2325
2 2422
3 2404
4 2345
5 2347
6 2338
7 2335
8 2322
9 2264
10 2303
11 2246
12 2309
13 2259
14 2316
15 2285
16 2265
17 2332
18 2208
19 2200
20 2274
21 2249
22 2322
23 2294
24 2331
25 2319
26 2285
27 2247
28 2236
29 2282
30 2278
31 2313
32 2283
33 2252
34 2299
35 2377
36 2260
37 2324
38 2295
39 2345
40 2270
41 2323
42 2308
43 2372
44 2317
45 2257
46 2252
47 2280
48 2160
49 2359
50 2311
51 2158
52 2249
53 2265
54 2199
55 2243
56 2219
57 2274
58 2210
59 2279
60 2197
61 2224
62 2248
63 2221
64 2201
65 2070
66 2242
67 2187
68 2160
69 2132
70 2185
71 2199
72 2181
73 2122
74 2127
75 1993
76 2076
77 2093
78 2175
79 2107
80 2084
81 2124
82 2103
83 2046
84 2016
85 2095
86 2077
87 2059
88 2088
89 2042
90 2045
91 2063
92 2034
93 1981
94 2073
95 1982
96 2048
97 2053
98 2022
99 2033
100 2048
101 2070
102 2034
103 2008
104 2083
105 2029
106 2065
107 2135
108 2022
109 2073
110 2038
111 2002
112 1959
113 2025
114 2012
115 1993
116 1979
117 1935
118 1964
119 1938
120 1930
121 1951
122 1953
123 1974
124 1956
125 1909
126 1915
127 1984
128 1972
129 1883
130 1878
131 1838
132 1885
133 1847
134 1898
135 1868
136 1841
137 1867
138 1898
139 1859
140 1927
141 1909
142 1860
143 1830
144 1839
145 1871
146 1810
147 1881
148 1796
149 1874
150 1839
151 1864
152 1775
153 1803
154 1802
155 1732
156 1875
157 1783
158 1859
159 1859
160 1749
161 1908
162 1844
163 1834
164 1918
165 1832
166 1778
167 1736
168 1839
169 1706
170 1804
171 1759
172 1756
173 1663
174 1763
175 1688
176 1682
177 1632
178 1648
179 1670
180 1641
181 1665
182 1597
183 1727
184 1700
185 1611
186 1535
187 1530
188 1617
189 1636
190 1566
191 1576
192 1617
193 1585
194 1570
195 1513
196 1512
197 1542
198 1468
199 1565
200 1541
201 1454
202 1549
203 1445
204 1493
205 1496
206 1502
207 1413
208 1429
209 1431
210 1437
211 1440
212 1403
213 1415
214 1366
215 1338
216 1333
217 1341
218 1362
219 1340
220 1313
221 1383
222 1256
223 1279
224 1318
225 1317
226 1290
227 1300
228 1296
229 1271
230 1281
231 1288
232 1341
233 1239
234 1245
235 1267
236 1239
237 1219
238 1233
239 1195
240 1178
241 1209
242 1185
243 1155
244 1193
245 1132
246 1192
247 1196
248 1142
249 1093
250 1190
251 1064
252 1151
253 1121
254 1126
255 1116
256 1109
257 1074
258 1107
259 1080
260 1062
261 1082
262 976
263 1106
264 1006
265 986
266 1029
267 1024
268 1026
269 972
270 1006
271 934
272 991
273 981
274 952
275 994
276 951
277 915
278 981
279 979
280 921
281 946
282 924
283 946
284 951
285 936
286 939
287 889
288 893
289 921
290 973
291 878
292 892
293 883
294 873
295 890
296 919
297 931
298 892
299 872
300 862
301 881
302 900
303 916
304 891
305 944
306 940
307 907
308 938
309 961
310 929
311 966
312 964
313 1000
314 910
315 943
316 1026
317 1022
318 1029
319 1025
320 1002
321 1147
322 1105
323 1123
324 1121
325 1187
326 1177
327 1190
328 1212
329 1166
330 1232
331 1203
332 1187
333 1247
334 1265
335 1261
336 1269
337 1328
338 1286
339 1366
340 1358
341 1384
342 1452
343 1378
344 1470
345 1507
346 1401
347 1543
348 1528
349 1476
350 1515
351 1520
352 1537
353 1584
354 1640
355 1680
356 1635
357 1629
358 1680
359 1643
360 1742
361 1684
362 1693
363 1781
364 1817
365 1740
366 1769
367 1828
368 1930
369 1947
370 1938
371 1992
372 2001
373 2088
374 2026
375 2033
376 2100
377 2224
378 2192
379 2076
380 2157
381 2249
382 2250
383 2329
384 2247
385 2330
386 2355
387 2426
388 2449
389 2479
390 2433
391 2486
392 2538
393 2456
394 2457
395 2576
396 2550
397 2595
398 2593
399 2665
400 2761
401 2672
402 2878
403 2775
404 2760
405 2818
406 2822
407 2808
408 2842
409 2928
410 2859
411 2955
412 3004
413 3000
414 2980
415 3128
416 2940
417 3094
418 3027
419 3189
420 3243
421 3196
422 3184
423 3309
424 3251
425 3399
426 3501
427 3546
428 3518
429 3525
430 3570
431 3546
432 3636
433 3517
434 3533
435 3629
436 3694
437 3657
438 3597
439 3645
440 3682
441 3653
442 3663
443 3712
444 3513
445 3684
446 3658
447 3737
448 3673
449 3715
450 3703
451 3723
452 3777
453 3731
454 3802
455 3867
456 3964
457 3874
458 3844
459 3864
460 4045
461 3941
462 4131
463 3981
464 3926
465 4096
466 4055
467 4120
468 4098
469 4135
470 4132
471 4126
472 4111
473 4187
474 4081
475 4106
476 4097
477 4010
478 4125
479 4183
480 4148
481 4141
482 4146
483 4163
484 4195
485 4184
486 4308
487 4182
488 4123
489 4220
490 4296
491 4488
492 4394
493 4246
494 4380
495 4242
496 4420
497 4381
498 4443
499 4465
500 4435
501 4504
502 4471
503 4463
504 4436
505 4508
506 4589
507 4559
508 4435
509 4534
510 4571
511 4484
512 4571
513 4583
514 4542
515 4562
516 4412
517 4476
518 4381
519 4407
520 4433
521 4479
522 4526
523 4452
524 4499
525 4505
526 4393
527 4360
528 4483
529 4556
530 4497
531 4381
532 4430
533 4370
534 4350
535 4301
536 4440
537 4367
538 4435
539 4349
540 4331
541 4253
542 4388
543 4363
544 4356
545 4366
546 4302
547 4337
548 4299
549 4267
550 4340
551 4200
552 4235
553 4441
554 4221
555 4177
556 4244
557 4110
558 4221
559 4180
560 4142
561 4118
562 4244
563 4088
564 4040
565 4032
566 3962
567 4033
568 3867
569 4110
570 4025
571 3914
572 3869
573 3801
574 4016
575 3772
576 3981
577 3989
578 3846
579 3758
580 3911
581 3921
582 3903
583 3938
584 3910
585 3890
586 3970
587 3987
588 4043
589 3930
590 3990
591 4000
592 3930
593 4006
594 4089
595 4103
596 4132
597 4139
598 4111
599 4087
600 4057
601 4020
602 3928
603 4000
604 4057
605 4064
606 4039
607 3963
608 3893
609 3923
610 4078
611 3960
612 3987
613 4147
614 4108
615 4032
616 4113
617 4040
618 4077
619 4131
620 3857
621 3964
622 4153
623 4171
624 3839
625 4045
626 3931
627 3938
628 3920
629 3954
630 4001
631 3911
632 3864
633 3981
634 3825
635 3819
636 3913
637 3824
638 3847
639 3868
640 3872
641 3932
642 3906
643 3845
644 3826
645 3842
646 3817
647 3950
648 3898
649 3856
650 3988
651 3885
652 3954
653 3983
654 3969
655 3988
656 3962
657 4088
658 4029
659 3954
660 4087
661 4132
662 4009
663 3991
664 4046
665 4043
666 4042
667 4032
668 4001
669 4216
670 4138
671 4095
672 3998
673 4068
674 4088
675 4078
676 4173
677 4085
678 4078
679 4093
680 3991
681 4035
682 3957
683 4104
684 3998
685 3954
686 4034
687 4143
688 4050
689 4113
690 4133
691 4161
692 4194
693 4215
694 4143
695 4138
696 4138
697 4068
698 4102
699 4098
700 4018
701 4031
702 4033
703 3992
704 3980
705 4169
706 4082
707 3936
708 4102
709 3988
710 4089
711 4060
712 4048
713 4139
714 4248
715 4211
716 4139
717 4172
718 4349
719 4291
720 4355
721 4208
722 4308
723 4229
724 4136
725 4150
726 4271
727 4194
728 4185
729 4242
730 4357
731 4334
732 4298
733 4248
734 4309
735 4249
736 4322
737 4310
738 4263
739 4239
740 4211
741 4327
742 4259
743 4266
744 4312
745 4328
746 4201
747 4254
748 4183
749 4245
750 4303
751 4271
752 4302
753 4282
754 4264
755 4095
756 4163
757 4252
758 4158
759 4246
760 4181
761 4057
762 4148
763 4129
764 4112
765 4015
766 4144
767 4161
768 4039
769 4034
770 4012
771 3942
772 4016
773 4060
774 4055
775 4061
776 3942
777 4027
778 3858
779 4008
780 4043
781 3941
782 3902
783 4069
784 4052
785 3933
786 4094
787 3971
788 3943
789 3974
790 4037
791 3961
792 3905
793 3834
794 3950
795 3922
796 3931
797 3845
798 3989
799 3902
800 3919
801 3927
802 3863
803 3814
804 3965
805 3816
806 3916
807 3946
808 3827
809 3730
810 3925
811 3727
812 3846
813 3821
814 3799
815 3952
816 3783
817 3796
818 3770
819 3706
820 3758
821 3855
822 3834
823 3956
824 3739
825 3820
826 3808
827 3653
828 3734
829 3760
830 3689
831 3810
832 3760
833 3594
834 3797
835 3743
836 3704
837 3748
838 3662
839 3722
840 3705
841 3694
842 3602
843 3699
844 3631
845 3723
846 3621
847 3614
848 3656
849 3663
850 3570
851 3509
852 3575
853 3618
854 3606
855 3602
856 3601
857 3588
858 3702
859 3775
860 3607
861 3700
862 3706
863 3619
864 3584
865 3669
866 3718
867 3621
868 3754
869 3685
870 3758
871 3628
872 3622
873 3628
874 3648
875 3756
876 3629
877 3577
878 3628
879 3621
880 3674
881 3660
882 3654
883 3484
884 3729
885 3716
886 3637
887 3593
888 3631
889 3644
890 3575
891 3568
892 3694
893 3601
894 3615
895 3627
896 3520
897 3579
898 3494
899 3608
900 3489
901 3567
902 3503
903 3480
904 3453
905 3500
906 3380
907 3465
908 3431
909 3343
910 3389
911 3487
912 3336
913 3438
914 3379
915 3328
916 3230
917 3404
918 3333
919 3296
920 3418
921 3327
922 3302
923 3138
924 3216
925 3239
926 3273
927 3296
928 3252
929 3274
930 3116
931 3195
932 3195
933 3231
934 3237
935 3079
936 3229
937 3192
938 3073
939 3215
940 3097
941 3080
942 3131
943 3107
944 3060
945 3077
946 3118
947 3073
948 2899
949 2959
950 2936
951 3022
952 2910
953 2984
954 3028
955 2982
956 3112
957 3054
958 2986
959 3065
960 3096
961 3042
962 2917
963 2942
964 2943
965 2922
966 3065
967 2923
968 2869
969 2812
970 2947
971 2848
972 2832
973 2842
974 2893
975 2744
976 2880
977 2864
978 2886
979 2783
980 2826
981 2726
982 2820
983 2762
984 2782
985 2663
986 2770
987 2712
988 2703
989 2646
990 2807
991 2732
992 2640
993 2685
994 2708
995 2636
996 2728
997 2663
998 2653
999 2546
1000 2508
1001 2548
1002 2617
1003 2661
1004 2725
1005 2706
1006 2514
1007 2531
1008 2530
1009 2510
1010 2525
1011 2558
1012 2484
1013 2494
1014 2502
1015 2436
1016 2498
1017 2513
1018 2491
1019 2486
1020 2392
1021 2328
1022 2392
1023 2385
1024 2390
1025 2354
1026 2386
1027 2339
1028 2295
1029 2340
1030 2273
1031 2341
1032 2261
1033 2296
1034 2293
1035 2352
1036 2214
1037 2208
1038 2235
1039 2202
1040 2222
1041 2257
1042 2196
1043 2170
1044 2250
1045 2102
1046 2103
1047 2143
1048 2210
1049 2155
1050 2188
1051 2167
1052 2105
1053 2129
1054 2123
1055 2069
1056 2108
1057 2129
1058 2108
1059 2038
1060 2078
1061 2023
1062 2108
1063 2034
1064 2015
1065 2051
1066 2005
1067 2023
1068 2089
1069 2048
1070 1850
1071 1985
1072 1905
1073 1945
1074 1876
1075 1847
1076 1954
1077 1854
1078 1882
1079 1969
1080 1854
1081 1944
1082 1843
1083 1877
1084 1863
1085 1888
1086 1836
1087 1862
1088 1859
1089 1833
1090 1820
1091 1844
1092 1865
1093 1769
1094 1899
1095 1795
1096 1763
1097 1792
1098 1757
1099 1792
1100 1789
1101 1743
1102 1714
1103 1771
1104 1722
1105 1716
1106 1682
1107 1672
1108 1705
1109 1704
1110 1569
1111 1686
1112 1689
1113 1651
1114 1623
1115 1699
1116 1597
1117 1618
1118 1713
1119 1623
1120 1635
1121 1604
1122 1564
1123 1616
1124 1549
1125 1491
1126 1589
1127 1576
1128 1532
1129 1553
1130 1521
1131 1467
1132 1527
1133 1436
1134 1462
1135 1502
1136 1587
1137 1438
1138 1389
1139 1472
1140 1483
1141 1456
1142 1382
1143 1420
1144 1432
1145 1422
1146 1453
1147 1409
1148 1383
1149 1360
1150 1322
1151 1367
1152 1351
1153 1338
1154 1377
1155 1349
1156 1331
1157 1389
1158 1296
1159 1257
1160 1254
1161 1211
1162 1279
1163 1329
1164 1217
1165 1269
1166 1215
1167 1268
1168 1238
1169 1216
1170 1221
1171 1245
1172 1223
1173 1187
1174 1221
1175 1174
1176 1240
1177 1203
1178 1230
1179 1181
1180 1166
1181 1220
1182 1208
1183 1178
1184 1172
1185 1152
1186 1081
1187 1181
1188 1135
1189 1075
1190 1162
1191 1081
1192 1067
1193 1097
1194 1089
1195 1155
1196 1132
1197 1067
1198 1130
1199 1066
1200 1085
1201 980
1202 1024
1203 1089
1204 1067
1205 992
1206 1043
1207 1032
1208 989
1209 1027
1210 1044
1211 952
1212 1028
1213 1013
1214 1008
1215 962
1216 988
1217 966
1218 944
1219 977
1220 892
1221 964
1222 961
1223 991
1224 956
1225 937
1226 908
1227 951
1228 965
1229 918
1230 865
1231 873
1232 909
1233 890
1234 853
1235 837
1236 881
1237 872
1238 811
1239 835
1240 840
1241 748
1242 811
1243 790
1244 792
1245 810
1246 797
1247 836
1248 796
1249 832
1250 803
1251 816
1252 810
1253 739
1254 745
1255 732
1256 729
1257 709
1258 722
1259 740
1260 741
1261 732
1262 711
1263 724
1264 741
1265 735
1266 718
1267 733
1268 694
1269 681
1270 675
1271 670
1272 694
1273 692
1274 703
1275 677
1276 695
1277 651
1278 662
1279 660
1280 695
1281 619
1282 628
1283 665
1284 646
1285 566
1286 634
1287 574
1288 672
1289 635
1290 606
1291 619
1292 630
1293 662
1294 612
1295 643
1296 630
1297 554
1298 556
1299 588
1300 582
1301 560
1302 564
1303 529
1304 537
1305 588
1306 567
1307 547
1308 556
1309 554
1310 539
1311 602
1312 549
1313 557
1314 509
1315 511
1316 533
1317 494
1318 477
1319 517
1320 513
1321 506
1322 550
1323 481
1324 521
1325 510
1326 457
1327 495
1328 495
1329 470
1330 464
1331 445
1332 491
1333 443
1334 460
1335 482
1336 484
1337 454
1338 460
1339 436
1340 436
1341 462
1342 484
1343 476
1344 426
1345 442
1346 435
1347 425
1348 433
1349 437
1350 424
1351 405
1352 437
1353 416
1354 376
1355 400
1356 422
1357 394
1358 407
1359 413
1360 410
1361 328
1362 374
1363 398
1364 366
1365 392
1366 387
1367 395
1368 357
1369 352
1370 339
1371 343
1372 357
1373 363
1374 368
1375 352
1376 344
1377 337
1378 347
1379 290
1380 357
1381 351
1382 309
1383 349
1384 327
1385 336
1386 329
1387 330
1388 300
1389 273
1390 328
1391 299
1392 328
1393 312
1394 279
1395 262
1396 289
1397 292
1398 315
1399 277
1400 289
1401 293
1402 325
1403 296
1404 272
1405 246
1406 252
1407 264
1408 272
1409 296
1410 257
1411 269
1412 266
1413 274
1414 253
1415 250
1416 270
1417 249
1418 270
1419 252
1420 248
1421 232
1422 244
1423 267
1424 250
1425 242
1426 266
1427 215
1428 209
1429 231
1430 235
1431 218
1432 224
1433 244
1434 233
1435 255
1436 203
1437 232
1438 217
1439 213
1440 195
1441 206
1442 232
1443 214
1444 204
1445 192
1446 205
1447 230
1448 203
1449 193
1450 182
1451 200
1452 198
1453 189
1454 165
1455 200
1456 180
1457 170
1458 186
1459 169
1460 194
1461 188
1462 155
1463 181
1464 170
1465 171
1466 179
1467 162
1468 173
1469 173
1470 173
1471 168
1472 170
1473 143
1474 170
1475 167
1476 174
1477 146
1478 180
1479 149
1480 152
1481 134
1482 131
1483 162
1484 162
1485 158
1486 125
1487 158
1488 129
1489 143
1490 134
1491 137
1492 128
1493 147
1494 121
1495 134
1496 148
1497 147
1498 134
1499 138
1500 144
1501 131
1502 132
1503 134
1504 114
1505 124
1506 163
1507 123
1508 119
1509 131
1510 111
1511 109
1512 115
1513 126
1514 118
1515 113
1516 122
1517 105
1518 91
1519 89
1520 117
1521 115
1522 110
1523 103
1524 109
1525 109
1526 96
1527 103
1528 108
1529 107
1530 101
1531 100
1532 92
1533 91
1534 92
1535 74
1536 88
1537 104
1538 84
1539 78
1540 79
1541 84
1542 85
1543 102
1544 81
1545 100
1546 98
1547 81
1548 90
1549 82
1550 71
1551 84
1552 74
1553 90
1554 85
1555 80
1556 84
1557 93
1558 74
1559 77
1560 71
1561 78
1562 82
1563 74
1564 90
1565 83
1566 93
1567 73
1568 65
1569 76
1570 66
1571 81
1572 61
1573 66
1574 62
1575 70
1576 69
1577 79
1578 51
1579 79
1580 66
1581 73
1582 61
1583 46
1584 68
1585 64
1586 69
1587 69
1588 53
1589 63
1590 73
1591 52
1592 51
1593 50
1594 61
1595 57
1596 56
1597 60
1598 61
1599 69
1600 52
1601 52
1602 69
1603 41
1604 50
1605 54
1606 48
1607 38
1608 41
1609 52
1610 54
1611 54
1612 44
1613 42
1614 49
1615 44
1616 60
1617 43
1618 42
1619 39
1620 52
1621 46
1622 52
1623 48
1624 45
1625 45
1626 52
1627 37
1628 44
1629 42
1630 55
1631 41
1632 36
1633 27
1634 40
1635 50
1636 35
1637 38
1638 40
1639 35
1640 50
1641 40
1642 37
1643 44
1644 43
1645 31
1646 26
1647 36
1648 33
1649 38
1650 29
1651 29
1652 27
1653 35
1654 38
1655 38
1656 37
1657 24
1658 28
1659 34
1660 23
1661 25
1662 33
1663 34
1664 20
1665 33
1666 36
1667 25
1668 30
1669 18
1670 18
1671 23
1672 23
1673 34
1674 21
1675 30
1676 22
1677 21
1678 17
1679 21
1680 21
1681 29
1682 27
1683 31
1684 25
1685 23
1686 16
1687 23
1688 25
1689 14
1690 24
1691 16
1692 14
1693 24
1694 29
1695 16
1696 15
1697 17
1698 24
1699 14
1700 14
1701 17
1702 19
1703 25
1704 14
1705 19
1706 18
1707 25
1708 23
1709 17
1710 18
1711 14
1712 25
1713 19
1714 21
1715 15
1716 18
1717 14
1718 18
1719 11
1720 20
1721 12
1722 17
1723 13
1724 18
1725 8
1726 13
1727 11
1728 12
1729 12
1730 13
1731 12
1732 14
1733 12
1734 10
1735 12
1736 14
1737 8
1738 11
1739 15
1740 12
1741 6
1742 10
1743 10
1744 9
1745 19
1746 9
1747 10
1748 7
1749 16
1750 8
1751 17
1752 10
1753 9
1754 5
1755 5
1756 6
1757 7
1758 9
1759 8
1760 9
1761 10
1762 8
1763 11
1764 10
1765 6
1766 10
1767 8
1768 10
1769 10
1770 8
1771 18
1772 8
1773 7
1774 9
1775 7
1776 6
1777 10
1778 5
1779 11
1780 5
1781 7
1782 6
1783 9
1784 7
1785 7
1786 2
1787 6
1788 4
1789 7
1790 11
1791 7
1792 2
1793 3
1794 10
1795 4
1796 4
1797 8
1798 6
1799 7
1800 7
1801 2
1802 5
1803 6
1804 5
1806 5
1807 1
1808 10
1809 4
1810 5
1811 5
1812 1
1813 9
1814 3
1815 2
1816 7
1817 2
1818 2
1819 2
1820 4
1821 3
1822 5
1823 2
1824 10
1825 2
1826 3
1827 4
1828 1
1829 5
1830 5
1831 4
1832 3
1833 5
1834 3
1835 5
1836 1
1837 4
1839 3
1840 3
1841 3
1842 2
1843 2
1844 6
1845 1
1846 1
1847 2
1848 2
1849 3
1851 3
1852 3
1853 3
1854 5
1855 2
1856 2
1857 4
1858 3
1859 1
1861 1
1862 4
1863 5
1864 2
1866 1
1867 1
1868 2
1869 1
1870 2
1871 1
1872 2
1873 1
1874 5
1875 3
1876 1
1878 1
1879 1
1880 2
1881 1
1882 1
1883 2
1884 2
1886 2
1888 2
1889 1
1890 3
1891 3
1892 2
1893 2
1894 1
1895 2
1896 1
1897 2
1899 1
1900 2
1901 1
1903 2
1904 2
1905 1
1906 1
1907 1
1908 2
1909 3
1910 1
1911 1
1912 1
1913 2
1914 3
1915 2
1917 1
1918 1
1919 3
1922 3
1923 3
1924 3
1925 3
1926 1
1928 1
1929 2
1930 1
1932 2
1933 1
1936 3
1937 1
1938 1
1940 2
1941 1
1944 2
1945 1
1946 1
1948 2
1952 1
1953 1
1954 1
1959 1
1961 1
1962 1
1968 1
1969 1
1973 2
1976 1
1979 1
1980 1
1989 2
1990 1
1992 1
1993 1
1998 1
2002 1
2007 1
2012 1
2014 1
2015 1
2017 1
2020 1
2021 1
2024 2
2025 2
2026 1
2027 1
2032 1
2033 1
