-1139 1
-1138 1
-1137 2
-1136 11
-1135 20
-1134 21
-1133 29
-1132 31
-1131 33
-1130 46
-1129 65
-1128 64
-1127 51
-1126 59
-1125 70
-1124 59
-1123 73
-1122 97
-1121 127
-1120 122
-1119 119
-1118 149
-1117 150
-1116 167
-1115 180
-1114 224
-1113 218
-1112 194
-1111 192
-1110 185
-1109 196
-1108 229
-1107 208
-1106 213
-1105 276
-1104 289
-1103 305
-1102 343
-1101 344
-1100 350
-1099 372
-1098 378
-1097 392
-1096 396
-1095 396
-1094 414
-1093 426
-1092 451
-1091 400
-1090 445
-1089 451
-1088 493
-1087 492
-1086 463
-1085 488
-1084 529
-1083 552
-1082 556
-1081 523
-1080 532
-1079 505
-1078 520
-1077 545
-1076 565
-1075 537
-1074 575
-1073 566
-1072 610
-1071 584
-1070 563
-1069 616
-1068 648
-1067 622
-1066 595
-1065 624
-1064 632
-1063 606
-1062 638
-1061 573
-1060 632
-1059 658
-1058 658
-1057 712
-1056 673
-1055 697
-1054 764
-1053 800
-1052 728
-1051 780
-1050 783
-1049 813
-1048 852
-1047 807
-1046 849
-1045 830
-1044 877
-1043 893
-1042 987
-1041 1012
-1040 999
-1039 1007
-1038 1055
-1037 1036
-1036 1027
-1035 1039
-1034 1178
-1033 1231
-1032 1286
-1031 1283
-1030 1272
-1029 1323
-1028 1382
-1027 1444
-1026 1429
-1025 1435
-1024 1506
-1023 1502
-1022 1381
-1021 1388
-1020 1472
-1019 1434
-1018 1470
-1017 1529
-1016 1452
-1015 1471
-1014 1545
-1013 1509
-1012 1467
-1011 1485
-1010 1540
-1009 1484
-1008 1567
-1007 1565
-1006 1589
-1005 1557
-1004 1563
-1003 1642
-1002 1599
-1001 1631
-1000 1580
-999 1794
-998 1754
-997 1627
-996 1776
-995 1710
-994 1681
-993 1659
-992 1800
-991 1753
-990 1832
-989 1790
-988 1762
-987 1819
-986 1804
-985 1825
-984 1764
-983 1707
-982 1838
-981 1798
-980 1875
-979 1919
-978 1865
-977 1908
-976 1942
-975 1935
-974 2004
-973 2071
-972 2103
-971 2144
-970 2137
-969 2239
-968 2258
-967 2366
-966 2402
-965 2365
-964 2490
-963 2536
-962 2552
-961 2569
-960 2488
-959 2704
-958 2632
-957 2734
-956 2753
-955 2757
-954 2813
-953 2807
-952 2866
-951 2828
-950 2887
-949 2730
-948 2850
-947 2900
-946 2863
-945 2784
-944 2676
-943 2748
-942 2702
-941 2680
-940 2666
-939 2688
-938 2750
-937 2734
-936 2695
-935 2676
-934 2673
-933 2707
-932 2655
-931 2662
-930 2694
-929 2578
-928 2723
-927 2646
-926 2749
-925 2671
-924 2701
-923 2686
-922 2754
-921 2833
-920 2759
-919 2691
-918 2805
-917 2718
-916 2677
-915 2883
-914 2865
-913 2875
-912 2717
-911 2829
-910 2764
-909 2748
-908 2881
-907 2804
-906 2765
-905 2880
-904 2945
-903 2838
-902 2942
-901 2935
-900 3019
-899 2932
-898 2922
-897 3042
-896 2986
-895 3073
-894 3092
-893 3129
-892 3131
-891 3155
-890 3145
-889 3233
-888 3219
-887 3320
-886 3382
-885 3439
-884 3551
-883 3536
-882 3616
-881 3537
-880 3688
-879 3539
-878 3622
-877 3569
-876 3771
-875 3715
-874 3600
-873 3669
-872 3827
-871 3793
-870 3927
-869 4035
-868 3957
-867 3944
-866 3925
-865 3885
-864 3967
-863 3887
-862 3959
-861 3930
-860 3879
-859 3885
-858 4046
-857 3973
-856 3941
-855 3776
-854 3781
-853 3797
-852 3744
-851 3772
-850 3894
-849 3987
-848 3884
-847 3954
-846 3861
-845 3896
-844 3934
-843 3886
-842 3836
-841 3772
-840 3899
-839 3929
-838 3850
-837 3951
-836 3945
-835 3983
-834 3931
-833 3959
-832 4043
-831 4133
-830 3918
-829 3935
-828 3936
-827 4076
-826 4128
-825 4150
-824 4168
-823 4185
-822 4160
-821 4165
-820 4244
-819 4170
-818 4115
-817 4204
-816 4286
-815 4254
-814 4361
-813 4211
-812 4390
-811 4290
-810 4340
-809 4292
-808 4238
-807 4275
-806 4224
-805 4087
-804 4150
-803 4204
-802 4174
-801 4292
-800 4460
-799 4349
-798 4377
-797 4440
-796 4449
-795 4380
-794 4459
-793 4426
-792 4388
-791 4478
-790 4368
-789 4502
-788 4362
-787 4670
-786 4496
-785 4457
-784 4643
-783 4724
-782 4590
-781 4632
-780 4587
-779 4735
-778 4644
-777 4759
-776 4612
-775 4534
-774 4631
-773 4664
-772 4546
-771 4585
-770 4593
-769 4595
-768 4538
-767 4484
-766 4668
-765 4681
-764 4573
-763 4570
-762 4640
-761 4571
-760 4727
-759 4656
-758 4716
-757 4738
-756 4797
-755 5001
-754 4871
-753 4856
-752 4839
-751 5021
-750 5130
-749 5078
-748 5376
-747 5092
-746 5161
-745 5106
-744 5075
-743 5146
-742 5112
-741 5196
-740 5145
-739 5316
-738 5135
-737 5303
-736 5441
-735 5330
-734 5420
-733 5507
-732 5543
-731 5609
-730 5821
-729 5752
-728 6035
-727 6012
-726 5987
-725 6286
-724 6375
-723 6270
-722 6398
-721 6464
-720 6314
-719 6507
-718 6400
-717 6401
-716 6482
-715 6348
-714 6382
-713 6344
-712 6413
-711 6289
-710 6424
-709 6453
-708 6417
-707 6302
-706 6345
-705 6436
-704 6478
-703 6340
-702 6307
-701 6389
-700 6330
-699 6461
-698 6567
-697 6632
-696 6473
-695 6629
-694 6664
-693 6445
-692 6640
-691 6662
-690 6689
-689 6685
-688 6695
-687 6802
-686 6705
-685 6677
-684 6641
-683 6664
-682 6567
-681 6783
-680 6809
-679 6667
-678 6745
-677 6805
-676 6732
-675 6688
-674 6678
-673 6850
-672 6823
-671 6753
-670 6772
-669 6789
-668 6775
-667 6747
-666 6793
-665 6732
-664 6656
-663 6614
-662 6501
-661 6724
-660 6569
-659 6487
-658 6497
-657 6604
-656 6518
-655 6466
-654 6522
-653 6634
-652 6381
-651 6427
-650 6337
-649 6419
-648 6418
-647 6380
-646 6302
-645 6347
-644 6353
-643 6450
-642 6517
-641 6594
-640 6406
-639 6537
-638 6532
-637 6600
-636 6476
-635 6565
-634 6670
-633 6707
-632 6861
-631 6696
-630 6815
-629 6939
-628 6882
-627 6890
-626 6776
-625 6948
-624 6838
-623 6845
-622 6789
-621 6857
-620 6677
-619 6879
-618 7090
-617 6934
-616 6989
-615 6865
-614 6986
-613 7083
-612 7033
-611 7223
-610 7110
-609 7108
-608 7105
-607 6956
-606 7163
-605 7021
-604 7163
-603 6931
-602 7178
-601 6928
-600 6989
-599 6775
-598 7081
-597 6871
-596 6879
-595 6941
-594 6911
-593 6983
-592 7010
-591 6821
-590 6827
-589 6688
-588 6598
-587 6800
-586 6696
-585 6627
-584 6701
-583 6789
-582 6710
-581 6827
-580 6530
-579 6679
-578 6661
-577 6599
-576 6516
-575 6526
-574 6534
-573 6572
-572 6663
-571 6663
-570 6455
-569 6551
-568 6523
-567 6502
-566 6383
-565 6498
-564 6430
-563 6443
-562 6484
-561 6509
-560 6275
-559 6558
-558 6327
-557 6338
-556 6470
-555 6280
-554 6322
-553 6391
-552 6336
-551 6469
-550 6308
-549 6413
-548 6203
-547 6215
-546 6310
-545 6149
-544 6129
-543 6231
-542 6079
-541 5978
-540 6010
-539 6036
-538 6058
-537 6064
-536 5998
-535 6033
-534 5968
-533 6069
-532 6095
-531 6053
-530 6095
-529 6109
-528 6073
-527 5875
-526 6054
-525 6064
-524 6061
-523 6198
-522 6105
-521 6057
-520 6177
-519 6053
-518 6074
-517 5916
-516 5972
-515 6100
-514 6084
-513 5993
-512 5936
-511 5877
-510 5868
-509 6041
-508 5966
-507 6016
-506 5837
-505 6001
-504 5846
-503 5954
-502 5842
-501 5934
-500 5786
-499 5948
-498 5959
-497 6017
-496 5851
-495 5861
-494 6024
-493 5903
-492 5815
-491 5997
-490 5874
-489 6039
-488 5933
-487 6020
-486 5839
-485 5889
-484 6023
-483 5820
-482 5795
-481 5913
-480 5753
-479 5824
-478 5827
-477 5789
-476 5854
-475 5900
-474 5971
-473 5934
-472 5982
-471 5833
-470 5865
-469 5731
-468 5744
-467 5778
-466 5541
-465 5811
-464 5734
-463 5663
-462 5786
-461 5523
-460 5559
-459 5710
-458 5467
-457 5780
-456 5748
-455 5572
-454 5590
-453 5655
-452 5386
-451 5567
-450 5416
-449 5411
-448 5458
-447 5496
-446 5554
-445 5403
-444 5411
-443 5308
-442 5379
-441 5219
-440 5330
-439 5343
-438 5217
-437 5090
-436 5056
-435 5193
-434 5160
-433 5070
-432 5115
-431 5091
-430 4992
-429 4886
-428 4881
-427 4719
-426 4810
-425 4709
-424 4758
-423 4778
-422 4678
-421 4732
-420 4596
-419 4575
-418 4663
-417 4695
-416 4644
-415 4610
-414 4613
-413 4554
-412 4632
-411 4680
-410 4470
-409 4488
-408 4498
-407 4464
-406 4560
-405 4590
-404 4404
-403 4475
-402 4381
-401 4399
-400 4435
-399 4282
-398 4395
-397 4331
-396 4230
-395 4308
-394 4228
-393 4272
-392 4274
-391 4099
-390 4163
-389 4198
-388 4059
-387 4161
-386 4094
-385 4005
-384 4029
-383 4051
-382 3952
-381 3881
-380 3913
-379 4071
-378 3821
-377 3940
-376 3959
-375 3849
-374 3958
-373 3910
-372 3876
-371 3923
-370 3898
-369 3886
-368 3811
-367 3861
-366 3832
-365 3837
-364 3863
-363 3758
-362 3739
-361 3708
-360 3614
-359 3598
-358 3748
-357 3773
-356 3522
-355 3619
-354 3610
-353 3506
-352 3516
-351 3556
-350 3540
-349 3513
-348 3558
-347 3529
-346 3525
-345 3434
-344 3482
-343 3370
-342 3488
-341 3433
-340 3439
-339 3384
-338 3426
-337 3471
-336 3459
-335 3463
-334 3392
-333 3425
-332 3436
-331 3373
-330 3227
-329 3301
-328 3365
-327 3325
-326 3206
-325 3282
-324 3249
-323 3165
-322 3267
-321 3170
-320 3166
-319 3305
-318 3147
-317 3247
-316 3145
-315 3131
-314 3103
-313 3139
-312 3087
-311 3069
-310 3039
-309 2957
-308 3050
-307 2998
-306 3004
-305 2919
-304 2997
-303 2916
-302 2937
-301 2941
-300 2982
-299 2946
-298 2884
-297 2866
-296 2839
-295 2829
-294 2868
-293 2924
-292 2903
-291 2908
-290 2892
-289 2841
-288 2911
-287 2855
-286 2812
-285 2857
-284 2883
-283 2799
-282 2748
-281 2764
-280 2763
-279 2766
-278 2618
-277 2665
-276 2719
-275 2635
-274 2664
-273 2786
-272 2616
-271 2619
-270 2547
-269 2641
-268 2558
-267 2474
-266 2493
-265 2473
-264 2512
-263 2510
-262 2494
-261 2387
-260 2495
-259 2408
-258 2334
-257 2361
-256 2416
-255 2326
-254 2483
-253 2287
-252 2320
-251 2367
-250 2245
-249 2278
-248 2215
-247 2292
-246 2281
-245 2203
-244 2272
-243 2200
-242 2152
-241 2254
-240 2148
-239 2172
-238 2241
-237 2141
-236 2093
-235 2123
-234 2126
-233 2112
-232 2165
-231 2157
-230 1996
-229 2082
-228 2071
-227 2039
-226 2087
-225 2077
-224 2002
-223 2011
-222 1997
-221 1988
-220 2006
-219 1956
-218 1966
-217 1976
-216 1946
-215 1938
-214 1982
-213 1967
-212 1823
-211 1901
-210 1902
-209 1917
-208 1899
-207 1933
-206 1877
-205 1853
-204 1819
-203 1902
-202 1829
-201 1831
-200 1820
-199 1823
-198 1708
-197 1770
-196 1762
-195 1796
-194 1711
-193 1713
-192 1701
-191 1711
-190 1643
-189 1616
-188 1621
-187 1692
-186 1657
-185 1554
-184 1637
-183 1622
-182 1562
-181 1654
-180 1631
-179 1558
-178 1591
-177 1644
-176 1587
-175 1592
-174 1526
-173 1555
-172 1620
-171 1467
-170 1493
-169 1519
-168 1454
-167 1482
-166 1527
-165 1446
-164 1422
-163 1464
-162 1482
-161 1403
-160 1439
-159 1419
-158 1457
-157 1439
-156 1382
-155 1355
-154 1317
-153 1289
-152 1346
-151 1418
-150 1275
-149 1314
-148 1298
-147 1294
-146 1363
-145 1405
-144 1300
-143 1283
-142 1297
-141 1267
-140 1242
-139 1234
-138 1245
-137 1283
-136 1133
-135 1252
-134 1255
-133 1279
-132 1237
-131 1277
-130 1301
-129 1224
-128 1233
-127 1178
-126 1261
-125 1207
-124 1232
-123 1182
-122 1204
-121 1126
-120 1138
-119 1118
-118 1121
-117 1127
-116 1148
-115 1099
-114 1175
-113 1153
-112 1103
-111 1139
-110 1081
-109 1040
-108 1055
-107 1059
-106 1037
-105 1053
-104 1008
-103 992
-102 1022
-101 1028
-100 1021
-99 1004
-98 983
-97 1017
-96 1037
-95 1013
-94 967
-93 993
-92 941
-91 971
-90 897
-89 886
-88 945
-87 934
-86 912
-85 912
-84 913
-83 959
-82 904
-81 900
-80 832
-79 876
-78 906
-77 823
-76 850
-75 915
-74 848
-73 886
-72 824
-71 832
-70 782
-69 835
-68 844
-67 822
-66 773
-65 814
-64 806
-63 753
-62 788
-61 807
-60 760
-59 721
-58 769
-57 755
-56 747
-55 720
-54 741
-53 707
-52 721
-51 744
-50 757
-49 697
-48 751
-47 738
-46 698
-45 694
-44 690
-43 699
-42 695
-41 655
-40 645
-39 686
-38 671
-37 669
-36 624
-35 642
-34 676
-33 669
-32 645
-31 640
-30 606
-29 651
-28 610
-27 596
-26 626
-25 621
-24 557
-23 593
-22 556
-21 584
-20 613
-19 619
-18 585
-17 624
-16 635
-15 577
-14 567
-13 601
-12 600
-11 530
-10 518
-9 570
-8 549
-7 536
-6 556
-5 550
-4 491
-3 522
-2 490
-1 538
0 518
1 506
2 542
3 562
4 505
5 524
6 540
7 511
8 492
9 500
10 511
11 509
12 490
13 475
14 480
15 465
16 499
17 447
18 490
19 488
20 424
21 450
22 472
23 492
24 437
25 445
26 435
27 415
28 441
29 446
30 443
31 418
32 458
33 440
34 470
35 410
36 440
37 418
38 416
39 433
40 419
41 379
42 415
43 411
44 373
45 388
46 400
47 406
48 387
49 370
50 419
51 339
52 389
53 367
54 365
55 356
56 354
57 331
58 373
59 373
60 351
61 346
62 333
63 323
64 352
65 325
66 290
67 367
68 297
69 310
70 312
71 337
72 301
73 318
74 327
75 318
76 296
77 316
78 310
79 295
80 305
81 281
82 280
83 274
84 252
85 260
86 258
87 272
88 261
89 286
90 266
91 276
92 270
93 247
94 263
95 281
96 265
97 273
98 245
99 277
100 257
101 289
102 219
103 248
104 237
105 246
106 223
107 208
108 230
109 222
110 250
111 228
112 238
113 251
114 248
115 237
116 244
117 249
118 224
119 200
120 222
121 229
122 212
123 225
124 225
125 197
126 184
127 183
128 196
129 189
130 199
131 179
132 226
133 237
134 188
135 167
136 205
137 203
138 171
139 177
140 176
141 209
142 192
143 180
144 188
145 170
146 185
147 156
148 167
149 180
150 162
151 167
152 179
153 152
154 183
155 190
156 156
157 162
158 153
159 161
160 162
161 158
162 165
163 171
164 167
165 173
166 137
167 156
168 169
169 175
170 142
171 164
172 140
173 172
174 158
175 145
176 146
177 139
178 170
179 160
180 153
181 119
182 152
183 138
184 117
185 129
186 137
187 127
188 153
189 142
190 131
191 143
192 119
193 107
194 145
195 116
196 137
197 126
198 104
199 125
200 109
201 104
202 121
203 119
204 122
205 129
206 121
207 100
208 112
209 110
210 117
211 130
212 138
213 95
214 110
215 108
216 98
217 104
218 111
219 105
220 94
221 99
222 93
223 95
224 98
225 126
226 97
227 83
228 94
229 78
230 99
231 80
232 93
233 84
234 106
235 94
236 92
237 112
238 95
239 96
240 99
241 104
242 85
243 81
244 96
245 86
246 94
247 83
248 98
249 98
250 82
251 88
252 80
253 78
254 78
255 76
256 79
257 83
258 70
259 78
260 90
261 71
262 89
263 88
264 81
265 56
266 57
267 72
268 83
269 86
270 60
271 75
272 65
273 67
274 83
275 80
276 70
277 83
278 76
279 62
280 75
281 70
282 80
283 77
284 63
285 68
286 72
287 87
288 76
289 63
290 60
291 61
292 80
293 62
294 74
295 66
296 67
297 59
298 62
299 59
300 59
301 68
302 84
303 62
304 72
305 55
306 62
307 65
308 64
309 66
310 78
311 74
312 63
313 69
314 66
315 79
316 68
317 66
318 89
319 61
320 78
321 58
322 60
323 69
324 65
325 66
326 76
327 57
328 70
329 70
330 68
331 68
332 68
333 57
334 63
335 89
336 65
337 87
338 73
339 87
340 76
341 63
342 61
343 60
344 67
345 61
346 48
347 58
348 51
349 52
350 67
351 59
352 67
353 75
354 61
355 80
356 59
357 69
358 65
359 79
360 69
361 60
362 73
363 59
364 48
365 66
366 88
367 61
368 69
369 74
370 53
371 37
372 69
373 67
374 78
375 70
376 65
377 64
378 66
379 61
380 69
381 69
382 69
383 66
384 72
385 56
386 72
387 64
388 73
389 65
390 66
391 61
392 70
393 78
394 72
395 58
396 68
397 72
398 86
399 85
400 67
401 61
402 76
403 64
404 53
405 69
406 70
407 55
408 70
409 66
410 62
411 73
412 58
413 77
414 79
415 82
416 77
417 63
418 85
419 75
420 76
421 86
422 68
423 75
424 77
425 82
426 88
427 79
428 98
429 76
430 79
431 91
432 92
433 91
434 82
435 80
436 75
437 74
438 87
439 85
440 103
441 94
442 104
443 87
444 96
445 89
446 87
447 102
448 92
449 108
450 94
451 96
452 99
453 103
454 99
455 92
456 88
457 94
458 91
459 77
460 110
461 102
462 93
463 91
464 102
465 108
466 97
467 106
468 89
469 98
470 89
471 112
472 88
473 108
474 92
475 103
476 104
477 96
478 88
479 97
480 105
481 86
482 95
483 89
484 99
485 88
486 89
487 105
488 107
489 97
490 94
491 84
492 93
493 92
494 96
495 106
496 116
497 106
498 92
499 112
500 109
501 99
502 85
503 103
504 99
505 97
506 69
507 96
508 130
509 87
510 105
511 92
512 100
513 78
514 95
515 106
516 104
517 92
518 87
519 99
520 88
521 100
522 99
523 88
524 99
525 91
526 103
527 95
528 80
529 91
530 88
531 86
532 81
533 109
534 105
535 101
536 78
537 79
538 84
539 88
540 85
541 78
542 96
543 96
544 91
545 87
546 76
547 91
548 90
549 87
550 111
551 84
552 103
553 82
554 85
555 92
556 79
557 98
558 101
559 77
560 97
561 84
562 91
563 90
564 82
565 92
566 92
567 87
568 70
569 88
570 91
571 85
572 84
573 79
574 93
575 82
576 85
577 88
578 72
579 52
580 67
581 79
582 57
583 84
584 70
585 104
586 73
587 80
588 81
589 78
590 71
591 80
592 84
593 96
594 65
595 75
596 82
597 77
598 76
599 60
600 85
601 77
602 66
603 74
604 84
605 79
606 83
607 75
608 67
609 76
610 84
611 61
612 62
613 75
614 64
615 81
616 60
617 55
618 62
619 74
620 68
621 68
622 88
623 77
624 74
625 73
626 67
627 77
628 63
629 60
630 64
631 77
632 56
633 63
634 81
635 56
636 62
637 72
638 79
639 57
640 58
641 71
642 67
643 62
644 66
645 68
646 64
647 72
648 79
649 54
650 68
651 53
652 55
653 69
654 58
655 64
656 65
657 68
658 58
659 61
660 67
661 63
662 49
663 67
664 57
665 67
666 61
667 67
668 67
669 68
670 54
671 58
672 66
673 59
674 61
675 43
676 59
677 62
678 60
679 50
680 46
681 69
682 63
683 57
684 66
685 64
686 51
687 53
688 44
689 52
690 54
691 53
692 62
693 48
694 68
695 56
696 43
697 36
698 45
699 61
700 42
701 51
702 64
703 64
704 56
705 53
706 73
707 39
708 58
709 52
710 63
711 47
712 37
713 50
714 49
715 33
716 43
717 40
718 44
719 49
720 39
721 48
722 44
723 44
724 44
725 45
726 55
727 46
728 60
729 38
730 41
731 38
732 55
733 44
734 38
735 51
736 44
737 40
738 45
739 54
740 46
741 54
742 49
743 30
744 40
745 33
746 54
747 44
748 48
749 34
750 47
751 46
752 43
753 34
754 31
755 44
756 41
757 44
758 38
759 45
760 38
761 29
762 42
763 36
764 28
765 40
766 45
767 29
768 22
769 41
770 47
771 35
772 38
773 26
774 41
775 34
776 40
777 36
778 35
779 32
780 29
781 34
782 30
783 35
784 32
785 35
786 39
787 36
788 28
789 26
790 30
791 27
792 34
793 21
794 36
795 21
796 29
797 31
798 33
799 23
800 21
801 41
802 32
803 28
804 34
805 32
806 42
807 33
808 36
809 33
810 40
811 19
812 26
813 25
814 29
815 26
816 35
817 32
818 26
819 37
820 25
821 24
822 21
823 26
824 19
825 23
826 33
827 21
828 22
829 24
830 31
831 32
832 26
833 23
834 25
835 17
836 16
837 26
838 21
839 27
840 27
841 15
842 22
843 20
844 21
845 19
846 25
847 26
848 32
849 30
850 17
851 13
852 24
853 23
854 32
855 29
856 22
857 22
858 18
859 21
860 22
861 14
862 19
863 18
864 21
865 19
866 20
867 18
868 13
869 19
870 19
871 17
872 20
873 15
874 19
875 18
876 20
877 23
878 22
879 19
880 20
881 18
882 13
883 22
884 13
885 10
886 19
887 18
888 19
889 25
890 11
891 20
892 19
893 18
894 13
895 11
896 13
897 15
898 18
899 10
900 17
901 13
902 13
903 16
904 10
905 15
906 11
907 8
908 11
909 6
910 19
911 18
912 12
913 15
914 11
915 12
916 9
917 15
918 11
919 9
920 14
921 9
922 11
923 15
924 11
925 15
926 11
927 15
928 13
929 17
930 9
931 13
932 12
933 11
934 17
935 12
936 12
937 15
938 15
939 8
940 3
941 13
942 15
943 5
944 16
945 10
946 12
947 10
948 14
949 16
950 12
951 5
952 9
953 5
954 15
955 8
956 7
957 12
958 14
959 11
960 10
961 10
962 13
963 13
964 12
965 9
966 9
967 6
968 15
969 9
970 4
971 12
972 12
973 9
974 4
975 8
976 5
977 5
978 7
979 13
980 6
981 4
982 5
983 5
984 7
985 10
986 6
987 8
988 12
989 7
990 9
991 7
992 7
993 3
994 8
995 7
996 4
997 10
998 3
999 5
1000 9
1001 6
1002 6
1003 10
1004 7
1005 9
1006 11
1007 7
1008 6
1009 7
1010 10
1011 5
1012 4
1013 4
1014 9
1015 5
1016 10
1017 5
1018 10
1019 11
1020 5
1021 5
1022 3
1023 8
1024 4
1025 5
1026 5
1027 5
1028 6
1029 6
1030 5
1031 9
1032 11
1033 5
1034 5
1035 9
1036 7
1037 5
1038 4
1039 5
1040 8
1041 4
1042 5
1043 4
1044 6
1045 8
1046 4
1047 6
1048 5
1049 4
1050 6
1051 6
1052 3
1053 5
1054 2
1055 2
1056 3
1057 6
1058 1
1059 5
1060 2
1061 3
1062 3
1063 4
1064 1
1065 5
1066 1
1067 4
1068 4
1069 2
1070 6
1071 5
1072 2
1074 4
1075 2
1076 2
1077 1
1078 3
1079 2
1080 4
1081 5
1082 1
1084 6
1086 1
1087 3
1088 4
1089 5
1090 3
1091 3
1092 2
1093 5
1094 2
1095 1
1096 5
1097 1
1098 1
1099 2
1100 2
1101 2
1102 7
1103 1
1104 4
1105 1
1106 1
1107 3
1108 5
1109 2
1110 1
1111 2
1112 1
1113 4
1114 3
1115 1
1117 3
1118 1
1119 2
1120 2
1122 3
1123 1
1124 2
1125 1
1127 2
1128 2
1130 2
1131 1
1132 1
1133 2
1135 2
1136 2
1138 3
1139 1
1140 1
1141 2
1142 5
1145 1
1146 1
1147 1
1149 2
1151 2
1152 2
1153 2
1154 2
1155 2
1156 1
1157 1
1158 1
1159 2
1160 1
1161 2
1162 2
1163 1
1167 1
1168 1
1169 1
1170 2
1171 1
1172 1
1173 1
1174 1
1175 1
1176 1
1178 1
1179 2
1180 1
1182 1
1183 3
1186 1
1187 1
1189 1
1191 1
1192 1
1193 1
1201 1
1202 2
1203 1
1205 1
1208 1
1211 2
1212 2
1213 1
1223 1
1226 1
1229 1
1234 1
1236 2
1237 1
1242 1
1243 1
1248 1
1253 1
1255 1
1256 1
1257 2
1261 2
1262 1
1263 1
1265 1
1268 1
1270 1
1274 2
1275 1
1277 1
1279 1
1283 2
1287 1
1290 1
1294 1
1302 1
1305 1
1309 1
1312 1
1314 1
1319 1
1321 1
1323 2
1338 1
1346 1
1350 1
