-625 1
-624 1
-623 1
-622 2
-621 11
-620 7
-619 16
-618 30
-617 35
-616 44
-615 58
-614 87
-613 73
-612 104
-611 97
-610 111
-609 124
-608 123
-607 153
-606 157
-605 135
-604 169
-603 158
-602 126
-601 151
-600 152
-599 167
-598 151
-597 178
-596 147
-595 131
-594 154
-593 157
-592 154
-591 146
-590 164
-589 166
-588 176
-587 156
-586 161
-585 172
-584 146
-583 157
-582 161
-581 160
-580 161
-579 153
-578 154
-577 167
-576 185
-575 159
-574 150
-573 152
-572 154
-571 165
-570 165
-569 164
-568 173
-567 147
-566 181
-565 153
-564 166
-563 184
-562 158
-561 172
-560 173
-559 169
-558 177
-557 179
-556 189
-555 195
-554 191
-553 201
-552 192
-551 199
-550 199
-549 219
-548 211
-547 211
-546 191
-545 207
-544 183
-543 203
-542 216
-541 186
-540 248
-539 228
-538 192
-537 198
-536 208
-535 203
-534 192
-533 200
-532 213
-531 213
-530 207
-529 216
-528 198
-527 221
-526 221
-525 215
-524 212
-523 215
-522 220
-521 252
-520 262
-519 238
-518 260
-517 261
-516 291
-515 302
-514 284
-513 293
-512 256
-511 316
-510 243
-509 289
-508 297
-507 285
-506 287
-505 302
-504 323
-503 294
-502 285
-501 292
-500 327
-499 300
-498 300
-497 341
-496 297
-495 301
-494 352
-493 345
-492 337
-491 316
-490 327
-489 323
-488 321
-487 359
-486 340
-485 359
-484 339
-483 379
-482 366
-481 386
-480 393
-479 347
-478 388
-477 405
-476 384
-475 433
-474 488
-473 467
-472 451
-471 503
-470 507
-469 544
-468 502
-467 611
-466 585
-465 622
-464 607
-463 614
-462 666
-461 647
-460 673
-459 648
-458 722
-457 703
-456 673
-455 700
-454 766
-453 745
-452 726
-451 826
-450 793
-449 745
-448 758
-447 747
-446 751
-445 768
-444 830
-443 847
-442 784
-441 829
-440 788
-439 834
-438 811
-437 808
-436 790
-435 867
-434 843
-433 835
-432 845
-431 874
-430 752
-429 825
-428 871
-427 842
-426 830
-425 909
-424 854
-423 871
-422 910
-421 880
-420 896
-419 875
-418 903
-417 853
-416 878
-415 908
-414 907
-413 976
-412 950
-411 936
-410 978
-409 963
-408 1012
-407 968
-406 983
-405 991
-404 1064
-403 1120
-402 1063
-401 1058
-400 1144
-399 1220
-398 1170
-397 1224
-396 1198
-395 1285
-394 1328
-393 1262
-392 1297
-391 1324
-390 1366
-389 1351
-388 1428
-387 1366
-386 1423
-385 1499
-384 1510
-383 1497
-382 1633
-381 1573
-380 1622
-379 1562
-378 1699
-377 1700
-376 1686
-375 1614
-374 1622
-373 1736
-372 1705
-371 1750
-370 1755
-369 1828
-368 1898
-367 1856
-366 1898
-365 1918
-364 2031
-363 1940
-362 2086
-361 2079
-360 2053
-359 2082
-358 2047
-357 2124
-356 2187
-355 2154
-354 2086
-353 2242
-352 2233
-351 2200
-350 2247
-349 2288
-348 2293
-347 2376
-346 2353
-345 2418
-344 2378
-343 2480
-342 2401
-341 2331
-340 2409
-339 2536
-338 2578
-337 2516
-336 2462
-335 2608
-334 2576
-333 2576
-332 2555
-331 2625
-330 2554
-329 2683
-328 2586
-327 2678
-326 2636
-325 2794
-324 2691
-323 2767
-322 2683
-321 2699
-320 2700
-319 2704
-318 2743
-317 2727
-316 2775
-315 2694
-314 2671
-313 2719
-312 2755
-311 2790
-310 2752
-309 2694
-308 2745
-307 2731
-306 2776
-305 2878
-304 2751
-303 2793
-302 2836
-301 2956
-300 2994
-299 3036
-298 3018
-297 2984
-296 2949
-295 3049
-294 2988
-293 3141
-292 3118
-291 3218
-290 3256
-289 3304
-288 3159
-287 3324
-286 3425
-285 3282
-284 3399
-283 3460
-282 3578
-281 3539
-280 3601
-279 3594
-278 3603
-277 3642
-276 3638
-275 3648
-274 3777
-273 3662
-272 3846
-271 3755
-270 3752
-269 3833
-268 3852
-267 3797
-266 3875
-265 3789
-264 3813
-263 3752
-262 3798
-261 3830
-260 4022
-259 3909
-258 3953
-257 3976
-256 4115
-255 4014
-254 3949
-253 4037
-252 4114
-251 4175
-250 4094
-249 4202
-248 4289
-247 4330
-246 4212
-245 4358
-244 4440
-243 4365
-242 4395
-241 4413
-240 4544
-239 4609
-238 4679
-237 4752
-236 4692
-235 4807
-234 4743
-233 4670
-232 4773
-231 4799
-230 4721
-229 4731
-228 4712
-227 4655
-226 4735
-225 4852
-224 4755
-223 4735
-222 4722
-221 4698
-220 4860
-219 4813
-218 4793
-217 4837
-216 4852
-215 4902
-214 4876
-213 4943
-212 4813
-211 4960
-210 4887
-209 5035
-208 4904
-207 5032
-206 4941
-205 4973
-204 5037
-203 5025
-202 4934
-201 4916
-200 5123
-199 4958
-198 5003
-197 5119
-196 5138
-195 4938
-194 5076
-193 5127
-192 5195
-191 5111
-190 5175
-189 5083
-188 5162
-187 5150
-186 5116
-185 5131
-184 5230
-183 5236
-182 5209
-181 5277
-180 5205
-179 5302
-178 5384
-177 5374
-176 5482
-175 5292
-174 5474
-173 5484
-172 5379
-171 5549
-170 5426
-169 5512
-168 5394
-167 5433
-166 5505
-165 5492
-164 5586
-163 5498
-162 5621
-161 5736
-160 5866
-159 5768
-158 5588
-157 5454
-156 5498
-155 5601
-154 5545
-153 5561
-152 5639
-151 5615
-150 5619
-149 5589
-148 5534
-147 5739
-146 5661
-145 5621
-144 5636
-143 5698
-142 5863
-141 5775
-140 5779
-139 5808
-138 5817
-137 5808
-136 5816
-135 5905
-134 5897
-133 5843
-132 5966
-131 5773
-130 5802
-129 5970
-128 5975
-127 5907
-126 6110
-125 5881
-124 6055
-123 6000
-122 6018
-121 5944
-120 6031
-119 5867
-118 5995
-117 5968
-116 6060
-115 5982
-114 6004
-113 6123
-112 6190
-111 6074
-110 6283
-109 6094
-108 6266
-107 6209
-106 6096
-105 6156
-104 6074
-103 6002
-102 6194
-101 6225
-100 6329
-99 6201
-98 6091
-97 6244
-96 6349
-95 6295
-94 6363
-93 6379
-92 6433
-91 6399
-90 6353
-89 6308
-88 6369
-87 6429
-86 6279
-85 6414
-84 6458
-83 6523
-82 6446
-81 6457
-80 6282
-79 6510
-78 6405
-77 6348
-76 6546
-75 6301
-74 6257
-73 6262
-72 6408
-71 6352
-70 6437
-69 6424
-68 6360
-67 6469
-66 6330
-65 6353
-64 6449
-63 6429
-62 6494
-61 6341
-60 6431
-59 6363
-58 6451
-57 6389
-56 6483
-55 6435
-54 6392
-53 6498
-52 6559
-51 6484
-50 6431
-49 6471
-48 6721
-47 6558
-46 6552
-45 6598
-44 6671
-43 6620
-42 6582
-41 6717
-40 6572
-39 6658
-38 6500
-37 6808
-36 6349
-35 6534
-34 6541
-33 6610
-32 6776
-31 6619
-30 6531
-29 6421
-28 6539
-27 6591
-26 6496
-25 6448
-24 6510
-23 6551
-22 6565
-21 6515
-20 6542
-19 6592
-18 6747
-17 6548
-16 6506
-15 6481
-14 6496
-13 6599
-12 6521
-11 6484
-10 6527
-9 6544
-8 6563
-7 6505
-6 6693
-5 6496
-4 6634
-3 6602
-2 6647
-1 6603
0 6611
1 6585
2 6336
3 6279
4 6637
5 6385
6 6418
7 6383
8 6327
9 6409
10 6489
11 6428
12 6416
13 6601
14 6486
15 6325
16 6426
17 6267
18 6395
19 6382
20 6397
21 6233
22 6305
23 6313
24 6320
25 6177
26 6175
27 6208
28 6267
29 6266
30 5970
31 6301
32 6151
33 6163
34 6106
35 6107
36 6073
37 6135
38 6247
39 5994
40 6143
41 6019
42 6085
43 5958
44 5906
45 5956
46 5795
47 5841
48 5818
49 5957
50 5706
51 5921
52 5829
53 5836
54 5884
55 5915
56 5797
57 5886
58 5852
59 5979
60 5819
61 5830
62 5746
63 5854
64 5908
65 5828
66 5735
67 5795
68 5845
69 5757
70 5788
71 5817
72 5805
73 5774
74 5676
75 5700
76 5440
77 5625
78 5702
79 5777
80 5479
81 5542
82 5627
83 5682
84 5492
85 5555
86 5428
87 5541
88 5438
89 5531
90 5384
91 5301
92 5329
93 5358
94 5190
95 5272
96 5176
97 5245
98 5311
99 5228
100 5360
101 5225
102 5118
103 5126
104 5130
105 5092
106 5059
107 5097
108 5073
109 4908
110 5017
111 5086
112 5092
113 4927
114 4978
115 4918
116 4951
117 4929
118 4858
119 4840
120 4961
121 4892
122 4914
123 4823
124 4817
125 4839
126 4957
127 4840
128 4755
129 4755
130 4904
131 4667
132 4689
133 4609
134 4752
135 4729
136 4632
137 4707
138 4649
139 4688
140 4550
141 4555
142 4636
143 4564
144 4511
145 4740
146 4648
147 4575
148 4628
149 4627
150 4481
151 4563
152 4505
153 4422
154 4558
155 4434
156 4412
157 4344
158 4432
159 4286
160 4434
161 4378
162 4432
163 4365
164 4197
165 4316
166 4293
167 4223
168 4223
169 4158
170 4249
171 4239
172 4245
173 4088
174 4090
175 4174
176 4166
177 4181
178 4069
179 4079
180 4072
181 4124
182 4007
183 4037
184 3992
185 4012
186 4019
187 4042
188 3998
189 4028
190 3996
191 3826
192 3856
193 3945
194 3682
195 3822
196 3944
197 3834
198 3735
199 3903
200 3854
201 3749
202 3871
203 3768
204 3848
205 3733
206 3799
207 3766
208 3833
209 3695
210 3674
211 3759
212 3602
213 3595
214 3732
215 3623
216 3668
217 3630
218 3598
219 3595
220 3632
221 3565
222 3727
223 3580
224 3423
225 3616
226 3519
227 3547
228 3588
229 3540
230 3490
231 3495
232 3518
233 3470
234 3462
235 3454
236 3421
237 3414
238 3478
239 3338
240 3477
241 3281
242 3333
243 3309
244 3352
245 3390
246 3323
247 3298
248 3183
249 3250
250 3245
251 3069
252 3127
253 3224
254 3173
255 3173
256 3114
257 3096
258 3148
259 3146
260 3084
261 3053
262 3162
263 3154
264 3056
265 3126
266 3049
267 3039
268 3087
269 3055
270 2877
271 2961
272 2971
273 2931
274 2983
275 2955
276 2969
277 2890
278 2938
279 2867
280 2951
281 2830
282 2864
283 2843
284 2885
285 2893
286 2863
287 2829
288 2772
289 2806
290 2896
291 2784
292 2815
293 2735
294 2770
295 2654
296 2704
297 2659
298 2691
299 2583
300 2670
301 2631
302 2739
303 2667
304 2621
305 2552
306 2601
307 2570
308 2537
309 2484
310 2527
311 2518
312 2478
313 2455
314 2382
315 2454
316 2455
317 2389
318 2402
319 2411
320 2462
321 2347
322 2351
323 2389
324 2394
325 2423
326 2339
327 2278
328 2345
329 2265
330 2289
331 2350
332 2178
333 2223
334 2259
335 2238
336 2304
337 2290
338 2208
339 2113
340 2167
341 2102
342 2115
343 2095
344 2126
345 2039
346 2145
347 2083
348 2080
349 2044
350 2046
351 2065
352 1990
353 2132
354 2048
355 1990
356 2051
357 2010
358 1999
359 2010
360 1893
361 1941
362 1989
363 1830
364 1940
365 1923
366 1910
367 1915
368 1837
369 1894
370 1778
371 1786
372 1914
373 1784
374 1931
375 1790
376 1787
377 1763
378 1736
379 1786
380 1686
381 1765
382 1769
383 1691
384 1728
385 1662
386 1670
387 1793
388 1649
389 1689
390 1670
391 1617
392 1675
393 1688
394 1586
395 1623
396 1682
397 1690
398 1676
399 1652
400 1594
401 1663
402 1539
403 1613
404 1566
405 1572
406 1635
407 1605
408 1558
409 1471
410 1560
411 1604
412 1531
413 1539
414 1522
415 1467
416 1494
417 1447
418 1538
419 1510
420 1497
421 1471
422 1367
423 1483
424 1461
425 1411
426 1444
427 1437
428 1405
429 1403
430 1469
431 1351
432 1434
433 1287
434 1382
435 1406
436 1387
437 1331
438 1323
439 1363
440 1331
441 1295
442 1356
443 1317
444 1256
445 1286
446 1363
447 1322
448 1196
449 1292
450 1269
451 1275
452 1209
453 1258
454 1268
455 1240
456 1216
457 1246
458 1317
459 1207
460 1190
461 1198
462 1224
463 1222
464 1218
465 1152
466 1266
467 1180
468 1141
469 1178
470 1190
471 1114
472 1135
473 1139
474 1099
475 1131
476 1095
477 1115
478 1054
479 1138
480 1100
481 1009
482 1089
483 1090
484 1064
485 1067
486 1042
487 1047
488 1010
489 1057
490 1064
491 1024
492 1011
493 1023
494 990
495 1030
496 984
497 959
498 982
499 991
500 955
501 903
502 990
503 918
504 937
505 917
506 934
507 910
508 883
509 891
510 955
511 910
512 848
513 903
514 811
515 923
516 891
517 850
518 865
519 852
520 869
521 838
522 826
523 820
524 809
525 769
526 756
527 794
528 802
529 843
530 838
531 742
532 798
533 742
534 742
535 743
536 786
537 732
538 706
539 773
540 756
541 731
542 770
543 765
544 733
545 777
546 702
547 747
548 639
549 719
550 695
551 698
552 714
553 644
554 726
555 730
556 766
557 681
558 695
559 659
560 685
561 649
562 689
563 669
564 656
565 614
566 624
567 603
568 676
569 630
570 604
571 651
572 642
573 630
574 622
575 641
576 583
577 650
578 639
579 628
580 599
581 591
582 578
583 574
584 617
585 580
586 562
587 548
588 593
589 577
590 532
591 622
592 591
593 568
594 571
595 540
596 543
597 593
598 549
599 520
600 515
601 551
602 504
603 515
604 525
605 595
606 518
607 537
608 519
609 573
610 563
611 556
612 528
613 495
614 521
615 540
616 503
617 547
618 526
619 529
620 509
621 560
622 546
623 573
624 566
625 531
626 549
627 569
628 590
629 541
630 535
631 544
632 514
633 528
634 518
635 524
636 559
637 535
638 479
639 548
640 523
641 485
642 526
643 487
644 536
645 541
646 515
647 533
648 508
649 534
650 544
651 530
652 534
653 508
654 560
655 500
656 531
657 469
658 506
659 473
660 481
661 486
662 502
663 470
664 483
665 493
666 456
667 470
668 501
669 501
670 490
671 498
672 457
673 501
674 504
675 540
676 499
677 495
678 547
679 541
680 536
681 545
682 544
683 568
684 551
685 565
686 521
687 528
688 506
689 543
690 535
691 536
692 507
693 572
694 559
695 533
696 520
697 550
698 526
699 546
700 545
701 531
702 502
703 554
704 495
705 577
706 499
707 583
708 562
709 514
710 578
711 519
712 527
713 570
714 558
715 536
716 550
717 580
718 575
719 615
720 567
721 597
722 532
723 569
724 600
725 585
726 598
727 566
728 547
729 580
730 548
731 555
732 550
733 576
734 608
735 555
736 547
737 595
738 556
739 568
740 530
741 562
742 570
743 559
744 558
745 572
746 568
747 576
748 539
749 552
750 527
751 517
752 580
753 562
754 568
755 511
756 559
757 575
758 577
759 583
760 577
761 563
762 538
763 607
764 553
765 606
766 597
767 520
768 607
769 609
770 613
771 639
772 608
773 608
774 585
775 598
776 552
777 578
778 577
779 598
780 582
781 582
782 607
783 568
784 600
785 608
786 606
787 590
788 586
789 557
790 604
791 615
792 582
793 579
794 594
795 597
796 596
797 599
798 641
799 614
800 604
801 550
802 619
803 592
804 539
805 570
806 594
807 577
808 610
809 566
810 604
811 612
812 564
813 571
814 558
815 626
816 604
817 577
818 597
819 601
820 558
821 558
822 532
823 575
824 628
825 566
826 560
827 562
828 581
829 620
830 571
831 586
832 580
833 615
834 551
835 555
836 626
837 564
838 559
839 560
840 530
841 613
842 567
843 561
844 501
845 550
846 511
847 608
848 556
849 595
850 540
851 573
852 553
853 529
854 590
855 603
856 533
857 552
858 548
859 514
860 512
861 572
862 493
863 551
864 617
865 548
866 515
867 506
868 538
869 507
870 555
871 517
872 496
873 563
874 516
875 516
876 507
877 525
878 519
879 544
880 562
881 528
882 549
883 518
884 518
885 472
886 542
887 539
888 477
889 509
890 526
891 529
892 487
893 503
894 454
895 491
896 478
897 492
898 492
899 487
900 520
901 500
902 507
903 494
904 484
905 476
906 482
907 461
908 481
909 489
910 428
911 504
912 446
913 433
914 450
915 443
916 490
917 447
918 429
919 481
920 465
921 439
922 452
923 469
924 415
925 445
926 446
927 454
928 438
929 452
930 433
931 467
932 440
933 432
934 448
935 426
936 429
937 447
938 440
939 410
940 431
941 391
942 409
943 393
944 447
945 446
946 402
947 419
948 433
949 429
950 398
951 417
952 384
953 398
954 402
955 412
956 422
957 379
958 409
959 394
960 428
961 453
962 382
963 430
964 419
965 401
966 352
967 385
968 377
969 400
970 377
971 348
972 380
973 371
974 379
975 385
976 381
977 411
978 373
979 379
980 370
981 369
982 390
983 369
984 353
985 375
986 374
987 379
988 360
989 369
990 347
991 388
992 342
993 324
994 327
995 342
996 335
997 340
998 355
999 364
1000 357
1001 373
1002 359
1003 339
1004 368
1005 343
1006 360
1007 405
1008 344
1009 342
1010 328
1011 356
1012 360
1013 344
1014 378
1015 343
1016 340
1017 321
1018 349
1019 351
1020 353
1021 357
1022 348
1023 335
1024 341
1025 336
1026 337
1027 331
1028 341
1029 319
1030 327
1031 335
1032 349
1033 296
1034 316
1035 339
1036 300
1037 300
1038 347
1039 318
1040 306
1041 301
1042 318
1043 313
1044 309
1045 295
1046 311
1047 319
1048 335
1049 299
1050 286
1051 332
1052 303
1053 321
1054 282
1055 324
1056 340
1057 311
1058 311
1059 293
1060 279
1061 300
1062 326
1063 303
1064 330
1065 340
1066 254
1067 321
1068 306
1069 303
1070 305
1071 306
1072 284
1073 302
1074 299
1075 292
1076 263
1077 320
1078 276
1079 297
1080 253
1081 255
1082 320
1083 317
1084 270
1085 259
1086 278
1087 307
1088 289
1089 275
1090 265
1091 264
1092 265
1093 243
1094 274
1095 275
1096 273
1097 245
1098 271
1099 238
1100 252
1101 246
1102 273
1103 239
1104 241
1105 243
1106 255
1107 270
1108 234
1109 243
1110 238
1111 243
1112 258
1113 268
1114 238
1115 256
1116 241
1117 251
1118 248
1119 266
1120 240
1121 241
1122 240
1123 242
1124 244
1125 241
1126 224
1127 230
1128 231
1129 250
1130 238
1131 242
1132 221
1133 241
1134 229
1135 220
1136 249
1137 219
1138 210
1139 215
1140 223
1141 244
1142 226
1143 236
1144 203
1145 228
1146 220
1147 223
1148 195
1149 228
1150 246
1151 215
1152 219
1153 217
1154 216
1155 192
1156 204
1157 188
1158 188
1159 213
1160 193
1161 210
1162 202
1163 192
1164 196
1165 209
1166 196
1167 183
1168 203
1169 202
1170 215
1171 179
1172 184
1173 167
1174 203
1175 202
1176 192
1177 179
1178 186
1179 197
1180 176
1181 183
1182 201
1183 183
1184 175
1185 188
1186 162
1187 198
1188 182
1189 173
1190 175
1191 174
1192 178
1193 176
1194 176
1195 187
1196 172
1197 171
1198 167
1199 189
1200 159
1201 177
1202 191
1203 178
1204 174
1205 167
1206 185
1207 142
1208 158
1209 154
1210 170
1211 169
1212 166
1213 187
1214 184
1215 161
1216 160
1217 153
1218 174
1219 155
1220 147
1221 161
1222 154
1223 145
1224 150
1225 174
1226 153
1227 141
1228 153
1229 128
1230 136
1231 148
1232 145
1233 135
1234 158
1235 134
1236 156
1237 132
1238 137
1239 148
1240 116
1241 115
1242 137
1243 136
1244 128
1245 127
1246 150
1247 132
1248 128
1249 146
1250 139
1251 131
1252 145
1253 119
1254 120
1255 129
1256 152
1257 122
1258 134
1259 142
1260 126
1261 131
1262 137
1263 130
1264 134
1265 132
1266 126
1267 101
1268 119
1269 126
1270 110
1271 100
1272 113
1273 110
1274 122
1275 111
1276 126
1277 115
1278 109
1279 108
1280 121
1281 109
1282 116
1283 106
1284 98
1285 111
1286 99
1287 104
1288 123
1289 109
1290 85
1291 113
1292 110
1293 114
1294 101
1295 99
1296 90
1297 124
1298 100
1299 99
1300 107
1301 100
1302 92
1303 83
1304 95
1305 93
1306 96
1307 94
1308 101
1309 89
1310 94
1311 82
1312 93
1313 98
1314 94
1315 97
1316 102
1317 98
1318 95
1319 101
1320 96
1321 102
1322 85
1323 98
1324 96
1325 98
1326 83
1327 80
1328 83
1329 92
1330 86
1331 90
1332 93
1333 76
1334 92
1335 77
1336 83
1337 66
1338 90
1339 88
1340 70
1341 76
1342 68
1343 84
1344 71
1345 90
1346 86
1347 82
1348 77
1349 74
1350 71
1351 70
1352 99
1353 65
1354 69
1355 74
1356 70
1357 68
1358 77
1359 69
1360 74
1361 75
1362 75
1363 78
1364 85
1365 58
1366 72
1367 65
1368 73
1369 39
1370 72
1371 62
1372 67
1373 57
1374 57
1375 70
1376 65
1377 78
1378 63
1379 56
1380 56
1381 48
1382 66
1383 78
1384 60
1385 68
1386 66
1387 64
1388 62
1389 56
1390 60
1391 74
1392 48
1393 64
1394 62
1395 51
1396 52
1397 71
1398 58
1399 57
1400 57
1401 67
1402 33
1403 57
1404 52
1405 53
1406 53
1407 61
1408 46
1409 60
1410 48
1411 57
1412 54
1413 67
1414 47
1415 49
1416 48
1417 45
1418 38
1419 56
1420 50
1421 59
1422 52
1423 65
1424 45
1425 39
1426 44
1427 48
1428 51
1429 47
1430 42
1431 39
1432 47
1433 38
1434 48
1435 47
1436 36
1437 52
1438 55
1439 41
1440 50
1441 42
1442 39
1443 43
1444 33
1445 41
1446 40
1447 49
1448 45
1449 33
1450 38
1451 43
1452 34
1453 36
1454 46
1455 32
1456 36
1457 28
1458 37
1459 31
1460 44
1461 42
1462 39
1463 38
1464 34
1465 34
1466 36
1467 33
1468 41
1469 33
1470 39
1471 42
1472 35
1473 36
1474 31
1475 22
1476 33
1477 36
1478 33
1479 44
1480 26
1481 35
1482 36
1483 28
1484 46
1485 38
1486 29
1487 34
1488 35
1489 38
1490 27
1491 40
1492 39
1493 35
1494 23
1495 37
1496 25
1497 28
1498 29
1499 29
1500 26
1501 31
1502 34
1503 29
1504 28
1505 27
1506 25
1507 30
1508 21
1509 28
1510 22
1511 32
1512 28
1513 32
1514 28
1515 24
1516 23
1517 26
1518 31
1519 19
1520 24
1521 31
1522 21
1523 31
1524 28
1525 29
1526 16
1527 25
1528 23
1529 20
1530 18
1531 24
1532 21
1533 23
1534 20
1535 19
1536 18
1537 20
1538 17
1539 15
1540 18
1541 16
1542 19
1543 25
1544 22
1545 22
1546 27
1547 28
1548 21
1549 21
1550 17
1551 19
1552 28
1553 17
1554 20
1555 18
1556 14
1557 20
1558 14
1559 15
1560 12
1561 16
1562 25
1563 19
1564 19
1565 16
1566 11
1567 15
1568 19
1569 10
1570 13
1571 14
1572 18
1573 15
1574 18
1575 12
1576 20
1577 18
1578 18
1579 14
1580 14
1581 13
1582 15
1583 16
1584 9
1585 15
1586 19
1587 16
1588 17
1589 11
1590 16
1591 11
1592 16
1593 13
1594 17
1595 11
1596 13
1597 12
1598 17
1599 12
1600 7
1601 13
1602 16
1603 14
1604 14
1605 11
1606 7
1607 9
1608 8
1609 9
1610 10
1611 13
1612 11
1613 11
1614 10
1615 10
1616 12
1617 10
1618 12
1619 8
1620 16
1621 8
1622 7
1623 9
1624 9
1625 11
1626 11
1627 4
1628 7
1629 9
1630 11
1631 10
1632 7
1633 9
1634 7
1635 6
1636 10
1637 7
1638 14
1639 10
1640 8
1641 15
1642 13
1643 5
1644 6
1645 11
1646 15
1647 7
1648 9
1649 8
1650 9
1651 7
1652 10
1653 7
1654 8
1655 12
1656 11
1657 9
1658 5
1659 10
1660 5
1661 10
1662 12
1663 12
1664 6
1665 3
1666 7
1667 5
1668 8
1669 7
1670 6
1671 11
1672 6
1673 8
1674 3
1675 8
1676 6
1677 4
1678 11
1679 8
1680 9
1681 5
1682 3
1683 9
1684 3
1685 4
1686 7
1687 5
1688 3
1689 3
1690 11
1691 1
1692 5
1693 1
1694 6
1695 5
1696 4
1697 8
1698 4
1699 3
1700 4
1701 9
1702 5
1703 4
1704 3
1705 4
1706 2
1707 8
1708 9
1709 6
1710 2
1711 2
1712 4
1713 1
1714 4
1715 2
1716 5
1717 4
1718 4
1719 3
1720 2
1721 6
1722 3
1723 2
1724 5
1725 3
1726 5
1727 2
1728 3
1729 6
1730 4
1731 3
1732 3
1733 5
1734 3
1735 2
1736 3
1737 8
1738 5
1739 3
1740 5
1741 2
1742 2
1743 1
1744 5
1745 1
1746 4
1747 4
1748 3
1749 5
1750 2
1751 3
1752 2
1753 3
1754 2
1755 6
1756 4
1757 4
1758 5
1759 2
1760 2
1761 6
1762 6
1763 2
1764 5
1765 4
1766 4
1767 1
1768 3
1769 1
1771 1
1772 1
1773 3
1774 2
1775 1
1776 3
1777 1
1778 1
1779 2
1780 2
1781 1
1782 2
1783 4
1784 1
1785 4
1786 1
1787 2
1788 4
1789 2
1790 2
1791 4
1793 2
1795 3
1796 1
1797 1
1799 2
1800 2
1801 1
1802 2
1803 2
1804 1
1805 3
1806 2
1807 1
1808 2
1809 1
1810 1
1812 2
1815 1
1816 1
1818 2
1819 1
1820 4
1821 1
1822 2
1823 2
1824 1
1826 1
1827 1
1828 1
1829 2
1830 1
1831 2
1833 2
1834 1
1837 2
1839 3
1840 3
1841 1
1843 3
1844 1
1845 2
1847 1
1849 2
1850 2
1851 1
1852 1
1853 2
1855 1
1857 1
1858 1
1859 2
1866 1
1869 1
1871 1
1874 1
1875 1
1877 1
1880 1
1882 1
1884 2
1885 1
1888 1
1890 1
1891 1
1897 2
1905 1
1915 1
1921 1
1926 1
1927 1
1928 1
1929 1
1931 1
1935 1
1939 1
1940 2
1949 1
1963 1
1973 1
1995 1
2002 1
