677 6
678 26
679 44
680 37
681 47
682 52
683 46
684 43
685 44
686 55
687 45
688 43
689 54
690 44
691 54
692 51
693 44
694 64
695 75
696 65
697 75
698 74
699 69
700 71
701 77
702 88
703 72
704 70
705 77
706 82
707 86
708 71
709 100
710 88
711 85
712 87
713 114
714 104
715 107
716 122
717 93
718 115
719 122
720 119
721 108
722 123
723 112
724 115
725 108
726 114
727 114
728 104
729 116
730 137
731 107
732 134
733 112
734 163
735 189
736 227
737 187
738 178
739 192
740 247
741 247
742 227
743 233
744 249
745 279
746 269
747 268
748 241
749 252
750 291
751 247
752 257
753 268
754 261
755 284
756 258
757 255
758 279
759 269
760 288
761 271
762 308
763 292
764 302
765 333
766 357
767 367
768 401
769 396
770 416
771 370
772 436
773 407
774 445
775 478
776 491
777 460
778 459
779 501
780 447
781 464
782 456
783 487
784 502
785 490
786 536
787 561
788 591
789 534
790 552
791 609
792 601
793 579
794 584
795 589
796 597
797 628
798 648
799 586
800 622
801 649
802 697
803 728
804 703
805 699
806 745
807 731
808 803
809 788
810 758
811 855
812 804
813 903
814 874
815 888
816 913
817 984
818 990
819 1071
820 1046
821 1096
822 1120
823 1136
824 1093
825 1076
826 1136
827 1135
828 1190
829 1092
830 1221
831 1254
832 1289
833 1272
834 1356
835 1410
836 1451
837 1532
838 1510
839 1517
840 1585
841 1557
842 1484
843 1581
844 1695
845 1735
846 1796
847 1783
848 1818
849 1856
850 1838
851 1883
852 1903
853 1956
854 1940
855 1918
856 1919
857 1950
858 1988
859 1894
860 1836
861 1868
862 1948
863 1828
864 1942
865 1996
866 1917
867 1929
868 1963
869 1961
870 1940
871 1961
872 2042
873 2054
874 2002
875 2037
876 1996
877 2054
878 2211
879 2260
880 2418
881 2398
882 2295
883 2425
884 2428
885 2442
886 2413
887 2431
888 2599
889 2579
890 2521
891 2519
892 2606
893 2540
894 2626
895 2637
896 2660
897 2678
898 2556
899 2616
900 2520
901 2591
902 2661
903 2739
904 2784
905 2596
906 2733
907 2702
908 2810
909 2857
910 2809
911 2993
912 3177
913 3176
914 3276
915 3331
916 3233
917 3347
918 3444
919 3299
920 3303
921 3338
922 3399
923 3251
924 3310
925 3213
926 3302
927 3291
928 3240
929 3376
930 3372
931 3454
932 3372
933 3593
934 3494
935 3434
936 3419
937 3509
938 3605
939 3596
940 3597
941 3679
942 3613
943 3737
944 3740
945 3859
946 3820
947 3877
948 3939
949 3893
950 3931
951 3922
952 3996
953 3986
954 4237
955 4256
956 4312
957 4314
958 4330
959 4376
960 4395
961 4308
962 4321
963 4402
964 4579
965 4596
966 4463
967 4526
968 4572
969 4744
970 4863
971 4920
972 4843
973 4811
974 4895
975 4734
976 4909
977 4811
978 4954
979 5039
980 4947
981 5072
982 5019
983 5026
984 4994
985 5058
986 5182
987 5226
988 5266
989 5214
990 5175
991 5199
992 5319
993 5381
994 5431
995 5218
996 5293
997 5345
998 5448
999 5363
1000 5271
1001 5381
1002 5496
1003 5571
1004 5367
1005 5453
1006 5533
1007 5357
1008 5600
1009 5746
1010 5759
1011 5730
1012 5784
1013 5701
1014 5743
1015 6012
1016 5932
1017 5981
1018 5943
1019 6063
1020 5969
1021 6134
1022 6211
1023 6184
1024 6232
1025 6358
1026 6128
1027 6253
1028 6442
1029 6411
1030 6253
1031 6211
1032 6401
1033 6270
1034 6350
1035 6396
1036 6339
1037 6519
1038 6430
1039 6504
1040 6504
1041 6520
1042 6724
1043 6468
1044 6497
1045 6725
1046 6833
1047 6822
1048 6959
1049 7173
1050 6949
1051 6829
1052 6892
1053 6953
1054 7023
1055 6934
1056 7077
1057 7007
1058 7049
1059 7189
1060 7257
1061 7111
1062 7266
1063 7051
1064 7095
1065 6980
1066 7087
1067 7299
1068 7012
1069 7166
1070 7180
1071 7205
1072 7100
1073 7215
1074 7203
1075 7301
1076 7408
1077 7361
1078 7420
1079 7570
1080 7288
1081 7492
1082 7459
1083 7561
1084 7727
1085 7664
1086 7672
1087 7612
1088 7687
1089 7782
1090 7670
1091 7482
1092 7713
1093 7728
1094 7837
1095 7610
1096 7726
1097 7643
1098 7660
1099 7545
1100 7570
1101 7658
1102 7609
1103 7602
1104 7555
1105 7589
1106 7631
1107 7581
1108 7561
1109 7552
1110 7643
1111 7606
1112 7679
1113 7730
1114 7615
1115 7491
1116 7709
1117 7736
1118 7709
1119 7775
1120 7760
1121 7812
1122 7842
1123 7749
1124 7658
1125 7593
1126 7576
1127 7560
1128 7602
1129 7575
1130 7705
1131 7541
1132 7611
1133 7611
1134 7662
1135 7601
1136 7855
1137 7629
1138 7594
1139 7562
1140 7629
1141 7591
1142 7492
1143 7475
1144 7679
1145 7574
1146 7562
1147 7702
1148 7484
1149 7493
1150 7592
1151 7599
1152 7655
1153 7327
1154 7437
1155 7440
1156 7529
1157 7367
1158 7300
1159 7325
1160 7503
1161 7280
1162 7343
1163 7196
1164 7484
1165 7550
1166 7479
1167 7659
1168 7670
1169 7582
1170 7526
1171 7482
1172 7279
1173 7375
1174 7551
1175 7364
1176 7403
1177 7368
1178 7376
1179 7303
1180 7302
1181 7223
1182 7249
1183 7130
1184 7218
1185 7172
1186 7055
1187 6921
1188 7016
1189 6902
1190 6928
1191 6880
1192 7080
1193 6886
1194 6663
1195 6812
1196 6917
1197 6887
1198 6692
1199 6798
1200 6773
1201 6647
1202 6600
1203 6641
1204 6858
1205 6464
1206 6810
1207 6572
1208 6548
1209 6474
1210 6442
1211 6609
1212 6535
1213 6527
1214 6381
1215 6173
1216 6330
1217 6361
1218 6366
1219 6167
1220 6271
1221 6358
1222 6368
1223 6298
1224 6509
1225 6378
1226 6354
1227 6403
1228 6316
1229 6198
1230 6101
1231 6124
1232 6116
1233 6022
1234 6122
1235 6059
1236 6133
1237 5804
1238 5957
1239 5929
1240 6056
1241 6105
1242 5971
1243 5940
1244 6167
1245 6264
1246 6257
1247 6182
1248 6057
1249 5980
1250 5897
1251 5869
1252 5781
1253 6027
1254 5986
1255 5845
1256 5860
1257 5820
1258 5820
1259 5758
1260 5695
1261 5762
1262 5735
1263 5863
1264 5913
1265 5806
1266 5940
1267 5786
1268 5687
1269 5886
1270 5864
1271 5757
1272 5885
1273 5772
1274 5799
1275 5688
1276 5897
1277 5720
1278 5848
1279 5914
1280 5983
1281 5854
1282 5961
1283 5899
1284 5870
1285 5882
1286 5782
1287 5708
1288 5675
1289 5594
1290 5708
1291 5686
1292 5525
1293 5577
1294 5713
1295 5637
1296 5580
1297 5690
1298 5671
1299 5735
1300 5634
1301 5515
1302 5482
1303 5471
1304 5589
1305 5557
1306 5536
1307 5331
1308 5443
1309 5437
1310 5565
1311 5557
1312 5449
1313 5330
1314 5410
1315 5386
1316 5449
1317 5265
1318 5204
1319 5226
1320 5310
1321 5231
1322 5356
1323 5083
1324 5159
1325 5172
1326 4942
1327 5022
1328 5014
1329 5023
1330 4942
1331 4957
1332 4898
1333 4890
1334 5078
1335 5052
1336 4993
1337 5073
1338 4973
1339 4837
1340 4829
1341 4808
1342 4861
1343 4847
1344 4751
1345 4851
1346 4982
1347 4808
1348 4790
1349 4784
1350 4791
1351 4751
1352 4784
1353 4656
1354 4618
1355 4706
1356 4845
1357 4692
1358 4712
1359 4562
1360 4684
1361 4585
1362 4606
1363 4541
1364 4434
1365 4484
1366 4590
1367 4504
1368 4573
1369 4495
1370 4438
1371 4428
1372 4422
1373 4392
1374 4292
1375 4384
1376 4352
1377 4314
1378 4439
1379 4318
1380 4262
1381 4315
1382 4288
1383 4167
1384 4331
1385 4178
1386 4087
1387 4169
1388 4114
1389 4111
1390 4124
1391 4128
1392 4237
1393 4139
1394 4076
1395 4267
1396 4112
1397 4066
1398 4032
1399 4061
1400 3989
1401 4005
1402 4146
1403 4105
1404 4111
1405 4035
1406 4061
1407 3981
1408 3910
1409 3945
1410 4032
1411 3931
1412 4018
1413 3879
1414 3944
1415 3970
1416 3881
1417 3917
1418 3769
1419 3909
1420 3833
1421 3804
1422 3903
1423 3801
1424 3831
1425 3738
1426 3665
1427 3749
1428 3638
1429 3647
1430 3620
1431 3583
1432 3620
1433 3653
1434 3565
1435 3443
1436 3649
1437 3406
1438 3554
1439 3583
1440 3571
1441 3523
1442 3599
1443 3477
1444 3439
1445 3492
1446 3384
1447 3456
1448 3365
1449 3444
1450 3356
1451 3314
1452 3404
1453 3439
1454 3314
1455 3258
1456 3342
1457 3266
1458 3259
1459 3348
1460 3225
1461 3315
1462 3244
1463 3129
1464 3171
1465 3179
1466 3275
1467 3087
1468 3147
1469 3125
1470 3090
1471 3214
1472 3094
1473 3099
1474 3091
1475 3041
1476 3077
1477 3126
1478 3015
1479 3006
1480 2957
1481 3070
1482 2939
1483 3028
1484 2984
1485 2864
1486 2996
1487 2934
1488 2943
1489 2835
1490 3024
1491 2953
1492 2981
1493 2937
1494 2903
1495 2910
1496 2913
1497 2823
1498 2772
1499 2853
1500 2821
1501 2828
1502 2643
1503 2707
1504 2719
1505 2828
1506 2801
1507 2739
1508 2609
1509 2704
1510 2775
1511 2608
1512 2690
1513 2653
1514 2649
1515 2608
1516 2604
1517 2562
1518 2526
1519 2550
1520 2597
1521 2497
1522 2482
1523 2487
1524 2483
1525 2493
1526 2391
1527 2421
1528 2501
1529 2402
1530 2469
1531 2411
1532 2283
1533 2329
1534 2378
1535 2416
1536 2425
1537 2378
1538 2394
1539 2311
1540 2389
1541 2297
1542 2401
1543 2263
1544 2348
1545 2234
1546 2383
1547 2272
1548 2286
1549 2315
1550 2291
1551 2220
1552 2196
1553 2233
1554 2266
1555 2161
1556 2129
1557 2141
1558 2175
1559 2240
1560 2142
1561 2220
1562 2221
1563 2092
1564 2077
1565 2166
1566 2089
1567 2148
1568 2140
1569 2064
1570 2065
1571 2102
1572 2089
1573 2046
1574 2049
1575 2081
1576 2097
1577 2010
1578 2093
1579 1991
1580 1998
1581 1967
1582 1961
1583 2026
1584 2086
1585 1987
1586 1946
1587 1960
1588 1969
1589 1940
1590 1932
1591 1891
1592 1885
1593 1860
1594 1895
1595 1872
1596 1800
1597 1905
1598 1851
1599 1872
1600 1888
1601 1889
1602 1768
1603 1886
1604 1854
1605 1808
1606 1786
1607 1852
1608 1782
1609 1876
1610 1793
1611 1788
1612 1824
1613 1756
1614 1721
1615 1742
1616 1743
1617 1736
1618 1768
1619 1624
1620 1742
1621 1593
1622 1685
1623 1699
1624 1692
1625 1646
1626 1604
1627 1694
1628 1577
1629 1594
1630 1655
1631 1667
1632 1560
1633 1586
1634 1650
1635 1593
1636 1538
1637 1598
1638 1549
1639 1546
1640 1563
1641 1605
1642 1524
1643 1536
1644 1506
1645 1502
1646 1478
1647 1531
1648 1541
1649 1494
1650 1504
1651 1462
1652 1472
1653 1396
1654 1407
1655 1522
1656 1394
1657 1513
1658 1411
1659 1491
1660 1439
1661 1377
1662 1468
1663 1438
1664 1375
1665 1438
1666 1425
1667 1363
1668 1344
1669 1355
1670 1401
1671 1370
1672 1357
1673 1323
1674 1317
1675 1309
1676 1358
1677 1276
1678 1260
1679 1309
1680 1317
1681 1316
1682 1245
1683 1283
1684 1254
1685 1259
1686 1294
1687 1303
1688 1213
1689 1170
1690 1263
1691 1218
1692 1209
1693 1165
1694 1210
1695 1196
1696 1163
1697 1152
1698 1192
1699 1191
1700 1132
1701 1143
1702 1215
1703 1111
1704 1096
1705 1131
1706 1147
1707 1109
1708 1098
1709 1133
1710 1118
1711 1091
1712 1098
1713 1106
1714 1101
1715 1019
1716 1046
1717 1031
1718 1034
1719 1052
1720 1077
1721 1049
1722 1042
1723 1046
1724 1019
1725 982
1726 1042
1727 1023
1728 1056
1729 1036
1730 1024
1731 996
1732 1059
1733 1027
1734 964
1735 1020
1736 922
1737 941
1738 952
1739 974
1740 987
1741 918
1742 946
1743 941
1744 906
1745 924
1746 897
1747 871
1748 959
1749 887
1750 923
1751 888
1752 827
1753 837
1754 893
1755 876
1756 854
1757 860
1758 900
1759 841
1760 861
1761 818
1762 785
1763 839
1764 830
1765 784
1766 764
1767 804
1768 848
1769 797
1770 775
1771 733
1772 797
1773 752
1774 778
1775 840
1776 773
1777 773
1778 754
1779 761
1780 709
1781 721
1782 713
1783 787
1784 745
1785 756
1786 703
1787 712
1788 739
1789 743
1790 659
1791 693
1792 665
1793 693
1794 695
1795 694
1796 678
1797 612
1798 689
1799 674
1800 664
1801 662
1802 598
1803 644
1804 646
1805 708
1806 638
1807 639
1808 624
1809 659
1810 587
1811 633
1812 595
1813 581
1814 598
1815 616
1816 588
1817 588
1818 611
1819 607
1820 579
1821 587
1822 582
1823 570
1824 607
1825 557
1826 572
1827 567
1828 551
1829 506
1830 530
1831 541
1832 546
1833 539
1834 547
1835 480
1836 495
1837 529
1838 502
1839 524
1840 495
1841 472
1842 490
1843 470
1844 493
1845 516
1846 508
1847 518
1848 510
1849 475
1850 461
1851 443
1852 483
1853 469
1854 409
1855 476
1856 458
1857 432
1858 394
1859 439
1860 408
1861 460
1862 414
1863 446
1864 462
1865 458
1866 450
1867 436
1868 418
1869 423
1870 428
1871 411
1872 401
1873 435
1874 409
1875 398
1876 381
1877 394
1878 373
1879 373
1880 398
1881 399
1882 353
1883 367
1884 392
1885 371
1886 378
1887 373
1888 381
1889 397
1890 385
1891 386
1892 368
1893 357
1894 368
1895 343
1896 330
1897 366
1898 323
1899 362
1900 318
1901 350
1902 352
1903 343
1904 323
1905 350
1906 317
1907 350
1908 342
1909 326
1910 346
1911 302
1912 343
1913 320
1914 291
1915 309
1916 325
1917 288
1918 303
1919 315
1920 283
1921 323
1922 287
1923 285
1924 279
1925 293
1926 275
1927 272
1928 267
1929 267
1930 278
1931 267
1932 261
1933 253
1934 279
1935 256
1936 246
1937 256
1938 252
1939 253
1940 260
1941 280
1942 251
1943 238
1944 245
1945 270
1946 253
1947 218
1948 219
1949 219
1950 233
1951 217
1952 219
1953 237
1954 213
1955 248
1956 223
1957 224
1958 245
1959 205
1960 227
1961 220
1962 202
1963 236
1964 217
1965 214
1966 185
1967 188
1968 242
1969 201
1970 174
1971 196
1972 206
1973 217
1974 185
1975 185
1976 217
1977 204
1978 194
1979 188
1980 189
1981 191
1982 170
1983 169
1984 180
1985 188
1986 184
1987 177
1988 161
1989 198
1990 170
1991 194
1992 195
1993 182
1994 193
1995 163
1996 173
1997 194
1998 149
1999 155
2000 151
2001 157
2002 149
2003 154
2004 158
2005 168
2006 142
2007 145
2008 144
2009 149
2010 129
2011 149
2012 140
2013 153
2014 129
2015 151
2016 140
2017 123
2018 126
2019 158
2020 135
2021 151
2022 131
2023 130
2024 133
2025 127
2026 136
2027 128
2028 115
2029 128
2030 94
2031 112
2032 122
2033 128
2034 101
2035 111
2036 96
2037 115
2038 107
2039 86
2040 106
2041 97
2042 106
2043 111
2044 112
2045 98
2046 79
2047 99
2048 93
2049 119
2050 93
2051 92
2052 106
2053 110
2054 104
2055 99
2056 97
2057 80
2058 81
2059 81
2060 89
2061 71
2062 86
2063 77
2064 73
2065 72
2066 85
2067 81
2068 85
2069 70
2070 75
2071 82
2072 93
2073 76
2074 79
2075 71
2076 82
2077 75
2078 81
2079 66
2080 86
2081 88
2082 71
2083 62
2084 76
2085 74
2086 63
2087 74
2088 56
2089 58
2090 74
2091 68
2092 67
2093 70
2094 77
2095 66
2096 54
2097 59
2098 67
2099 59
2100 44
2101 71
2102 52
2103 51
2104 72
2105 58
2106 51
2107 46
2108 49
2109 50
2110 48
2111 54
2112 56
2113 53
2114 49
2115 64
2116 48
2117 43
2118 50
2119 47
2120 48
2121 46
2122 35
2123 62
2124 50
2125 56
2126 61
2127 58
2128 49
2129 55
2130 43
2131 42
2132 51
2133 33
2134 29
2135 42
2136 47
2137 31
2138 38
2139 35
2140 32
2141 41
2142 40
2143 41
2144 28
2145 40
2146 34
2147 34
2148 39
2149 38
2150 36
2151 34
2152 47
2153 31
2154 28
2155 32
2156 35
2157 32
2158 28
2159 35
2160 25
2161 26
2162 29
2163 36
2164 27
2165 23
2166 32
2167 35
2168 19
2169 23
2170 27
2171 21
2172 33
2173 29
2174 16
2175 22
2176 20
2177 29
2178 16
2179 15
2180 24
2181 28
2182 14
2183 20
2184 27
2185 20
2186 27
2187 22
2188 19
2189 23
2190 27
2191 17
2192 21
2193 20
2194 18
2195 31
2196 14
2197 14
2198 18
2199 15
2200 11
2201 14
2202 13
2203 20
2204 17
2205 23
2206 12
2207 15
2208 18
2209 10
2210 24
2211 10
2212 12
2213 9
2214 18
2215 13
2216 14
2217 10
2218 12
2219 13
2220 17
2221 16
2222 15
2223 12
2224 15
2225 18
2226 15
2227 16
2228 13
2229 12
2230 13
2231 17
2232 15
2233 9
2234 12
2235 11
2236 11
2237 8
2238 10
2239 19
2240 5
2241 7
2242 8
2243 6
2244 8
2245 6
2246 7
2247 9
2248 7
2249 7
2250 9
2251 10
2252 4
2253 13
2254 8
2255 8
2256 15
2257 8
2258 7
2259 8
2260 2
2261 8
2262 5
2263 6
2264 7
2265 7
2266 9
2267 2
2268 8
2269 5
2270 11
2271 4
2272 10
2273 5
2274 3
2275 5
2276 4
2277 8
2278 4
2279 4
2280 4
2281 7
2282 5
2283 6
2284 8
2285 4
2286 5
2287 3
2288 4
2289 5
2290 1
2291 8
2292 4
2293 1
2294 4
2295 9
2296 2
2297 7
2298 4
2299 5
2300 2
2301 5
2302 4
2303 2
2304 2
2305 6
2306 2
2307 3
2308 3
2309 4
2310 2
2312 4
2314 5
2315 3
2316 1
2317 1
2318 4
2319 1
2320 3
2321 1
2322 1
2323 1
2324 2
2325 1
2326 3
2327 1
2328 1
2329 1
2330 2
2331 1
2332 1
2333 3
2334 1
2335 2
2336 2
2337 2
2339 2
2340 2
2341 1
2342 1
2343 1
2345 1
2346 2
2347 4
2348 5
2350 3
2351 3
2352 3
2353 1
2354 2
2357 1
2358 2
2359 1
2360 2
2362 1
2363 1
2364 1
2365 1
2369 2
2370 2
2371 1
2373 1
2375 2
2376 1
2377 1
2379 3
2380 1
2381 1
2382 2
2384 1
2386 1
2387 1
2388 1
2389 2
2390 1
2391 1
2392 1
2393 1
2396 1
2397 1
2399 1
2401 1
2402 1
2404 2
2408 1
2416 1
2417 1
2420 1
2421 2
2423 2
2426 2
2436 1
2437 2
2440 1
2443 1
2444 1
2446 1
2449 3
2451 2
2452 3
2453 3
2455 1
2463 1
2470 1
2474 1
2475 1
