101 2
102 12
103 71
104 221
105 484
106 781
107 929
108 1025
109 1415
110 1579
111 1648
112 1729
113 1904
114 1837
115 1830
116 1714
117 1673
118 1718
119 1660
120 1603
121 1584
122 1512
123 1491
124 1456
125 1372
126 1399
127 1384
128 1478
129 1437
130 1345
131 1417
132 1346
133 1354
134 1258
135 1188
136 1230
137 1269
138 1190
139 1299
140 1245
141 1421
142 1542
143 1739
144 2024
145 2449
146 2503
147 2722
148 2783
149 2775
150 2856
151 2859
152 2833
153 2822
154 2839
155 2793
156 2963
157 3080
158 3135
159 3200
160 3246
161 3221
162 3259
163 3336
164 3335
165 3459
166 3543
167 3591
168 3639
169 3582
170 3790
171 4003
172 4106
173 4224
174 4344
175 4530
176 4647
177 4875
178 5067
179 5127
180 5301
181 5284
182 5294
183 5270
184 5285
185 5550
186 5519
187 5699
188 5666
189 5754
190 5808
191 5905
192 5927
193 6102
194 5850
195 5805
196 5899
197 6053
198 6280
199 6315
200 6284
201 6372
202 6471
203 6593
204 6745
205 6986
206 6922
207 7049
208 6960
209 6925
210 6842
211 7074
212 7060
213 7056
214 6983
215 7237
216 7343
217 7263
218 7402
219 7635
220 7750
221 7984
222 8024
223 8175
224 8045
225 8012
226 8176
227 8315
228 8451
229 8419
230 8662
231 8857
232 8769
233 8752
234 8733
235 9127
236 9258
237 9385
238 9326
239 9398
240 9253
241 9384
242 9330
243 9201
244 9420
245 9325
246 9421
247 9561
248 9799
249 9823
250 9962
251 9761
252 9803
253 9708
254 9664
255 9875
256 9860
257 9686
258 9577
259 9486
260 9572
261 9416
262 9355
263 9682
264 9564
265 9665
266 9568
267 9580
268 9469
269 9404
270 9639
271 9653
272 9516
273 9799
274 9907
275 9737
276 9865
277 9841
278 9839
279 9702
280 9714
281 9592
282 9746
283 9513
284 9586
285 9610
286 9678
287 9457
288 9656
289 9655
290 9927
291 10137
292 10175
293 9828
294 10029
295 10018
296 9908
297 9890
298 10011
299 10163
300 10044
301 10291
302 10060
303 10045
304 9988
305 9886
306 9797
307 10002
308 9773
309 9939
310 9838
311 9810
312 9702
313 9479
314 9809
315 9385
316 9536
317 9691
318 9477
319 9505
320 9771
321 9642
322 9670
323 9896
324 9634
325 9678
326 9567
327 9748
328 9857
329 9853
330 9899
331 9801
332 9937
333 9780
334 9704
335 9623
336 9673
337 9598
338 9707
339 9418
340 9436
341 9290
342 9322
343 9195
344 9401
345 9247
346 9276
347 9178
348 9075
349 8961
350 8901
351 9003
352 8795
353 8807
354 8764
355 8516
356 8562
357 8423
358 8460
359 8511
360 8410
361 8331
362 8165
363 8353
364 8137
365 8231
366 8201
367 8122
368 7823
369 8048
370 7940
371 8115
372 8040
373 7909
374 8081
375 7975
376 7940
377 7849
378 7935
379 7946
380 7838
381 7846
382 7801
383 7750
384 7634
385 7618
386 7607
387 7541
388 7504
389 7331
390 7603
391 7592
392 7705
393 7500
394 7505
395 7569
396 7584
397 7413
398 7442
399 7480
400 7104
401 7376
402 7303
403 7328
404 7203
405 7186
406 7138
407 7231
408 7255
409 7216
410 7185
411 7166
412 7210
413 7191
414 7255
415 6949
416 7026
417 6868
418 6830
419 6922
420 6612
421 6759
422 6804
423 6672
424 6744
425 6790
426 6663
427 6570
428 6416
429 6515
430 6463
431 6475
432 6329
433 6365
434 6233
435 6294
436 6280
437 6205
438 6196
439 6074
440 6087
441 6142
442 6127
443 5938
444 5974
445 6193
446 5977
447 6143
448 5821
449 5833
450 5899
451 5776
452 5770
453 5924
454 5708
455 5704
456 5834
457 5727
458 5754
459 5699
460 5494
461 5576
462 5595
463 5506
464 5572
465 5371
466 5459
467 5435
468 5380
469 5344
470 5364
471 5418
472 5344
473 5358
474 5348
475 5328
476 5336
477 5270
478 5319
479 5368
480 5277
481 5297
482 5166
483 5268
484 5201
485 5330
486 5177
487 5092
488 5189
489 5098
490 5077
491 5175
492 5091
493 5067
494 5152
495 4944
496 5013
497 5044
498 4906
499 4753
500 4886
501 4684
502 4801
503 4841
504 4766
505 4728
506 4586
507 4533
508 4587
509 4610
510 4372
511 4484
512 4555
513 4460
514 4406
515 4396
516 4484
517 4329
518 4434
519 4352
520 4372
521 4352
522 4330
523 4341
524 4320
525 4352
526 4301
527 4226
528 4268
529 4258
530 4228
531 4148
532 4198
533 3982
534 4075
535 4072
536 4106
537 4070
538 4031
539 4093
540 3998
541 4061
542 4016
543 3837
544 3953
545 3882
546 3924
547 3859
548 3910
549 3952
550 3879
551 3720
552 3763
553 3716
554 3842
555 3708
556 3752
557 3715
558 3695
559 3672
560 3694
561 3591
562 3648
563 3659
564 3541
565 3647
566 3706
567 3625
568 3570
569 3519
570 3644
571 3620
572 3699
573 3717
574 3623
575 3637
576 3632
577 3755
578 3648
579 3691
580 3692
581 3806
582 3551
583 3686
584 3627
585 3683
586 3678
587 3580
588 3546
589 3535
590 3479
591 3532
592 3484
593 3444
594 3364
595 3332
596 3382
597 3315
598 3347
599 3318
600 3272
601 3178
602 3194
603 3236
604 3247
605 3237
606 3116
607 3153
608 3180
609 3076
610 3044
611 3070
612 3034
613 2982
614 3028
615 3050
616 2959
617 3053
618 3009
619 2980
620 3022
621 2826
622 2997
623 2946
624 2826
625 2924
626 2909
627 2919
628 2903
629 2850
630 2883
631 2869
632 2787
633 2738
634 2725
635 2776
636 2810
637 2752
638 2781
639 2759
640 2693
641 2655
642 2623
643 2716
644 2703
645 2654
646 2700
647 2676
648 2570
649 2610
650 2636
651 2569
652 2559
653 2567
654 2607
655 2512
656 2533
657 2527
658 2615
659 2484
660 2388
661 2436
662 2420
663 2514
664 2431
665 2457
666 2465
667 2466
668 2442
669 2412
670 2506
671 2277
672 2336
673 2313
674 2311
675 2309
676 2376
677 2290
678 2351
679 2288
680 2317
681 2322
682 2261
683 2295
684 2348
685 2318
686 2249
687 2199
688 2181
689 2239
690 2297
691 2281
692 2177
693 2178
694 2236
695 2189
696 2221
697 2218
698 2135
699 2121
700 2113
701 2193
702 2149
703 2133
704 2150
705 2196
706 2079
707 2093
708 2073
709 2109
710 2072
711 2098
712 2063
713 2031
714 2007
715 2060
716 1974
717 2056
718 1985
719 1950
720 1956
721 1954
722 1901
723 1956
724 1947
725 1930
726 1868
727 1874
728 1829
729 1814
730 1904
731 1903
732 1906
733 1891
734 1878
735 1858
736 1901
737 1819
738 1854
739 1739
740 1763
741 1771
742 1783
743 1749
744 1798
745 1840
746 1788
747 1723
748 1763
749 1796
750 1724
751 1792
752 1732
753 1710
754 1725
755 1714
756 1700
757 1739
758 1687
759 1668
760 1660
761 1649
762 1662
763 1598
764 1639
765 1656
766 1620
767 1636
768 1574
769 1628
770 1620
771 1607
772 1570
773 1636
774 1557
775 1604
776 1579
777 1598
778 1568
779 1527
780 1576
781 1592
782 1555
783 1563
784 1561
785 1483
786 1492
787 1453
788 1513
789 1483
790 1530
791 1431
792 1464
793 1426
794 1443
795 1493
796 1416
797 1458
798 1434
799 1517
800 1403
801 1400
802 1356
803 1404
804 1393
805 1402
806 1385
807 1453
808 1332
809 1409
810 1372
811 1413
812 1357
813 1412
814 1366
815 1324
816 1336
817 1293
818 1362
819 1295
820 1256
821 1282
822 1251
823 1340
824 1328
825 1325
826 1249
827 1273
828 1292
829 1260
830 1286
831 1282
832 1250
833 1294
834 1287
835 1282
836 1229
837 1184
838 1230
839 1283
840 1199
841 1256
842 1254
843 1230
844 1180
845 1236
846 1133
847 1194
848 1158
849 1234
850 1158
851 1138
852 1113
853 1162
854 1190
855 1204
856 1165
857 1113
858 1120
859 1102
860 1135
861 1144
862 1145
863 1106
864 1124
865 1115
866 1074
867 1046
868 1124
869 1016
870 1164
871 1079
872 1116
873 1095
874 1109
875 1081
876 1067
877 994
878 1135
879 1051
880 1018
881 1080
882 1041
883 1056
884 1005
885 990
886 1006
887 1056
888 1005
889 995
890 1036
891 1018
892 1010
893 1013
894 969
895 1015
896 1032
897 1007
898 949
899 1032
900 997
901 948
902 994
903 924
904 973
905 960
906 936
907 935
908 968
909 894
910 930
911 912
912 925
913 964
914 913
915 894
916 877
917 921
918 893
919 915
920 899
921 933
922 920
923 940
924 895
925 895
926 858
927 871
928 859
929 872
930 903
931 857
932 860
933 861
934 861
935 847
936 851
937 847
938 806
939 845
940 824
941 774
942 850
943 809
944 824
945 801
946 814
947 815
948 785
949 826
950 773
951 798
952 781
953 810
954 838
955 766
956 765
957 819
958 838
959 767
960 774
961 748
962 778
963 755
964 815
965 791
966 775
967 755
968 737
969 742
970 774
971 724
972 689
973 748
974 757
975 708
976 758
977 734
978 753
979 766
980 738
981 703
982 655
983 761
984 744
985 719
986 742
987 703
988 753
989 781
990 680
991 723
992 702
993 646
994 696
995 654
996 639
997 684
998 645
999 617
1000 679
1001 691
1002 636
1003 692
1004 733
1005 673
1006 668
1007 729
1008 659
1009 674
1010 684
1011 639
1012 663
1013 646
1014 632
1015 645
1016 616
1017 630
1018 655
1019 640
1020 618
1021 639
1022 685
1023 628
1024 667
1025 654
1026 580
1027 614
1028 585
1029 566
1030 586
1031 620
1032 604
1033 651
1034 583
1035 599
1036 622
1037 599
1038 597
1039 578
1040 592
1041 597
1042 560
1043 621
1044 568
1045 599
1046 629
1047 549
1048 605
1049 577
1050 607
1051 608
1052 579
1053 586
1054 602
1055 616
1056 550
1057 559
1058 620
1059 579
1060 515
1061 572
1062 554
1063 524
1064 545
1065 557
1066 562
1067 591
1068 557
1069 586
1070 547
1071 522
1072 545
1073 525
1074 586
1075 551
1076 522
1077 569
1078 511
1079 555
1080 523
1081 525
1082 563
1083 529
1084 532
1085 494
1086 576
1087 529
1088 503
1089 565
1090 509
1091 488
1092 511
1093 507
1094 505
1095 503
1096 537
1097 514
1098 544
1099 538
1100 519
1101 456
1102 464
1103 467
1104 473
1105 488
1106 518
1107 453
1108 548
1109 510
1110 455
1111 472
1112 504
1113 437
1114 496
1115 527
1116 469
1117 478
1118 479
1119 435
1120 475
1121 527
1122 446
1123 496
1124 476
1125 487
1126 472
1127 484
1128 515
1129 406
1130 466
1131 477
1132 460
1133 457
1134 508
1135 437
1136 439
1137 473
1138 445
1139 461
1140 479
1141 444
1142 438
1143 415
1144 442
1145 451
1146 456
1147 420
1148 430
1149 435
1150 471
1151 442
1152 472
1153 416
1154 432
1155 477
1156 435
1157 424
1158 436
1159 426
1160 412
1161 426
1162 403
1163 448
1164 381
1165 425
1166 414
1167 412
1168 406
1169 445
1170 414
1171 406
1172 416
1173 426
1174 419
1175 428
1176 388
1177 437
1178 445
1179 402
1180 400
1181 400
1182 421
1183 431
1184 385
1185 413
1186 424
1187 382
1188 389
1189 386
1190 402
1191 376
1192 380
1193 381
1194 401
1195 424
1196 369
1197 417
1198 353
1199 371
1200 363
1201 380
1202 342
1203 376
1204 376
1205 383
1206 383
1207 360
1208 364
1209 402
1210 354
1211 400
1212 390
1213 366
1214 403
1215 377
1216 363
1217 340
1218 358
1219 340
1220 371
1221 399
1222 368
1223 352
1224 365
1225 363
1226 342
1227 353
1228 363
1229 369
1230 379
1231 363
1232 397
1233 353
1234 375
1235 357
1236 341
1237 343
1238 330
1239 373
1240 339
1241 365
1242 390
1243 323
1244 336
1245 335
1246 372
1247 361
1248 343
1249 360
1250 344
1251 350
1252 350
1253 304
1254 347
1255 307
1256 335
1257 326
1258 313
1259 325
1260 325
1261 332
1262 326
1263 328
1264 327
1265 307
1266 329
1267 332
1268 314
1269 318
1270 343
1271 324
1272 333
1273 302
1274 331
1275 321
1276 326
1277 319
1278 326
1279 326
1280 314
1281 303
1282 312
1283 321
1284 306
1285 331
1286 284
1287 290
1288 292
1289 294
1290 285
1291 275
1292 296
1293 344
1294 304
1295 341
1296 311
1297 295
1298 320
1299 290
1300 299
1301 298
1302 287
1303 266
1304 294
1305 246
1306 312
1307 307
1308 299
1309 273
1310 281
1311 284
1312 250
1313 284
1314 276
1315 264
1316 317
1317 278
1318 264
1319 270
1320 285
1321 279
1322 298
1323 267
1324 271
1325 267
1326 240
1327 285
1328 262
1329 279
1330 287
1331 278
1332 252
1333 241
1334 270
1335 240
1336 270
1337 263
1338 290
1339 242
1340 256
1341 241
1342 258
1343 262
1344 271
1345 266
1346 281
1347 273
1348 258
1349 260
1350 279
1351 241
1352 255
1353 280
1354 234
1355 237
1356 247
1357 281
1358 275
1359 273
1360 240
1361 248
1362 227
1363 232
1364 261
1365 246
1366 256
1367 259
1368 259
1369 251
1370 241
1371 227
1372 229
1373 223
1374 258
1375 246
1376 237
1377 253
1378 245
1379 258
1380 246
1381 240
1382 253
1383 233
1384 251
1385 204
1386 207
1387 253
1388 233
1389 222
1390 248
1391 223
1392 231
1393 244
1394 241
1395 249
1396 254
1397 227
1398 228
1399 237
1400 228
1401 208
1402 224
1403 229
1404 227
1405 239
1406 245
1407 245
1408 228
1409 223
1410 218
1411 214
1412 218
1413 218
1414 217
1415 218
1416 212
1417 216
1418 229
1419 223
1420 218
1421 197
1422 202
1423 201
1424 214
1425 225
1426 213
1427 235
1428 228
1429 231
1430 204
1431 233
1432 194
1433 222
1434 223
1435 204
1436 208
1437 196
1438 189
1439 201
1440 213
1441 176
1442 213
1443 232
1444 188
1445 202
1446 196
1447 206
1448 181
1449 212
1450 180
1451 212
1452 204
1453 208
1454 223
1455 182
1456 198
1457 201
1458 177
1459 206
1460 193
1461 189
1462 203
1463 208
1464 193
1465 192
1466 185
1467 181
1468 197
1469 165
1470 189
1471 174
1472 186
1473 213
1474 191
1475 173
1476 184
1477 201
1478 214
1479 189
1480 193
1481 168
1482 181
1483 197
1484 183
1485 171
1486 177
1487 162
1488 169
1489 195
1490 188
1491 209
1492 180
1493 179
1494 167
1495 184
1496 194
1497 179
1498 186
1499 173
1500 199
1501 177
1502 172
1503 190
1504 195
1505 185
1506 144
1507 156
1508 167
1509 174
1510 195
1511 172
1512 165
1513 183
1514 170
1515 182
1516 178
1517 179
1518 155
1519 179
1520 139
1521 170
1522 163
1523 175
1524 155
1525 172
1526 171
1527 166
1528 188
1529 188
1530 168
1531 174
1532 178
1533 151
1534 161
1535 159
1536 201
1537 175
1538 159
1539 186
1540 167
1541 182
1542 155
1543 145
1544 151
1545 178
1546 175
1547 172
1548 162
1549 152
1550 155
1551 172
1552 156
1553 176
1554 163
1555 177
1556 155
1557 169
1558 156
1559 146
1560 178
1561 159
1562 161
1563 149
1564 171
1565 140
1566 152
1567 170
1568 165
1569 145
1570 145
1571 132
1572 148
1573 150
1574 168
1575 145
1576 150
1577 162
1578 162
1579 147
1580 144
1581 149
1582 128
1583 134
1584 133
1585 138
1586 154
1587 162
1588 147
1589 163
1590 161
1591 142
1592 143
1593 178
1594 137
1595 139
1596 147
1597 131
1598 134
1599 151
1600 132
1601 142
1602 123
1603 135
1604 142
1605 150
1606 154
1607 136
1608 156
1609 143
1610 137
1611 167
1612 132
1613 135
1614 135
1615 141
1616 140
1617 148
1618 137
1619 140
1620 145
1621 112
1622 106
1623 128
1624 116
1625 143
1626 162
1627 136
1628 141
1629 126
1630 151
1631 129
1632 117
1633 132
1634 158
1635 136
1636 139
1637 113
1638 140
1639 123
1640 136
1641 117
1642 131
1643 119
1644 124
1645 137
1646 138
1647 125
1648 120
1649 124
1650 161
1651 136
1652 134
1653 118
1654 143
1655 140
1656 147
1657 132
1658 123
1659 127
1660 127
1661 115
1662 116
1663 114
1664 142
1665 132
1666 126
1667 116
1668 121
1669 117
1670 123
1671 110
1672 124
1673 111
1674 129
1675 124
1676 101
1677 124
1678 140
1679 131
1680 125
1681 119
1682 103
1683 133
1684 131
1685 125
1686 124
1687 136
1688 116
1689 123
1690 110
1691 124
1692 135
1693 115
1694 142
1695 129
1696 120
1697 117
1698 121
1699 117
1700 126
1701 102
1702 120
1703 118
1704 114
1705 109
1706 119
1707 96
1708 114
1709 99
1710 101
1711 99
1712 119
1713 116
1714 118
1715 105
1716 90
1717 138
1718 99
1719 103
1720 111
1721 118
1722 119
1723 114
1724 129
1725 86
1726 84
1727 127
1728 102
1729 107
1730 98
1731 118
1732 113
1733 103
1734 95
1735 98
1736 120
1737 98
1738 113
1739 95
1740 117
1741 96
1742 107
1743 106
1744 103
1745 108
1746 103
1747 99
1748 119
1749 95
1750 90
1751 106
1752 95
1753 100
1754 86
1755 104
1756 111
1757 108
1758 91
1759 114
1760 88
1761 93
1762 106
1763 104
1764 119
1765 97
1766 116
1767 103
1768 102
1769 95
1770 103
1771 106
1772 91
1773 103
1774 108
1775 114
1776 93
1777 97
1778 92
1779 90
1780 81
1781 94
1782 106
1783 105
1784 103
1785 121
1786 75
1787 102
1788 87
1789 105
1790 120
1791 100
1792 105
1793 113
1794 84
1795 87
1796 98
1797 97
1798 97
1799 98
1800 98
1801 117
1802 101
1803 103
1804 75
1805 107
1806 85
1807 98
1808 97
1809 95
1810 81
1811 104
1812 89
1813 98
1814 101
1815 71
1816 70
1817 93
1818 82
1819 80
1820 88
1821 78
1822 86
1823 90
1824 88
1825 88
1826 87
1827 79
1828 85
1829 81
1830 77
1831 110
1832 92
1833 61
1834 91
1835 102
1836 78
1837 87
1838 82
1839 101
1840 90
1841 88
1842 79
1843 87
1844 85
1845 104
1846 99
1847 86
1848 67
1849 77
1850 89
1851 103
1852 84
1853 96
1854 97
1855 91
1856 100
1857 69
1858 93
1859 74
1860 77
1861 80
1862 86
1863 82
1864 65
1865 74
1866 80
1867 76
1868 81
1869 72
1870 74
1871 90
1872 82
1873 70
1874 78
1875 94
1876 86
1877 86
1878 92
1879 85
1880 89
1881 79
1882 85
1883 77
1884 94
1885 93
1886 74
1887 89
1888 81
1889 81
1890 87
1891 67
1892 85
1893 83
1894 83
1895 77
1896 76
1897 90
1898 75
1899 74
1900 73
1901 81
1902 77
1903 85
1904 86
1905 80
1906 74
1907 72
1908 68
1909 72
1910 71
1911 71
1912 76
1913 72
1914 84
1915 92
1916 81
1917 79
1918 57
1919 84
1920 81
1921 80
1922 90
1923 77
1924 85
1925 80
1926 79
1927 72
1928 73
1929 77
1930 80
1931 64
1932 94
1933 76
1934 66
1935 65
1936 72
1937 66
1938 70
1939 80
1940 75
1941 70
1942 78
1943 72
1944 70
1945 60
1946 65
1947 72
1948 76
1949 81
1950 67
1951 88
1952 57
1953 64
1954 74
1955 64
1956 58
1957 74
1958 78
1959 66
1960 70
1961 69
1962 67
1963 62
1964 68
1965 69
1966 59
1967 70
1968 58
1969 69
1970 71
1971 73
1972 65
1973 73
1974 73
1975 76
1976 61
1977 74
1978 73
1979 58
1980 69
1981 63
1982 69
1983 81
1984 57
1985 74
1986 67
1987 60
1988 56
1989 74
1990 69
1991 81
1992 63
1993 67
1994 60
1995 69
1996 58
1997 74
1998 65
1999 70
2000 68
2001 77
2002 84
2003 73
2004 72
2005 75
2006 66
2007 78
2008 64
2009 60
2010 55
2011 66
2012 49
2013 63
2014 61
2015 70
2016 51
2017 64
2018 72
2019 58
2020 55
2021 62
2022 56
2023 61
2024 65
2025 77
2026 55
2027 59
2028 57
2029 60
2030 70
2031 68
2032 61
2033 54
2034 70
2035 74
2036 55
2037 65
2038 78
2039 66
2040 56
2041 55
2042 47
2043 69
2044 56
2045 45
2046 72
2047 63
2048 45
2049 57
2050 61
2051 60
2052 64
2053 62
2054 56
2055 48
2056 62
2057 56
2058 69
2059 56
2060 63
2061 61
2062 51
2063 55
2064 68
2065 61
2066 56
2067 52
2068 62
2069 55
2070 47
2071 70
2072 59
2073 58
2074 53
2075 61
2076 64
2077 50
2078 60
2079 58
2080 54
2081 47
2082 66
2083 54
2084 61
2085 54
2086 49
2087 65
2088 45
2089 50
2090 46
2091 48
2092 51
2093 54
2094 51
2095 58
2096 47
2097 52
2098 57
2099 52
2100 62
2101 53
2102 50
2103 45
2104 46
2105 54
2106 52
2107 61
2108 50
2109 54
2110 43
2111 51
2112 54
2113 63
2114 45
2115 61
2116 44
2117 37
2118 49
2119 65
2120 63
2121 51
2122 58
2123 44
2124 67
2125 63
2126 45
2127 54
2128 59
2129 58
2130 54
2131 47
2132 39
2133 43
2134 46
2135 52
2136 55
2137 55
2138 50
2139 45
2140 37
2141 54
2142 49
2143 37
2144 49
2145 50
2146 54
2147 59
2148 66
2149 61
2150 47
2151 58
2152 56
2153 63
2154 57
2155 58
2156 50
2157 63
2158 49
2159 72
2160 59
2161 63
2162 35
2163 50
2164 57
2165 39
2166 39
2167 41
2168 49
2169 44
2170 53
2171 53
2172 64
2173 63
2174 51
2175 36
2176 52
2177 45
2178 50
2179 45
2180 53
2181 58
2182 45
2183 56
2184 58
2185 50
2186 52
2187 62
2188 59
2189 41
2190 50
2191 48
2192 50
2193 41
2194 48
2195 58
2196 49
2197 49
2198 39
2199 56
2200 48
2201 38
2202 49
2203 40
2204 46
2205 56
2206 50
2207 43
2208 49
2209 32
2210 50
2211 49
2212 37
2213 48
2214 46
2215 50
2216 55
2217 47
2218 48
2219 43
2220 41
2221 44
2222 56
2223 42
2224 47
2225 40
2226 43
2227 41
2228 43
2229 52
2230 45
2231 45
2232 44
2233 38
2234 46
2235 40
2236 42
2237 42
2238 52
2239 48
2240 44
2241 37
2242 40
2243 55
2244 52
2245 37
2246 46
2247 50
2248 54
2249 31
2250 44
2251 40
2252 41
2253 43
2254 46
2255 50
2256 42
2257 47
2258 45
2259 47
2260 52
2261 52
2262 38
2263 41
2264 48
2265 49
2266 37
2267 45
2268 35
2269 37
2270 44
2271 49
2272 30
2273 38
2274 37
2275 42
2276 43
2277 40
2278 35
2279 46
2280 44
2281 42
2282 51
2283 32
2284 43
2285 34
2286 39
2287 39
2288 34
2289 54
2290 38
2291 31
2292 41
2293 37
2294 41
2295 37
2296 39
2297 33
2298 47
2299 40
2300 34
2301 40
2302 33
2303 41
2304 50
2305 33
2306 37
2307 43
2308 30
2309 32
2310 45
2311 34
2312 46
2313 35
2314 43
2315 32
2316 31
2317 44
2318 45
2319 43
2320 36
2321 43
2322 44
2323 39
2324 36
2325 45
2326 50
2327 43
2328 37
2329 31
2330 31
2331 32
2332 41
2333 39
2334 46
2335 46
2336 41
2337 33
2338 44
2339 29
2340 44
2341 42
2342 38
2343 33
2344 31
2345 36
2346 42
2347 38
2348 26
2349 37
2350 41
2351 30
2352 33
2353 34
2354 39
2355 36
2356 30
2357 29
2358 29
2359 28
2360 35
2361 30
2362 35
2363 35
2364 38
2365 37
2366 39
2367 30
2368 43
2369 44
2370 37
2371 29
2372 34
2373 40
2374 40
2375 36
2376 33
2377 32
2378 37
2379 31
2380 37
2381 38
2382 45
2383 33
2384 47
2385 37
2386 32
2387 40
2388 33
2389 33
2390 25
2391 23
2392 32
2393 35
2394 36
2395 42
2396 33
2397 36
2398 44
2399 37
2400 28
2401 30
2402 30
2403 32
2404 32
2405 34
2406 24
2407 34
2408 33
2409 37
2410 37
2411 30
2412 35
2413 28
2414 33
2415 30
2416 38
2417 26
2418 29
2419 35
2420 27
2421 32
2422 34
2423 35
2424 34
2425 41
2426 30
2427 33
2428 38
2429 33
2430 29
2431 25
2432 30
2433 35
2434 31
2435 34
2436 34
2437 27
2438 19
2439 29
2440 35
2441 27
2442 32
2443 33
2444 24
2445 30
2446 32
2447 29
2448 34
2449 25
2450 31
2451 38
2452 27
2453 29
2454 33
2455 25
2456 22
2457 31
2458 38
2459 35
2460 31
2461 27
2462 32
2463 28
2464 34
2465 26
2466 35
2467 30
2468 33
2469 22
2470 26
2471 38
2472 38
2473 27
2474 38
2475 33
2476 34
2477 21
2478 30
2479 32
2480 40
2481 34
2482 31
2483 36
2484 38
2485 30
2486 26
2487 21
2488 29
2489 24
2490 28
2491 30
2492 32
2493 30
2494 22
2495 25
2496 23
2497 34
2498 22
2499 31
2500 25
2501 26
2502 20
2503 34
2504 30
2505 18
2506 29
2507 23
2508 29
2509 23
2510 17
2511 34
2512 32
2513 30
2514 25
2515 28
2516 37
2517 32
2518 29
2519 31
2520 32
2521 24
2522 27
2523 28
2524 35
2525 31
2526 24
2527 23
2528 31
2529 24
2530 28
2531 28
2532 17
2533 19
2534 29
2535 27
2536 21
2537 24
2538 23
2539 27
2540 26
2541 21
2542 24
2543 34
2544 28
2545 25
2546 33
2547 24
2548 27
2549 32
2550 21
2551 25
2552 33
2553 29
2554 30
2555 34
2556 25
2557 29
2558 31
2559 32
2560 23
2561 23
2562 27
2563 31
2564 22
2565 34
2566 25
2567 29
2568 39
2569 32
2570 27
2571 24
2572 18
2573 26
2574 34
2575 27
2576 20
2577 35
2578 24
2579 20
2580 42
2581 27
2582 32
2583 20
2584 23
2585 37
2586 26
2587 38
2588 32
2589 19
2590 29
2591 20
2592 20
2593 24
2594 24
2595 27
2596 16
2597 31
2598 19
2599 22
2600 21
2601 26
2602 40
2603 24
2604 20
2605 29
2606 31
2607 18
2608 21
2609 15
2610 32
2611 26
2612 26
2613 26
2614 25
2615 20
2616 22
2617 25
2618 23
2619 22
2620 27
2621 28
2622 23
2623 24
2624 15
2625 27
2626 36
2627 19
2628 29
2629 22
2630 26
2631 27
2632 27
2633 21
2634 23
2635 28
2636 21
2637 23
2638 23
2639 23
2640 23
2641 32
2642 19
2643 23
2644 21
2645 23
2646 24
2647 25
2648 15
2649 21
2650 25
2651 24
2652 17
2653 20
2654 21
2655 24
2656 19
2657 29
2658 21
2659 21
2660 30
2661 20
2662 20
2663 21
2664 15
2665 20
2666 21
2667 28
2668 26
2669 17
2670 16
2671 22
2672 32
2673 26
2674 23
2675 16
2676 25
2677 25
2678 23
2679 24
2680 24
2681 28
2682 25
2683 16
2684 21
2685 27
2686 18
2687 23
2688 20
2689 17
2690 18
2691 21
2692 21
2693 21
2694 24
2695 29
2696 12
2697 22
2698 20
2699 13
2700 30
2701 22
2702 19
2703 20
2704 18
2705 26
2706 25
2707 30
2708 21
2709 20
2710 23
2711 15
2712 18
2713 21
2714 18
2715 21
2716 21
2717 22
2718 27
2719 26
2720 16
2721 16
2722 12
2723 23
2724 22
2725 13
2726 31
2727 18
2728 18
2729 26
2730 24
2731 25
2732 25
2733 19
2734 26
2735 18
2736 19
2737 19
2738 19
2739 19
2740 22
2741 13
2742 20
2743 20
2744 20
2745 13
2746 19
2747 20
2748 23
2749 22
2750 22
2751 23
2752 21
2753 28
2754 14
2755 17
2756 20
2757 24
2758 11
2759 15
2760 19
2761 20
2762 20
2763 23
2764 14
2765 20
2766 17
2767 19
2768 25
2769 19
2770 17
2771 19
2772 20
2773 14
2774 13
2775 23
2776 17
2777 23
2778 20
2779 17
2780 19
2781 20
2782 12
2783 14
2784 11
2785 31
2786 19
2787 19
2788 26
2789 23
2790 18
2791 25
2792 18
2793 13
2794 17
2795 16
2796 19
2797 22
2798 27
2799 6
2800 22
2801 18
2802 14
2803 15
2804 22
2805 21
2806 29
2807 19
2808 17
2809 19
2810 20
2811 21
2812 18
2813 18
2814 12
2815 11
2816 19
2817 17
2818 20
2819 10
2820 20
2821 26
2822 13
2823 24
2824 22
2825 16
2826 14
2827 20
2828 18
2829 20
2830 23
2831 10
2832 16
2833 21
2834 15
2835 18
2836 15
2837 26
2838 17
2839 12
2840 17
2841 17
2842 16
2843 11
2844 14
2845 21
2846 17
2847 16
2848 25
2849 14
2850 21
2851 14
2852 19
2853 22
2854 16
2855 16
2856 18
2857 17
2858 14
2859 12
2860 22
2861 14
2862 12
2863 15
2864 8
2865 13
2866 19
2867 19
2868 25
2869 11
2870 12
2871 20
2872 17
2873 15
2874 10
2875 21
2876 16
2877 21
2878 16
2879 15
2880 14
2881 18
2882 17
2883 12
2884 20
2885 17
2886 12
2887 17
2888 16
2889 16
2890 17
2891 17
2892 11
2893 17
2894 21
2895 14
2896 14
2897 12
2898 16
2899 15
2900 12
2901 11
2902 13
2903 12
2904 17
2905 13
2906 18
2907 19
2908 12
2909 15
2910 13
2911 14
2912 16
2913 15
2914 7
2915 17
2916 11
2917 23
2918 18
2919 15
2920 22
2921 16
2922 17
2923 14
2924 13
2925 11
2926 25
2927 12
2928 10
2929 12
2930 20
2931 20
2932 14
2933 16
2934 13
2935 17
2936 14
2937 12
2938 16
2939 12
2940 11
2941 14
2942 14
2943 20
2944 17
2945 14
2946 11
2947 22
2948 14
2949 20
2950 15
2951 10
2952 10
2953 7
2954 17
2955 9
2956 19
2957 15
2958 15
2959 11
2960 10
2961 18
2962 11
2963 14
2964 11
2965 12
2966 13
2967 14
2968 13
2969 19
2970 13
2971 23
2972 19
2973 13
2974 11
2975 12
2976 23
2977 11
2978 17
2979 11
2980 16
2981 18
2982 15
2983 10
2984 14
2985 12
2986 22
2987 14
2988 14
2989 11
2990 7
2991 12
2992 11
2993 18
2994 14
2995 20
2996 8
2997 8
2998 18
2999 18
3000 10
3001 13
3002 18
3003 7
3004 15
3005 14
3006 13
3007 11
3008 15
3009 12
3010 11
3011 17
3012 8
3013 15
3014 14
3015 10
3016 10
3017 14
3018 17
3019 21
3020 15
3021 17
3022 10
3023 18
3024 14
3025 8
3026 12
3027 16
3028 6
3029 17
3030 20
3031 13
3032 14
3033 16
3034 11
3035 11
3036 11
3037 7
3038 13
3039 17
3040 14
3041 19
3042 15
3043 18
3044 7
3045 14
3046 14
3047 14
3048 14
3049 17
3050 14
3051 9
3052 9
3053 16
3054 16
3055 7
3056 16
3057 14
3058 12
3059 14
3060 19
3061 11
3062 16
3063 8
3064 16
3065 17
3066 15
3067 20
3068 20
3069 13
3070 13
3071 9
3072 7
3073 22
3074 7
3075 11
3076 8
3077 9
3078 14
3079 9
3080 15
3081 11
3082 10
3083 19
3084 15
3085 12
3086 13
3087 13
3088 11
3089 18
3090 11
3091 11
3092 10
3093 10
3094 12
3095 17
3096 10
3097 14
3098 14
3099 6
3100 12
3101 14
3102 18
3103 13
3104 8
3105 10
3106 13
3107 16
3108 17
3109 14
3110 8
3111 11
3112 16
3113 8
3114 7
3115 8
3116 11
3117 11
3118 10
3119 16
3120 10
3121 8
3122 12
3123 11
3124 14
3125 11
3126 10
3127 10
3128 12
3129 8
3130 6
3131 12
3132 10
3133 10
3134 7
3135 11
3136 14
3137 10
3138 11
3139 10
3140 9
3141 13
3142 13
3143 12
3144 7
3145 12
3146 14
3147 8
3148 14
3149 11
3150 16
3151 11
3152 16
3153 11
3154 14
3155 19
3156 3
3157 15
3158 12
3159 12
3160 15
3161 11
3162 6
3163 10
3164 7
3165 9
3166 8
3167 11
3168 12
3169 17
3170 12
3171 12
3172 15
3173 4
3174 14
3175 9
3176 3
3177 11
3178 13
3179 14
3180 11
3181 10
3182 9
3183 11
3184 9
3185 11
3186 6
3187 7
3188 7
3189 11
3190 15
3191 11
3192 15
3193 11
3194 10
3195 10
3196 8
3197 9
3198 12
3199 12
3200 9
3201 9
3202 13
3203 7
3204 15
3205 10
3206 11
3207 12
3208 9
3209 8
3210 11
3211 15
3212 6
3213 15
3214 9
3215 11
3216 13
3217 11
3218 8
3219 8
3220 5
3221 12
3222 10
3223 8
3224 8
3225 14
3226 12
3227 5
3228 10
3229 16
3230 14
3231 14
3232 9
3233 11
3234 11
3235 13
3236 11
3237 8
3238 9
3239 10
3240 16
3241 14
3242 13
3243 9
3244 9
3245 7
3246 11
3247 6
3248 9
3249 7
3250 9
3251 9
3252 9
3253 9
3254 11
3255 8
3256 8
3257 9
3258 9
3259 11
3260 13
3261 9
3262 13
3263 8
3264 6
3265 9
3266 13
3267 11
3268 6
3269 6
3270 7
3271 5
3272 11
3273 14
3274 13
3275 9
3276 10
3277 12
3278 14
3279 8
3280 11
3281 7
3282 14
3283 10
3284 4
3285 6
3286 5
3287 15
3288 7
3289 12
3290 14
3291 4
3292 10
3293 9
3294 11
3295 11
3296 7
3297 8
3298 9
3299 11
3300 12
3301 12
3302 10
3303 8
3304 11
3305 5
3306 9
3307 12
3308 15
3309 7
3310 2
3311 8
3312 9
3313 10
3314 6
3315 10
3316 11
3317 13
3318 6
3319 13
3320 6
3321 8
3322 12
3323 2
3324 10
3325 7
3326 9
3327 6
3328 12
3329 10
3330 8
3331 11
3332 12
3333 10
3334 11
3335 7
3336 8
3337 6
3338 9
3339 13
3340 8
3341 8
3342 11
3343 10
3344 9
3345 11
3346 12
3347 8
3348 4
3349 8
3350 13
3351 11
3352 9
3353 13
3354 10
3355 8
3356 16
3357 13
3358 7
3359 12
3360 7
3361 12
3362 9
3363 3
3364 4
3365 10
3366 11
3367 3
3368 9
3369 5
3370 6
3371 11
3372 6
3373 10
3374 6
3375 16
3376 9
3377 6
3378 12
3379 4
3380 11
3381 9
3382 8
3383 13
3384 7
3385 11
3386 10
3387 8
3388 8
3389 7
3390 6
3391 10
3392 11
3393 10
3394 10
3395 8
3396 8
3397 8
3398 5
3399 8
3400 5
3401 6
3402 12
3403 9
3404 10
3405 16
3406 5
3407 14
3408 4
3409 10
3410 4
3411 12
3412 8
3413 8
3414 10
3415 3
3416 6
3417 11
3418 9
3419 6
3420 3
3421 4
3422 7
3423 6
3424 11
3425 10
3426 10
3427 6
3428 9
3429 5
3430 12
3431 5
3432 11
3433 7
3434 8
3435 6
3436 6
3437 5
3438 9
3439 11
3440 8
3441 8
3442 4
3443 12
3444 8
3445 8
3446 7
3447 4
3448 10
3449 9
3450 10
3451 6
3452 7
3453 15
3454 7
3455 10
3456 11
3457 9
3458 5
3459 5
3460 5
3461 8
3462 7
3463 7
3464 7
3465 10
3466 13
3467 4
3468 9
3469 6
3470 9
3471 8
3472 5
3473 11
3474 7
3475 9
3476 8
3477 7
3478 8
3479 7
3480 6
3481 1
3482 4
3483 3
3484 12
3485 9
3486 7
3487 4
3488 8
3489 5
3490 10
3491 6
3492 12
3493 6
3494 6
3495 4
3496 8
3497 6
3498 5
3499 5
3500 12
3501 5
3502 17
3503 8
3504 5
3505 5
3506 7
3507 14
3508 5
3509 9
3510 5
3511 7
3512 11
3513 5
3514 8
3515 2
3516 7
3517 3
3518 10
3519 6
3520 6
3521 10
3522 9
3523 8
3524 10
3525 7
3526 9
3527 6
3528 6
3529 3
3530 9
3531 8
3532 8
3533 8
3534 5
3535 11
3536 10
3537 7
3538 7
3539 8
3540 13
3541 8
3542 5
3543 8
3544 9
3545 5
3546 8
3547 3
3548 11
3549 5
3550 5
3551 6
3552 3
3553 6
3554 8
3555 8
3556 8
3557 4
3558 4
3559 7
3560 9
3561 7
3562 2
3563 7
3564 10
3565 4
3566 2
3567 13
3568 7
3569 13
3570 9
3571 9
3572 8
3573 6
3574 7
3575 6
3576 7
3577 8
3578 7
3579 5
3580 9
3581 7
3582 6
3583 5
3584 7
3585 6
3586 5
3587 9
3588 7
3589 1
3590 11
3591 7
3592 7
3593 8
3594 12
3595 7
3596 3
3597 7
3598 4
3599 8
3600 8
3601 7
3602 4
3603 2
3604 8
3605 5
3606 8
3607 8
3608 4
3609 4
3610 4
3611 4
3612 11
3613 6
3614 8
3615 12
3616 8
3617 8
3618 8
3619 7
3620 5
3621 10
3622 6
3623 6
3624 6
3625 9
3626 6
3627 6
3628 6
3629 5
3630 3
3631 10
3632 12
3633 6
3634 6
3635 7
3636 5
3637 4
3638 4
3639 5
3640 9
3641 8
3642 4
3643 5
3644 6
3645 5
3646 7
3647 10
3648 5
3649 6
3650 6
3651 4
3652 8
3653 4
3654 5
3655 7
3656 4
3657 6
3658 6
3659 5
3660 11
3661 2
3662 7
3663 5
3664 8
3665 3
3666 11
3667 6
3668 6
3669 8
3670 6
3671 5
3672 3
3673 9
3674 7
3675 9
3676 6
3677 7
3678 11
3679 4
3680 9
3681 6
3682 4
3683 7
3684 6
3685 2
3686 4
3687 11
3688 12
3689 2
3690 9
3691 3
3692 8
3693 5
3694 4
3695 7
3696 6
3697 5
3698 3
3699 7
3700 8
3701 3
3702 6
3703 4
3704 9
3705 3
3706 5
3707 3
3708 9
3709 6
3710 7
3711 7
3712 3
3713 7
3714 10
3715 5
3716 8
3717 8
3718 4
3719 9
3720 4
3721 12
3722 2
3723 3
3724 8
3725 7
3726 6
3727 7
3728 7
3729 6
3730 5
3731 6
3732 5
3733 3
3734 4
3735 6
3736 10
3737 6
3738 4
3739 3
3740 1
3741 2
3742 9
3743 5
3744 7
3745 1
3746 8
3747 7
3748 2
3749 4
3750 9
3751 3
3752 4
3753 5
3754 3
3755 2
3756 10
3757 4
3758 4
3759 4
3760 4
3761 8
3762 7
3763 2
3764 2
3765 7
3766 2
3767 3
3768 8
3769 9
3770 10
3771 6
3772 5
3773 7
3774 6
3775 9
3776 1
3777 5
3778 3
3779 3
3780 10
3781 5
3782 4
3783 8
3784 7
3785 5
3786 10
3787 8
3788 6
3789 6
3790 3
3791 7
3792 10
3793 7
3794 5
3795 9
3796 2
3797 6
3798 1
3799 6
3800 12
3801 5
3802 1
3803 8
3804 3
3805 5
3806 4
3807 4
3808 5
3809 3
3810 5
3811 3
3812 6
3813 7
3814 7
3815 4
3816 4
3817 5
3818 3
3819 7
3820 5
3821 5
3822 4
3823 6
3824 4
3825 2
3826 5
3827 7
3828 7
3829 3
3830 5
3831 3
3832 10
3833 6
3834 3
3835 6
3836 6
3837 6
3838 6
3839 4
3840 7
3841 5
3842 6
3843 2
3844 3
3845 5
3846 8
3847 4
3848 3
3849 6
3850 1
3851 4
3852 1
3853 1
3854 2
3855 4
3856 5
3857 8
3858 6
3859 6
3860 9
3861 2
3862 3
3863 4
3864 3
3865 2
3866 7
3867 5
3868 4
3869 8
3870 6
3871 6
3872 5
3873 11
3874 8
3875 7
3876 7
3877 3
3878 2
3880 4
3881 1
3882 6
3883 12
3884 3
3885 5
3886 7
3887 5
3888 5
3889 4
3890 6
3891 2
3892 4
3893 3
3894 7
3895 5
3896 4
3897 8
3898 6
3899 8
3900 5
3901 2
3902 7
3903 3
3904 3
3905 4
3906 6
3907 5
3909 2
3910 2
3911 6
3912 2
3913 3
3914 5
3915 6
3916 4
3917 4
3918 7
3919 4
3920 8
3921 4
3922 4
3923 4
3924 5
3925 6
3926 4
3927 5
3928 7
3929 6
3930 5
3931 5
3932 5
3933 5
3934 9
3935 6
3936 3
3937 5
3938 5
3939 3
3940 4
3941 4
3942 3
3943 4
3944 4
3945 2
3946 4
3947 5
3948 8
3949 6
3951 3
3952 4
3953 6
3954 3
3955 4
3956 4
3957 7
3958 1
3959 6
3960 1
3961 4
3962 12
3963 7
3965 7
3966 5
3967 5
3968 4
3969 5
3970 7
3971 3
3972 8
3973 3
3974 2
3975 2
3976 6
3977 7
3978 5
3979 6
3980 6
3981 6
3982 8
3983 6
3984 2
3985 4
3986 6
3987 3
3988 6
3989 6
3990 4
3991 4
3992 5
3993 2
3994 3
3995 2
3996 3
3997 2
3998 5
3999 2
4000 6
4001 3
4002 4
4003 3
4004 4
4005 2
4006 8
4007 4
4008 5
4009 8
4010 5
4011 5
4012 3
4013 2
4014 5
4015 5
4016 2
4017 3
4018 4
4019 3
4020 10
4021 6
4022 1
4023 4
4024 4
4025 3
4026 2
4027 8
4028 5
4029 4
4030 3
4031 6
4032 3
4033 4
4034 3
4035 3
4036 4
4037 6
4038 6
4039 2
4040 3
4041 1
4042 6
4043 3
4044 6
4045 3
4046 5
4047 3
4048 4
4049 6
4050 3
4051 6
4052 7
4053 5
4054 3
4055 4
4056 5
4057 4
4058 2
4059 4
4060 3
4061 4
4062 5
4063 6
4064 3
4065 4
4066 3
4067 6
4068 4
4069 3
4070 6
4071 2
4072 5
4073 1
4074 6
4075 7
4076 4
4077 2
4078 4
4079 7
4080 10
4081 3
4082 7
4083 2
4084 7
4085 5
4086 2
4088 5
4089 3
4090 3
4091 3
4092 5
4093 1
4094 2
4095 2
4096 3
4097 8
4098 4
4099 3
4100 4
4101 4
4102 4
4103 7
4104 5
4105 7
4106 3
4107 5
4108 2
4109 4
4110 2
4111 3
4112 2
4113 5
4114 7
4115 5
4116 2
4117 1
4118 3
4119 4
4120 2
4121 9
4122 2
4123 4
4124 1
4125 3
4126 2
4127 2
4128 7
4129 7
4130 1
4131 9
4132 2
4133 6
4134 2
4135 2
4136 3
4137 7
4138 5
4139 7
4140 4
4141 3
4142 2
4143 7
4144 2
4145 5
4146 6
4147 3
4148 2
4149 4
4150 5
4151 7
4152 4
4153 1
4154 2
4155 1
4156 3
4157 4
4158 6
4159 4
4160 2
4161 5
4162 3
4163 4
4164 3
4165 4
4166 5
4167 3
4168 2
4169 6
4170 3
4171 5
4172 2
4173 6
4174 3
4175 4
4176 2
4177 5
4178 3
4179 5
4180 3
4181 4
4182 8
4183 3
4184 3
4185 3
4186 2
4187 2
4188 5
4189 3
4190 2
4191 7
4192 3
4193 7
4194 3
4195 3
4196 6
4197 2
4198 4
4199 6
4200 4
4201 6
4202 3
4203 3
4204 5
4205 3
4206 2
4207 4
4208 2
4209 6
4210 3
4211 5
4212 4
4213 6
4214 6
4215 3
4216 2
4217 4
4218 6
4219 3
4220 7
4221 6
4222 6
4223 2
4224 8
4225 2
4226 4
4227 8
4228 4
4229 3
4230 6
4231 3
4232 4
4233 3
4234 6
4235 5
4236 1
4237 1
4238 5
4239 1
4240 3
4241 5
4242 5
4244 3
4245 3
4246 4
4247 3
4248 5
4249 4
4250 3
4251 4
4252 2
4253 7
4254 6
4255 4
4256 2
4258 1
4259 4
4260 4
4261 1
4262 2
4263 2
4264 2
4265 6
4266 5
4267 1
4268 2
4269 4
4270 7
4271 2
4272 3
4273 5
4274 4
4275 6
4276 3
4277 4
4278 4
4279 8
4280 3
4281 3
4282 4
4283 2
4284 3
4285 2
4286 4
4287 3
4288 3
4289 3
4290 7
4291 2
4292 2
4293 6
4294 1
4295 2
4296 4
4297 5
4299 1
4300 2
4302 5
4303 2
4304 3
4305 5
4306 6
4307 1
4308 5
4309 5
4310 1
4312 3
4313 3
4314 3
4315 1
4316 2
4317 3
4318 3
4319 4
4320 2
4321 6
4322 2
4323 4
4324 1
4325 3
4327 2
4328 4
4329 4
4330 5
4331 3
4332 3
4333 3
4334 1
4335 4
4336 3
4337 1
4338 4
4339 3
4340 2
4341 3
4342 7
4343 2
4344 4
4345 2
4346 3
4347 3
4348 3
4349 4
4350 2
4351 3
4353 2
4354 2
4355 2
4356 6
4357 4
4358 2
4360 1
4361 1
4363 1
4364 3
4365 2
4366 3
4367 3
4368 2
4369 1
4370 1
4372 4
4373 2
4374 4
4375 6
4376 6
4377 2
4378 4
4379 4
4380 6
4381 5
4382 4
4383 5
4384 1
4385 4
4386 7
4387 5
4388 6
4389 2
4390 2
4392 3
4393 4
4394 2
4395 3
4396 2
4397 7
4398 2
4399 7
4400 8
4401 3
4402 3
4403 2
4404 8
4405 6
4406 3
4407 2
4408 4
4409 4
4410 1
4411 4
4412 1
4413 4
4414 3
4415 4
4416 2
4417 5
4418 4
4419 9
4420 4
4421 2
4422 3
4423 2
4424 1
4425 2
4426 2
4427 1
4428 5
4429 4
4430 3
4431 6
4432 2
4433 2
4435 3
4436 2
4437 3
4438 4
4439 1
4440 4
4441 3
4442 1
4443 2
4444 5
4445 3
4446 5
4447 1
4448 4
4449 1
4450 4
4451 2
4452 5
4453 4
4454 5
4456 4
4457 4
4458 5
4459 3
4460 2
4461 3
4462 3
4463 4
4464 3
4465 2
4466 4
4467 2
4468 3
4469 3
4470 1
4471 2
4472 5
4473 1
4474 1
4475 1
4476 2
4477 6
4478 1
4479 7
4480 3
4481 3
4482 5
4483 4
4484 5
4485 3
4486 5
4487 2
4488 2
4489 4
4490 2
4491 2
4492 4
4493 4
4494 2
4495 3
4497 1
4498 4
4500 3
4501 4
4502 3
4503 2
4504 3
4505 5
4506 1
4507 5
4508 4
4509 4
4510 3
4511 3
4512 4
4513 2
4514 5
4515 1
4516 1
4517 4
4518 4
4520 1
4521 2
4522 3
4523 3
4524 4
4525 4
4526 4
4527 3
4528 6
4529 2
4530 2
4531 6
4533 4
4534 1
4535 4
4536 6
4537 4
4539 4
4540 7
4541 2
4542 4
4543 6
4544 4
4545 3
4546 3
4547 5
4548 1
4549 2
4550 3
4551 5
4552 7
4554 3
4555 3
4557 4
4558 4
4559 4
4560 3
4561 1
4562 1
4563 1
4564 2
4565 4
4566 4
4567 4
4568 2
4569 5
4570 1
4571 3
4573 4
4574 1
4575 3
4576 1
4577 3
4578 4
4579 2
4581 2
4582 6
4583 2
4584 4
4585 4
4586 7
4587 1
4588 2
4589 2
4590 1
4591 1
4592 6
4593 3
4594 6
4595 2
4596 3
4597 7
4598 1
4599 3
4600 2
4601 5
4602 4
4603 1
4604 5
4605 5
4607 6
4608 3
4609 6
4610 3
4611 4
4612 3
4613 1
4614 2
4615 4
4616 5
4617 4
4618 2
4619 1
4620 2
4621 2
4622 1
4623 3
4624 5
4625 4
4626 3
4627 1
4628 2
4629 3
4630 5
4631 1
4632 1
4634 2
4635 2
4636 2
4637 4
4638 6
4639 2
4640 3
4641 1
4642 4
4643 5
4644 2
4645 3
4646 1
4647 6
4648 3
4649 2
4650 3
4651 4
4652 1
4653 3
4654 2
4655 2
4656 2
4657 3
4658 4
4659 5
4660 2
4661 1
4663 3
4664 1
4665 3
4667 4
4668 6
4669 5
4670 3
4671 1
4672 1
4673 1
4674 4
4675 1
4677 3
4678 5
4679 1
4680 2
4681 4
4682 1
4684 3
4685 3
4686 3
4687 3
4688 2
4690 2
4691 1
4692 4
4693 8
4694 2
4695 2
4696 1
4697 2
4698 6
4699 2
4700 3
4701 2
4702 3
4703 4
4704 5
4706 1
4707 1
4708 1
4710 2
4711 2
4712 1
4714 6
4715 1
4716 3
4717 5
4718 3
4719 4
4720 1
4721 4
4722 2
4723 4
4724 1
4725 4
4726 3
4727 3
4728 1
4729 3
4730 3
4731 4
4732 4
4733 2
4734 3
4735 3
4736 1
4737 6
4738 3
4739 4
4740 2
4741 3
4742 2
4743 4
4744 1
4745 2
4746 3
4747 6
4748 2
4749 3
4750 3
4751 4
4752 2
4753 4
4754 3
4755 6
4756 2
4757 2
4758 2
4759 2
4760 3
4761 7
4762 3
4763 4
4764 3
4765 2
4766 2
4767 1
4768 1
4769 4
4770 1
4771 1
4772 5
4773 1
4774 5
4775 1
4776 5
4777 2
4778 2
4780 2
4781 4
4782 2
4783 2
4784 4
4785 1
4787 1
4788 2
4789 1
4790 3
4791 4
4792 4
4793 2
4795 3
4796 6
4797 4
4798 2
4800 2
4801 2
4802 2
4803 5
4804 1
4805 6
4806 1
4807 3
4808 2
4809 3
4810 2
4811 5
4812 2
4813 1
4814 4
4815 3
4817 3
4818 3
4819 1
4820 4
4821 3
4823 3
4824 4
4825 1
4826 3
4827 2
4828 3
4829 4
4830 1
4831 2
4832 3
4833 4
4834 1
4835 5
4836 2
4837 3
4838 5
4839 2
4840 7
4841 2
4842 1
4843 1
4844 3
4845 1
4846 1
4847 1
4848 2
4849 3
4850 2
4851 2
4852 2
4853 8
4855 4
4856 2
4857 5
4859 5
4860 1
4861 1
4862 7
4863 1
4864 1
4865 5
4867 2
4868 2
4869 2
4870 3
4871 5
4872 2
4873 3
4874 1
4875 3
4876 1
4877 4
4878 5
4879 4
4880 1
4881 2
4882 4
4883 4
4884 3
4885 2
4886 5
4887 4
4888 3
4889 4
4890 2
4891 2
4892 2
4893 5
4894 6
4895 3
4896 3
4897 2
4898 4
4899 4
4900 6
4901 4
4902 3
4903 5
4904 3
4905 3
4906 3
4907 3
4908 2
4909 6
4910 3
4911 1
4912 6
4913 2
4914 1
4915 1
4916 6
4917 4
4918 2
4919 3
4920 4
4921 4
4922 1
4924 4
4925 2
4926 3
4928 6
4929 6
4930 5
4931 1
4932 1
4933 2
4934 1
4935 4
4936 4
4937 2
4941 1
4942 4
4943 2
4944 5
4945 2
4946 1
4947 1
4948 2
4950 2
4951 1
4952 1
4953 4
4954 1
4955 2
4956 5
4957 1
4958 6
4959 3
4961 1
4962 2
4963 2
4964 2
4965 2
4966 1
4967 2
4968 3
4969 1
4970 4
4971 1
4972 6
4973 4
4975 3
4976 1
4977 2
4978 2
4979 3
4980 1
4981 2
4982 3
4983 4
4984 3
4986 3
4987 2
4988 3
4989 1
4990 2
4991 2
4992 1
4993 1
4994 1
4996 3
4997 3
4998 1
4999 3
5000 3
5001 1
5002 1
5003 3
5004 2
5005 1
5006 2
5008 3
5009 6
5010 2
5011 4
5012 2
5013 4
5014 1
5015 1
5016 2
5017 1
5018 3
5019 3
5020 3
5021 1
5022 4
5023 3
5024 3
5025 3
5026 1
5027 3
5028 2
5029 1
5030 3
5031 1
5032 1
5033 5
5034 3
5035 4
5037 2
5038 4
5039 2
5040 2
5041 2
5042 1
5043 1
5044 3
5045 3
5047 3
5048 3
5049 2
5050 1
5051 1
5052 2
5053 3
5054 5
5055 2
5057 2
5058 3
5059 2
5060 1
5061 1
5062 2
5063 4
5064 1
5065 3
5067 3
5068 1
5069 1
5070 2
5071 5
5072 1
5073 3
5074 1
5075 3
5077 1
5078 2
5080 3
5081 2
5082 5
5083 4
5084 3
5085 1
5086 2
5087 2
5088 3
5089 3
5090 1
5091 1
5092 2
5093 1
5094 5
5095 5
5096 2
5097 4
5098 3
5099 4
5100 3
5101 2
5103 2
5104 3
5105 1
5106 2
5107 1
5108 2
5109 2
5111 1
5112 5
5113 5
5114 2
5115 5
5116 1
5118 1
5119 6
5120 2
5121 2
5122 1
5123 1
5124 3
5125 3
5126 3
5127 1
5128 2
5129 1
5130 5
5131 1
5132 4
5133 3
5134 2
5135 1
5137 2
5138 2
5140 1
5141 3
5143 2
5144 3
5145 3
5146 5
5147 2
5148 3
5149 3
5150 3
5151 1
5152 5
5153 2
5156 1
5158 2
5159 4
5160 2
5161 3
5162 2
5163 2
5164 1
5165 2
5166 1
5167 2
5168 1
5169 1
5171 2
5172 1
5173 2
5174 1
5175 2
5176 2
5177 3
5178 3
5179 1
5180 6
5182 2
5183 1
5184 4
5186 4
5187 2
5188 1
5189 6
5190 2
5191 4
5192 3
5193 3
5194 2
5195 2
5196 2
5197 1
5198 1
5199 1
5200 3
5201 4
5202 1
5203 2
5205 1
5206 4
5207 2
5208 3
5209 3
5210 1
5211 1
5213 6
5215 1
5216 1
5217 5
5218 1
5219 1
5220 4
5221 3
5222 1
5224 3
5225 3
5226 1
5227 4
5229 3
5230 4
5231 3
5232 3
5234 2
5238 3
5239 2
5240 2
5241 3
5242 2
5244 2
5245 2
5246 1
5247 1
5248 2
5249 3
5251 3
5252 4
5253 3
5254 2
5255 3
5256 1
5257 1
5259 2
5260 3
5261 2
5262 2
5263 1
5264 3
5266 4
5267 3
5268 1
5269 4
5270 1
5271 2
5272 1
5273 1
5274 3
5275 1
5276 3
5277 1
5278 3
5280 6
5281 1
5282 6
5283 3
5284 1
5285 2
5286 3
5287 1
5288 2
5289 1
5290 1
5291 1
5292 3
5293 3
5294 5
5296 1
5297 2
5298 5
5299 2
5300 3
5301 2
5303 2
5304 4
5305 3
5306 2
5307 3
5308 3
5310 3
5311 1
5312 4
5314 4
5315 1
5316 3
5317 1
5318 2
5319 4
5321 1
5324 3
5325 1
5326 2
5327 3
5328 4
5329 4
5330 3
5332 1
5334 2
5335 3
5336 2
5337 3
5338 2
5339 4
5340 2
5341 2
5342 3
5343 1
5344 1
5345 2
5346 5
5347 2
5348 5
5350 1
5351 1
5352 2
5353 1
5354 2
5355 2
5357 2
5358 1
5359 3
5361 6
5363 2
5364 4
5365 3
5367 4
5369 2
5370 1
5371 2
5372 2
5373 3
5374 1
5375 1
5376 2
5378 5
5379 1
5380 1
5381 2
5382 2
5384 2
5385 2
5386 2
5387 2
5388 1
5389 1
5390 3
5391 3
5392 1
5393 1
5394 2
5395 2
5397 1
5398 6
5400 2
5401 5
5403 2
5404 2
5405 4
5406 3
5407 3
5408 1
5409 3
5411 2
5412 1
5414 1
5415 1
5416 2
5417 1
5419 2
5420 2
5421 1
5422 2
5423 3
5424 3
5425 2
5426 1
5427 2
5428 1
5429 2
5431 1
5432 2
5433 3
5434 3
5435 1
5437 2
5439 4
5440 4
5442 2
5444 1
5445 3
5446 1
5448 2
5449 1
5450 2
5451 1
5452 1
5453 2
5454 2
5455 5
5456 4
5457 1
5458 4
5459 5
5460 2
5461 3
5462 1
5463 4
5464 2
5465 3
5466 3
5467 1
5469 1
5472 3
5473 4
5475 1
5476 3
5477 1
5478 2
5479 2
5480 2
5481 3
5482 1
5483 2
5484 1
5485 4
5486 1
5487 2
5488 2
5489 1
5491 2
5492 1
5493 1
5494 5
5495 3
5496 1
5497 2
5498 3
5499 1
5500 1
5502 1
5503 1
5504 1
5505 1
5506 3
5507 3
5508 2
5509 1
5510 1
5511 3
5512 2
5513 1
5514 4
5515 2
5516 2
5517 1
5518 1
5519 3
5520 1
5521 2
5522 3
5524 2
5525 2
5526 1
5527 2
5528 4
5530 2
5531 2
5532 3
5533 2
5534 2
5535 2
5536 1
5538 4
5539 3
5540 3
5541 1
5542 2
5543 3
5544 3
5545 4
5546 2
5547 2
5548 3
5549 3
5550 3
5552 2
5553 2
5555 3
5556 1
5558 5
5559 1
5560 3
5561 2
5562 1
5563 4
5565 1
5568 1
5569 1
5570 1
5571 1
5572 2
5573 1
5574 1
5575 1
5576 3
5577 1
5578 2
5579 2
5580 2
5581 3
5582 1
5583 2
5584 2
5586 3
5587 1
5588 6
5590 3
5591 3
5592 1
5593 1
5594 2
5595 2
5596 2
5597 3
5598 4
5599 1
5601 1
5602 2
5603 1
5604 4
5605 3
5606 2
5607 1
5608 4
5610 2
5611 2
5612 2
5613 2
5614 2
5615 2
5616 1
5617 2
5618 1
5619 2
5621 2
5622 3
5623 1
5624 1
5625 2
5626 4
5627 3
5628 1
5630 5
5632 2
5633 2
5634 3
5636 1
5638 6
5640 2
5641 2
5644 5
5645 2
5647 1
5649 1
5651 1
5652 3
5654 2
5655 2
5656 2
5657 2
5659 2
5660 2
5661 4
5662 1
5663 1
5664 1
5665 1
5667 1
5668 1
5670 1
5672 1
5674 2
5676 2
5677 3
5678 2
5680 2
5681 3
5683 2
5684 5
5687 3
5688 1
5689 2
5690 6
5691 1
5692 3
5694 1
5695 2
5698 3
5699 2
5700 3
5702 3
5703 5
5705 3
5706 1
5707 5
5708 2
5709 1
5710 2
5711 1
5713 2
5714 3
5715 6
5716 1
5718 1
5719 1
5720 1
5721 1
5722 4
5724 2
5725 3
5726 2
5727 2
5729 4
5730 1
5731 1
5732 3
5733 2
5735 3
5738 2
5739 1
5740 2
5741 4
5742 1
5743 2
5744 2
5745 2
5748 2
5749 3
5750 1
5751 2
5752 1
5754 2
5755 1
5756 1
5757 2
5758 4
5760 1
5761 3
5763 1
5764 2
5765 4
5767 1
5768 3
5769 1
5771 3
5772 1
5773 1
5774 3
5775 1
5776 3
5777 3
5778 2
5779 3
5780 2
5781 2
5782 5
5784 1
5785 1
5786 2
5787 2
5788 1
5789 2
5791 3
5793 3
5795 3
5796 1
5797 1
5799 3
5801 5
5802 1
5803 2
5804 1
5805 1
5806 1
5807 1
5808 1
5809 2
5810 3
5811 3
5813 2
5814 1
5815 4
5816 1
5818 3
5819 3
5820 2
5821 3
5823 3
5824 3
5825 1
5826 3
5827 2
5829 3
5830 5
5831 3
5832 2
5834 1
5835 1
5836 6
5837 5
5838 1
5839 4
5840 1
5841 1
5842 2
5843 1
5845 4
5846 2
5847 2
5848 1
5849 3
5851 1
5853 1
5854 3
5856 2
5857 1
5858 2
5859 2
5860 2
5861 2
5862 1
5863 1
5864 1
5866 1
5867 1
5868 1
5869 2
5870 3
5873 2
5874 2
5876 1
5877 5
5878 2
5879 1
5880 2
5881 4
5882 4
5883 2
5885 2
5886 1
5887 2
5888 1
5890 2
5891 2
5892 1
5893 1
5894 2
5895 1
5896 2
5898 2
5899 1
5900 1
5901 2
5902 4
5904 1
5905 3
5906 3
5907 2
5908 1
5909 2
5911 3
5912 1
5914 2
5916 1
5917 1
5918 1
5919 1
5920 1
5921 3
5922 2
5923 3
5925 3
5926 1
5927 2
5929 2
5930 3
5932 2
5933 2
5934 2
5935 1
5936 4
5937 4
5938 6
5939 2
5942 2
5943 3
5944 2
5945 2
5947 1
5948 3
5950 4
5951 1
5952 3
5953 1
5954 2
5955 2
5956 1
5957 1
5962 2
5964 1
5965 1
5966 3
5967 2
5968 1
5969 4
5970 1
5971 1
5972 1
5973 1
5974 4
5976 2
5977 1
5978 1
5979 2
5980 3
5981 1
5982 2
5983 2
5984 3
5985 3
5986 2
5987 3
5988 1
5989 3
5990 2
5991 1
5993 1
5994 5
5995 4
5996 3
5997 3
5998 3
5999 1
6000 1
6001 1
6002 3
6005 3
6007 2
6009 1
6010 1
6012 2
6013 2
6014 2
6015 3
6016 4
6018 3
6020 3
6021 3
6022 2
6023 2
6024 1
6025 1
6026 5
6027 3
6029 1
6030 1
6031 1
6033 2
6034 5
6035 2
6036 3
6037 1
6038 2
6039 4
6040 3
6041 4
6042 2
6044 1
6046 1
6047 1
6048 4
6049 1
6051 2
6052 1
6053 2
6054 2
6055 1
6057 4
6059 3
6061 2
6062 1
6065 1
6066 2
6067 4
6068 5
6070 2
6072 1
6073 3
6076 1
6077 3
6078 3
6079 1
6080 2
6081 1
6082 2
6084 3
6085 2
6088 2
6090 2
6092 1
6093 1
6094 3
6095 1
6096 1
6097 1
6099 1
6100 2
6101 1
6103 1
6104 3
6105 1
6106 3
6107 2
6108 2
6109 2
6110 1
6111 3
6114 3
6116 1
6118 1
6120 2
6121 3
6122 1
6123 2
6124 2
6125 2
6126 1
6128 5
6130 4
6131 2
6132 1
6133 1
6134 2
6135 2
6136 2
6137 2
6138 1
6139 1
6140 1
6144 3
6146 1
6147 3
6150 3
6152 1
6153 2
6154 2
6155 2
6156 2
6157 1
6158 2
6159 1
6160 2
6161 2
6162 2
6163 3
6164 1
6165 1
6166 1
6168 1
6169 3
6170 2
6171 2
6172 1
6173 1
6174 1
6175 1
6176 2
6177 1
6178 1
6180 1
6181 2
6185 3
6186 1
6187 1
6188 1
6189 4
6190 2
6191 2
6192 1
6194 3
6195 1
6197 1
6198 2
6200 1
6201 2
6202 2
6204 1
6205 1
6206 1
6207 3
6208 3
6209 3
6210 2
6211 2
6212 3
6213 4
6214 3
6215 1
6216 2
6217 5
6218 2
6219 2
6221 2
6222 2
6223 1
6224 2
6225 1
6226 2
6227 1
6228 1
6229 1
6230 3
6232 1
6233 3
6235 3
6237 3
6238 2
6240 2
6244 3
6245 1
6246 2
6247 1
6248 1
6250 1
6251 1
6252 4
6253 3
6254 1
6255 2
6256 1
6257 2
6259 1
6260 1
6261 1
6262 1
6263 3
6264 2
6265 3
6266 1
6267 1
6268 2
6269 1
6271 1
6272 1
6273 2
6274 1
6276 1
6277 1
6278 2
6279 3
6280 2
6282 1
6283 1
6284 3
6285 2
6287 5
6288 2
6289 4
6291 4
6294 2
6296 1
6298 2
6299 1
6300 1
6301 3
6302 2
6303 1
6305 4
6306 6
6307 1
6308 2
6311 1
6312 1
6313 3
6314 2
6315 2
6316 1
6317 4
6318 1
6319 3
6320 2
6322 1
6323 1
6324 1
6325 4
6326 2
6327 3
6330 2
6331 1
6332 1
6333 1
6334 4
6335 1
6336 1
6338 6
6339 1
6340 1
6341 2
6342 2
6343 2
6344 1
6345 2
6346 1
6347 1
6348 1
6349 4
6350 1
6351 4
6352 3
6353 1
6354 1
6355 2
6356 1
6357 1
6358 2
6359 1
6361 2
6362 1
6363 1
6365 1
6366 3
6368 3
6369 2
6371 2
6372 1
6373 1
6374 1
6375 1
6376 3
6377 2
6378 1
6379 2
6380 1
6381 1
6383 2
6385 1
6387 1
6388 1
6391 3
6393 2
6394 2
6395 2
6398 2
6399 3
6401 1
6402 4
6403 1
6404 1
6405 1
6406 3
6408 2
6409 1
6410 4
6411 3
6412 2
6413 2
6414 3
6415 1
6417 1
6419 1
6420 1
6421 2
6422 2
6424 1
6425 4
6427 4
6428 2
6431 1
6432 3
6434 1
6436 2
6437 3
6438 3
6439 1
6440 2
6441 1
6442 1
6444 2
6446 2
6447 2
6448 3
6449 3
6450 3
6451 3
6453 1
6455 1
6456 2
6457 2
6458 4
6459 2
6460 2
6461 3
6462 1
6463 1
6465 2
6466 2
6468 1
6469 2
6473 4
6474 2
6475 1
6477 4
6478 3
6479 2
6480 1
6482 1
6483 2
6484 2
6485 1
6486 1
6488 2
6489 2
6492 4
6493 2
6495 3
6496 2
6497 3
6498 1
6501 1
6502 3
6504 3
6505 3
6506 3
6507 1
6509 2
6510 3
6511 1
6512 2
6513 1
6514 2
6515 3
6517 2
6518 1
6519 2
6521 3
6522 1
6523 1
6524 2
6525 3
6526 2
6527 2
6529 2
6531 2
6532 2
6534 1
6535 5
6538 1
6540 1
6541 1
6542 1
6543 3
6544 1
6547 1
6549 2
6550 3
6551 1
6552 2
6555 3
6556 3
6557 2
6558 3
6559 1
6560 4
6561 3
6562 2
6568 2
6569 2
6570 1
6571 2
6572 3
6573 1
6574 2
6575 2
6577 3
6579 3
6582 2
6583 2
6584 2
6585 2
6588 1
6589 2
6590 1
6591 3
6592 1
6593 1
6594 1
6595 2
6596 3
6598 1
6599 3
6600 1
6601 1
6602 1
6603 2
6604 1
6605 4
6608 1
6609 1
6610 3
6611 3
6612 2
6614 1
6615 2
6616 1
6618 1
6619 2
6621 2
6622 1
6623 2
6624 2
6626 3
6627 4
6628 4
6630 1
6631 4
6632 1
6633 2
6634 1
6636 2
6637 2
6638 1
6639 1
6641 4
6643 2
6646 1
6647 1
6650 1
6657 1
6658 2
6659 2
6660 1
6661 2
6662 2
6663 1
6665 3
6667 1
6668 1
6669 2
6671 3
6672 3
6674 3
6675 2
6676 1
6677 1
6678 2
6679 5
6680 1
6682 1
6683 1
6684 3
6685 1
6686 2
6687 1
6688 1
6689 4
6690 1
6691 2
6692 1
6693 1
6695 1
6696 1
6697 1
6698 2
6699 2
6701 3
6702 5
6703 3
6704 3
6705 1
6706 5
6707 1
6708 1
6709 2
6711 1
6712 2
6713 1
6714 2
6715 1
6716 1
6717 3
6718 1
6721 1
6723 1
6725 2
6726 1
6729 3
6730 1
6731 1
6732 2
6733 1
6736 2
6737 1
6738 1
6739 3
6740 2
6743 2
6744 2
6745 2
6748 3
6749 3
6750 1
6751 1
6752 1
6754 2
6755 1
6756 3
6757 2
6758 2
6759 2
6763 3
6764 3
6766 1
6767 3
6768 2
6769 1
6771 2
6772 6
6775 1
6776 1
6777 1
6779 2
6780 3
6781 3
6782 1
6783 1
6784 3
6785 2
6786 2
6787 1
6788 2
6789 1
6790 3
6791 1
6792 3
6793 1
6795 1
6796 1
6797 2
6798 2
6800 2
6801 2
6803 1
6804 2
6805 3
6807 2
6810 2
6811 1
6812 2
6814 5
6815 3
6816 3
6817 2
6818 1
6819 3
6820 1
6821 2
6823 1
6824 1
6826 1
6828 2
6830 2
6832 1
6834 2
6836 1
6837 4
6839 2
6840 1
6843 2
6844 1
6845 4
6846 4
6847 1
6848 2
6849 3
6850 1
6851 1
6852 1
6853 2
6854 3
6858 3
6859 3
6860 1
6861 3
6863 1
6864 1
6865 1
6866 3
6868 2
6869 2
6870 2
6871 1
6872 1
6873 1
6874 1
6875 3
6877 5
6878 2
6879 1
6880 1
6881 2
6882 1
6883 3
6885 1
6886 1
6887 1
6888 1
6889 3
6890 1
6891 1
6893 1
6894 3
6895 2
6896 2
6897 1
6898 1
6899 2
6900 3
6901 2
6902 2
6903 1
6904 2
6905 3
6906 2
6907 3
6908 3
6909 2
6910 1
6911 2
6912 1
6914 1
6915 3
6916 2
6917 3
6918 3
6919 2
6920 2
6921 3
6922 1
6923 2
6924 1
6926 2
6927 3
6928 1
6929 2
6930 2
6931 4
6932 2
6933 3
6934 2
6935 1
6936 2
6937 4
6938 1
6940 1
6941 4
6942 5
6943 1
6944 1
6945 1
6946 4
6947 2
6949 1
6950 3
6951 2
6952 2
6954 2
6955 2
6956 1
6958 3
6959 1
6960 1
6961 1
6962 3
6963 4
6964 1
6965 2
6966 1
6967 1
6968 1
6969 2
6970 1
6971 2
6972 1
6973 2
6974 3
6975 2
6976 3
6978 1
6979 1
6980 1
6981 1
6982 1
6983 1
6985 2
6986 1
6987 3
6988 1
6990 1
6991 2
6992 1
6993 3
6994 1
6995 1
6996 2
6997 1
6999 2
7000 1
7001 2
7002 2
7005 2
7006 2
7008 4
7009 1
7010 1
7012 1
7013 1
7016 2
7017 4
7018 2
7019 1
7020 4
7021 1
7022 1
7023 2
7024 1
7025 1
7026 3
7027 1
7029 1
7030 2
7032 2
7035 3
7037 4
7038 3
7039 1
7041 1
7042 5
7043 1
7044 2
7046 2
7047 2
7048 1
7049 2
7050 1
7051 1
7052 2
7054 1
7055 1
7056 1
7057 2
7058 3
7060 5
7061 2
7062 2
7064 3
7065 2
7066 2
7067 1
7068 2
7069 3
7070 2
7072 4
7073 1
7074 1
7075 1
7076 5
7077 2
7078 1
7079 1
7082 2
7083 2
7084 1
7085 2
7086 1
7087 5
7088 3
7089 2
7090 2
7091 2
7092 1
7093 1
7094 1
7097 2
7098 1
7099 1
7100 4
7101 3
7102 4
7103 1
7105 3
7106 4
7107 5
7109 1
7111 3
7112 1
7113 1
7114 1
7116 1
7117 2
7119 2
7120 1
7122 1
7123 3
7125 1
7126 1
7127 1
7128 3
7129 1
7130 1
7131 3
7132 1
7133 2
7134 2
7135 2
7136 3
7137 2
7138 1
7139 2
7140 1
7141 1
7142 1
7143 1
7144 1
7145 1
7147 1
7150 2
7151 2
7152 2
7153 2
7155 3
7158 3
7160 2
7161 2
7163 1
7164 2
7165 2
7166 2
7167 1
7168 3
7169 1
7172 1
7174 2
7175 4
7176 1
7178 1
7179 2
7180 2
7182 4
7183 1
7184 2
7185 1
7186 2
7188 3
7189 3
7190 1
7191 2
7192 1
7193 1
7194 1
7195 1
7196 4
7197 1
7198 2
7199 1
7201 2
7202 3
7203 2
7204 1
7205 1
7206 1
7207 3
7208 3
7209 1
7210 2
7213 1
7214 3
7215 1
7217 3
7218 2
7220 2
7221 2
7225 2
7226 1
7227 2
7229 1
7230 3
7231 5
7233 1
7234 3
7235 1
7236 1
7237 2
7239 2
7240 1
7241 3
7242 2
7243 2
7246 2
7250 1
7253 1
7254 2
7255 1
7256 1
7258 2
7259 2
7260 2
7261 1
7262 2
7263 1
7264 1
7265 2
7266 4
7269 2
7271 1
7272 5
7274 4
7275 3
7276 2
7277 1
7278 1
7279 1
7280 4
7281 1
7283 1
7284 2
7285 1
7286 3
7288 1
7289 3
7290 2
7291 1
7292 1
7293 4
7295 2
7296 1
7298 3
7299 1
7300 3
7302 1
7304 1
7306 1
7309 1
7310 1
7311 2
7312 1
7313 2
7314 1
7316 1
7320 1
7321 1
7322 1
7324 1
7325 1
7326 4
7327 1
7329 2
7330 1
7331 3
7332 1
7334 1
7335 1
7339 1
7341 3
7342 1
7343 1
7344 2
7345 2
7346 3
7347 2
7348 1
7349 3
7350 1
7351 3
7352 2
7353 1
7354 3
7356 2
7357 1
7359 2
7360 2
7361 1
7362 1
7363 2
7364 2
7365 1
7366 2
7368 2
7369 2
7370 3
7371 2
7373 2
7375 1
7376 2
7377 2
7378 3
7380 1
7381 2
7383 1
7386 3
7387 3
7388 1
7389 3
7390 1
7391 2
7392 1
7393 2
7394 5
7395 1
7398 3
7400 1
7402 2
7403 3
7404 3
7405 1
7406 1
7408 1
7409 3
7410 2
7411 1
7413 1
7414 3
7415 1
7416 2
7417 1
7418 1
7419 2
7420 2
7424 3
7425 1
7426 1
7427 2
7429 2
7430 1
7431 1
7433 2
7435 1
7437 1
7439 5
7440 2
7441 3
7443 4
7444 1
7445 3
7446 1
7447 3
7449 1
7450 1
7451 2
7452 2
7453 1
7454 3
7455 2
7456 4
7457 1
7458 1
7459 2
7460 3
7461 2
7462 2
7465 4
7466 2
7467 1
7468 2
7469 1
7470 3
7471 2
7472 1
7473 2
7474 2
7475 2
7476 1
7478 1
7479 2
7480 2
7481 2
7482 1
7483 1
7484 4
7485 2
7487 3
7489 3
7491 3
7492 2
7493 1
7494 1
7495 4
7496 3
7499 1
7500 1
7501 2
7502 2
7503 1
7504 1
7505 2
7509 3
7510 4
7511 1
7512 7
7513 1
7515 1
7516 1
7520 4
7521 1
7522 2
7523 2
7524 1
7525 1
7528 5
7530 1
7532 1
7533 3
7534 1
7535 4
7536 2
7537 2
7538 1
7539 2
7540 2
7541 2
7542 2
7543 2
7545 1
7548 3
7549 2
7550 1
7552 1
7553 2
7554 1
7555 5
7556 1
7558 2
7559 1
7562 1
7563 1
7564 1
7566 1
7567 1
7568 2
7569 1
7570 1
7571 3
7572 2
7573 1
7574 2
7575 1
7576 4
7577 1
7578 1
7579 1
7581 2
7583 1
7584 4
7585 2
7586 4
7588 1
7591 2
7592 1
7593 1
7594 1
7598 3
7599 4
7600 3
7601 4
7602 1
7604 3
7606 1
7608 2
7609 2
7610 2
7611 1
7612 1
7613 1
7614 2
7615 1
7616 6
7617 1
7618 1
7619 2
7620 5
7621 1
7623 2
7624 1
7625 3
7626 3
7628 1
7629 1
7630 1
7631 2
7632 1
7633 1
7634 3
7635 1
7636 2
7637 4
7638 1
7639 3
7640 1
7641 3
7643 1
7644 1
7647 1
7648 3
7649 3
7650 3
7652 3
7653 1
7654 3
7655 1
7656 2
7658 1
7659 1
7660 1
7661 1
7663 1
7664 1
7666 3
7667 4
7669 1
7672 1
7673 1
7675 1
7676 1
7677 5
7678 1
7680 2
7681 2
7683 1
7684 1
7685 3
7686 1
7687 3
7688 2
7690 1
7691 2
7692 2
7693 4
7695 1
7696 2
7697 1
7699 1
7700 2
7701 2
7703 4
7705 3
7706 1
7707 1
7708 1
7710 1
7711 2
7712 3
7713 2
7715 2
7716 3
7717 1
7718 1
7719 3
7720 1
7721 2
7722 4
7723 2
7724 2
7725 2
7726 1
7727 1
7728 2
7729 1
7731 1
7733 1
7735 1
7737 1
7738 2
7739 1
7740 2
7741 1
7742 2
7744 3
7745 4
7746 2
7747 1
7749 1
7750 1
7751 1
7753 1
7755 2
7756 3
7758 2
7759 1
7762 3
7763 3
7764 2
7765 2
7767 2
7768 1
7769 2
7770 2
7772 2
7773 3
7774 1
7775 2
7776 2
7777 2
7778 2
7779 4
7780 2
7781 3
7783 1
7785 1
7786 2
7788 2
7790 2
7791 1
7793 3
7794 3
7795 1
7796 3
7801 1
7803 1
7804 1
7806 3
7807 1
7808 2
7809 3
7810 2
7811 2
7813 1
7814 1
7815 2
7818 2
7820 1
7821 5
7822 2
7824 1
7825 2
7826 2
7828 1
7829 1
7830 1
7831 1
7832 1
7833 1
7834 4
7835 1
7836 4
7837 2
7838 2
7840 5
7841 1
7842 2
7843 1
7844 2
7845 4
7846 2
7847 2
7849 2
7850 2
7851 2
7852 1
7853 2
7854 2
7855 3
7856 2
7859 2
7860 1
7861 1
7862 2
7864 2
7865 2
7866 2
7867 2
7868 1
7872 1
7873 1
7875 1
7877 1
7878 1
7879 1
7882 1
7883 2
7884 4
7886 3
7887 1
7888 3
7889 1
7891 3
7892 2
7893 1
7894 2
7895 1
7896 2
7897 2
7898 2
7899 3
7900 2
7901 3
7903 1
7904 4
7905 1
7906 2
7907 1
7909 1
7910 2
7911 3
7912 2
7915 2
7916 2
7917 2
7918 1
7919 1
7920 1
7922 3
7923 1
7924 2
7925 1
7926 3
7928 1
7929 4
7931 1
7932 4
7933 1
7934 1
7935 1
7936 2
7937 2
7938 3
7939 2
7940 2
7941 3
7943 1
7945 2
7947 3
7949 3
7950 2
7951 1
7954 2
7955 2
7956 4
7957 1
7959 2
7961 1
7962 3
7963 2
7966 1
7967 1
7968 1
7969 1
7970 2
7971 1
7972 2
7973 1
7975 1
7976 2
7979 2
7980 1
7981 2
7982 3
7983 3
7985 1
7986 1
7988 1
7989 1
7990 1
7992 2
7993 2
7994 2
7995 2
7996 3
7998 3
7999 1
8000 1
8002 5
8003 1
8004 1
8006 1
8007 2
8008 1
8009 2
8010 2
8011 2
8012 2
8013 2
8014 1
8015 1
8016 1
8017 1
8018 1
8019 3
8020 3
8021 3
8022 1
8023 2
8024 1
8026 1
8027 2
8030 1
8031 2
8033 1
8034 4
8037 1
8038 1
8039 2
8040 1
8041 4
8043 2
8045 1
8047 2
8050 2
8051 1
8053 2
8054 1
8055 1
8057 2
8058 2
8059 1
8061 1
8062 1
8063 1
8064 2
8066 4
8067 1
8069 2
8070 2
8071 4
8072 2
8073 4
8074 2
8076 4
8078 1
8079 2
8080 2
8082 2
8083 1
8084 1
8086 1
8087 1
8088 1
8089 2
8090 1
8091 2
8093 1
8094 3
8095 1
8096 1
8097 3
8098 2
8099 1
8100 2
8101 3
8102 1
8103 3
8104 3
8105 1
8107 1
8108 2
8109 2
8110 3
8111 1
8112 3
8114 3
8115 1
8116 3
8117 2
8118 2
8119 4
8120 1
8121 3
8122 2
8123 1
8124 2
8127 2
8129 1
8130 2
8131 3
8132 2
8133 3
8134 1
8136 2
8137 1
8139 2
8141 2
8142 4
8143 1
8144 3
8145 1
8146 1
8147 2
8148 1
8149 2
8150 1
8151 2
8153 1
8154 2
8155 1
8156 1
8157 1
8158 1
8159 2
8160 2
8161 2
8162 1
8163 1
8166 1
8167 1
8168 2
8169 2
8170 2
8171 2
8172 3
8174 1
8175 1
8176 2
8177 1
8180 2
8181 2
8182 1
8183 1
8184 1
8185 1
8186 1
8188 1
8189 3
8190 4
8191 1
8192 1
8193 1
8195 2
8196 1
8197 1
8199 1
8200 2
8201 1
8203 2
8204 3
8205 1
8207 2
8209 1
8210 2
8211 2
8212 6
8213 1
8214 1
8215 1
8216 1
8217 4
8219 1
8222 1
8224 2
8226 3
8228 2
8229 3
8230 2
8231 1
8232 1
8233 2
8234 2
8235 2
8236 1
8237 1
8238 2
8239 2
8240 2
8241 1
8242 2
8243 1
8244 3
8245 1
8246 2
8247 1
8248 3
8249 1
8250 3
8251 1
8252 1
8253 3
8254 1
8255 1
8256 4
8257 4
8258 2
8259 1
8260 1
8261 1
8262 1
8263 1
8264 2
8265 2
8266 3
8267 1
8268 2
8269 2
8270 1
8271 1
8272 1
8273 2
8275 3
8277 3
8279 1
8280 3
8281 2
8282 1
8283 1
8284 1
8285 1
8286 3
8287 2
8289 1
8291 3
8292 5
8293 2
8294 1
8295 1
8296 1
8297 2
8298 2
8299 1
8300 1
8301 2
8302 2
8303 1
8304 1
8305 1
8306 1
8307 1
8309 1
8310 1
8311 1
8312 1
8314 2
8317 1
8319 2
8320 1
8321 1
8322 1
8323 1
8325 2
8326 3
8329 2
8331 1
8332 2
8334 3
8335 6
8337 2
8338 5
8339 1
8340 2
8342 3
8343 1
8344 3
8346 4
8347 2
8348 1
8349 3
8350 3
8351 1
8352 5
8353 4
8354 3
8355 3
8356 1
8357 1
8358 3
8359 1
8360 1
8361 1
8362 1
8363 3
8364 1
8365 2
8366 2
8367 2
8368 2
8369 1
8371 1
8372 2
8373 2
8375 1
8376 1
8378 2
8381 1
8382 2
8383 2
8384 4
8386 3
8388 2
8389 1
8390 1
8391 1
8392 2
8393 2
8394 1
8395 1
8397 2
8398 1
8399 1
8400 2
8401 3
8402 2
8404 2
8405 3
8407 2
8408 2
8409 1
8412 2
8413 1
8415 1
8416 1
8417 1
8419 2
8420 3
8421 4
8422 1
8423 1
8426 3
8428 1
8429 3
8431 2
8433 2
8435 1
8436 1
8437 1
8439 2
8440 2
8441 6
8442 2
8443 1
8444 3
8445 2
8446 1
8448 1
8449 3
8450 2
8451 3
8452 1
8453 1
8454 1
8455 2
8458 1
8459 1
8460 3
8461 1
8463 1
8464 1
8466 1
8467 2
8468 5
8469 1
8470 2
8471 1
8472 2
8473 1
8474 3
8475 1
8476 1
8477 1
8478 1
8479 1
8480 2
8482 4
8483 2
8484 2
8485 1
8488 3
8489 2
8490 3
8491 1
8492 2
8493 1
8495 1
8496 2
8497 1
8499 1
8500 2
8501 3
8502 1
8503 2
8504 5
8505 2
8506 2
8507 2
8508 2
8509 2
8511 1
8513 1
8514 2
8515 1
8516 4
8517 3
8518 2
8523 1
8525 3
8526 4
8527 2
8529 3
8530 1
8532 1
8533 2
8534 3
8535 5
8536 3
8537 1
8538 1
8540 1
8541 2
8542 1
8543 2
8544 3
8545 2
8546 1
8547 2
8548 1
8549 3
8550 3
8552 2
8555 1
8556 1
8557 3
8558 1
8560 1
8561 4
8562 3
8563 3
8564 2
8567 1
8568 1
8569 1
8570 4
8571 3
8572 3
8573 1
8575 2
8577 2
8578 1
8579 1
8580 3
8581 1
8582 2
8583 2
8584 2
8585 1
8586 1
8587 4
8589 1
8590 3
8591 1
8592 1
8593 1
8595 2
8596 3
8597 4
8599 1
8601 2
8603 2
8604 1
8605 2
8606 2
8607 2
8611 1
8612 2
8613 3
8614 3
8615 1
8616 2
8617 3
8619 2
8620 3
8621 2
8623 1
8624 1
8625 1
8630 2
8631 2
8632 2
8633 1
8634 3
8635 1
8636 5
8638 1
8639 1
8640 2
8641 1
8642 1
8643 1
8644 2
8645 4
8647 1
8649 3
8651 1
8652 1
8655 3
8656 1
8657 3
8660 2
8661 4
8662 1
8663 3
8664 2
8665 2
8666 3
8667 3
8668 1
8669 3
8671 1
8672 4
8673 3
8674 2
8675 2
8677 4
8679 1
8682 1
8683 3
8684 2
8685 2
8686 3
8687 3
8689 1
8690 3
8691 2
8692 1
8693 6
8696 2
8698 2
8700 2
8701 1
8702 1
8704 3
8705 1
8706 2
8707 2
8709 2
8710 2
8711 2
8712 1
8714 1
8715 1
8716 1
8718 2
8720 2
8721 2
8722 2
8723 2
8725 1
8726 1
8727 2
8728 1
8729 2
8730 2
8732 2
8733 1
8734 1
8735 3
8736 2
8737 2
8738 2
8739 2
8740 1
8742 3
8743 1
8744 2
8745 3
8748 1
8749 3
8750 3
8752 2
8753 3
8755 2
8756 1
8757 1
8758 4
8760 2
8761 3
8762 2
8763 2
8764 1
8765 3
8766 2
8767 1
8768 3
8769 3
8772 1
8774 2
8775 2
8776 2
8777 2
8778 2
8780 2
8782 2
8785 2
8786 1
8787 1
8788 1
8791 1
8792 1
8793 3
8795 4
8797 3
8798 3
8800 2
8804 2
8805 2
8806 2
8807 2
8808 2
8809 1
8810 1
8811 1
8812 1
8813 3
8814 2
8815 1
8816 2
8817 1
8819 2
8820 3
8821 2
8822 1
8824 3
8825 1
8826 3
8827 3
8828 1
8829 2
8830 2
8831 1
8832 3
8833 1
8834 1
8835 3
8839 3
8840 2
8843 3
8844 2
8845 3
8847 1
8848 1
8849 2
8850 1
8851 1
8852 1
8855 2
8856 2
8859 5
8860 3
8861 1
8862 1
8863 2
8867 1
8868 3
8869 1
8870 1
8871 2
8872 1
8874 1
8875 1
8876 3
8877 2
8878 2
8879 4
8880 1
8881 1
8882 2
8883 2
8884 1
8885 4
8886 4
8887 1
8888 2
8889 3
8890 2
8891 4
8892 1
8893 3
8895 1
8896 1
8897 2
8899 3
8901 2
8902 1
8903 1
8905 1
8907 1
8908 2
8909 2
8910 1
8911 1
8912 2
8914 3
8916 3
8918 1
8919 4
8920 3
8921 2
8922 1
8924 1
8925 1
8926 5
8927 1
8929 3
8930 2
8931 1
8933 1
8934 2
8936 2
8937 1
8938 2
8939 1
8940 2
8941 2
8942 2
8943 2
8947 1
8948 1
8949 1
8952 1
8953 2
8955 1
8956 1
8957 1
8958 2
8959 1
8960 2
8962 2
8963 1
8964 1
8966 1
8967 1
8968 1
8969 8
8970 1
8971 3
8972 1
8973 2
8974 1
8979 2
8980 1
8982 3
8983 1
8984 1
8985 1
8986 1
8987 3
8988 1
8989 6
8990 1
8991 1
8992 3
8993 1
8994 2
8995 1
8996 3
8997 4
8998 4
9001 2
9002 3
9003 1
9005 1
9006 1
9008 2
9009 2
9010 3
9011 1
9012 4
9013 1
9014 2
9015 1
9016 3
9017 3
9019 1
9020 1
9021 1
9022 1
9023 2
9025 2
9026 3
9027 2
9028 1
9030 1
9031 2
9032 4
9033 2
9034 1
9035 1
9036 3
9037 1
9038 2
9040 2
9042 1
9043 4
9044 1
9046 3
9047 1
9048 1
9049 1
9051 1
9053 1
9055 1
9056 2
9057 2
9060 1
9061 5
9062 3
9063 1
9064 1
9065 2
9066 1
9067 2
9068 1
9069 4
9070 4
9071 3
9072 1
9073 1
9074 2
9076 3
9077 1
9078 2
9083 2
9085 2
9086 1
9088 1
9089 3
9090 2
9092 2
9093 2
9094 2
9095 2
9096 1
9097 3
9100 1
9102 1
9103 2
9104 1
9105 4
9106 3
9107 1
9108 1
9109 1
9110 2
9111 5
9112 1
9113 1
9115 2
9116 3
9118 3
9120 2
9121 1
9122 3
9123 2
9124 1
9125 1
9127 1
9128 1
9129 1
9130 1
9131 1
9132 3
9135 1
9136 1
9137 1
9139 2
9140 1
9141 1
9142 1
9143 2
9144 2
9146 3
9147 4
9148 1
9150 1
9151 4
9153 2
9154 3
9155 3
9157 5
9158 1
9159 1
9160 3
9161 4
9162 1
9164 4
9165 1
9166 1
9167 1
9168 1
9169 4
9171 1
9172 2
9173 2
9174 1
9175 1
9177 3
9178 1
9179 2
9180 2
9181 3
9184 3
9185 1
9186 5
9187 2
9188 1
9189 2
9190 2
9192 2
9193 3
9194 2
9195 1
9198 3
9199 1
9200 5
9201 3
9203 1
9204 3
9205 1
9206 3
9207 2
9208 2
9209 1
9211 2
9212 3
9213 2
9214 1
9215 1
9217 1
9218 5
9219 3
9221 2
9222 2
9224 3
9225 2
9227 1
9228 1
9229 2
9230 1
9231 2
9233 1
9234 2
9235 3
9236 4
9237 1
9239 4
9240 2
9241 1
9243 2
9244 4
9245 3
9246 2
9247 3
9248 3
9249 4
9250 2
9251 2
9252 2
9253 2
9255 1
9257 1
9258 1
9259 2
9260 1
9261 1
9263 1
9264 2
9266 3
9267 3
9268 5
9269 1
9270 1
9271 1
9272 2
9273 1
9275 1
9276 2
9277 1
9278 2
9279 1
9280 2
9281 1
9282 2
9283 1
9284 2
9286 4
9287 3
9290 1
9292 1
9293 3
9294 2
9295 1
9296 5
9297 1
9298 2
9299 1
9300 1
9301 2
9302 1
9303 1
9304 2
9305 1
9306 1
9307 2
9309 3
9311 3
9312 1
9313 1
9315 3
9316 2
9317 1
9318 4
9319 4
9320 2
9321 2
9322 2
9323 3
9324 1
9325 2
9326 1
9327 1
9328 2
9330 1
9331 1
9332 2
9333 2
9334 1
9336 2
9337 2
9338 1
9340 2
9342 2
9343 2
9344 2
9345 2
9346 1
9347 1
9348 3
9349 3
9350 1
9351 3
9352 2
9353 3
9354 3
9356 2
9357 2
9358 2
9359 2
9360 1
9362 1
9363 1
9365 1
9366 2
9369 1
9370 3
9371 1
9372 3
9374 1
9375 3
9376 1
9377 1
9378 1
9379 1
9381 1
9384 4
9385 1
9387 2
9390 2
9391 4
9392 1
9393 2
9395 6
9396 1
9398 3
9399 1
9400 1
9402 1
9403 2
9405 2
9406 1
9407 3
9408 1
9409 1
9411 2
9412 2
9413 1
9414 3
9415 1
9417 1
9420 3
9421 1
9423 2
9424 1
9425 1
9426 1
9427 3
9428 1
9432 1
9433 1
9436 2
9437 6
9438 2
9439 2
9440 1
9441 2
9442 3
9443 1
9444 1
9445 3
9447 2
9448 1
9449 3
9450 1
9451 3
9452 2
9454 1
9455 1
9458 1
9459 1
9460 2
9461 2
9462 1
9463 3
9465 1
9467 2
9468 1
9469 2
9470 2
9471 3
9472 3
9474 2
9475 3
9476 3
9477 2
9478 2
9479 1
9480 2
9481 1
9482 2
9483 2
9484 3
9485 2
9486 4
9487 1
9488 2
9489 1
9490 1
9491 1
9492 2
9493 4
9494 1
9495 1
9496 3
9497 1
9498 1
9499 1
9500 1
9501 1
9502 1
9503 1
9504 2
9505 1
9508 1
9509 2
9510 2
9512 2
9514 3
9515 1
9516 1
9518 3
9519 1
9520 3
9521 2
9522 1
9523 2
9524 1
9525 1
9526 1
9528 1
9529 2
9530 2
9531 4
9532 3
9533 1
9535 3
9536 1
9537 2
9540 2
9543 2
9544 2
9545 1
9546 1
9547 1
9549 1
9550 2
9551 2
9552 2
9553 2
9554 1
9555 2
9556 1
9557 1
9558 1
9559 2
9560 4
9561 1
9562 1
9564 1
9566 4
9567 1
9569 1
9570 1
9571 2
9572 2
9574 3
9575 1
9576 3
9577 1
9578 1
9579 3
9580 1
9581 1
9582 2
9583 2
9584 3
9585 2
9586 3
9587 1
9588 3
9589 2
9590 1
9591 1
9592 6
9593 2
9594 1
9596 4
9597 2
9598 2
9599 2
9600 2
9601 3
9602 3
9603 1
9605 1
9606 2
9607 2
9608 2
9609 1
9610 2
9611 1
9612 3
9613 5
9614 1
9615 2
9617 3
9618 1
9619 1
9623 2
9624 3
9625 4
9626 2
9627 1
9628 3
9630 1
9631 2
9633 3
9635 2
9636 1
9637 1
9638 1
9640 1
9641 1
9642 4
9643 1
9647 2
9648 1
9649 1
9650 3
9652 2
9653 3
9654 2
9655 2
9657 3
9658 3
9659 1
9662 3
9663 1
9664 1
9665 2
9666 1
9667 1
9668 1
9669 2
9670 1
9671 1
9672 1
9673 1
9674 2
9675 1
9676 1
9677 1
9679 2
9680 2
9681 1
9682 3
9683 5
9684 1
9685 3
9686 3
9687 1
9688 4
9690 2
9691 3
9692 1
9693 2
9694 1
9696 3
9697 1
9698 2
9699 2
9700 1
9701 3
9702 3
9703 1
9704 1
9705 1
9707 1
9708 1
9709 2
9710 2
9711 1
9712 1
9713 1
9714 1
9715 1
9716 2
9717 1
9719 2
9720 1
9721 2
9723 1
9724 4
9725 2
9726 2
9728 2
9730 1
9732 1
9733 2
9734 2
9735 2
9736 2
9737 1
9740 1
9741 1
9743 3
9745 1
9746 1
9747 4
9748 2
9749 2
9750 2
9752 2
9753 1
9754 1
9755 1
9756 1
9757 1
9758 1
9759 2
9760 1
9761 2
9762 1
9763 1
9765 1
9766 2
9767 1
9768 1
9769 1
9770 2
9772 1
9773 1
9775 1
9776 1
9777 1
9780 2
9782 3
9783 2
9784 1
9785 1
9788 1
9790 2
9791 5
9794 1
9795 2
9798 1
9799 1
9800 1
9801 2
9803 2
9804 2
9805 1
9807 2
9808 1
9809 1
9810 1
9811 5
9812 1
9813 4
9815 1
9816 1
9818 4
9819 3
9820 2
9821 2
9822 4
9823 1
9825 3
9827 1
9828 2
9830 1
9832 2
9833 1
9834 4
9835 3
9836 2
9837 1
9838 3
9839 1
9840 3
9841 2
9842 2
9845 1
9846 2
9847 1
9848 2
9849 1
9850 4
9851 2
9854 1
9855 2
9857 2
9858 2
9859 4
9861 1
9862 1
9863 2
9864 4
9866 2
9867 1
9869 2
9871 1
9873 1
9874 3
9875 1
9876 1
9877 1
9878 1
9879 2
9880 2
9881 3
9882 4
9885 1
9886 1
9888 2
9889 1
9890 2
9891 1
9892 2
9893 2
9894 2
9896 1
9897 1
9898 1
9899 2
9900 1
9901 2
9902 1
9903 2
9904 1
9906 1
9907 2
9908 2
9909 2
9911 4
9913 2
9914 3
9915 1
9916 2
9917 3
9918 1
9919 1
9920 2
9921 2
9922 2
9923 3
9924 2
9925 1
9926 1
9928 2
9929 1
9932 2
9934 2
9935 1
9936 2
9937 2
9938 1
9939 2
9942 2
9944 1
9945 2
9946 2
9947 2
9948 2
9950 2
9952 4
9953 1
9955 3
9956 4
9957 1
9958 2
9959 2
9961 1
9964 1
9965 1
9967 1
9968 6
9969 1
9971 5
9972 2
9973 1
9974 1
9975 1
9976 1
9977 2
9978 1
9979 1
9980 3
9981 3
9982 1
9983 1
9985 4
9986 2
9987 1
9988 1
9989 2
9990 2
9991 1
9992 4
9993 2
9995 3
9996 1
9997 1
9999 2
10001 2
10002 3
10003 1
10004 2
10005 3
10006 2
10008 1
10009 1
10010 1
10011 1
10012 4
10013 3
10014 3
10016 1
10017 1
10018 2
10020 1
10021 2
10022 2
10023 2
10025 1
10028 1
10029 2
10031 1
10032 3
10033 2
10034 4
10035 4
10036 2
10037 1
10040 3
10041 4
10043 1
10044 2
10045 4
10046 1
10048 1
10049 3
10050 2
10052 1
10053 2
10054 1
10055 1
10056 4
10057 1
10059 1
10062 1
10063 1
10065 1
10066 2
10067 2
10068 1
10069 1
10070 1
10072 2
10073 1
10074 1
10075 1
10076 2
10077 1
10078 3
10079 1
10080 1
10083 2
10084 1
10087 3
10088 2
10089 1
10091 2
10092 2
10093 2
10095 1
10097 2
10099 3
10100 1
10101 2
10102 1
10104 2
10107 5
10108 1
10109 2
10110 1
10112 4
10113 1
10115 4
10116 1
10117 1
10118 3
10119 2
10122 2
10123 1
10124 3
10125 3
10126 1
10129 3
10130 4
10132 2
10133 2
10136 2
10137 2
10138 2
10139 2
10141 1
10142 3
10143 1
10146 1
10148 2
10150 2
10151 1
10153 3
10154 1
10155 1
10156 3
10158 1
10159 1
10160 1
10162 2
10163 2
10164 3
10165 3
10167 2
10169 2
10170 1
10171 1
10172 1
10174 2
10176 2
10177 2
10179 1
10180 1
10181 3
10182 3
10183 2
10184 2
10188 1
10189 1
10191 1
10193 2
10194 1
10196 3
10197 1
10198 2
10199 2
10200 1
10201 1
10202 1
10203 3
10209 1
10210 2
10211 1
10212 1
10214 1
10215 1
10216 1
10217 3
10218 1
10219 1
10221 1
10222 3
10223 1
10225 1
10226 2
10227 2
10228 1
10229 1
10231 1
10232 4
10234 1
10236 1
10237 3
10238 1
10239 1
10240 3
10241 3
10242 2
10243 1
10244 4
10245 1
10246 1
10247 2
10248 1
10249 2
10251 1
10252 1
10255 2
10256 1
10257 3
10259 1
10260 2
10262 1
10263 1
10265 2
10267 1
10270 3
10271 1
10272 1
10273 1
10274 1
10275 1
10276 1
10277 3
10278 1
10279 4
10280 1
10281 5
10282 1
10283 2
10284 1
10285 1
10286 2
10288 1
10289 2
10290 1
10291 4
10292 1
10293 3
10295 1
10296 2
10299 5
10301 1
10302 2
10303 2
10304 1
10305 1
10307 2
10308 2
10310 2
10311 2
10312 2
10313 2
10314 2
10315 1
10316 1
10317 1
10321 2
10322 2
10324 2
10325 1
10326 2
10328 1
10329 2
10330 4
10331 2
10333 2
10336 2
10337 1
10338 1
10339 1
10342 1
10343 2
10344 1
10345 1
10346 1
10348 2
10351 2
10353 1
10354 2
10355 1
10357 5
10358 1
10359 2
10361 1
10365 1
10366 3
10367 2
10368 1
10370 1
10371 1
10372 2
10374 1
10377 1
10380 2
10381 1
10382 1
10384 2
10385 1
10386 3
10390 1
10391 1
10393 1
10396 2
10399 2
10400 1
10401 1
10402 1
10403 1
10404 1
10405 2
10406 1
10408 2
10409 1
10410 1
10411 1
10412 1
10416 3
10417 1
10419 2
10421 1
10422 2
10424 4
10425 1
10427 1
10428 1
10430 3
10431 1
10432 4
10433 1
10434 2
10435 3
10436 2
10437 1
10438 1
10439 2
10440 3
10442 1
10443 1
10444 1
10448 1
10449 2
10450 3
10451 1
10454 1
10455 2
10456 1
10457 2
10460 1
10461 1
10464 1
10465 2
10466 2
10467 3
10469 2
10470 1
10471 2
10472 1
10473 2
10474 3
10475 1
10477 2
10478 2
10479 2
10480 1
10481 1
10482 2
10483 4
10484 2
10486 2
10487 1
10488 2
10489 1
10490 1
10493 1
10494 2
10495 4
10497 2
10499 2
10500 2
10501 1
10502 1
10506 2
10507 1
10509 2
10510 2
10511 4
10512 2
10514 1
10515 2
10516 2
10519 1
10523 2
10525 3
10526 2
10527 1
10528 1
10529 2
10530 3
10531 2
10534 1
10536 7
10537 1
10538 1
10540 3
10541 2
10542 2
10543 1
10544 1
10546 1
10548 1
10550 1
10551 1
10553 2
10554 1
10555 1
10556 2
10558 2
10559 1
10560 1
10561 1
10564 2
10565 2
10566 2
10567 1
10569 1
10571 2
10572 2
10573 1
10574 4
10575 2
10576 1
10578 2
10579 1
10584 2
10585 2
10587 2
10589 3
10591 2
10592 2
10593 3
10594 2
10595 1
10596 1
10597 3
10598 1
10599 2
10600 2
10601 1
10602 2
10603 1
10604 2
10609 2
10611 2
10613 1
10614 2
10616 1
10617 1
10618 1
10619 1
10620 1
10621 1
10622 2
10623 1
10624 1
10626 3
10627 1
10628 2
10629 1
10630 3
10631 2
10632 1
10635 3
10636 1
10638 1
10640 1
10641 1
10642 2
10643 1
10644 2
10646 1
10648 3
10649 1
10651 2
10652 1
10653 3
10654 1
10655 1
10658 1
10660 2
10661 1
10662 2
10663 2
10664 2
10665 2
10666 2
10670 2
10672 2
10675 1
10676 3
10677 1
10678 2
10679 2
10680 2
10681 1
10682 3
10684 1
10685 4
10686 2
10688 2
10689 1
10692 1
10695 1
10696 1
10697 4
10698 1
10701 3
10702 3
10703 1
10704 1
10706 2
10707 1
10708 1
10709 1
10710 1
10711 1
10713 4
10714 5
10715 1
10716 1
10717 2
10718 1
10719 1
10720 2
10723 2
10725 1
10728 1
10730 2
10731 2
10733 1
10734 2
10736 1
10737 1
10740 3
10741 1
10745 1
10746 1
10747 2
10748 2
10749 1
10750 4
10751 1
10752 1
10754 1
10757 1
10759 4
10760 1
10761 1
10762 1
10763 1
10764 1
10766 2
10768 2
10769 1
10770 4
10771 1
10772 1
10773 1
10774 1
10775 2
10777 1
10779 3
10781 2
10782 1
10783 2
10786 2
10787 2
10788 2
10789 1
10790 3
10791 2
10792 1
10793 1
10795 2
10797 3
10800 2
10802 1
10805 3
10810 3
10811 1
10813 2
10814 2
10816 2
10817 2
10818 3
10822 1
10823 1
10824 2
10826 1
10828 1
10829 2
10830 1
10832 1
10835 4
10837 2
10838 3
10839 2
10840 1
10844 2
10845 1
10847 1
10848 1
10849 1
10850 1
10852 2
10853 1
10854 1
10855 3
10856 1
10857 2
10859 1
10861 1
10862 1
10865 2
10866 1
10867 1
10869 1
10871 1
10873 1
10874 2
10876 1
10877 1
10878 4
10882 4
10885 1
10886 2
10887 3
10889 1
10890 1
10892 2
10894 3
10898 2
10899 3
10901 1
10902 1
10904 2
10906 1
10907 1
10908 3
10910 1
10911 1
10912 3
10913 1
10915 1
10916 1
10919 1
10920 1
10921 3
10923 1
10924 1
10925 3
10928 3
10929 2
10930 1
10932 2
10933 1
10934 3
10936 2
10938 1
10939 1
10943 1
10946 1
10947 1
10948 2
10949 2
10950 2
10952 1
10953 2
10956 3
10958 1
10959 1
10960 2
10961 1
10962 1
10963 2
10964 2
10966 1
10967 2
10968 2
10969 3
10970 1
10971 3
10973 4
10974 1
10975 1
10976 1
10977 3
10979 3
10980 3
10981 2
10982 1
10983 2
10987 1
10990 1
10991 1
10992 1
10994 2
10995 1
10996 1
10997 3
10999 1
11001 1
11002 1
11004 1
11005 1
11007 4
11009 2
11012 1
11013 1
11014 1
11015 1
11016 3
11017 1
11019 1
11020 2
11021 1
11022 1
11023 2
11024 1
11025 1
11027 2
11028 1
11032 2
11033 2
11034 1
11035 1
11036 2
11038 1
11039 1
11040 2
11041 2
11042 1
11045 2
11046 3
11047 2
11048 1
11049 1
11051 2
11052 3
11053 1
11054 1
11056 1
11057 1
11062 1
11064 1
11065 1
11066 2
11068 3
11070 2
11071 1
11072 2
11075 1
11078 1
11079 1
11081 2
11082 1
11083 2
11085 1
11088 1
11089 1
11092 1
11093 1
11094 2
11095 1
11096 3
11098 1
11100 1
11101 2
11102 1
11103 4
11106 2
11108 1
11110 1
11113 1
11114 1
11115 1
11117 3
11118 2
11119 3
11121 1
11122 1
11126 1
11129 2
11130 2
11131 1
11132 3
11134 1
11136 1
11139 1
11144 1
11146 2
11148 1
11150 1
11151 2
11152 3
11155 2
11160 2
11161 2
11163 1
11165 1
11166 3
11167 1
11168 2
11169 1
11173 2
11174 1
11175 2
11177 1
11178 2
11179 2
11182 1
11184 2
11185 2
11187 1
11188 1
11189 1
11193 2
11194 2
11195 1
11198 1
11199 1
11200 1
11201 1
11204 3
11209 1
11210 1
11211 1
11212 2
11214 2
11215 2
11217 2
11218 2
11219 3
11220 2
11221 1
11224 2
11225 1
11226 2
11227 1
11229 1
11232 2
11234 1
11236 1
11237 2
11238 3
11240 4
11243 1
11244 2
11247 1
11248 2
11249 1
11250 3
11251 2
11253 3
11254 1
11255 1
11256 1
11257 1
11258 2
11260 3
11263 1
11264 1
11265 1
11266 1
11276 3
11277 1
11278 1
11280 1
11282 1
11283 3
11284 1
11285 2
11287 3
11288 1
11291 1
11293 3
11294 1
11296 1
11297 1
11299 1
11300 2
11302 2
11304 3
11305 2
11307 2
11308 3
11310 1
11313 1
11314 1
11315 2
11316 1
11317 3
11319 1
11320 2
11322 2
11324 3
11325 1
11326 1
11330 1
11332 1
11333 1
11335 3
11336 2
11337 2
11338 2
11340 1
11341 1
11344 1
11346 3
11349 2
11350 1
11351 1
11352 1
11353 1
11356 2
11358 1
11360 1
11361 1
11365 1
11368 1
11369 2
11370 1
11371 1
11373 2
11375 2
11378 2
11379 1
11380 1
11381 1
11382 1
11384 1
11385 1
11386 1
11387 1
11388 1
11392 1
11394 1
11397 1
11399 1
11401 3
11403 2
11405 1
11407 2
11408 1
11410 1
11412 3
11413 2
11415 1
11417 1
11418 3
11419 2
11421 3
11423 2
11424 2
11425 1
11427 2
11428 1
11429 2
11430 1
11434 2
11437 1
11439 1
11443 1
11446 2
11447 2
11450 1
11451 1
11452 3
11453 1
11454 1
11457 1
11460 1
11462 2
11464 1
11465 3
11466 2
11468 3
11469 1
11472 1
11473 1
11474 1
11477 3
11480 1
11481 2
11484 1
11486 1
11489 1
11490 1
11491 2
11493 1
11495 2
11497 1
11499 1
11501 2
11502 2
11503 1
11505 2
11508 1
11509 1
11510 3
11511 2
11513 1
11515 1
11516 1
11519 1
11520 1
11521 1
11522 1
11525 1
11526 1
11530 1
11532 1
11535 1
11536 3
11540 1
11541 2
11542 1
11543 1
11544 2
11545 1
11549 1
11550 1
11551 2
11554 2
11557 1
11558 2
11559 3
11562 1
11565 1
11566 3
11567 2
11568 2
11569 3
11572 1
11573 1
11574 2
11575 1
11577 1
11578 1
11579 1
11580 1
11581 1
11582 2
11583 1
11584 1
11585 1
11586 1
11587 2
11589 1
11592 2
11595 2
11596 1
11599 1
11604 1
11605 1
11606 3
11607 1
11608 1
11610 1
11611 2
11612 3
11615 1
11617 1
11618 1
11619 1
11621 1
11622 1
11624 1
11625 1
11626 3
11628 4
11632 1
11635 2
11642 1
11646 2
11648 2
11653 1
11656 1
11659 2
11660 1
11663 1
11664 1
11665 1
11666 1
11667 3
11668 1
11669 3
11670 1
11671 2
11673 1
11677 1
11680 1
11682 1
11685 3
11686 3
11687 2
11689 1
11690 1
11691 1
11692 1
11695 1
11698 2
11699 1
11701 1
11702 1
11704 1
11705 1
11707 1
11708 2
11709 3
11710 1
11711 1
11715 1
11721 1
11722 1
11723 2
11724 1
11725 1
11726 2
11727 2
11729 1
11731 2
11735 1
11736 2
11740 3
11741 5
11743 1
11744 1
11745 1
11746 1
11748 1
11749 1
11750 1
11752 2
11753 3
11754 1
11755 1
11756 1
11757 1
11758 1
11759 1
11760 2
11761 1
11762 4
11766 1
11767 1
11768 1
11769 2
11772 3
11773 1
11774 1
11776 3
11777 1
11778 1
11779 1
11782 2
11785 2
11787 2
11790 2
11791 2
11792 1
11794 1
11795 2
11796 2
11798 1
11799 1
11800 1
11802 1
11804 1
11805 2
11807 1
11809 1
11812 1
11816 1
11818 1
11820 1
11821 1
11823 1
11824 1
11830 1
11831 2
11832 1
11833 1
11835 3
11836 2
11841 1
11842 1
11843 3
11844 1
11849 1
11853 2
11854 2
11855 4
11856 2
11861 2
11862 1
11863 1
11864 1
11871 1
11872 1
11874 2
11878 1
11879 1
11881 1
11884 1
11885 1
11889 1
11890 2
11891 2
11893 3
11895 3
11896 3
11897 1
11898 3
11899 1
11900 2
11903 3
11905 1
11907 2
11910 2
11911 1
11912 2
11917 2
11920 1
11922 1
11924 1
11927 2
11928 2
11930 2
11933 2
11934 2
11936 1
11937 1
11939 1
11941 1
11944 1
11945 4
11946 1
11947 1
11949 1
11951 1
11953 1
11954 1
11955 1
11959 1
11967 3
11968 2
11971 1
11974 1
11975 1
11977 3
11978 1
11983 3
11984 1
11985 2
11986 1
11987 1
11988 1
11989 1
11990 1
11993 1
11994 1
11995 2
11996 2
11999 1
12003 1
12004 2
12005 2
12006 1
12009 1
12011 3
12012 1
12013 2
12014 1
12015 1
12017 1
12018 1
12019 2
12020 2
12023 1
12024 1
12025 1
12028 1
12031 2
12033 2
12036 1
12037 1
12038 1
12040 1
12041 1
12045 2
12053 2
12054 2
12055 1
12056 1
12057 1
12059 1
12060 2
12061 1
12064 1
12065 1
12066 1
12070 1
12071 2
12072 1
12073 1
12074 1
12077 1
12078 2
12080 1
12082 1
12083 1
12084 1
12086 1
12087 1
12090 1
12095 1
12100 1
12101 1
12103 1
12104 1
12106 2
12108 3
12110 2
12113 2
12115 1
12116 1
12118 1
12122 1
12123 3
12124 1
12125 1
12126 1
12127 1
12129 1
12133 1
12134 1
12135 1
12138 1
12140 2
12141 1
12142 1
12143 1
12145 1
12152 2
12154 1
12156 2
12157 1
12159 1
12161 2
12164 1
12166 1
12167 1
12168 1
12169 2
12170 1
12173 1
12175 1
12179 1
12180 1
12181 3
12182 1
12186 2
12187 1
12188 1
12190 2
12191 1
12195 1
12196 2
12197 1
12198 1
12200 1
12203 1
12207 1
12208 3
12214 1
12215 1
12216 2
12218 1
12219 1
12221 1
12222 1
12223 3
12225 1
12226 1
12227 2
12229 1
12230 1
12234 2
12237 1
12238 3
12239 1
12241 2
12245 1
12246 1
12247 1
12249 1
12250 1
12251 1
12252 1
12253 1
12259 4
12262 4
12264 2
12265 1
12266 1
12267 2
12269 1
12270 1
12272 1
12273 1
12274 2
12275 1
12276 2
12277 1
12279 2
12281 2
12285 1
12286 2
12288 2
12289 2
12290 2
12291 1
12294 1
12295 1
12297 1
12299 1
12300 1
12301 1
12302 1
12303 1
12308 1
12310 2
12311 1
12312 1
12313 1
12316 1
12318 2
12320 1
12323 1
12334 2
12336 2
12337 1
12342 1
12345 2
12348 1
12349 2
12350 1
12354 1
12360 1
12364 1
12368 1
12369 1
12370 2
12375 1
12377 1
12378 4
12379 1
12380 2
12381 2
12383 1
12386 1
12388 2
12390 1
12391 1
12396 1
12401 1
12402 1
12404 2
12406 1
12407 3
12409 1
12410 1
12413 1
12414 2
12415 1
12416 1
12417 3
12418 1
12419 1
12423 3
12427 1
12428 1
12430 3
12433 2
12434 1
12436 1
12438 2
12441 1
12443 1
12444 2
12445 1
12447 1
12448 1
12449 1
12452 2
12456 1
12463 1
12467 1
12471 1
12473 1
12475 2
12476 1
12477 1
12478 1
12479 1
12484 2
12485 3
12486 1
12491 1
12494 1
12495 2
12498 1
12501 1
12505 1
12506 1
12508 1
12509 1
12514 1
12519 3
12520 1
12522 1
12523 1
12525 1
12526 1
12527 2
12529 1
12532 1
12533 3
12535 1
12536 2
12539 1
12540 3
12541 1
12543 2
12544 1
12545 1
12546 1
12547 3
12548 1
12550 1
12552 1
12555 1
12556 2
12557 1
12558 1
12559 1
12561 2
12567 1
12568 1
12570 2
12574 1
12576 1
12577 1
12580 1
12582 1
12583 2
12587 1
12592 2
12593 1
12595 1
12596 1
12597 1
12598 2
12602 2
12605 1
12606 1
12608 1
12609 1
12613 1
12614 1
12615 1
12620 2
12621 1
12626 1
12630 1
12632 2
12634 1
12636 2
12637 3
12638 1
12639 2
12640 1
12641 1
12645 1
12655 2
12659 1
12660 3
12661 1
12662 1
12663 1
12664 1
12667 4
12668 1
12669 1
12671 1
12673 1
12674 1
12675 1
12676 1
12679 1
12680 1
12681 1
12682 1
12686 1
12688 1
12689 2
12693 1
12694 2
12695 2
12697 1
12699 1
12700 1
12703 1
12705 2
12708 1
12709 1
12710 1
12712 1
12713 1
12715 2
12718 1
12719 1
12721 3
12723 2
12726 2
12727 2
12729 2
12731 2
12732 1
12737 2
12740 1
12741 1
12742 1
12744 1
12745 2
12749 2
12750 1
12752 2
12756 1
12757 2
12758 3
12759 1
12762 1
12764 1
12768 1
12769 1
12771 1
12773 1
12775 1
12777 1
12778 1
12779 1
12780 1
12782 1
12783 2
12784 1
12787 1
12790 1
12791 2
12792 1
12794 1
12795 1
12796 1
12797 1
12801 1
12813 1
12814 1
12815 2
12817 3
12818 2
12820 1
12821 1
12822 1
12823 1
12824 2
12825 1
12827 1
12828 2
12829 1
12832 1
12834 1
12836 1
12837 2
12840 2
12843 2
12844 1
12845 2
12847 1
12850 1
12851 1
12852 1
12856 1
12859 1
12862 2
12863 1
12866 1
12867 1
12869 1
12872 2
12874 2
12877 1
12879 2
12880 2
12883 2
12884 3
12895 2
12896 2
12898 1
12899 1
12900 1
12902 1
12905 1
12906 1
12913 1
12914 1
12915 1
12916 1
12920 1
12922 2
12926 1
12927 2
12928 1
12931 3
12933 2
12934 3
12939 1
12940 1
12943 1
12945 1
12946 1
12950 2
12954 1
12960 1
12962 1
12965 1
12967 2
12968 2
12969 1
12974 2
12975 1
12978 1
12984 1
12985 2
12987 1
12989 1
12990 1
12991 1
12993 1
12995 2
12996 1
12998 1
13001 1
13004 1
13007 1
13011 1
13013 1
13014 1
13016 4
13019 2
13021 1
13023 1
13024 2
13025 1
13026 1
13027 3
13028 2
13031 1
13032 1
13043 1
13045 1
13047 1
13048 1
13049 1
13051 1
13053 2
13057 2
13058 1
13061 1
13065 2
13071 2
13073 2
13075 1
13078 3
13081 2
13082 2
13083 1
13087 1
13090 1
13101 1
13102 1
13104 1
13105 1
13107 2
13109 1
13113 2
13114 1
13115 1
13121 2
13124 1
13127 1
13129 1
13131 1
13132 1
13136 1
13140 1
13143 1
13145 1
13148 1
13151 2
13153 1
13154 1
13155 1
13163 2
13164 1
13165 1
13169 1
13172 1
13173 1
13175 2
13178 1
13181 1
13182 1
13185 1
13186 1
13190 2
13191 2
13196 1
13198 1
13207 1
13209 3
13210 1
13211 3
13216 1
13219 2
13222 1
13225 2
13226 1
13230 1
13233 1
13238 1
13239 1
13241 1
13244 1
13246 3
13251 1
13253 1
13256 1
13261 1
13264 1
13269 1
13270 1
13273 2
13278 1
13283 2
13284 1
13286 1
13287 1
13291 1
13294 3
13295 4
13301 1
13304 1
13305 1
13306 1
13311 1
13312 1
13313 1
13315 1
13320 1
13324 1
13327 1
13328 1
13331 1
13334 1
13335 1
13336 1
13341 2
13342 2
13343 3
13345 3
13346 1
13348 2
13349 1
13351 1
13353 1
13356 1
13358 1
13359 1
13362 1
13367 1
13370 1
13374 1
13376 2
13385 2
13387 1
13388 2
13390 1
13391 2
13392 1
13398 1
13399 2
13401 1
13402 1
13407 1
13410 1
13411 1
13412 1
13416 1
13417 1
13418 1
13421 1
13422 1
13426 1
13427 1
13429 1
13433 1
13437 2
13439 1
13440 1
13444 1
13446 1
13447 2
13449 2
13453 1
13456 1
13458 1
13459 3
13462 1
13463 2
13466 1
13467 1
13470 1
13473 1
13476 1
13480 1
13481 2
13482 1
13484 1
13493 1
13495 1
13496 1
13500 1
13501 1
13503 1
13507 4
13510 2
13514 2
13515 1
13516 1
13519 1
13525 2
13528 1
13530 2
13531 1
13534 2
13536 1
13537 2
13538 1
13540 1
13542 1
13545 2
13546 1
13547 1
13551 2
13553 1
13555 1
13558 1
13564 1
13567 1
13568 1
13569 1
13572 1
13574 1
13579 1
13585 2
13587 1
13589 1
13590 1
13591 2
13596 1
13599 1
13602 1
13608 1
13610 1
13614 1
13617 1
13620 1
13623 2
13627 1
13631 1
13632 1
13635 1
13638 1
13639 1
13640 1
13643 1
13644 2
13645 1
13650 1
13651 1
13652 1
13654 2
13658 2
13659 1
13660 1
13661 3
13662 1
13663 1
13670 1
13673 1
13677 1
13682 3
13686 2
13689 1
13695 1
13696 1
13700 1
13701 1
13702 1
13704 1
13706 2
13711 1
13715 1
13717 1
13721 1
13722 1
13724 1
13725 1
13729 3
13732 2
13733 1
13735 1
13736 1
13738 1
13739 1
13744 2
13745 2
13746 1
13751 2
13752 1
13757 1
13759 3
13765 1
13766 1
13767 1
13768 1
13772 1
13773 2
13781 1
13787 1
13790 1
13797 1
13799 1
13803 1
13805 1
13807 1
13809 1
13810 1
13813 1
13814 1
13815 1
13817 1
13822 1
13827 1
13829 1
13831 2
13832 1
13833 1
13834 1
13838 1
13840 2
13845 1
13846 2
13847 1
13848 1
13853 1
13860 1
13864 2
13867 2
13870 1
13871 1
13872 1
13874 1
13875 1
13876 1
13880 1
13883 1
13884 1
13885 2
13887 2
13891 1
13892 2
13893 1
13896 1
13902 1
13903 1
13909 1
13916 1
13920 1
13921 1
13924 1
13928 1
13937 2
13939 1
13944 1
13945 1
13947 1
13949 1
13951 1
13953 1
13955 1
13961 3
13962 1
13965 1
13967 1
13970 1
13971 1
13977 1
13981 1
13982 3
13988 1
13989 1
13990 1
13991 1
13992 1
13993 1
13996 2
13997 2
14001 1
14002 1
14004 1
14006 1
14007 1
14009 1
14010 1
14011 1
14012 2
14016 1
14017 2
14018 1
14021 1
14025 2
14028 1
14030 3
14034 1
14044 1
14049 1
14053 1
14054 2
14055 1
14059 1
14063 1
14064 1
14066 1
14068 1
14070 1
14074 1
14076 1
14078 1
14081 1
14082 2
14086 1
14087 1
14088 1
14089 1
14090 1
14094 1
14096 1
14097 1
14102 1
14104 1
14105 1
14108 1
14110 1
14114 1
14115 1
14121 2
14126 1
14128 1
14131 1
14132 1
14133 2
14141 1
14142 1
14145 1
14148 1
14150 1
14152 1
14153 1
14157 1
14162 1
14164 1
14166 1
14169 1
14173 2
14176 1
14177 2
14179 1
14182 1
14184 1
14185 1
14188 1
14192 2
14194 1
14195 2
14204 1
14206 1
14236 1
14237 2
14238 1
14243 1
14246 1
14247 1
14251 1
14254 2
14261 1
14263 1
14264 1
14265 1
14272 1
14274 1
14275 1
14277 1
14281 1
14282 1
14284 2
14288 1
14292 1
14294 3
14300 1
14301 1
14305 1
14308 1
14309 1
14311 1
14313 1
14314 1
14315 1
14316 1
14318 1
14319 1
14322 1
14324 1
14328 1
14330 1
14333 1
14340 1
14344 1
14348 1
14351 1
14353 1
14354 2
14360 1
14361 1
14363 1
14369 1
14374 1
14379 1
14387 1
14393 1
14395 1
14397 1
14398 1
14399 1
14400 1
14402 1
14410 1
14414 1
14415 1
14416 1
14420 1
14423 1
14426 2
14427 1
14430 1
14434 1
14436 1
14438 1
14441 2
14451 1
14455 1
14457 1
14461 1
14463 1
14465 2
14470 1
14472 1
14473 2
14477 1
14479 1
14483 1
14489 1
14497 1
14498 1
14503 1
14507 1
14517 1
14519 1
14528 2
14530 1
14531 1
14534 1
14537 1
14539 1
14542 1
14543 1
14547 1
14556 1
14561 3
14565 1
14566 1
14587 2
14596 1
14597 1
14603 1
14607 1
14609 1
14613 1
14616 1
14617 1
14619 1
14620 2
14623 2
14625 1
14628 2
14638 1
14642 2
14643 2
14645 2
14657 1
14661 1
14663 1
14665 1
14696 1
14700 1
14701 1
14709 1
14713 1
14714 1
14716 1
14718 1
14728 1
14730 1
14733 1
14736 1
14741 1
14746 1
14747 1
14748 1
14750 1
14751 1
14753 2
14760 1
14763 1
14768 1
14771 1
14772 2
14775 1
14780 2
14788 1
14792 1
14793 1
14796 1
14799 1
14805 1
14810 1
14813 1
14830 1
14837 1
14850 1
14852 1
14853 1
14859 1
14869 2
14877 1
14878 1
14879 1
14880 1
14890 1
14891 2
14900 1
14902 1
14907 1
14908 1
14914 1
14915 1
14918 1
14920 1
14925 1
14927 1
14931 1
14933 1
14935 1
14939 1
14940 1
14942 1
14943 1
14944 1
14949 1
14950 2
14954 1
14961 1
14967 1
14969 1
14970 1
14973 2
14975 1
14980 1
14981 3
14988 1
14989 1
14995 1
14998 1
14999 1
15001 1
15005 1
15009 1
15010 1
15016 1
15021 1
15029 1
15032 1
15033 1
15035 1
15039 1
15047 1
15052 2
15053 1
15058 1
15059 2
15062 1
15063 1
15068 1
15072 1
15083 1
15087 1
15089 1
15095 1
15097 1
15099 2
15100 1
15106 1
15114 1
15115 1
15118 1
15124 1
15130 1
15135 1
15144 1
15145 1
15149 1
15151 1
15154 1
15165 1
15167 3
15172 1
15177 1
15178 1
15181 1
15187 1
15188 1
15193 1
15196 1
15199 2
15201 1
15209 1
15224 1
15225 1
15233 1
15234 1
15240 2
15242 1
15249 1
15251 1
15259 1
15260 1
15264 1
15266 1
15267 1
15279 1
15285 1
15287 1
15289 1
15290 1
15305 1
15307 1
15308 2
15309 1
15317 1
15324 1
15327 1
15328 1
15331 1
15337 1
15338 3
15341 1
15343 1
15346 2
15349 1
15352 1
15357 2
15363 1
15366 1
15369 1
15370 1
15374 1
15375 1
15385 1
15386 1
15391 1
15392 1
15393 1
15397 1
15398 2
15399 1
15403 1
15405 1
15419 1
15421 1
15424 2
15428 1
15430 2
15432 1
15442 1
15447 1
15448 1
15450 1
15459 1
15461 1
15462 1
15464 1
15466 1
15472 1
15480 1
15481 1
15484 1
15485 1
15488 1
15489 3
15492 1
15495 1
15503 1
15516 2
15542 2
15547 1
15554 1
15559 1
15560 1
15561 1
15562 1
15563 1
15572 1
15587 1
15592 1
15595 1
15603 2
15605 1
15611 1
15614 2
15615 1
15620 1
15623 1
15628 1
15636 2
15645 1
15655 1
15663 1
15674 1
15680 1
15681 1
15683 1
15693 1
15697 1
15698 1
15699 1
15704 2
15705 1
15710 1
15713 2
15721 1
15723 1
15724 1
15727 2
15728 1
15731 1
15739 1
15740 1
15750 1
15751 1
15753 1
15755 1
15758 1
15764 1
15766 1
15770 1
15773 1
15782 1
15784 1
15799 1
15800 1
15804 1
15805 1
15809 1
15811 1
15820 1
15834 1
15835 1
15839 1
15844 1
15845 1
15853 1
15855 1
15856 1
15857 1
15867 1
15869 2
15870 1
15872 2
15878 1
15882 1
15887 1
15890 1
15896 1
15898 1
15915 1
15916 1
15919 1
15924 1
15937 1
15941 1
15947 1
15957 2
15958 1
15960 1
15961 1
15962 1
15968 3
15969 1
15970 1
15974 2
15976 1
15981 1
15991 1
15992 1
15994 1
15998 1
16009 1
16020 1
16034 1
16036 1
16043 1
16048 1
16058 1
16060 1
16062 1
16065 1
16066 1
16068 1
16073 1
16074 1
16075 1
16076 1
16078 2
16082 1
16084 1
16085 1
16086 2
16087 1
16092 1
16098 1
16106 1
16113 1
16118 1
16131 1
16133 2
16140 1
16141 1
16149 1
16151 1
16161 2
16169 1
16172 1
16174 1
16176 2
16188 1
16190 1
16192 1
16198 1
16207 1
16217 1
16218 1
16228 1
16229 1
16236 1
16238 2
16240 1
16241 1
16242 1
16248 1
16257 1
16259 1
16262 1
16268 2
16269 1
16272 1
16275 1
16277 1
16278 1
16280 1
16284 1
16285 1
16288 1
16289 1
16330 1
16334 1
16335 1
16344 1
16348 1
16354 1
16355 1
16358 1
16363 1
16364 1
16375 1
16390 1
16392 1
16412 1
16424 2
16452 1
16458 1
16459 1
16462 1
16463 2
16473 1
16494 1
16498 1
16506 1
16519 1
16523 1
16545 1
16559 1
16563 1
16566 1
16567 1
16568 1
16569 1
16570 1
16571 1
16573 1
16580 1
16581 1
16586 1
16606 1
16614 1
16617 1
16618 1
16638 1
16641 1
16646 1
16649 1
16650 1
16651 1
16652 1
16669 1
16686 1
16698 1
16701 1
16703 1
16705 1
16714 1
16715 1
16716 1
16717 1
16718 1
16719 2
16720 1
16731 1
16732 1
16735 1
16739 1
16752 2
16759 1
16762 1
16768 1
16772 1
16791 1
16799 2
16803 1
16814 2
16828 1
16831 1
16836 1
16839 1
16859 1
16861 1
16869 1
16874 1
16878 1
16887 1
16892 1
16897 1
16904 1
16906 1
16907 1
16910 1
16927 1
16939 1
16970 1
16974 1
16976 1
16979 2
16980 1
16983 1
16996 1
16998 1
17001 3
17005 1
17010 1
17020 2
17026 1
17028 1
17041 1
17051 1
17054 1
17061 1
17066 1
17067 1
17075 1
17080 1
17081 1
17091 1
17095 1
17101 1
17114 1
17116 1
17130 1
17137 1
17147 1
17156 1
17163 1
17179 1
17183 1
17194 1
17199 1
17201 1
17214 1
17216 1
17217 1
17232 2
17248 1
17250 1
17256 1
17265 1
17266 1
17279 1
17281 1
17286 2
17290 1
17312 1
17313 1
17320 1
17323 1
17334 1
17338 1
17352 2
17356 1
17373 1
17374 1
17378 1
17382 1
17389 1
17395 1
17396 1
17407 1
17409 2
17411 1
17418 1
17419 1
17442 1
17444 1
17446 1
17448 1
17449 1
17453 1
17461 1
17466 1
17476 1
17489 1
17492 1
17499 1
17501 1
17503 1
17510 2
17515 1
17517 1
17518 1
17519 2
17523 2
17525 1
17553 2
17565 1
17570 1
17571 1
17576 1
17582 2
17590 1
17602 1
17619 1
17622 1
17632 1
17653 2
17655 1
17658 1
17659 1
17663 1
17676 1
17679 1
17680 1
17688 1
17710 1
17712 1
17714 1
17731 1
17733 2
17736 1
17750 1
17751 1
17754 1
17764 1
17767 1
17787 1
17790 1
17793 1
17794 1
17807 1
17809 1
17831 1
17833 1
17847 1
17865 1
17867 1
17872 1
17888 1
17892 1
17894 1
17895 1
17901 1
17909 1
17910 1
17913 1
17917 1
17924 1
17935 1
17938 2
17947 1
17968 1
17974 1
17977 1
17983 1
17987 1
17988 1
17992 1
18000 1
18002 1
18005 1
18009 1
18010 1
18021 1
18025 1
18028 1
18037 1
18042 1
18043 1
18044 2
18060 1
18064 1
18072 1
18074 1
18090 1
18102 1
18103 1
18104 1
18106 1
18108 1
18112 1
18115 1
18127 1
18146 1
18152 1
18154 1
18155 1
18156 1
18162 1
18167 1
18168 1
18173 1
18175 1
18181 1
18188 1
18189 1
18192 1
18193 1
18194 2
18198 1
18206 1
18211 2
18220 1
18222 1
18243 1
18256 1
18258 1
18264 1
18277 1
18278 1
18284 1
18294 1
18302 1
18307 1
18311 1
18312 1
18325 1
18326 2
18334 1
18336 1
18337 1
18351 1
18352 1
18359 1
18361 1
18369 1
18376 1
18394 2
18403 1
18415 1
18424 1
18436 1
18437 1
18442 1
18445 1
18449 1
18454 1
18463 1
18465 1
18467 1
18470 1
18478 1
18487 1
18490 1
18492 1
18493 1
18508 1
18522 1
18535 1
18541 1
18551 1
18555 1
18556 1
18558 1
18566 1
18568 1
18572 2
18576 1
18593 1
18605 1
18608 1
18636 1
18639 1
18640 1
18646 1
18653 1
18667 1
18672 2
18678 1
18685 1
18689 1
18696 1
18708 1
18716 1
18721 1
18727 1
18729 1
18736 1
18756 1
18758 1
18759 2
18763 1
18765 1
18779 1
18786 1
18788 1
18792 1
18801 1
18802 1
18807 1
18825 1
18826 1
18830 1
18835 1
18848 1
18852 1
18859 1
18889 1
18899 1
18927 1
18936 1
18940 1
18954 1
18955 1
18966 1
18968 1
18971 2
18987 1
18988 1
18998 1
19007 1
19015 1
19017 1
19018 1
19031 1
19051 1
19064 1
19068 1
19071 1
19072 1
19082 1
19087 1
19091 1
19096 1
19100 1
19121 1
19137 1
19141 1
19150 1
19153 1
19189 1
19192 1
19204 1
19207 1
19214 1
19228 1
19236 1
19267 1
19280 1
19293 1
19314 1
19316 1
19324 1
19330 2
19335 1
19360 1
19370 1
19432 1
19434 1
19437 1
19438 1
19446 1
19455 1
19469 1
19484 1
19487 2
19497 1
19499 1
19504 1
19511 1
19528 1
19529 1
19553 2
19555 1
19557 1
19562 1
19570 1
19571 1
19579 1
19598 1
19609 1
19622 1
19631 1
19668 1
19672 1
19688 1
19702 1
19730 1
19735 1
19740 1
19742 2
19743 1
19762 1
19768 1
19783 1
19797 1
19814 1
19835 1
19846 1
19853 1
19862 2
19870 1
19871 1
19874 1
19887 1
19898 1
19899 1
19909 1
19933 1
19951 1
19958 1
19971 1
19975 1
20001 1
20035 1
20042 1
20055 1
20074 1
20078 1
20079 1
20082 2
20087 2
20092 1
20099 1
20106 1
20123 1
20133 1
20143 1
20144 1
20146 1
20165 1
20169 1
20171 1
20179 1
20202 2
20216 1
20230 1
20238 1
20252 1
20254 1
20266 1
20270 1
20271 1
20304 1
20316 1
20337 1
20361 1
20368 1
20388 1
20389 1
20405 1
20434 1
20456 1
20462 1
20470 1
20478 1
20499 1
20530 1
20569 1
20578 1
20620 2
20629 1
20638 1
20646 1
20654 1
20656 1
20659 1
20660 1
20672 1
20678 1
20690 1
20769 1
20773 1
20784 1
20785 1
20836 1
20860 1
20868 1
20881 1
20895 1
20904 1
20935 1
20976 1
20982 1
20995 1
20999 1
21019 1
21040 2
21045 2
21091 1
21100 1
21104 1
21111 1
21115 1
21124 1
21138 1
21147 1
21171 1
21190 1
21194 1
21203 1
21206 1
21208 1
21225 1
21227 1
21245 1
21255 2
21306 2
21310 1
21317 1
21335 1
21338 1
21344 1
21361 1
21362 1
21411 1
21412 1
21435 1
21454 1
21473 1
21484 1
21522 1
21540 1
21543 1
21566 1
21602 1
21633 1
21646 1
21654 1
21668 1
21733 1
21741 1
21742 1
21746 1
21785 1
21792 1
21808 1
21819 1
21829 1
21842 1
21861 1
21864 1
21889 1
21891 1
21926 1
21941 1
21949 1
21953 1
21959 1
21966 1
21967 1
21971 1
22001 1
22007 1
22018 1
22055 1
22091 1
22131 1
22135 1
22153 1
22186 1
22192 1
22213 1
22221 1
22223 1
22230 1
22235 1
22318 1
22332 1
22364 1
22366 2
22403 1
22428 1
22455 1
22557 1
22558 1
22566 1
22593 1
22595 1
22648 1
22650 1
22680 1
22686 1
22688 1
22753 1
22776 1
22785 1
22790 1
22798 1
22829 2
22833 1
22848 1
22854 1
22857 1
22910 1
22959 1
23023 1
23025 2
23043 1
23067 1
23107 1
23166 1
23189 1
23219 1
23224 1
23302 1
23321 1
23348 1
23359 1
23368 1
23383 1
23442 1
23458 1
23468 1
23480 1
23506 1
23527 2
23575 1
23620 1
23641 1
23661 1
23732 1
23771 1
23797 1
23847 1
23902 1
23912 1
23959 1
23976 1
24010 1
24029 1
24040 1
24188 1
24245 1
24274 1
24289 1
24295 1
24314 1
24322 1
24354 1
24394 1
24430 1
24444 1
24463 1
24493 1
24503 1
24606 1
24748 1
24761 1
24782 1
24834 1
24881 1
24903 1
24911 1
24987 1
24998 1
25011 1
25125 1
25183 1
25195 1
25213 1
25242 1
25296 1
25354 1
25386 1
25437 1
25504 1
25540 1
25546 1
25549 1
25582 1
25590 1
25592 1
25619 1
25643 1
25646 1
25695 1
25809 1
25903 1
25935 1
26071 1
26090 1
26339 1
26357 1
26362 1
26363 1
26382 1
26467 1
26566 1
26572 1
26597 1
26824 1
26896 1
26989 1
27002 1
27052 1
27139 1
27141 1
27168 1
27171 1
27276 1
27344 1
27388 1
27691 1
27960 1
27988 1
27998 1
28050 1
28115 1
28122 1
28155 1
28253 1
28274 1
28492 1
28535 1
28539 1
28676 1
28840 1
28866 1
28873 1
28893 1
29123 1
29154 1
29160 1
29178 1
29230 1
29338 1
29345 1
29353 1
29386 1
29441 1
29581 1
29632 1
29700 1
29729 1
29819 1
29841 1
29913 1
29975 1
30135 1
30311 1
30341 1
30358 1
30479 1
30645 1
30933 1
30981 1
31116 1
31163 1
31222 1
31269 1
31385 1
31407 1
31597 1
31621 1
31786 1
31810 1
31951 1
31979 1
32093 1
32215 1
32335 1
32412 1
32469 1
32559 1
32618 1
33123 1
33462 1
33866 1
33872 1
34365 1
34806 1
34925 1
35205 1
35220 1
35347 1
35360 1
35596 1
35753 1
36059 1
36163 1
36338 1
36686 1
36752 1
36917 1
37009 1
37036 1
37410 1
37453 1
38253 1
38610 1
39016 1
39097 1
39451 1
40053 1
40744 1
40861 1
40994 1
41403 1
41801 1
41813 1
43172 1
44274 1
44909 1
47007 1
49395 1
