-270 2
-269 5
-268 14
-267 19
-266 20
-265 37
-264 33
-263 50
-262 44
-261 31
-260 43
-259 35
-258 49
-257 38
-256 37
-255 46
-254 42
-253 40
-252 35
-251 44
-250 38
-249 54
-248 52
-247 57
-246 82
-245 87
-244 97
-243 95
-242 84
-241 87
-240 104
-239 75
-238 94
-237 84
-236 93
-235 92
-234 100
-233 122
-232 122
-231 128
-230 109
-229 143
-228 155
-227 153
-226 156
-225 162
-224 156
-223 192
-222 202
-221 185
-220 186
-219 204
-218 180
-217 191
-216 207
-215 170
-214 190
-213 201
-212 199
-211 218
-210 179
-209 177
-208 215
-207 200
-206 232
-205 210
-204 216
-203 223
-202 223
-201 207
-200 237
-199 232
-198 224
-197 197
-196 207
-195 190
-194 188
-193 197
-192 188
-191 174
-190 198
-189 201
-188 195
-187 186
-186 191
-185 168
-184 186
-183 175
-182 178
-181 178
-180 169
-179 212
-178 234
-177 312
-176 269
-175 260
-174 276
-173 250
-172 266
-171 232
-170 271
-169 260
-168 264
-167 289
-166 250
-165 252
-164 277
-163 259
-162 244
-161 283
-160 277
-159 271
-158 258
-157 264
-156 292
-155 251
-154 277
-153 248
-152 273
-151 276
-150 271
-149 281
-148 284
-147 282
-146 300
-145 313
-144 279
-143 279
-142 308
-141 306
-140 321
-139 302
-138 287
-137 327
-136 325
-135 349
-134 344
-133 357
-132 342
-131 373
-130 361
-129 373
-128 425
-127 418
-126 425
-125 443
-124 430
-123 427
-122 436
-121 418
-120 378
-119 462
-118 441
-117 456
-116 438
-115 460
-114 508
-113 467
-112 550
-111 533
-110 601
-109 614
-108 646
-107 735
-106 786
-105 797
-104 831
-103 815
-102 878
-101 941
-100 966
-99 983
-98 976
-97 1078
-96 1072
-95 1170
-94 1158
-93 1175
-92 1162
-91 1203
-90 1193
-89 1215
-88 1223
-87 1249
-86 1266
-85 1284
-84 1297
-83 1266
-82 1302
-81 1273
-80 1400
-79 1336
-78 1375
-77 1366
-76 1327
-75 1420
-74 1349
-73 1380
-72 1392
-71 1375
-70 1423
-69 1441
-68 1437
-67 1477
-66 1442
-65 1534
-64 1535
-63 1614
-62 1598
-61 1649
-60 1691
-59 1652
-58 1661
-57 1708
-56 1729
-55 1739
-54 1789
-53 1777
-52 1835
-51 1822
-50 1830
-49 1823
-48 1861
-47 1857
-46 1948
-45 1903
-44 1894
-43 1876
-42 1976
-41 2029
-40 2006
-39 1965
-38 2124
-37 2129
-36 2253
-35 2271
-34 2256
-33 2254
-32 2397
-31 2358
-30 2356
-29 2347
-28 2336
-27 2340
-26 2365
-25 2453
-24 2365
-23 2422
-22 2496
-21 2423
-20 2437
-19 2407
-18 2496
-17 2490
-16 2534
-15 2439
-14 2482
-13 2490
-12 2569
-11 2539
-10 2559
-9 2600
-8 2551
-7 2613
-6 2651
-5 2696
-4 2758
-3 2760
-2 2789
-1 2872
0 2940
1 2974
2 3025
3 3024
4 3002
5 3287
6 3375
7 3358
8 3300
9 3351
10 3248
11 3313
12 3293
13 3354
14 3423
15 3412
16 3450
17 3391
18 3528
19 3468
20 3602
21 3652
22 3630
23 3561
24 3634
25 3590
26 3702
27 3765
28 3800
29 3841
30 3951
31 4041
32 4060
33 4103
34 4212
35 4134
36 4152
37 4172
38 4399
39 4316
40 4383
41 4413
42 4326
43 4575
44 4470
45 4737
46 4659
47 4644
48 4678
49 4781
50 4799
51 4763
52 4838
53 4999
54 5068
55 5377
56 5367
57 5276
58 5348
59 5477
60 5719
61 5643
62 5744
63 5819
64 5723
65 5773
66 5826
67 5986
68 5846
69 5791
70 5992
71 5902
72 5841
73 5928
74 5935
75 5807
76 5950
77 5962
78 6068
79 6065
80 6230
81 6224
82 6261
83 6210
84 6389
85 6230
86 6276
87 6320
88 6418
89 6233
90 6553
91 6615
92 6743
93 6727
94 6701
95 6876
96 6860
97 6756
98 6843
99 7056
100 6977
101 6807
102 6874
103 7096
104 6828
105 7098
106 7070
107 7003
108 7075
109 7287
110 7178
111 7256
112 7211
113 7421
114 7403
115 7433
116 7613
117 7564
118 7731
119 7676
120 7701
121 7733
122 7691
123 7626
124 7607
125 7699
126 7815
127 7736
128 7946
129 7934
130 7958
131 8021
132 7851
133 8103
134 8007
135 8558
136 8489
137 8290
138 8657
139 8655
140 8565
141 8471
142 8658
143 8491
144 8504
145 8503
146 8601
147 8428
148 8472
149 8457
150 8546
151 8336
152 8519
153 8271
154 8395
155 8323
156 8329
157 8366
158 8232
159 8362
160 8257
161 8201
162 8274
163 8015
164 8218
165 8242
166 8274
167 8316
168 8222
169 8192
170 8253
171 8164
172 8442
173 8293
174 8398
175 8453
176 8404
177 8401
178 8498
179 8362
180 8420
181 8330
182 8496
183 8444
184 8682
185 8663
186 8624
187 8454
188 8536
189 8649
190 8441
191 8552
192 8644
193 8761
194 8696
195 8958
196 8990
197 8886
198 9038
199 8968
200 8863
201 8935
202 8741
203 8860
204 9004
205 8858
206 9032
207 8780
208 9210
209 8945
210 9015
211 9089
212 8979
213 9087
214 9084
215 9178
216 9212
217 9224
218 9296
219 9187
220 9075
221 9356
222 9336
223 9284
224 9523
225 9506
226 9932
227 9340
228 9371
229 9344
230 9556
231 9567
232 9785
233 9594
234 9543
235 9412
236 9510
237 9314
238 9384
239 9375
240 9224
241 9196
242 9224
243 9110
244 9250
245 9384
246 9492
247 9363
248 9324
249 9248
250 9165
251 9087
252 9005
253 8967
254 8988
255 9043
256 9084
257 9198
258 9185
259 9209
260 9196
261 9397
262 9303
263 9182
264 9019
265 9140
266 9072
267 9102
268 8989
269 8972
270 8807
271 8945
272 9057
273 8758
274 8905
275 8904
276 8879
277 9011
278 8754
279 8925
280 8909
281 8885
282 9050
283 9021
284 8874
285 8875
286 8924
287 8926
288 8822
289 8762
290 8723
291 8729
292 8815
293 8813
294 9017
295 8873
296 8891
297 8900
298 8744
299 8707
300 8777
301 8647
302 8742
303 8466
304 8647
305 8584
306 8490
307 8790
308 8643
309 8510
310 8621
311 8482
312 8298
313 8360
314 8216
315 8227
316 8307
317 8111
318 8046
319 8041
320 8134
321 8022
322 8046
323 8110
324 8153
325 8019
326 8045
327 8197
328 8328
329 7981
330 7953
331 7920
332 7801
333 7855
334 7608
335 7643
336 7620
337 7348
338 7471
339 7468
340 7494
341 7443
342 7414
343 7398
344 6978
345 7071
346 7045
347 6911
348 6916
349 6840
350 6824
351 6787
352 6766
353 6750
354 6707
355 6665
356 6724
357 6599
358 6623
359 6642
360 6620
361 6382
362 6465
363 6571
364 6408
365 6477
366 6548
367 6628
368 6645
369 6612
370 6584
371 6509
372 6407
373 6364
374 6477
375 6338
376 6375
377 6187
378 6268
379 6374
380 6208
381 6326
382 6372
383 6339
384 6309
385 6201
386 6208
387 6051
388 6134
389 6246
390 6076
391 6027
392 6028
393 6102
394 6080
395 6058
396 5942
397 6021
398 5950
399 6085
400 6249
401 6269
402 6107
403 5976
404 5961
405 5839
406 5765
407 5688
408 5730
409 5666
410 5693
411 5816
412 5795
413 5492
414 5629
415 5502
416 5581
417 5511
418 5271
419 5189
420 5105
421 5125
422 5059
423 4887
424 4892
425 4777
426 4700
427 4707
428 4593
429 4647
430 4538
431 4518
432 4540
433 4478
434 4424
435 4268
436 4272
437 4292
438 4182
439 4263
440 4256
441 4153
442 4311
443 4123
444 4000
445 4014
446 3976
447 3919
448 3941
449 3919
450 3810
451 3743
452 3801
453 3771
454 3712
455 3692
456 3691
457 3640
458 3565
459 3551
460 3667
461 3617
462 3530
463 3588
464 3405
465 3382
466 3515
467 3467
468 3293
469 3422
470 3370
471 3358
472 3294
473 3401
474 3416
475 3329
476 3227
477 3214
478 3269
479 3257
480 3219
481 3157
482 3374
483 3238
484 3148
485 3137
486 3076
487 3089
488 3098
489 2935
490 2940
491 2949
492 2908
493 2933
494 2871
495 2817
496 2877
497 2686
498 2688
499 2681
500 2729
501 2634
502 2675
503 2679
504 2612
505 2716
506 2638
507 2525
508 2465
509 2426
510 2596
511 2587
512 2480
513 2474
514 2470
515 2519
516 2464
517 2465
518 2472
519 2369
520 2400
521 2372
522 2239
523 2358
524 2363
525 2379
526 2302
527 2413
528 2437
529 2354
530 2260
531 2254
532 2285
533 2219
534 2180
535 2183
536 2147
537 2214
538 2095
539 2083
540 2017
541 2156
542 2067
543 1989
544 2001
545 1970
546 1975
547 2012
548 1886
549 1937
550 1969
551 1945
552 1916
553 1932
554 1812
555 1829
556 1828
557 1840
558 1731
559 1747
560 1686
561 1852
562 1729
563 1789
564 1730
565 1763
566 1702
567 1658
568 1697
569 1662
570 1637
571 1613
572 1640
573 1583
574 1593
575 1601
576 1554
577 1545
578 1561
579 1589
580 1555
581 1520
582 1514
583 1512
584 1426
585 1490
586 1492
587 1471
588 1517
589 1439
590 1481
591 1470
592 1442
593 1380
594 1351
595 1423
596 1438
597 1414
598 1364
599 1406
600 1299
601 1400
602 1338
603 1393
604 1266
605 1262
606 1277
607 1242
608 1308
609 1182
610 1339
611 1282
612 1266
613 1289
614 1236
615 1200
616 1190
617 1222
618 1216
619 1239
620 1195
621 1267
622 1169
623 1125
624 1134
625 1181
626 1200
627 1135
628 1156
629 1082
630 1107
631 1153
632 1096
633 1118
634 1028
635 1123
636 1170
637 1108
638 1038
639 1092
640 1071
641 1102
642 1093
643 978
644 1072
645 1028
646 1071
647 1029
648 984
649 1021
650 1013
651 969
652 1037
653 1017
654 1014
655 966
656 958
657 975
658 966
659 941
660 1027
661 913
662 966
663 966
664 909
665 933
666 932
667 924
668 878
669 910
670 952
671 912
672 881
673 882
674 865
675 859
676 831
677 919
678 882
679 854
680 791
681 858
682 887
683 844
684 827
685 802
686 842
687 792
688 805
689 859
690 796
691 777
692 750
693 752
694 801
695 758
696 723
697 751
698 681
699 718
700 785
701 755
702 750
703 743
704 674
705 653
706 707
707 692
708 711
709 683
710 660
711 689
712 735
713 672
714 685
715 625
716 749
717 643
718 580
719 646
720 656
721 654
722 607
723 653
724 666
725 630
726 606
727 616
728 602
729 632
730 621
731 608
732 622
733 632
734 648
735 591
736 587
737 590
738 623
739 633
740 639
741 566
742 582
743 579
744 543
745 614
746 557
747 571
748 534
749 564
750 573
751 541
752 595
753 530
754 555
755 550
756 560
757 521
758 546
759 559
760 503
761 517
762 509
763 464
764 496
765 479
766 524
767 511
768 438
769 464
770 507
771 461
772 492
773 418
774 461
775 506
776 443
777 451
778 435
779 458
780 457
781 506
782 438
783 469
784 431
785 432
786 470
787 416
788 423
789 444
790 428
791 432
792 402
793 412
794 411
795 422
796 388
797 372
798 385
799 404
800 400
801 377
802 384
803 362
804 394
805 404
806 370
807 378
808 368
809 391
810 402
811 379
812 372
813 369
814 373
815 407
816 355
817 344
818 328
819 388
820 340
821 367
822 339
823 372
824 328
825 357
826 350
827 332
828 350
829 351
830 367
831 323
832 308
833 339
834 324
835 333
836 323
837 351
838 326
839 331
840 291
841 308
842 308
843 348
844 307
845 326
846 316
847 327
848 293
849 303
850 320
851 337
852 293
853 303
854 307
855 269
856 304
857 301
858 286
859 267
860 251
861 288
862 284
863 292
864 309
865 294
866 271
867 277
868 261
869 303
870 288
871 249
872 312
873 260
874 276
875 248
876 266
877 251
878 281
879 248
880 267
881 274
882 251
883 272
884 232
885 263
886 244
887 221
888 268
889 258
890 223
891 233
892 260
893 227
894 239
895 232
896 257
897 206
898 258
899 252
900 238
901 228
902 228
903 230
904 238
905 231
906 213
907 203
908 226
909 235
910 202
911 202
912 206
913 195
914 222
915 202
916 204
917 198
918 197
919 217
920 222
921 215
922 207
923 209
924 208
925 182
926 175
927 215
928 213
929 195
930 204
931 201
932 160
933 188
934 191
935 163
936 184
937 192
938 176
939 169
940 173
941 207
942 201
943 185
944 168
945 165
946 163
947 177
948 161
949 176
950 156
951 155
952 160
953 172
954 141
955 176
956 164
957 154
958 163
959 184
960 169
961 169
962 153
963 147
964 165
965 157
966 151
967 139
968 152
969 146
970 170
971 165
972 137
973 155
974 135
975 162
976 148
977 137
978 145
979 139
980 158
981 139
982 134
983 130
984 127
985 129
986 133
987 146
988 112
989 134
990 158
991 108
992 131
993 133
994 141
995 130
996 150
997 107
998 134
999 114
1000 135
1001 130
1002 148
1003 151
1004 129
1005 126
1006 112
1007 116
1008 119
1009 125
1010 130
1011 124
1012 122
1013 118
1014 116
1015 122
1016 123
1017 119
1018 132
1019 134
1020 122
1021 129
1022 120
1023 116
1024 110
1025 100
1026 133
1027 96
1028 110
1029 114
1030 101
1031 117
1032 116
1033 119
1034 98
1035 91
1036 111
1037 106
1038 118
1039 113
1040 101
1041 96
1042 84
1043 108
1044 91
1045 86
1046 91
1047 97
1048 104
1049 92
1050 82
1051 115
1052 96
1053 115
1054 87
1055 97
1056 117
1057 116
1058 88
1059 106
1060 102
1061 78
1062 85
1063 100
1064 86
1065 85
1066 75
1067 93
1068 83
1069 83
1070 90
1071 82
1072 83
1073 89
1074 83
1075 92
1076 80
1077 83
1078 92
1079 99
1080 86
1081 77
1082 70
1083 99
1084 87
1085 89
1086 75
1087 90
1088 92
1089 72
1090 80
1091 80
1092 99
1093 70
1094 74
1095 83
1096 74
1097 78
1098 84
1099 89
1100 91
1101 71
1102 72
1103 67
1104 79
1105 79
1106 71
1107 69
1108 96
1109 77
1110 88
1111 75
1112 65
1113 69
1114 74
1115 71
1116 79
1117 69
1118 80
1119 67
1120 66
1121 64
1122 61
1123 71
1124 67
1125 59
1126 79
1127 70
1128 64
1129 64
1130 76
1131 77
1132 58
1133 65
1134 65
1135 71
1136 75
1137 67
1138 59
1139 66
1140 61
1141 56
1142 51
1143 55
1144 50
1145 66
1146 59
1147 51
1148 58
1149 49
1150 61
1151 42
1152 57
1153 53
1154 64
1155 56
1156 65
1157 58
1158 65
1159 43
1160 46
1161 70
1162 57
1163 60
1164 48
1165 57
1166 50
1167 63
1168 46
1169 61
1170 54
1171 53
1172 37
1173 56
1174 43
1175 55
1176 52
1177 45
1178 42
1179 49
1180 58
1181 54
1182 44
1183 57
1184 48
1185 43
1186 62
1187 55
1188 57
1189 47
1190 31
1191 54
1192 58
1193 56
1194 44
1195 38
1196 41
1197 43
1198 63
1199 40
1200 43
1201 45
1202 35
1203 41
1204 39
1205 47
1206 30
1207 47
1208 40
1209 49
1210 51
1211 44
1212 38
1213 39
1214 37
1215 43
1216 43
1217 39
1218 52
1219 43
1220 48
1221 51
1222 39
1223 38
1224 24
1225 41
1226 33
1227 36
1228 41
1229 34
1230 39
1231 39
1232 42
1233 32
1234 35
1235 42
1236 45
1237 42
1238 43
1239 35
1240 46
1241 34
1242 33
1243 32
1244 43
1245 23
1246 31
1247 46
1248 29
1249 34
1250 29
1251 42
1252 37
1253 42
1254 37
1255 37
1256 25
1257 30
1258 25
1259 39
1260 38
1261 39
1262 39
1263 41
1264 39
1265 28
1266 41
1267 35
1268 40
1269 28
1270 30
1271 31
1272 37
1273 38
1274 33
1275 29
1276 25
1277 32
1278 21
1279 31
1280 27
1281 32
1282 35
1283 33
1284 27
1285 33
1286 28
1287 19
1288 28
1289 16
1290 30
1291 36
1292 38
1293 34
1294 24
1295 35
1296 30
1297 29
1298 20
1299 30
1300 31
1301 33
1302 30
1303 25
1304 32
1305 16
1306 15
1307 21
1308 26
1309 28
1310 20
1311 22
1312 23
1313 33
1314 25
1315 28
1316 22
1317 22
1318 24
1319 23
1320 28
1321 17
1322 34
1323 21
1324 24
1325 25
1326 15
1327 25
1328 22
1329 21
1330 22
1331 23
1332 23
1333 20
1334 23
1335 22
1336 24
1337 22
1338 21
1339 24
1340 25
1341 20
1342 22
1343 27
1344 24
1345 21
1346 21
1347 22
1348 13
1349 18
1350 19
1351 20
1352 17
1353 24
1354 24
1355 29
1356 29
1357 17
1358 18
1359 22
1360 31
1361 18
1362 22
1363 18
1364 21
1365 15
1366 18
1367 21
1368 17
1369 21
1370 20
1371 23
1372 17
1373 17
1374 22
1375 21
1376 19
1377 20
1378 14
1379 19
1380 8
1381 22
1382 24
1383 23
1384 15
1385 15
1386 20
1387 11
1388 18
1389 23
1390 16
1391 16
1392 18
1393 17
1394 20
1395 21
1396 14
1397 17
1398 20
1399 23
1400 11
1401 16
1402 15
1403 17
1404 20
1405 18
1406 18
1407 16
1408 17
1409 10
1410 10
1411 9
1412 21
1413 16
1414 14
1415 11
1416 14
1417 22
1418 13
1419 19
1420 14
1421 15
1422 15
1423 11
1424 18
1425 15
1426 13
1427 15
1428 21
1429 12
1430 20
1431 13
1432 9
1433 10
1434 11
1435 12
1436 13
1437 13
1438 17
1439 17
1440 7
1441 10
1442 10
1443 14
1444 10
1445 14
1446 13
1447 13
1448 9
1449 10
1450 10
1451 14
1452 13
1453 19
1454 14
1455 9
1456 9
1457 12
1458 17
1459 5
1460 13
1461 17
1462 17
1463 10
1464 6
1465 12
1466 12
1467 11
1468 11
1469 11
1470 8
1471 13
1472 7
1473 18
1474 11
1475 12
1476 5
1477 16
1478 15
1479 13
1480 11
1481 14
1482 9
1483 8
1484 8
1485 6
1486 6
1487 15
1488 11
1489 8
1490 15
1491 12
1492 12
1493 10
1494 9
1495 5
1496 5
1497 8
1498 11
1499 10
1500 7
1501 11
1502 11
1503 7
1504 11
1505 21
1506 8
1507 17
1508 6
1509 5
1510 12
1511 8
1512 7
1513 9
1514 9
1515 11
1516 8
1517 9
1518 9
1519 15
1520 5
1521 12
1522 7
1523 13
1524 15
1525 8
1526 4
1527 7
1528 9
1529 4
1530 12
1531 11
1532 9
1533 14
1534 8
1535 15
1536 10
1537 5
1538 10
1539 9
1540 11
1541 7
1542 9
1543 5
1544 8
1545 9
1546 2
1547 8
1548 8
1549 8
1550 8
1551 3
1552 4
1553 6
1554 8
1555 7
1556 15
1557 10
1558 9
1559 6
1560 3
1561 9
1562 9
1563 9
1564 10
1565 6
1566 10
1567 5
1568 7
1569 10
1570 8
1571 10
1572 8
1573 4
1574 6
1575 5
1576 7
1577 8
1578 8
1579 12
1580 3
1581 9
1582 6
1583 6
1584 6
1585 10
1586 6
1587 7
1588 5
1589 9
1590 5
1591 8
1592 9
1593 8
1594 3
1595 8
1596 12
1597 7
1598 3
1599 5
1600 9
1601 9
1602 6
1603 10
1604 10
1605 5
1606 8
1607 10
1608 5
1609 4
1610 7
1611 5
1612 4
1613 9
1614 4
1615 5
1616 6
1617 5
1618 7
1619 9
1620 6
1621 4
1622 5
1623 3
1624 10
1625 3
1626 4
1627 6
1628 11
1629 5
1630 3
1631 3
1632 3
1633 2
1634 4
1635 5
1636 8
1637 7
1638 4
1639 8
1640 3
1641 4
1642 6
1643 3
1644 3
1645 2
1646 3
1647 8
1648 11
1649 6
1650 7
1651 5
1652 3
1653 8
1654 6
1655 6
1656 4
1657 7
1658 4
1659 7
1660 4
1661 8
1662 1
1663 8
1664 4
1665 4
1666 3
1667 4
1668 6
1669 2
1670 10
1671 4
1672 3
1673 1
1674 6
1675 3
1676 3
1677 6
1678 6
1679 1
1680 3
1681 2
1682 10
1683 3
1684 3
1685 5
1686 5
1687 1
1688 2
1689 2
1690 2
1691 6
1692 2
1693 7
1694 5
1695 3
1696 5
1697 6
1698 7
1699 6
1700 3
1701 3
1702 6
1703 5
1704 8
1705 4
1706 3
1707 1
1708 4
1709 4
1710 3
1711 5
1712 3
1713 4
1714 3
1715 3
1716 3
1717 2
1718 1
1719 6
1720 3
1721 1
1722 2
1723 2
1724 1
1725 8
1726 5
1727 2
1728 4
1729 4
1730 4
1731 2
1732 3
1733 2
1734 2
1735 6
1736 2
1737 3
1738 3
1739 2
1740 4
1741 4
1742 4
1743 1
1744 6
1745 2
1746 1
1747 5
1748 4
1749 5
1750 8
1751 4
1752 5
1753 1
1754 1
1755 2
1757 5
1758 2
1759 3
1760 2
1761 2
1762 3
1763 2
1764 8
1765 6
1766 2
1767 4
1769 3
1770 3
1771 3
1772 4
1773 4
1774 2
1775 3
1776 4
1777 2
1778 6
1779 1
1780 6
1781 4
1782 3
1783 2
1784 4
1785 5
1786 4
1787 7
1788 5
1790 4
1791 2
1792 2
1793 1
1794 2
1795 3
1796 3
1797 4
1799 4
1802 3
1803 8
1804 3
1805 4
1806 1
1807 1
1808 2
1809 5
1811 1
1812 2
1813 1
1814 1
1815 3
1816 2
1817 2
1818 2
1819 1
1820 3
1821 2
1822 4
1823 2
1824 2
1825 5
1826 4
1827 1
1828 2
1829 3
1830 2
1831 1
1832 1
1834 1
1836 2
1837 2
1839 1
1840 2
1841 2
1842 2
1843 1
1844 1
1845 3
1846 4
1847 4
1848 1
1849 3
1850 4
1851 1
1852 1
1853 3
1854 3
1855 2
1857 7
1858 4
1860 2
1861 3
1862 1
1863 3
1864 1
1865 4
1866 4
1867 1
1868 3
1869 1
1870 5
1871 2
1872 2
1873 4
1874 5
1875 3
1879 3
1880 3
1881 1
1882 2
1883 1
1884 1
1886 2
1887 1
1888 2
1889 1
1891 1
1892 4
1893 1
1894 1
1895 3
1897 2
1898 1
1899 1
1900 1
1901 2
1903 6
1904 1
1905 1
1906 3
1907 1
1908 2
1910 2
1912 3
1914 1
1915 1
1916 1
1917 2
1918 2
1919 1
1920 2
1921 5
1922 1
1923 2
1924 1
1925 1
1926 3
1927 2
1928 1
1929 2
1930 4
1931 1
1932 2
1933 1
1934 2
1935 2
1937 2
1939 1
1940 1
1941 5
1942 1
1943 4
1944 3
1945 1
1946 3
1949 4
1950 2
1952 1
1953 1
1954 1
1955 1
1957 3
1958 1
1959 2
1961 1
1962 1
1963 1
1964 3
1966 4
1967 2
1969 2
1970 2
1971 1
1972 3
1973 3
1974 2
1975 2
1977 1
1978 2
1979 2
1980 4
1981 1
1983 3
1984 3
1985 3
1986 1
1987 3
1989 3
1990 1
1991 1
1992 3
1993 3
1994 3
1996 2
1998 1
1999 3
2000 3
2001 1
2002 1
2004 2
2005 1
2008 1
2009 1
2010 2
2011 4
2012 2
2013 1
2014 1
2016 2
2018 2
2021 1
2022 1
2023 2
2025 3
2026 1
2027 1
2028 3
2031 1
2032 1
2034 1
2035 2
2036 2
2037 1
2039 1
2040 2
2041 1
2044 2
2045 4
2046 2
2048 3
2049 1
2050 1
2051 2
2052 1
2053 3
2054 1
2055 3
2056 2
2057 2
2058 1
2061 1
2062 2
2064 1
2065 2
2067 2
2068 1
2069 4
2071 1
2072 3
2075 2
2077 3
2078 1
2081 2
2083 3
2085 1
2086 1
2087 1
2088 2
2089 1
2090 1
2091 2
2093 2
2094 1
2095 2
2098 3
2099 1
2100 1
2105 1
2107 2
2110 1
2111 1
2112 2
2113 2
2114 1
2115 2
2116 1
2119 1
2123 1
2124 1
2126 1
2127 1
2131 2
2132 1
2133 1
2134 1
2138 1
2140 1
2142 1
2143 1
2145 1
2149 1
2150 2
2159 1
2160 1
2162 1
2167 1
2168 1
2169 1
2172 1
2174 1
2175 1
2176 1
2180 1
2181 1
2184 2
2186 1
2187 1
2189 1
2191 1
2194 2
2200 1
2202 2
2203 1
2205 1
2206 1
2213 1
2214 1
2219 2
2230 2
2234 2
2243 3
2245 1
2258 1
2259 1
2264 1
2270 1
2272 1
2278 1
2280 1
2282 1
2292 1
2293 1
2305 1
2306 1
2310 3
2312 1
2325 1
2354 1
2355 2
2361 1
2379 1
2400 1
2703 1
