-1008 2
-1007 1
-1006 3
-1005 2
-1004 4
-1003 8
-1002 9
-1001 10
-1000 14
-999 24
-998 35
-997 31
-996 50
-995 63
-994 61
-993 67
-992 85
-991 120
-990 131
-989 140
-988 152
-987 177
-986 161
-985 219
-984 164
-983 188
-982 220
-981 188
-980 210
-979 242
-978 255
-977 248
-976 264
-975 285
-974 244
-973 241
-972 274
-971 229
-970 263
-969 230
-968 255
-967 261
-966 262
-965 267
-964 279
-963 288
-962 273
-961 295
-960 301
-959 337
-958 366
-957 354
-956 334
-955 387
-954 399
-953 414
-952 446
-951 442
-950 503
-949 503
-948 524
-947 535
-946 516
-945 581
-944 562
-943 565
-942 578
-941 625
-940 651
-939 663
-938 641
-937 651
-936 646
-935 715
-934 727
-933 719
-932 776
-931 778
-930 771
-929 805
-928 775
-927 798
-926 841
-925 837
-924 843
-923 842
-922 803
-921 769
-920 815
-919 768
-918 788
-917 807
-916 790
-915 722
-914 745
-913 785
-912 752
-911 763
-910 786
-909 782
-908 783
-907 811
-906 771
-905 751
-904 763
-903 784
-902 772
-901 783
-900 813
-899 802
-898 816
-897 735
-896 836
-895 738
-894 759
-893 780
-892 797
-891 798
-890 822
-889 792
-888 756
-887 785
-886 796
-885 784
-884 818
-883 841
-882 815
-881 839
-880 884
-879 878
-878 899
-877 822
-876 906
-875 857
-874 826
-873 883
-872 889
-871 896
-870 906
-869 897
-868 916
-867 898
-866 898
-865 902
-864 973
-863 935
-862 981
-861 986
-860 982
-859 1015
-858 1012
-857 1027
-856 1023
-855 1064
-854 1049
-853 1038
-852 1004
-851 1022
-850 1118
-849 1073
-848 1077
-847 1042
-846 1089
-845 1060
-844 1089
-843 1057
-842 1041
-841 1073
-840 1093
-839 1038
-838 1145
-837 1101
-836 1099
-835 1146
-834 1188
-833 1250
-832 1148
-831 1140
-830 1260
-829 1191
-828 1229
-827 1266
-826 1241
-825 1249
-824 1360
-823 1299
-822 1384
-821 1423
-820 1381
-819 1433
-818 1478
-817 1511
-816 1438
-815 1549
-814 1422
-813 1546
-812 1613
-811 1648
-810 1581
-809 1576
-808 1585
-807 1662
-806 1688
-805 1730
-804 1793
-803 1715
-802 1800
-801 1768
-800 1825
-799 1757
-798 1836
-797 1804
-796 1822
-795 1861
-794 1943
-793 1870
-792 1859
-791 1997
-790 1979
-789 1963
-788 2121
-787 2057
-786 2245
-785 2237
-784 2316
-783 2254
-782 2472
-781 2291
-780 2337
-779 2343
-778 2435
-777 2412
-776 2276
-775 2265
-774 2296
-773 2411
-772 2349
-771 2505
-770 2399
-769 2463
-768 2531
-767 2690
-766 2601
-765 2788
-764 2685
-763 2790
-762 2774
-761 2955
-760 2833
-759 2780
-758 2776
-757 2912
-756 2904
-755 2803
-754 2909
-753 2921
-752 2830
-751 2900
-750 2985
-749 2933
-748 3036
-747 2939
-746 3027
-745 3031
-744 3018
-743 3074
-742 3047
-741 3028
-740 3074
-739 3081
-738 3007
-737 3064
-736 3100
-735 3062
-734 3175
-733 3302
-732 3187
-731 3254
-730 3216
-729 3018
-728 3170
-727 3199
-726 3297
-725 3212
-724 3271
-723 3363
-722 3344
-721 3361
-720 3349
-719 3347
-718 3310
-717 3351
-716 3301
-715 3358
-714 3373
-713 3299
-712 3318
-711 3397
-710 3230
-709 3345
-708 3321
-707 3256
-706 3368
-705 3394
-704 3293
-703 3461
-702 3441
-701 3454
-700 3524
-699 3417
-698 3522
-697 3463
-696 3579
-695 3514
-694 3514
-693 3657
-692 3477
-691 3526
-690 3530
-689 3554
-688 3499
-687 3506
-686 3621
-685 3589
-684 3670
-683 3562
-682 3495
-681 3628
-680 3634
-679 3704
-678 3629
-677 3796
-676 3780
-675 3797
-674 3754
-673 3829
-672 3867
-671 3852
-670 3809
-669 3823
-668 3738
-667 3835
-666 3875
-665 3768
-664 3953
-663 3779
-662 3864
-661 3929
-660 3820
-659 3770
-658 3834
-657 3947
-656 3829
-655 3817
-654 3785
-653 3935
-652 3806
-651 3905
-650 3716
-649 3827
-648 3840
-647 3933
-646 3942
-645 3891
-644 3856
-643 4006
-642 3950
-641 3939
-640 4057
-639 4033
-638 4015
-637 4035
-636 4020
-635 4141
-634 4075
-633 4078
-632 4099
-631 4181
-630 4196
-629 4211
-628 4161
-627 4183
-626 4145
-625 4213
-624 4271
-623 4346
-622 4301
-621 4333
-620 4428
-619 4330
-618 4415
-617 4470
-616 4557
-615 4531
-614 4364
-613 4275
-612 4429
-611 4443
-610 4495
-609 4504
-608 4500
-607 4448
-606 4604
-605 4471
-604 4418
-603 4484
-602 4552
-601 4504
-600 4441
-599 4466
-598 4539
-597 4485
-596 4508
-595 4511
-594 4521
-593 4566
-592 4477
-591 4597
-590 4557
-589 4508
-588 4661
-587 4543
-586 4536
-585 4515
-584 4670
-583 4436
-582 4522
-581 4661
-580 4614
-579 4685
-578 4600
-577 4617
-576 4637
-575 4628
-574 4715
-573 4615
-572 4756
-571 4711
-570 4656
-569 4829
-568 4832
-567 4774
-566 4832
-565 4840
-564 4861
-563 4848
-562 4804
-561 4810
-560 4926
-559 4837
-558 4829
-557 4822
-556 4819
-555 4933
-554 4914
-553 4951
-552 4869
-551 4992
-550 4866
-549 4966
-548 4822
-547 5081
-546 5052
-545 5057
-544 4965
-543 4971
-542 5048
-541 5051
-540 5048
-539 5051
-538 5006
-537 4996
-536 4969
-535 4938
-534 5087
-533 5215
-532 5058
-531 5151
-530 5258
-529 5312
-528 5179
-527 5142
-526 5183
-525 5180
-524 5323
-523 5214
-522 5283
-521 5256
-520 5269
-519 5339
-518 5306
-517 5398
-516 5164
-515 5456
-514 5397
-513 5594
-512 5503
-511 5373
-510 5450
-509 5514
-508 5586
-507 5446
-506 5390
-505 5384
-504 5494
-503 5578
-502 5472
-501 5424
-500 5469
-499 5485
-498 5506
-497 5431
-496 5401
-495 5523
-494 5392
-493 5405
-492 5413
-491 5468
-490 5508
-489 5369
-488 5593
-487 5423
-486 5537
-485 5553
-484 5462
-483 5489
-482 5488
-481 5504
-480 5435
-479 5512
-478 5533
-477 5580
-476 5511
-475 5643
-474 5576
-473 5664
-472 5719
-471 5760
-470 5910
-469 5691
-468 5811
-467 5730
-466 5863
-465 5742
-464 5901
-463 5962
-462 5825
-461 5963
-460 5990
-459 5866
-458 6081
-457 6025
-456 6204
-455 6178
-454 6222
-453 6196
-452 6170
-451 6201
-450 6030
-449 6113
-448 6054
-447 6070
-446 6205
-445 6107
-444 6130
-443 6338
-442 6114
-441 6151
-440 6030
-439 6155
-438 6252
-437 6122
-436 6083
-435 6226
-434 6280
-433 6470
-432 6265
-431 6215
-430 6420
-429 6246
-428 6379
-427 6442
-426 6422
-425 6429
-424 6564
-423 6686
-422 6609
-421 6595
-420 6658
-419 6521
-418 6487
-417 6595
-416 6602
-415 6433
-414 6397
-413 6601
-412 6284
-411 6293
-410 6225
-409 6064
-408 6266
-407 6279
-406 6173
-405 6206
-404 6020
-403 6004
-402 6026
-401 5888
-400 5989
-399 6145
-398 6126
-397 6039
-396 5887
-395 5977
-394 5927
-393 5893
-392 5972
-391 5907
-390 5992
-389 6014
-388 5837
-387 5782
-386 5903
-385 5815
-384 5785
-383 5876
-382 5755
-381 5813
-380 5842
-379 5885
-378 5823
-377 5916
-376 5950
-375 5856
-374 5881
-373 5929
-372 5888
-371 5816
-370 5869
-369 5960
-368 5881
-367 5834
-366 5866
-365 5939
-364 5887
-363 5969
-362 5756
-361 6009
-360 5743
-359 5840
-358 6041
-357 5916
-356 5777
-355 5814
-354 6014
-353 5735
-352 6018
-351 5852
-350 5983
-349 5940
-348 6001
-347 5902
-346 5972
-345 5857
-344 5876
-343 5988
-342 5849
-341 5911
-340 5901
-339 5889
-338 5847
-337 5945
-336 6179
-335 5988
-334 6046
-333 5899
-332 6021
-331 5956
-330 5856
-329 5889
-328 5840
-327 5878
-326 5815
-325 5876
-324 5899
-323 5950
-322 5949
-321 5684
-320 5835
-319 5893
-318 5777
-317 5745
-316 5873
-315 5896
-314 5819
-313 5857
-312 5845
-311 5659
-310 5840
-309 5796
-308 5697
-307 5809
-306 5741
-305 5667
-304 5668
-303 5913
-302 5924
-301 5790
-300 5783
-299 5853
-298 5822
-297 5913
-296 5922
-295 5721
-294 5773
-293 5699
-292 5685
-291 5719
-290 5730
-289 5675
-288 5530
-287 5548
-286 5348
-285 5392
-284 5273
-283 5468
-282 5470
-281 5417
-280 5324
-279 5400
-278 5336
-277 5357
-276 5370
-275 5257
-274 5315
-273 5253
-272 5522
-271 5350
-270 5294
-269 5279
-268 5383
-267 5237
-266 5224
-265 5175
-264 5212
-263 5095
-262 5215
-261 5133
-260 5095
-259 5091
-258 5031
-257 5155
-256 4991
-255 5024
-254 5052
-253 4893
-252 4885
-251 5079
-250 5019
-249 5033
-248 4863
-247 4777
-246 4817
-245 4897
-244 4769
-243 4896
-242 4921
-241 4887
-240 4752
-239 4831
-238 4855
-237 4714
-236 4951
-235 4708
-234 4722
-233 4700
-232 4725
-231 4792
-230 4545
-229 4637
-228 4583
-227 4633
-226 4586
-225 4441
-224 4471
-223 4384
-222 4468
-221 4565
-220 4447
-219 4465
-218 4494
-217 4448
-216 4461
-215 4442
-214 4338
-213 4358
-212 4315
-211 4394
-210 4252
-209 4317
-208 4324
-207 4099
-206 4291
-205 4259
-204 4201
-203 4390
-202 4257
-201 4277
-200 4308
-199 4171
-198 4138
-197 4303
-196 4102
-195 4224
-194 4199
-193 4136
-192 4081
-191 3906
-190 4070
-189 4021
-188 4033
-187 4149
-186 4017
-185 4038
-184 4040
-183 4071
-182 3830
-181 4106
-180 3997
-179 3885
-178 3951
-177 3894
-176 3949
-175 3882
-174 3940
-173 3954
-172 3954
-171 3916
-170 3885
-169 3808
-168 3784
-167 3888
-166 3885
-165 3762
-164 3764
-163 3854
-162 3810
-161 3735
-160 3735
-159 3661
-158 3735
-157 3752
-156 3587
-155 3656
-154 3692
-153 3565
-152 3624
-151 3572
-150 3491
-149 3569
-148 3631
-147 3476
-146 3506
-145 3619
-144 3582
-143 3589
-142 3563
-141 3649
-140 3532
-139 3563
-138 3581
-137 3676
-136 3552
-135 3518
-134 3450
-133 3610
-132 3417
-131 3484
-130 3537
-129 3482
-128 3422
-127 3429
-126 3473
-125 3473
-124 3433
-123 3332
-122 3361
-121 3373
-120 3313
-119 3404
-118 3286
-117 3209
-116 3171
-115 3165
-114 3229
-113 3217
-112 3111
-111 3150
-110 3104
-109 2981
-108 3003
-107 3147
-106 2950
-105 2894
-104 3004
-103 3011
-102 2888
-101 2844
-100 2849
-99 2844
-98 2963
-97 2870
-96 2838
-95 2741
-94 2782
-93 2742
-92 2849
-91 2692
-90 2777
-89 2768
-88 2733
-87 2868
-86 2766
-85 2727
-84 2786
-83 2662
-82 2664
-81 2672
-80 2611
-79 2782
-78 2649
-77 2556
-76 2560
-75 2597
-74 2591
-73 2494
-72 2527
-71 2567
-70 2488
-69 2495
-68 2463
-67 2418
-66 2407
-65 2401
-64 2445
-63 2456
-62 2380
-61 2396
-60 2450
-59 2440
-58 2316
-57 2348
-56 2368
-55 2312
-54 2184
-53 2395
-52 2286
-51 2260
-50 2290
-49 2227
-48 2263
-47 2251
-46 2233
-45 2220
-44 2146
-43 2276
-42 2208
-41 2324
-40 2188
-39 2170
-38 2136
-37 2191
-36 2101
-35 2096
-34 2184
-33 2211
-32 2183
-31 2096
-30 2072
-29 2063
-28 2047
-27 2002
-26 2051
-25 2075
-24 1939
-23 1972
-22 2045
-21 1921
-20 1968
-19 1880
-18 1956
-17 1941
-16 2012
-15 1852
-14 1907
-13 1873
-12 1926
-11 1867
-10 1893
-9 1866
-8 1944
-7 1860
-6 1838
-5 1837
-4 1922
-3 1766
-2 1784
-1 1786
0 1763
1 1723
2 1751
3 1747
4 1777
5 1775
6 1653
7 1672
8 1677
9 1693
10 1653
11 1759
12 1696
13 1668
14 1713
15 1658
16 1679
17 1634
18 1616
19 1535
20 1558
21 1584
22 1634
23 1596
24 1547
25 1471
26 1501
27 1504
28 1593
29 1566
30 1523
31 1550
32 1508
33 1461
34 1492
35 1490
36 1506
37 1478
38 1451
39 1462
40 1464
41 1476
42 1425
43 1407
44 1386
45 1424
46 1398
47 1382
48 1404
49 1372
50 1374
51 1343
52 1399
53 1353
54 1394
55 1321
56 1384
57 1371
58 1353
59 1315
60 1347
61 1375
62 1273
63 1317
64 1338
65 1324
66 1333
67 1317
68 1272
69 1257
70 1247
71 1267
72 1331
73 1235
74 1259
75 1220
76 1289
77 1192
78 1235
79 1210
80 1250
81 1224
82 1174
83 1183
84 1230
85 1239
86 1221
87 1165
88 1188
89 1178
90 1187
91 1125
92 1170
93 1216
94 1174
95 1149
96 1074
97 1127
98 1167
99 1158
100 1187
101 1144
102 1043
103 1044
104 1042
105 1035
106 1094
107 1047
108 1051
109 989
110 1034
111 1050
112 1038
113 1078
114 1048
115 1031
116 1060
117 1043
118 1026
119 1033
120 1041
121 965
122 931
123 951
124 946
125 964
126 994
127 998
128 953
129 972
130 923
131 970
132 950
133 889
134 944
135 948
136 906
137 943
138 948
139 879
140 857
141 848
142 881
143 864
144 924
145 799
146 839
147 835
148 831
149 868
150 867
151 885
152 843
153 861
154 783
155 852
156 861
157 773
158 785
159 820
160 784
161 788
162 772
163 784
164 787
165 796
166 799
167 796
168 715
169 709
170 713
171 753
172 681
173 736
174 699
175 744
176 735
177 668
178 731
179 705
180 677
181 713
182 680
183 674
184 673
185 714
186 650
187 667
188 616
189 644
190 645
191 660
192 685
193 641
194 685
195 604
196 677
197 580
198 676
199 641
200 613
201 620
202 620
203 613
204 637
205 676
206 611
207 609
208 637
209 600
210 607
211 602
212 609
213 592
214 635
215 593
216 627
217 592
218 549
219 488
220 529
221 579
222 551
223 549
224 563
225 507
226 537
227 524
228 480
229 554
230 537
231 461
232 488
233 503
234 515
235 508
236 528
237 527
238 499
239 522
240 486
241 463
242 458
243 499
244 488
245 436
246 451
247 453
248 475
249 461
250 475
251 463
252 459
253 478
254 459
255 436
256 427
257 435
258 478
259 444
260 448
261 433
262 400
263 433
264 402
265 387
266 382
267 411
268 432
269 407
270 394
271 431
272 408
273 407
274 375
275 405
276 396
277 393
278 374
279 404
280 413
281 403
282 351
283 353
284 374
285 382
286 366
287 370
288 316
289 363
290 358
291 369
292 337
293 349
294 326
295 300
296 342
297 329
298 315
299 320
300 346
301 281
302 339
303 285
304 305
305 312
306 309
307 318
308 350
309 308
310 314
311 289
312 302
313 263
314 292
315 303
316 300
317 285
318 270
319 306
320 285
321 282
322 278
323 273
324 258
325 258
326 269
327 253
328 274
329 263
330 261
331 263
332 247
333 251
334 259
335 261
336 249
337 227
338 242
339 253
340 256
341 274
342 240
343 233
344 227
345 241
346 257
347 254
348 257
349 228
350 194
351 226
352 213
353 212
354 238
355 222
356 211
357 224
358 206
359 210
360 214
361 216
362 212
363 212
364 187
365 211
366 202
367 212
368 189
369 179
370 211
371 218
372 184
373 191
374 200
375 204
376 184
377 192
378 180
379 189
380 168
381 212
382 154
383 181
384 161
385 183
386 179
387 181
388 193
389 168
390 168
391 172
392 159
393 188
394 166
395 176
396 184
397 156
398 187
399 182
400 156
401 159
402 180
403 171
404 202
405 191
406 187
407 171
408 210
409 186
410 161
411 164
412 174
413 181
414 172
415 187
416 164
417 179
418 174
419 177
420 167
421 186
422 154
423 175
424 168
425 184
426 166
427 154
428 175
429 162
430 147
431 187
432 151
433 158
434 180
435 161
436 151
437 167
438 169
439 145
440 167
441 158
442 139
443 153
444 142
445 149
446 158
447 149
448 191
449 145
450 149
451 153
452 153
453 155
454 166
455 150
456 169
457 175
458 164
459 162
460 192
461 173
462 172
463 165
464 161
465 161
466 174
467 161
468 177
469 166
470 144
471 171
472 192
473 151
474 171
475 164
476 142
477 145
478 154
479 166
480 166
481 157
482 179
483 157
484 194
485 172
486 164
487 178
488 187
489 178
490 155
491 151
492 173
493 178
494 172
495 172
496 168
497 184
498 171
499 188
500 159
501 152
502 167
503 184
504 154
505 170
506 188
507 185
508 183
509 172
510 146
511 189
512 197
513 187
514 188
515 184
516 159
517 193
518 193
519 180
520 178
521 179
522 176
523 178
524 187
525 178
526 189
527 187
528 172
529 198
530 189
531 182
532 186
533 179
534 214
535 231
536 200
537 190
538 196
539 193
540 173
541 195
542 220
543 231
544 205
545 195
546 208
547 224
548 198
549 198
550 209
551 195
552 226
553 196
554 227
555 226
556 195
557 235
558 222
559 188
560 226
561 200
562 213
563 222
564 242
565 218
566 207
567 234
568 213
569 203
570 224
571 221
572 207
573 235
574 209
575 215
576 230
577 242
578 223
579 212
580 210
581 224
582 220
583 218
584 195
585 217
586 190
587 194
588 214
589 217
590 182
591 196
592 196
593 191
594 217
595 211
596 203
597 213
598 216
599 203
600 222
601 216
602 204
603 215
604 235
605 195
606 229
607 198
608 217
609 200
610 222
611 206
612 190
613 214
614 221
615 231
616 218
617 226
618 196
619 189
620 196
621 172
622 210
623 217
624 211
625 181
626 205
627 186
628 180
629 214
630 188
631 179
632 178
633 219
634 175
635 208
636 195
637 185
638 186
639 194
640 214
641 187
642 179
643 179
644 157
645 159
646 197
647 187
648 201
649 176
650 179
651 183
652 185
653 178
654 179
655 191
656 201
657 208
658 187
659 175
660 177
661 183
662 142
663 173
664 171
665 163
666 173
667 180
668 156
669 162
670 151
671 172
672 178
673 165
674 155
675 188
676 171
677 165
678 170
679 169
680 159
681 139
682 184
683 148
684 171
685 158
686 181
687 172
688 151
689 170
690 160
691 132
692 183
693 142
694 173
695 157
696 169
697 173
698 163
699 177
700 198
701 162
702 152
703 164
704 156
705 189
706 148
707 171
708 159
709 148
710 141
711 141
712 142
713 156
714 158
715 138
716 153
717 144
718 143
719 141
720 150
721 148
722 143
723 135
724 147
725 144
726 145
727 133
728 139
729 145
730 152
731 139
732 131
733 133
734 148
735 126
736 151
737 124
738 117
739 157
740 146
741 161
742 134
743 147
744 133
745 131
746 114
747 108
748 162
749 134
750 128
751 124
752 118
753 136
754 121
755 146
756 131
757 114
758 133
759 127
760 146
761 137
762 126
763 138
764 130
765 137
766 121
767 114
768 130
769 141
770 142
771 126
772 113
773 131
774 128
775 113
776 110
777 144
778 130
779 117
780 114
781 121
782 139
783 113
784 97
785 117
786 134
787 124
788 124
789 140
790 144
791 130
792 116
793 129
794 122
795 117
796 119
797 127
798 111
799 135
800 105
801 114
802 109
803 104
804 118
805 107
806 125
807 117
808 121
809 135
810 108
811 115
812 119
813 100
814 93
815 120
816 111
817 111
818 107
819 105
820 102
821 115
822 111
823 121
824 117
825 108
826 120
827 116
828 114
829 101
830 131
831 113
832 100
833 106
834 108
835 107
836 114
837 105
838 93
839 117
840 91
841 118
842 104
843 88
844 99
845 92
846 86
847 84
848 103
849 96
850 115
851 108
852 91
853 93
854 89
855 107
856 85
857 108
858 105
859 77
860 117
861 82
862 88
863 87
864 94
865 94
866 93
867 80
868 115
869 79
870 98
871 87
872 70
873 85
874 89
875 92
876 107
877 85
878 79
879 73
880 105
881 98
882 103
883 96
884 72
885 82
886 81
887 80
888 92
889 82
890 79
891 86
892 79
893 90
894 82
895 83
896 83
897 64
898 86
899 81
900 75
901 76
902 75
903 77
904 81
905 73
906 83
907 81
908 84
909 71
910 82
911 58
912 64
913 89
914 78
915 65
916 67
917 79
918 69
919 74
920 69
921 69
922 74
923 50
924 70
925 82
926 63
927 74
928 70
929 62
930 85
931 78
932 53
933 67
934 58
935 68
936 75
937 71
938 75
939 60
940 66
941 75
942 74
943 55
944 62
945 58
946 64
947 55
948 64
949 68
950 65
951 55
952 51
953 51
954 57
955 59
956 72
957 63
958 63
959 66
960 57
961 61
962 66
963 51
964 59
965 66
966 60
967 61
968 61
969 47
970 53
971 50
972 57
973 66
974 52
975 49
976 51
977 52
978 43
979 61
980 61
981 54
982 54
983 54
984 51
985 56
986 58
987 47
988 52
989 55
990 45
991 54
992 54
993 58
994 51
995 45
996 60
997 53
998 48
999 48
1000 56
1001 58
1002 51
1003 46
1004 57
1005 49
1006 49
1007 46
1008 44
1009 56
1010 51
1011 53
1012 46
1013 46
1014 47
1015 35
1016 44
1017 46
1018 53
1019 52
1020 45
1021 47
1022 40
1023 39
1024 49
1025 47
1026 39
1027 44
1028 44
1029 52
1030 41
1031 46
1032 53
1033 52
1034 43
1035 39
1036 37
1037 43
1038 42
1039 36
1040 47
1041 47
1042 45
1043 34
1044 33
1045 41
1046 50
1047 35
1048 38
1049 38
1050 35
1051 40
1052 34
1053 34
1054 31
1055 27
1056 35
1057 44
1058 28
1059 28
1060 39
1061 31
1062 41
1063 32
1064 35
1065 26
1066 40
1067 42
1068 36
1069 33
1070 38
1071 33
1072 34
1073 28
1074 32
1075 38
1076 31
1077 38
1078 23
1079 24
1080 38
1081 40
1082 29
1083 28
1084 31
1085 30
1086 39
1087 38
1088 36
1089 14
1090 32
1091 20
1092 31
1093 28
1094 29
1095 33
1096 24
1097 28
1098 35
1099 31
1100 23
1101 20
1102 30
1103 27
1104 20
1105 29
1106 37
1107 22
1108 21
1109 21
1110 30
1111 25
1112 25
1113 24
1114 24
1115 21
1116 18
1117 22
1118 28
1119 24
1120 27
1121 16
1122 17
1123 26
1124 22
1125 21
1126 26
1127 27
1128 25
1129 31
1130 25
1131 23
1132 37
1133 21
1134 26
1135 18
1136 24
1137 26
1138 29
1139 20
1140 17
1141 30
1142 23
1143 26
1144 19
1145 19
1146 29
1147 15
1148 20
1149 21
1150 20
1151 26
1152 22
1153 21
1154 26
1155 24
1156 16
1157 15
1158 18
1159 15
1160 19
1161 13
1162 25
1163 17
1164 15
1165 16
1166 16
1167 17
1168 19
1169 17
1170 14
1171 12
1172 17
1173 20
1174 23
1175 23
1176 27
1177 15
1178 16
1179 18
1180 17
1181 12
1182 15
1183 14
1184 15
1185 18
1186 11
1187 14
1188 13
1189 18
1190 19
1191 20
1192 13
1193 18
1194 14
1195 13
1196 13
1197 13
1198 13
1199 13
1200 13
1201 16
1202 10
1203 6
1204 10
1205 17
1206 19
1207 11
1208 9
1209 9
1210 20
1211 15
1212 10
1213 17
1214 19
1215 14
1216 8
1217 11
1218 11
1219 9
1220 18
1221 11
1222 14
1223 12
1224 14
1225 12
1226 10
1227 5
1228 13
1229 15
1230 15
1231 8
1232 12
1233 13
1234 10
1235 8
1236 14
1237 18
1238 10
1239 16
1240 11
1241 10
1242 9
1243 10
1244 15
1245 10
1246 13
1247 9
1248 14
1249 15
1250 10
1251 16
1252 8
1253 4
1254 4
1255 11
1256 11
1257 9
1258 7
1259 11
1260 15
1261 8
1262 12
1263 13
1264 11
1265 6
1266 6
1267 9
1268 8
1269 10
1270 5
1271 3
1272 11
1273 12
1274 1
1275 16
1276 8
1277 7
1278 10
1279 12
1280 6
1281 5
1282 8
1283 6
1284 13
1285 6
1286 7
1287 8
1288 15
1289 6
1290 12
1291 8
1292 7
1293 5
1294 6
1295 15
1296 7
1297 6
1298 7
1299 4
1300 7
1301 8
1302 5
1303 7
1304 5
1305 6
1306 4
1307 4
1308 8
1309 7
1310 11
1311 8
1312 10
1313 10
1314 3
1315 6
1316 6
1317 7
1318 8
1319 5
1320 5
1321 3
1322 9
1323 7
1324 5
1325 6
1326 7
1327 7
1328 4
1329 7
1330 4
1331 9
1332 7
1333 7
1334 5
1335 8
1336 9
1337 2
1338 6
1339 1
1340 7
1341 4
1342 6
1343 3
1344 5
1345 5
1346 5
1347 3
1348 5
1349 4
1350 6
1351 8
1352 5
1353 7
1354 5
1355 6
1356 4
1357 6
1358 8
1359 2
1360 3
1361 7
1362 5
1363 6
1364 3
1365 2
1366 1
1367 3
1368 4
1369 5
1370 5
1371 4
1372 4
1373 5
1374 2
1375 3
1376 4
1377 5
1378 2
1379 4
1380 3
1381 7
1382 2
1383 4
1384 4
1385 4
1386 1
1387 2
1388 3
1389 5
1390 5
1391 1
1392 2
1395 4
1396 3
1398 2
1399 1
1400 2
1401 1
1402 1
1403 5
1404 2
1405 1
1406 3
1407 2
1408 3
1409 1
1410 2
1412 3
1413 1
1414 2
1415 4
1416 7
1419 6
1420 1
1421 2
1422 1
1423 2
1424 2
1425 1
1427 1
1428 2
1429 1
1430 2
1431 4
1432 1
1433 1
1436 1
1437 3
1438 4
1439 1
1440 2
1442 2
1443 1
1444 1
1445 1
1446 1
1447 1
1448 3
1449 1
1450 3
1451 3
1452 1
1453 1
1454 2
1456 2
1457 1
1458 1
1459 1
1461 1
1462 3
1466 2
1471 1
1473 1
1474 3
1475 2
1477 3
1478 1
1479 2
1480 1
1481 1
1482 1
1483 2
1484 1
1486 2
1487 2
1488 1
1489 2
1490 2
1492 1
1493 2
1494 2
1495 1
1496 1
1498 1
1499 1
1500 2
1502 2
1503 1
1504 1
1505 1
1506 1
1507 2
1508 1
1509 1
1510 1
1511 1
1512 1
1514 3
1515 1
1516 1
1518 2
1519 1
1522 1
1523 4
1524 2
1525 1
1526 1
1528 1
1530 1
1534 1
1535 2
1539 1
1542 1
1545 2
1546 1
1547 1
1549 1
1554 2
1556 1
1557 2
1560 1
1563 2
1566 1
1570 1
1571 1
1572 1
1574 1
1575 1
1576 1
1578 1
1580 1
1581 1
1582 1
1584 1
1586 1
1588 2
1592 1
1597 1
1598 1
1602 1
1605 1
1607 1
1622 1
1625 2
1632 1
1633 1
1639 1
1649 1
1657 1
1672 1
1689 1
1694 1
1696 1
1719 1
1722 1
1730 1
1732 2
