98 45
99 178
100 479
101 602
102 790
103 745
104 569
105 594
106 615
107 670
108 771
109 804
110 867
111 737
112 711
113 654
114 912
115 1100
116 1247
117 1323
118 1244
119 1396
120 1306
121 1264
122 1204
123 1238
124 1172
125 1253
126 1268
127 1300
128 1411
129 1354
130 1413
131 1781
132 2252
133 2789
134 3389
135 3646
136 3852
137 4441
138 4375
139 4562
140 4437
141 4375
142 4245
143 4319
144 4143
145 4224
146 4200
147 4410
148 4509
149 4544
150 4597
151 4751
152 4649
153 4691
154 4814
155 5078
156 5098
157 5004
158 4903
159 4953
160 4986
161 4857
162 4832
163 4543
164 4644
165 4682
166 4670
167 4777
168 5202
169 5031
170 5311
171 5340
172 5231
173 5199
174 5024
175 5510
176 5847
177 5982
178 6337
179 6276
180 6199
181 6264
182 6275
183 6207
184 6013
185 6076
186 6240
187 6158
188 6270
189 6429
190 6256
191 5994
192 6080
193 6166
194 6269
195 6327
196 6382
197 6700
198 6820
199 6793
200 7025
201 7258
202 7502
203 7506
204 7493
205 7393
206 7359
207 7243
208 7024
209 7148
210 7075
211 7181
212 7138
213 7067
214 7111
215 7044
216 6651
217 6768
218 6940
219 6418
220 6664
221 6583
222 6539
223 6846
224 6822
225 6825
226 6854
227 6777
228 6711
229 6852
230 6908
231 7068
232 6928
233 6951
234 6793
235 6745
236 7086
237 7176
238 7174
239 7499
240 7522
241 7826
242 7775
243 7753
244 7620
245 7547
246 7371
247 7413
248 7477
249 7553
250 7343
251 7418
252 7451
253 7261
254 7508
255 7625
256 7417
257 7183
258 7341
259 7219
260 7339
261 7299
262 7164
263 7256
264 7399
265 7469
266 7646
267 7528
268 7553
269 7638
270 7700
271 7709
272 7800
273 7929
274 8065
275 8119
276 8197
277 8263
278 8178
279 8250
280 8158
281 8089
282 8019
283 8029
284 7965
285 7781
286 7826
287 7779
288 7833
289 7935
290 7994
291 7826
292 7742
293 7793
294 7793
295 7775
296 7496
297 7657
298 7587
299 7452
300 7609
301 7621
302 7611
303 7564
304 7478
305 7567
306 7396
307 7246
308 7315
309 7315
310 7411
311 7301
312 7283
313 7267
314 7338
315 7481
316 7525
317 7472
318 7438
319 7420
320 7538
321 7462
322 7555
323 7388
324 7311
325 7283
326 7227
327 7226
328 7290
329 7051
330 7041
331 7021
332 6924
333 6828
334 7005
335 6900
336 6788
337 7035
338 7023
339 6924
340 6869
341 6917
342 6914
343 6890
344 7073
345 7168
346 7274
347 7269
348 7429
349 7293
350 7190
351 7387
352 7213
353 7466
354 7328
355 7337
356 7297
357 7385
358 7537
359 7529
360 7342
361 7429
362 7367
363 7309
364 7272
365 7256
366 7316
367 7267
368 6957
369 7131
370 6958
371 6810
372 6860
373 6892
374 6812
375 6754
376 6839
377 6731
378 6581
379 6631
380 6657
381 6643
382 6602
383 6550
384 6498
385 6556
386 6585
387 6512
388 6439
389 6500
390 6390
391 6499
392 6360
393 6316
394 6283
395 6449
396 6400
397 6212
398 6265
399 6196
400 6244
401 5940
402 6093
403 5979
404 5906
405 5988
406 5909
407 5887
408 5939
409 6085
410 6079
411 6016
412 5953
413 5967
414 6065
415 6050
416 5838
417 5833
418 5977
419 5765
420 5831
421 5696
422 5836
423 5753
424 5637
425 5653
426 5577
427 5568
428 5441
429 5417
430 5435
431 5602
432 5533
433 5465
434 5443
435 5480
436 5617
437 5489
438 5396
439 5402
440 5443
441 5265
442 5327
443 5148
444 5286
445 5263
446 5216
447 5127
448 5237
449 5326
450 5059
451 5043
452 5125
453 5113
454 5053
455 5133
456 5246
457 4985
458 5188
459 5267
460 5074
461 5232
462 5342
463 5363
464 5330
465 5328
466 5317
467 5261
468 5513
469 5328
470 5468
471 5423
472 5265
473 5224
474 5332
475 5374
476 5218
477 5433
478 5366
479 5424
480 5317
481 5380
482 5340
483 5295
484 5203
485 5127
486 5216
487 5173
488 5160
489 5151
490 5050
491 5181
492 5054
493 5191
494 5167
495 5013
496 4947
497 5067
498 4859
499 4854
500 4885
501 4809
502 4860
503 4828
504 4844
505 4715
506 4883
507 4923
508 4881
509 4735
510 4767
511 4886
512 4861
513 4816
514 4815
515 4902
516 4924
517 4723
518 4781
519 4836
520 4818
521 4911
522 4771
523 4763
524 4774
525 4855
526 4872
527 4885
528 4867
529 4843
530 4831
531 4842
532 4833
533 4915
534 4910
535 4940
536 4960
537 4776
538 4777
539 4875
540 5006
541 4954
542 5027
543 4904
544 4891
545 4702
546 4677
547 4796
548 4595
549 4676
550 4501
551 4492
552 4585
553 4611
554 4682
555 4475
556 4630
557 4669
558 4537
559 4688
560 4508
561 4538
562 4619
563 4618
564 4551
565 4643
566 4484
567 4418
568 4569
569 4438
570 4374
571 4473
572 4514
573 4416
574 4453
575 4324
576 4204
577 4393
578 4225
579 4153
580 4300
581 4316
582 4322
583 4164
584 4163
585 4155
586 4146
587 4172
588 4124
589 4185
590 4112
591 4118
592 3980
593 4046
594 4028
595 3915
596 4011
597 3940
598 4029
599 3909
600 4040
601 3874
602 3816
603 3905
604 3785
605 3781
606 3796
607 3701
608 3806
609 3735
610 3756
611 3828
612 3928
613 3695
614 3805
615 3822
616 3798
617 3813
618 3832
619 3814
620 3791
621 3756
622 3744
623 3812
624 3660
625 3729
626 3751
627 3650
628 3659
629 3601
630 3503
631 3557
632 3640
633 3652
634 3654
635 3669
636 3581
637 3527
638 3489
639 3524
640 3590
641 3480
642 3521
643 3417
644 3385
645 3552
646 3411
647 3467
648 3539
649 3474
650 3326
651 3436
652 3459
653 3340
654 3383
655 3305
656 3327
657 3301
658 3253
659 3114
660 3289
661 3272
662 3221
663 3193
664 3024
665 3220
666 3090
667 3134
668 3108
669 3090
670 3140
671 2999
672 3037
673 3034
674 3048
675 3015
676 3120
677 3040
678 3048
679 3041
680 2971
681 3049
682 3006
683 3014
684 2968
685 2899
686 2998
687 2944
688 2924
689 2943
690 2966
691 2916
692 3006
693 2997
694 2881
695 2984
696 2826
697 2891
698 2882
699 2811
700 2868
701 2872
702 2866
703 2815
704 2793
705 2903
706 2796
707 2798
708 2817
709 2788
710 2730
711 2757
712 2655
713 2760
714 2663
715 2616
716 2731
717 2727
718 2667
719 2676
720 2631
721 2605
722 2635
723 2691
724 2714
725 2671
726 2647
727 2617
728 2697
729 2677
730 2569
731 2644
732 2538
733 2613
734 2614
735 2596
736 2612
737 2591
738 2548
739 2478
740 2572
741 2510
742 2457
743 2444
744 2384
745 2485
746 2531
747 2506
748 2467
749 2537
750 2530
751 2379
752 2550
753 2404
754 2396
755 2367
756 2302
757 2405
758 2366
759 2371
760 2315
761 2301
762 2262
763 2349
764 2223
765 2246
766 2246
767 2315
768 2285
769 2329
770 2130
771 2248
772 2297
773 2240
774 2248
775 2229
776 2338
777 2154
778 2258
779 2164
780 2196
781 2087
782 2129
783 2132
784 2149
785 2055
786 2151
787 2016
788 2098
789 2050
790 1981
791 1924
792 1999
793 1947
794 1988
795 1996
796 1959
797 2006
798 1894
799 1932
800 2033
801 1951
802 1959
803 1909
804 1925
805 1971
806 1910
807 1911
808 1938
809 1890
810 1822
811 1823
812 1901
813 1829
814 1745
815 1782
816 1784
817 1830
818 1780
819 1740
820 1810
821 1791
822 1759
823 1692
824 1785
825 1744
826 1827
827 1722
828 1749
829 1672
830 1699
831 1721
832 1696
833 1730
834 1705
835 1670
836 1629
837 1702
838 1634
839 1710
840 1630
841 1658
842 1633
843 1607
844 1566
845 1644
846 1641
847 1673
848 1551
849 1633
850 1705
851 1573
852 1558
853 1604
854 1584
855 1580
856 1557
857 1550
858 1502
859 1585
860 1526
861 1601
862 1597
863 1541
864 1490
865 1552
866 1521
867 1531
868 1506
869 1505
870 1543
871 1459
872 1508
873 1530
874 1560
875 1483
876 1556
877 1512
878 1524
879 1525
880 1453
881 1571
882 1564
883 1469
884 1509
885 1525
886 1496
887 1528
888 1543
889 1510
890 1543
891 1521
892 1483
893 1476
894 1457
895 1448
896 1475
897 1462
898 1495
899 1495
900 1469
901 1386
902 1495
903 1481
904 1429
905 1417
906 1419
907 1444
908 1431
909 1296
910 1357
911 1346
912 1407
913 1337
914 1364
915 1309
916 1345
917 1358
918 1308
919 1327
920 1341
921 1319
922 1370
923 1355
924 1296
925 1259
926 1253
927 1315
928 1306
929 1321
930 1292
931 1273
932 1248
933 1297
934 1227
935 1257
936 1252
937 1204
938 1288
939 1225
940 1262
941 1282
942 1212
943 1259
944 1187
945 1175
946 1199
947 1247
948 1169
949 1207
950 1179
951 1168
952 1255
953 1200
954 1205
955 1246
956 1193
957 1157
958 1207
959 1223
960 1269
961 1214
962 1182
963 1241
964 1178
965 1157
966 1208
967 1204
968 1157
969 1187
970 1239
971 1183
972 1229
973 1261
974 1137
975 1197
976 1190
977 1219
978 1206
979 1167
980 1165
981 1200
982 1118
983 1155
984 1087
985 1207
986 1054
987 1124
988 1096
989 1116
990 1083
991 1096
992 1067
993 1096
994 1013
995 1063
996 1041
997 1013
998 1030
999 1054
1000 1007
1001 1001
1002 1022
1003 977
1004 1046
1005 1018
1006 931
1007 1035
1008 987
1009 932
1010 952
1011 908
1012 920
1013 968
1014 932
1015 985
1016 925
1017 918
1018 1004
1019 954
1020 910
1021 896
1022 865
1023 901
1024 897
1025 933
1026 925
1027 901
1028 884
1029 874
1030 887
1031 834
1032 898
1033 864
1034 820
1035 846
1036 823
1037 875
1038 900
1039 882
1040 866
1041 807
1042 802
1043 825
1044 825
1045 806
1046 819
1047 841
1048 806
1049 770
1050 834
1051 787
1052 758
1053 750
1054 788
1055 781
1056 796
1057 778
1058 860
1059 763
1060 798
1061 753
1062 751
1063 768
1064 775
1065 779
1066 694
1067 733
1068 751
1069 680
1070 726
1071 705
1072 708
1073 691
1074 753
1075 709
1076 767
1077 750
1078 703
1079 693
1080 680
1081 695
1082 680
1083 629
1084 709
1085 693
1086 712
1087 669
1088 697
1089 661
1090 731
1091 670
1092 674
1093 692
1094 639
1095 606
1096 691
1097 619
1098 671
1099 592
1100 643
1101 676
1102 679
1103 654
1104 645
1105 622
1106 647
1107 594
1108 626
1109 648
1110 634
1111 628
1112 618
1113 599
1114 621
1115 567
1116 617
1117 608
1118 646
1119 659
1120 611
1121 574
1122 588
1123 581
1124 660
1125 619
1126 606
1127 576
1128 615
1129 588
1130 584
1131 568
1132 618
1133 595
1134 621
1135 542
1136 584
1137 609
1138 544
1139 543
1140 567
1141 585
1142 549
1143 563
1144 556
1145 542
1146 566
1147 569
1148 538
1149 558
1150 559
1151 572
1152 549
1153 571
1154 537
1155 538
1156 513
1157 522
1158 545
1159 536
1160 524
1161 501
1162 542
1163 555
1164 507
1165 545
1166 480
1167 513
1168 530
1169 557
1170 506
1171 511
1172 518
1173 559
1174 515
1175 506
1176 497
1177 500
1178 527
1179 538
1180 490
1181 501
1182 454
1183 483
1184 526
1185 487
1186 511
1187 487
1188 483
1189 462
1190 466
1191 508
1192 518
1193 438
1194 465
1195 462
1196 471
1197 438
1198 463
1199 457
1200 440
1201 540
1202 455
1203 429
1204 437
1205 501
1206 433
1207 466
1208 433
1209 475
1210 449
1211 408
1212 433
1213 442
1214 443
1215 471
1216 437
1217 462
1218 470
1219 439
1220 420
1221 437
1222 442
1223 432
1224 457
1225 422
1226 429
1227 422
1228 425
1229 418
1230 443
1231 421
1232 435
1233 464
1234 417
1235 425
1236 451
1237 415
1238 412
1239 411
1240 377
1241 406
1242 412
1243 392
1244 411
1245 414
1246 426
1247 408
1248 404
1249 367
1250 406
1251 355
1252 385
1253 363
1254 375
1255 369
1256 388
1257 372
1258 376
1259 444
1260 386
1261 404
1262 386
1263 375
1264 344
1265 354
1266 375
1267 383
1268 386
1269 364
1270 337
1271 371
1272 359
1273 376
1274 331
1275 349
1276 380
1277 376
1278 366
1279 338
1280 314
1281 356
1282 344
1283 316
1284 337
1285 347
1286 345
1287 328
1288 358
1289 334
1290 299
1291 319
1292 344
1293 337
1294 327
1295 337
1296 330
1297 332
1298 339
1299 342
1300 325
1301 318
1302 323
1303 320
1304 315
1305 306
1306 326
1307 316
1308 308
1309 311
1310 305
1311 303
1312 328
1313 302
1314 339
1315 273
1316 298
1317 275
1318 283
1319 298
1320 316
1321 294
1322 277
1323 285
1324 280
1325 297
1326 282
1327 316
1328 277
1329 293
1330 244
1331 287
1332 305
1333 271
1334 290
1335 296
1336 301
1337 316
1338 290
1339 289
1340 282
1341 308
1342 282
1343 319
1344 297
1345 325
1346 276
1347 272
1348 288
1349 309
1350 309
1351 293
1352 317
1353 295
1354 310
1355 303
1356 273
1357 276
1358 268
1359 282
1360 284
1361 269
1362 264
1363 281
1364 263
1365 242
1366 297
1367 264
1368 266
1369 291
1370 276
1371 266
1372 266
1373 309
1374 282
1375 246
1376 264
1377 263
1378 266
1379 258
1380 259
1381 247
1382 273
1383 252
1384 267
1385 265
1386 275
1387 267
1388 263
1389 263
1390 246
1391 276
1392 270
1393 239
1394 256
1395 255
1396 246
1397 244
1398 270
1399 241
1400 241
1401 245
1402 229
1403 255
1404 244
1405 230
1406 253
1407 232
1408 219
1409 252
1410 240
1411 229
1412 221
1413 202
1414 232
1415 222
1416 218
1417 227
1418 216
1419 257
1420 226
1421 209
1422 241
1423 240
1424 250
1425 223
1426 216
1427 209
1428 216
1429 201
1430 230
1431 234
1432 246
1433 199
1434 235
1435 191
1436 200
1437 207
1438 220
1439 224
1440 206
1441 208
1442 202
1443 203
1444 217
1445 221
1446 200
1447 204
1448 183
1449 201
1450 210
1451 178
1452 210
1453 204
1454 182
1455 220
1456 193
1457 204
1458 216
1459 199
1460 173
1461 184
1462 197
1463 188
1464 189
1465 162
1466 185
1467 159
1468 188
1469 187
1470 204
1471 182
1472 185
1473 187
1474 184
1475 202
1476 193
1477 189
1478 185
1479 170
1480 190
1481 192
1482 173
1483 174
1484 185
1485 185
1486 176
1487 180
1488 192
1489 166
1490 152
1491 173
1492 184
1493 190
1494 184
1495 153
1496 183
1497 190
1498 169
1499 155
1500 173
1501 161
1502 146
1503 165
1504 163
1505 181
1506 163
1507 144
1508 138
1509 162
1510 141
1511 143
1512 147
1513 161
1514 132
1515 157
1516 163
1517 158
1518 130
1519 168
1520 167
1521 145
1522 153
1523 142
1524 163
1525 154
1526 154
1527 161
1528 164
1529 155
1530 172
1531 148
1532 145
1533 160
1534 114
1535 135
1536 151
1537 145
1538 140
1539 152
1540 132
1541 141
1542 155
1543 133
1544 149
1545 150
1546 151
1547 138
1548 147
1549 159
1550 144
1551 141
1552 121
1553 142
1554 131
1555 140
1556 138
1557 139
1558 139
1559 130
1560 135
1561 147
1562 126
1563 153
1564 127
1565 144
1566 128
1567 147
1568 111
1569 119
1570 118
1571 150
1572 142
1573 133
1574 112
1575 121
1576 137
1577 127
1578 115
1579 110
1580 113
1581 118
1582 133
1583 122
1584 125
1585 101
1586 130
1587 152
1588 131
1589 121
1590 113
1591 103
1592 129
1593 123
1594 109
1595 113
1596 132
1597 120
1598 103
1599 103
1600 113
1601 105
1602 110
1603 138
1604 136
1605 104
1606 108
1607 120
1608 109
1609 107
1610 132
1611 110
1612 109
1613 126
1614 116
1615 129
1616 126
1617 97
1618 120
1619 111
1620 102
1621 125
1622 121
1623 113
1624 103
1625 100
1626 121
1627 122
1628 107
1629 106
1630 100
1631 94
1632 114
1633 116
1634 129
1635 86
1636 113
1637 118
1638 106
1639 92
1640 127
1641 121
1642 112
1643 102
1644 118
1645 92
1646 99
1647 110
1648 105
1649 93
1650 115
1651 98
1652 105
1653 127
1654 101
1655 88
1656 124
1657 101
1658 102
1659 99
1660 108
1661 110
1662 104
1663 99
1664 103
1665 93
1666 99
1667 88
1668 109
1669 95
1670 110
1671 107
1672 90
1673 79
1674 110
1675 97
1676 96
1677 92
1678 92
1679 99
1680 93
1681 101
1682 93
1683 102
1684 100
1685 82
1686 100
1687 77
1688 106
1689 101
1690 101
1691 101
1692 103
1693 101
1694 103
1695 85
1696 84
1697 87
1698 83
1699 84
1700 81
1701 89
1702 102
1703 118
1704 98
1705 85
1706 77
1707 73
1708 90
1709 81
1710 80
1711 78
1712 88
1713 96
1714 90
1715 92
1716 96
1717 88
1718 83
1719 76
1720 86
1721 83
1722 97
1723 89
1724 83
1725 89
1726 82
1727 76
1728 82
1729 85
1730 84
1731 89
1732 91
1733 97
1734 92
1735 74
1736 114
1737 85
1738 80
1739 84
1740 109
1741 85
1742 88
1743 87
1744 90
1745 80
1746 88
1747 80
1748 82
1749 90
1750 98
1751 86
1752 73
1753 69
1754 90
1755 87
1756 79
1757 74
1758 64
1759 84
1760 66
1761 75
1762 78
1763 74
1764 71
1765 68
1766 93
1767 99
1768 79
1769 71
1770 84
1771 63
1772 82
1773 75
1774 68
1775 86
1776 71
1777 85
1778 52
1779 73
1780 81
1781 78
1782 86
1783 71
1784 63
1785 75
1786 91
1787 68
1788 77
1789 79
1790 68
1791 67
1792 69
1793 78
1794 60
1795 68
1796 59
1797 58
1798 83
1799 67
1800 64
1801 64
1802 61
1803 72
1804 75
1805 81
1806 66
1807 72
1808 79
1809 64
1810 74
1811 66
1812 67
1813 67
1814 55
1815 52
1816 67
1817 72
1818 82
1819 67
1820 74
1821 76
1822 61
1823 74
1824 58
1825 73
1826 62
1827 59
1828 87
1829 65
1830 61
1831 59
1832 59
1833 69
1834 74
1835 57
1836 52
1837 63
1838 66
1839 69
1840 61
1841 72
1842 50
1843 74
1844 65
1845 58
1846 65
1847 61
1848 60
1849 77
1850 73
1851 59
1852 66
1853 62
1854 58
1855 54
1856 61
1857 61
1858 65
1859 69
1860 74
1861 62
1862 57
1863 68
1864 60
1865 56
1866 68
1867 62
1868 62
1869 60
1870 58
1871 59
1872 66
1873 43
1874 60
1875 50
1876 57
1877 60
1878 56
1879 54
1880 57
1881 48
1882 56
1883 62
1884 57
1885 48
1886 67
1887 45
1888 48
1889 61
1890 61
1891 60
1892 52
1893 61
1894 48
1895 46
1896 66
1897 47
1898 53
1899 61
1900 47
1901 60
1902 56
1903 41
1904 50
1905 53
1906 43
1907 42
1908 51
1909 55
1910 51
1911 58
1912 59
1913 54
1914 53
1915 55
1916 59
1917 45
1918 53
1919 47
1920 51
1921 45
1922 47
1923 61
1924 49
1925 46
1926 45
1927 38
1928 47
1929 62
1930 48
1931 41
1932 42
1933 59
1934 59
1935 52
1936 45
1937 53
1938 53
1939 50
1940 35
1941 54
1942 60
1943 50
1944 57
1945 51
1946 48
1947 47
1948 46
1949 49
1950 41
1951 49
1952 64
1953 53
1954 52
1955 47
1956 49
1957 55
1958 46
1959 63
1960 56
1961 38
1962 46
1963 36
1964 40
1965 42
1966 32
1967 38
1968 48
1969 52
1970 45
1971 48
1972 45
1973 42
1974 36
1975 44
1976 43
1977 47
1978 41
1979 51
1980 37
1981 33
1982 36
1983 51
1984 56
1985 44
1986 38
1987 40
1988 39
1989 41
1990 40
1991 36
1992 51
1993 52
1994 49
1995 46
1996 51
1997 36
1998 41
1999 44
2000 36
2001 31
2002 45
2003 50
2004 43
2005 45
2006 63
2007 49
2008 46
2009 47
2010 35
2011 37
2012 36
2013 43
2014 45
2015 47
2016 28
2017 37
2018 36
2019 35
2020 33
2021 48
2022 45
2023 39
2024 48
2025 33
2026 29
2027 35
2028 36
2029 45
2030 42
2031 40
2032 44
2033 37
2034 51
2035 43
2036 39
2037 27
2038 39
2039 31
2040 29
2041 37
2042 47
2043 38
2044 36
2045 39
2046 26
2047 41
2048 39
2049 31
2050 31
2051 42
2052 39
2053 30
2054 46
2055 41
2056 36
2057 41
2058 37
2059 44
2060 31
2061 48
2062 35
2063 39
2064 46
2065 35
2066 28
2067 49
2068 39
2069 29
2070 32
2071 38
2072 28
2073 32
2074 33
2075 34
2076 30
2077 32
2078 32
2079 38
2080 43
2081 37
2082 44
2083 41
2084 39
2085 35
2086 42
2087 41
2088 34
2089 36
2090 38
2091 36
2092 37
2093 25
2094 32
2095 42
2096 37
2097 32
2098 35
2099 38
2100 27
2101 36
2102 32
2103 33
2104 30
2105 24
2106 28
2107 40
2108 21
2109 36
2110 33
2111 34
2112 34
2113 34
2114 34
2115 45
2116 35
2117 28
2118 24
2119 43
2120 31
2121 31
2122 29
2123 36
2124 28
2125 26
2126 32
2127 38
2128 30
2129 40
2130 29
2131 37
2132 43
2133 32
2134 28
2135 29
2136 24
2137 36
2138 25
2139 31
2140 42
2141 32
2142 27
2143 38
2144 45
2145 35
2146 32
2147 33
2148 38
2149 29
2150 32
2151 28
2152 24
2153 29
2154 31
2155 28
2156 35
2157 24
2158 22
2159 24
2160 28
2161 35
2162 29
2163 39
2164 29
2165 28
2166 33
2167 30
2168 29
2169 27
2170 35
2171 30
2172 37
2173 37
2174 24
2175 28
2176 34
2177 32
2178 26
2179 26
2180 34
2181 25
2182 36
2183 28
2184 26
2185 21
2186 24
2187 24
2188 27
2189 24
2190 28
2191 29
2192 19
2193 26
2194 26
2195 28
2196 31
2197 27
2198 20
2199 28
2200 33
2201 25
2202 33
2203 19
2204 32
2205 29
2206 28
2207 27
2208 33
2209 29
2210 41
2211 29
2212 34
2213 30
2214 27
2215 33
2216 25
2217 20
2218 37
2219 20
2220 30
2221 29
2222 20
2223 29
2224 22
2225 17
2226 39
2227 30
2228 33
2229 27
2230 26
2231 24
2232 27
2233 20
2234 32
2235 21
2236 40
2237 27
2238 16
2239 27
2240 27
2241 23
2242 29
2243 25
2244 19
2245 32
2246 20
2247 18
2248 24
2249 32
2250 15
2251 24
2252 30
2253 23
2254 21
2255 22
2256 17
2257 25
2258 26
2259 18
2260 19
2261 25
2262 21
2263 26
2264 31
2265 36
2266 30
2267 21
2268 23
2269 24
2270 31
2271 20
2272 32
2273 21
2274 29
2275 30
2276 19
2277 24
2278 28
2279 25
2280 16
2281 27
2282 28
2283 18
2284 25
2285 24
2286 28
2287 29
2288 19
2289 22
2290 26
2291 23
2292 30
2293 25
2294 22
2295 26
2296 24
2297 22
2298 20
2299 34
2300 26
2301 17
2302 19
2303 24
2304 22
2305 26
2306 30
2307 22
2308 25
2309 14
2310 21
2311 29
2312 18
2313 20
2314 17
2315 20
2316 23
2317 30
2318 25
2319 27
2320 12
2321 21
2322 21
2323 10
2324 20
2325 24
2326 24
2327 24
2328 15
2329 20
2330 27
2331 22
2332 27
2333 21
2334 14
2335 24
2336 24
2337 26
2338 27
2339 20
2340 21
2341 16
2342 26
2343 20
2344 20
2345 30
2346 28
2347 13
2348 36
2349 22
2350 24
2351 27
2352 22
2353 22
2354 17
2355 18
2356 25
2357 20
2358 21
2359 17
2360 16
2361 26
2362 25
2363 16
2364 25
2365 25
2366 21
2367 16
2368 16
2369 23
2370 26
2371 32
2372 15
2373 11
2374 17
2375 18
2376 17
2377 21
2378 20
2379 20
2380 22
2381 16
2382 15
2383 9
2384 29
2385 17
2386 16
2387 24
2388 26
2389 20
2390 11
2391 23
2392 19
2393 16
2394 20
2395 10
2396 13
2397 17
2398 18
2399 16
2400 22
2401 19
2402 17
2403 17
2404 16
2405 19
2406 17
2407 24
2408 21
2409 16
2410 24
2411 14
2412 23
2413 18
2414 13
2415 13
2416 16
2417 21
2418 21
2419 15
2420 23
2421 10
2422 11
2423 19
2424 22
2425 20
2426 11
2427 23
2428 21
2429 18
2430 15
2431 16
2432 17
2433 16
2434 18
2435 21
2436 22
2437 18
2438 15
2439 10
2440 23
2441 15
2442 26
2443 23
2444 9
2445 16
2446 17
2447 18
2448 29
2449 15
2450 16
2451 20
2452 19
2453 14
2454 22
2455 17
2456 17
2457 21
2458 14
2459 28
2460 9
2461 17
2462 21
2463 12
2464 15
2465 15
2466 24
2467 12
2468 13
2469 20
2470 17
2471 13
2472 18
2473 21
2474 19
2475 19
2476 19
2477 20
2478 14
2479 15
2480 19
2481 20
2482 12
2483 13
2484 20
2485 17
2486 19
2487 20
2488 17
2489 23
2490 16
2491 19
2492 23
2493 13
2494 11
2495 22
2496 15
2497 15
2498 19
2499 22
2500 18
2501 22
2502 22
2503 19
2504 14
2505 18
2506 10
2507 21
2508 17
2509 24
2510 13
2511 19
2512 25
2513 14
2514 16
2515 19
2516 18
2517 14
2518 15
2519 8
2520 11
2521 24
2522 21
2523 12
2524 18
2525 19
2526 14
2527 20
2528 17
2529 16
2530 14
2531 14
2532 18
2533 19
2534 19
2535 20
2536 28
2537 12
2538 11
2539 21
2540 15
2541 17
2542 10
2543 11
2544 17
2545 21
2546 16
2547 15
2548 22
2549 11
2550 18
2551 20
2552 14
2553 21
2554 12
2555 13
2556 16
2557 20
2558 21
2559 16
2560 18
2561 17
2562 21
2563 14
2564 13
2565 19
2566 13
2567 14
2568 11
2569 11
2570 15
2571 19
2572 17
2573 12
2574 10
2575 13
2576 10
2577 16
2578 12
2579 14
2580 10
2581 8
2582 16
2583 16
2584 11
2585 8
2586 16
2587 14
2588 17
2589 15
2590 12
2591 12
2592 18
2593 11
2594 13
2595 16
2596 15
2597 14
2598 16
2599 15
2600 16
2601 12
2602 21
2603 13
2604 12
2605 10
2606 16
2607 20
2608 17
2609 21
2610 13
2611 18
2612 16
2613 11
2614 13
2615 11
2616 13
2617 17
2618 13
2619 10
2620 16
2621 7
2622 9
2623 12
2624 21
2625 15
2626 17
2627 20
2628 16
2629 12
2630 13
2631 18
2632 10
2633 19
2634 13
2635 15
2636 12
2637 12
2638 14
2639 24
2640 7
2641 11
2642 7
2643 17
2644 20
2645 17
2646 12
2647 12
2648 11
2649 22
2650 4
2651 11
2652 12
2653 10
2654 8
2655 11
2656 13
2657 12
2658 12
2659 15
2660 13
2661 15
2662 16
2663 10
2664 6
2665 13
2666 10
2667 15
2668 11
2669 7
2670 11
2671 14
2672 5
2673 11
2674 33
2675 11
2676 11
2677 12
2678 18
2679 12
2680 9
2681 8
2682 7
2683 12
2684 15
2685 17
2686 10
2687 14
2688 11
2689 12
2690 16
2691 9
2692 13
2693 14
2694 14
2695 18
2696 9
2697 10
2698 13
2699 5
2700 14
2701 12
2702 17
2703 12
2704 10
2705 11
2706 20
2707 8
2708 6
2709 6
2710 12
2711 13
2712 12
2713 10
2714 13
2715 12
2716 7
2717 7
2718 13
2719 10
2720 11
2721 11
2722 16
2723 14
2724 13
2725 8
2726 18
2727 15
2728 10
2729 14
2730 14
2731 13
2732 8
2733 14
2734 12
2735 18
2736 15
2737 8
2738 10
2739 11
2740 8
2741 14
2742 10
2743 9
2744 14
2745 14
2746 10
2747 7
2748 10
2749 10
2750 10
2751 13
2752 11
2753 14
2754 12
2755 12
2756 8
2757 20
2758 6
2759 10
2760 9
2761 6
2762 11
2763 7
2764 7
2765 15
2766 12
2767 12
2768 13
2769 14
2770 13
2771 9
2772 7
2773 12
2774 10
2775 14
2776 11
2777 9
2778 10
2779 9
2780 13
2781 11
2782 9
2783 15
2784 7
2785 10
2786 13
2787 11
2788 13
2789 5
2790 9
2791 7
2792 7
2793 15
2794 11
2795 9
2796 9
2797 12
2798 14
2799 7
2800 7
2801 11
2802 11
2803 13
2804 11
2805 10
2806 18
2807 11
2808 4
2809 8
2810 14
2811 6
2812 13
2813 13
2814 9
2815 7
2816 12
2817 5
2818 12
2819 6
2820 8
2821 7
2822 10
2823 17
2824 7
2825 11
2826 6
2827 10
2828 11
2829 7
2830 12
2831 10
2832 9
2833 9
2834 10
2835 7
2836 11
2837 9
2838 9
2839 14
2840 10
2841 13
2842 10
2843 8
2844 9
2845 14
2846 9
2847 11
2848 12
2849 9
2850 12
2851 10
2852 13
2853 5
2854 8
2855 6
2856 9
2857 10
2858 15
2859 7
2860 7
2861 15
2862 16
2863 10
2864 8
2865 5
2866 1
2867 6
2868 10
2869 7
2870 7
2871 8
2872 6
2873 8
2874 6
2875 6
2876 10
2877 5
2878 9
2879 10
2880 10
2881 12
2882 5
2883 14
2884 15
2885 6
2886 8
2887 8
2888 13
2889 11
2890 7
2891 9
2892 9
2893 8
2894 8
2895 12
2896 11
2897 11
2898 8
2899 11
2900 8
2901 8
2902 5
2903 10
2904 11
2905 3
2906 5
2907 9
2908 5
2909 9
2910 10
2911 14
2912 7
2913 6
2914 11
2915 16
2916 7
2917 4
2918 10
2919 16
2920 9
2921 8
2922 6
2923 11
2924 10
2925 12
2926 9
2927 9
2928 10
2929 6
2930 8
2931 10
2932 10
2933 8
2934 10
2935 8
2936 10
2937 10
2938 7
2939 9
2940 8
2941 10
2942 13
2943 7
2944 8
2945 6
2946 9
2947 11
2948 7
2949 9
2950 5
2951 10
2952 10
2953 9
2954 7
2955 13
2956 5
2957 7
2958 11
2959 7
2960 11
2961 10
2962 6
2963 12
2964 5
2965 6
2966 6
2967 7
2968 8
2969 6
2970 9
2971 7
2972 7
2973 11
2974 7
2975 13
2976 12
2977 9
2978 7
2979 9
2980 5
2981 4
2982 6
2983 9
2984 7
2985 3
2986 6
2987 8
2988 7
2989 13
2990 7
2991 5
2992 11
2993 4
2994 8
2995 3
2996 9
2997 5
2998 5
2999 8
3000 8
3001 12
3002 7
3003 7
3004 1
3005 7
3006 3
3007 6
3008 14
3009 10
3010 8
3011 7
3012 8
3013 5
3014 9
3015 6
3016 4
3017 11
3018 8
3019 7
3020 7
3021 9
3022 6
3023 5
3024 6
3025 5
3026 13
3027 10
3028 6
3029 4
3030 8
3031 13
3032 6
3033 6
3034 6
3035 11
3036 9
3037 7
3038 4
3039 8
3040 3
3041 4
3042 9
3043 7
3044 8
3045 5
3046 6
3047 14
3048 5
3049 5
3050 7
3051 4
3052 11
3053 4
3054 6
3055 9
3056 11
3057 4
3058 4
3059 11
3060 11
3061 6
3062 5
3063 11
3064 9
3065 13
3066 7
3067 7
3068 4
3069 5
3070 7
3071 9
3072 12
3073 5
3074 2
3075 7
3076 6
3077 5
3078 10
3079 4
3080 11
3081 5
3082 11
3083 6
3084 8
3085 6
3086 6
3087 10
3088 8
3089 6
3090 5
3091 2
3092 9
3093 9
3094 6
3095 5
3096 8
3097 8
3098 4
3099 7
3100 7
3101 5
3102 9
3103 4
3104 8
3105 7
3106 13
3107 6
3108 9
3109 6
3110 7
3111 9
3112 8
3113 7
3114 5
3115 6
3116 6
3117 10
3118 10
3119 6
3120 11
3121 6
3122 3
3123 5
3124 7
3125 8
3126 6
3127 7
3128 4
3129 6
3130 7
3131 6
3132 6
3133 6
3134 9
3135 5
3136 8
3137 3
3138 11
3139 7
3140 9
3141 9
3142 8
3143 8
3144 4
3145 8
3146 8
3147 6
3148 6
3149 8
3150 9
3151 7
3152 1
3153 9
3154 6
3155 6
3156 8
3157 7
3158 8
3159 4
3160 11
3161 7
3162 8
3163 10
3164 9
3165 7
3166 10
3167 4
3168 8
3169 13
3170 6
3171 2
3172 6
3173 6
3174 6
3175 7
3176 10
3177 4
3178 5
3179 8
3180 8
3181 6
3182 5
3183 6
3184 7
3185 5
3186 6
3187 6
3188 8
3189 6
3190 9
3191 9
3192 7
3193 4
3194 4
3195 9
3196 6
3197 5
3198 7
3199 5
3200 10
3201 3
3202 5
3203 5
3204 8
3205 12
3206 2
3207 7
3208 8
3209 5
3210 11
3211 3
3212 11
3213 8
3214 2
3215 6
3216 7
3217 4
3218 2
3219 5
3220 4
3221 9
3222 3
3223 5
3224 6
3225 3
3226 4
3227 5
3228 10
3229 4
3230 8
3231 9
3232 6
3233 4
3234 7
3235 6
3236 4
3237 6
3238 3
3239 5
3240 5
3241 5
3242 6
3243 3
3244 3
3245 5
3246 8
3247 6
3248 6
3249 2
3250 7
3251 6
3252 10
3253 5
3254 5
3255 9
3256 6
3257 4
3258 6
3259 7
3260 5
3261 8
3262 4
3263 7
3264 5
3265 5
3266 5
3267 4
3268 5
3269 5
3270 5
3271 9
3272 10
3273 5
3274 7
3275 9
3276 7
3277 1
3278 2
3279 4
3280 7
3281 5
3282 9
3284 7
3285 5
3286 6
3287 12
3288 6
3289 5
3290 6
3291 7
3292 7
3293 4
3294 5
3295 8
3296 4
3297 3
3298 5
3299 5
3300 7
3301 6
3302 5
3303 3
3304 5
3305 3
3306 6
3307 3
3308 6
3309 4
3310 4
3311 2
3312 3
3313 5
3314 8
3315 3
3316 2
3317 6
3318 4
3319 5
3320 9
3321 6
3322 3
3323 7
3324 5
3325 5
3326 4
3327 9
3328 5
3329 12
3330 5
3331 9
3332 10
3333 4
3334 6
3335 3
3336 9
3337 7
3338 5
3339 5
3340 1
3341 3
3342 9
3343 5
3344 11
3345 5
3346 5
3347 5
3348 5
3349 6
3350 10
3351 4
3352 8
3353 8
3354 4
3355 5
3356 7
3357 3
3358 8
3359 4
3360 2
3361 7
3362 5
3363 2
3364 2
3365 2
3366 7
3367 4
3368 7
3369 8
3370 8
3371 4
3372 5
3373 4
3374 7
3375 4
3376 4
3377 7
3378 2
3379 7
3380 5
3381 2
3382 6
3383 7
3384 3
3385 4
3386 5
3387 4
3388 8
3389 7
3390 2
3391 3
3392 4
3393 3
3394 7
3395 4
3396 7
3397 4
3398 5
3399 4
3400 5
3401 7
3402 3
3403 4
3404 4
3405 6
3406 8
3407 8
3408 4
3409 4
3410 5
3411 3
3412 2
3413 8
3414 3
3415 8
3416 13
3417 5
3418 4
3419 5
3420 6
3421 6
3422 2
3423 5
3424 4
3425 3
3426 3
3427 6
3428 5
3429 5
3430 5
3431 5
3432 5
3433 4
3434 4
3435 5
3436 3
3437 5
3438 3
3439 4
3440 2
3441 3
3442 5
3443 2
3444 8
3445 5
3446 6
3447 1
3448 6
3449 9
3450 2
3451 5
3452 5
3453 7
3454 7
3455 4
3456 5
3457 5
3458 5
3459 8
3460 5
3461 5
3462 3
3463 4
3464 4
3465 1
3466 4
3467 3
3468 5
3470 5
3471 3
3472 7
3473 5
3474 6
3475 6
3476 4
3477 5
3478 4
3479 3
3480 2
3481 8
3482 4
3483 6
3484 4
3485 3
3486 5
3487 8
3488 8
3489 6
3490 5
3491 6
3492 3
3493 3
3494 5
3495 3
3496 2
3497 4
3498 3
3499 7
3500 6
3501 6
3502 5
3503 2
3504 7
3505 7
3506 6
3507 6
3508 7
3509 3
3510 3
3511 7
3512 8
3513 4
3514 3
3515 8
3516 4
3517 2
3518 9
3519 3
3520 4
3521 3
3522 3
3523 4
3524 5
3525 4
3526 7
3527 4
3528 2
3529 4
3530 6
3531 3
3532 3
3533 8
3534 5
3535 4
3536 6
3537 5
3538 3
3539 5
3540 6
3541 1
3542 6
3543 3
3544 8
3545 6
3546 4
3547 1
3548 8
3549 6
3550 6
3551 3
3552 4
3553 4
3554 3
3555 3
3556 3
3557 8
3558 2
3559 6
3560 6
3561 5
3562 4
3563 1
3564 5
3565 2
3566 2
3567 6
3568 5
3569 5
3570 7
3571 3
3572 2
3573 5
3574 2
3576 3
3577 5
3578 4
3579 6
3580 2
3581 6
3582 5
3583 4
3584 6
3586 7
3587 7
3588 4
3589 5
3590 4
3591 5
3592 7
3593 3
3594 2
3595 2
3596 5
3597 1
3598 6
3599 4
3600 5
3601 3
3602 4
3603 2
3604 3
3605 4
3606 4
3607 4
3608 4
3609 3
3610 5
3611 3
3612 2
3613 5
3614 5
3615 5
3616 1
3617 7
3618 4
3619 4
3620 4
3621 3
3622 1
3623 3
3624 4
3625 4
3626 8
3627 4
3628 2
3629 5
3630 4
3631 3
3632 3
3633 6
3634 1
3635 5
3636 5
3637 3
3638 1
3639 8
3640 7
3641 4
3642 5
3643 5
3644 2
3645 2
3647 3
3648 4
3649 8
3650 7
3651 2
3652 7
3653 5
3655 2
3656 3
3657 8
3658 4
3659 5
3660 1
3661 4
3662 3
3663 1
3664 5
3665 7
3666 1
3667 9
3668 7
3669 2
3670 3
3671 6
3672 3
3673 1
3674 2
3675 2
3676 5
3677 6
3678 3
3679 5
3680 2
3681 1
3682 3
3683 7
3684 6
3685 2
3686 1
3687 3
3688 1
3689 6
3690 4
3691 4
3692 3
3693 5
3694 5
3695 3
3696 5
3697 2
3698 2
3699 3
3700 5
3701 7
3702 3
3703 10
3704 2
3705 6
3706 2
3707 3
3708 5
3709 1
3710 2
3711 2
3712 2
3713 3
3714 4
3715 4
3716 4
3717 5
3718 1
3719 2
3720 7
3721 5
3722 3
3723 6
3724 6
3725 3
3726 5
3727 4
3728 1
3729 6
3730 5
3731 6
3732 2
3733 5
3734 4
3735 1
3736 3
3737 5
3738 2
3739 3
3740 6
3741 3
3742 3
3743 3
3744 2
3745 3
3746 2
3747 12
3748 5
3749 3
3750 3
3751 5
3752 3
3753 2
3754 3
3755 4
3756 7
3759 2
3761 1
3762 3
3764 2
3765 3
3766 3
3767 8
3768 3
3769 3
3770 3
3771 4
3772 1
3773 5
3774 4
3775 4
3777 3
3778 3
3779 9
3780 2
3781 3
3782 1
3783 2
3785 2
3786 1
3787 2
3788 3
3790 4
3791 3
3792 4
3793 2
3794 4
3795 1
3796 3
3797 1
3798 4
3799 3
3800 2
3801 5
3802 3
3803 4
3804 3
3805 2
3806 4
3807 2
3808 7
3809 6
3810 3
3811 4
3812 2
3813 5
3814 4
3815 3
3816 2
3817 2
3818 1
3819 2
3821 6
3822 2
3823 2
3824 2
3825 7
3826 3
3827 4
3828 3
3829 5
3830 3
3831 3
3832 1
3833 1
3835 6
3836 5
3837 5
3838 2
3839 2
3840 3
3841 4
3842 7
3843 7
3844 3
3845 2
3846 6
3847 2
3848 2
3849 5
3850 2
3851 6
3852 3
3853 3
3854 5
3855 4
3856 2
3857 10
3858 5
3859 3
3860 6
3861 4
3862 3
3863 4
3864 3
3865 3
3866 5
3867 5
3868 3
3869 3
3870 7
3871 2
3872 6
3873 4
3875 3
3876 5
3877 1
3878 3
3879 5
3880 2
3881 4
3882 4
3883 2
3884 1
3885 3
3887 2
3888 3
3889 3
3890 7
3891 5
3892 4
3893 1
3894 1
3895 1
3896 3
3897 3
3898 3
3899 3
3900 3
3901 1
3902 2
3903 1
3904 6
3905 2
3906 1
3907 2
3908 1
3909 1
3910 3
3911 2
3912 3
3913 2
3914 6
3915 1
3916 2
3917 1
3918 1
3920 1
3921 1
3922 6
3923 2
3924 1
3925 1
3926 2
3927 2
3929 1
3930 3
3932 4
3933 5
3934 1
3935 2
3936 2
3937 6
3938 1
3939 5
3940 4
3941 4
3942 3
3943 2
3944 3
3945 3
3946 2
3947 4
3948 1
3949 1
3950 2
3952 3
3953 3
3954 3
3955 3
3956 3
3957 2
3958 6
3959 5
3960 1
3961 3
3962 4
3963 5
3964 3
3965 3
3966 4
3967 5
3968 2
3969 2
3970 1
3971 2
3972 2
3973 3
3974 2
3975 2
3976 1
3978 2
3979 2
3980 5
3981 1
3982 4
3983 4
3984 2
3985 5
3986 3
3987 2
3988 2
3990 2
3991 3
3992 7
3993 1
3994 1
3995 1
3996 3
3997 3
3998 1
3999 4
4000 2
4001 1
4002 3
4003 1
4004 3
4005 5
4006 5
4007 2
4008 1
4009 2
4010 1
4011 3
4012 3
4013 5
4014 4
4015 3
4016 5
4017 4
4018 3
4019 3
4020 2
4021 4
4023 3
4024 5
4025 2
4026 3
4027 2
4028 1
4029 5
4031 2
4032 4
4034 5
4035 1
4036 2
4037 4
4038 3
4039 3
4041 4
4042 1
4043 4
4044 4
4045 2
4046 3
4047 1
4048 4
4049 6
4050 3
4051 5
4052 2
4053 2
4054 2
4055 2
4056 1
4057 4
4059 1
4060 5
4061 4
4062 1
4063 2
4064 4
4065 2
4066 6
4067 4
4068 5
4069 2
4070 1
4071 3
4072 1
4073 3
4074 6
4075 2
4076 1
4077 2
4078 3
4079 3
4081 1
4082 4
4083 2
4084 2
4085 2
4086 2
4087 2
4088 2
4090 4
4091 2
4092 4
4094 1
4095 2
4096 1
4098 2
4099 3
4100 3
4101 3
4102 1
4103 1
4104 2
4106 3
4107 3
4108 2
4109 2
4110 3
4111 5
4112 3
4113 1
4115 1
4116 4
4118 2
4119 1
4121 6
4122 3
4123 2
4124 1
4125 1
4126 1
4127 2
4128 5
4129 1
4130 3
4131 2
4132 3
4134 7
4135 2
4136 1
4137 3
4138 3
4139 1
4140 3
4141 5
4142 1
4143 2
4144 1
4145 2
4146 5
4147 5
4148 5
4149 1
4150 2
4151 2
4152 4
4153 2
4154 2
4155 4
4156 6
4157 3
4158 4
4159 1
4160 3
4161 3
4162 1
4164 3
4165 1
4166 3
4167 3
4168 2
4169 4
4170 2
4171 2
4172 2
4173 5
4174 4
4175 1
4176 3
4177 1
4178 3
4179 2
4181 3
4182 4
4183 2
4184 5
4185 3
4186 5
4187 4
4188 4
4189 2
4190 6
4192 1
4193 2
4194 1
4195 5
4196 3
4197 3
4198 1
4199 3
4200 1
4201 2
4203 1
4204 3
4205 3
4206 3
4207 2
4208 4
4209 3
4211 3
4212 2
4213 1
4214 3
4215 1
4216 1
4217 2
4218 2
4219 1
4220 5
4221 2
4222 1
4223 2
4224 4
4225 3
4226 1
4227 4
4228 1
4230 4
4231 2
4232 3
4233 5
4234 6
4235 3
4236 4
4237 5
4238 1
4239 1
4241 4
4242 3
4243 5
4245 1
4246 2
4248 2
4249 6
4250 2
4251 1
4252 3
4253 4
4254 3
4255 5
4256 3
4257 1
4258 3
4259 2
4260 2
4261 2
4262 1
4263 3
4264 4
4265 2
4266 2
4267 2
4268 5
4269 1
4270 1
4271 2
4272 1
4273 2
4274 2
4276 2
4278 3
4279 2
4280 6
4281 3
4282 4
4283 4
4284 2
4285 5
4286 2
4287 1
4288 2
4289 1
4290 4
4291 2
4293 2
4294 2
4295 3
4296 1
4297 1
4299 2
4300 2
4301 4
4303 3
4305 2
4306 1
4307 2
4308 2
4309 2
4310 1
4311 1
4313 3
4314 2
4315 4
4316 1
4317 2
4318 4
4319 1
4320 3
4321 3
4322 4
4323 1
4324 1
4325 1
4326 1
4327 2
4328 4
4329 3
4330 1
4332 2
4333 4
4334 2
4335 1
4337 2
4338 5
4339 4
4341 1
4342 3
4343 2
4344 4
4345 3
4346 1
4347 1
4348 1
4349 2
4350 4
4351 3
4352 2
4353 1
4354 2
4355 2
4356 2
4357 2
4358 2
4359 1
4360 1
4362 2
4363 4
4364 3
4365 2
4366 3
4367 1
4368 1
4369 1
4370 2
4371 1
4372 4
4373 1
4375 1
4376 3
4377 2
4378 4
4379 1
4380 2
4381 1
4382 3
4383 1
4384 1
4385 1
4386 2
4388 1
4389 3
4390 2
4391 2
4392 2
4393 1
4394 1
4395 3
4396 2
4397 2
4398 1
4400 1
4401 2
4402 1
4404 4
4405 1
4406 2
4407 2
4408 4
4409 2
4410 2
4411 3
4412 2
4413 3
4414 3
4415 2
4416 1
4417 3
4418 1
4419 1
4422 5
4423 2
4424 1
4425 3
4426 3
4427 1
4428 4
4429 3
4430 3
4431 3
4432 3
4433 3
4434 3
4435 1
4436 4
4437 1
4438 1
4439 5
4440 1
4441 5
4442 3
4443 3
4444 1
4445 3
4447 2
4448 2
4449 2
4450 2
4451 2
4453 3
4454 2
4455 1
4456 2
4457 3
4458 2
4459 3
4460 1
4461 1
4462 1
4463 2
4464 2
4467 5
4469 2
4470 1
4471 2
4472 3
4473 2
4474 2
4475 1
4477 2
4478 4
4479 3
4480 3
4481 3
4482 1
4483 5
4484 5
4485 2
4486 2
4487 3
4488 3
4489 1
4490 4
4491 2
4492 2
4493 1
4494 2
4496 2
4498 2
4500 3
4502 1
4504 2
4506 2
4508 1
4509 3
4511 1
4513 1
4514 2
4515 2
4516 2
4517 4
4519 3
4520 3
4522 3
4523 1
4524 1
4525 2
4526 1
4527 1
4528 3
4529 1
4530 3
4531 1
4532 1
4533 2
4535 1
4536 2
4537 3
4538 4
4539 2
4540 1
4541 2
4542 1
4543 2
4544 1
4545 4
4546 4
4547 2
4548 2
4549 2
4552 1
4553 4
4554 1
4555 3
4556 1
4557 5
4558 4
4559 3
4560 3
4562 1
4564 4
4565 3
4566 1
4567 2
4568 2
4569 3
4570 2
4571 3
4573 1
4574 1
4575 1
4576 3
4577 1
4582 2
4584 1
4588 2
4590 1
4591 3
4593 1
4594 1
4595 3
4596 1
4597 2
4599 1
4601 5
4602 1
4607 1
4608 2
4609 1
4613 4
4614 2
4615 1
4617 2
4618 1
4619 2
4620 1
4621 1
4622 1
4623 2
4624 2
4625 2
4626 2
4628 2
4634 1
4635 1
4637 2
4638 3
4639 2
4640 3
4641 2
4642 2
4643 1
4644 1
4645 1
4647 3
4648 1
4649 3
4650 2
4651 1
4652 3
4653 3
4654 3
4655 5
4656 2
4658 1
4659 1
4660 4
4661 2
4662 1
4663 1
4664 2
4666 2
4668 1
4670 1
4671 1
4673 1
4675 2
4677 1
4678 1
4679 1
4682 1
4683 1
4686 4
4688 1
4689 2
4690 3
4691 1
4692 1
4693 1
4694 1
4695 7
4696 3
4698 1
4699 6
4700 1
4701 2
4702 1
4705 2
4706 2
4707 2
4708 1
4710 1
4711 2
4712 1
4713 1
4715 1
4716 2
4717 3
4718 2
4719 1
4720 3
4721 2
4722 1
4724 3
4725 1
4726 2
4728 4
4729 3
4730 2
4731 1
4732 3
4733 5
4734 3
4735 5
4736 1
4737 1
4738 3
4739 1
4741 3
4745 1
4746 1
4747 1
4748 2
4749 1
4750 2
4751 3
4752 4
4753 1
4754 1
4757 2
4760 1
4763 6
4764 1
4765 1
4766 3
4767 1
4769 3
4770 2
4771 2
4772 3
4774 1
4775 2
4776 2
4777 2
4780 2
4782 3
4783 3
4784 1
4785 3
4786 2
4787 4
4788 1
4789 1
4790 2
4791 3
4793 1
4794 4
4795 5
4798 1
4799 2
4800 1
4801 2
4802 2
4803 1
4804 1
4805 2
4806 3
4807 3
4808 1
4809 2
4813 1
4815 2
4818 1
4819 1
4820 3
4821 1
4825 3
4827 2
4829 3
4830 1
4831 2
4832 3
4833 2
4834 2
4835 1
4836 3
4837 3
4838 2
4841 1
4842 2
4843 2
4844 1
4845 2
4847 3
4848 2
4850 1
4851 4
4852 1
4854 1
4856 1
4857 1
4858 1
4859 1
4861 2
4865 1
4866 1
4867 2
4868 1
4872 2
4873 3
4874 1
4876 1
4877 2
4878 1
4879 1
4882 1
4883 2
4884 2
4885 2
4887 2
4888 1
4889 1
4890 2
4891 1
4892 2
4894 1
4895 2
4896 4
4898 1
4899 5
4900 2
4901 1
4902 2
4903 1
4904 3
4905 1
4907 1
4908 2
4909 1
4910 1
4911 3
4912 3
4913 1
4914 2
4915 3
4916 2
4917 1
4918 3
4919 2
4920 1
4921 1
4922 4
4924 3
4926 1
4928 1
4929 2
4931 2
4933 2
4934 1
4935 4
4936 2
4937 2
4938 1
4940 1
4941 1
4943 1
4944 2
4945 5
4946 2
4948 1
4949 1
4951 2
4952 1
4955 3
4956 1
4957 1
4958 1
4959 1
4960 2
4961 1
4962 3
4963 2
4964 2
4965 2
4966 3
4968 1
4969 5
4970 2
4971 1
4972 2
4973 2
4974 2
4978 1
4979 1
4980 3
4981 3
4982 2
4983 2
4984 1
4985 2
4987 1
4988 1
4990 1
4991 2
4993 1
4994 1
4995 3
4996 1
4997 3
4998 1
4999 1
5000 1
5001 2
5005 3
5006 2
5008 3
5010 1
5011 1
5012 3
5013 2
5014 2
5017 2
5018 3
5019 3
5020 1
5021 2
5024 2
5025 4
5027 1
5028 1
5030 1
5031 4
5032 1
5033 1
5035 2
5036 3
5037 1
5038 1
5041 1
5043 1
5045 2
5046 2
5048 1
5049 3
5050 1
5052 2
5053 2
5054 2
5055 2
5056 1
5057 1
5058 1
5059 1
5060 1
5062 2
5063 1
5065 3
5066 2
5067 1
5069 3
5070 2
5073 2
5074 3
5076 3
5077 1
5078 1
5079 1
5082 2
5085 1
5087 1
5088 3
5090 4
5091 2
5093 2
5094 2
5095 1
5097 1
5098 3
5099 1
5100 2
5101 2
5102 2
5103 1
5105 2
5106 1
5107 1
5108 1
5110 4
5111 3
5112 3
5113 1
5114 4
5115 1
5116 1
5117 1
5118 4
5120 2
5121 2
5122 1
5123 2
5126 1
5127 2
5128 1
5131 1
5135 2
5137 1
5139 1
5140 1
5141 1
5143 4
5144 2
5146 2
5147 2
5148 2
5150 1
5151 1
5154 3
5155 3
5157 1
5158 1
5160 5
5161 1
5163 2
5165 2
5168 1
5170 1
5171 1
5172 1
5175 1
5177 2
5180 1
5181 1
5185 2
5186 3
5188 3
5189 1
5190 1
5191 5
5193 1
5194 3
5198 1
5199 3
5200 2
5201 2
5203 2
5204 1
5207 2
5209 2
5210 1
5211 1
5213 1
5214 1
5216 2
5217 1
5218 2
5219 2
5221 2
5222 4
5223 1
5224 2
5227 3
5231 1
5234 1
5236 1
5237 2
5238 2
5239 1
5241 2
5242 1
5243 3
5245 3
5247 1
5248 2
5249 2
5252 2
5254 2
5255 1
5256 1
5257 2
5258 1
5259 1
5260 1
5262 2
5263 2
5264 1
5265 1
5266 2
5268 2
5269 1
5270 2
5272 4
5275 2
5277 1
5278 5
5279 3
5280 1
5281 1
5282 2
5284 1
5292 3
5293 2
5294 1
5296 1
5297 1
5298 1
5302 2
5303 1
5304 1
5306 2
5307 1
5308 1
5310 1
5315 2
5316 1
5317 2
5318 1
5320 3
5321 1
5322 1
5323 1
5325 1
5326 1
5327 1
5328 2
5330 3
5331 1
5333 3
5334 2
5335 2
5336 2
5337 2
5341 3
5344 1
5345 1
5350 1
5356 1
5357 2
5358 1
5359 1
5360 1
5362 1
5363 1
5364 1
5366 1
5367 1
5368 2
5369 1
5370 2
5371 1
5372 1
5374 2
5378 2
5380 1
5381 1
5386 1
5387 2
5391 1
5392 1
5393 1
5397 1
5398 1
5399 2
5400 1
5402 3
5404 1
5406 1
5407 2
5408 2
5409 2
5410 2
5411 3
5412 2
5413 2
5415 2
5416 2
5418 2
5422 1
5423 1
5425 1
5426 1
5427 1
5429 1
5431 1
5432 3
5433 2
5435 1
5436 2
5440 1
5442 1
5443 2
5444 1
5445 3
5447 1
5449 3
5450 3
5451 3
5452 1
5456 1
5457 2
5458 2
5459 1
5460 1
5462 1
5463 1
5464 1
5465 1
5466 3
5468 1
5469 3
5470 4
5472 1
5473 1
5475 1
5476 3
5479 1
5480 2
5483 2
5486 2
5487 1
5488 2
5491 1
5492 1
5494 1
5495 1
5499 2
5500 2
5501 1
5503 2
5508 1
5510 1
5511 1
5513 1
5518 1
5519 3
5521 1
5522 1
5526 2
5527 1
5528 2
5529 4
5530 2
5531 1
5532 1
5533 1
5534 3
5535 1
5536 2
5537 1
5538 1
5539 1
5540 1
5543 1
5544 1
5545 1
5546 2
5547 1
5548 1
5549 1
5550 1
5552 1
5553 1
5554 2
5556 1
5557 1
5560 2
5562 1
5565 1
5566 1
5567 1
5571 1
5572 1
5573 1
5574 2
5575 1
5576 1
5578 1
5579 2
5581 2
5582 3
5584 1
5588 2
5589 1
5590 1
5591 2
5593 2
5596 2
5598 2
5603 1
5606 1
5607 1
5608 1
5609 1
5610 1
5611 1
5612 1
5616 2
5617 1
5618 1
5622 2
5623 1
5624 1
5626 1
5628 1
5632 1
5633 1
5634 2
5637 1
5638 2
5639 1
5640 1
5641 1
5643 1
5644 1
5646 1
5647 3
5648 3
5652 2
5653 2
5654 1
5655 1
5656 4
5659 1
5663 1
5664 1
5665 1
5666 2
5667 1
5668 2
5669 1
5670 2
5671 3
5672 1
5676 2
5677 2
5681 1
5684 1
5685 4
5688 1
5689 1
5690 1
5691 1
5692 1
5694 1
5699 1
5700 1
5702 1
5703 1
5705 1
5708 3
5709 1
5710 1
5711 1
5714 1
5716 1
5717 1
5718 2
5719 2
5722 3
5723 1
5724 1
5727 1
5728 1
5729 1
5730 1
5731 1
5732 1
5735 1
5737 1
5738 1
5739 1
5742 2
5743 4
5746 1
5747 1
5749 1
5751 1
5752 1
5753 1
5754 3
5755 2
5756 1
5757 1
5758 2
5763 2
5765 1
5767 1
5768 2
5770 1
5771 2
5772 1
5775 2
5777 3
5778 2
5780 2
5784 1
5785 1
5786 1
5787 1
5790 1
5792 1
5793 1
5795 1
5796 1
5799 1
5801 1
5802 1
5803 1
5805 1
5809 1
5819 1
5820 1
5822 1
5823 1
5825 1
5827 1
5829 3
5830 1
5831 2
5832 1
5835 3
5837 1
5838 1
5841 1
5842 1
5843 2
5844 1
5845 1
5846 1
5848 1
5850 2
5851 2
5852 1
5855 1
5857 1
5858 2
5859 1
5860 3
5861 1
5863 1
5865 2
5867 2
5870 2
5871 1
5876 1
5881 2
5884 3
5889 1
5890 1
5894 1
5895 1
5896 2
5897 1
5898 1
5906 1
5907 1
5910 3
5912 2
5913 1
5914 1
5916 1
5917 1
5918 1
5919 2
5920 1
5921 1
5923 3
5929 2
5930 1
5931 2
5934 1
5939 2
5941 1
5942 3
5944 2
5946 1
5947 1
5948 1
5949 1
5951 1
5953 1
5957 1
5958 1
5960 1
5962 1
5963 1
5964 1
5966 1
5967 1
5971 1
5972 2
5974 1
5976 1
5977 1
5981 1
5982 1
5983 1
5984 1
5988 1
5990 1
5992 1
5994 3
5995 2
5996 1
5998 2
5999 2
6002 1
6004 1
6006 1
6008 1
6009 1
6010 2
6012 1
6013 1
6016 1
6019 1
6020 1
6021 1
6023 1
6025 1
6028 1
6029 1
6030 1
6031 1
6032 1
6034 1
6037 1
6039 1
6040 1
6043 1
6044 1
6045 1
6046 1
6049 2
6051 1
6053 1
6054 1
6056 2
6057 1
6061 1
6064 2
6065 1
6066 1
6067 1
6070 2
6072 1
6074 1
6075 2
6076 1
6077 2
6083 1
6085 1
6086 2
6087 2
6089 1
6092 1
6093 2
6096 3
6097 1
6098 2
6101 1
6102 2
6104 1
6106 1
6107 1
6108 1
6110 1
6111 1
6113 1
6115 1
6118 1
6122 1
6124 1
6128 1
6132 1
6133 1
6134 2
6135 2
6137 1
6141 3
6142 1
6143 2
6149 2
6150 1
6151 1
6152 3
6159 1
6161 1
6167 2
6168 2
6169 1
6175 1
6177 2
6180 1
6181 2
6182 2
6185 3
6186 1
6187 1
6188 1
6191 2
6192 1
6193 2
6205 1
6206 1
6207 1
6209 1
6210 1
6212 2
6215 1
6219 1
6220 2
6224 2
6229 1
6231 1
6233 1
6235 1
6236 1
6237 1
6238 1
6239 1
6240 2
6241 1
6243 1
6244 2
6245 2
6246 2
6249 1
6255 1
6256 1
6257 2
6259 1
6260 2
6261 1
6262 2
6263 1
6267 1
6269 1
6270 1
6271 1
6272 1
6273 1
6274 3
6277 4
6278 1
6281 2
6287 1
6289 1
6293 1
6298 1
6300 2
6303 2
6304 2
6306 1
6307 1
6310 1
6312 1
6313 1
6318 1
6321 2
6324 2
6326 1
6327 1
6328 2
6329 3
6334 1
6335 2
6336 1
6339 1
6340 2
6341 1
6342 1
6345 1
6346 1
6352 1
6358 2
6359 1
6361 1
6362 1
6364 1
6365 1
6366 1
6368 2
6372 2
6376 1
6377 1
6380 1
6387 2
6388 2
6389 1
6391 1
6393 1
6399 1
6405 2
6408 2
6409 1
6410 1
6414 1
6415 2
6420 1
6421 1
6422 1
6427 1
6429 3
6430 1
6436 1
6439 1
6441 2
6442 1
6443 2
6444 1
6445 1
6447 1
6448 1
6449 1
6456 1
6457 1
6460 1
6461 1
6462 1
6464 1
6470 1
6472 1
6473 1
6478 1
6483 2
6484 1
6486 2
6489 1
6490 2
6491 1
6492 1
6493 4
6499 1
6500 1
6503 1
6506 1
6509 1
6518 1
6521 1
6524 1
6525 2
6528 1
6530 1
6531 1
6533 1
6535 1
6539 1
6541 1
6543 2
6545 2
6546 1
6547 1
6551 1
6554 2
6555 2
6559 1
6560 1
6561 1
6562 1
6566 1
6569 2
6572 2
6579 1
6584 1
6588 1
6589 1
6593 1
6594 1
6596 3
6597 1
6598 1
6600 2
6606 1
6609 1
6610 1
6611 2
6612 1
6614 1
6617 1
6618 2
6620 1
6621 1
6622 2
6627 1
6630 1
6633 1
6637 1
6641 1
6649 1
6652 1
6654 1
6658 1
6660 1
6661 1
6663 1
6664 1
6667 1
6669 1
6670 2
6675 1
6679 1
6683 1
6684 2
6687 1
6691 1
6692 1
6693 1
6695 1
6698 1
6702 1
6703 1
6704 1
6706 1
6717 1
6719 1
6722 1
6723 1
6732 1
6736 1
6737 1
6739 1
6740 1
6741 1
6742 1
6747 1
6748 1
6753 1
6755 1
6757 1
6759 1
6761 1
6763 1
6765 1
6766 1
6767 2
6769 1
6779 1
6780 1
6781 1
6783 1
6784 1
6792 1
6794 3
6802 1
6803 1
6806 2
6809 1
6815 2
6819 1
6821 1
6823 1
6831 1
6832 1
6833 1
6835 1
6838 2
6839 1
6840 1
6849 1
6850 1
6851 1
6854 1
6855 3
6859 2
6862 1
6863 1
6866 1
6868 1
6871 1
6872 1
6875 2
6876 1
6878 1
6881 2
6883 3
6884 1
6888 3
6896 1
6897 2
6898 1
6901 1
6906 2
6908 1
6914 2
6916 1
6917 2
6918 1
6920 1
6923 1
6924 1
6925 1
6927 1
6940 1
6942 1
6943 1
6944 2
6949 1
6953 1
6955 1
6960 1
6964 1
6965 2
6969 1
6973 1
6974 1
6976 1
6977 1
6990 1
6991 1
6994 2
6996 1
6997 1
7003 1
7004 2
7009 1
7015 1
7017 1
7021 1
7025 1
7028 1
7031 1
7033 1
7034 1
7035 1
7036 1
7037 1
7039 1
7042 1
7044 2
7051 1
7058 1
7063 2
7064 1
7065 1
7066 1
7068 2
7069 1
7071 1
7075 2
7076 3
7078 2
7081 1
7083 2
7085 1
7087 1
7088 2
7091 1
7095 1
7099 1
7101 1
7104 1
7108 1
7112 1
7113 1
7116 2
7117 1
7120 1
7122 1
7127 1
7128 3
7133 1
7134 1
7139 1
7141 1
7143 1
7144 1
7145 1
7146 1
7147 1
7150 3
7151 1
7152 2
7157 1
7161 1
7163 1
7166 1
7170 1
7172 1
7174 1
7175 1
7177 1
7180 1
7191 1
7193 2
7194 1
7197 1
7202 1
7203 1
7204 1
7207 1
7208 1
7210 1
7215 1
7216 1
7220 1
7221 1
7222 1
7224 1
7225 1
7227 1
7228 1
7233 1
7241 2
7242 1
7245 1
7247 1
7249 1
7252 1
7253 1
7254 1
7257 1
7259 1
7261 2
7266 1
7267 1
7268 1
7269 1
7278 1
7279 1
7290 2
7291 2
7292 1
7294 1
7297 1
7302 1
7307 1
7311 1
7312 2
7314 1
7315 1
7316 1
7320 1
7322 1
7323 1
7327 1
7329 1
7331 1
7333 2
7336 1
7339 2
7341 1
7344 1
7347 1
7350 1
7353 2
7354 1
7355 1
7357 1
7360 1
7364 1
7375 1
7376 1
7380 1
7382 1
7383 1
7384 2
7386 1
7387 1
7392 1
7400 1
7404 1
7406 1
7408 3
7421 1
7425 1
7428 1
7431 1
7435 1
7439 1
7444 1
7445 3
7448 1
7449 1
7451 2
7454 1
7458 1
7463 1
7465 1
7477 1
7482 1
7490 2
7493 1
7501 1
7507 1
7509 1
7510 1
7516 1
7517 2
7518 1
7521 1
7525 1
7540 2
7543 1
7544 1
7550 1
7553 1
7557 1
7559 1
7564 1
7565 1
7568 1
7570 1
7571 1
7572 1
7575 1
7576 1
7580 1
7581 1
7582 1
7584 1
7586 1
7587 1
7588 1
7589 1
7594 1
7597 1
7606 1
7610 1
7613 1
7625 2
7634 1
7640 3
7641 1
7647 1
7652 1
7656 1
7663 2
7664 1
7665 1
7666 1
7678 1
7680 1
7690 1
7693 1
7697 1
7699 1
7700 1
7702 1
7715 1
7716 1
7719 1
7723 1
7726 1
7729 1
7731 2
7732 1
7747 1
7750 1
7753 1
7755 1
7758 1
7760 1
7762 1
7763 1
7764 1
7765 1
7766 1
7767 1
7779 1
7780 1
7781 1
7784 1
7786 2
7787 1
7790 1
7791 2
7792 4
7793 2
7794 3
7798 1
7799 1
7802 2
7807 1
7809 1
7811 2
7813 1
7816 1
7817 1
7821 1
7827 1
7828 1
7836 1
7838 1
7842 1
7845 2
7846 1
7850 1
7851 1
7852 1
7854 1
7856 1
7864 1
7867 1
7868 2
7874 1
7880 1
7884 1
7887 1
7889 1
7892 1
7901 2
7902 1
7904 1
7914 1
7916 1
7920 1
7921 1
7925 1
7932 1
7944 1
7947 1
7954 1
7959 1
7965 2
7968 1
7973 2
7974 1
7975 1
7977 1
7979 1
7980 1
7982 1
7991 1
8003 1
8006 1
8008 1
8014 1
8018 1
8020 3
8021 1
8024 1
8026 1
8050 1
8051 1
8055 1
8061 1
8064 1
8066 1
8070 1
8071 1
8075 1
8078 1
8079 1
8083 1
8092 1
8107 1
8108 1
8109 2
8116 1
8122 1
8124 1
8129 1
8130 1
8131 1
8133 1
8134 1
8136 1
8138 1
8139 1
8140 1
8144 1
8150 1
8154 1
8155 1
8165 1
8167 2
8170 2
8180 1
8181 1
8182 1
8192 1
8194 1
8200 1
8209 1
8211 1
8212 1
8213 1
8222 1
8223 1
8224 1
8237 1
8238 1
8240 1
8242 1
8249 1
8251 1
8254 1
8262 1
8277 1
8286 2
8299 1
8300 1
8302 1
8309 1
8312 1
8316 1
8318 2
8320 1
8324 1
8326 1
8331 1
8337 1
8340 1
8350 1
8351 1
8356 1
8359 1
8360 2
8361 1
8364 1
8369 1
8377 1
8379 1
8380 1
8381 1
8383 2
8384 1
8390 3
8398 1
8402 1
8412 1
8413 2
8418 1
8422 1
8428 1
8433 1
8439 1
8441 2
8442 1
8447 1
8448 1
8450 1
8457 1
8465 1
8471 1
8473 1
8476 1
8489 1
8490 1
8492 2
8493 1
8502 1
8506 1
8517 1
8519 1
8520 1
8528 1
8534 1
8538 1
8540 3
8542 1
8543 1
8548 1
8551 1
8555 1
8560 1
8567 1
8568 1
8570 1
8576 1
8580 1
8591 1
8594 1
8596 1
8599 1
8600 1
8602 1
8604 1
8607 1
8611 1
8618 1
8625 1
8627 1
8628 1
8630 1
8640 1
8641 1
8653 2
8658 1
8660 1
8664 1
8673 1
8678 1
8679 1
8680 2
8683 1
8690 1
8703 1
8706 1
8708 1
8718 1
8719 1
8728 1
8734 1
8739 2
8740 1
8743 1
8756 1
8759 1
8761 1
8762 1
8771 1
8773 2
8779 1
8781 1
8786 1
8794 1
8798 1
8799 1
8802 1
8805 1
8808 1
8810 1
8826 1
8828 1
8847 1
8857 1
8861 2
8862 1
8864 2
8866 1
8880 1
8887 1
8893 1
8895 1
8897 1
8901 1
8914 1
8923 1
8931 1
8932 2
8941 1
8949 1
8962 1
8970 1
8974 1
8980 1
8987 1
8988 1
8989 1
8993 1
8995 1
8997 1
8998 1
9000 1
9003 1
9005 1
9006 1
9009 1
9018 1
9025 1
9030 1
9034 1
9037 1
9043 1
9045 1
9051 1
9063 1
9079 1
9080 1
9081 3
9087 1
9089 1
9102 1
9105 1
9107 1
9109 1
9118 1
9133 1
9139 1
9146 1
9161 1
9164 1
9165 2
9178 1
9181 1
9187 1
9188 1
9189 1
9220 1
9221 1
9238 1
9239 1
9243 1
9244 1
9249 1
9250 1
9254 1
9263 1
9268 1
9276 1
9284 1
9287 1
9294 1
9300 1
9304 1
9310 1
9312 1
9316 1
9319 1
9345 1
9353 1
9356 1
9361 1
9364 1
9366 2
9367 1
9370 1
9374 1
9375 1
9378 1
9379 1
9385 1
9386 1
9392 1
9394 1
9407 1
9411 1
9418 1
9429 1
9431 1
9432 1
9436 1
9451 1
9456 1
9460 2
9479 1
9516 1
9527 1
9530 1
9534 1
9536 1
9555 1
9565 1
9567 1
9569 1
9572 1
9574 1
9576 1
9578 2
9582 1
9594 1
9595 1
9616 1
9619 1
9627 2
9659 1
9676 2
9694 1
9701 1
9706 1
9708 1
9711 1
9713 1
9719 1
9728 1
9735 1
9741 1
9743 1
9745 1
9750 1
9755 2
9757 1
9761 1
9765 1
9786 1
9803 1
9813 1
9820 1
9855 1
9857 1
9866 1
9868 3
9874 1
9877 1
9881 1
9892 1
9911 1
9914 1
9931 1
9935 1
9938 2
9944 1
9947 1
9955 1
9959 1
9962 1
9969 1
9970 1
9982 1
9984 1
9996 3
9997 1
9999 1
10002 1
10033 1
10043 1
10051 1
10053 1
10063 2
10078 1
10084 1
10095 1
10097 1
10102 1
10108 1
10109 1
10111 1
10136 1
10141 1
10144 1
10152 1
10162 1
10193 2
10212 1
10213 1
10220 1
10226 1
10236 1
10241 1
10252 1
10254 1
10261 1
10263 1
10265 1
10269 1
10273 1
10308 1
10325 1
10336 1
10347 1
10360 1
10361 1
10371 1
10385 1
10387 1
10402 1
10411 1
10417 1
10420 1
10421 1
10422 1
10426 1
10434 1
10438 2
10439 1
10442 1
10465 1
10466 2
10470 1
10483 1
10485 1
10498 2
10531 1
10535 1
10539 1
10559 1
10561 1
10575 1
10576 1
10580 1
10582 1
10628 1
10631 1
10638 1
10647 1
10651 1
10656 1
10662 1
10664 1
10676 1
10715 1
10716 1
10721 1
10723 1
10739 1
10754 1
10757 1
10760 1
10766 1
10779 1
10780 1
10782 1
10794 1
10819 1
10820 1
10848 1
10857 1
10869 1
10880 1
10881 1
10882 1
10904 1
10915 1
10946 1
10948 1
10955 1
10959 1
10961 1
10966 1
10968 1
10970 1
10974 1
10979 2
10982 1
10990 1
10998 1
11001 1
11009 1
11018 1
11056 1
11078 1
11087 1
11092 1
11097 1
11105 1
11108 1
11126 1
11139 1
11141 1
11165 1
11166 1
11198 1
11231 1
11235 1
11236 1
11267 1
11278 1
11283 1
11301 1
11303 1
11321 1
11333 1
11357 1
11359 1
11377 1
11391 2
11396 1
11399 1
11414 1
11415 1
11417 2
11421 1
11423 1
11429 1
11444 1
11463 1
11482 1
11485 1
11504 1
11518 1
11553 1
11571 1
11575 1
11579 1
11582 1
11614 1
11628 1
11639 1
11657 1
11662 1
11670 1
11680 1
11688 1
11701 1
11710 1
11724 1
11730 1
11768 1
11774 1
11801 1
11811 1
11825 1
11833 1
11847 1
11863 1
11880 1
11882 1
11906 1
11920 1
11925 1
11929 1
11938 1
11959 2
11967 1
11994 1
12014 1
12015 1
12049 1
12068 1
12072 1
12077 1
12081 1
12083 1
12088 1
12109 1
12110 1
12135 1
12142 1
12148 1
12150 1
12164 1
12187 1
12205 1
12210 1
12238 1
12257 1
12262 1
12276 1
12290 1
12313 1
12316 1
12324 1
12329 1
12334 1
12341 1
12363 1
12371 1
12374 1
12391 1
12397 1
12405 1
12406 1
12419 1
12434 1
12444 1
12448 1
12472 1
12483 1
12484 1
12489 1
12502 1
12515 1
12525 1
12539 1
12554 1
12568 1
12572 1
12581 1
12592 1
12603 1
12617 1
12632 1
12640 1
12659 1
12688 1
12700 1
12718 1
12721 1
12723 1
12727 1
12742 1
12751 1
12755 1
12760 1
12765 1
12814 1
12819 2
12821 1
12824 1
12849 1
12940 1
12945 1
13012 1
13025 1
13035 1
13058 1
13074 1
13114 1
13115 1
13137 1
13159 1
13175 1
13178 1
13179 1
13185 2
13203 1
13209 1
13214 1
13239 1
13256 1
13279 1
13310 1
13321 1
13345 1
13359 1
13392 1
13395 1
13408 1
13423 1
13445 2
13462 2
13479 1
13490 1
13494 1
13496 1
13522 1
13539 1
13559 1
13567 1
13572 1
13648 1
13658 1
13661 1
13665 1
13680 1
13684 1
13694 1
13706 1
13712 1
13714 1
13757 1
13766 1
13777 1
13814 1
13829 1
13830 1
13839 1
13849 1
13881 1
13905 1
13952 1
14001 1
14063 1
14075 1
14098 1
14158 1
14173 1
14202 1
14206 1
14217 1
14245 1
14253 1
14310 1
14363 1
14364 1
14369 1
14388 1
14389 1
14419 1
14449 1
14495 1
14526 1
14613 1
14616 1
14618 1
14620 1
14641 1
14642 1
14680 1
14693 1
14717 2
14718 1
14740 1
14745 1
14768 1
14772 1
14778 1
14780 1
14789 1
14801 1
14804 1
14816 1
15034 1
15078 1
15083 1
15087 1
15118 2
15137 1
15222 1
15234 1
15245 1
15254 1
15263 1
15281 1
15288 1
15360 1
15392 1
15410 1
15463 1
15535 1
15544 1
15563 1
15569 1
15604 1
15622 1
15639 1
15651 1
15669 1
15695 1
15711 1
15720 1
15768 1
15769 1
15774 1
15863 1
15885 1
15886 1
15904 1
15933 1
15955 1
15996 1
16012 1
16016 1
16045 1
16051 1
16054 1
16130 1
16140 1
16162 1
16218 1
16234 1
16271 1
16286 1
16299 1
16303 1
16372 1
16393 1
16398 1
16412 1
16450 1
16456 1
16490 1
16544 1
16591 1
16602 1
16642 1
16644 1
16675 1
16682 1
16748 1
16778 1
16780 1
16842 1
16858 1
16867 1
17025 1
17063 1
17070 1
17136 1
17190 1
17267 1
17304 1
17322 2
17347 1
17368 1
17455 1
17475 1
17476 1
17571 1
17701 1
17789 1
17808 1
17815 1
17852 1
17931 1
17954 1
17973 1
17986 1
17992 2
18014 1
18125 1
18136 1
18210 1
18229 1
18247 1
18423 1
18430 1
18474 1
18480 1
18533 1
18591 1
18660 1
18675 1
18684 1
18810 2
18838 1
18880 1
18884 1
18899 1
19041 1
19078 1
19097 1
19122 1
19132 1
19190 1
19383 1
19422 1
19436 1
19514 1
19587 1
19648 1
19660 2
19667 1
19772 1
19854 1
19862 1
19865 1
19914 1
20194 1
20274 1
20309 1
20312 1
20334 1
20366 1
20446 1
20471 1
20483 1
20550 1
20664 1
20668 1
20704 1
21024 1
21054 1
21089 1
21148 1
21221 1
21249 1
21327 1
21432 1
21481 1
21515 1
21628 1
21752 1
21801 1
21802 1
21822 1
21828 1
21899 1
22093 1
22356 1
22402 1
22444 1
22473 1
22476 1
22659 1
22725 1
22785 1
23007 1
23048 1
23174 1
23276 1
23373 1
23582 1
23869 1
24120 1
24279 1
24316 1
24357 1
24743 1
24901 1
24973 1
25187 1
25436 1
25440 1
25460 1
25523 1
25535 1
25683 1
26098 1
26103 1
26131 1
26225 1
26574 1
27214 1
27274 1
27539 1
27893 1
28146 1
28256 1
28315 1
28566 1
28759 1
29736 1
29958 1
30189 1
30276 1
30436 1
30534 1
30703 1
30759 1
31106 1
31654 1
32560 1
32589 1
33338 1
34327 1
34514 1
36717 1
36785 1
38446 1
40624 1
40823 1
41160 1
41330 1
41749 1
42580 1
47743 1
52967 1
53161 1
