62 1
63 7
64 54
65 226
66 476
67 570
68 547
69 575
70 550
71 609
72 592
73 532
74 588
75 758
76 862
77 935
78 1094
79 1072
80 1135
81 1250
82 1442
83 1692
84 1711
85 1638
86 1592
87 1668
88 1725
89 1797
90 1786
91 1796
92 2082
93 2004
94 2102
95 2090
96 2024
97 2038
98 2163
99 2381
100 2382
101 2428
102 2366
103 2472
104 2527
105 2699
106 2837
107 3004
108 3183
109 3081
110 3050
111 3197
112 3107
113 3181
114 3289
115 3219
116 3150
117 2963
118 3103
119 3086
120 3433
121 3536
122 3533
123 3699
124 3736
125 3773
126 3759
127 4110
128 4320
129 4613
130 4858
131 4939
132 5139
133 5387
134 5390
135 5890
136 5896
137 5917
138 6009
139 6044
140 5955
141 6098
142 6256
143 6159
144 6336
145 6422
146 6625
147 6593
148 6869
149 6814
150 7149
151 7125
152 7177
153 7069
154 7185
155 7261
156 7269
157 7162
158 7197
159 7165
160 7343
161 7458
162 7264
163 7357
164 7288
165 7491
166 7517
167 7568
168 7587
169 7608
170 7866
171 7835
172 7879
173 7957
174 8057
175 8074
176 7940
177 8003
178 7915
179 8021
180 8150
181 8209
182 8084
183 8027
184 8168
185 8287
186 8423
187 8884
188 8857
189 8809
190 8963
191 8684
192 8743
193 8899
194 9154
195 9267
196 9053
197 9230
198 9306
199 9288
200 9569
201 9308
202 9518
203 9364
204 9359
205 9452
206 9390
207 9505
208 9550
209 9302
210 9505
211 9287
212 9520
213 9585
214 9159
215 9464
216 9484
217 9208
218 9209
219 9349
220 9446
221 9233
222 9240
223 9191
224 9080
225 9164
226 9055
227 9031
228 9217
229 9158
230 9026
231 9199
232 9121
233 9291
234 9153
235 9230
236 9311
237 9143
238 9177
239 9049
240 9263
241 9273
242 9036
243 9246
244 9241
245 9306
246 9333
247 9204
248 9220
249 9218
250 9347
251 9575
252 9277
253 9300
254 9584
255 9588
256 9652
257 9632
258 9339
259 9319
260 9329
261 9364
262 9388
263 9597
264 9498
265 9682
266 9630
267 9282
268 9413
269 9351
270 9150
271 9203
272 8876
273 8935
274 8821
275 8940
276 8993
277 8781
278 8766
279 8789
280 8893
281 8602
282 8739
283 8587
284 8486
285 8353
286 8401
287 8164
288 8211
289 8064
290 8031
291 8040
292 7937
293 8049
294 8062
295 7985
296 7918
297 7951
298 7843
299 7729
300 7823
301 7603
302 7722
303 7679
304 7647
305 7629
306 7620
307 7515
308 7576
309 7688
310 7565
311 7566
312 7431
313 7551
314 7438
315 7531
316 7420
317 7473
318 7512
319 7569
320 7417
321 7417
322 7449
323 7430
324 7357
325 7435
326 7179
327 7350
328 7264
329 7220
330 7304
331 7083
332 7105
333 7065
334 7199
335 7059
336 7284
337 7351
338 7284
339 7409
340 7250
341 7442
342 7216
343 7279
344 7308
345 7290
346 7088
347 7091
348 7169
349 7127
350 6942
351 7097
352 6804
353 6895
354 6801
355 6827
356 6796
357 6743
358 6675
359 6812
360 6760
361 6735
362 6751
363 6746
364 6666
365 6678
366 6421
367 6579
368 6581
369 6544
370 6534
371 6576
372 6379
373 6713
374 6430
375 6327
376 6397
377 6406
378 6449
379 6225
380 6196
381 6394
382 6115
383 6111
384 6104
385 6176
386 6129
387 6207
388 6054
389 6001
390 6193
391 6001
392 6139
393 5763
394 5898
395 5870
396 5960
397 6013
398 6131
399 6028
400 6169
401 5846
402 5997
403 5959
404 5965
405 5899
406 5813
407 5801
408 5820
409 5769
410 5726
411 5719
412 5856
413 5668
414 5758
415 5539
416 5638
417 5561
418 5408
419 5571
420 5639
421 5539
422 5699
423 5553
424 5394
425 5398
426 5453
427 5459
428 5133
429 5344
430 5310
431 5252
432 5137
433 5136
434 5114
435 5134
436 5139
437 5033
438 5003
439 4940
440 5137
441 5141
442 4992
443 5020
444 5068
445 5057
446 5102
447 4820
448 4929
449 4927
450 4904
451 4747
452 4850
453 4710
454 4674
455 4644
456 4547
457 4658
458 4809
459 4564
460 4641
461 4627
462 4571
463 4711
464 4603
465 4515
466 4523
467 4617
468 4559
469 4533
470 4433
471 4378
472 4520
473 4468
474 4553
475 4358
476 4364
477 4254
478 4262
479 4396
480 4385
481 4319
482 4157
483 4355
484 4347
485 4303
486 4153
487 4231
488 4180
489 4133
490 4196
491 4011
492 4144
493 4137
494 4169
495 4104
496 4109
497 4152
498 3968
499 4012
500 4023
501 4067
502 3972
503 4004
504 4021
505 4071
506 3791
507 4027
508 3968
509 3958
510 3892
511 4081
512 3935
513 3992
514 3938
515 3877
516 3849
517 3896
518 3890
519 3853
520 3805
521 3793
522 3697
523 3665
524 3714
525 3694
526 3738
527 3647
528 3648
529 3625
530 3635
531 3655
532 3559
533 3634
534 3544
535 3687
536 3706
537 3533
538 3580
539 3490
540 3643
541 3516
542 3515
543 3436
544 3331
545 3569
546 3430
547 3376
548 3385
549 3318
550 3413
551 3269
552 3381
553 3203
554 3375
555 3228
556 3365
557 3260
558 3418
559 3293
560 3226
561 3463
562 3156
563 3355
564 3181
565 3265
566 3057
567 3265
568 3109
569 3162
570 3120
571 3072
572 3117
573 3145
574 3131
575 3107
576 3046
577 3025
578 3033
579 3086
580 3010
581 2967
582 2947
583 2922
584 2969
585 3054
586 2988
587 2949
588 2972
589 2957
590 3023
591 2857
592 2841
593 3021
594 2987
595 2940
596 2926
597 2805
598 2867
599 2895
600 2883
601 2888
602 2921
603 2957
604 2983
605 2895
606 3057
607 3055
608 3033
609 2917
610 2916
611 2991
612 2929
613 2817
614 2865
615 2765
616 2880
617 2830
618 2820
619 2803
620 2770
621 2755
622 2738
623 2668
624 2709
625 2671
626 2528
627 2610
628 2563
629 2588
630 2606
631 2679
632 2583
633 2613
634 2535
635 2530
636 2514
637 2382
638 2524
639 2422
640 2539
641 2479
642 2408
643 2414
644 2456
645 2312
646 2445
647 2310
648 2362
649 2329
650 2387
651 2359
652 2363
653 2381
654 2365
655 2336
656 2338
657 2309
658 2328
659 2362
660 2299
661 2290
662 2252
663 2293
664 2254
665 2373
666 2266
667 2321
668 2271
669 2179
670 2252
671 2239
672 2249
673 2222
674 2317
675 2285
676 2255
677 2154
678 2217
679 2171
680 2185
681 2244
682 2204
683 2130
684 2224
685 2231
686 2290
687 2174
688 2175
689 2197
690 2080
691 2160
692 2211
693 2022
694 2048
695 2126
696 2059
697 2064
698 2106
699 2112
700 2129
701 2181
702 2154
703 2086
704 2134
705 2070
706 2035
707 2051
708 1980
709 1878
710 2050
711 1993
712 1946
713 1952
714 2099
715 1952
716 1898
717 2034
718 1909
719 1853
720 1958
721 1927
722 1889
723 1888
724 1922
725 1916
726 1872
727 1833
728 1912
729 1889
730 1809
731 1838
732 1815
733 1799
734 1965
735 1875
736 1870
737 1807
738 1776
739 1869
740 1769
741 1852
742 1719
743 1733
744 1783
745 1749
746 1760
747 1647
748 1770
749 1677
750 1727
751 1744
752 1638
753 1641
754 1683
755 1632
756 1711
757 1630
758 1642
759 1655
760 1621
761 1570
762 1616
763 1612
764 1619
765 1589
766 1476
767 1479
768 1431
769 1562
770 1484
771 1514
772 1490
773 1508
774 1529
775 1461
776 1473
777 1451
778 1423
779 1457
780 1489
781 1454
782 1440
783 1386
784 1354
785 1383
786 1345
787 1374
788 1357
789 1348
790 1355
791 1314
792 1360
793 1346
794 1388
795 1385
796 1408
797 1314
798 1303
799 1326
800 1286
801 1335
802 1324
803 1298
804 1328
805 1282
806 1306
807 1291
808 1243
809 1306
810 1330
811 1280
812 1276
813 1274
814 1251
815 1246
816 1227
817 1211
818 1258
819 1225
820 1261
821 1184
822 1291
823 1235
824 1209
825 1267
826 1223
827 1276
828 1205
829 1160
830 1207
831 1164
832 1130
833 1194
834 1207
835 1182
836 1215
837 1176
838 1238
839 1154
840 1194
841 1172
842 1242
843 1155
844 1147
845 1153
846 1132
847 1144
848 1117
849 1099
850 1187
851 1157
852 1106
853 1132
854 1098
855 1120
856 1156
857 1157
858 1233
859 1243
860 1314
861 1257
862 1144
863 1171
864 1196
865 1129
866 1170
867 1156
868 1169
869 1111
870 1104
871 1115
872 1139
873 1171
874 1114
875 1077
876 1035
877 1103
878 1049
879 1056
880 1030
881 1026
882 1072
883 1080
884 1010
885 1023
886 1043
887 1080
888 1052
889 1065
890 1047
891 1002
892 1023
893 1070
894 1019
895 1044
896 990
897 1018
898 993
899 964
900 986
901 1017
902 978
903 1024
904 929
905 970
906 908
907 1006
908 970
909 970
910 969
911 916
912 947
913 968
914 962
915 930
916 881
917 963
918 919
919 922
920 958
921 962
922 846
923 939
924 884
925 870
926 929
927 950
928 940
929 974
930 1001
931 1014
932 944
933 969
934 942
935 875
936 889
937 880
938 860
939 844
940 808
941 887
942 899
943 863
944 872
945 864
946 812
947 862
948 863
949 879
950 818
951 810
952 821
953 797
954 833
955 788
956 834
957 787
958 841
959 761
960 768
961 760
962 799
963 808
964 787
965 821
966 795
967 801
968 771
969 763
970 742
971 757
972 734
973 744
974 754
975 712
976 727
977 770
978 750
979 727
980 709
981 746
982 748
983 741
984 786
985 691
986 730
987 749
988 749
989 674
990 736
991 716
992 713
993 684
994 662
995 675
996 647
997 637
998 686
999 728
1000 652
1001 631
1002 713
1003 687
1004 691
1005 703
1006 666
1007 629
1008 656
1009 652
1010 625
1011 679
1012 649
1013 689
1014 616
1015 663
1016 614
1017 687
1018 681
1019 648
1020 658
1021 680
1022 667
1023 643
1024 616
1025 652
1026 665
1027 631
1028 617
1029 577
1030 635
1031 614
1032 616
1033 647
1034 598
1035 645
1036 615
1037 624
1038 619
1039 611
1040 622
1041 629
1042 653
1043 606
1044 649
1045 639
1046 606
1047 628
1048 628
1049 568
1050 613
1051 580
1052 609
1053 544
1054 559
1055 588
1056 584
1057 628
1058 607
1059 624
1060 588
1061 604
1062 587
1063 576
1064 609
1065 584
1066 525
1067 565
1068 602
1069 560
1070 589
1071 591
1072 574
1073 538
1074 519
1075 529
1076 517
1077 582
1078 556
1079 552
1080 534
1081 520
1082 533
1083 531
1084 522
1085 578
1086 529
1087 536
1088 555
1089 505
1090 491
1091 527
1092 538
1093 516
1094 544
1095 499
1096 498
1097 505
1098 483
1099 454
1100 543
1101 471
1102 488
1103 474
1104 494
1105 511
1106 479
1107 511
1108 469
1109 454
1110 478
1111 487
1112 464
1113 478
1114 457
1115 479
1116 466
1117 482
1118 478
1119 464
1120 461
1121 458
1122 435
1123 416
1124 434
1125 418
1126 418
1127 463
1128 470
1129 439
1130 416
1131 398
1132 443
1133 413
1134 399
1135 421
1136 440
1137 418
1138 435
1139 411
1140 411
1141 466
1142 438
1143 413
1144 396
1145 394
1146 415
1147 419
1148 395
1149 383
1150 398
1151 385
1152 381
1153 420
1154 385
1155 365
1156 405
1157 387
1158 394
1159 423
1160 357
1161 421
1162 375
1163 405
1164 360
1165 342
1166 397
1167 385
1168 372
1169 380
1170 386
1171 356
1172 374
1173 379
1174 377
1175 378
1176 357
1177 379
1178 356
1179 355
1180 368
1181 332
1182 373
1183 360
1184 358
1185 343
1186 354
1187 387
1188 360
1189 298
1190 326
1191 349
1192 349
1193 345
1194 360
1195 343
1196 345
1197 345
1198 339
1199 320
1200 313
1201 336
1202 308
1203 328
1204 322
1205 346
1206 331
1207 345
1208 320
1209 315
1210 332
1211 329
1212 303
1213 310
1214 344
1215 316
1216 312
1217 311
1218 322
1219 304
1220 321
1221 305
1222 306
1223 299
1224 319
1225 299
1226 298
1227 299
1228 304
1229 328
1230 311
1231 297
1232 272
1233 286
1234 312
1235 282
1236 325
1237 276
1238 291
1239 298
1240 284
1241 304
1242 298
1243 313
1244 276
1245 257
1246 275
1247 292
1248 270
1249 284
1250 289
1251 275
1252 269
1253 258
1254 287
1255 267
1256 291
1257 264
1258 275
1259 283
1260 286
1261 276
1262 280
1263 257
1264 290
1265 273
1266 286
1267 257
1268 276
1269 270
1270 294
1271 261
1272 262
1273 272
1274 233
1275 256
1276 263
1277 224
1278 276
1279 274
1280 261
1281 239
1282 241
1283 257
1284 257
1285 265
1286 275
1287 247
1288 233
1289 238
1290 258
1291 237
1292 250
1293 241
1294 231
1295 241
1296 244
1297 261
1298 231
1299 230
1300 226
1301 233
1302 264
1303 251
1304 244
1305 247
1306 230
1307 246
1308 233
1309 248
1310 213
1311 211
1312 236
1313 230
1314 245
1315 209
1316 220
1317 250
1318 239
1319 226
1320 257
1321 255
1322 224
1323 205
1324 223
1325 223
1326 190
1327 225
1328 249
1329 224
1330 259
1331 221
1332 202
1333 210
1334 226
1335 193
1336 229
1337 261
1338 199
1339 224
1340 222
1341 222
1342 215
1343 229
1344 219
1345 179
1346 232
1347 205
1348 192
1349 234
1350 213
1351 207
1352 219
1353 216
1354 228
1355 204
1356 195
1357 215
1358 173
1359 218
1360 213
1361 198
1362 198
1363 240
1364 208
1365 211
1366 185
1367 209
1368 196
1369 192
1370 204
1371 228
1372 164
1373 223
1374 214
1375 197
1376 208
1377 183
1378 185
1379 209
1380 220
1381 195
1382 204
1383 221
1384 219
1385 214
1386 223
1387 222
1388 175
1389 229
1390 213
1391 221
1392 207
1393 198
1394 205
1395 199
1396 211
1397 177
1398 172
1399 182
1400 194
1401 195
1402 192
1403 173
1404 185
1405 192
1406 175
1407 191
1408 182
1409 179
1410 177
1411 184
1412 170
1413 196
1414 191
1415 202
1416 175
1417 171
1418 203
1419 162
1420 174
1421 168
1422 172
1423 167
1424 191
1425 174
1426 163
1427 145
1428 170
1429 177
1430 183
1431 184
1432 164
1433 167
1434 155
1435 154
1436 162
1437 178
1438 179
1439 189
1440 165
1441 152
1442 163
1443 162
1444 171
1445 164
1446 148
1447 160
1448 177
1449 157
1450 164
1451 160
1452 132
1453 159
1454 147
1455 168
1456 164
1457 169
1458 147
1459 155
1460 161
1461 173
1462 179
1463 151
1464 169
1465 143
1466 144
1467 159
1468 150
1469 124
1470 165
1471 153
1472 130
1473 139
1474 168
1475 152
1476 146
1477 138
1478 128
1479 135
1480 139
1481 133
1482 150
1483 156
1484 137
1485 138
1486 160
1487 158
1488 156
1489 163
1490 142
1491 135
1492 148
1493 130
1494 143
1495 124
1496 140
1497 150
1498 150
1499 131
1500 158
1501 153
1502 142
1503 136
1504 127
1505 142
1506 146
1507 148
1508 149
1509 132
1510 147
1511 137
1512 176
1513 156
1514 149
1515 112
1516 140
1517 122
1518 156
1519 152
1520 125
1521 137
1522 143
1523 152
1524 132
1525 130
1526 135
1527 124
1528 144
1529 138
1530 143
1531 115
1532 119
1533 124
1534 144
1535 128
1536 134
1537 130
1538 151
1539 140
1540 122
1541 130
1542 119
1543 126
1544 148
1545 134
1546 115
1547 122
1548 144
1549 113
1550 142
1551 116
1552 132
1553 129
1554 133
1555 136
1556 126
1557 133
1558 143
1559 120
1560 117
1561 132
1562 131
1563 121
1564 125
1565 137
1566 129
1567 117
1568 113
1569 121
1570 118
1571 126
1572 114
1573 126
1574 118
1575 114
1576 118
1577 121
1578 125
1579 123
1580 118
1581 129
1582 101
1583 126
1584 114
1585 119
1586 99
1587 119
1588 110
1589 107
1590 112
1591 132
1592 110
1593 115
1594 134
1595 109
1596 120
1597 114
1598 110
1599 108
1600 94
1601 113
1602 117
1603 115
1604 107
1605 107
1606 115
1607 106
1608 87
1609 111
1610 118
1611 124
1612 103
1613 109
1614 111
1615 118
1616 116
1617 141
1618 118
1619 101
1620 121
1621 100
1622 104
1623 113
1624 112
1625 108
1626 108
1627 102
1628 110
1629 106
1630 121
1631 108
1632 114
1633 82
1634 129
1635 114
1636 120
1637 119
1638 84
1639 120
1640 112
1641 125
1642 120
1643 101
1644 109
1645 98
1646 118
1647 108
1648 104
1649 107
1650 118
1651 94
1652 98
1653 107
1654 96
1655 116
1656 108
1657 73
1658 124
1659 118
1660 116
1661 108
1662 112
1663 101
1664 95
1665 102
1666 113
1667 101
1668 106
1669 111
1670 99
1671 102
1672 102
1673 117
1674 97
1675 100
1676 84
1677 106
1678 115
1679 94
1680 92
1681 99
1682 93
1683 85
1684 104
1685 83
1686 105
1687 104
1688 105
1689 101
1690 93
1691 112
1692 109
1693 92
1694 91
1695 98
1696 97
1697 113
1698 102
1699 101
1700 79
1701 96
1702 81
1703 101
1704 78
1705 98
1706 82
1707 90
1708 83
1709 97
1710 85
1711 97
1712 75
1713 95
1714 100
1715 89
1716 92
1717 82
1718 88
1719 86
1720 87
1721 89
1722 82
1723 94
1724 89
1725 88
1726 78
1727 79
1728 64
1729 79
1730 81
1731 91
1732 92
1733 77
1734 97
1735 84
1736 96
1737 81
1738 89
1739 77
1740 80
1741 91
1742 79
1743 80
1744 89
1745 92
1746 83
1747 83
1748 77
1749 72
1750 73
1751 83
1752 75
1753 82
1754 87
1755 73
1756 81
1757 97
1758 81
1759 74
1760 80
1761 82
1762 76
1763 85
1764 73
1765 90
1766 87
1767 79
1768 78
1769 71
1770 102
1771 67
1772 57
1773 73
1774 58
1775 81
1776 68
1777 72
1778 78
1779 64
1780 84
1781 78
1782 74
1783 90
1784 76
1785 70
1786 98
1787 72
1788 61
1789 62
1790 75
1791 65
1792 70
1793 66
1794 63
1795 87
1796 66
1797 67
1798 71
1799 68
1800 71
1801 81
1802 67
1803 63
1804 56
1805 68
1806 71
1807 70
1808 64
1809 70
1810 75
1811 61
1812 74
1813 72
1814 67
1815 89
1816 51
1817 72
1818 70
1819 68
1820 68
1821 82
1822 66
1823 74
1824 57
1825 68
1826 49
1827 67
1828 66
1829 69
1830 63
1831 63
1832 60
1833 63
1834 64
1835 63
1836 46
1837 66
1838 45
1839 54
1840 61
1841 75
1842 63
1843 67
1844 65
1845 47
1846 66
1847 51
1848 55
1849 60
1850 51
1851 61
1852 76
1853 61
1854 59
1855 61
1856 60
1857 62
1858 61
1859 56
1860 63
1861 57
1862 48
1863 72
1864 60
1865 61
1866 56
1867 83
1868 49
1869 58
1870 61
1871 57
1872 61
1873 67
1874 53
1875 60
1876 51
1877 68
1878 71
1879 55
1880 53
1881 71
1882 59
1883 52
1884 60
1885 43
1886 62
1887 55
1888 57
1889 63
1890 57
1891 67
1892 46
1893 43
1894 58
1895 53
1896 57
1897 63
1898 60
1899 55
1900 68
1901 61
1902 49
1903 44
1904 65
1905 54
1906 53
1907 51
1908 57
1909 46
1910 56
1911 54
1912 59
1913 60
1914 49
1915 51
1916 52
1917 50
1918 43
1919 56
1920 44
1921 42
1922 53
1923 59
1924 51
1925 50
1926 51
1927 43
1928 67
1929 52
1930 51
1931 43
1932 60
1933 47
1934 53
1935 46
1936 50
1937 64
1938 42
1939 38
1940 34
1941 68
1942 44
1943 60
1944 37
1945 50
1946 47
1947 44
1948 40
1949 36
1950 41
1951 62
1952 50
1953 57
1954 54
1955 43
1956 43
1957 43
1958 56
1959 47
1960 44
1961 52
1962 44
1963 40
1964 54
1965 50
1966 55
1967 48
1968 52
1969 42
1970 52
1971 47
1972 38
1973 44
1974 53
1975 49
1976 51
1977 44
1978 40
1979 37
1980 45
1981 58
1982 39
1983 53
1984 51
1985 34
1986 39
1987 47
1988 57
1989 54
1990 40
1991 39
1992 43
1993 35
1994 42
1995 53
1996 40
1997 36
1998 45
1999 52
2000 43
2001 44
2002 40
2003 47
2004 33
2005 60
2006 41
2007 59
2008 45
2009 44
2010 32
2011 40
2012 52
2013 48
2014 48
2015 39
2016 47
2017 48
2018 41
2019 56
2020 32
2021 46
2022 37
2023 49
2024 57
2025 27
2026 36
2027 48
2028 40
2029 34
2030 29
2031 43
2032 50
2033 34
2034 37
2035 33
2036 34
2037 38
2038 58
2039 46
2040 41
2041 46
2042 38
2043 43
2044 36
2045 49
2046 38
2047 52
2048 31
2049 36
2050 44
2051 43
2052 47
2053 35
2054 41
2055 40
2056 40
2057 37
2058 40
2059 54
2060 38
2061 41
2062 36
2063 44
2064 42
2065 37
2066 39
2067 59
2068 40
2069 43
2070 32
2071 42
2072 33
2073 30
2074 35
2075 44
2076 36
2077 47
2078 28
2079 41
2080 38
2081 37
2082 45
2083 37
2084 30
2085 43
2086 38
2087 44
2088 27
2089 40
2090 32
2091 31
2092 30
2093 42
2094 40
2095 47
2096 37
2097 41
2098 40
2099 35
2100 39
2101 49
2102 30
2103 33
2104 31
2105 38
2106 39
2107 46
2108 41
2109 37
2110 34
2111 44
2112 37
2113 31
2114 36
2115 36
2116 32
2117 49
2118 44
2119 36
2120 34
2121 38
2122 40
2123 37
2124 39
2125 42
2126 35
2127 30
2128 36
2129 35
2130 37
2131 28
2132 43
2133 33
2134 47
2135 35
2136 25
2137 33
2138 32
2139 25
2140 38
2141 44
2142 31
2143 33
2144 42
2145 32
2146 27
2147 31
2148 41
2149 25
2150 34
2151 35
2152 38
2153 39
2154 32
2155 25
2156 40
2157 32
2158 34
2159 36
2160 28
2161 40
2162 36
2163 49
2164 41
2165 36
2166 28
2167 30
2168 39
2169 41
2170 42
2171 40
2172 32
2173 37
2174 43
2175 36
2176 37
2177 33
2178 45
2179 37
2180 32
2181 34
2182 39
2183 28
2184 30
2185 37
2186 38
2187 41
2188 36
2189 41
2190 44
2191 40
2192 36
2193 28
2194 28
2195 33
2196 39
2197 40
2198 34
2199 35
2200 28
2201 38
2202 34
2203 35
2204 37
2205 37
2206 41
2207 29
2208 40
2209 33
2210 43
2211 38
2212 35
2213 45
2214 24
2215 41
2216 34
2217 32
2218 37
2219 38
2220 41
2221 40
2222 34
2223 44
2224 42
2225 35
2226 31
2227 31
2228 39
2229 29
2230 39
2231 44
2232 35
2233 31
2234 33
2235 19
2236 30
2237 40
2238 32
2239 41
2240 28
2241 29
2242 33
2243 28
2244 27
2245 35
2246 36
2247 32
2248 32
2249 25
2250 34
2251 27
2252 45
2253 31
2254 33
2255 25
2256 40
2257 31
2258 34
2259 36
2260 21
2261 36
2262 47
2263 43
2264 39
2265 35
2266 28
2267 31
2268 38
2269 34
2270 42
2271 25
2272 31
2273 32
2274 30
2275 40
2276 38
2277 34
2278 36
2279 38
2280 35
2281 31
2282 32
2283 36
2284 30
2285 23
2286 37
2287 39
2288 35
2289 34
2290 29
2291 22
2292 26
2293 32
2294 37
2295 34
2296 32
2297 33
2298 34
2299 33
2300 23
2301 38
2302 35
2303 25
2304 35
2305 25
2306 28
2307 35
2308 39
2309 35
2310 24
2311 35
2312 29
2313 25
2314 30
2315 31
2316 29
2317 33
2318 25
2319 25
2320 31
2321 29
2322 28
2323 34
2324 43
2325 31
2326 30
2327 20
2328 21
2329 27
2330 31
2331 33
2332 26
2333 30
2334 26
2335 31
2336 28
2337 29
2338 36
2339 28
2340 26
2341 34
2342 40
2343 28
2344 29
2345 29
2346 25
2347 32
2348 25
2349 35
2350 19
2351 38
2352 33
2353 24
2354 31
2355 35
2356 23
2357 17
2358 31
2359 24
2360 35
2361 26
2362 20
2363 31
2364 19
2365 26
2366 21
2367 32
2368 30
2369 36
2370 29
2371 21
2372 29
2373 31
2374 26
2375 29
2376 41
2377 27
2378 36
2379 28
2380 28
2381 34
2382 41
2383 34
2384 39
2385 28
2386 38
2387 45
2388 25
2389 32
2390 30
2391 33
2392 24
2393 28
2394 29
2395 30
2396 36
2397 26
2398 30
2399 28
2400 26
2401 31
2402 29
2403 19
2404 24
2405 23
2406 21
2407 22
2408 26
2409 29
2410 29
2411 25
2412 27
2413 30
2414 24
2415 18
2416 28
2417 18
2418 35
2419 27
2420 27
2421 39
2422 28
2423 19
2424 26
2425 24
2426 36
2427 29
2428 23
2429 31
2430 29
2431 25
2432 32
2433 29
2434 24
2435 20
2436 25
2437 34
2438 25
2439 24
2440 18
2441 28
2442 34
2443 24
2444 14
2445 28
2446 23
2447 26
2448 20
2449 25
2450 29
2451 22
2452 23
2453 30
2454 34
2455 29
2456 24
2457 31
2458 25
2459 28
2460 31
2461 32
2462 37
2463 19
2464 25
2465 20
2466 27
2467 32
2468 27
2469 28
2470 19
2471 30
2472 27
2473 25
2474 37
2475 28
2476 30
2477 28
2478 23
2479 25
2480 24
2481 19
2482 20
2483 31
2484 17
2485 24
2486 26
2487 25
2488 21
2489 20
2490 25
2491 18
2492 25
2493 26
2494 26
2495 31
2496 29
2497 19
2498 28
2499 25
2500 23
2501 26
2502 18
2503 26
2504 39
2505 25
2506 22
2507 29
2508 28
2509 25
2510 28
2511 28
2512 23
2513 21
2514 17
2515 29
2516 28
2517 23
2518 23
2519 24
2520 23
2521 25
2522 30
2523 21
2524 36
2525 26
2526 30
2527 27
2528 18
2529 25
2530 23
2531 26
2532 24
2533 26
2534 20
2535 33
2536 29
2537 32
2538 35
2539 28
2540 22
2541 30
2542 20
2543 27
2544 16
2545 30
2546 23
2547 24
2548 25
2549 27
2550 24
2551 29
2552 33
2553 17
2554 19
2555 23
2556 28
2557 19
2558 23
2559 27
2560 27
2561 18
2562 21
2563 17
2564 23
2565 29
2566 30
2567 24
2568 21
2569 20
2570 24
2571 25
2572 20
2573 21
2574 34
2575 28
2576 22
2577 18
2578 16
2579 24
2580 18
2581 28
2582 37
2583 34
2584 25
2585 27
2586 30
2587 24
2588 31
2589 35
2590 31
2591 29
2592 28
2593 17
2594 33
2595 20
2596 24
2597 31
2598 28
2599 20
2600 33
2601 29
2602 34
2603 17
2604 25
2605 31
2606 35
2607 29
2608 27
2609 25
2610 17
2611 25
2612 24
2613 23
2614 30
2615 33
2616 19
2617 20
2618 19
2619 12
2620 29
2621 26
2622 33
2623 26
2624 22
2625 19
2626 20
2627 22
2628 24
2629 21
2630 25
2631 26
2632 25
2633 36
2634 23
2635 28
2636 29
2637 23
2638 24
2639 32
2640 22
2641 26
2642 21
2643 22
2644 24
2645 22
2646 26
2647 28
2648 19
2649 27
2650 20
2651 25
2652 20
2653 23
2654 25
2655 33
2656 20
2657 24
2658 22
2659 23
2660 26
2661 27
2662 18
2663 21
2664 28
2665 28
2666 25
2667 20
2668 20
2669 17
2670 26
2671 31
2672 27
2673 22
2674 23
2675 28
2676 29
2677 22
2678 19
2679 24
2680 29
2681 18
2682 15
2683 22
2684 26
2685 23
2686 24
2687 25
2688 15
2689 33
2690 16
2691 21
2692 19
2693 22
2694 30
2695 15
2696 29
2697 22
2698 21
2699 20
2700 24
2701 11
2702 24
2703 15
2704 20
2705 26
2706 23
2707 25
2708 18
2709 27
2710 16
2711 23
2712 25
2713 17
2714 23
2715 35
2716 20
2717 21
2718 26
2719 28
2720 14
2721 23
2722 20
2723 22
2724 17
2725 18
2726 18
2727 24
2728 20
2729 19
2730 25
2731 23
2732 32
2733 24
2734 15
2735 18
2736 19
2737 29
2738 24
2739 16
2740 24
2741 16
2742 17
2743 17
2744 15
2745 20
2746 35
2747 23
2748 28
2749 16
2750 22
2751 25
2752 27
2753 23
2754 23
2755 38
2756 17
2757 21
2758 15
2759 27
2760 26
2761 20
2762 17
2763 20
2764 19
2765 26
2766 32
2767 16
2768 34
2769 25
2770 19
2771 21
2772 21
2773 18
2774 21
2775 14
2776 27
2777 13
2778 21
2779 22
2780 30
2781 16
2782 10
2783 15
2784 26
2785 18
2786 20
2787 23
2788 15
2789 20
2790 21
2791 27
2792 19
2793 23
2794 25
2795 23
2796 16
2797 27
2798 17
2799 18
2800 27
2801 18
2802 18
2803 26
2804 16
2805 27
2806 24
2807 22
2808 27
2809 22
2810 18
2811 17
2812 22
2813 18
2814 21
2815 25
2816 21
2817 30
2818 16
2819 23
2820 16
2821 17
2822 28
2823 23
2824 16
2825 25
2826 17
2827 15
2828 23
2829 19
2830 17
2831 28
2832 29
2833 29
2834 27
2835 18
2836 19
2837 23
2838 23
2839 19
2840 18
2841 20
2842 19
2843 15
2844 20
2845 23
2846 17
2847 23
2848 17
2849 22
2850 20
2851 18
2852 9
2853 23
2854 20
2855 29
2856 21
2857 25
2858 14
2859 18
2860 21
2861 21
2862 20
2863 21
2864 24
2865 24
2866 26
2867 22
2868 25
2869 16
2870 20
2871 14
2872 25
2873 20
2874 20
2875 23
2876 22
2877 17
2878 18
2879 28
2880 22
2881 15
2882 24
2883 27
2884 17
2885 14
2886 31
2887 17
2888 18
2889 34
2890 11
2891 14
2892 19
2893 20
2894 21
2895 12
2896 24
2897 22
2898 16
2899 21
2900 26
2901 24
2902 19
2903 25
2904 11
2905 18
2906 29
2907 17
2908 17
2909 31
2910 30
2911 25
2912 23
2913 24
2914 19
2915 12
2916 21
2917 24
2918 26
2919 24
2920 17
2921 20
2922 24
2923 20
2924 19
2925 19
2926 28
2927 20
2928 15
2929 16
2930 21
2931 24
2932 28
2933 22
2934 23
2935 21
2936 21
2937 19
2938 21
2939 31
2940 18
2941 22
2942 28
2943 25
2944 20
2945 19
2946 14
2947 25
2948 25
2949 27
2950 22
2951 26
2952 24
2953 14
2954 25
2955 26
2956 15
2957 30
2958 18
2959 24
2960 21
2961 29
2962 16
2963 23
2964 15
2965 20
2966 21
2967 24
2968 17
2969 29
2970 17
2971 17
2972 21
2973 15
2974 17
2975 16
2976 16
2977 24
2978 19
2979 21
2980 25
2981 20
2982 23
2983 20
2984 22
2985 15
2986 19
2987 19
2988 27
2989 21
2990 16
2991 20
2992 18
2993 19
2994 16
2995 26
2996 20
2997 27
2998 14
2999 26
3000 14
3001 20
3002 17
3003 18
3004 26
3005 27
3006 23
3007 19
3008 20
3009 18
3010 21
3011 21
3012 15
3013 23
3014 21
3015 17
3016 23
3017 17
3018 26
3019 20
3020 18
3021 22
3022 16
3023 19
3024 24
3025 14
3026 24
3027 29
3028 26
3029 24
3030 18
3031 20
3032 11
3033 20
3034 15
3035 24
3036 19
3037 17
3038 23
3039 17
3040 18
3041 23
3042 23
3043 17
3044 25
3045 24
3046 26
3047 18
3048 21
3049 19
3050 22
3051 25
3052 18
3053 24
3054 24
3055 15
3056 22
3057 26
3058 22
3059 25
3060 25
3061 19
3062 24
3063 14
3064 17
3065 20
3066 18
3067 34
3068 23
3069 11
3070 24
3071 13
3072 16
3073 28
3074 25
3075 16
3076 28
3077 22
3078 24
3079 26
3080 20
3081 20
3082 27
3083 22
3084 21
3085 19
3086 24
3087 20
3088 17
3089 19
3090 12
3091 14
3092 21
3093 16
3094 28
3095 12
3096 20
3097 18
3098 20
3099 26
3100 20
3101 23
3102 26
3103 25
3104 21
3105 26
3106 20
3107 13
3108 21
3109 21
3110 25
3111 16
3112 20
3113 22
3114 19
3115 24
3116 21
3117 19
3118 24
3119 19
3120 22
3121 24
3122 15
3123 22
3124 24
3125 26
3126 29
3127 18
3128 24
3129 25
3130 16
3131 21
3132 24
3133 21
3134 22
3135 24
3136 19
3137 25
3138 19
3139 18
3140 18
3141 18
3142 19
3143 19
3144 26
3145 14
3146 22
3147 21
3148 24
3149 31
3150 24
3151 19
3152 20
3153 18
3154 24
3155 31
3156 21
3157 17
3158 24
3159 21
3160 20
3161 14
3162 26
3163 24
3164 21
3165 33
3166 23
3167 27
3168 16
3169 18
3170 26
3171 25
3172 22
3173 19
3174 22
3175 16
3176 31
3177 27
3178 17
3179 18
3180 18
3181 24
3182 21
3183 19
3184 21
3185 21
3186 18
3187 22
3188 19
3189 21
3190 19
3191 23
3192 18
3193 23
3194 27
3195 20
3196 26
3197 21
3198 15
3199 21
3200 26
3201 22
3202 17
3203 19
3204 26
3205 21
3206 14
3207 15
3208 19
3209 21
3210 17
3211 28
3212 24
3213 15
3214 22
3215 23
3216 18
3217 19
3218 22
3219 15
3220 27
3221 25
3222 19
3223 14
3224 22
3225 21
3226 24
3227 18
3228 22
3229 21
3230 15
3231 23
3232 23
3233 27
3234 14
3235 19
3236 15
3237 24
3238 22
3239 21
3240 32
3241 22
3242 22
3243 26
3244 23
3245 25
3246 26
3247 18
3248 23
3249 23
3250 25
3251 21
3252 19
3253 27
3254 26
3255 24
3256 20
3257 17
3258 16
3259 24
3260 23
3261 13
3262 25
3263 15
3264 10
3265 21
3266 19
3267 36
3268 17
3269 23
3270 26
3271 13
3272 17
3273 27
3274 15
3275 21
3276 20
3277 23
3278 10
3279 14
3280 21
3281 18
3282 31
3283 20
3284 29
3285 22
3286 28
3287 16
3288 19
3289 16
3290 25
3291 21
3292 9
3293 32
3294 18
3295 19
3296 17
3297 18
3298 20
3299 15
3300 18
3301 24
3302 13
3303 26
3304 20
3305 30
3306 18
3307 16
3308 16
3309 25
3310 20
3311 14
3312 21
3313 16
3314 25
3315 19
3316 19
3317 26
3318 20
3319 21
3320 18
3321 22
3322 15
3323 25
3324 26
3325 20
3326 22
3327 22
3328 14
3329 25
3330 20
3331 27
3332 26
3333 15
3334 14
3335 15
3336 24
3337 19
3338 20
3339 19
3340 26
3341 15
3342 29
3343 24
3344 20
3345 17
3346 27
3347 31
3348 24
3349 27
3350 17
3351 21
3352 26
3353 15
3354 24
3355 19
3356 32
3357 22
3358 22
3359 25
3360 24
3361 23
3362 16
3363 20
3364 32
3365 22
3366 16
3367 14
3368 17
3369 21
3370 24
3371 19
3372 24
3373 15
3374 18
3375 22
3376 31
3377 26
3378 15
3379 17
3380 29
3381 24
3382 19
3383 19
3384 19
3385 25
3386 22
3387 23
3388 20
3389 15
3390 18
3391 18
3392 15
3393 21
3394 17
3395 15
3396 16
3397 22
3398 26
3399 19
3400 23
3401 20
3402 24
3403 21
3404 16
3405 26
3406 16
3407 24
3408 16
3409 25
3410 18
3411 23
3412 19
3413 21
3414 17
3415 19
3416 25
3417 18
3418 17
3419 17
3420 17
3421 24
3422 30
3423 21
3424 21
3425 14
3426 27
3427 14
3428 27
3429 29
3430 16
3431 25
3432 27
3433 16
3434 22
3435 25
3436 22
3437 19
3438 13
3439 24
3440 25
3441 15
3442 13
3443 24
3444 21
3445 24
3446 18
3447 23
3448 22
3449 24
3450 15
3451 16
3452 25
3453 23
3454 21
3455 21
3456 16
3457 17
3458 18
3459 19
3460 17
3461 26
3462 20
3463 17
3464 18
3465 13
3466 12
3467 18
3468 25
3469 22
3470 19
3471 14
3472 13
3473 23
3474 28
3475 25
3476 16
3477 29
3478 19
3479 16
3480 23
3481 31
3482 21
3483 14
3484 20
3485 18
3486 31
3487 24
3488 26
3489 17
3490 15
3491 20
3492 22
3493 20
3494 16
3495 16
3496 18
3497 29
3498 25
3499 22
3500 25
3501 19
3502 21
3503 20
3504 17
3505 22
3506 13
3507 14
3508 21
3509 19
3510 15
3511 18
3512 15
3513 28
3514 23
3515 21
3516 23
3517 17
3518 16
3519 27
3520 29
3521 9
3522 26
3523 24
3524 32
3525 13
3526 16
3527 16
3528 22
3529 16
3530 18
3531 15
3532 29
3533 19
3534 20
3535 20
3536 16
3537 14
3538 18
3539 20
3540 20
3541 21
3542 18
3543 29
3544 12
3545 15
3546 22
3547 26
3548 23
3549 20
3550 16
3551 15
3552 20
3553 19
3554 17
3555 25
3556 18
3557 17
3558 17
3559 21
3560 18
3561 21
3562 19
3563 20
3564 10
3565 17
3566 20
3567 12
3568 20
3569 24
3570 18
3571 17
3572 16
3573 10
3574 19
3575 15
3576 20
3577 24
3578 16
3579 24
3580 25
3581 20
3582 21
3583 17
3584 22
3585 15
3586 22
3587 28
3588 18
3589 15
3590 27
3591 14
3592 15
3593 10
3594 18
3595 16
3596 19
3597 15
3598 13
3599 15
3600 17
3601 17
3602 23
3603 17
3604 13
3605 16
3606 15
3607 11
3608 19
3609 18
3610 22
3611 18
3612 14
3613 23
3614 23
3615 17
3616 18
3617 14
3618 11
3619 10
3620 19
3621 18
3622 12
3623 9
3624 16
3625 25
3626 22
3627 18
3628 23
3629 23
3630 20
3631 18
3632 16
3633 25
3634 26
3635 10
3636 17
3637 19
3638 16
3639 22
3640 23
3641 19
3642 20
3643 19
3644 25
3645 18
3646 20
3647 17
3648 12
3649 23
3650 12
3651 17
3652 14
3653 14
3654 14
3655 9
3656 14
3657 17
3658 14
3659 18
3660 20
3661 19
3662 18
3663 28
3664 16
3665 18
3666 13
3667 17
3668 21
3669 11
3670 18
3671 17
3672 16
3673 9
3674 12
3675 23
3676 11
3677 20
3678 22
3679 10
3680 17
3681 22
3682 11
3683 13
3684 20
3685 22
3686 23
3687 13
3688 18
3689 15
3690 30
3691 16
3692 11
3693 21
3694 23
3695 9
3696 19
3697 8
3698 18
3699 26
3700 13
3701 23
3702 20
3703 23
3704 24
3705 19
3706 29
3707 14
3708 16
3709 12
3710 20
3711 14
3712 11
3713 23
3714 13
3715 17
3716 22
3717 16
3718 18
3719 17
3720 12
3721 16
3722 28
3723 17
3724 12
3725 16
3726 16
3727 13
3728 13
3729 17
3730 17
3731 16
3732 11
3733 18
3734 11
3735 16
3736 16
3737 15
3738 16
3739 18
3740 14
3741 15
3742 13
3743 17
3744 18
3745 12
3746 15
3747 16
3748 19
3749 10
3750 20
3751 18
3752 23
3753 23
3754 13
3755 20
3756 17
3757 10
3758 18
3759 13
3760 15
3761 21
3762 25
3763 20
3764 12
3765 16
3766 13
3767 15
3768 9
3769 23
3770 17
3771 14
3772 18
3773 12
3774 17
3775 19
3776 19
3777 19
3778 24
3779 15
3780 16
3781 19
3782 15
3783 19
3784 13
3785 21
3786 21
3787 21
3788 19
3789 15
3790 16
3791 29
3792 14
3793 12
3794 17
3795 15
3796 14
3797 21
3798 17
3799 16
3800 18
3801 15
3802 16
3803 13
3804 12
3805 18
3806 22
3807 14
3808 15
3809 11
3810 17
3811 16
3812 16
3813 16
3814 20
3815 13
3816 15
3817 17
3818 13
3819 19
3820 20
3821 14
3822 20
3823 14
3824 14
3825 15
3826 16
3827 20
3828 12
3829 6
3830 14
3831 14
3832 20
3833 12
3834 19
3835 13
3836 11
3837 15
3838 14
3839 15
3840 14
3841 18
3842 16
3843 19
3844 18
3845 12
3846 16
3847 12
3848 5
3849 14
3850 11
3851 16
3852 12
3853 17
3854 16
3855 14
3856 12
3857 20
3858 17
3859 23
3860 17
3861 16
3862 13
3863 18
3864 13
3865 12
3866 19
3867 17
3868 16
3869 14
3870 18
3871 23
3872 13
3873 16
3874 11
3875 23
3876 9
3877 10
3878 10
3879 18
3880 18
3881 20
3882 13
3883 18
3884 18
3885 20
3886 14
3887 19
3888 16
3889 21
3890 16
3891 17
3892 24
3893 24
3894 15
3895 14
3896 16
3897 18
3898 14
3899 12
3900 15
3901 21
3902 15
3903 21
3904 14
3905 13
3906 14
3907 12
3908 14
3909 12
3910 11
3911 16
3912 13
3913 17
3914 16
3915 20
3916 25
3917 14
3918 8
3919 16
3920 15
3921 13
3922 14
3923 15
3924 15
3925 18
3926 22
3927 20
3928 18
3929 20
3930 11
3931 13
3932 20
3933 22
3934 15
3935 15
3936 22
3937 12
3938 9
3939 11
3940 21
3941 17
3942 16
3943 19
3944 13
3945 15
3946 15
3947 10
3948 13
3949 23
3950 11
3951 16
3952 12
3953 16
3954 20
3955 14
3956 14
3957 20
3958 15
3959 17
3960 14
3961 15
3962 17
3963 15
3964 16
3965 18
3966 17
3967 8
3968 10
3969 12
3970 21
3971 7
3972 18
3973 12
3974 17
3975 28
3976 13
3977 10
3978 15
3979 12
3980 13
3981 17
3982 13
3983 15
3984 19
3985 16
3986 15
3987 17
3988 11
3989 13
3990 15
3991 22
3992 18
3993 14
3994 11
3995 25
3996 17
3997 7
3998 10
3999 13
4000 13
4001 18
4002 15
4003 13
4004 13
4005 21
4006 13
4007 9
4008 14
4009 13
4010 12
4011 6
4012 19
4013 14
4014 16
4015 10
4016 16
4017 10
4018 12
4019 10
4020 25
4021 10
4022 15
4023 5
4024 8
4025 12
4026 5
4027 14
4028 13
4029 10
4030 15
4031 15
4032 14
4033 15
4034 19
4035 18
4036 13
4037 12
4038 14
4039 17
4040 12
4041 13
4042 16
4043 18
4044 8
4045 13
4046 14
4047 13
4048 18
4049 11
4050 17
4051 14
4052 17
4053 17
4054 8
4055 17
4056 20
4057 6
4058 8
4059 13
4060 9
4061 13
4062 11
4063 16
4064 19
4065 14
4066 18
4067 17
4068 14
4069 14
4070 13
4071 14
4072 13
4073 10
4074 13
4075 11
4076 12
4077 14
4078 12
4079 16
4080 15
4081 11
4082 11
4083 12
4084 13
4085 13
4086 15
4087 15
4088 12
4089 21
4090 8
4091 13
4092 11
4093 11
4094 11
4095 10
4096 12
4097 15
4098 12
4099 12
4100 16
4101 15
4102 8
4103 11
4104 10
4105 10
4106 13
4107 11
4108 10
4109 19
4110 12
4111 15
4112 5
4113 13
4114 20
4115 14
4116 16
4117 15
4118 18
4119 11
4120 19
4121 12
4122 12
4123 16
4124 11
4125 15
4126 6
4127 17
4128 18
4129 17
4130 13
4131 9
4132 11
4133 17
4134 15
4135 14
4136 14
4137 17
4138 17
4139 11
4140 18
4141 12
4142 13
4143 14
4144 13
4145 17
4146 10
4147 8
4148 15
4149 20
4150 12
4151 11
4152 11
4153 10
4154 12
4155 10
4156 15
4157 19
4158 16
4159 9
4160 6
4161 11
4162 8
4163 17
4164 19
4165 10
4166 17
4167 9
4168 14
4169 11
4170 15
4171 12
4172 10
4173 11
4174 13
4175 13
4176 17
4177 12
4178 16
4179 22
4180 12
4181 15
4182 13
4183 10
4184 16
4185 10
4186 10
4187 19
4188 10
4189 10
4190 13
4191 17
4192 14
4193 8
4194 12
4195 12
4196 20
4197 11
4198 16
4199 10
4200 17
4201 18
4202 17
4203 16
4204 11
4205 12
4206 11
4207 9
4208 9
4209 12
4210 9
4211 10
4212 17
4213 14
4214 10
4215 18
4216 14
4217 13
4218 8
4219 8
4220 11
4221 17
4222 13
4223 16
4224 9
4225 14
4226 13
4227 7
4228 12
4229 9
4230 19
4231 14
4232 17
4233 12
4234 15
4235 11
4236 10
4237 13
4238 19
4239 11
4240 15
4241 15
4242 12
4243 9
4244 24
4245 14
4246 17
4247 11
4248 11
4249 14
4250 10
4251 10
4252 16
4253 15
4254 12
4255 13
4256 11
4257 15
4258 10
4259 18
4260 17
4261 14
4262 12
4263 7
4264 14
4265 13
4266 16
4267 12
4268 15
4269 11
4270 20
4271 9
4272 13
4273 17
4274 13
4275 13
4276 14
4277 12
4278 12
4279 8
4280 18
4281 16
4282 17
4283 11
4284 14
4285 14
4286 16
4287 14
4288 14
4289 14
4290 19
4291 7
4292 15
4293 10
4294 12
4295 14
4296 10
4297 17
4298 15
4299 12
4300 14
4301 14
4302 15
4303 9
4304 8
4305 12
4306 9
4307 12
4308 8
4309 11
4310 13
4311 10
4312 15
4313 10
4314 11
4315 10
4316 6
4317 16
4318 13
4319 10
4320 10
4321 15
4322 12
4323 11
4324 13
4325 15
4326 14
4327 16
4328 18
4329 11
4330 19
4331 17
4332 13
4333 19
4334 14
4335 12
4336 15
4337 11
4338 11
4339 12
4340 12
4341 15
4342 13
4343 19
4344 5
4345 10
4346 15
4347 11
4348 12
4349 13
4350 20
4351 17
4352 12
4353 5
4354 16
4355 11
4356 14
4357 12
4358 12
4359 9
4360 7
4361 14
4362 8
4363 10
4364 17
4365 20
4366 7
4367 9
4368 9
4369 16
4370 8
4371 10
4372 11
4373 13
4374 19
4375 13
4376 5
4377 10
4378 7
4379 20
4380 14
4381 15
4382 11
4383 10
4384 7
4385 12
4386 12
4387 12
4388 16
4389 11
4390 9
4391 13
4392 15
4393 12
4394 13
4395 11
4396 12
4397 8
4398 18
4399 12
4400 6
4401 10
4402 13
4403 15
4404 16
4405 11
4406 13
4407 11
4408 12
4409 9
4410 10
4411 9
4412 13
4413 7
4414 15
4415 11
4416 19
4417 9
4418 12
4419 8
4420 19
4421 12
4422 7
4423 9
4424 7
4425 8
4426 8
4427 13
4428 12
4429 10
4430 9
4431 12
4432 10
4433 13
4434 10
4435 16
4436 9
4437 10
4438 9
4439 8
4440 9
4441 6
4442 11
4443 11
4444 12
4445 9
4446 7
4447 20
4448 10
4449 14
4450 11
4451 14
4452 19
4453 16
4454 15
4455 15
4456 16
4457 7
4458 11
4459 12
4460 7
4461 6
4462 19
4463 11
4464 12
4465 9
4466 10
4467 7
4468 20
4469 8
4470 16
4471 13
4472 6
4473 10
4474 12
4475 8
4476 8
4477 7
4478 17
4479 11
4480 9
4481 9
4482 12
4483 10
4484 5
4485 7
4486 13
4487 9
4488 11
4489 3
4490 13
4491 11
4492 9
4493 14
4494 16
4495 12
4496 15
4497 13
4498 14
4499 5
4500 15
4501 10
4502 10
4503 6
4504 13
4505 11
4506 13
4507 13
4508 10
4509 14
4510 8
4511 12
4512 14
4513 12
4514 10
4515 8
4516 13
4517 7
4518 5
4519 9
4520 7
4521 11
4522 13
4523 14
4524 8
4525 8
4526 11
4527 11
4528 11
4529 11
4530 11
4531 16
4532 10
4533 11
4534 10
4535 11
4536 14
4537 17
4538 8
4539 15
4540 12
4541 3
4542 14
4543 10
4544 11
4545 11
4546 11
4547 11
4548 7
4549 18
4550 9
4551 11
4552 16
4553 2
4554 9
4555 9
4556 7
4557 9
4558 10
4559 7
4560 11
4561 5
4562 6
4563 9
4564 12
4565 10
4566 11
4567 15
4568 11
4569 16
4570 16
4571 9
4572 10
4573 8
4574 10
4575 10
4576 6
4577 14
4578 11
4579 11
4580 9
4581 10
4582 8
4583 4
4584 6
4585 11
4586 12
4587 8
4588 12
4589 8
4590 10
4591 9
4592 7
4593 6
4594 9
4595 11
4596 7
4597 20
4598 7
4599 12
4600 10
4601 12
4602 10
4603 11
4604 10
4605 11
4606 11
4607 6
4608 12
4609 12
4610 9
4611 7
4612 9
4613 8
4614 16
4615 12
4616 6
4617 12
4618 9
4619 12
4620 9
4621 9
4622 11
4623 6
4624 10
4625 4
4626 16
4627 13
4628 13
4629 15
4630 13
4631 7
4632 12
4633 14
4634 9
4635 14
4636 9
4637 16
4638 15
4639 11
4640 6
4641 14
4642 13
4643 7
4644 16
4645 17
4646 7
4647 13
4648 10
4649 8
4650 10
4651 10
4652 9
4653 8
4654 11
4655 12
4656 12
4657 16
4658 6
4659 14
4660 10
4661 5
4662 10
4663 14
4664 15
4665 17
4666 11
4667 8
4668 3
4669 9
4670 9
4671 4
4672 8
4673 6
4674 16
4675 12
4676 8
4677 12
4678 13
4679 8
4680 15
4681 8
4682 14
4683 13
4684 12
4685 7
4686 13
4687 7
4688 8
4689 17
4690 6
4691 13
4692 6
4693 5
4694 13
4695 16
4696 8
4697 9
4698 8
4699 10
4700 14
4701 12
4702 12
4703 7
4704 6
4705 13
4706 5
4707 9
4708 11
4709 7
4710 7
4711 10
4712 8
4713 9
4714 18
4715 9
4716 8
4717 15
4718 9
4719 14
4720 10
4721 5
4722 4
4723 12
4724 4
4725 11
4726 11
4727 7
4728 11
4729 12
4730 6
4731 8
4732 11
4733 10
4734 14
4735 5
4736 12
4737 11
4738 12
4739 15
4740 9
4741 5
4742 7
4743 12
4744 8
4745 11
4746 6
4747 7
4748 9
4749 9
4750 9
4751 9
4752 11
4753 9
4754 11
4755 3
4756 10
4757 13
4758 10
4759 10
4760 10
4761 8
4762 10
4763 6
4764 6
4765 15
4766 13
4767 15
4768 16
4769 7
4770 15
4771 15
4772 9
4773 10
4774 10
4775 3
4776 6
4777 11
4778 9
4779 15
4780 10
4781 15
4782 9
4783 10
4784 7
4785 8
4786 8
4787 8
4788 12
4789 13
4790 6
4791 16
4792 5
4793 6
4794 10
4795 9
4796 9
4797 7
4798 6
4799 13
4800 3
4801 12
4802 16
4803 7
4804 7
4805 8
4806 4
4807 13
4808 7
4809 11
4810 10
4811 6
4812 8
4813 7
4814 7
4815 12
4816 9
4817 5
4818 8
4819 11
4820 7
4821 6
4822 4
4823 4
4824 7
4825 8
4826 8
4827 8
4828 10
4829 7
4830 10
4831 16
4832 7
4833 10
4834 10
4835 9
4836 11
4837 3
4838 9
4839 11
4840 5
4841 12
4842 6
4843 11
4844 12
4845 10
4846 16
4847 10
4848 11
4849 12
4850 7
4851 6
4852 9
4853 12
4854 4
4855 10
4856 12
4857 9
4858 7
4859 7
4860 10
4861 14
4862 8
4863 12
4864 8
4865 10
4866 9
4867 6
4868 10
4869 10
4870 9
4871 15
4872 4
4873 13
4874 8
4875 9
4876 12
4877 6
4878 9
4879 8
4880 9
4881 8
4882 8
4883 8
4884 8
4885 7
4886 8
4887 8
4888 10
4889 9
4890 6
4891 6
4892 7
4893 3
4894 7
4895 9
4896 9
4897 9
4898 8
4899 6
4900 11
4901 6
4902 12
4903 9
4904 10
4905 9
4906 12
4907 6
4908 9
4909 6
4910 12
4911 13
4912 10
4913 8
4914 6
4915 13
4916 13
4917 7
4918 9
4919 10
4920 3
4921 9
4922 6
4923 15
4924 7
4925 8
4926 16
4927 6
4928 15
4929 12
4930 8
4931 14
4932 6
4933 11
4934 8
4935 8
4936 6
4937 6
4938 9
4939 9
4940 7
4941 11
4942 6
4943 12
4944 3
4945 5
4946 10
4947 7
4948 10
4949 8
4950 8
4951 10
4952 13
4953 6
4954 13
4955 8
4956 10
4957 5
4958 4
4959 10
4960 8
4961 4
4962 5
4963 11
4964 5
4965 9
4966 7
4967 8
4968 9
4969 7
4970 9
4971 9
4972 8
4973 6
4974 6
4975 11
4976 11
4977 13
4978 13
4979 7
4980 6
4981 11
4982 6
4983 8
4984 10
4985 10
4986 8
4987 6
4988 13
4989 12
4990 14
4991 13
4992 10
4993 9
4994 6
4995 13
4996 11
4997 6
4998 14
4999 12
5000 11
5001 10
5002 14
5003 11
5004 11
5005 6
5006 8
5007 7
5008 8
5009 5
5010 9
5011 10
5012 6
5013 8
5014 6
5015 15
5016 9
5017 4
5018 7
5019 8
5020 9
5021 6
5022 8
5023 10
5024 13
5025 9
5026 7
5027 13
5028 14
5029 6
5030 6
5031 3
5032 4
5033 7
5034 8
5035 9
5036 6
5037 11
5038 10
5039 5
5040 11
5041 10
5042 9
5043 11
5044 11
5045 9
5046 13
5047 8
5048 12
5049 7
5050 7
5051 6
5052 8
5053 12
5054 8
5055 10
5056 10
5057 11
5058 7
5059 7
5060 7
5061 7
5062 11
5063 6
5064 9
5065 6
5066 8
5067 7
5068 8
5069 8
5070 7
5071 9
5072 6
5073 11
5074 7
5075 8
5076 8
5077 10
5078 13
5079 3
5080 7
5081 5
5082 9
5083 9
5084 4
5085 11
5086 6
5087 10
5088 8
5089 9
5090 6
5091 5
5092 12
5093 13
5094 7
5095 11
5096 7
5097 5
5098 10
5099 1
5100 5
5101 9
5102 11
5103 6
5104 11
5105 14
5106 7
5107 7
5108 13
5109 9
5110 4
5111 11
5112 11
5113 2
5114 10
5115 8
5116 9
5117 11
5118 4
5119 9
5120 8
5121 6
5122 8
5123 4
5124 4
5125 12
5126 6
5127 7
5128 7
5129 7
5130 11
5131 8
5132 9
5133 9
5134 5
5135 11
5136 11
5137 9
5138 4
5139 7
5140 10
5141 14
5142 6
5143 9
5144 4
5145 3
5146 6
5147 6
5148 12
5149 7
5150 7
5151 4
5152 7
5153 6
5154 8
5155 8
5156 10
5157 15
5158 9
5159 5
5160 10
5161 8
5162 7
5163 11
5164 7
5165 4
5166 8
5167 12
5168 7
5169 8
5170 13
5171 4
5172 7
5173 5
5174 9
5175 6
5176 8
5177 4
5178 10
5179 10
5180 6
5181 12
5182 5
5183 9
5184 8
5185 10
5186 7
5187 4
5188 6
5189 9
5190 12
5191 6
5192 9
5193 9
5194 9
5195 12
5196 8
5197 9
5198 8
5199 18
5200 8
5201 7
5202 6
5203 7
5204 3
5205 6
5206 10
5207 5
5208 7
5209 9
5210 9
5211 6
5212 6
5213 12
5214 7
5215 8
5216 7
5217 8
5218 16
5219 11
5220 6
5221 10
5222 11
5223 8
5224 7
5225 5
5226 11
5227 8
5228 9
5229 4
5230 4
5231 8
5232 8
5233 9
5234 9
5235 7
5236 7
5237 7
5238 7
5239 6
5240 6
5241 6
5242 2
5243 7
5244 11
5245 10
5246 9
5247 4
5248 4
5249 11
5250 11
5251 7
5252 5
5253 10
5254 7
5255 5
5256 4
5257 10
5258 13
5259 8
5260 11
5261 8
5262 5
5263 6
5264 8
5265 8
5266 12
5267 12
5268 5
5269 6
5270 7
5271 7
5272 9
5273 7
5274 7
5275 10
5276 9
5277 9
5278 13
5279 6
5280 9
5281 13
5282 6
5283 12
5284 10
5285 13
5286 5
5287 4
5288 8
5289 6
5290 7
5291 8
5292 9
5293 12
5294 11
5295 9
5296 4
5297 13
5298 4
5299 10
5300 8
5301 15
5302 9
5303 9
5304 8
5305 10
5306 6
5307 12
5308 10
5309 7
5310 6
5311 2
5312 5
5313 8
5314 10
5315 10
5316 12
5317 18
5318 3
5319 10
5320 6
5321 7
5322 8
5323 6
5324 9
5325 6
5326 7
5327 2
5328 7
5329 14
5330 5
5331 7
5332 5
5333 3
5334 6
5335 9
5336 7
5337 8
5338 8
5339 7
5340 8
5341 10
5342 12
5343 5
5344 14
5345 5
5346 7
5347 10
5348 8
5349 12
5350 3
5351 11
5352 5
5353 10
5354 6
5355 5
5356 11
5357 10
5358 7
5359 9
5360 8
5361 7
5362 12
5363 8
5364 10
5365 8
5366 5
5367 6
5368 7
5369 6
5370 12
5371 7
5372 4
5373 14
5374 4
5375 6
5376 10
5377 4
5378 6
5379 9
5380 8
5381 14
5382 5
5383 10
5384 4
5385 6
5386 4
5387 10
5388 13
5389 10
5390 9
5391 5
5392 9
5393 6
5394 9
5395 10
5396 5
5397 4
5398 8
5399 9
5400 8
5401 7
5402 7
5403 9
5404 7
5405 5
5406 3
5407 5
5408 8
5409 7
5410 7
5411 5
5412 1
5413 5
5414 5
5415 10
5416 12
5417 4
5418 4
5419 10
5420 9
5421 9
5422 6
5423 12
5424 5
5425 4
5426 11
5427 7
5428 9
5429 9
5430 7
5431 11
5432 7
5433 13
5434 7
5435 7
5436 7
5437 4
5438 7
5439 6
5440 7
5441 8
5442 7
5443 7
5444 6
5445 7
5446 9
5447 9
5448 5
5449 5
5450 8
5451 9
5452 5
5453 6
5454 10
5455 10
5456 6
5457 13
5458 6
5459 7
5460 4
5461 10
5462 10
5463 6
5464 16
5465 6
5466 7
5467 7
5468 12
5469 5
5470 7
5471 12
5472 7
5473 10
5474 7
5475 9
5476 8
5477 5
5478 8
5479 5
5480 10
5481 9
5482 4
5483 6
5484 10
5485 5
5486 9
5487 8
5488 12
5489 6
5490 10
5491 5
5492 13
5493 9
5494 3
5495 7
5496 5
5497 4
5498 6
5499 7
5500 12
5501 2
5502 8
5503 6
5504 10
5505 6
5506 10
5507 7
5508 9
5509 4
5510 9
5511 5
5512 12
5513 7
5514 9
5515 15
5516 4
5517 8
5518 10
5519 9
5520 6
5521 8
5522 8
5523 5
5524 6
5525 5
5526 7
5527 5
5528 6
5529 6
5530 13
5531 9
5532 3
5533 4
5534 9
5535 5
5536 10
5537 4
5538 10
5539 6
5540 9
5541 7
5542 7
5543 5
5544 12
5545 6
5546 6
5547 8
5548 10
5549 7
5550 6
5551 8
5552 11
5553 10
5554 10
5555 6
5556 7
5557 7
5558 5
5559 9
5560 4
5561 8
5562 7
5563 8
5564 5
5565 7
5566 4
5567 9
5568 5
5569 8
5570 4
5571 10
5572 9
5573 8
5574 3
5575 5
5576 7
5577 7
5578 7
5579 7
5580 6
5581 7
5582 10
5583 7
5584 8
5585 7
5586 6
5587 13
5588 6
5589 6
5590 9
5591 7
5592 7
5593 8
5594 9
5595 10
5596 7
5597 7
5598 14
5599 7
5600 6
5601 9
5602 8
5603 7
5604 4
5605 12
5606 10
5607 4
5608 8
5609 6
5610 5
5611 7
5612 3
5613 5
5614 5
5615 13
5616 12
5617 6
5618 9
5619 8
5620 6
5621 8
5622 9
5623 7
5624 3
5625 10
5626 6
5627 6
5628 7
5629 7
5630 12
5631 3
5632 6
5633 7
5634 8
5635 8
5636 4
5637 7
5638 4
5639 6
5640 8
5641 5
5642 10
5643 4
5644 6
5645 5
5646 8
5647 9
5648 7
5649 6
5650 14
5651 5
5652 10
5653 9
5654 5
5655 9
5656 7
5657 4
5658 6
5659 7
5660 11
5661 5
5662 5
5663 6
5664 8
5665 5
5666 4
5667 4
5668 5
5669 7
5670 8
5671 8
5672 6
5673 8
5674 10
5675 4
5676 10
5677 12
5678 12
5679 4
5680 10
5681 5
5682 7
5683 8
5684 9
5685 9
5686 6
5687 6
5688 8
5689 4
5690 9
5691 6
5692 6
5693 8
5694 7
5695 7
5696 6
5697 6
5698 6
5699 7
5700 7
5701 10
5702 5
5703 5
5704 5
5705 7
5706 5
5707 6
5708 9
5709 7
5710 10
5711 12
5712 7
5713 5
5714 8
5715 4
5716 8
5717 5
5718 15
5719 2
5720 3
5721 9
5722 9
5723 4
5724 4
5725 5
5726 5
5727 5
5728 8
5729 5
5730 7
5731 9
5732 4
5733 4
5734 6
5735 3
5736 9
5737 9
5738 7
5739 6
5740 8
5741 7
5742 3
5743 3
5744 4
5745 7
5746 2
5747 12
5748 7
5749 5
5750 6
5751 8
5752 7
5753 4
5754 2
5755 4
5756 6
5757 7
5758 10
5759 6
5760 3
5761 6
5762 11
5763 6
5764 7
5765 2
5766 8
5767 10
5768 10
5769 5
5770 8
5771 9
5772 5
5773 3
5774 9
5775 7
5776 6
5777 6
5778 10
5779 2
5780 8
5781 8
5782 7
5783 5
5784 3
5785 5
5786 7
5787 9
5788 7
5789 6
5790 6
5791 9
5792 6
5793 11
5794 8
5795 5
5796 8
5797 4
5798 7
5799 7
5800 13
5801 8
5802 4
5803 7
5804 8
5805 9
5806 14
5807 7
5808 6
5809 5
5810 7
5811 4
5812 3
5813 7
5814 7
5815 5
5816 7
5817 10
5818 4
5819 10
5820 5
5821 6
5822 7
5823 2
5824 11
5825 6
5826 5
5827 4
5828 6
5829 3
5830 5
5831 7
5832 8
5833 6
5834 11
5835 7
5836 5
5837 7
5838 1
5839 8
5840 3
5841 5
5842 7
5843 3
5844 13
5845 8
5846 7
5847 13
5848 9
5849 8
5850 5
5851 11
5852 9
5853 6
5854 8
5855 6
5856 9
5857 5
5858 9
5859 9
5860 10
5861 9
5862 10
5863 2
5864 2
5865 7
5866 6
5867 11
5868 2
5869 7
5870 2
5871 9
5872 6
5873 6
5874 3
5875 7
5876 5
5877 7
5878 7
5879 6
5880 8
5881 5
5882 5
5883 7
5884 7
5885 9
5886 8
5887 7
5888 9
5889 6
5890 4
5891 7
5892 3
5893 6
5894 5
5895 9
5896 10
5897 2
5898 6
5899 6
5900 5
5901 8
5902 11
5903 8
5904 8
5905 5
5906 6
5907 8
5908 2
5909 4
5910 3
5911 5
5912 4
5913 4
5914 13
5915 10
5916 8
5917 5
5918 3
5919 8
5920 4
5921 6
5922 5
5923 3
5924 4
5925 6
5926 5
5927 4
5928 4
5929 5
5930 5
5931 4
5932 10
5933 8
5934 7
5935 7
5936 5
5937 8
5938 6
5939 8
5940 4
5941 7
5942 7
5943 12
5944 7
5945 6
5946 3
5947 6
5948 11
5949 10
5950 3
5951 7
5952 6
5953 8
5954 6
5955 11
5956 7
5957 7
5958 9
5960 8
5961 9
5962 5
5963 7
5964 4
5965 7
5966 5
5967 5
5968 11
5969 3
5970 9
5971 5
5972 5
5973 7
5974 6
5975 4
5976 7
5977 2
5978 6
5979 7
5980 10
5981 7
5982 4
5983 6
5984 4
5985 9
5986 5
5987 8
5988 4
5989 4
5990 7
5991 6
5992 5
5993 5
5994 11
5995 6
5996 7
5997 5
5998 3
5999 10
6000 4
6001 5
6002 3
6003 7
6004 2
6005 5
6006 4
6007 4
6008 8
6009 10
6010 4
6011 9
6012 6
6013 4
6014 1
6015 5
6016 6
6017 5
6018 5
6019 4
6020 3
6021 1
6022 5
6023 7
6024 5
6025 9
6026 6
6027 6
6028 9
6029 3
6030 9
6031 9
6032 5
6033 5
6034 4
6035 5
6036 6
6037 4
6038 8
6039 6
6040 6
6041 2
6042 6
6043 4
6044 7
6045 4
6046 7
6047 4
6048 2
6049 4
6050 4
6051 6
6052 8
6053 7
6054 9
6055 4
6056 4
6057 8
6058 9
6059 9
6060 10
6061 6
6062 8
6063 5
6064 11
6065 7
6066 6
6067 10
6068 7
6069 4
6070 9
6071 4
6072 8
6073 5
6074 5
6075 4
6076 6
6077 5
6078 4
6079 8
6080 5
6081 3
6082 7
6083 5
6084 6
6085 8
6086 5
6087 4
6088 5
6089 4
6090 4
6091 6
6092 6
6093 8
6094 9
6095 7
6096 7
6097 5
6098 6
6099 9
6100 5
6101 5
6102 5
6103 2
6104 5
6105 8
6106 5
6107 7
6108 3
6109 6
6110 4
6111 5
6112 11
6113 9
6114 3
6115 5
6116 3
6117 4
6118 7
6119 5
6120 4
6121 3
6122 9
6123 2
6124 4
6125 5
6126 6
6127 5
6128 7
6129 11
6130 3
6131 6
6132 5
6133 6
6134 5
6135 7
6136 9
6137 5
6138 3
6139 5
6140 5
6141 2
6142 4
6143 9
6144 7
6145 11
6146 8
6147 4
6148 5
6149 3
6150 7
6151 3
6152 7
6153 6
6154 7
6155 5
6156 6
6157 6
6158 5
6159 7
6160 6
6161 8
6162 9
6163 5
6164 4
6165 6
6166 9
6167 5
6168 5
6169 7
6170 4
6171 5
6173 4
6174 7
6175 7
6176 7
6177 6
6178 2
6179 3
6180 7
6181 7
6182 4
6183 3
6184 4
6185 5
6186 8
6187 8
6188 5
6189 4
6190 5
6191 2
6192 7
6193 6
6194 7
6195 5
6196 7
6197 7
6198 3
6199 12
6200 9
6201 9
6202 8
6203 6
6204 4
6205 2
6206 8
6207 5
6208 9
6209 5
6210 4
6211 6
6212 7
6213 7
6214 5
6215 4
6216 6
6217 5
6218 5
6219 12
6220 12
6221 4
6222 10
6223 4
6224 5
6225 5
6226 5
6227 4
6228 5
6229 9
6230 3
6231 7
6232 7
6233 7
6234 6
6235 5
6236 2
6237 7
6238 6
6239 4
6240 9
6241 3
6242 8
6243 8
6244 4
6245 4
6246 2
6247 4
6248 8
6249 4
6250 5
6251 6
6252 3
6253 7
6254 6
6255 8
6256 4
6257 5
6258 1
6259 7
6260 6
6261 4
6262 3
6263 6
6264 5
6265 8
6266 6
6267 10
6268 2
6269 6
6270 6
6271 4
6272 5
6273 4
6274 5
6275 9
6276 4
6277 4
6278 4
6279 9
6280 6
6281 7
6282 7
6283 1
6284 5
6285 6
6286 5
6287 10
6288 8
6289 5
6290 4
6291 7
6292 4
6293 7
6294 4
6295 3
6296 8
6297 5
6298 7
6299 3
6300 5
6301 3
6302 8
6303 3
6304 5
6305 8
6306 8
6307 7
6308 7
6309 6
6310 3
6311 5
6312 10
6313 2
6314 5
6315 2
6316 9
6317 7
6318 5
6319 7
6320 5
6321 3
6322 4
6323 5
6324 2
6325 5
6326 2
6327 5
6328 4
6329 10
6330 4
6331 5
6332 4
6333 5
6334 4
6335 5
6336 3
6337 5
6338 6
6339 6
6340 3
6341 8
6342 7
6343 2
6344 13
6345 6
6346 8
6347 6
6348 7
6349 7
6350 1
6351 6
6352 4
6353 6
6354 3
6355 5
6356 4
6357 5
6358 1
6359 3
6360 4
6361 7
6362 5
6363 2
6364 7
6365 5
6366 8
6367 6
6368 5
6369 5
6370 1
6371 9
6372 5
6373 3
6374 8
6375 8
6376 3
6377 9
6378 7
6379 5
6380 3
6381 4
6382 4
6383 4
6384 1
6385 6
6386 4
6387 3
6388 7
6389 7
6390 2
6391 14
6392 6
6393 5
6394 1
6395 3
6396 5
6397 3
6398 5
6399 3
6400 2
6401 4
6402 3
6403 4
6404 4
6405 5
6406 3
6407 9
6408 2
6409 11
6410 7
6411 5
6412 6
6413 3
6414 4
6415 4
6416 8
6417 8
6418 2
6419 6
6420 8
6421 4
6422 6
6423 4
6424 10
6425 4
6426 4
6427 2
6428 6
6429 5
6430 4
6431 8
6432 6
6433 3
6434 5
6435 5
6436 9
6437 5
6438 3
6439 5
6440 9
6441 2
6442 3
6443 3
6444 7
6445 6
6446 7
6447 4
6448 6
6449 5
6450 3
6451 6
6452 4
6453 3
6454 1
6455 2
6456 3
6457 6
6458 8
6459 3
6460 7
6461 5
6462 8
6463 5
6464 5
6465 8
6466 4
6467 5
6468 7
6469 7
6470 6
6471 5
6472 6
6473 2
6474 4
6475 4
6476 3
6477 6
6478 7
6479 4
6480 5
6481 8
6482 4
6483 8
6484 7
6485 3
6486 3
6487 3
6488 5
6489 9
6490 9
6491 3
6492 3
6493 2
6494 7
6495 8
6496 5
6497 7
6498 10
6499 4
6500 7
6501 3
6502 1
6503 12
6504 8
6505 2
6506 6
6508 5
6509 3
6510 4
6511 7
6512 3
6513 5
6514 3
6516 6
6517 3
6518 6
6519 4
6520 4
6521 4
6522 7
6523 9
6524 3
6525 5
6526 4
6527 3
6528 6
6529 7
6530 5
6531 8
6533 2
6534 3
6535 6
6536 4
6537 6
6538 5
6539 6
6540 8
6541 1
6542 7
6543 8
6544 4
6545 5
6546 1
6547 5
6548 1
6549 3
6550 4
6551 5
6552 4
6553 4
6554 3
6555 4
6556 1
6557 6
6558 4
6559 2
6560 2
6561 4
6562 3
6563 3
6564 6
6565 4
6566 6
6567 8
6568 2
6569 8
6570 2
6571 2
6572 7
6573 6
6574 5
6575 4
6576 4
6577 3
6578 9
6579 4
6580 6
6581 3
6582 3
6583 5
6584 3
6585 5
6586 3
6587 3
6588 5
6589 1
6590 2
6591 5
6592 6
6593 4
6594 8
6595 4
6596 6
6597 3
6598 4
6599 2
6600 6
6601 5
6602 4
6603 5
6604 7
6605 10
6606 3
6607 3
6608 6
6609 4
6610 6
6611 6
6612 3
6613 9
6614 3
6615 1
6616 6
6617 5
6618 7
6619 8
6620 1
6621 5
6622 4
6623 11
6624 4
6625 6
6626 3
6627 7
6628 4
6629 3
6630 4
6631 11
6632 5
6633 7
6634 2
6635 4
6636 7
6637 6
6638 7
6639 4
6640 6
6641 2
6642 5
6643 5
6644 5
6645 3
6646 3
6647 7
6648 4
6649 6
6650 3
6651 6
6652 4
6653 7
6654 6
6655 6
6656 3
6657 4
6658 1
6659 5
6660 5
6661 5
6662 9
6663 2
6664 4
6665 4
6666 7
6667 6
6668 3
6669 6
6670 5
6671 9
6672 3
6673 1
6674 5
6675 6
6676 4
6677 6
6678 2
6679 7
6680 5
6681 4
6682 4
6683 3
6684 6
6685 5
6686 3
6687 9
6688 4
6689 3
6690 10
6691 9
6692 6
6693 4
6694 3
6695 3
6696 3
6697 6
6699 6
6700 4
6701 1
6702 5
6703 4
6704 4
6705 5
6706 8
6707 6
6708 4
6709 3
6710 6
6711 3
6712 5
6713 2
6714 4
6715 3
6716 3
6717 3
6718 8
6719 4
6720 7
6721 3
6722 5
6723 6
6724 6
6725 4
6726 1
6727 5
6728 2
6729 3
6730 2
6731 4
6732 2
6733 5
6734 7
6735 5
6736 4
6737 2
6738 2
6739 5
6740 7
6741 7
6742 7
6743 5
6744 5
6745 3
6746 5
6747 5
6748 2
6749 7
6750 5
6751 6
6752 5
6753 5
6754 11
6755 1
6756 4
6757 4
6758 7
6759 3
6760 5
6761 5
6762 2
6763 4
6764 5
6765 5
6766 6
6767 4
6768 7
6769 2
6770 4
6771 4
6772 2
6773 1
6774 3
6775 3
6776 3
6778 4
6779 2
6780 3
6781 3
6782 1
6783 4
6784 8
6785 4
6786 6
6787 5
6788 4
6789 5
6790 5
6791 5
6792 5
6793 4
6794 7
6795 5
6796 5
6797 2
6798 3
6799 4
6800 5
6801 5
6802 4
6803 3
6804 4
6805 2
6806 4
6807 5
6808 3
6809 3
6810 5
6811 4
6812 2
6813 5
6814 5
6815 9
6816 7
6817 4
6818 4
6819 3
6820 6
6821 4
6822 5
6823 5
6824 2
6825 2
6826 4
6827 4
6828 4
6829 2
6830 3
6831 4
6832 6
6833 2
6834 5
6835 5
6836 3
6837 10
6838 4
6839 7
6840 2
6841 4
6842 4
6843 7
6844 6
6845 4
6846 3
6847 5
6848 4
6849 3
6850 5
6851 9
6852 4
6853 3
6854 6
6855 2
6856 1
6857 3
6858 5
6859 2
6860 5
6861 7
6862 2
6863 2
6864 3
6865 2
6866 3
6867 5
6868 5
6869 5
6870 2
6871 2
6872 2
6873 2
6874 4
6875 7
6876 5
6877 3
6878 4
6879 5
6880 5
6882 6
6883 6
6884 4
6885 3
6887 4
6888 3
6889 4
6890 1
6891 4
6892 6
6893 4
6894 3
6895 6
6896 1
6897 4
6898 3
6899 3
6901 5
6902 6
6903 4
6904 5
6905 9
6906 2
6907 3
6908 6
6909 6
6910 2
6911 1
6912 1
6913 2
6914 4
6915 3
6916 4
6917 7
6918 5
6919 1
6920 3
6921 4
6922 4
6923 2
6924 6
6925 5
6926 3
6927 4
6928 1
6929 4
6930 6
6931 2
6932 5
6933 1
6934 5
6935 1
6936 4
6937 4
6938 3
6939 2
6940 2
6941 4
6942 9
6943 1
6944 6
6945 4
6946 2
6947 2
6948 3
6949 5
6950 2
6951 6
6952 2
6953 5
6954 4
6955 5
6956 2
6957 5
6958 12
6959 5
6960 8
6961 2
6962 3
6963 3
6964 1
6965 9
6966 2
6967 6
6968 3
6969 3
6970 3
6971 3
6972 5
6973 3
6974 4
6975 2
6976 1
6977 2
6978 6
6979 3
6980 3
6981 4
6982 7
6983 1
6984 6
6985 7
6986 4
6987 4
6988 2
6989 4
6990 6
6991 4
6992 3
6993 4
6994 9
6995 1
6996 5
6997 7
6998 1
6999 2
7000 2
7001 2
7002 4
7003 5
7004 5
7005 3
7006 2
7007 4
7008 6
7009 4
7010 4
7011 1
7012 4
7013 3
7014 4
7015 7
7016 5
7017 5
7018 2
7019 2
7020 4
7021 3
7022 1
7023 3
7024 2
7025 2
7026 8
7027 3
7028 3
7029 6
7030 5
7031 4
7032 3
7033 8
7034 2
7035 8
7036 4
7037 5
7038 3
7039 7
7040 2
7041 2
7042 2
7043 1
7044 6
7045 5
7047 6
7048 3
7049 5
7050 2
7051 5
7052 3
7053 4
7054 2
7055 2
7056 6
7057 1
7058 1
7060 5
7061 3
7062 4
7063 5
7064 1
7065 1
7066 4
7067 5
7068 1
7069 2
7070 4
7071 3
7072 2
7073 7
7074 4
7075 3
7076 9
7077 5
7078 4
7079 4
7080 6
7081 6
7082 3
7083 4
7084 2
7085 3
7086 3
7087 4
7088 4
7089 3
7090 9
7091 6
7092 5
7093 4
7094 2
7095 3
7096 5
7097 5
7098 2
7099 2
7100 7
7101 2
7102 6
7103 7
7104 4
7105 6
7106 3
7107 4
7108 5
7109 3
7110 2
7111 4
7112 5
7113 5
7114 5
7115 4
7116 3
7117 3
7118 3
7119 6
7120 4
7121 1
7122 6
7123 4
7124 1
7125 5
7126 10
7127 2
7128 1
7129 2
7130 6
7131 2
7132 4
7133 2
7134 4
7135 3
7136 6
7137 2
7138 2
7139 3
7140 7
7141 3
7143 3
7144 2
7145 5
7146 2
7147 4
7148 2
7149 1
7150 3
7151 5
7152 3
7153 8
7154 3
7155 4
7156 1
7157 2
7158 1
7159 5
7160 3
7161 1
7162 3
7164 3
7166 3
7167 2
7168 4
7169 8
7170 5
7171 5
7172 1
7173 4
7174 1
7175 8
7176 3
7177 3
7178 4
7179 4
7180 5
7181 8
7182 4
7183 5
7184 4
7185 1
7186 4
7187 2
7188 2
7189 1
7190 1
7191 5
7192 6
7193 2
7194 2
7195 6
7196 4
7197 4
7198 6
7199 2
7200 3
7201 4
7202 6
7203 3
7204 3
7205 5
7206 3
7207 4
7208 1
7209 2
7210 3
7211 5
7212 4
7213 1
7214 2
7215 2
7216 3
7217 6
7218 6
7219 5
7220 1
7221 3
7222 5
7223 6
7224 1
7225 3
7226 1
7227 2
7228 5
7229 2
7230 3
7231 3
7232 1
7233 6
7234 4
7235 2
7236 2
7237 4
7238 4
7239 8
7240 4
7241 4
7242 3
7243 3
7244 4
7245 4
7246 1
7247 2
7248 4
7249 3
7250 4
7251 3
7252 3
7253 5
7254 2
7255 4
7256 5
7257 3
7258 7
7259 1
7260 1
7261 2
7262 3
7263 6
7264 1
7265 2
7266 6
7267 4
7268 5
7270 4
7271 8
7272 3
7273 1
7274 4
7275 3
7276 2
7277 4
7278 2
7279 1
7280 6
7281 6
7282 3
7283 3
7284 5
7285 5
7286 4
7288 1
7289 2
7290 4
7291 2
7292 3
7293 6
7294 4
7295 1
7296 4
7297 2
7298 4
7299 4
7300 3
7301 6
7302 7
7303 4
7304 2
7305 5
7306 4
7307 1
7308 2
7309 1
7310 4
7311 1
7312 3
7313 3
7314 7
7315 2
7316 4
7317 2
7319 5
7320 4
7321 5
7322 4
7323 6
7324 4
7325 1
7326 6
7327 5
7328 4
7329 4
7330 7
7331 2
7332 5
7333 7
7334 5
7335 5
7336 4
7337 1
7338 3
7339 3
7340 8
7341 3
7342 2
7343 6
7344 4
7345 2
7346 2
7347 1
7348 3
7349 2
7350 1
7351 3
7352 3
7353 3
7354 4
7355 3
7356 5
7357 4
7358 5
7359 3
7361 3
7363 2
7364 3
7365 2
7366 3
7367 3
7368 4
7369 3
7370 4
7371 2
7372 4
7373 3
7374 3
7375 2
7377 4
7378 6
7379 5
7380 2
7381 2
7382 4
7383 7
7384 2
7385 3
7386 1
7387 3
7388 5
7389 2
7390 2
7391 3
7392 2
7393 6
7394 3
7395 4
7396 3
7397 2
7398 4
7399 5
7400 4
7401 4
7402 2
7403 1
7404 4
7405 4
7406 4
7407 4
7408 3
7409 7
7410 5
7411 5
7412 4
7413 5
7414 4
7415 1
7416 2
7417 1
7419 2
7420 6
7421 1
7422 3
7423 4
7424 3
7425 3
7426 3
7427 3
7428 2
7429 3
7430 1
7431 1
7432 3
7433 8
7434 1
7435 4
7436 8
7437 2
7438 7
7439 3
7440 3
7441 3
7442 2
7443 2
7444 3
7445 4
7446 2
7447 1
7448 2
7449 4
7450 6
7451 3
7452 4
7453 2
7454 3
7455 6
7456 4
7457 3
7458 2
7459 2
7460 3
7461 3
7463 3
7464 1
7465 2
7466 5
7467 2
7468 7
7469 4
7470 7
7471 1
7472 1
7473 7
7474 5
7475 6
7476 6
7477 2
7478 1
7479 2
7480 1
7481 6
7483 5
7484 3
7485 4
7486 5
7487 4
7489 3
7490 3
7491 2
7492 2
7493 2
7494 1
7495 3
7496 5
7497 1
7498 1
7499 4
7500 5
7501 2
7502 4
7503 4
7504 3
7505 4
7506 3
7507 1
7508 4
7509 1
7510 4
7511 2
7512 3
7514 3
7515 2
7516 6
7517 4
7518 3
7519 2
7520 4
7521 5
7522 3
7523 2
7524 2
7525 3
7526 3
7527 1
7528 1
7529 3
7530 2
7531 5
7532 1
7533 4
7534 1
7535 2
7536 4
7537 3
7538 3
7539 3
7540 4
7541 6
7542 4
7543 3
7544 3
7545 1
7546 2
7547 3
7548 2
7549 1
7550 3
7551 3
7552 3
7553 2
7554 2
7555 6
7556 1
7557 4
7558 4
7560 2
7561 3
7562 3
7563 5
7564 3
7565 5
7566 5
7567 5
7568 2
7569 3
7570 1
7571 3
7572 2
7573 4
7574 3
7575 1
7576 3
7577 3
7578 1
7579 5
7580 1
7581 8
7582 6
7583 5
7584 3
7585 3
7586 2
7587 3
7588 2
7589 1
7590 4
7591 2
7592 2
7593 3
7594 2
7595 6
7596 3
7597 2
7598 7
7599 3
7600 6
7601 6
7602 2
7603 3
7604 3
7605 3
7606 1
7607 3
7608 4
7609 6
7610 6
7611 4
7612 2
7613 1
7614 5
7615 7
7616 2
7617 4
7618 1
7619 1
7620 2
7622 1
7623 2
7624 2
7625 3
7626 1
7627 6
7628 4
7629 1
7630 1
7631 5
7632 1
7634 2
7635 5
7636 2
7637 4
7638 2
7639 3
7640 4
7641 6
7642 3
7643 6
7644 1
7645 3
7646 4
7647 1
7648 2
7649 2
7650 1
7651 3
7652 3
7653 4
7654 1
7655 5
7656 5
7657 1
7658 3
7659 4
7660 3
7661 5
7662 1
7663 2
7664 3
7665 3
7666 7
7668 2
7669 3
7671 4
7672 4
7673 2
7674 1
7675 3
7676 2
7677 3
7678 1
7680 1
7681 3
7682 3
7683 2
7684 1
7685 6
7687 3
7688 6
7689 1
7690 2
7691 3
7692 3
7693 4
7694 2
7695 6
7696 6
7697 3
7698 3
7699 1
7700 3
7701 2
7702 3
7703 5
7704 2
7705 1
7706 2
7707 4
7708 3
7709 2
7710 5
7711 3
7713 2
7714 2
7715 2
7716 3
7717 2
7718 2
7719 4
7723 5
7724 3
7725 5
7726 4
7727 6
7728 3
7729 1
7730 4
7731 2
7732 2
7733 6
7734 1
7735 2
7736 3
7737 2
7738 2
7739 2
7740 5
7741 4
7742 2
7743 4
7744 5
7745 3
7746 5
7747 1
7748 3
7749 1
7750 2
7751 3
7752 1
7753 1
7754 7
7755 6
7756 2
7757 3
7758 4
7759 1
7760 4
7761 4
7762 1
7763 2
7764 2
7765 5
7766 4
7767 1
7768 4
7769 3
7770 3
7771 3
7772 2
7773 1
7774 1
7776 4
7777 1
7778 2
7779 3
7780 1
7781 4
7782 3
7783 3
7785 2
7786 3
7787 5
7788 1
7789 7
7790 2
7791 3
7792 1
7793 2
7794 6
7795 1
7796 3
7797 2
7798 5
7799 3
7800 4
7802 3
7803 1
7804 4
7805 2
7806 2
7807 4
7808 3
7809 5
7810 3
7811 4
7812 1
7813 4
7814 1
7815 2
7816 2
7817 6
7818 2
7819 5
7820 2
7821 4
7822 1
7823 4
7824 1
7825 1
7827 2
7828 3
7829 3
7830 4
7831 1
7832 4
7833 3
7834 4
7836 2
7837 1
7838 4
7839 1
7840 3
7841 1
7842 3
7843 4
7845 2
7846 3
7847 2
7849 2
7850 4
7851 3
7852 3
7854 2
7856 5
7857 2
7858 3
7859 1
7860 1
7861 2
7862 2
7863 3
7864 1
7866 2
7868 4
7869 3
7870 1
7871 2
7872 1
7873 2
7875 4
7876 2
7877 2
7878 3
7879 3
7880 1
7882 3
7883 3
7884 2
7885 1
7886 4
7888 1
7889 2
7890 1
7891 1
7892 2
7893 6
7894 4
7895 7
7896 4
7897 3
7898 4
7900 1
7902 3
7903 1
7904 3
7905 2
7906 3
7907 2
7908 3
7909 1
7910 2
7911 4
7912 4
7913 1
7914 4
7915 4
7916 2
7917 2
7918 1
7919 1
7921 2
7922 5
7923 5
7924 3
7925 3
7926 3
7927 1
7928 1
7929 2
7931 1
7932 1
7933 6
7934 3
7935 4
7936 5
7937 1
7938 6
7939 4
7940 2
7941 1
7942 5
7943 1
7944 4
7945 4
7946 3
7947 1
7948 3
7949 10
7950 5
7951 2
7952 3
7954 2
7955 2
7956 3
7957 2
7958 3
7959 4
7961 1
7962 2
7963 2
7964 4
7965 1
7966 2
7967 2
7968 3
7969 3
7970 1
7971 1
7972 3
7973 1
7974 1
7975 3
7976 4
7977 2
7979 3
7980 2
7981 2
7982 2
7983 2
7984 1
7985 4
7986 1
7987 1
7988 1
7989 3
7990 3
7991 1
7992 2
7993 1
7994 1
7995 2
7996 1
7998 5
7999 3
8000 4
8001 2
8003 2
8004 2
8005 6
8006 5
8007 1
8008 2
8009 2
8010 3
8011 2
8012 2
8013 5
8015 2
8016 2
8017 2
8018 6
8019 2
8020 3
8021 3
8022 3
8023 1
8024 5
8025 2
8026 2
8027 2
8028 1
8029 3
8030 3
8031 2
8032 2
8033 1
8034 1
8035 3
8036 4
8037 1
8038 1
8039 3
8040 3
8041 3
8042 3
8043 4
8044 5
8045 2
8046 3
8047 5
8048 4
8049 1
8050 3
8051 2
8053 2
8054 1
8055 3
8056 4
8057 7
8058 3
8059 2
8060 2
8061 3
8062 1
8063 3
8064 4
8065 3
8066 2
8067 2
8068 3
8069 5
8070 2
8071 4
8072 1
8073 5
8074 2
8075 3
8076 3
8077 2
8078 4
8079 3
8080 4
8081 1
8082 1
8083 3
8084 4
8085 2
8086 4
8087 2
8088 3
8089 1
8090 3
8092 3
8093 3
8094 1
8096 2
8097 1
8098 2
8099 2
8100 1
8102 1
8103 2
8104 2
8105 2
8107 2
8108 3
8109 3
8110 5
8111 3
8112 3
8113 5
8114 1
8115 2
8117 3
8119 3
8120 4
8121 3
8122 3
8124 3
8125 1
8126 4
8127 3
8128 2
8129 4
8130 2
8131 4
8132 5
8133 1
8134 2
8135 1
8137 2
8139 3
8140 2
8141 2
8142 1
8143 1
8144 2
8145 1
8146 2
8147 1
8148 3
8149 2
8150 2
8151 3
8152 3
8154 3
8155 3
8156 2
8157 1
8158 4
8159 2
8161 2
8162 1
8163 3
8164 1
8165 7
8166 2
8167 1
8168 3
8170 1
8171 6
8172 3
8173 4
8174 4
8175 4
8176 1
8177 2
8178 3
8179 4
8180 2
8181 1
8182 4
8184 3
8187 2
8188 1
8189 3
8190 3
8191 3
8192 3
8194 4
8195 3
8197 4
8198 2
8199 1
8200 1
8201 4
8202 4
8203 1
8204 1
8205 2
8207 2
8208 3
8209 3
8210 1
8211 1
8212 3
8213 1
8214 2
8215 2
8216 6
8217 2
8218 5
8219 2
8220 2
8221 4
8222 2
8223 1
8224 4
8225 2
8226 5
8228 3
8229 2
8230 1
8231 2
8232 4
8233 2
8234 1
8235 1
8236 2
8237 1
8238 3
8239 2
8240 2
8241 3
8242 1
8243 1
8244 3
8245 3
8246 3
8247 1
8248 1
8249 3
8250 3
8251 6
8252 5
8254 3
8255 1
8257 7
8258 6
8259 1
8260 3
8261 7
8262 4
8263 2
8264 3
8265 3
8266 4
8267 4
8268 2
8269 4
8270 1
8271 3
8272 4
8273 2
8274 3
8275 3
8276 1
8277 5
8278 4
8279 7
8280 2
8282 1
8283 3
8284 2
8285 1
8286 3
8287 2
8288 3
8289 5
8291 4
8292 3
8293 1
8294 1
8295 2
8296 1
8297 3
8298 2
8299 2
8300 4
8302 4
8303 2
8304 4
8305 3
8306 2
8307 1
8310 2
8311 6
8312 4
8313 2
8314 5
8315 4
8316 3
8317 4
8318 3
8319 5
8320 6
8321 4
8322 2
8323 1
8324 2
8325 1
8326 2
8327 5
8329 2
8330 3
8331 3
8332 5
8333 1
8334 2
8335 1
8336 1
8337 4
8338 4
8339 4
8340 1
8341 4
8342 5
8343 1
8344 1
8346 2
8347 1
8348 4
8349 1
8350 5
8351 2
8352 3
8353 1
8354 5
8355 4
8356 6
8357 5
8358 3
8359 3
8360 1
8361 2
8362 3
8363 3
8364 5
8365 3
8366 4
8367 2
8368 1
8369 1
8370 4
8371 2
8372 4
8373 1
8375 3
8376 2
8377 3
8378 6
8379 1
8381 1
8382 1
8383 1
8384 2
8385 3
8386 1
8387 1
8388 1
8389 2
8390 1
8391 1
8392 5
8393 1
8394 3
8395 1
8396 3
8397 5
8398 2
8399 1
8400 3
8401 4
8402 2
8403 1
8404 1
8405 1
8406 2
8407 1
8408 2
8409 2
8410 2
8411 1
8412 2
8413 1
8414 3
8415 2
8416 3
8417 1
8418 3
8419 3
8420 2
8421 1
8422 1
8424 2
8425 4
8426 1
8427 5
8428 3
8430 2
8431 4
8432 5
8433 3
8434 2
8435 2
8436 2
8437 2
8438 1
8439 1
8440 5
8441 1
8442 3
8443 3
8444 2
8446 1
8447 1
8448 5
8449 2
8450 1
8451 3
8452 1
8453 3
8454 1
8455 5
8456 3
8457 3
8458 3
8459 4
8461 7
8462 1
8463 1
8464 2
8465 3
8466 2
8467 3
8469 3
8470 4
8471 1
8472 1
8473 4
8474 2
8475 3
8476 5
8477 4
8478 3
8479 3
8480 4
8481 2
8482 3
8484 3
8485 2
8486 4
8487 1
8488 1
8489 3
8490 1
8491 3
8492 2
8493 4
8494 1
8496 4
8497 1
8498 6
8499 1
8500 3
8502 2
8503 3
8504 2
8505 5
8507 2
8508 1
8510 2
8511 5
8512 4
8513 5
8514 1
8515 1
8516 3
8517 4
8518 1
8519 1
8520 2
8521 2
8523 5
8524 3
8526 3
8527 3
8528 3
8529 3
8530 2
8531 3
8532 1
8533 2
8534 3
8535 2
8536 2
8537 6
8539 4
8540 2
8541 1
8542 3
8544 2
8546 1
8547 3
8548 3
8550 3
8551 4
8552 3
8553 2
8554 1
8555 1
8556 1
8557 2
8558 2
8559 2
8560 2
8561 3
8563 1
8565 4
8566 1
8567 1
8568 3
8569 5
8571 2
8572 1
8573 2
8574 2
8575 3
8576 4
8577 2
8578 3
8579 1
8580 3
8581 2
8582 2
8583 5
8584 1
8585 1
8586 3
8587 4
8588 3
8589 1
8590 1
8591 4
8592 1
8593 2
8594 4
8595 1
8597 3
8598 2
8600 5
8601 2
8602 2
8603 3
8604 1
8605 2
8606 2
8607 4
8608 1
8609 1
8612 1
8613 2
8615 3
8616 3
8617 1
8618 1
8619 3
8620 4
8621 3
8622 4
8623 5
8624 1
8625 1
8626 1
8627 3
8628 1
8630 3
8631 4
8633 5
8635 2
8636 1
8637 1
8638 2
8639 2
8640 5
8641 1
8642 2
8643 1
8644 3
8645 4
8646 1
8647 2
8648 5
8649 3
8650 4
8651 1
8652 4
8653 1
8654 1
8655 2
8656 2
8657 2
8658 2
8661 1
8662 3
8663 2
8664 1
8665 2
8666 5
8667 2
8668 1
8669 2
8670 2
8671 1
8672 2
8673 1
8674 4
8675 1
8676 2
8677 2
8678 1
8679 1
8680 5
8681 3
8682 3
8683 2
8684 1
8685 3
8686 2
8687 1
8688 1
8689 1
8692 1
8693 2
8694 3
8695 2
8696 1
8697 3
8699 5
8701 4
8702 1
8703 4
8705 2
8706 1
8707 3
8708 1
8709 4
8710 4
8711 3
8712 2
8713 1
8715 4
8716 2
8718 1
8719 5
8720 2
8721 3
8722 2
8723 2
8724 3
8725 1
8727 2
8728 1
8730 3
8731 1
8732 3
8734 3
8735 2
8736 3
8739 6
8740 3
8742 3
8743 1
8744 3
8745 4
8746 1
8747 1
8748 1
8749 3
8750 5
8751 1
8752 1
8753 2
8754 1
8755 1
8756 2
8757 3
8758 2
8759 1
8761 5
8765 3
8767 3
8768 2
8769 1
8770 1
8771 1
8773 1
8774 3
8775 2
8776 1
8777 2
8778 2
8779 2
8782 3
8783 1
8785 2
8787 2
8788 1
8789 1
8790 1
8792 2
8793 1
8794 7
8795 4
8796 3
8797 2
8798 1
8799 2
8800 4
8801 5
8802 2
8803 1
8804 1
8805 4
8807 1
8808 3
8809 2
8811 2
8812 1
8813 2
8814 2
8815 1
8816 3
8817 1
8818 1
8819 2
8821 4
8822 3
8823 2
8824 1
8825 1
8826 2
8827 1
8828 2
8830 3
8831 1
8832 2
8833 1
8834 3
8835 1
8836 4
8837 2
8838 3
8839 2
8840 2
8841 1
8842 3
8844 1
8845 1
8846 2
8848 2
8849 1
8850 1
8852 2
8853 1
8854 1
8855 4
8856 2
8857 2
8858 2
8859 1
8860 3
8861 1
8862 3
8863 2
8864 2
8865 4
8866 2
8867 5
8868 3
8870 2
8871 1
8872 3
8873 2
8874 1
8875 2
8876 1
8877 2
8878 2
8879 2
8880 3
8881 6
8882 2
8883 3
8884 2
8885 2
8886 1
8887 4
8888 2
8889 3
8890 2
8891 1
8892 1
8893 4
8894 2
8895 1
8896 2
8897 2
8898 2
8899 4
8901 1
8902 1
8903 1
8904 2
8905 1
8907 1
8908 1
8909 1
8910 1
8911 3
8912 4
8913 1
8914 3
8915 2
8916 3
8918 2
8919 2
8920 1
8921 2
8922 1
8923 3
8924 5
8926 1
8927 3
8928 1
8929 3
8930 1
8931 4
8932 2
8933 2
8934 2
8935 2
8937 4
8938 1
8939 4
8940 2
8941 2
8943 2
8945 2
8946 1
8947 2
8948 1
8949 2
8950 3
8951 3
8952 1
8953 2
8954 1
8955 1
8956 5
8957 2
8958 3
8959 3
8960 4
8962 3
8965 3
8967 4
8968 2
8969 2
8971 1
8972 2
8973 2
8974 1
8975 2
8976 1
8979 2
8980 2
8981 2
8982 4
8983 1
8984 3
8985 1
8987 1
8988 4
8990 1
8991 4
8992 1
8993 2
8994 1
8995 1
8996 2
8997 2
8998 1
8999 2
9000 7
9001 1
9002 2
9003 4
9004 2
9005 4
9006 1
9008 2
9009 5
9010 2
9011 1
9012 3
9013 1
9014 3
9015 1
9016 3
9017 3
9019 3
9020 3
9021 1
9022 1
9025 1
9026 3
9028 5
9029 3
9030 1
9031 3
9033 3
9035 4
9036 2
9037 2
9038 3
9039 1
9040 1
9041 1
9043 2
9044 3
9045 1
9046 1
9047 1
9048 2
9049 1
9050 3
9051 2
9052 2
9053 3
9055 1
9056 3
9057 2
9059 2
9060 4
9061 2
9062 1
9063 2
9064 2
9065 1
9066 2
9068 2
9069 3
9070 3
9071 1
9073 2
9074 7
9075 1
9076 2
9077 2
9078 2
9080 4
9081 3
9082 2
9083 2
9084 2
9085 2
9086 1
9087 1
9089 1
9090 1
9091 2
9092 1
9094 5
9095 2
9096 2
9097 2
9099 1
9100 1
9101 2
9102 3
9103 2
9105 1
9106 4
9107 1
9110 2
9111 2
9112 3
9113 2
9115 3
9116 3
9117 1
9118 1
9119 1
9120 1
9121 3
9122 3
9125 1
9128 3
9129 2
9132 2
9134 4
9135 2
9136 3
9137 2
9138 2
9139 1
9140 3
9141 2
9142 3
9143 1
9146 1
9147 1
9148 3
9149 4
9150 1
9151 1
9153 3
9154 2
9155 7
9156 1
9157 1
9158 1
9159 2
9160 4
9161 3
9162 2
9163 1
9164 1
9166 1
9167 2
9169 2
9170 1
9171 1
9172 2
9173 1
9174 1
9175 2
9177 2
9178 4
9179 4
9181 1
9182 1
9183 2
9184 2
9185 2
9186 3
9187 1
9189 2
9190 1
9191 2
9192 1
9195 1
9197 3
9198 3
9201 3
9202 3
9204 1
9205 2
9206 1
9207 2
9208 2
9209 2
9210 2
9212 1
9213 3
9214 1
9215 2
9216 1
9217 2
9219 4
9220 1
9221 1
9222 2
9223 1
9227 1
9228 1
9229 4
9230 2
9231 1
9232 1
9234 2
9235 3
9238 1
9239 1
9240 6
9241 2
9242 2
9243 3
9244 2
9245 1
9246 2
9247 2
9248 2
9249 3
9250 2
9252 3
9253 4
9254 1
9255 2
9256 2
9258 2
9259 1
9260 3
9261 2
9263 2
9264 3
9265 1
9266 1
9267 1
9268 2
9269 1
9270 2
9271 1
9272 1
9275 1
9276 2
9277 1
9280 2
9281 4
9282 1
9283 1
9284 3
9285 4
9286 1
9287 1
9288 2
9289 2
9290 5
9291 2
9292 2
9293 1
9295 1
9296 5
9297 2
9298 3
9299 3
9301 1
9302 1
9303 2
9304 1
9305 2
9307 3
9308 2
9309 1
9310 2
9312 2
9313 4
9314 1
9316 1
9317 3
9318 1
9319 2
9324 3
9325 1
9327 1
9328 1
9329 2
9331 2
9333 1
9334 1
9335 2
9336 1
9337 1
9339 1
9340 2
9342 1
9343 1
9344 5
9345 3
9347 1
9348 2
9349 1
9350 3
9351 1
9352 3
9353 3
9354 2
9355 4
9356 3
9358 2
9359 1
9360 1
9361 2
9362 3
9364 2
9365 2
9366 5
9367 1
9368 2
9369 3
9370 1
9371 1
9372 1
9373 3
9374 1
9375 4
9376 2
9377 1
9378 1
9379 5
9380 2
9381 1
9382 1
9383 3
9384 4
9385 2
9386 1
9387 4
9388 1
9389 2
9390 1
9391 3
9392 2
9394 3
9396 1
9397 3
9398 3
9401 1
9402 2
9403 2
9404 1
9406 2
9408 2
9409 1
9410 1
9411 2
9413 1
9414 1
9415 1
9416 4
9417 1
9418 2
9420 2
9421 1
9422 1
9423 2
9424 2
9426 4
9427 1
9428 3
9430 1
9431 1
9433 4
9434 1
9435 2
9436 1
9438 3
9439 1
9440 1
9443 1
9444 2
9445 2
9447 3
9448 2
9449 2
9450 1
9451 2
9452 1
9453 4
9456 1
9457 1
9458 1
9459 1
9460 1
9461 2
9462 3
9463 3
9464 2
9465 2
9466 1
9467 2
9468 1
9469 1
9470 2
9471 1
9473 3
9474 2
9475 2
9476 3
9477 1
9478 2
9479 2
9480 3
9482 1
9484 4
9485 3
9486 1
9487 1
9488 1
9489 2
9490 1
9491 2
9492 1
9495 2
9496 2
9497 4
9499 4
9500 1
9501 2
9502 1
9503 2
9504 2
9506 4
9507 1
9508 4
9509 2
9510 3
9512 1
9513 3
9518 1
9519 1
9520 1
9521 3
9522 1
9524 3
9525 1
9526 2
9527 1
9528 2
9529 1
9530 1
9532 2
9533 2
9535 2
9537 1
9538 2
9540 1
9543 2
9544 1
9545 1
9546 1
9548 3
9549 1
9550 2
9552 2
9553 2
9554 1
9555 3
9557 1
9558 1
9559 1
9560 2
9562 2
9563 2
9564 3
9565 4
9567 4
9568 4
9569 2
9570 1
9571 3
9572 1
9574 1
9575 2
9576 1
9577 2
9578 1
9579 3
9580 1
9581 1
9582 2
9583 3
9585 2
9586 2
9587 2
9588 2
9589 2
9590 1
9592 1
9593 2
9594 2
9595 4
9596 2
9597 2
9598 1
9600 1
9601 1
9602 1
9603 3
9604 3
9605 2
9606 2
9607 1
9609 3
9610 1
9611 2
9613 1
9614 2
9615 2
9617 3
9619 1
9620 1
9621 2
9622 1
9624 1
9625 2
9626 2
9627 1
9628 1
9630 3
9633 2
9634 1
9635 1
9636 1
9637 2
9638 2
9639 3
9640 2
9641 2
9642 2
9643 2
9644 2
9645 2
9646 4
9647 1
9648 2
9649 3
9650 2
9651 1
9653 1
9656 2
9657 3
9658 1
9659 1
9661 2
9662 1
9663 2
9665 1
9666 3
9667 2
9668 2
9670 1
9674 1
9675 2
9676 1
9677 2
9678 1
9679 4
9681 4
9682 1
9683 3
9684 1
9685 2
9686 1
9687 2
9688 3
9689 4
9692 1
9693 1
9694 2
9695 2
9696 1
9697 3
9698 2
9701 3
9702 3
9703 2
9704 2
9705 2
9706 4
9707 1
9708 5
9709 1
9710 4
9711 2
9712 4
9713 1
9714 2
9715 1
9716 1
9717 1
9718 3
9719 3
9720 1
9721 4
9723 2
9724 1
9726 1
9727 1
9728 1
9729 2
9730 3
9731 1
9732 1
9733 2
9734 2
9735 3
9736 1
9737 1
9738 2
9739 2
9740 2
9741 3
9742 4
9745 1
9746 3
9747 1
9748 2
9749 1
9750 1
9752 2
9753 2
9755 2
9756 3
9757 1
9758 2
9760 2
9761 1
9762 1
9763 1
9764 1
9765 4
9766 3
9768 2
9769 3
9770 1
9771 2
9772 3
9773 1
9776 1
9777 2
9778 1
9779 1
9780 2
9781 3
9783 2
9784 2
9787 3
9789 3
9790 3
9793 1
9794 1
9796 2
9797 1
9800 3
9801 3
9802 2
9803 4
9805 3
9806 1
9807 1
9808 1
9809 1
9810 1
9811 1
9812 5
9813 1
9814 2
9816 1
9818 1
9819 2
9821 3
9822 1
9823 1
9824 2
9825 2
9826 1
9827 1
9828 1
9830 3
9831 2
9834 3
9836 2
9837 2
9839 4
9840 1
9843 2
9844 1
9846 2
9847 1
9849 4
9850 1
9851 1
9853 5
9854 3
9856 2
9857 2
9858 2
9859 2
9860 3
9862 1
9863 3
9864 2
9865 2
9866 3
9867 1
9868 1
9870 1
9871 1
9872 3
9873 2
9874 3
9875 1
9877 2
9879 1
9880 2
9881 1
9882 2
9883 2
9884 1
9885 2
9887 3
9888 2
9890 1
9891 3
9892 1
9893 3
9894 4
9898 1
9899 1
9900 2
9901 5
9902 1
9903 1
9904 2
9905 3
9906 1
9908 1
9909 2
9910 2
9912 2
9913 4
9914 2
9915 2
9917 1
9918 2
9919 1
9921 1
9922 1
9923 2
9924 1
9925 2
9927 2
9928 1
9929 2
9930 1
9931 2
9932 3
9934 1
9935 2
9936 1
9937 2
9938 3
9939 4
9940 1
9941 2
9945 2
9946 1
9947 3
9948 2
9949 1
9950 5
9951 1
9952 3
9954 1
9955 1
9956 4
9959 1
9960 2
9962 3
9963 2
9964 4
9966 1
9967 2
9970 2
9971 1
9972 1
9974 3
9975 2
9976 2
9977 1
9978 2
9979 1
9980 1
9983 3
9985 1
9986 3
9987 1
9988 1
9990 3
9992 1
9994 1
9995 3
9997 1
10000 1
10001 4
10003 4
10004 2
10009 2
10011 1
10012 2
10013 3
10014 2
10017 2
10018 3
10019 1
10020 1
10021 1
10022 1
10026 1
10027 4
10028 1
10029 2
10032 1
10034 2
10035 1
10037 3
10038 2
10039 1
10040 2
10041 1
10043 3
10044 2
10046 2
10047 1
10048 2
10049 1
10050 1
10052 1
10053 2
10056 2
10057 2
10058 1
10059 3
10062 2
10063 4
10064 2
10065 1
10066 1
10067 1
10068 1
10070 2
10072 1
10073 1
10074 1
10075 1
10076 1
10077 2
10079 1
10080 1
10081 2
10083 1
10084 1
10085 1
10086 2
10087 1
10088 1
10089 3
10090 3
10091 2
10093 1
10094 1
10095 2
10097 1
10098 1
10099 3
10100 1
10102 2
10104 3
10106 1
10109 1
10110 2
10111 3
10112 1
10113 1
10114 5
10115 2
10116 3
10117 2
10118 1
10119 1
10120 1
10121 1
10122 3
10123 3
10125 2
10126 1
10127 1
10129 1
10131 1
10133 2
10134 1
10135 1
10136 1
10137 1
10138 1
10139 2
10140 2
10143 3
10144 1
10145 1
10146 3
10147 1
10149 2
10150 1
10151 1
10152 3
10154 1
10155 2
10156 1
10158 2
10159 1
10161 1
10162 3
10163 2
10165 1
10166 1
10167 1
10168 1
10170 1
10173 1
10174 1
10175 2
10176 2
10177 1
10178 2
10180 1
10184 2
10187 1
10189 3
10191 2
10192 2
10195 4
10196 2
10198 2
10200 2
10201 2
10203 1
10204 1
10207 1
10208 1
10209 1
10210 2
10211 1
10213 2
10214 2
10215 1
10216 3
10218 1
10220 1
10222 2
10223 1
10224 3
10225 2
10226 1
10228 1
10230 3
10231 1
10232 1
10235 3
10237 1
10238 2
10240 3
10241 2
10243 2
10244 3
10245 2
10246 1
10249 3
10250 1
10252 2
10253 2
10254 1
10255 1
10257 1
10258 1
10262 1
10264 2
10265 3
10266 2
10268 1
10269 3
10271 2
10272 4
10273 1
10274 1
10276 1
10277 1
10278 1
10279 1
10281 1
10282 1
10283 1
10285 1
10286 1
10287 2
10289 3
10290 3
10291 2
10292 3
10293 2
10294 1
10295 1
10296 1
10297 2
10298 1
10299 4
10300 2
10301 1
10302 4
10303 2
10305 1
10306 1
10309 3
10310 2
10314 1
10315 1
10316 3
10318 2
10319 1
10320 1
10321 3
10323 1
10324 1
10325 2
10326 3
10327 2
10328 1
10330 1
10331 2
10332 1
10333 1
10334 1
10335 2
10336 1
10339 1
10343 2
10346 1
10347 1
10348 1
10349 2
10351 2
10352 4
10354 1
10355 2
10358 1
10359 1
10361 1
10363 4
10364 1
10366 1
10368 1
10369 2
10370 1
10372 4
10375 1
10376 1
10377 1
10378 2
10380 1
10381 4
10382 2
10383 1
10386 1
10388 3
10390 1
10394 1
10395 1
10396 1
10397 4
10399 1
10402 1
10403 1
10405 1
10406 2
10407 1
10408 3
10410 1
10411 1
10412 1
10413 1
10414 2
10415 1
10418 2
10419 1
10420 1
10421 1
10422 1
10424 1
10429 3
10430 2
10431 1
10432 1
10434 1
10435 1
10437 2
10439 1
10440 2
10441 3
10442 1
10446 2
10447 2
10449 1
10451 2
10454 1
10456 3
10457 4
10458 3
10459 2
10461 1
10462 2
10465 3
10466 1
10467 6
10468 1
10469 2
10470 2
10472 2
10474 1
10475 1
10476 1
10478 1
10480 2
10481 1
10483 3
10484 3
10485 3
10488 1
10489 1
10490 2
10491 1
10495 2
10497 3
10498 2
10499 1
10500 1
10501 1
10502 2
10504 2
10508 1
10509 2
10510 3
10511 2
10512 2
10515 1
10516 1
10517 1
10518 3
10520 2
10521 1
10523 1
10524 1
10526 1
10527 1
10528 1
10529 2
10530 1
10532 1
10534 2
10535 1
10536 1
10537 2
10538 1
10539 1
10540 2
10541 2
10542 1
10544 1
10545 1
10546 1
10548 2
10550 2
10553 2
10556 1
10557 2
10558 1
10560 1
10561 1
10562 1
10563 1
10564 1
10565 1
10566 1
10567 1
10568 4
10569 1
10570 1
10572 2
10573 1
10574 2
10576 2
10579 4
10580 1
10581 1
10583 1
10588 1
10589 1
10590 2
10592 1
10596 3
10597 1
10598 3
10600 2
10601 1
10603 1
10604 3
10605 1
10607 2
10608 1
10610 1
10612 1
10614 1
10615 1
10616 3
10620 2
10621 2
10622 1
10623 1
10625 1
10626 1
10627 2
10629 1
10630 4
10632 1
10634 3
10636 1
10637 1
10638 2
10639 3
10643 2
10645 1
10646 1
10647 2
10648 1
10649 1
10650 1
10651 2
10653 2
10654 1
10655 1
10656 2
10657 1
10660 1
10662 1
10663 1
10664 1
10665 2
10667 1
10670 1
10672 1
10676 3
10677 1
10678 2
10679 1
10680 1
10681 1
10683 1
10684 1
10686 1
10687 1
10688 3
10689 1
10690 1
10691 1
10694 2
10697 2
10698 1
10700 1
10701 1
10703 2
10705 1
10706 2
10711 2
10714 1
10715 1
10716 2
10720 2
10721 1
10722 4
10727 1
10728 1
10729 1
10730 2
10732 2
10733 1
10734 1
10735 1
10736 2
10737 1
10738 1
10739 1
10741 2
10742 1
10743 1
10745 1
10746 1
10748 1
10750 2
10751 3
10753 3
10754 1
10756 1
10758 1
10759 1
10760 1
10764 1
10765 2
10767 1
10769 1
10770 2
10773 2
10775 2
10777 3
10779 1
10780 1
10781 2
10783 1
10784 1
10785 3
10789 2
10790 1
10791 1
10793 2
10794 1
10796 1
10798 1
10799 2
10802 2
10803 3
10807 1
10808 1
10811 1
10815 1
10817 1
10820 3
10821 2
10823 1
10824 3
10826 1
10828 1
10829 1
10835 1
10836 1
10837 1
10838 1
10840 1
10846 3
10847 1
10848 1
10849 1
10850 1
10851 3
10852 2
10854 2
10856 2
10858 1
10859 1
10860 1
10862 2
10865 3
10867 1
10869 1
10871 2
10872 2
10874 1
10875 1
10876 2
10877 2
10880 1
10882 1
10883 1
10884 3
10887 2
10888 2
10889 3
10891 1
10895 2
10897 1
10899 2
10900 2
10901 1
10905 2
10906 1
10908 2
10912 2
10913 1
10914 1
10915 2
10919 1
10924 1
10926 1
10927 1
10928 2
10929 1
10930 2
10931 1
10933 1
10934 1
10935 2
10936 2
10939 1
10940 1
10941 1
10942 1
10953 4
10955 1
10956 1
10957 1
10958 2
10959 1
10960 1
10962 1
10965 1
10966 3
10967 1
10968 1
10969 1
10972 1
10974 1
10975 1
10976 2
10977 1
10978 1
10980 1
10982 1
10983 2
10984 1
10986 3
10988 1
10989 2
10990 3
10991 1
10996 2
10998 3
11000 1
11001 1
11002 4
11007 3
11011 2
11012 3
11016 2
11017 1
11018 2
11019 2
11020 1
11023 2
11026 2
11027 3
11028 1
11030 1
11031 3
11033 1
11034 1
11037 2
11038 1
11039 1
11040 2
11042 1
11044 1
11045 2
11046 1
11047 1
11049 2
11050 1
11051 2
11053 2
11054 1
11055 1
11056 4
11058 1
11059 1
11061 2
11064 1
11065 2
11066 1
11068 1
11071 2
11072 2
11073 1
11074 1
11075 1
11080 1
11083 1
11086 2
11087 2
11088 2
11089 1
11091 1
11097 1
11098 2
11101 2
11104 1
11108 1
11110 1
11111 1
11112 1
11113 1
11114 1
11117 1
11118 1
11119 1
11120 2
11127 1
11128 1
11129 1
11131 2
11133 1
11134 2
11136 1
11138 2
11140 1
11141 3
11142 1
11143 1
11144 1
11145 2
11146 1
11147 1
11149 2
11152 1
11156 1
11158 2
11160 2
11161 1
11165 2
11166 1
11167 2
11168 1
11169 1
11170 1
11171 1
11172 1
11173 1
11174 1
11175 1
11176 1
11177 3
11179 1
11180 1
11182 1
11185 2
11186 1
11188 1
11193 1
11201 1
11202 2
11203 2
11204 1
11208 2
11210 1
11211 2
11212 1
11214 1
11217 1
11219 3
11221 1
11223 1
11227 1
11228 1
11229 1
11230 2
11237 2
11238 1
11239 2
11241 2
11242 1
11243 1
11244 1
11245 1
11246 1
11247 1
11248 1
11249 1
11250 1
11253 2
11254 1
11255 1
11257 2
11258 2
11260 2
11261 1
11262 1
11263 3
11265 1
11266 1
11269 3
11273 1
11275 1
11276 1
11277 1
11278 1
11280 3
11281 1
11282 1
11283 2
11284 2
11288 1
11293 1
11296 2
11299 2
11300 1
11302 2
11303 2
11307 1
11308 3
11309 1
11310 1
11311 1
11314 1
11317 1
11318 1
11319 2
11320 1
11324 2
11325 1
11328 1
11329 2
11331 1
11332 2
11333 1
11335 1
11336 2
11337 1
11339 1
11341 2
11342 1
11343 3
11344 1
11348 1
11349 1
11350 1
11352 1
11353 2
11355 1
11356 1
11359 2
11362 4
11364 3
11366 1
11367 2
11370 1
11371 1
11372 1
11374 2
11375 3
11376 4
11377 2
11378 1
11380 1
11383 1
11386 1
11388 3
11390 1
11393 1
11394 1
11395 1
11397 1
11398 1
11399 1
11400 2
11402 1
11403 1
11406 1
11407 1
11408 1
11410 2
11411 3
11412 1
11413 3
11414 2
11415 2
11416 1
11418 1
11423 2
11425 1
11426 1
11428 1
11429 2
11430 1
11432 1
11433 2
11436 1
11439 1
11440 2
11441 1
11444 1
11446 1
11447 2
11450 1
11451 1
11452 1
11453 1
11457 1
11458 1
11459 2
11461 1
11462 2
11463 1
11464 3
11465 1
11466 1
11467 1
11468 3
11471 2
11472 3
11476 1
11477 1
11478 1
11480 3
11482 2
11484 1
11485 1
11486 1
11490 2
11493 1
11494 1
11495 1
11499 1
11500 1
11502 2
11505 1
11506 2
11510 1
11512 1
11513 1
11514 1
11515 1
11516 1
11517 1
11519 2
11524 1
11525 1
11526 2
11527 1
11529 1
11530 3
11532 2
11534 2
11535 1
11536 1
11537 2
11539 2
11540 1
11542 2
11548 1
11550 2
11552 1
11554 3
11555 1
11556 1
11557 2
11558 1
11561 1
11562 1
11572 1
11573 1
11574 1
11576 1
11577 1
11579 2
11580 1
11581 2
11583 2
11584 1
11585 1
11587 1
11589 1
11590 1
11591 1
11593 1
11596 1
11597 1
11598 1
11599 1
11600 1
11601 1
11606 3
11607 1
11610 1
11611 1
11615 1
11617 3
11619 2
11622 1
11623 1
11624 2
11625 1
11626 1
11629 1
11630 1
11631 1
11634 2
11635 2
11636 1
11637 2
11642 1
11644 2
11645 1
11646 1
11647 2
11653 1
11656 4
11660 1
11663 2
11664 2
11669 1
11671 1
11672 1
11674 1
11677 1
11679 1
11680 1
11681 1
11682 1
11684 2
11686 1
11687 1
11690 2
11691 3
11692 1
11693 1
11695 1
11696 1
11697 1
11698 1
11699 1
11700 1
11701 1
11702 3
11703 1
11708 2
11710 1
11711 1
11712 2
11715 1
11716 1
11719 1
11720 1
11722 1
11723 1
11724 1
11729 1
11733 1
11735 3
11736 2
11738 2
11741 3
11742 1
11743 2
11744 1
11745 4
11748 2
11750 1
11752 1
11754 1
11755 1
11756 2
11757 1
11759 2
11763 1
11766 1
11767 1
11768 2
11769 1
11776 1
11778 1
11780 1
11781 1
11782 1
11783 3
11784 1
11785 1
11790 2
11793 3
11794 1
11795 3
11797 3
11800 1
11803 1
11804 1
11810 3
11811 2
11816 3
11818 1
11819 2
11820 1
11822 1
11823 1
11825 1
11827 1
11829 1
11830 2
11831 1
11835 1
11836 5
11838 2
11839 1
11841 2
11842 1
11847 1
11853 1
11854 3
11855 1
11857 1
11858 1
11862 2
11863 1
11865 1
11866 1
11868 1
11869 1
11870 1
11874 1
11875 1
11876 1
11877 1
11879 1
11880 2
11881 1
11883 1
11886 1
11887 2
11890 1
11891 1
11892 2
11899 1
11900 2
11901 1
11905 1
11907 1
11912 2
11916 1
11917 2
11919 1
11922 1
11926 1
11930 1
11931 3
11932 2
11933 2
11934 2
11935 1
11936 1
11937 1
11938 1
11939 1
11943 2
11944 1
11945 1
11950 1
11951 1
11953 2
11954 1
11955 2
11956 3
11957 2
11958 1
11959 1
11961 4
11962 1
11964 1
11965 1
11966 3
11968 1
11975 1
11983 1
11984 1
11985 1
11986 1
11987 1
11988 1
11991 1
11993 1
11997 1
11998 1
12002 1
12003 1
12010 1
12012 4
12013 2
12014 2
12017 1
12019 1
12025 1
12027 1
12028 3
12030 2
12031 2
12032 1
12033 3
12034 1
12037 1
12038 2
12040 1
12041 2
12042 2
12043 2
12045 2
12046 2
12049 1
12051 1
12055 3
12057 2
12061 1
12066 1
12072 1
12074 2
12075 1
12078 1
12079 1
12081 1
12082 1
12085 1
12092 1
12093 1
12094 1
12097 2
12100 2
12103 2
12105 1
12112 1
12113 2
12114 3
12115 3
12117 3
12118 1
12121 1
12124 1
12126 1
12128 1
12131 1
12132 2
12133 1
12137 1
12138 1
12139 1
12140 1
12143 3
12144 1
12145 1
12146 2
12147 3
12148 1
12152 2
12153 1
12155 1
12160 4
12161 1
12165 1
12168 1
12169 2
12174 1
12175 1
12176 1
12178 1
12179 2
12181 2
12183 1
12185 2
12189 1
12191 3
12192 2
12193 1
12195 1
12196 1
12198 1
12199 1
12200 1
12204 1
12207 1
12208 2
12211 1
12217 1
12219 1
12220 1
12225 1
12226 1
12227 2
12229 2
12230 1
12231 1
12234 1
12235 1
12237 1
12239 1
12242 1
12243 2
12244 1
12245 2
12249 2
12252 1
12253 3
12254 2
12255 1
12256 1
12257 1
12259 1
12260 1
12263 1
12265 1
12267 1
12269 1
12270 1
12271 2
12272 1
12276 1
12292 1
12293 1
12299 2
12301 1
12304 2
12305 2
12306 1
12307 1
12309 1
12311 1
12313 1
12317 4
12319 1
12324 1
12325 2
12326 1
12330 2
12332 2
12333 1
12334 1
12335 1
12336 2
12338 1
12341 2
12343 2
12344 1
12345 1
12348 1
12349 1
12353 1
12354 2
12355 1
12356 1
12357 1
12358 1
12361 1
12363 1
12366 1
12367 1
12368 1
12371 1
12372 1
12373 1
12374 2
12376 1
12378 1
12379 1
12380 1
12385 1
12388 1
12392 1
12393 1
12395 1
12397 1
12399 1
12400 1
12402 2
12403 1
12404 1
12411 1
12413 2
12414 1
12415 1
12416 1
12417 1
12418 2
12420 1
12423 1
12424 1
12425 1
12427 2
12431 1
12433 2
12434 1
12436 1
12437 1
12439 1
12441 1
12442 1
12445 2
12447 1
12449 1
12451 1
12453 1
12456 2
12457 1
12459 1
12462 3
12467 1
12468 2
12475 1
12477 1
12480 2
12481 1
12484 1
12485 1
12488 1
12489 1
12496 3
12498 2
12499 1
12500 1
12502 1
12506 1
12507 1
12508 1
12511 2
12512 1
12513 1
12514 2
12516 1
12518 1
12519 1
12520 1
12524 1
12529 1
12532 1
12535 1
12536 2
12538 1
12541 1
12545 1
12546 1
12547 3
12548 1
12551 2
12552 1
12553 1
12554 5
12556 2
12558 1
12560 1
12561 1
12566 1
12575 4
12576 1
12579 1
12582 2
12587 1
12589 1
12591 1
12594 1
12596 1
12598 1
12600 1
12605 1
12607 1
12608 2
12611 1
12614 1
12615 1
12616 3
12621 2
12622 1
12625 1
12627 2
12630 2
12634 1
12635 1
12637 1
12643 1
12646 3
12647 1
12648 1
12652 2
12653 1
12656 1
12660 1
12662 2
12664 1
12665 1
12670 1
12671 1
12672 1
12673 1
12676 2
12678 1
12681 1
12685 2
12686 1
12687 1
12689 1
12690 1
12692 2
12696 2
12697 1
12699 2
12700 1
12702 3
12705 1
12717 1
12718 1
12719 1
12720 1
12723 3
12725 1
12727 1
12728 1
12733 2
12734 1
12735 1
12736 1
12737 1
12739 1
12742 1
12744 1
12745 1
12755 1
12756 2
12757 4
12758 1
12761 1
12763 1
12768 1
12772 4
12773 2
12774 1
12777 1
12780 1
12782 1
12786 1
12789 1
12790 1
12791 1
12798 1
12801 1
12802 1
12808 1
12810 1
12811 1
12812 4
12814 1
12815 1
12817 1
12818 1
12821 1
12824 1
12833 1
12835 1
12836 1
12838 1
12844 1
12846 1
12847 1
12850 1
12853 1
12859 1
12860 1
12861 1
12862 2
12863 1
12868 1
12870 1
12872 2
12873 2
12874 1
12876 2
12881 1
12883 1
12886 1
12888 1
12892 1
12893 1
12894 1
12899 1
12900 1
12901 1
12902 1
12908 3
12909 1
12918 1
12919 3
12920 1
12922 2
12925 1
12926 1
12927 1
12929 1
12930 2
12931 1
12934 1
12935 1
12936 1
12937 2
12940 1
12945 1
12948 1
12950 1
12952 1
12953 1
12955 1
12960 1
12966 1
12970 1
12975 1
12977 2
12978 1
12979 1
12980 1
12983 2
12985 1
12987 1
12988 1
12996 1
12997 1
12998 1
13001 1
13005 2
13007 1
13008 1
13009 1
13014 2
13018 1
13023 2
13034 1
13035 1
13038 1
13039 1
13040 1
13041 3
13042 2
13043 2
13045 1
13047 1
13049 1
13055 2
13059 1
13060 1
13061 1
13062 1
13063 4
13064 2
13065 1
13073 1
13074 2
13076 1
13078 2
13080 1
13087 1
13089 1
13091 1
13092 1
13099 1
13100 2
13105 1
13109 1
13110 1
13113 1
13117 1
13118 1
13119 1
13121 1
13122 1
13125 1
13131 2
13137 1
13140 1
13145 1
13148 1
13149 1
13150 1
13151 1
13153 1
13154 1
13156 1
13159 1
13161 2
13162 1
13164 1
13165 1
13166 1
13171 1
13173 1
13178 2
13180 1
13181 1
13182 1
13187 3
13189 1
13190 1
13192 1
13194 2
13196 1
13198 1
13204 1
13205 1
13206 1
13208 1
13211 1
13212 1
13214 1
13216 1
13217 1
13221 2
13224 2
13226 1
13227 1
13230 1
13231 2
13233 1
13234 2
13237 1
13239 1
13240 1
13245 1
13247 1
13248 2
13249 1
13250 1
13251 3
13252 1
13253 1
13254 2
13258 1
13260 3
13261 1
13262 1
13264 1
13265 2
13266 1
13267 1
13277 1
13278 1
13279 1
13280 1
13282 1
13284 1
13285 1
13288 1
13292 1
13296 2
13297 1
13298 1
13299 1
13302 1
13306 1
13307 1
13308 2
13313 1
13322 3
13323 1
13328 1
13331 1
13338 2
13339 1
13345 2
13348 1
13349 1
13351 2
13357 1
13358 1
13359 1
13361 1
13362 2
13364 3
13366 1
13368 1
13369 1
13370 1
13374 1
13375 1
13378 1
13380 1
13386 1
13388 2
13395 1
13396 1
13399 1
13400 1
13403 1
13405 1
13406 1
13407 1
13408 1
13412 1
13415 1
13418 1
13419 1
13423 2
13428 1
13429 1
13430 1
13431 2
13432 1
13433 1
13438 1
13439 1
13440 1
13441 1
13444 2
13446 1
13448 2
13450 1
13459 2
13463 1
13464 1
13466 1
13482 1
13485 1
13493 1
13494 1
13499 2
13500 1
13501 1
13502 1
13504 1
13505 1
13506 1
13513 1
13514 3
13517 1
13518 1
13520 1
13522 1
13523 2
13525 1
13526 1
13530 1
13531 1
13532 1
13533 2
13535 1
13543 2
13553 2
13555 1
13559 1
13567 2
13568 1
13570 2
13572 1
13577 1
13579 1
13580 1
13583 1
13588 2
13590 2
13591 1
13592 2
13594 1
13597 1
13600 1
13606 1
13610 2
13615 4
13616 1
13626 1
13629 1
13634 1
13636 1
13640 1
13642 1
13643 1
13644 1
13646 1
13652 2
13654 1
13656 1
13657 1
13665 1
13666 1
13670 3
13671 1
13672 3
13676 1
13677 1
13680 2
13682 1
13690 2
13696 1
13705 2
13706 1
13708 1
13712 1
13718 1
13721 1
13726 1
13727 1
13728 1
13735 1
13740 1
13742 1
13743 2
13749 1
13750 1
13751 1
13752 1
13756 1
13765 1
13768 1
13775 1
13776 1
13778 1
13780 1
13783 1
13784 1
13788 1
13789 1
13790 1
13792 1
13796 1
13797 1
13800 1
13802 1
13811 1
13815 1
13818 1
13822 1
13823 1
13830 1
13831 1
13834 1
13842 1
13844 1
13849 1
13850 1
13858 1
13860 1
13865 1
13872 1
13880 1
13894 1
13895 1
13899 2
13903 1
13909 1
13912 1
13916 1
13922 3
13924 1
13931 1
13932 1
13936 1
13939 2
13940 1
13941 1
13944 3
13947 1
13948 1
13951 1
13953 1
13957 2
13958 1
13961 1
13965 1
13966 1
13973 2
13978 1
13982 2
13989 1
13990 1
13992 1
13996 1
13998 1
14001 1
14002 1
14008 1
14009 2
14011 1
14012 1
14017 1
14018 1
14019 1
14023 2
14024 1
14030 1
14031 1
14032 1
14037 1
14038 1
14044 1
14046 1
14048 1
14053 1
14054 1
14060 1
14061 1
14066 1
14067 1
14068 1
14070 1
14084 1
14093 1
14095 3
14096 1
14100 2
14103 1
14105 1
14106 1
14108 1
14112 1
14116 1
14121 1
14122 1
14124 1
14127 1
14134 1
14135 1
14136 1
14140 1
14145 1
14149 2
14151 1
14155 2
14157 1
14158 1
14159 1
14170 2
14171 2
14172 1
14179 2
14181 1
14182 1
14183 1
14187 2
14189 1
14195 1
14196 1
14197 2
14198 1
14200 2
14206 1
14209 1
14211 1
14212 1
14221 2
14226 2
14229 1
14231 2
14235 1
14242 1
14245 2
14247 1
14249 1
14250 1
14254 1
14258 1
14267 1
14270 1
14273 2
14274 1
14278 1
14280 1
14292 1
14293 1
14295 1
14302 1
14304 1
14308 2
14311 1
14312 1
14314 1
14315 1
14316 2
14317 1
14329 1
14332 1
14333 1
14336 1
14337 1
14343 1
14344 1
14359 1
14360 1
14363 1
14366 1
14375 1
14378 1
14379 1
14385 1
14387 1
14388 1
14397 1
14402 1
14404 1
14409 1
14415 1
14427 1
14428 2
14431 1
14434 1
14437 2
14446 1
14447 1
14448 1
14456 1
14462 2
14464 1
14470 1
14472 2
14477 1
14481 1
14483 1
14485 1
14488 1
14493 1
14494 1
14497 1
14500 1
14504 1
14508 1
14510 1
14511 1
14512 1
14518 1
14520 2
14524 1
14549 1
14550 2
14553 1
14559 1
14566 1
14570 1
14581 1
14589 1
14591 1
14596 1
14598 1
14600 1
14602 1
14608 1
14611 1
14615 2
14618 1
14620 2
14626 1
14632 1
14633 1
14638 1
14641 1
14646 1
14652 1
14655 1
14662 1
14665 1
14666 1
14668 1
14670 1
14672 1
14687 1
14697 1
14699 1
14703 1
14705 1
14707 1
14712 1
14713 1
14714 1
14718 1
14720 1
14724 2
14725 1
14730 1
14731 1
14744 1
14746 1
14748 1
14752 1
14754 1
14755 1
14758 1
14763 1
14774 1
14788 1
14793 1
14798 1
14799 1
14802 1
14808 1
14812 1
14825 1
14828 1
14839 1
14840 1
14843 1
14845 1
14846 1
14847 1
14862 1
14863 1
14869 1
14870 1
14875 1
14878 1
14888 1
14891 1
14892 1
14898 1
14900 1
14902 1
14903 1
14906 1
14910 1
14914 1
14916 1
14917 2
14918 1
14926 1
14933 2
14934 1
14941 1
14946 1
14965 1
14969 1
14972 1
14973 1
14975 1
14982 1
14984 2
14993 1
15000 2
15008 1
15011 1
15017 1
15021 1
15023 1
15024 1
15028 1
15029 1
15032 1
15033 1
15034 1
15048 1
15051 1
15058 1
15060 1
15062 1
15071 1
15078 1
15081 1
15087 3
15093 3
15094 1
15095 1
15106 1
15107 1
15111 1
15114 1
15121 1
15128 1
15129 1
15131 1
15138 1
15149 1
15154 1
15157 1
15160 1
15163 1
15167 1
15172 1
15177 1
15178 1
15184 1
15192 1
15194 1
15197 1
15208 1
15212 1
15214 1
15215 1
15218 2
15222 1
15224 1
15239 1
15242 1
15248 1
15256 1
15260 1
15268 1
15275 1
15280 1
15287 1
15299 2
15315 1
15316 1
15319 1
15329 1
15340 1
15344 1
15360 1
15362 1
15364 1
15370 1
15371 1
15381 1
15383 1
15385 1
15387 1
15389 1
15392 1
15394 1
15396 1
15399 1
15414 1
15425 1
15426 1
15441 1
15442 1
15447 2
15453 1
15454 1
15456 2
15459 1
15461 1
15470 1
15479 1
15487 1
15490 1
15503 1
15506 1
15511 1
15513 1
15524 1
15539 2
15540 1
15545 1
15546 1
15548 1
15558 1
15563 1
15571 1
15576 1
15586 1
15592 1
15603 1
15606 1
15610 1
15614 1
15616 1
15618 1
15619 1
15622 1
15630 1
15635 1
15641 1
15644 1
15650 1
15655 1
15659 1
15667 1
15669 1
15672 1
15679 1
15690 2
15700 2
15701 1
15717 1
15741 1
15742 1
15749 1
15754 1
15755 2
15756 1
15759 1
15763 1
15769 1
15777 1
15778 1
15783 1
15790 1
15798 1
15811 1
15819 1
15838 1
15846 1
15853 1
15854 1
15857 1
15863 1
15864 1
15865 1
15875 1
15878 1
15880 1
15893 1
15900 1
15901 1
15905 1
15908 1
15910 1
15919 1
15921 1
15923 1
15927 1
15930 1
15934 1
15945 1
15947 1
15950 1
15969 1
15970 1
15986 1
16004 1
16005 1
16027 1
16038 1
16040 2
16045 1
16047 1
16051 2
16055 1
16066 1
16077 1
16081 1
16083 1
16093 1
16097 1
16101 1
16109 1
16113 1
16120 1
16124 2
16128 1
16140 1
16154 1
16155 1
16167 1
16180 1
16182 1
16187 2
16190 2
16201 1
16203 1
16209 1
16211 1
16214 1
16218 1
16224 1
16228 1
16232 1
16235 1
16239 1
16240 1
16243 1
16250 1
16251 1
16253 1
16256 1
16257 1
16275 1
16281 1
16286 1
16289 2
16290 1
16294 1
16304 1
16307 1
16311 1
16315 1
16316 1
16321 1
16322 1
16324 1
16332 1
16343 1
16345 1
16347 1
16356 1
16361 1
16366 2
16376 1
16379 1
16385 1
16388 1
16391 1
16392 1
16409 1
16413 1
16417 1
16424 1
16435 2
16436 1
16437 1
16444 1
16446 2
16460 1
16467 1
16470 1
16473 1
16479 1
16480 1
16484 1
16485 1
16492 1
16524 1
16526 1
16532 1
16533 1
16535 1
16539 1
16555 1
16565 1
16566 1
16575 1
16576 1
16585 1
16589 1
16594 1
16598 1
16610 1
16625 1
16630 1
16631 1
16639 1
16648 1
16656 1
16659 1
16677 1
16687 1
16693 1
16715 1
16719 1
16741 1
16750 1
16759 1
16763 1
16785 1
16792 1
16798 1
16800 1
16801 2
16803 1
16814 1
16838 1
16857 1
16860 1
16863 1
16867 1
16869 1
16899 1
16903 1
16909 1
16910 1
16914 1
16919 2
16922 1
16935 1
16941 1
16949 1
16950 1
16954 1
16956 1
16960 1
16966 1
16981 1
17005 1
17015 1
17016 1
17022 1
17026 1
17032 1
17048 2
17049 1
17050 1
17065 1
17071 1
17073 1
17074 1
17083 1
17090 1
17098 1
17100 1
17107 1
17109 1
17110 1
17111 1
17113 1
17139 1
17143 1
17149 1
17166 1
17190 1
17192 1
17204 1
17210 1
17220 1
17231 1
17232 1
17244 1
17251 1
17265 1
17275 1
17277 1
17279 1
17298 1
17299 1
17323 2
17333 1
17335 1
17343 1
17357 1
17364 1
17367 1
17379 1
17384 1
17385 1
17399 1
17401 1
17407 1
17408 1
17412 1
17415 1
17423 1
17425 1
17427 1
17440 1
17447 1
17453 2
17491 2
17499 1
17502 1
17512 1
17519 1
17532 1
17537 1
17538 1
17542 1
17550 1
17562 1
17564 1
17572 1
17575 1
17578 1
17582 1
17595 1
17612 1
17621 2
17627 1
17653 1
17656 1
17687 1
17698 1
17704 1
17740 1
17752 1
17761 1
17781 1
17788 1
17806 1
17834 1
17836 1
17840 1
17842 2
17843 1
17850 1
17851 1
17856 1
17857 1
17880 1
17885 2
17906 1
17917 1
17918 1
17919 1
17934 1
17936 1
17968 1
17970 1
17982 1
17985 1
17989 1
18000 1
18037 1
18041 1
18043 1
18045 1
18073 1
18084 1
18155 1
18162 1
18170 1
18172 2
18178 1
18182 1
18189 1
18194 1
18216 1
18240 1
18249 1
18271 1
18272 1
18278 1
18279 3
18280 1
18283 1
18294 2
18304 2
18328 1
18329 1
18338 1
18342 1
18346 1
18357 1
18358 1
18361 3
18374 1
18402 1
18406 1
18408 1
18414 1
18422 1
18427 1
18433 1
18435 1
18437 1
18445 1
18450 1
18451 1
18480 1
18482 1
18488 1
18492 1
18497 3
18502 1
18507 1
18542 1
18545 1
18558 1
18578 1
18582 1
18589 1
18598 1
18603 1
18606 1
18614 1
18627 2
18654 1
18665 1
18688 1
18690 1
18712 1
18747 1
18760 1
18762 1
18763 1
18767 1
18769 1
18822 1
18839 1
18841 1
18857 1
18859 1
18866 2
18948 1
18959 1
18980 1
18982 1
18983 1
18987 1
18997 1
19018 1
19020 1
19025 1
19035 1
19064 1
19077 1
19100 1
19128 1
19131 1
19134 1
19136 1
19166 1
19177 1
19214 2
19218 1
19226 1
19229 1
19273 1
19277 1
19335 1
19341 1
19351 1
19361 1
19368 1
19370 1
19374 2
19380 1
19391 1
19398 1
19404 1
19444 1
19451 1
19467 1
19475 1
19501 1
19502 1
19505 1
19507 1
19525 1
19545 1
19546 1
19549 1
19561 2
19608 1
19619 1
19644 1
19665 1
19699 1
19707 1
19727 1
19763 1
19778 1
19789 1
19793 1
19818 1
19849 1
19855 1
19863 1
19880 1
19940 1
19968 1
20012 1
20014 1
20015 1
20022 1
20024 1
20065 1
20092 1
20097 1
20132 1
20135 1
20139 1
20164 1
20169 1
20177 1
20200 1
20227 1
20247 1
20264 1
20294 1
20298 1
20306 1
20319 1
20394 1
20420 1
20436 1
20459 1
20502 1
20507 1
20530 1
20536 1
20626 1
20631 1
20641 1
20677 1
20718 1
20724 1
20725 1
20766 1
20769 1
20786 1
20792 2
20799 1
20800 1
20820 1
20823 1
20826 1
20834 1
20889 1
20898 1
20899 1
20934 1
20964 1
20979 1
20988 1
21004 1
21032 1
21050 1
21075 1
21103 1
21125 1
21133 1
21158 1
21183 1
21197 1
21214 1
21262 1
21312 1
21315 1
21327 1
21330 1
21334 1
21378 1
21423 1
21450 1
21465 1
21486 1
21534 1
21564 1
21567 1
21594 1
21607 1
21608 1
21630 1
21704 1
21788 1
21797 1
21821 1
21857 1
21881 1
21893 1
21943 1
21950 1
21998 1
22015 1
22028 1
22048 1
22084 1
22088 1
22103 1
22118 1
22144 1
22150 1
22170 2
22213 1
22231 1
22251 1
22258 1
22283 1
22308 1
22311 1
22457 1
22479 1
22539 1
22576 1
22627 1
22628 1
22676 1
22692 1
22727 1
22758 1
22774 1
22798 1
22805 1
22857 1
22911 1
22957 1
22990 1
22991 1
23011 1
23036 1
23090 1
23110 1
23129 1
23140 1
23141 1
23222 1
23223 1
23265 1
23280 1
23282 1
23287 2
23292 1
23317 1
23351 1
23353 1
23366 1
23403 1
23444 1
23463 1
23480 1
23502 1
23517 1
23560 1
23652 1
23698 1
23699 1
23735 1
23824 1
23836 1
23837 1
23858 1
23863 1
23914 1
23923 1
23935 1
23980 1
24023 1
24120 1
24227 1
24230 1
24242 1
24247 1
24308 1
24309 1
24337 1
24347 1
24350 1
24354 1
24365 1
24404 1
24414 1
24461 1
24485 1
24532 1
24541 1
24550 1
24682 1
24692 1
24701 1
24754 1
24761 1
24772 1
24801 1
24840 1
24842 1
24863 1
24881 1
24938 1
24983 1
25003 1
25027 1
25061 1
25085 1
25112 1
25113 1
25115 1
25129 1
25152 1
25153 1
25179 1
25222 1
25224 1
25248 1
25306 1
25307 1
25309 1
25334 1
25377 1
25399 1
25439 1
25479 1
25531 1
25547 1
25558 1
25561 1
25587 1
25619 1
25683 1
25749 1
25755 1
25758 1
25828 1
25928 1
25981 1
26010 1
26030 1
26141 1
26187 1
26285 1
26387 1
26441 1
26443 1
26451 1
26457 1
26496 1
26504 1
26530 1
26666 1
26700 1
26716 1
26754 1
26903 1
26961 1
27004 1
27011 1
27151 1
27274 1
27278 1
27284 1
27335 1
27414 1
27448 1
27591 1
27841 1
27845 1
27848 1
27905 1
27948 1
28098 1
28100 1
28319 1
28347 1
28458 1
28501 1
28645 1
28797 1
29027 1
29049 1
29137 1
29264 1
29299 1
29319 1
29405 1
29425 1
29444 1
29448 1
29458 1
29459 1
29482 1
29500 1
29566 1
29717 1
29758 1
29779 2
29816 1
29882 1
29934 1
30055 1
30121 1
30138 1
30221 1
30223 1
30467 1
30510 1
30544 1
30878 1
30972 1
31005 1
31062 1
31100 1
31275 1
31289 1
31540 1
31612 1
31637 1
31735 1
31772 1
31802 1
31929 1
32020 1
32135 1
32365 1
32447 1
32621 1
32785 1
32866 1
33080 1
33572 1
34020 1
34074 1
34104 1
34449 1
35866 1
36185 1
37798 1
40191 1
40417 1
42813 1
43246 1
43562 1
43615 1
