66 3
67 53
68 121
69 255
70 477
71 609
72 576
73 451
74 448
75 675
76 1000
77 1151
78 1284
79 1196
80 1202
81 1198
82 1174
83 1103
84 1158
85 1081
86 1209
87 1082
88 1166
89 1219
90 1301
91 1071
92 1160
93 1104
94 1059
95 1115
96 1105
97 1056
98 1069
99 1069
100 1540
101 1882
102 2126
103 1986
104 1731
105 1733
106 2047
107 2287
108 2417
109 2727
110 3403
111 4024
112 4156
113 4745
114 4821
115 5005
116 5138
117 4866
118 4811
119 4985
120 4992
121 5216
122 5268
123 5542
124 5775
125 6104
126 6051
127 6331
128 6707
129 7481
130 7748
131 7518
132 7456
133 7485
134 7850
135 7861
136 7775
137 8073
138 8362
139 8725
140 8992
141 9491
142 9986
143 10360
144 10750
145 10694
146 10708
147 11225
148 11341
149 11508
150 11815
151 12072
152 12168
153 12370
154 12403
155 12340
156 12251
157 12244
158 12206
159 12408
160 13051
161 12934
162 13390
163 13512
164 13516
165 13554
166 13852
167 14245
168 14275
169 14386
170 14197
171 14533
172 14712
173 14771
174 15085
175 15141
176 14917
177 14827
178 14847
179 14968
180 14708
181 14719
182 14636
183 14593
184 14527
185 14483
186 14390
187 14676
188 14252
189 14060
190 13883
191 13712
192 13555
193 13509
194 13433
195 13460
196 13266
197 13760
198 13640
199 13902
200 13674
201 13538
202 13693
203 13756
204 13733
205 13803
206 14103
207 14098
208 14484
209 14412
210 14415
211 14750
212 14527
213 14669
214 14827
215 14795
216 14687
217 14469
218 14251
219 14231
220 14095
221 13640
222 13463
223 13402
224 13418
225 13189
226 13187
227 12911
228 12745
229 13033
230 12962
231 13070
232 12919
233 13134
234 12918
235 13210
236 12827
237 13074
238 12979
239 13026
240 13243
241 13290
242 13127
243 12817
244 12925
245 12868
246 12796
247 12795
248 12616
249 12385
250 12225
251 12197
252 12048
253 12050
254 12158
255 12066
256 12202
257 11982
258 11988
259 11643
260 11651
261 11385
262 11502
263 11376
264 11526
265 11418
266 11455
267 11229
268 11259
269 11365
270 11087
271 10862
272 10935
273 10884
274 10901
275 10847
276 11241
277 11118
278 10952
279 11059
280 10925
281 10742
282 10804
283 10753
284 10632
285 10503
286 10512
287 10604
288 10505
289 10462
290 10445
291 10409
292 10631
293 10400
294 10513
295 10315
296 10338
297 10653
298 10544
299 10713
300 10363
301 10526
302 10353
303 10259
304 10102
305 9908
306 10046
307 9841
308 9784
309 9710
310 9494
311 9438
312 9546
313 9181
314 9136
315 9218
316 8991
317 9088
318 8880
319 8947
320 8873
321 8806
322 8969
323 8794
324 8739
325 8799
326 8657
327 8519
328 8685
329 8382
330 8305
331 8223
332 8375
333 8184
334 8145
335 8054
336 8017
337 8028
338 8044
339 7883
340 7733
341 7699
342 7786
343 7751
344 7723
345 7585
346 7540
347 7649
348 7422
349 7309
350 7320
351 7155
352 7293
353 7160
354 7106
355 6939
356 6950
357 6954
358 6734
359 6767
360 6825
361 6671
362 6620
363 6549
364 6405
365 6502
366 6368
367 6303
368 6167
369 6214
370 6228
371 6177
372 6191
373 6066
374 6195
375 5953
376 6133
377 5918
378 5980
379 5824
380 5843
381 5802
382 5649
383 5579
384 5538
385 5485
386 5555
387 5352
388 5483
389 5305
390 5314
391 5132
392 5222
393 5239
394 5120
395 5140
396 5004
397 4980
398 5002
399 4921
400 4867
401 4927
402 4746
403 4921
404 4883
405 4743
406 4683
407 4561
408 4658
409 4590
410 4559
411 4432
412 4564
413 4464
414 4403
415 4378
416 4392
417 4372
418 4291
419 4349
420 4316
421 4261
422 4319
423 4057
424 4072
425 4115
426 4163
427 4031
428 4069
429 4199
430 4099
431 3931
432 3966
433 3989
434 3990
435 3728
436 3937
437 3780
438 3764
439 3714
440 3853
441 3756
442 3840
443 3783
444 3726
445 3701
446 3709
447 3711
448 3669
449 3715
450 3607
451 3628
452 3587
453 3566
454 3553
455 3733
456 3600
457 3627
458 3637
459 3646
460 3425
461 3470
462 3396
463 3509
464 3497
465 3372
466 3394
467 3452
468 3410
469 3390
470 3306
471 3353
472 3321
473 3250
474 3241
475 3079
476 3130
477 3116
478 3188
479 3032
480 2979
481 3014
482 3039
483 3050
484 2979
485 3072
486 2944
487 3021
488 2919
489 2949
490 2980
491 2882
492 2820
493 2867
494 2868
495 2872
496 2859
497 2877
498 2848
499 2920
500 2869
501 2846
502 2841
503 2754
504 2712
505 2714
506 2836
507 2798
508 2600
509 2667
510 2763
511 2671
512 2602
513 2578
514 2609
515 2687
516 2601
517 2538
518 2562
519 2586
520 2577
521 2540
522 2604
523 2521
524 2328
525 2521
526 2359
527 2411
528 2375
529 2365
530 2235
531 2307
532 2440
533 2240
534 2326
535 2291
536 2275
537 2307
538 2298
539 2302
540 2375
541 2206
542 2219
543 2242
544 2188
545 2146
546 2154
547 2151
548 2155
549 2185
550 2178
551 2180
552 2056
553 2189
554 2059
555 2113
556 2093
557 2060
558 2073
559 2065
560 2031
561 2052
562 2004
563 2034
564 2036
565 1998
566 1931
567 1961
568 1917
569 1943
570 1863
571 1972
572 1965
573 1932
574 1922
575 1845
576 1919
577 1926
578 1916
579 1885
580 1970
581 1856
582 1783
583 1842
584 1860
585 1808
586 1822
587 1751
588 1836
589 1780
590 1717
591 1710
592 1727
593 1710
594 1696
595 1723
596 1771
597 1665
598 1651
599 1685
600 1646
601 1620
602 1655
603 1655
604 1626
605 1610
606 1571
607 1571
608 1590
609 1573
610 1516
611 1577
612 1574
613 1455
614 1586
615 1530
616 1451
617 1464
618 1528
619 1439
620 1447
621 1481
622 1460
623 1421
624 1446
625 1474
626 1541
627 1392
628 1369
629 1360
630 1419
631 1400
632 1356
633 1348
634 1350
635 1337
636 1375
637 1333
638 1345
639 1332
640 1320
641 1200
642 1266
643 1298
644 1268
645 1269
646 1317
647 1164
648 1219
649 1262
650 1255
651 1250
652 1250
653 1228
654 1164
655 1204
656 1119
657 1162
658 1184
659 1188
660 1202
661 1145
662 1191
663 1141
664 1194
665 1180
666 1181
667 1062
668 1244
669 1189
670 1127
671 1050
672 1132
673 1071
674 1132
675 1116
676 1097
677 1115
678 1130
679 1062
680 1003
681 1160
682 1111
683 1067
684 1080
685 1043
686 1041
687 1022
688 1035
689 1045
690 1067
691 1083
692 1026
693 1041
694 1002
695 1040
696 1044
697 992
698 1059
699 1001
700 1000
701 987
702 984
703 1021
704 965
705 976
706 945
707 966
708 1055
709 970
710 880
711 939
712 950
713 925
714 859
715 964
716 856
717 861
718 874
719 901
720 904
721 865
722 895
723 921
724 887
725 889
726 894
727 857
728 881
729 874
730 883
731 895
732 915
733 863
734 886
735 849
736 887
737 900
738 865
739 836
740 828
741 895
742 895
743 813
744 823
745 799
746 842
747 849
748 810
749 809
750 869
751 817
752 731
753 816
754 804
755 785
756 792
757 811
758 793
759 782
760 792
761 748
762 780
763 750
764 778
765 730
766 792
767 826
768 730
769 789
770 741
771 675
772 729
773 720
774 747
775 759
776 739
777 790
778 736
779 718
780 719
781 770
782 705
783 719
784 706
785 718
786 686
787 713
788 713
789 713
790 709
791 701
792 706
793 717
794 673
795 652
796 653
797 638
798 688
799 661
800 635
801 679
802 614
803 624
804 671
805 647
806 582
807 603
808 621
809 678
810 631
811 613
812 578
813 623
814 612
815 659
816 592
817 616
818 619
819 619
820 609
821 606
822 617
823 605
824 617
825 574
826 556
827 569
828 560
829 604
830 594
831 569
832 563
833 571
834 536
835 539
836 564
837 538
838 534
839 587
840 576
841 539
842 560
843 515
844 549
845 510
846 548
847 543
848 484
849 525
850 525
851 511
852 521
853 511
854 553
855 516
856 527
857 477
858 482
859 509
860 528
861 506
862 466
863 515
864 481
865 481
866 512
867 493
868 518
869 486
870 507
871 472
872 497
873 476
874 467
875 520
876 461
877 439
878 457
879 443
880 435
881 476
882 450
883 435
884 446
885 504
886 444
887 454
888 439
889 449
890 448
891 429
892 450
893 437
894 426
895 435
896 447
897 429
898 426
899 416
900 425
901 433
902 420
903 421
904 431
905 408
906 435
907 403
908 417
909 397
910 434
911 390
912 393
913 420
914 413
915 398
916 393
917 381
918 420
919 384
920 411
921 387
922 398
923 410
924 379
925 374
926 385
927 389
928 367
929 367
930 374
931 369
932 392
933 376
934 359
935 353
936 366
937 369
938 376
939 364
940 381
941 339
942 396
943 369
944 390
945 338
946 377
947 366
948 397
949 343
950 338
951 355
952 324
953 364
954 326
955 357
956 324
957 331
958 359
959 327
960 317
961 364
962 341
963 340
964 285
965 322
966 347
967 335
968 289
969 312
970 342
971 313
972 345
973 310
974 324
975 314
976 309
977 315
978 323
979 308
980 322
981 308
982 332
983 331
984 318
985 278
986 276
987 289
988 300
989 282
990 322
991 302
992 308
993 304
994 282
995 291
996 305
997 312
998 294
999 303
1000 298
1001 279
1002 308
1003 266
1004 312
1005 292
1006 255
1007 271
1008 278
1009 305
1010 255
1011 282
1012 289
1013 278
1014 290
1015 256
1016 236
1017 275
1018 245
1019 272
1020 264
1021 272
1022 276
1023 265
1024 269
1025 246
1026 242
1027 243
1028 248
1029 261
1030 274
1031 266
1032 229
1033 238
1034 258
1035 262
1036 237
1037 252
1038 257
1039 235
1040 237
1041 231
1042 236
1043 248
1044 248
1045 247
1046 221
1047 235
1048 241
1049 269
1050 212
1051 229
1052 246
1053 241
1054 234
1055 230
1056 223
1057 208
1058 226
1059 239
1060 239
1061 230
1062 229
1063 223
1064 240
1065 211
1066 263
1067 214
1068 227
1069 227
1070 237
1071 188
1072 238
1073 226
1074 205
1075 206
1076 229
1077 231
1078 194
1079 220
1080 229
1081 195
1082 208
1083 221
1084 207
1085 221
1086 242
1087 203
1088 209
1089 232
1090 217
1091 190
1092 199
1093 214
1094 226
1095 202
1096 215
1097 195
1098 241
1099 212
1100 215
1101 188
1102 218
1103 205
1104 210
1105 173
1106 191
1107 187
1108 210
1109 215
1110 186
1111 196
1112 205
1113 179
1114 204
1115 196
1116 226
1117 193
1118 183
1119 186
1120 192
1121 192
1122 176
1123 210
1124 209
1125 165
1126 170
1127 174
1128 201
1129 201
1130 198
1131 208
1132 197
1133 191
1134 183
1135 213
1136 182
1137 193
1138 213
1139 185
1140 170
1141 188
1142 199
1143 188
1144 198
1145 180
1146 170
1147 162
1148 183
1149 199
1150 185
1151 188
1152 183
1153 179
1154 167
1155 196
1156 179
1157 198
1158 176
1159 183
1160 174
1161 187
1162 181
1163 176
1164 162
1165 187
1166 182
1167 174
1168 160
1169 142
1170 164
1171 163
1172 183
1173 179
1174 159
1175 163
1176 162
1177 155
1178 179
1179 156
1180 157
1181 153
1182 166
1183 165
1184 157
1185 156
1186 165
1187 166
1188 152
1189 162
1190 145
1191 130
1192 161
1193 158
1194 161
1195 150
1196 138
1197 152
1198 156
1199 147
1200 168
1201 144
1202 155
1203 155
1204 143
1205 159
1206 133
1207 131
1208 166
1209 157
1210 132
1211 146
1212 134
1213 156
1214 137
1215 142
1216 152
1217 146
1218 159
1219 169
1220 142
1221 146
1222 165
1223 116
1224 143
1225 147
1226 129
1227 123
1228 145
1229 151
1230 123
1231 163
1232 138
1233 136
1234 134
1235 148
1236 142
1237 115
1238 133
1239 156
1240 134
1241 139
1242 139
1243 126
1244 141
1245 131
1246 144
1247 152
1248 112
1249 136
1250 154
1251 125
1252 126
1253 136
1254 148
1255 131
1256 149
1257 136
1258 137
1259 132
1260 124
1261 140
1262 123
1263 128
1264 117
1265 129
1266 120
1267 123
1268 124
1269 119
1270 128
1271 124
1272 116
1273 120
1274 131
1275 123
1276 118
1277 131
1278 115
1279 129
1280 128
1281 128
1282 120
1283 133
1284 119
1285 125
1286 111
1287 102
1288 130
1289 102
1290 132
1291 116
1292 130
1293 121
1294 108
1295 118
1296 104
1297 109
1298 91
1299 112
1300 123
1301 101
1302 114
1303 98
1304 118
1305 104
1306 112
1307 91
1308 115
1309 120
1310 110
1311 97
1312 114
1313 113
1314 114
1315 101
1316 114
1317 90
1318 101
1319 99
1320 121
1321 94
1322 100
1323 113
1324 86
1325 102
1326 105
1327 88
1328 106
1329 116
1330 97
1331 72
1332 97
1333 91
1334 86
1335 99
1336 83
1337 99
1338 92
1339 97
1340 88
1341 88
1342 95
1343 82
1344 119
1345 75
1346 81
1347 110
1348 92
1349 111
1350 108
1351 99
1352 92
1353 89
1354 96
1355 103
1356 106
1357 106
1358 67
1359 87
1360 115
1361 99
1362 100
1363 87
1364 89
1365 102
1366 107
1367 101
1368 89
1369 97
1370 85
1371 93
1372 95
1373 94
1374 106
1375 99
1376 96
1377 98
1378 89
1379 84
1380 92
1381 106
1382 92
1383 77
1384 101
1385 81
1386 83
1387 95
1388 89
1389 86
1390 69
1391 80
1392 90
1393 85
1394 85
1395 81
1396 69
1397 94
1398 70
1399 95
1400 80
1401 101
1402 104
1403 81
1404 81
1405 73
1406 96
1407 77
1408 94
1409 78
1410 98
1411 75
1412 91
1413 70
1414 88
1415 88
1416 77
1417 74
1418 63
1419 79
1420 73
1421 89
1422 70
1423 82
1424 78
1425 87
1426 67
1427 71
1428 87
1429 88
1430 79
1431 68
1432 84
1433 70
1434 75
1435 70
1436 75
1437 76
1438 68
1439 76
1440 73
1441 93
1442 76
1443 87
1444 74
1445 91
1446 83
1447 66
1448 68
1449 70
1450 79
1451 62
1452 64
1453 60
1454 74
1455 65
1456 66
1457 63
1458 73
1459 70
1460 64
1461 75
1462 70
1463 72
1464 87
1465 66
1466 70
1467 72
1468 75
1469 76
1470 68
1471 62
1472 54
1473 61
1474 69
1475 79
1476 70
1477 65
1478 64
1479 69
1480 52
1481 77
1482 64
1483 64
1484 65
1485 47
1486 72
1487 71
1488 79
1489 67
1490 48
1491 63
1492 65
1493 48
1494 74
1495 61
1496 63
1497 76
1498 61
1499 60
1500 64
1501 54
1502 58
1503 55
1504 68
1505 62
1506 60
1507 82
1508 64
1509 61
1510 50
1511 54
1512 43
1513 58
1514 76
1515 63
1516 61
1517 55
1518 59
1519 59
1520 60
1521 75
1522 68
1523 78
1524 65
1525 41
1526 66
1527 56
1528 61
1529 51
1530 55
1531 56
1532 54
1533 55
1534 45
1535 63
1536 47
1537 57
1538 67
1539 63
1540 59
1541 57
1542 41
1543 56
1544 43
1545 45
1546 55
1547 49
1548 42
1549 44
1550 52
1551 52
1552 52
1553 62
1554 46
1555 61
1556 65
1557 62
1558 57
1559 50
1560 47
1561 65
1562 38
1563 63
1564 61
1565 61
1566 54
1567 66
1568 65
1569 45
1570 42
1571 50
1572 60
1573 57
1574 42
1575 54
1576 57
1577 40
1578 43
1579 50
1580 54
1581 58
1582 58
1583 52
1584 39
1585 48
1586 53
1587 45
1588 49
1589 50
1590 48
1591 38
1592 60
1593 49
1594 61
1595 46
1596 33
1597 35
1598 39
1599 63
1600 51
1601 45
1602 54
1603 43
1604 34
1605 48
1606 38
1607 63
1608 55
1609 42
1610 47
1611 41
1612 52
1613 44
1614 49
1615 37
1616 42
1617 42
1618 37
1619 53
1620 48
1621 48
1622 49
1623 45
1624 46
1625 54
1626 41
1627 51
1628 51
1629 44
1630 47
1631 54
1632 32
1633 45
1634 39
1635 44
1636 47
1637 28
1638 56
1639 41
1640 47
1641 47
1642 38
1643 46
1644 40
1645 43
1646 44
1647 45
1648 37
1649 41
1650 36
1651 40
1652 46
1653 42
1654 48
1655 48
1656 44
1657 48
1658 28
1659 32
1660 39
1661 38
1662 33
1663 36
1664 36
1665 52
1666 36
1667 34
1668 33
1669 40
1670 36
1671 45
1672 36
1673 33
1674 50
1675 43
1676 42
1677 31
1678 41
1679 42
1680 39
1681 42
1682 27
1683 44
1684 36
1685 40
1686 35
1687 39
1688 38
1689 38
1690 34
1691 39
1692 45
1693 37
1694 40
1695 47
1696 37
1697 43
1698 42
1699 43
1700 36
1701 34
1702 25
1703 31
1704 31
1705 34
1706 38
1707 35
1708 43
1709 35
1710 51
1711 36
1712 40
1713 37
1714 42
1715 29
1716 39
1717 44
1718 46
1719 35
1720 33
1721 37
1722 39
1723 40
1724 39
1725 35
1726 39
1727 33
1728 35
1729 27
1730 30
1731 34
1732 32
1733 27
1734 37
1735 28
1736 25
1737 34
1738 27
1739 29
1740 36
1741 32
1742 28
1743 28
1744 34
1745 31
1746 32
1747 48
1748 31
1749 32
1750 37
1751 31
1752 32
1753 35
1754 43
1755 39
1756 39
1757 30
1758 39
1759 38
1760 31
1761 40
1762 29
1763 20
1764 32
1765 39
1766 29
1767 27
1768 37
1769 43
1770 34
1771 43
1772 23
1773 30
1774 46
1775 33
1776 35
1777 24
1778 29
1779 27
1780 29
1781 24
1782 20
1783 42
1784 31
1785 28
1786 18
1787 26
1788 24
1789 32
1790 18
1791 31
1792 36
1793 29
1794 30
1795 26
1796 30
1797 32
1798 30
1799 41
1800 26
1801 29
1802 24
1803 39
1804 34
1805 20
1806 31
1807 26
1808 42
1809 31
1810 28
1811 31
1812 29
1813 27
1814 30
1815 34
1816 32
1817 22
1818 20
1819 24
1820 36
1821 31
1822 22
1823 28
1824 30
1825 28
1826 25
1827 26
1828 24
1829 25
1830 27
1831 28
1832 30
1833 29
1834 30
1835 28
1836 25
1837 31
1838 27
1839 20
1840 22
1841 13
1842 29
1843 25
1844 24
1845 20
1846 28
1847 21
1848 22
1849 27
1850 28
1851 31
1852 21
1853 23
1854 21
1855 25
1856 34
1857 19
1858 23
1859 23
1860 28
1861 22
1862 24
1863 23
1864 27
1865 16
1866 19
1867 19
1868 20
1869 26
1870 24
1871 26
1872 27
1873 19
1874 27
1875 26
1876 17
1877 24
1878 21
1879 27
1880 30
1881 25
1882 33
1883 23
1884 24
1885 25
1886 28
1887 31
1888 25
1889 29
1890 20
1891 26
1892 32
1893 25
1894 26
1895 25
1896 18
1897 27
1898 22
1899 16
1900 22
1901 23
1902 18
1903 17
1904 20
1905 27
1906 26
1907 18
1908 17
1909 22
1910 24
1911 23
1912 27
1913 23
1914 16
1915 32
1916 29
1917 20
1918 17
1919 17
1920 20
1921 22
1922 12
1923 21
1924 30
1925 25
1926 20
1927 24
1928 26
1929 18
1930 24
1931 19
1932 18
1933 30
1934 22
1935 29
1936 24
1937 19
1938 23
1939 21
1940 13
1941 25
1942 28
1943 11
1944 24
1945 21
1946 19
1947 13
1948 26
1949 22
1950 16
1951 26
1952 29
1953 24
1954 26
1955 15
1956 12
1957 20
1958 19
1959 26
1960 17
1961 24
1962 18
1963 19
1964 29
1965 21
1966 18
1967 15
1968 17
1969 23
1970 19
1971 18
1972 15
1973 23
1974 20
1975 14
1976 20
1977 27
1978 22
1979 18
1980 20
1981 23
1982 17
1983 9
1984 7
1985 19
1986 22
1987 12
1988 21
1989 12
1990 22
1991 16
1992 16
1993 21
1994 21
1995 14
1996 22
1997 23
1998 19
1999 18
2000 19
2001 16
2002 25
2003 13
2004 22
2005 22
2006 17
2007 19
2008 28
2009 18
2010 23
2011 13
2012 13
2013 22
2014 16
2015 12
2016 24
2017 19
2018 17
2019 8
2020 16
2021 14
2022 13
2023 16
2024 18
2025 19
2026 17
2027 18
2028 19
2029 16
2030 15
2031 23
2032 23
2033 24
2034 14
2035 21
2036 14
2037 17
2038 21
2039 24
2040 27
2041 12
2042 16
2043 25
2044 25
2045 20
2046 18
2047 14
2048 19
2049 17
2050 21
2051 27
2052 20
2053 23
2054 18
2055 26
2056 21
2057 21
2058 12
2059 10
2060 19
2061 14
2062 20
2063 19
2064 19
2065 12
2066 12
2067 18
2068 12
2069 21
2070 18
2071 13
2072 18
2073 19
2074 23
2075 13
2076 14
2077 21
2078 20
2079 20
2080 18
2081 12
2082 12
2083 17
2084 11
2085 18
2086 12
2087 10
2088 15
2089 17
2090 25
2091 13
2092 13
2093 25
2094 14
2095 14
2096 7
2097 15
2098 16
2099 12
2100 23
2101 13
2102 17
2103 11
2104 15
2105 8
2106 14
2107 17
2108 16
2109 9
2110 23
2111 18
2112 9
2113 14
2114 13
2115 24
2116 17
2117 17
2118 16
2119 11
2120 20
2121 13
2122 14
2123 20
2124 9
2125 20
2126 17
2127 13
2128 20
2129 6
2130 11
2131 14
2132 10
2133 16
2134 11
2135 13
2136 13
2137 11
2138 14
2139 8
2140 9
2141 17
2142 14
2143 12
2144 23
2145 11
2146 14
2147 18
2148 10
2149 11
2150 13
2151 12
2152 14
2153 18
2154 15
2155 14
2156 15
2157 10
2158 13
2159 13
2160 18
2161 12
2162 18
2163 15
2164 12
2165 15
2166 23
2167 15
2168 16
2169 11
2170 7
2171 16
2172 12
2173 11
2174 14
2175 12
2176 17
2177 19
2178 13
2179 12
2180 20
2181 15
2182 12
2183 17
2184 16
2185 10
2186 18
2187 17
2188 16
2189 15
2190 17
2191 17
2192 15
2193 14
2194 9
2195 10
2196 10
2197 15
2198 6
2199 10
2200 10
2201 15
2202 12
2203 14
2204 15
2205 7
2206 18
2207 13
2208 14
2209 8
2210 8
2211 12
2212 4
2213 15
2214 11
2215 7
2216 15
2217 12
2218 7
2219 15
2220 14
2221 10
2222 9
2223 9
2224 10
2225 13
2226 10
2227 13
2228 7
2229 9
2230 17
2231 11
2232 16
2233 17
2234 11
2235 15
2236 14
2237 15
2238 7
2239 9
2240 6
2241 12
2242 16
2243 11
2244 9
2245 6
2246 9
2247 13
2248 6
2249 11
2250 12
2251 7
2252 11
2253 9
2254 15
2255 16
2256 12
2257 13
2258 14
2259 7
2260 7
2261 12
2262 15
2263 9
2264 17
2265 9
2266 14
2267 8
2268 9
2269 10
2270 16
2271 12
2272 12
2273 10
2274 19
2275 8
2276 17
2277 14
2278 13
2279 8
2280 15
2281 3
2282 10
2283 12
2284 12
2285 5
2286 14
2287 8
2288 15
2289 13
2290 9
2291 15
2292 7
2293 10
2294 10
2295 10
2296 14
2297 10
2298 10
2299 11
2300 9
2301 17
2302 11
2303 7
2304 6
2305 9
2306 13
2307 14
2308 13
2309 6
2310 5
2311 14
2312 15
2313 19
2314 11
2315 9
2316 13
2317 14
2318 7
2319 11
2320 15
2321 13
2322 9
2323 12
2324 11
2325 11
2326 12
2327 8
2328 15
2329 8
2330 12
2331 10
2332 9
2333 12
2334 9
2335 12
2336 9
2337 10
2338 13
2339 9
2340 9
2341 9
2342 7
2343 12
2344 10
2345 8
2346 8
2347 12
2348 7
2349 8
2350 8
2351 13
2352 11
2353 11
2354 8
2355 14
2356 7
2357 9
2358 8
2359 7
2360 14
2361 7
2362 7
2363 15
2364 9
2365 7
2366 11
2367 6
2368 14
2369 6
2370 11
2371 17
2372 9
2373 9
2374 11
2375 11
2376 11
2377 13
2378 12
2379 5
2380 9
2381 9
2382 7
2383 8
2384 11
2385 7
2386 7
2387 4
2388 8
2389 13
2390 9
2391 5
2392 8
2393 9
2394 12
2395 13
2396 11
2397 11
2398 8
2399 10
2400 10
2401 7
2402 7
2403 9
2404 10
2405 6
2406 7
2407 11
2408 4
2409 11
2410 14
2411 7
2412 10
2413 13
2414 3
2415 14
2416 5
2417 11
2418 13
2419 11
2420 9
2421 8
2422 5
2423 8
2424 12
2425 4
2426 10
2427 5
2428 5
2429 8
2430 13
2431 14
2432 9
2433 5
2434 9
2435 15
2436 7
2437 5
2438 8
2439 10
2440 6
2441 11
2442 9
2443 5
2444 10
2445 8
2446 7
2447 6
2448 10
2449 7
2450 6
2451 5
2452 6
2453 8
2454 11
2455 6
2456 8
2457 11
2458 4
2459 9
2460 3
2461 6
2462 5
2463 11
2464 6
2465 6
2466 8
2467 17
2468 9
2469 8
2470 15
2471 6
2472 7
2473 8
2474 7
2475 9
2476 14
2477 15
2478 5
2479 9
2480 7
2481 11
2482 11
2483 9
2484 8
2485 6
2486 10
2487 7
2488 3
2489 8
2490 3
2491 9
2492 12
2493 9
2494 9
2495 4
2496 8
2497 4
2498 10
2499 9
2500 6
2501 5
2502 8
2503 7
2504 7
2505 13
2506 4
2507 5
2508 7
2509 4
2510 3
2511 5
2512 9
2513 6
2514 9
2515 5
2516 7
2517 8
2518 6
2519 6
2520 7
2521 4
2522 7
2523 6
2524 5
2525 9
2526 13
2527 5
2528 7
2529 11
2530 9
2531 7
2532 11
2533 2
2534 3
2535 11
2536 4
2537 8
2538 11
2539 13
2540 5
2541 10
2542 9
2543 3
2544 12
2545 11
2546 6
2547 10
2548 15
2549 8
2550 7
2551 9
2552 4
2553 10
2554 9
2555 4
2556 5
2557 11
2558 9
2559 3
2560 5
2561 7
2562 6
2563 6
2564 6
2565 12
2566 7
2567 8
2568 5
2569 8
2570 8
2571 7
2572 11
2573 6
2574 8
2575 4
2576 3
2577 12
2578 10
2579 6
2580 10
2581 6
2582 6
2583 7
2584 7
2585 8
2586 8
2587 3
2588 7
2589 11
2590 10
2591 5
2592 9
2593 11
2594 6
2595 3
2596 7
2597 5
2598 10
2599 3
2600 9
2601 7
2602 3
2603 3
2604 7
2605 5
2606 4
2607 6
2608 8
2609 6
2610 6
2611 9
2612 10
2613 4
2614 4
2615 4
2616 4
2617 8
2618 7
2619 9
2620 7
2621 9
2622 2
2623 11
2624 8
2625 10
2626 4
2627 7
2629 7
2630 4
2631 6
2632 4
2633 3
2634 7
2635 15
2636 7
2637 5
2638 9
2639 2
2640 5
2641 6
2642 9
2643 8
2644 5
2645 7
2646 8
2647 2
2648 9
2649 5
2650 7
2651 6
2652 10
2653 6
2654 5
2655 6
2656 3
2657 3
2658 6
2659 7
2660 3
2661 5
2662 5
2663 3
2664 12
2665 6
2666 2
2667 7
2668 4
2669 5
2670 6
2671 5
2672 7
2673 10
2674 5
2675 8
2676 5
2677 4
2678 5
2679 5
2680 11
2681 6
2682 8
2683 8
2684 8
2685 2
2686 7
2687 7
2688 4
2689 3
2690 13
2691 9
2692 7
2693 4
2694 9
2695 5
2696 5
2697 9
2698 10
2699 3
2700 8
2701 3
2702 5
2703 7
2704 1
2705 6
2706 6
2707 4
2708 10
2709 5
2710 6
2711 4
2712 5
2713 6
2714 9
2715 5
2716 2
2717 5
2718 2
2719 5
2720 6
2721 4
2722 5
2723 9
2724 8
2725 6
2726 5
2727 4
2728 4
2729 10
2730 12
2731 8
2732 6
2733 4
2734 8
2735 5
2736 7
2737 5
2738 2
2739 9
2740 11
2741 4
2742 7
2743 5
2744 5
2745 4
2746 9
2747 2
2748 5
2749 5
2750 8
2751 7
2752 6
2753 4
2754 4
2755 3
2756 4
2757 1
2758 8
2759 5
2760 4
2761 7
2762 8
2763 8
2764 6
2765 4
2766 3
2767 8
2768 7
2769 2
2770 3
2771 3
2772 4
2773 6
2774 11
2775 6
2776 6
2777 7
2778 6
2779 5
2780 3
2781 5
2782 6
2783 3
2784 3
2785 7
2786 8
2787 4
2788 6
2789 5
2790 3
2791 3
2792 5
2794 4
2795 7
2796 3
2797 2
2798 4
2799 8
2800 6
2801 5
2802 4
2803 3
2804 8
2805 5
2806 8
2807 3
2808 4
2809 6
2810 6
2811 6
2812 3
2813 5
2814 3
2816 5
2817 6
2818 7
2819 6
2820 5
2821 7
2822 10
2823 6
2824 8
2825 3
2826 7
2827 4
2828 5
2829 3
2830 5
2831 5
2832 4
2833 7
2834 3
2835 4
2836 2
2837 4
2838 6
2839 4
2840 2
2841 4
2842 5
2843 3
2844 3
2845 4
2846 6
2847 4
2848 4
2849 3
2850 6
2851 4
2852 7
2853 3
2854 1
2855 7
2856 3
2857 2
2858 3
2859 4
2860 6
2861 5
2862 10
2863 3
2864 4
2865 4
2866 2
2867 2
2868 5
2869 4
2870 6
2871 8
2872 6
2873 8
2874 6
2875 1
2876 6
2877 2
2878 9
2879 5
2880 7
2881 3
2882 4
2883 7
2884 6
2885 6
2886 4
2887 7
2888 2
2889 3
2890 2
2891 7
2892 2
2893 7
2894 4
2895 3
2896 5
2897 2
2898 4
2899 5
2900 2
2901 4
2902 6
2903 9
2904 4
2905 4
2906 5
2907 7
2908 8
2909 4
2910 4
2911 7
2912 8
2913 2
2914 2
2915 1
2916 4
2917 2
2918 1
2919 2
2920 5
2921 3
2922 3
2923 2
2924 3
2925 2
2926 2
2927 5
2928 5
2929 5
2930 4
2931 5
2932 5
2933 7
2934 4
2935 1
2936 7
2937 5
2938 1
2939 3
2940 8
2941 6
2942 4
2943 3
2944 8
2945 3
2946 12
2947 1
2948 6
2949 8
2950 5
2951 7
2952 7
2953 6
2954 3
2955 3
2957 7
2958 6
2959 3
2960 4
2961 4
2962 6
2963 2
2964 2
2965 4
2966 4
2967 8
2968 4
2969 7
2970 3
2971 7
2972 6
2973 3
2974 4
2975 4
2976 5
2977 5
2978 2
2979 3
2980 6
2981 3
2982 6
2983 4
2984 3
2985 5
2986 3
2987 6
2988 5
2989 5
2990 3
2991 3
2992 6
2993 3
2994 4
2995 7
2996 3
2997 6
2998 2
2999 3
3000 3
3001 4
3002 5
3003 4
3004 6
3005 4
3006 7
3007 5
3008 6
3009 7
3010 3
3011 2
3012 9
3013 3
3014 6
3015 9
3016 6
3017 3
3018 1
3019 6
3020 4
3021 3
3022 3
3023 4
3024 4
3025 2
3026 5
3027 3
3028 8
3029 8
3030 4
3031 6
3032 1
3033 1
3034 6
3035 5
3036 3
3037 4
3038 6
3039 5
3040 4
3041 4
3042 1
3043 3
3044 2
3045 3
3046 4
3047 4
3048 4
3049 5
3050 2
3051 4
3052 6
3053 7
3054 4
3055 3
3056 3
3057 3
3058 2
3059 4
3060 7
3061 5
3062 5
3063 5
3064 8
3065 6
3066 3
3067 5
3068 4
3069 8
3070 4
3071 1
3072 3
3073 6
3074 1
3075 2
3076 3
3077 6
3078 2
3079 5
3081 3
3082 3
3083 5
3084 2
3085 5
3086 7
3087 2
3088 4
3089 9
3090 2
3091 4
3092 3
3093 4
3094 5
3095 5
3096 1
3097 5
3098 8
3099 2
3100 5
3101 2
3102 4
3103 3
3104 3
3105 2
3106 4
3107 1
3108 4
3109 4
3110 4
3111 3
3112 2
3113 4
3114 2
3115 2
3116 8
3117 4
3118 6
3119 2
3120 3
3121 3
3122 5
3123 5
3124 2
3125 4
3126 2
3127 4
3128 2
3129 8
3130 3
3131 5
3132 4
3133 2
3134 4
3135 5
3136 5
3137 4
3138 2
3139 5
3140 3
3141 5
3142 4
3143 6
3144 3
3145 6
3146 2
3147 6
3148 3
3149 6
3150 6
3151 8
3152 2
3153 2
3154 7
3155 3
3156 6
3157 6
3158 4
3159 2
3160 3
3161 3
3162 3
3163 3
3164 3
3165 4
3166 6
3168 8
3169 5
3170 6
3171 2
3172 4
3173 3
3174 7
3175 6
3176 5
3177 6
3178 4
3179 6
3180 3
3181 2
3182 5
3183 6
3184 2
3185 2
3186 2
3187 3
3188 1
3189 2
3190 8
3191 1
3192 4
3193 2
3194 6
3195 1
3196 4
3197 6
3198 4
3199 4
3200 5
3201 6
3202 5
3203 4
3204 4
3205 2
3206 5
3207 2
3208 2
3209 4
3210 5
3211 3
3212 8
3214 1
3215 2
3216 1
3217 5
3218 1
3219 7
3220 3
3221 3
3222 4
3223 1
3224 4
3225 5
3226 2
3227 7
3228 4
3229 1
3230 3
3232 1
3233 2
3234 2
3235 5
3236 1
3237 3
3238 3
3239 6
3240 1
3241 2
3242 4
3243 2
3244 6
3245 6
3246 3
3247 2
3248 3
3249 3
3250 1
3251 2
3252 1
3253 2
3254 6
3255 1
3256 5
3257 2
3258 5
3259 3
3260 3
3261 1
3262 2
3263 6
3264 4
3265 4
3266 3
3267 3
3268 3
3269 2
3270 6
3271 6
3272 2
3273 2
3274 3
3275 5
3276 3
3277 4
3278 4
3279 4
3280 1
3281 7
3282 2
3283 4
3284 1
3285 4
3286 4
3287 4
3288 3
3289 6
3290 4
3291 4
3292 2
3293 3
3294 2
3295 2
3296 4
3297 5
3298 5
3299 3
3300 4
3301 5
3302 5
3303 3
3304 5
3305 4
3306 2
3307 7
3308 2
3309 3
3310 2
3311 4
3312 2
3313 7
3314 4
3315 4
3316 1
3317 5
3318 1
3319 4
3320 5
3321 3
3322 3
3323 2
3324 5
3325 3
3326 4
3327 3
3328 7
3329 3
3330 2
3331 3
3332 3
3333 4
3334 3
3335 2
3336 4
3337 3
3338 1
3339 3
3340 5
3342 3
3343 5
3344 3
3345 1
3347 2
3348 3
3349 7
3350 4
3351 4
3352 6
3353 1
3354 1
3355 2
3356 5
3357 3
3358 1
3359 4
3360 4
3361 1
3362 5
3363 3
3364 4
3365 9
3366 6
3367 3
3368 3
3369 5
3370 6
3371 3
3372 1
3374 2
3375 4
3376 1
3377 2
3378 1
3379 6
3381 4
3382 4
3383 3
3384 5
3385 2
3386 4
3387 3
3388 5
3389 3
3390 3
3391 1
3392 2
3393 1
3394 5
3395 3
3396 2
3397 6
3398 1
3399 3
3400 3
3401 3
3403 2
3404 3
3405 3
3406 3
3407 4
3408 4
3409 3
3410 1
3411 5
3412 3
3413 2
3414 4
3415 2
3416 5
3417 3
3418 2
3419 2
3420 2
3422 3
3423 3
3424 3
3425 4
3426 2
3427 3
3428 3
3429 1
3430 1
3431 4
3432 6
3433 6
3434 4
3435 8
3436 6
3437 3
3438 3
3439 7
3440 4
3441 5
3442 6
3443 5
3444 1
3445 3
3446 3
3447 1
3448 5
3449 1
3450 3
3452 6
3453 1
3454 2
3455 2
3456 2
3457 2
3458 5
3459 3
3460 3
3461 2
3462 3
3463 2
3465 3
3466 1
3467 2
3468 4
3469 3
3470 2
3471 2
3472 3
3473 5
3474 2
3476 2
3477 2
3478 1
3479 4
3481 1
3482 3
3483 6
3484 1
3485 1
3486 3
3487 4
3488 4
3489 1
3490 2
3491 3
3492 5
3493 1
3494 3
3495 5
3496 2
3497 1
3498 2
3499 2
3500 5
3501 2
3502 6
3503 5
3504 4
3505 2
3507 1
3508 3
3509 2
3510 5
3511 3
3512 1
3513 4
3514 4
3515 4
3516 3
3517 5
3518 4
3519 3
3521 4
3522 5
3523 5
3524 3
3525 2
3526 4
3527 3
3528 4
3529 2
3530 2
3531 3
3532 2
3533 4
3535 3
3536 1
3537 2
3538 5
3539 2
3540 3
3542 6
3543 5
3544 3
3545 2
3546 3
3548 1
3549 2
3550 2
3553 2
3554 7
3555 6
3556 4
3557 4
3558 3
3559 6
3560 1
3561 1
3562 1
3564 2
3565 2
3566 2
3567 5
3568 3
3569 6
3570 3
3573 1
3575 3
3576 1
3577 3
3578 6
3579 1
3580 3
3581 1
3582 2
3583 3
3584 3
3585 3
3586 2
3587 2
3588 5
3589 1
3590 2
3591 2
3592 2
3593 2
3594 3
3595 1
3596 4
3597 2
3598 2
3599 2
3600 1
3602 5
3603 1
3604 2
3605 3
3606 2
3607 5
3608 2
3609 3
3610 1
3611 2
3612 3
3613 1
3615 3
3616 1
3617 1
3618 3
3619 3
3620 1
3621 2
3622 2
3623 4
3624 3
3625 2
3626 5
3627 6
3628 5
3630 3
3631 5
3632 8
3633 3
3634 3
3635 3
3636 4
3637 2
3638 1
3639 3
3640 1
3642 2
3643 5
3644 4
3645 2
3646 2
3647 2
3648 4
3649 2
3650 4
3651 5
3652 3
3653 1
3654 4
3655 3
3657 2
3658 3
3659 1
3660 2
3661 3
3662 6
3663 1
3664 7
3666 3
3667 4
3668 1
3669 2
3670 3
3671 3
3673 2
3674 1
3675 3
3676 3
3677 1
3678 3
3679 5
3680 4
3681 3
3682 2
3683 1
3684 3
3685 1
3686 3
3687 3
3688 2
3689 2
3690 5
3692 2
3693 3
3694 4
3695 2
3696 5
3697 4
3699 1
3700 1
3701 1
3702 4
3703 4
3704 3
3705 1
3706 1
3707 5
3708 4
3709 1
3710 4
3712 3
3713 2
3714 3
3715 2
3716 1
3717 2
3718 3
3720 1
3721 2
3722 1
3723 3
3725 1
3726 3
3727 4
3728 2
3729 1
3731 6
3732 4
3733 3
3735 2
3736 1
3737 3
3738 3
3739 2
3740 1
3741 5
3742 1
3743 3
3744 5
3745 1
3746 3
3747 2
3748 2
3749 4
3751 1
3752 1
3753 3
3754 5
3755 1
3756 3
3757 2
3758 2
3759 2
3760 1
3761 3
3763 2
3765 3
3766 4
3767 2
3768 1
3769 1
3770 3
3772 3
3774 3
3775 5
3776 1
3779 4
3780 3
3781 4
3782 1
3783 3
3784 1
3786 10
3787 5
3788 3
3789 2
3790 5
3792 1
3793 4
3794 3
3795 2
3796 3
3797 3
3799 2
3800 3
3802 2
3803 2
3804 3
3805 4
3806 4
3807 3
3808 1
3809 4
3810 3
3811 1
3812 2
3813 4
3814 1
3815 1
3816 1
3817 4
3818 3
3819 2
3822 2
3823 4
3824 2
3825 1
3826 1
3827 3
3828 1
3829 1
3830 1
3831 5
3833 3
3834 2
3836 3
3837 3
3838 1
3839 2
3840 5
3841 1
3842 2
3843 3
3844 4
3845 1
3846 4
3847 3
3848 2
3849 1
3850 1
3851 1
3852 2
3853 3
3854 2
3855 1
3857 3
3858 2
3859 4
3860 3
3861 2
3862 5
3863 1
3864 5
3865 2
3866 1
3867 4
3868 3
3869 1
3870 2
3871 1
3872 3
3873 3
3874 2
3875 4
3876 5
3878 4
3879 3
3882 5
3883 3
3884 1
3885 1
3886 1
3888 1
3889 4
3890 2
3891 3
3892 6
3893 1
3894 2
3895 2
3896 2
3897 4
3898 4
3899 3
3900 4
3901 1
3902 2
3903 1
3905 2
3906 1
3907 3
3908 2
3909 2
3910 3
3911 3
3912 1
3913 2
3914 2
3915 4
3916 1
3917 1
3918 2
3919 4
3920 1
3921 2
3922 1
3923 5
3924 5
3925 2
3926 1
3927 5
3928 2
3929 1
3930 3
3931 1
3932 4
3934 1
3935 1
3936 3
3937 4
3938 3
3939 4
3940 2
3941 1
3942 1
3944 8
3945 1
3946 5
3947 6
3948 1
3949 1
3950 1
3951 6
3952 3
3953 4
3954 2
3955 2
3956 4
3958 2
3959 1
3960 1
3962 1
3963 3
3964 1
3965 4
3966 1
3967 1
3968 1
3970 6
3971 3
3972 4
3973 2
3974 2
3975 3
3976 2
3978 2
3980 5
3981 2
3982 2
3983 1
3984 1
3985 2
3986 1
3987 3
3988 1
3989 4
3990 3
3991 3
3992 6
3993 1
3994 2
3995 3
3996 1
3997 4
3998 2
3999 4
4000 2
4002 2
4003 2
4004 2
4005 3
4006 4
4007 1
4008 1
4009 1
4010 1
4011 2
4012 2
4013 1
4014 4
4015 2
4016 2
4017 4
4018 4
4019 2
4020 2
4021 1
4022 1
4023 1
4024 1
4025 2
4027 1
4028 3
4029 1
4030 2
4031 2
4032 2
4033 1
4034 1
4035 2
4036 2
4037 2
4038 1
4040 4
4041 2
4042 1
4043 2
4044 2
4046 1
4047 1
4049 1
4050 3
4052 1
4053 4
4054 3
4055 4
4056 2
4057 1
4058 1
4059 5
4060 1
4062 2
4063 2
4064 1
4065 1
4066 1
4067 2
4068 1
4069 3
4070 1
4071 5
4072 1
4073 1
4074 3
4075 2
4076 4
4077 1
4078 1
4079 1
4080 3
4082 2
4084 1
4085 4
4086 1
4088 1
4089 5
4090 3
4091 2
4092 4
4093 2
4094 1
4095 2
4096 3
4099 2
4100 2
4101 3
4102 1
4103 1
4104 2
4106 2
4107 1
4108 2
4109 3
4110 3
4111 4
4112 2
4113 2
4114 2
4116 2
4118 1
4119 3
4120 1
4121 3
4123 1
4125 1
4126 2
4128 2
4129 2
4130 1
4131 1
4132 2
4133 2
4134 4
4136 3
4137 1
4138 1
4139 5
4141 1
4142 4
4143 2
4144 6
4145 1
4146 1
4147 1
4148 1
4149 2
4150 2
4151 1
4152 1
4153 1
4154 1
4155 1
4157 1
4158 1
4159 5
4160 1
4162 5
4164 2
4165 4
4166 4
4167 1
4168 1
4170 1
4172 3
4173 5
4174 1
4175 2
4176 3
4177 1
4178 2
4179 1
4180 2
4181 1
4182 4
4184 1
4185 1
4186 7
4187 3
4188 1
4189 5
4190 2
4191 5
4192 4
4193 2
4194 4
4195 2
4196 1
4197 2
4198 2
4199 2
4200 3
4202 2
4203 2
4205 2
4207 1
4208 1
4209 1
4210 1
4211 1
4212 2
4213 1
4214 4
4215 4
4216 3
4218 2
4219 5
4221 1
4222 4
4223 6
4224 4
4225 5
4226 3
4227 2
4228 4
4229 1
4230 2
4231 1
4232 1
4233 1
4234 4
4235 1
4236 2
4237 1
4238 3
4239 1
4240 3
4241 2
4242 2
4243 1
4244 2
4247 3
4248 1
4249 1
4250 2
4251 1
4252 3
4253 2
4254 4
4255 3
4256 1
4258 1
4259 3
4260 2
4261 2
4262 2
4263 1
4265 2
4266 3
4267 3
4268 2
4269 2
4271 1
4273 2
4274 4
4275 1
4277 6
4278 3
4279 4
4280 1
4281 2
4282 2
4283 1
4284 3
4285 2
4286 3
4287 1
4288 2
4289 5
4290 1
4291 3
4292 1
4293 2
4294 1
4295 2
4297 3
4298 2
4299 3
4301 2
4302 2
4303 2
4304 3
4305 2
4306 2
4307 1
4309 2
4310 1
4311 1
4312 2
4314 2
4315 4
4316 2
4317 2
4318 1
4319 1
4320 4
4321 3
4322 3
4324 1
4326 2
4328 1
4330 3
4331 1
4332 3
4333 3
4336 3
4337 2
4338 3
4339 2
4340 2
4341 1
4343 1
4344 1
4345 3
4346 3
4347 2
4348 4
4349 3
4350 1
4352 2
4353 4
4354 1
4355 2
4356 3
4357 2
4358 4
4359 1
4360 1
4361 1
4362 2
4363 3
4364 2
4366 4
4367 3
4368 4
4369 3
4370 2
4371 1
4372 4
4375 1
4376 4
4377 3
4378 3
4379 2
4380 1
4381 2
4382 2
4384 4
4385 4
4386 2
4387 1
4388 2
4389 1
4390 5
4391 1
4392 1
4393 4
4394 3
4395 2
4396 2
4397 2
4398 1
4399 5
4400 1
4403 2
4404 2
4405 1
4406 2
4407 1
4408 3
4409 2
4412 4
4413 3
4414 2
4417 1
4418 1
4419 5
4420 1
4421 1
4422 2
4424 1
4425 2
4426 3
4428 1
4429 3
4430 3
4431 4
4432 6
4433 1
4434 2
4435 3
4436 2
4437 2
4438 1
4439 3
4440 4
4441 2
4442 2
4443 1
4444 2
4445 2
4447 2
4448 2
4449 1
4450 2
4451 1
4452 5
4453 3
4454 1
4455 1
4456 3
4459 3
4460 3
4462 2
4463 1
4464 4
4465 1
4466 2
4469 4
4471 3
4472 3
4473 3
4475 1
4476 1
4477 2
4478 2
4479 3
4480 3
4481 1
4482 2
4484 2
4485 4
4486 2
4487 1
4488 4
4489 2
4490 3
4492 5
4493 2
4494 1
4496 3
4497 3
4498 2
4500 1
4502 3
4503 3
4505 1
4507 3
4509 2
4510 1
4511 1
4512 2
4514 2
4515 1
4516 2
4517 2
4518 1
4519 1
4520 2
4521 1
4522 1
4523 3
4524 1
4526 2
4527 3
4528 1
4529 6
4530 2
4531 2
4532 3
4533 4
4535 4
4536 1
4537 2
4538 2
4539 3
4540 2
4541 2
4543 1
4544 3
4546 4
4547 4
4549 4
4550 1
4551 2
4552 3
4553 3
4556 2
4557 4
4558 3
4559 1
4560 1
4562 3
4563 2
4564 1
4565 3
4566 1
4567 2
4568 2
4569 3
4570 1
4571 2
4572 1
4573 2
4574 4
4575 3
4576 2
4577 3
4578 3
4579 1
4580 1
4581 1
4582 1
4583 3
4584 1
4585 4
4586 1
4587 6
4588 2
4589 2
4592 1
4593 2
4594 5
4596 3
4598 2
4599 2
4600 2
4601 3
4602 3
4603 3
4604 3
4606 2
4610 1
4613 3
4615 2
4616 2
4617 2
4618 3
4619 4
4620 4
4621 5
4622 3
4623 2
4625 1
4626 1
4627 1
4628 1
4629 1
4631 2
4632 4
4633 4
4634 2
4635 2
4636 6
4637 2
4638 1
4639 4
4640 3
4641 4
4643 3
4644 1
4645 2
4646 2
4647 2
4648 1
4651 1
4652 1
4654 3
4656 5
4657 2
4658 1
4660 3
4662 3
4663 1
4664 1
4665 1
4666 2
4667 2
4668 1
4669 4
4671 2
4672 5
4673 1
4677 1
4678 2
4680 2
4681 1
4684 3
4685 2
4686 6
4687 3
4688 2
4689 5
4690 2
4691 1
4692 4
4693 1
4694 2
4695 2
4696 1
4697 1
4698 2
4699 3
4700 2
4701 2
4702 2
4703 1
4704 3
4705 3
4706 1
4707 4
4708 3
4710 1
4711 2
4712 1
4713 2
4715 2
4716 3
4718 4
4719 2
4720 1
4721 2
4722 1
4723 1
4725 2
4726 2
4727 1
4728 1
4729 1
4730 1
4731 4
4732 3
4734 2
4735 2
4736 1
4737 1
4738 4
4739 3
4740 3
4741 2
4742 1
4743 2
4745 2
4746 2
4747 2
4748 3
4749 1
4751 1
4752 1
4753 1
4754 4
4755 1
4756 5
4757 1
4758 1
4759 1
4760 5
4761 2
4762 2
4763 3
4764 3
4765 1
4766 4
4767 1
4768 3
4769 4
4770 1
4771 4
4772 1
4774 3
4775 3
4777 2
4778 1
4779 2
4780 1
4781 2
4782 4
4784 2
4785 2
4786 2
4787 2
4788 1
4789 3
4790 2
4791 1
4792 2
4794 3
4796 2
4797 2
4798 1
4799 6
4800 4
4801 3
4802 1
4803 3
4804 4
4805 2
4806 2
4808 1
4809 1
4810 1
4811 1
4812 4
4813 3
4815 1
4816 3
4817 3
4818 2
4819 3
4820 1
4821 1
4822 3
4823 1
4824 2
4825 3
4827 2
4828 2
4829 2
4830 1
4831 2
4832 3
4833 1
4834 2
4835 1
4836 2
4837 3
4838 1
4839 4
4840 1
4841 5
4842 3
4843 3
4844 1
4845 2
4846 2
4847 2
4848 1
4850 2
4851 5
4852 3
4854 2
4855 1
4859 2
4860 3
4861 3
4862 2
4863 2
4864 2
4865 2
4866 2
4867 2
4868 2
4869 2
4870 3
4871 1
4873 2
4875 3
4876 1
4877 2
4878 4
4879 4
4880 1
4881 2
4882 2
4884 2
4885 2
4886 2
4887 2
4888 1
4889 3
4890 3
4891 2
4893 1
4894 3
4895 2
4896 4
4897 2
4898 1
4899 1
4900 4
4904 2
4906 1
4907 3
4908 3
4910 2
4912 2
4914 1
4915 3
4916 1
4917 3
4919 3
4921 5
4922 2
4923 1
4924 3
4926 4
4927 9
4929 1
4930 1
4931 2
4932 2
4933 2
4934 1
4935 3
4937 1
4940 4
4941 2
4942 3
4943 4
4944 2
4945 2
4946 1
4947 5
4949 2
4951 1
4953 3
4954 1
4955 2
4956 1
4957 3
4959 2
4960 4
4961 1
4962 1
4963 1
4964 4
4965 1
4966 3
4967 1
4969 4
4970 2
4972 4
4974 2
4975 4
4976 1
4977 2
4978 1
4979 2
4980 2
4981 3
4982 1
4983 2
4984 3
4985 1
4986 1
4987 4
4988 2
4989 2
4990 2
4991 2
4992 2
4993 2
4994 1
4995 5
4997 4
4998 1
4999 1
5000 2
5001 1
5002 1
5003 2
5004 2
5007 1
5008 2
5009 1
5010 1
5011 2
5012 3
5013 1
5014 2
5015 5
5016 2
5017 2
5018 2
5019 1
5020 3
5021 5
5022 2
5023 2
5025 2
5026 2
5027 5
5028 4
5032 3
5033 2
5034 1
5036 4
5037 2
5038 1
5039 3
5040 4
5041 1
5042 1
5043 3
5044 2
5045 2
5046 4
5047 1
5048 1
5050 2
5051 2
5052 4
5053 3
5055 3
5056 1
5057 1
5058 1
5059 2
5060 3
5063 3
5064 1
5065 1
5066 1
5067 1
5068 4
5069 2
5070 1
5071 3
5072 2
5074 2
5075 3
5076 5
5077 2
5078 1
5079 2
5081 2
5082 2
5083 4
5086 2
5087 2
5088 5
5089 3
5090 2
5091 5
5093 4
5094 5
5095 3
5096 3
5098 2
5099 3
5100 1
5101 5
5102 1
5103 3
5104 2
5105 1
5106 5
5108 1
5109 2
5110 5
5111 3
5112 1
5113 2
5114 3
5117 1
5119 3
5120 1
5121 4
5122 2
5124 1
5125 1
5126 1
5127 3
5129 1
5130 1
5132 1
5133 2
5134 3
5135 3
5136 5
5137 1
5138 4
5139 3
5141 2
5142 1
5143 2
5144 1
5145 2
5146 1
5147 1
5149 1
5150 2
5151 1
5152 3
5153 3
5154 4
5155 1
5156 2
5157 4
5158 3
5159 1
5160 2
5161 2
5162 3
5164 1
5165 2
5166 2
5167 2
5168 4
5170 3
5171 2
5172 3
5174 2
5175 1
5176 4
5179 1
5180 2
5181 3
5183 1
5184 1
5185 3
5186 1
5187 3
5188 1
5189 2
5190 2
5191 1
5192 2
5193 3
5194 2
5195 2
5197 3
5198 1
5199 2
5200 2
5201 2
5202 2
5203 4
5204 3
5206 2
5207 4
5208 4
5211 3
5212 1
5213 3
5214 3
5215 2
5216 3
5217 5
5218 3
5219 2
5220 3
5221 1
5222 4
5224 2
5225 1
5226 2
5227 3
5229 2
5230 1
5231 3
5233 2
5234 4
5237 2
5238 3
5239 3
5240 1
5241 4
5242 4
5243 1
5244 2
5245 1
5247 1
5248 2
5249 5
5250 1
5251 5
5252 3
5254 1
5255 1
5256 1
5257 2
5258 1
5259 1
5260 2
5261 2
5263 2
5264 2
5265 1
5266 1
5267 1
5268 3
5269 1
5270 1
5271 2
5273 3
5274 2
5275 1
5276 2
5277 2
5278 1
5279 3
5280 1
5281 1
5283 1
5284 2
5286 2
5287 5
5289 1
5290 3
5291 2
5293 1
5294 1
5295 4
5297 1
5298 4
5299 1
5300 1
5301 1
5302 2
5304 5
5305 4
5306 1
5307 2
5308 2
5309 3
5310 2
5311 1
5312 2
5313 2
5314 3
5316 4
5317 3
5318 1
5319 4
5320 1
5321 2
5322 3
5323 1
5324 2
5325 4
5326 1
5327 5
5328 2
5329 1
5330 3
5331 4
5332 2
5334 1
5335 2
5336 2
5337 2
5338 1
5339 2
5340 4
5341 1
5342 5
5344 2
5345 2
5346 1
5347 1
5348 6
5349 2
5350 1
5351 2
5352 4
5354 2
5355 2
5356 3
5357 4
5358 2
5359 2
5360 4
5361 1
5362 2
5363 1
5364 1
5365 1
5366 1
5367 2
5370 2
5371 1
5373 3
5374 2
5376 1
5377 1
5378 2
5379 2
5380 1
5381 2
5382 2
5383 4
5384 4
5385 4
5387 4
5388 2
5389 1
5391 2
5392 4
5393 1
5394 3
5395 4
5396 1
5397 2
5399 3
5400 6
5401 1
5402 1
5403 2
5404 2
5405 4
5406 6
5407 2
5408 2
5409 3
5410 2
5411 3
5413 6
5414 1
5415 2
5416 3
5417 2
5418 2
5419 4
5421 2
5422 2
5423 1
5424 1
5425 3
5426 3
5427 3
5428 1
5429 1
5430 4
5431 3
5432 6
5433 2
5435 2
5436 1
5437 5
5438 1
5439 2
5442 1
5443 3
5444 2
5445 1
5446 2
5447 2
5448 2
5450 1
5451 2
5452 2
5453 2
5454 1
5456 1
5457 1
5458 2
5459 1
5460 6
5462 2
5463 3
5464 2
5465 1
5466 3
5467 1
5468 3
5469 3
5471 3
5472 3
5473 2
5474 3
5475 1
5476 2
5478 3
5480 1
5481 2
5483 2
5484 1
5485 2
5487 3
5488 1
5489 1
5490 1
5491 4
5492 1
5494 1
5495 1
5496 3
5497 2
5498 1
5499 1
5501 2
5502 5
5504 2
5506 2
5507 1
5508 1
5510 3
5511 4
5512 2
5513 8
5514 3
5515 4
5516 2
5517 2
5518 1
5519 2
5520 2
5521 4
5523 1
5524 5
5525 1
5527 1
5528 5
5529 7
5530 2
5532 3
5533 1
5534 4
5535 1
5536 3
5537 1
5538 2
5539 2
5540 1
5541 8
5542 2
5543 3
5544 3
5546 3
5547 2
5549 1
5550 3
5551 3
5552 2
5553 4
5554 1
5555 4
5556 3
5558 1
5559 3
5560 3
5561 1
5562 1
5564 2
5565 1
5567 1
5568 2
5569 2
5570 1
5571 2
5572 4
5573 4
5574 1
5575 3
5576 2
5577 2
5578 1
5579 4
5580 1
5581 3
5585 1
5586 3
5587 3
5588 3
5589 3
5590 2
5591 2
5592 3
5594 2
5595 4
5596 4
5598 1
5599 1
5600 3
5601 1
5603 5
5604 1
5605 3
5606 1
5607 2
5608 2
5610 4
5612 2
5613 1
5614 4
5615 1
5616 4
5618 2
5619 2
5620 1
5621 5
5622 1
5623 2
5624 3
5625 1
5626 4
5627 1
5628 3
5629 3
5630 4
5631 3
5632 1
5633 1
5634 1
5635 3
5636 2
5637 1
5638 4
5639 2
5640 2
5642 2
5643 3
5644 2
5645 2
5647 2
5648 1
5649 3
5650 1
5651 3
5652 5
5653 3
5654 1
5656 3
5657 1
5658 1
5659 2
5660 2
5661 1
5662 1
5663 4
5664 2
5665 1
5666 1
5667 3
5668 1
5669 1
5670 2
5671 2
5672 2
5674 5
5675 1
5676 3
5677 6
5678 2
5679 4
5680 3
5681 2
5682 2
5683 1
5684 1
5686 3
5687 3
5688 3
5689 2
5690 3
5691 2
5692 2
5693 3
5694 6
5696 2
5697 1
5698 5
5699 6
5700 4
5701 2
5702 2
5703 3
5704 3
5705 1
5706 2
5707 3
5708 2
5709 2
5710 4
5711 2
5712 1
5713 2
5714 1
5715 2
5716 1
5717 3
5718 5
5719 1
5720 2
5721 2
5722 3
5723 4
5724 2
5725 2
5726 2
5727 4
5728 2
5729 3
5731 3
5732 2
5733 2
5734 1
5735 2
5736 1
5737 2
5738 3
5739 2
5741 3
5742 1
5743 1
5744 3
5745 3
5746 2
5747 1
5748 4
5749 2
5750 6
5752 1
5753 3
5754 2
5755 2
5758 2
5759 1
5760 1
5761 1
5762 2
5763 3
5764 4
5765 2
5766 2
5767 1
5768 1
5769 7
5770 2
5771 1
5772 2
5773 2
5774 2
5775 8
5776 2
5777 7
5778 3
5779 4
5780 3
5781 1
5783 2
5785 4
5786 5
5787 3
5788 2
5789 2
5790 3
5792 2
5794 3
5795 3
5796 2
5798 1
5799 2
5800 1
5801 1
5802 3
5804 3
5805 2
5806 3
5807 1
5809 2
5810 6
5811 4
5813 1
5814 3
5815 2
5816 1
5817 3
5818 2
5819 2
5820 3
5821 1
5822 4
5825 1
5826 1
5827 2
5828 2
5829 6
5830 2
5831 4
5832 1
5833 4
5834 2
5835 2
5837 2
5838 2
5840 4
5841 2
5842 3
5844 4
5846 6
5847 1
5849 1
5850 4
5852 2
5854 2
5855 2
5856 1
5857 2
5859 3
5860 1
5861 5
5862 3
5864 1
5865 3
5866 3
5867 3
5868 2
5870 5
5871 3
5872 2
5873 2
5874 5
5875 4
5877 1
5878 3
5879 3
5880 3
5881 1
5882 3
5884 4
5886 1
5888 2
5889 2
5890 1
5891 1
5892 1
5893 3
5894 7
5895 1
5896 2
5897 5
5898 3
5899 1
5900 2
5901 1
5902 2
5903 2
5905 5
5906 4
5907 3
5908 3
5910 2
5911 2
5912 4
5913 4
5914 2
5915 1
5916 1
5917 2
5918 2
5919 2
5920 4
5921 1
5922 3
5924 3
5925 1
5926 3
5927 1
5928 1
5929 1
5931 3
5932 3
5933 1
5934 1
5937 5
5938 2
5939 2
5940 3
5941 2
5942 2
5943 3
5944 3
5945 3
5946 2
5947 2
5948 2
5949 2
5950 3
5952 1
5953 2
5954 2
5955 2
5956 4
5957 1
5958 3
5959 2
5960 2
5962 2
5963 1
5965 5
5966 3
5967 1
5968 1
5969 1
5970 2
5972 2
5973 4
5974 4
5975 1
5977 2
5978 2
5979 2
5980 1
5981 3
5983 4
5984 2
5985 1
5986 3
5987 3
5988 3
5989 3
5990 1
5991 2
5992 1
5994 3
5995 1
5996 3
5997 7
5998 2
5999 1
6000 3
6001 1
6002 2
6003 2
6005 2
6006 4
6007 2
6008 1
6009 3
6010 3
6011 1
6012 4
6013 1
6014 6
6015 3
6016 3
6018 1
6019 4
6020 3
6021 2
6022 1
6023 1
6024 1
6025 2
6026 3
6027 2
6028 3
6029 1
6030 1
6031 2
6032 3
6033 3
6034 4
6035 4
6036 1
6037 1
6038 1
6039 2
6041 3
6042 3
6043 1
6044 3
6045 1
6046 1
6047 4
6048 2
6049 3
6050 2
6051 3
6052 3
6053 3
6054 1
6055 6
6056 2
6057 3
6058 1
6059 4
6060 1
6061 2
6062 7
6063 4
6064 1
6065 3
6066 3
6067 2
6068 2
6069 1
6070 4
6071 2
6072 4
6073 1
6074 2
6075 4
6076 2
6077 3
6079 4
6080 1
6081 2
6082 2
6083 2
6084 2
6085 2
6087 2
6088 2
6090 2
6091 5
6092 3
6094 2
6095 3
6096 3
6097 6
6098 2
6099 2
6100 3
6102 2
6103 4
6104 2
6105 2
6106 2
6107 4
6108 3
6110 2
6111 1
6112 2
6113 2
6114 3
6115 2
6116 2
6117 4
6120 1
6121 4
6122 1
6123 4
6124 3
6125 2
6126 1
6127 3
6129 1
6131 1
6132 1
6134 3
6136 3
6137 4
6138 2
6139 2
6140 1
6141 1
6142 2
6143 3
6145 3
6146 2
6147 3
6149 3
6152 3
6154 1
6155 3
6156 3
6159 4
6160 2
6161 1
6164 1
6165 2
6167 1
6168 1
6169 4
6170 2
6171 1
6172 3
6173 2
6174 1
6175 3
6176 1
6178 1
6180 4
6181 2
6183 2
6184 2
6185 3
6186 5
6187 3
6188 1
6189 1
6190 3
6191 3
6192 3
6193 1
6194 5
6195 3
6196 2
6197 4
6199 3
6200 6
6201 1
6202 1
6204 4
6205 2
6206 1
6207 2
6208 2
6209 1
6210 2
6213 1
6214 1
6215 1
6216 3
6218 1
6219 4
6220 2
6221 2
6222 4
6223 2
6224 1
6225 3
6226 1
6228 1
6229 1
6230 3
6231 1
6232 2
6234 2
6235 1
6237 1
6238 2
6239 1
6240 2
6241 3
6242 3
6244 5
6245 2
6246 2
6248 2
6250 1
6251 2
6253 1
6255 1
6256 6
6258 2
6259 4
6261 2
6263 3
6264 2
6265 2
6266 1
6269 5
6270 5
6271 2
6272 4
6273 1
6274 2
6275 1
6276 2
6277 4
6278 1
6279 2
6280 3
6281 3
6282 4
6283 1
6285 2
6286 4
6287 1
6289 2
6290 4
6291 2
6292 1
6293 1
6294 1
6295 1
6296 1
6298 4
6300 3
6301 2
6302 2
6303 2
6304 3
6306 2
6307 1
6308 2
6309 1
6310 2
6311 2
6312 3
6313 1
6314 1
6315 2
6316 5
6317 3
6318 2
6319 2
6320 1
6322 1
6324 1
6325 1
6326 5
6327 3
6329 1
6330 1
6331 1
6335 3
6337 2
6339 6
6340 1
6342 1
6343 5
6344 3
6345 2
6346 1
6347 3
6348 2
6349 1
6350 2
6351 2
6352 2
6353 1
6354 1
6358 1
6359 2
6360 4
6362 1
6363 3
6364 3
6365 2
6366 2
6367 2
6368 2
6369 1
6370 3
6371 4
6374 3
6375 1
6376 1
6377 6
6378 2
6381 3
6382 1
6383 1
6384 4
6385 2
6386 1
6387 2
6389 2
6390 2
6391 1
6392 2
6393 4
6394 1
6397 3
6398 1
6399 1
6401 3
6402 4
6403 3
6405 2
6407 2
6408 2
6409 2
6411 2
6412 3
6413 2
6414 2
6415 1
6418 1
6419 2
6420 1
6421 2
6422 2
6423 2
6424 1
6425 3
6426 1
6427 4
6428 4
6429 1
6430 1
6431 2
6432 3
6433 2
6434 3
6435 3
6436 2
6437 5
6438 1
6439 3
6440 4
6441 2
6442 1
6443 1
6444 3
6445 1
6447 1
6448 1
6449 1
6450 4
6451 2
6452 2
6453 3
6454 2
6457 1
6458 1
6459 3
6460 4
6461 2
6462 2
6463 2
6464 3
6465 6
6466 1
6467 1
6468 1
6469 4
6471 3
6472 4
6473 1
6476 5
6477 2
6479 3
6480 2
6481 1
6482 5
6483 2
6484 2
6485 5
6486 1
6487 6
6488 2
6490 1
6492 1
6494 4
6496 2
6497 1
6499 1
6500 4
6501 2
6503 1
6505 2
6506 3
6507 1
6508 2
6510 2
6511 3
6513 3
6514 2
6515 3
6516 2
6517 1
6518 1
6519 4
6520 1
6522 3
6523 4
6524 1
6525 2
6526 1
6527 4
6528 2
6529 3
6531 1
6532 1
6533 2
6534 2
6535 1
6536 2
6537 4
6538 3
6541 2
6542 3
6545 1
6546 4
6547 1
6548 1
6549 1
6551 1
6552 1
6553 1
6554 2
6555 1
6556 2
6557 6
6558 1
6559 3
6561 1
6562 2
6563 3
6564 2
6565 2
6566 4
6567 1
6568 1
6569 3
6570 2
6571 1
6572 3
6573 3
6574 1
6577 3
6578 2
6579 4
6580 2
6581 4
6582 1
6583 1
6584 1
6586 2
6587 3
6588 2
6589 3
6590 2
6591 2
6592 3
6594 3
6595 2
6596 4
6597 2
6598 3
6599 1
6600 1
6601 1
6602 2
6603 1
6604 1
6605 1
6606 3
6607 3
6608 3
6609 3
6610 2
6611 2
6612 2
6613 4
6614 2
6615 2
6616 1
6618 2
6619 3
6622 4
6623 1
6624 2
6625 2
6626 2
6627 1
6628 2
6629 3
6630 1
6631 2
6632 2
6633 1
6634 2
6635 1
6636 1
6637 1
6638 2
6639 2
6640 2
6641 2
6642 1
6643 2
6644 2
6645 1
6646 3
6647 2
6649 2
6650 3
6652 2
6653 2
6654 1
6655 2
6656 1
6657 2
6658 4
6659 2
6660 1
6661 1
6662 2
6664 1
6666 4
6667 1
6669 1
6670 1
6671 1
6672 2
6674 3
6675 2
6676 4
6677 3
6678 2
6679 4
6680 1
6681 4
6683 2
6684 3
6685 1
6686 3
6688 3
6689 1
6691 2
6692 1
6695 1
6696 1
6697 4
6699 2
6700 1
6701 3
6702 1
6703 1
6704 4
6705 3
6706 2
6708 2
6709 2
6711 1
6713 2
6714 4
6715 1
6716 2
6718 2
6721 1
6722 2
6723 3
6724 4
6725 5
6726 1
6727 3
6728 2
6730 5
6731 4
6732 1
6733 2
6735 1
6736 4
6737 3
6738 1
6739 2
6741 2
6742 1
6743 1
6744 1
6746 1
6747 3
6748 1
6749 2
6751 1
6752 1
6753 3
6755 2
6756 1
6757 3
6758 2
6759 2
6760 1
6762 1
6763 4
6765 3
6766 1
6767 1
6768 3
6770 2
6771 4
6772 1
6774 1
6775 1
6776 1
6777 2
6778 2
6779 1
6780 2
6781 2
6782 4
6783 1
6784 1
6786 1
6787 1
6788 1
6789 2
6790 2
6791 4
6792 2
6796 1
6797 3
6798 1
6799 2
6800 2
6802 1
6803 1
6804 2
6805 3
6806 2
6807 3
6809 2
6810 1
6811 1
6812 1
6813 2
6814 3
6815 2
6817 1
6818 2
6820 1
6821 2
6822 2
6823 1
6824 1
6825 1
6826 4
6827 5
6829 2
6830 2
6831 2
6832 3
6833 3
6834 1
6835 2
6836 1
6837 1
6838 2
6839 3
6840 3
6841 3
6842 3
6843 2
6844 1
6846 2
6847 1
6848 2
6849 1
6850 2
6851 1
6852 1
6853 1
6854 2
6856 2
6858 2
6860 1
6861 2
6864 2
6866 4
6867 2
6868 2
6869 3
6870 1
6871 1
6872 2
6873 3
6874 2
6875 2
6876 3
6877 1
6878 1
6879 2
6880 1
6881 2
6882 3
6883 1
6885 3
6886 1
6888 1
6889 3
6891 1
6892 3
6893 2
6894 1
6897 2
6898 1
6899 2
6900 2
6904 2
6905 1
6906 1
6909 2
6912 1
6913 1
6914 1
6915 3
6916 3
6917 1
6918 2
6919 1
6921 4
6923 2
6926 3
6927 2
6929 1
6930 1
6934 1
6935 1
6936 2
6937 1
6939 4
6940 2
6941 1
6942 4
6943 2
6944 2
6945 2
6946 1
6949 2
6950 2
6951 3
6953 1
6955 3
6956 2
6957 2
6959 3
6960 2
6961 3
6962 4
6963 1
6965 1
6967 2
6968 1
6969 1
6970 2
6971 2
6973 2
6974 1
6975 3
6978 2
6979 1
6981 2
6983 1
6985 1
6986 1
6987 1
6988 1
6989 1
6990 3
6991 4
6992 1
6995 2
6996 1
6998 1
6999 1
7001 3
7002 1
7003 2
7004 1
7005 1
7006 1
7009 2
7010 5
7011 1
7012 3
7014 1
7015 1
7017 3
7018 1
7019 3
7021 2
7023 1
7024 4
7025 1
7026 3
7028 3
7030 1
7031 1
7034 2
7035 1
7037 1
7040 2
7041 3
7042 3
7044 6
7046 1
7047 1
7048 1
7050 1
7051 3
7052 5
7053 1
7054 1
7055 2
7056 2
7057 2
7058 1
7059 1
7061 1
7063 4
7064 1
7065 2
7066 1
7067 5
7068 1
7069 4
7070 1
7072 1
7073 3
7074 1
7075 1
7076 2
7077 1
7078 4
7079 1
7080 1
7082 1
7084 2
7086 3
7087 2
7089 1
7090 1
7092 2
7093 1
7094 1
7095 2
7096 1
7097 1
7098 1
7099 2
7100 2
7101 1
7103 1
7105 3
7107 3
7109 1
7111 1
7113 2
7114 2
7116 2
7117 1
7118 1
7119 1
7120 2
7121 1
7124 1
7125 2
7126 1
7128 1
7130 2
7131 1
7132 1
7133 1
7134 4
7135 1
7136 1
7137 1
7138 3
7140 1
7141 2
7142 1
7143 2
7144 2
7146 2
7147 1
7148 2
7149 3
7150 1
7151 2
7152 1
7153 1
7154 1
7155 2
7157 1
7158 2
7159 1
7161 3
7162 2
7163 1
7165 1
7167 2
7168 1
7169 2
7171 1
7172 1
7174 1
7176 1
7178 1
7179 2
7180 3
7181 4
7182 4
7184 1
7185 2
7186 1
7187 2
7188 1
7189 1
7190 2
7191 1
7193 1
7195 2
7196 1
7197 2
7198 3
7199 1
7201 1
7202 2
7204 4
7205 3
7206 1
7207 1
7208 1
7213 1
7214 2
7215 2
7217 2
7218 3
7219 3
7220 2
7221 1
7222 1
7223 1
7224 2
7226 1
7227 1
7231 1
7232 1
7234 3
7236 2
7238 1
7239 2
7240 1
7241 1
7242 1
7243 2
7244 2
7245 3
7247 1
7248 3
7249 2
7253 1
7254 2
7255 2
7258 1
7261 1
7262 1
7263 2
7264 4
7265 1
7268 1
7270 2
7273 2
7274 2
7275 1
7276 2
7277 2
7278 1
7279 1
7280 1
7282 2
7283 2
7284 2
7286 2
7288 2
7289 1
7290 5
7291 1
7293 3
7294 2
7296 2
7297 2
7298 2
7299 1
7300 2
7303 1
7304 2
7305 1
7306 1
7307 2
7308 2
7309 2
7310 3
7311 1
7312 1
7314 2
7315 1
7316 1
7317 1
7318 2
7319 2
7320 1
7322 1
7323 1
7325 2
7326 2
7327 2
7328 1
7333 1
7334 1
7335 3
7337 2
7340 1
7342 2
7344 3
7345 2
7346 1
7348 2
7351 2
7352 1
7354 5
7355 1
7356 2
7357 1
7358 2
7359 1
7362 1
7363 1
7364 1
7365 1
7366 1
7367 2
7368 2
7369 1
7374 1
7375 3
7376 2
7378 4
7379 1
7380 2
7381 1
7383 1
7384 1
7385 2
7386 1
7387 2
7389 1
7390 1
7392 1
7393 1
7394 1
7395 1
7398 3
7400 2
7401 1
7402 1
7403 2
7404 1
7405 1
7406 3
7407 2
7408 1
7410 2
7411 1
7412 1
7414 1
7416 1
7417 2
7421 2
7424 1
7425 1
7428 2
7429 2
7433 2
7434 1
7437 1
7441 3
7442 1
7443 1
7447 2
7449 3
7450 1
7452 1
7453 2
7454 1
7456 6
7460 1
7462 1
7463 1
7465 2
7466 1
7468 1
7469 2
7470 1
7473 2
7475 1
7476 1
7478 1
7479 2
7480 1
7482 1
7484 1
7485 1
7486 1
7489 1
7490 2
7492 2
7493 2
7495 2
7497 2
7498 2
7499 3
7500 1
7501 1
7503 1
7505 2
7506 1
7507 2
7508 2
7511 1
7512 2
7513 3
7514 3
7516 2
7517 2
7518 1
7519 1
7520 2
7522 1
7523 1
7527 1
7529 1
7531 1
7532 1
7535 2
7537 2
7539 3
7540 2
7541 1
7543 1
7545 2
7546 1
7547 1
7548 1
7550 1
7551 2
7552 2
7556 3
7559 2
7560 1
7561 2
7563 3
7564 3
7566 1
7567 1
7569 2
7572 1
7573 2
7575 2
7576 2
7578 1
7579 2
7581 4
7582 3
7585 1
7587 3
7588 1
7589 1
7594 1
7597 1
7598 1
7599 1
7600 3
7601 1
7603 1
7604 2
7605 1
7608 2
7610 2
7611 1
7612 1
7616 2
7617 2
7618 2
7620 1
7623 2
7624 1
7625 2
7626 1
7627 1
7628 1
7630 2
7631 2
7632 1
7633 1
7634 3
7635 1
7636 2
7637 1
7639 2
7640 2
7641 1
7642 2
7643 1
7646 1
7647 1
7648 1
7649 2
7650 1
7651 1
7652 1
7654 3
7655 1
7657 1
7660 1
7661 3
7662 3
7663 1
7664 2
7665 1
7666 1
7668 2
7669 1
7671 1
7676 3
7678 4
7679 2
7680 2
7681 1
7682 1
7683 1
7686 2
7688 1
7689 1
7695 2
7696 1
7698 1
7699 1
7700 1
7701 1
7703 1
7704 3
7707 4
7708 3
7709 3
7710 1
7711 2
7716 1
7717 1
7719 1
7721 1
7722 2
7725 2
7727 1
7728 1
7729 2
7730 3
7731 2
7732 2
7737 2
7739 1
7742 1
7743 1
7744 1
7747 2
7748 1
7752 3
7753 3
7755 2
7756 1
7757 2
7758 1
7759 2
7761 2
7762 3
7763 1
7764 2
7766 1
7767 1
7769 2
7770 2
7772 2
7773 1
7774 2
7780 2
7782 1
7784 1
7785 1
7786 2
7788 3
7789 1
7790 1
7791 2
7792 1
7794 1
7795 1
7796 2
7798 1
7799 1
7800 1
7802 1
7803 1
7805 1
7806 1
7807 2
7809 4
7810 4
7812 5
7813 1
7815 2
7818 2
7819 2
7820 1
7821 1
7822 1
7823 1
7824 1
7826 1
7827 1
7830 2
7832 1
7833 1
7835 2
7836 1
7837 1
7838 1
7839 1
7840 1
7841 1
7843 2
7844 1
7845 2
7847 1
7848 1
7849 3
7851 1
7855 1
7856 1
7857 1
7858 1
7860 1
7862 1
7864 1
7871 1
7872 2
7873 1
7874 1
7875 1
7878 1
7879 2
7880 2
7881 1
7886 1
7887 2
7888 3
7889 1
7890 1
7894 2
7897 2
7898 1
7899 2
7900 2
7901 1
7902 1
7907 1
7910 2
7911 2
7913 1
7914 1
7915 1
7917 1
7918 1
7921 3
7925 3
7926 1
7927 5
7931 1
7932 1
7934 1
7936 1
7937 1
7938 1
7941 1
7943 1
7944 2
7945 2
7946 1
7947 2
7948 3
7949 2
7951 2
7953 1
7958 1
7960 2
7961 3
7964 1
7966 1
7967 1
7969 1
7970 1
7971 1
7972 1
7974 1
7975 1
7976 1
7977 1
7978 1
7979 1
7980 1
7981 3
7982 2
7983 1
7984 1
7985 1
7986 1
7988 2
7991 1
7992 1
7993 1
7996 1
7997 1
7998 1
8000 1
8001 2
8003 1
8010 3
8011 1
8012 2
8014 1
8017 2
8018 3
8019 1
8020 1
8021 1
8022 3
8023 1
8024 1
8025 1
8026 1
8028 1
8029 3
8030 3
8034 6
8037 1
8038 2
8039 1
8040 1
8042 1
8043 1
8044 1
8045 1
8047 1
8048 2
8049 1
8052 1
8054 2
8055 1
8056 1
8059 2
8060 3
8062 1
8063 2
8066 1
8067 1
8068 1
8069 2
8074 2
8075 2
8077 2
8078 1
8079 1
8082 1
8085 1
8086 1
8088 3
8090 2
8091 1
8092 2
8099 4
8100 2
8101 1
8102 1
8105 1
8107 2
8111 1
8114 1
8117 2
8119 1
8120 1
8122 1
8128 1
8130 1
8131 1
8133 1
8135 1
8136 3
8142 1
8145 1
8147 4
8151 1
8153 2
8154 1
8156 2
8157 1
8158 2
8161 1
8162 1
8164 1
8173 1
8175 1
8176 3
8177 1
8179 1
8180 2
8181 4
8189 1
8190 2
8191 1
8193 2
8194 1
8195 2
8196 1
8198 2
8201 1
8202 1
8208 1
8209 1
8212 1
8214 1
8219 2
8220 1
8223 1
8224 1
8225 1
8226 1
8227 1
8228 3
8229 1
8230 1
8231 1
8235 1
8238 2
8239 1
8241 1
8243 1
8245 3
8246 1
8251 1
8254 3
8255 1
8256 1
8258 2
8259 1
8260 1
8261 1
8262 1
8263 1
8267 1
8268 2
8269 2
8270 1
8273 2
8275 1
8276 1
8278 1
8282 1
8283 1
8284 1
8286 1
8287 1
8289 2
8291 1
8292 1
8293 1
8297 1
8300 1
8302 1
8303 1
8304 1
8308 2
8309 1
8311 1
8312 1
8317 3
8320 1
8321 1
8327 1
8330 1
8333 1
8334 1
8335 2
8336 1
8337 2
8338 1
8340 1
8341 2
8343 2
8344 1
8350 2
8351 4
8352 1
8353 2
8356 1
8358 2
8359 3
8362 2
8363 1
8367 1
8368 1
8371 2
8373 2
8374 2
8375 1
8376 2
8378 1
8379 2
8382 1
8383 1
8387 1
8390 1
8392 1
8396 1
8398 1
8400 1
8401 1
8403 1
8405 1
8408 1
8409 1
8410 1
8411 1
8412 1
8413 1
8416 1
8417 1
8420 1
8423 1
8425 2
8426 2
8427 1
8434 4
8436 1
8438 1
8440 1
8441 2
8442 1
8443 1
8451 1
8452 1
8453 1
8456 3
8457 3
8459 1
8460 1
8461 1
8462 1
8468 1
8469 1
8471 1
8473 2
8477 2
8482 4
8483 1
8484 1
8491 1
8492 1
8493 2
8494 1
8495 1
8501 1
8502 2
8503 1
8504 1
8506 1
8507 1
8508 1
8511 1
8512 1
8515 1
8518 1
8520 1
8521 2
8522 1
8524 2
8525 2
8527 1
8528 1
8529 1
8530 1
8531 1
8532 1
8534 1
8535 2
8543 1
8544 1
8547 1
8548 1
8549 1
8552 1
8554 1
8555 2
8556 1
8559 2
8562 3
8563 1
8569 1
8571 2
8572 1
8573 1
8574 2
8575 2
8576 1
8578 2
8580 2
8584 2
8585 1
8586 2
8588 1
8590 1
8592 1
8594 1
8595 1
8596 2
8601 1
8603 1
8607 1
8608 1
8613 1
8615 1
8617 2
8618 1
8619 1
8620 1
8621 2
8622 1
8624 1
8625 1
8630 2
8631 1
8636 1
8643 1
8648 2
8649 1
8651 1
8652 1
8653 1
8655 1
8656 1
8658 2
8662 1
8663 2
8664 2
8667 1
8669 1
8670 1
8671 1
8676 2
8678 1
8679 1
8681 1
8682 1
8683 2
8684 2
8686 1
8689 1
8698 1
8700 2
8703 1
8704 2
8705 1
8707 1
8709 1
8711 2
8712 1
8713 1
8714 1
8715 2
8718 1
8719 1
8720 1
8722 1
8723 1
8724 1
8730 1
8732 1
8735 1
8745 1
8748 1
8749 2
8750 2
8753 2
8764 2
8765 1
8767 1
8768 1
8769 1
8771 2
8772 1
8773 1
8777 2
8782 2
8783 1
8787 1
8788 1
8789 1
8790 1
8791 1
8794 2
8795 1
8796 1
8800 1
8802 1
8803 1
8804 1
8806 1
8809 1
8812 2
8816 1
8819 1
8822 1
8824 1
8825 2
8831 1
8832 1
8833 1
8834 1
8835 1
8836 1
8837 1
8838 1
8844 1
8845 1
8846 2
8852 1
8856 1
8858 2
8859 1
8861 1
8863 1
8877 1
8880 2
8881 1
8882 1
8885 1
8887 1
8889 1
8890 1
8891 1
8893 2
8896 1
8898 1
8902 2
8903 1
8904 1
8905 2
8908 3
8909 1
8911 2
8912 2
8913 1
8916 1
8918 1
8923 3
8925 2
8929 1
8931 3
8936 1
8938 1
8939 4
8950 2
8951 1
8952 1
8956 1
8958 2
8961 1
8964 1
8965 1
8970 2
8974 1
8976 1
8977 1
8981 3
8986 1
8988 2
8992 1
8995 1
8996 1
9001 1
9004 3
9005 2
9007 1
9009 1
9012 3
9014 1
9015 1
9017 1
9018 1
9023 1
9032 1
9033 1
9034 3
9035 2
9037 1
9038 1
9042 2
9045 1
9047 1
9048 1
9049 1
9050 1
9051 1
9053 1
9056 2
9059 1
9061 1
9065 1
9066 1
9067 1
9070 1
9072 1
9075 2
9077 1
9078 1
9081 2
9090 1
9091 1
9092 1
9096 1
9100 1
9103 1
9104 1
9105 1
9110 1
9112 1
9113 1
9119 1
9123 1
9126 1
9128 1
9131 1
9132 1
9137 2
9138 1
9140 1
9145 1
9148 1
9152 1
9153 1
9164 3
9165 1
9166 2
9167 1
9168 2
9171 1
9172 2
9174 1
9175 1
9177 1
9181 1
9183 1
9186 2
9193 2
9196 1
9197 1
9202 1
9208 1
9209 1
9210 1
9212 2
9214 1
9219 1
9221 1
9225 1
9226 1
9228 1
9231 1
9232 2
9240 2
9244 1
9253 1
9254 1
9256 1
9258 1
9259 1
9260 1
9263 2
9266 2
9267 1
9269 1
9270 1
9271 1
9275 1
9277 1
9279 2
9280 1
9285 2
9289 1
9290 1
9291 1
9296 1
9297 1
9301 1
9302 1
9317 1
9322 1
9325 1
9326 1
9328 1
9329 2
9331 1
9338 2
9347 3
9351 1
9354 2
9361 1
9363 1
9364 1
9366 1
9367 1
9368 1
9369 1
9370 1
9381 1
9384 1
9395 1
9399 1
9402 1
9411 1
9413 1
9418 1
9422 1
9424 1
9426 1
9432 2
9433 1
9435 1
9438 1
9439 1
9441 1
9442 1
9444 1
9445 2
9447 1
9455 2
9462 1
9463 1
9464 1
9465 1
9467 1
9468 2
9471 1
9472 1
9473 2
9475 1
9478 1
9481 1
9482 1
9485 1
9487 1
9488 1
9489 1
9491 1
9498 2
9499 1
9507 1
9508 1
9513 1
9514 2
9518 1
9523 1
9524 1
9526 1
9528 1
9529 2
9533 1
9538 1
9542 1
9550 1
9552 1
9555 1
9567 1
9570 1
9573 1
9575 1
9576 3
9577 1
9579 2
9582 1
9586 1
9590 1
9591 1
9592 1
9594 1
9596 1
9598 1
9599 1
9615 1
9616 1
9620 1
9621 1
9622 1
9625 1
9626 1
9629 1
9632 1
9633 2
9634 2
9641 1
9644 1
9645 1
9648 1
9651 3
9652 1
9653 1
9656 1
9666 1
9671 1
9673 1
9675 1
9676 1
9682 1
9698 1
9699 1
9700 1
9703 1
9708 1
9709 2
9710 1
9717 1
9720 1
9722 1
9724 1
9726 1
9732 1
9738 1
9740 1
9741 1
9742 1
9744 1
9746 1
9752 2
9760 1
9770 1
9774 1
9775 1
9777 1
9779 1
9787 1
9792 1
9796 2
9797 1
9798 1
9800 1
9801 1
9807 1
9811 1
9813 1
9814 1
9816 1
9819 1
9822 1
9824 1
9825 1
9829 1
9831 2
9834 1
9840 1
9848 1
9851 1
9854 1
9870 1
9871 1
9877 2
9878 1
9883 1
9885 1
9897 1
9899 1
9903 1
9906 1
9907 1
9908 1
9909 1
9910 2
9911 2
9927 1
9934 1
9936 2
9945 1
9958 1
9966 2
9967 1
9974 1
9976 1
9977 1
9982 1
9985 1
10002 1
10003 1
10010 1
10014 3
10016 1
10020 1
10022 1
10027 2
10030 1
10033 1
10034 1
10036 1
10042 2
10043 1
10044 1
10051 1
10053 1
10054 1
10057 1
10064 2
10068 2
10070 1
10075 1
10081 1
10086 1
10097 1
10099 1
10106 1
10107 1
10111 1
10113 1
10140 1
10144 1
10152 1
10156 1
10165 1
10168 1
10178 1
10180 1
10185 1
10186 1
10187 1
10191 1
10195 1
10196 1
10198 1
10199 1
10204 1
10205 1
10206 1
10211 1
10214 1
10215 1
10221 1
10222 1
10223 1
10224 1
10231 2
10233 1
10241 1
10250 1
10251 1
10252 1
10253 2
10254 2
10260 1
10264 1
10267 2
10281 1
10288 1
10290 1
10298 1
10303 1
10306 1
10308 1
10316 1
10329 1
10336 1
10350 1
10362 1
10375 2
10376 1
10384 1
10386 1
10393 1
10400 1
10401 1
10408 1
10414 1
10417 1
10423 1
10430 1
10432 1
10433 1
10437 1
10444 1
10446 3
10458 1
10465 1
10472 2
10483 1
10489 1
10510 1
10517 1
10519 1
10521 1
10526 1
10530 1
10532 1
10533 1
10537 1
10542 1
10549 1
10550 1
10556 1
10561 1
10565 1
10568 1
10569 1
10571 1
10578 1
10589 1
10594 1
10598 1
10600 1
10604 1
10605 1
10608 1
10618 1
10628 1
10632 1
10636 1
10638 1
10641 1
10659 1
10672 1
10674 1
10684 1
10688 1
10691 1
10697 1
10701 1
10703 1
10706 1
10709 2
10711 1
10715 2
10716 1
10725 1
10727 1
10728 1
10735 1
10737 1
10748 1
10755 1
10765 1
10771 1
10781 1
10782 2
10791 1
10792 1
10798 1
10814 2
10821 1
10827 1
10831 1
10832 1
10833 1
10837 1
10841 1
10845 1
10847 1
10849 1
10852 2
10855 2
10857 1
10858 1
10860 1
10862 1
10873 1
10881 1
10883 1
10885 1
10893 1
10898 1
10900 1
10904 1
10908 1
10915 1
10923 1
10924 1
10934 1
10942 1
10943 1
10947 1
10949 2
10952 1
10961 1
10969 1
10970 1
10971 1
10978 1
10987 1
10990 1
10995 1
11022 1
11028 1
11033 1
11045 1
11047 1
11050 1
11054 1
11063 1
11065 1
11066 1
11073 1
11079 1
11105 1
11120 1
11125 1
11126 1
11128 1
11152 1
11154 1
11155 1
11165 1
11168 1
11171 1
11191 1
11196 1
11207 1
11209 1
11211 1
11216 1
11227 1
11243 1
11254 1
11257 1
11259 1
11260 1
11300 1
11304 1
11313 1
11320 1
11324 1
11334 1
11339 2
11354 1
11355 1
11358 1
11377 1
11380 1
11403 1
11405 1
11406 1
11411 1
11417 1
11442 1
11450 1
11451 1
11453 2
11458 1
11464 1
11472 1
11475 1
11499 2
11507 1
11509 1
11514 1
11522 1
11550 1
11564 1
11567 1
11570 1
11571 1
11579 1
11580 2
11594 1
11598 1
11607 1
11611 1
11624 1
11629 1
11634 1
11637 1
11640 1
11642 2
11649 1
11653 1
11661 1
11664 1
11667 1
11673 1
11680 1
11686 2
11688 1
11701 1
11703 1
11707 2
11714 1
11732 1
11735 1
11739 1
11746 1
11750 1
11761 1
11766 1
11781 1
11785 1
11786 1
11792 1
11799 1
11803 1
11814 1
11816 1
11837 1
11847 1
11850 1
11852 1
11854 1
11862 1
11886 1
11895 2
11897 1
11918 1
11923 1
11925 1
11929 1
11932 1
11936 1
11939 2
11947 1
11949 1
11951 1
11982 2
11991 1
12000 1
12006 1
12011 1
12026 1
12047 1
12049 1
12075 1
12077 1
12082 1
12091 1
12100 1
12108 1
12109 1
12116 1
12123 1
12124 1
12127 1
12135 1
12139 1
12152 1
12159 1
12192 1
12204 1
12227 1
12233 1
12237 1
12253 1
12287 1
12311 1
12322 1
12339 2
12340 1
12343 1
12347 1
12366 1
12368 1
12379 1
12388 1
12397 1
12402 1
12407 1
12411 1
12416 1
12432 1
12450 1
12458 1
12471 1
12473 1
12476 1
12489 1
12497 1
12511 1
12528 1
12531 1
12538 1
12539 1
12541 1
12545 1
12548 1
12567 1
12573 1
12582 1
12584 1
12593 1
12625 1
12632 1
12633 1
12644 1
12664 1
12677 1
12703 1
12707 1
12711 1
12723 1
12726 1
12747 1
12762 1
12765 1
12773 1
12853 1
12854 1
12891 1
12898 1
12925 1
12939 1
12945 1
12952 1
12967 1
12977 1
13002 1
13010 1
13026 1
13030 1
13038 1
13057 1
13076 1
13079 1
13085 2
13111 1
13126 1
13131 1
13141 1
13145 1
13167 1
13204 1
13228 1
13236 1
13261 1
13285 1
13292 1
13318 1
13322 1
13334 1
13342 1
13379 1
13385 1
13387 1
13391 1
13395 1
13399 1
13404 1
13475 1
13484 1
13494 1
13496 1
13498 1
13504 1
13515 1
13527 1
13531 1
13533 2
13539 1
13541 1
13588 1
13608 1
13614 1
13616 1
13653 1
13682 1
13698 1
13710 1
13715 1
13741 1
13752 2
13781 1
13798 1
13808 1
13826 1
13833 1
13857 1
13862 1
13867 1
13885 1
13896 1
13897 1
13907 1
14027 1
14031 1
14036 1
14100 1
14119 1
14128 1
14164 1
14179 1
14196 1
14222 1
14226 1
14230 1
14248 1
14258 1
14288 1
14292 1
14356 1
14380 1
14390 1
14398 1
14416 1
14438 1
14452 1
14468 1
14488 1
14492 1
14564 1
14570 1
14578 1
14601 1
14627 1
14629 1
14668 1
14697 1
14698 1
14791 1
14801 1
14803 1
14859 1
14908 1
14916 1
14937 1
14952 1
14956 1
14979 1
14983 1
14988 1
15007 1
15030 1
15032 1
15065 1
15140 1
15156 1
15178 1
15194 1
15221 1
15245 1
15251 1
15270 1
15335 1
15379 1
15384 1
15396 1
15422 1
15449 1
15461 1
15496 1
15512 1
15582 1
15713 1
15832 1
15858 1
15872 1
15936 1
16010 1
16011 1
16028 1
16059 1
16066 1
16091 1
16155 1
16172 1
16303 1
16330 1
16343 1
16418 1
16443 1
16564 1
16596 1
16600 1
16609 1
16654 1
16708 1
16760 1
16851 1
16917 1
17002 1
17042 1
17188 1
17212 1
17233 1
17248 1
17288 1
17374 1
17678 1
17697 1
17699 1
17976 1
17988 1
18030 1
18349 1
18417 1
18509 1
18530 1
18593 1
18668 1
18872 1
19075 1
19161 1
19185 1
19426 1
19700 1
19798 1
19811 1
21319 1
21433 1
22051 1
22183 1
22442 1
