-759 1
-758 2
-757 2
-756 6
-755 4
-754 8
-753 12
-752 18
-751 21
-750 34
-749 41
-748 35
-747 33
-746 47
-745 58
-744 52
-743 52
-742 62
-741 70
-740 58
-739 72
-738 54
-737 64
-736 57
-735 59
-734 52
-733 61
-732 49
-731 61
-730 51
-729 69
-728 50
-727 56
-726 60
-725 54
-724 72
-723 59
-722 59
-721 60
-720 45
-719 58
-718 56
-717 52
-716 61
-715 53
-714 48
-713 56
-712 65
-711 65
-710 53
-709 55
-708 53
-707 71
-706 58
-705 65
-704 65
-703 63
-702 74
-701 84
-700 89
-699 105
-698 95
-697 103
-696 101
-695 134
-694 133
-693 143
-692 118
-691 92
-690 106
-689 121
-688 134
-687 147
-686 136
-685 151
-684 142
-683 144
-682 170
-681 163
-680 150
-679 170
-678 212
-677 182
-676 196
-675 202
-674 166
-673 224
-672 209
-671 214
-670 239
-669 214
-668 239
-667 224
-666 221
-665 241
-664 249
-663 267
-662 229
-661 241
-660 270
-659 293
-658 280
-657 314
-656 282
-655 308
-654 354
-653 334
-652 338
-651 372
-650 348
-649 370
-648 393
-647 378
-646 352
-645 378
-644 362
-643 360
-642 383
-641 378
-640 351
-639 393
-638 398
-637 410
-636 434
-635 532
-634 505
-633 556
-632 530
-631 486
-630 501
-629 521
-628 540
-627 529
-626 521
-625 529
-624 554
-623 527
-622 567
-621 573
-620 540
-619 589
-618 579
-617 580
-616 570
-615 611
-614 621
-613 596
-612 607
-611 584
-610 573
-609 640
-608 645
-607 561
-606 660
-605 596
-604 555
-603 602
-602 641
-601 676
-600 577
-599 680
-598 634
-597 602
-596 649
-595 634
-594 617
-593 644
-592 627
-591 650
-590 624
-589 665
-588 654
-587 638
-586 652
-585 624
-584 699
-583 658
-582 684
-581 704
-580 685
-579 694
-578 701
-577 707
-576 746
-575 759
-574 764
-573 766
-572 849
-571 805
-570 803
-569 778
-568 776
-567 828
-566 852
-565 804
-564 815
-563 792
-562 871
-561 878
-560 909
-559 850
-558 949
-557 914
-556 1008
-555 977
-554 1078
-553 976
-552 1061
-551 1002
-550 1045
-549 1094
-548 1110
-547 1085
-546 1144
-545 1138
-544 1108
-543 1143
-542 1118
-541 1203
-540 1136
-539 1142
-538 1141
-537 1156
-536 1170
-535 1218
-534 1158
-533 1121
-532 1185
-531 1164
-530 1146
-529 1193
-528 1149
-527 1190
-526 1181
-525 1212
-524 1216
-523 1281
-522 1215
-521 1208
-520 1228
-519 1222
-518 1237
-517 1187
-516 1252
-515 1199
-514 1258
-513 1217
-512 1254
-511 1325
-510 1278
-509 1284
-508 1311
-507 1373
-506 1401
-505 1463
-504 1467
-503 1460
-502 1530
-501 1568
-500 1552
-499 1549
-498 1542
-497 1609
-496 1617
-495 1702
-494 1672
-493 1686
-492 1712
-491 1716
-490 1793
-489 1821
-488 1859
-487 1809
-486 1787
-485 1862
-484 1855
-483 1821
-482 1944
-481 1856
-480 1897
-479 1927
-478 1903
-477 1934
-476 1885
-475 1935
-474 1888
-473 1931
-472 2057
-471 2073
-470 2044
-469 2070
-468 2007
-467 1987
-466 2077
-465 1989
-464 2032
-463 2055
-462 2067
-461 2133
-460 2093
-459 2047
-458 2161
-457 2069
-456 2141
-455 2076
-454 2068
-453 2153
-452 2110
-451 2175
-450 2251
-449 2284
-448 2262
-447 2261
-446 2278
-445 2177
-444 2316
-443 2295
-442 2367
-441 2302
-440 2360
-439 2324
-438 2409
-437 2456
-436 2418
-435 2411
-434 2455
-433 2390
-432 2545
-431 2386
-430 2481
-429 2503
-428 2448
-427 2446
-426 2530
-425 2599
-424 2602
-423 2509
-422 2677
-421 2624
-420 2822
-419 2843
-418 2823
-417 2900
-416 2980
-415 2883
-414 2975
-413 2911
-412 2875
-411 3033
-410 2979
-409 3111
-408 3103
-407 3030
-406 3110
-405 3044
-404 2977
-403 3000
-402 3080
-401 3150
-400 3091
-399 3175
-398 3280
-397 3133
-396 3145
-395 3246
-394 3276
-393 3259
-392 3255
-391 3211
-390 3239
-389 3257
-388 3250
-387 3256
-386 3380
-385 3397
-384 3328
-383 3435
-382 3406
-381 3376
-380 3435
-379 3375
-378 3427
-377 3367
-376 3503
-375 3486
-374 3381
-373 3433
-372 3462
-371 3392
-370 3520
-369 3435
-368 3508
-367 3493
-366 3635
-365 3558
-364 3667
-363 3497
-362 3518
-361 3524
-360 3529
-359 3567
-358 3527
-357 3692
-356 3553
-355 3627
-354 3602
-353 3564
-352 3691
-351 3661
-350 3832
-349 3832
-348 3818
-347 3737
-346 3846
-345 3855
-344 3868
-343 3816
-342 3874
-341 4049
-340 3929
-339 4000
-338 4018
-337 4024
-336 4017
-335 4027
-334 4056
-333 4005
-332 4119
-331 4159
-330 4181
-329 4164
-328 4120
-327 4167
-326 4181
-325 4227
-324 4360
-323 4273
-322 4294
-321 4292
-320 4301
-319 4417
-318 4221
-317 4301
-316 4315
-315 4203
-314 4311
-313 4358
-312 4176
-311 4337
-310 4490
-309 4367
-308 4453
-307 4326
-306 4386
-305 4426
-304 4526
-303 4530
-302 4527
-301 4592
-300 4513
-299 4609
-298 4718
-297 4684
-296 4566
-295 4542
-294 4565
-293 4627
-292 4540
-291 4642
-290 4612
-289 4668
-288 4641
-287 4626
-286 4586
-285 4474
-284 4634
-283 4533
-282 4547
-281 4588
-280 4640
-279 4654
-278 4571
-277 4621
-276 4647
-275 4756
-274 4705
-273 4723
-272 4803
-271 4719
-270 4746
-269 4756
-268 4777
-267 4793
-266 4923
-265 4766
-264 4856
-263 4747
-262 4805
-261 4837
-260 4849
-259 4877
-258 4949
-257 4940
-256 4963
-255 4987
-254 4928
-253 4864
-252 4942
-251 4836
-250 4930
-249 4915
-248 4959
-247 5009
-246 5034
-245 4998
-244 5047
-243 4920
-242 5076
-241 4986
-240 5123
-239 5066
-238 5010
-237 5150
-236 5196
-235 5018
-234 5197
-233 5153
-232 5160
-231 5203
-230 5191
-229 5186
-228 5205
-227 5261
-226 5133
-225 5334
-224 5370
-223 5147
-222 5413
-221 5506
-220 5503
-219 5568
-218 5389
-217 5337
-216 5475
-215 5477
-214 5445
-213 5353
-212 5529
-211 5458
-210 5291
-209 5410
-208 5442
-207 5324
-206 5362
-205 5360
-204 5405
-203 5249
-202 5340
-201 5358
-200 5319
-199 5419
-198 5393
-197 5416
-196 5486
-195 5525
-194 5428
-193 5390
-192 5340
-191 5374
-190 5520
-189 5342
-188 5324
-187 5322
-186 5297
-185 5345
-184 5370
-183 5344
-182 5474
-181 5328
-180 5379
-179 5254
-178 5330
-177 5313
-176 5281
-175 5287
-174 5300
-173 5289
-172 5252
-171 5428
-170 5398
-169 5246
-168 5353
-167 5502
-166 5420
-165 5414
-164 5450
-163 5558
-162 5408
-161 5572
-160 5516
-159 5591
-158 5363
-157 5511
-156 5751
-155 5716
-154 5565
-153 5877
-152 5805
-151 5736
-150 5826
-149 5759
-148 5884
-147 5848
-146 5794
-145 5952
-144 5807
-143 5891
-142 6050
-141 5912
-140 6096
-139 6035
-138 6238
-137 6098
-136 6240
-135 6268
-134 6271
-133 6202
-132 6378
-131 6366
-130 6549
-129 6488
-128 6101
-127 6378
-126 6453
-125 6489
-124 6489
-123 6469
-122 6536
-121 6425
-120 6383
-119 6330
-118 6420
-117 6315
-116 6434
-115 6426
-114 6290
-113 6322
-112 6510
-111 6341
-110 6287
-109 6255
-108 6107
-107 6397
-106 6290
-105 6168
-104 6216
-103 6265
-102 6224
-101 6028
-100 6246
-99 6271
-98 6111
-97 6221
-96 6066
-95 6012
-94 6256
-93 6095
-92 6164
-91 6254
-90 6211
-89 6203
-88 6173
-87 6252
-86 6084
-85 6210
-84 6173
-83 5985
-82 6066
-81 6119
-80 6066
-79 6169
-78 6020
-77 6219
-76 6052
-75 6239
-74 6195
-73 6226
-72 6093
-71 6201
-70 6276
-69 6445
-68 6414
-67 6377
-66 6455
-65 6306
-64 6440
-63 6244
-62 6173
-61 6203
-60 6087
-59 6058
-58 5969
-57 5890
-56 5922
-55 6055
-54 5941
-53 5982
-52 5987
-51 6081
-50 5747
-49 5882
-48 5852
-47 5867
-46 5805
-45 5913
-44 5783
-43 5842
-42 5766
-41 5694
-40 5732
-39 5695
-38 5673
-37 5772
-36 5702
-35 5734
-34 5638
-33 5663
-32 5645
-31 5570
-30 5631
-29 5508
-28 5595
-27 5638
-26 5528
-25 5607
-24 5360
-23 5592
-22 5542
-21 5499
-20 5587
-19 5538
-18 5578
-17 5557
-16 5401
-15 5521
-14 5543
-13 5490
-12 5458
-11 5550
-10 5577
-9 5434
-8 5500
-7 5521
-6 5329
-5 5314
-4 5405
-3 5376
-2 5438
-1 5320
0 5461
1 5346
2 5280
3 5322
4 5281
5 5469
6 5425
7 5216
8 5433
9 5224
10 5398
11 5244
12 5427
13 5164
14 5164
15 5301
16 5357
17 5331
18 5333
19 5284
20 5394
21 5367
22 5217
23 5430
24 5441
25 5461
26 5497
27 5320
28 5444
29 5316
30 5287
31 5372
32 5307
33 5310
34 5285
35 5239
36 5178
37 5163
38 5168
39 5162
40 5077
41 5176
42 5152
43 5075
44 5141
45 5213
46 5199
47 5070
48 5098
49 5079
50 5027
51 5065
52 5079
53 5096
54 4938
55 5133
56 5009
57 5112
58 5017
59 5097
60 5104
61 5116
62 5034
63 5016
64 5071
65 4977
66 5072
67 5027
68 4966
69 5061
70 5071
71 5285
72 5177
73 4999
74 5035
75 5015
76 5023
77 5090
78 5135
79 5027
80 5242
81 5205
82 5223
83 5193
84 5079
85 4967
86 4949
87 4996
88 4810
89 4961
90 4705
91 4763
92 4841
93 4840
94 4794
95 4869
96 4764
97 4953
98 4894
99 4966
100 4777
101 4864
102 4847
103 4881
104 4897
105 4664
106 4903
107 4728
108 4888
109 4669
110 4731
111 4718
112 4665
113 4778
114 4682
115 4656
116 4739
117 4696
118 4563
119 4737
120 4720
121 4759
122 4905
123 4714
124 4788
125 4817
126 4810
127 4579
128 4574
129 4582
130 4484
131 4595
132 4574
133 4489
134 4490
135 4572
136 4510
137 4378
138 4451
139 4429
140 4271
141 4430
142 4351
143 4311
144 4392
145 4356
146 4255
147 4408
148 4255
149 4372
150 4270
151 4322
152 4392
153 4369
154 4487
155 4319
156 4488
157 4234
158 4245
159 4238
160 4208
161 4165
162 4093
163 4192
164 4057
165 4112
166 4041
167 4104
168 4030
169 3985
170 3949
171 3879
172 3782
173 3772
174 3839
175 3759
176 3638
177 3675
178 3646
179 3698
180 3575
181 3597
182 3458
183 3490
184 3420
185 3426
186 3385
187 3438
188 3461
189 3348
190 3379
191 3253
192 3305
193 3269
194 3357
195 3322
196 3208
197 3233
198 3129
199 3200
200 3268
201 3170
202 3221
203 3211
204 3188
205 3141
206 3088
207 3179
208 3105
209 3064
210 3203
211 3036
212 3150
213 3085
214 3126
215 3108
216 3182
217 2976
218 3023
219 3048
220 2874
221 3050
222 3072
223 2988
224 3034
225 3045
226 3074
227 3101
228 3063
229 2969
230 2958
231 2917
232 2905
233 2838
234 2894
235 2854
236 2971
237 2986
238 2883
239 2879
240 2888
241 2804
242 2807
243 2823
244 2861
245 2786
246 2815
247 2648
248 2677
249 2718
250 2668
251 2660
252 2725
253 2631
254 2576
255 2607
256 2667
257 2594
258 2585
259 2523
260 2550
261 2585
262 2527
263 2535
264 2476
265 2516
266 2449
267 2413
268 2437
269 2524
270 2437
271 2514
272 2374
273 2421
274 2425
275 2453
276 2458
277 2382
278 2352
279 2335
280 2326
281 2310
282 2316
283 2353
284 2290
285 2165
286 2286
287 2285
288 2325
289 2323
290 2243
291 2232
292 2226
293 2269
294 2317
295 2140
296 2131
297 2149
298 2068
299 2216
300 2102
301 2035
302 2111
303 2149
304 2080
305 2029
306 2013
307 2024
308 2084
309 2023
310 2045
311 1995
312 1904
313 1929
314 1898
315 1889
316 1834
317 1887
318 1929
319 1831
320 1830
321 1842
322 1778
323 1842
324 1744
325 1774
326 1718
327 1748
328 1679
329 1712
330 1646
331 1669
332 1728
333 1640
334 1652
335 1633
336 1629
337 1642
338 1650
339 1653
340 1631
341 1600
342 1542
343 1623
344 1557
345 1560
346 1573
347 1510
348 1592
349 1522
350 1512
351 1548
352 1577
353 1473
354 1514
355 1463
356 1584
357 1482
358 1517
359 1507
360 1415
361 1406
362 1418
363 1469
364 1407
365 1427
366 1457
367 1443
368 1391
369 1403
370 1458
371 1406
372 1359
373 1331
374 1335
375 1316
376 1341
377 1334
378 1293
379 1436
380 1385
381 1275
382 1268
383 1323
384 1247
385 1295
386 1275
387 1256
388 1319
389 1271
390 1276
391 1221
392 1268
393 1274
394 1258
395 1284
396 1278
397 1206
398 1244
399 1282
400 1153
401 1143
402 1220
403 1160
404 1226
405 1123
406 1205
407 1218
408 1148
409 1183
410 1119
411 1173
412 1154
413 1088
414 1117
415 1122
416 1089
417 1117
418 1112
419 1139
420 1110
421 1077
422 1103
423 1058
424 1109
425 1078
426 1110
427 1142
428 1043
429 1014
430 1034
431 1048
432 1019
433 1028
434 1087
435 1013
436 969
437 996
438 1013
439 966
440 963
441 986
442 982
443 976
444 956
445 925
446 902
447 914
448 913
449 907
450 942
451 928
452 953
453 893
454 912
455 935
456 857
457 861
458 871
459 831
460 881
461 878
462 815
463 847
464 827
465 834
466 805
467 859
468 852
469 825
470 824
471 826
472 745
473 828
474 758
475 747
476 743
477 788
478 799
479 746
480 733
481 726
482 759
483 744
484 716
485 691
486 699
487 701
488 688
489 688
490 764
491 715
492 668
493 690
494 677
495 700
496 651
497 697
498 599
499 674
500 695
501 613
502 679
503 632
504 640
505 646
506 601
507 641
508 613
509 620
510 605
511 606
512 659
513 626
514 611
515 572
516 558
517 616
518 570
519 613
520 570
521 580
522 554
523 576
524 592
525 593
526 575
527 573
528 533
529 566
530 539
531 504
532 580
533 512
534 504
535 525
536 532
537 505
538 502
539 518
540 517
541 471
542 530
543 521
544 514
545 509
546 487
547 506
548 479
549 476
550 464
551 477
552 501
553 480
554 465
555 483
556 489
557 471
558 425
559 405
560 443
561 501
562 434
563 441
564 455
565 442
566 449
567 451
568 424
569 411
570 447
571 442
572 416
573 411
574 411
575 414
576 444
577 406
578 413
579 386
580 411
581 397
582 394
583 354
584 400
585 386
586 399
587 374
588 395
589 396
590 384
591 362
592 372
593 361
594 363
595 334
596 393
597 342
598 341
599 365
600 333
601 335
602 353
603 357
604 322
605 301
606 314
607 321
608 325
609 320
610 336
611 333
612 313
613 285
614 313
615 299
616 292
617 294
618 305
619 329
620 329
621 315
622 301
623 297
624 251
625 294
626 285
627 289
628 277
629 269
630 266
631 253
632 285
633 313
634 269
635 302
636 282
637 274
638 257
639 273
640 243
641 268
642 254
643 257
644 252
645 256
646 247
647 237
648 243
649 246
650 225
651 255
652 226
653 242
654 252
655 245
656 219
657 229
658 238
659 217
660 211
661 213
662 211
663 212
664 236
665 216
666 193
667 207
668 181
669 192
670 189
671 204
672 217
673 200
674 217
675 207
676 186
677 191
678 203
679 198
680 212
681 212
682 181
683 220
684 168
685 192
686 194
687 203
688 169
689 167
690 183
691 162
692 186
693 182
694 161
695 185
696 187
697 157
698 172
699 137
700 192
701 184
702 182
703 177
704 171
705 161
706 172
707 177
708 155
709 172
710 174
711 153
712 157
713 153
714 147
715 144
716 172
717 171
718 179
719 170
720 141
721 135
722 148
723 151
724 154
725 169
726 152
727 146
728 145
729 134
730 136
731 143
732 123
733 165
734 147
735 139
736 132
737 119
738 141
739 117
740 126
741 120
742 138
743 151
744 115
745 143
746 143
747 112
748 120
749 114
750 125
751 132
752 133
753 143
754 128
755 140
756 117
757 141
758 137
759 105
760 133
761 127
762 109
763 123
764 113
765 121
766 117
767 125
768 131
769 125
770 119
771 133
772 112
773 124
774 109
775 104
776 107
777 118
778 122
779 92
780 114
781 122
782 115
783 103
784 110
785 110
786 98
787 105
788 107
789 91
790 125
791 109
792 111
793 105
794 93
795 97
796 102
797 110
798 107
799 101
800 105
801 96
802 98
803 97
804 98
805 101
806 103
807 77
808 99
809 87
810 76
811 94
812 95
813 94
814 81
815 83
816 88
817 92
818 81
819 95
820 79
821 91
822 94
823 84
824 81
825 79
826 85
827 76
828 92
829 79
830 99
831 75
832 77
833 80
834 70
835 73
836 86
837 82
838 78
839 82
840 92
841 75
842 88
843 80
844 87
845 95
846 84
847 91
848 85
849 92
850 83
851 82
852 81
853 90
854 78
855 92
856 71
857 98
858 74
859 89
860 92
861 85
862 89
863 74
864 81
865 93
866 81
867 66
868 69
869 67
870 88
871 78
872 80
873 93
874 79
875 61
876 82
877 88
878 86
879 81
880 73
881 76
882 81
883 62
884 93
885 79
886 71
887 62
888 67
889 75
890 55
891 62
892 93
893 85
894 73
895 90
896 63
897 76
898 70
899 84
900 74
901 75
902 64
903 63
904 65
905 71
906 73
907 79
908 76
909 77
910 71
911 65
912 67
913 69
914 76
915 65
916 78
917 60
918 71
919 64
920 53
921 64
922 77
923 68
924 69
925 84
926 70
927 64
928 72
929 72
930 67
931 69
932 71
933 80
934 70
935 67
936 67
937 57
938 59
939 64
940 65
941 69
942 59
943 65
944 55
945 59
946 65
947 67
948 83
949 64
950 70
951 69
952 79
953 81
954 78
955 68
956 70
957 65
958 69
959 67
960 92
961 70
962 78
963 68
964 72
965 73
966 64
967 68
968 77
969 63
970 77
971 80
972 86
973 72
974 81
975 67
976 78
977 76
978 78
979 77
980 88
981 61
982 88
983 97
984 88
985 80
986 78
987 71
988 77
989 80
990 92
991 83
992 81
993 78
994 101
995 100
996 89
997 89
998 75
999 92
1000 91
1001 82
1002 91
1003 80
1004 90
1005 105
1006 81
1007 101
1008 90
1009 93
1010 83
1011 96
1012 91
1013 103
1014 92
1015 99
1016 75
1017 100
1018 107
1019 81
1020 92
1021 79
1022 83
1023 88
1024 73
1025 100
1026 85
1027 82
1028 93
1029 124
1030 98
1031 100
1032 87
1033 87
1034 101
1035 96
1036 97
1037 82
1038 99
1039 86
1040 89
1041 102
1042 87
1043 85
1044 98
1045 105
1046 77
1047 82
1048 96
1049 80
1050 98
1051 90
1052 87
1053 74
1054 89
1055 95
1056 81
1057 92
1058 91
1059 104
1060 98
1061 80
1062 88
1063 93
1064 83
1065 84
1066 86
1067 108
1068 74
1069 95
1070 82
1071 104
1072 79
1073 78
1074 81
1075 84
1076 96
1077 85
1078 96
1079 83
1080 72
1081 94
1082 79
1083 98
1084 73
1085 94
1086 74
1087 76
1088 85
1089 92
1090 78
1091 79
1092 63
1093 85
1094 73
1095 81
1096 59
1097 81
1098 62
1099 77
1100 92
1101 81
1102 77
1103 86
1104 93
1105 72
1106 101
1107 81
1108 80
1109 64
1110 67
1111 79
1112 89
1113 84
1114 107
1115 73
1116 92
1117 84
1118 65
1119 87
1120 82
1121 72
1122 74
1123 70
1124 71
1125 81
1126 75
1127 69
1128 75
1129 73
1130 85
1131 71
1132 72
1133 75
1134 56
1135 71
1136 87
1137 67
1138 82
1139 70
1140 87
1141 96
1142 74
1143 79
1144 62
1145 83
1146 61
1147 74
1148 76
1149 69
1150 97
1151 64
1152 86
1153 68
1154 77
1155 72
1156 69
1157 61
1158 84
1159 76
1160 79
1161 70
1162 60
1163 86
1164 69
1165 63
1166 71
1167 63
1168 59
1169 69
1170 80
1171 56
1172 68
1173 64
1174 63
1175 72
1176 64
1177 64
1178 76
1179 74
1180 68
1181 73
1182 68
1183 65
1184 55
1185 61
1186 67
1187 70
1188 73
1189 75
1190 74
1191 66
1192 74
1193 67
1194 68
1195 69
1196 66
1197 66
1198 70
1199 67
1200 67
1201 75
1202 71
1203 56
1204 56
1205 66
1206 65
1207 70
1208 51
1209 51
1210 64
1211 72
1212 76
1213 68
1214 61
1215 65
1216 72
1217 57
1218 54
1219 72
1220 55
1221 59
1222 77
1223 67
1224 60
1225 68
1226 57
1227 59
1228 59
1229 50
1230 53
1231 58
1232 57
1233 55
1234 61
1235 51
1236 44
1237 60
1238 46
1239 79
1240 56
1241 55
1242 47
1243 48
1244 54
1245 44
1246 59
1247 47
1248 60
1249 50
1250 49
1251 46
1252 53
1253 56
1254 45
1255 46
1256 39
1257 52
1258 41
1259 53
1260 38
1261 43
1262 47
1263 49
1264 48
1265 48
1266 49
1267 47
1268 43
1269 48
1270 44
1271 39
1272 39
1273 38
1274 36
1275 36
1276 49
1277 38
1278 47
1279 43
1280 37
1281 33
1282 38
1283 40
1284 39
1285 57
1286 50
1287 46
1288 44
1289 42
1290 32
1291 33
1292 48
1293 45
1294 43
1295 33
1296 27
1297 40
1298 37
1299 41
1300 33
1301 48
1302 45
1303 34
1304 36
1305 41
1306 37
1307 30
1308 39
1309 36
1310 40
1311 36
1312 33
1313 39
1314 37
1315 34
1316 37
1317 40
1318 41
1319 40
1320 49
1321 38
1322 32
1323 30
1324 30
1325 36
1326 41
1327 28
1328 37
1329 27
1330 27
1331 39
1332 37
1333 35
1334 29
1335 26
1336 37
1337 31
1338 24
1339 31
1340 36
1341 33
1342 29
1343 23
1344 31
1345 35
1346 34
1347 37
1348 43
1349 32
1350 22
1351 28
1352 27
1353 28
1354 27
1355 30
1356 34
1357 29
1358 30
1359 27
1360 24
1361 23
1362 28
1363 23
1364 32
1365 24
1366 21
1367 19
1368 27
1369 27
1370 36
1371 31
1372 22
1373 22
1374 26
1375 21
1376 28
1377 25
1378 28
1379 13
1380 24
1381 28
1382 32
1383 27
1384 25
1385 22
1386 23
1387 15
1388 19
1389 23
1390 18
1391 23
1392 15
1393 24
1394 28
1395 20
1396 24
1397 22
1398 26
1399 23
1400 17
1401 26
1402 17
1403 28
1404 22
1405 25
1406 19
1407 16
1408 30
1409 19
1410 29
1411 23
1412 16
1413 18
1414 16
1415 22
1416 15
1417 17
1418 26
1419 25
1420 10
1421 18
1422 17
1423 18
1424 13
1425 24
1426 20
1427 25
1428 15
1429 23
1430 20
1431 19
1432 15
1433 18
1434 15
1435 14
1436 17
1437 23
1438 21
1439 33
1440 17
1441 15
1442 15
1443 22
1444 17
1445 15
1446 22
1447 17
1448 23
1449 27
1450 18
1451 15
1452 16
1453 16
1454 18
1455 20
1456 22
1457 17
1458 15
1459 10
1460 19
1461 16
1462 12
1463 9
1464 12
1465 14
1466 11
1467 13
1468 24
1469 13
1470 11
1471 20
1472 11
1473 12
1474 16
1475 12
1476 10
1477 15
1478 12
1479 12
1480 6
1481 18
1482 20
1483 11
1484 13
1485 14
1486 16
1487 16
1488 15
1489 16
1490 13
1491 14
1492 10
1493 15
1494 8
1495 11
1496 9
1497 15
1498 12
1499 12
1500 9
1501 8
1502 14
1503 9
1504 10
1505 10
1506 9
1507 6
1508 12
1509 7
1510 10
1511 11
1512 10
1513 10
1514 10
1515 12
1516 11
1517 8
1518 10
1519 14
1520 8
1521 10
1522 12
1523 10
1524 9
1525 14
1526 8
1527 7
1528 10
1529 7
1530 6
1531 6
1532 10
1533 2
1534 4
1535 10
1536 4
1537 8
1538 9
1539 10
1540 11
1541 2
1542 7
1543 7
1544 11
1545 12
1546 7
1547 7
1548 4
1549 4
1550 7
1551 7
1552 4
1553 8
1554 2
1555 6
1556 8
1557 10
1558 8
1559 6
1560 4
1561 7
1562 6
1563 6
1564 7
1565 8
1566 4
1567 4
1568 5
1569 5
1570 8
1571 6
1572 1
1573 8
1574 6
1575 3
1576 7
1577 4
1578 5
1579 5
1580 5
1581 5
1582 7
1583 10
1584 6
1585 9
1586 5
1587 10
1588 5
1589 9
1590 5
1591 4
1592 4
1593 5
1594 4
1595 4
1596 6
1597 5
1598 1
1599 6
1600 7
1601 3
1602 2
1603 1
1604 4
1605 6
1606 4
1608 10
1609 2
1610 5
1611 5
1612 3
1613 1
1614 5
1615 1
1616 2
1617 3
1618 2
1619 2
1620 4
1621 3
1622 1
1623 1
1624 2
1625 3
1627 3
1628 1
1629 3
1630 2
1631 1
1632 4
1633 1
1634 1
1635 1
1636 2
1637 3
1638 5
1639 2
1640 1
1641 4
1642 4
1643 4
1644 7
1645 1
1646 2
1647 2
1648 1
1649 1
1650 2
1651 2
1653 1
1656 2
1657 1
1659 3
1660 1
1661 1
1662 3
1663 4
1664 1
1665 2
1666 1
1667 2
1668 2
1670 2
1672 1
1673 3
1674 2
1675 3
1676 1
1678 1
1679 1
1680 3
1684 1
1687 2
1688 3
1693 2
1694 2
1696 3
1697 2
1698 2
1699 1
1700 2
1701 3
1702 1
1703 1
1704 3
1707 1
1709 1
1710 2
1713 1
1715 3
1718 1
1719 1
1724 1
1725 2
1728 1
1729 1
1732 2
1734 1
1736 1
1739 1
1743 1
1745 2
1747 1
1752 1
1753 1
1754 2
1755 2
1759 1
1766 2
1767 1
1779 1
1781 1
1782 1
1785 1
1787 1
1788 2
1790 3
1791 2
1792 1
1795 1
1798 1
1802 1
1804 1
1806 1
1807 1
1809 1
1811 2
1814 1
1819 1
1822 1
1836 1
1844 1
1846 1
1850 1
1856 1
1858 1
1861 1
1875 1
1876 1
1877 1
1880 2
1883 1
1885 1
1887 1
1895 1
1896 1
1898 1
1900 1
1902 1
1904 1
1908 1
1912 1
1913 1
1919 1
1920 1
1922 1
1925 1
1927 3
1929 2
1932 1
1936 1
1942 1
1943 1
1944 1
1945 1
1949 1
1950 1
1951 1
1962 1
1963 1
1965 1
1966 2
1967 1
1969 1
1971 1
1978 1
1983 1
1995 2
2008 1
2024 1
2043 1
2082 1
