590 2
591 8
592 10
593 7
594 11
595 15
596 7
597 17
598 12
599 18
600 12
601 12
602 9
603 18
604 17
605 24
606 33
607 40
608 42
609 38
610 40
611 53
612 61
613 64
614 54
615 55
616 51
617 43
618 51
619 58
620 49
621 40
622 67
623 46
624 45
625 57
626 60
627 58
628 72
629 76
630 80
631 93
632 86
633 102
634 111
635 81
636 93
637 100
638 113
639 95
640 79
641 102
642 106
643 109
644 97
645 92
646 108
647 91
648 118
649 127
650 156
651 160
652 146
653 153
654 171
655 174
656 171
657 172
658 180
659 177
660 182
661 181
662 210
663 240
664 263
665 244
666 264
667 251
668 243
669 256
670 254
671 249
672 285
673 288
674 291
675 318
676 347
677 361
678 313
679 315
680 333
681 384
682 386
683 358
684 361
685 356
686 455
687 384
688 441
689 439
690 432
691 450
692 458
693 441
694 476
695 467
696 444
697 467
698 481
699 489
700 474
701 496
702 541
703 534
704 535
705 498
706 564
707 542
708 548
709 555
710 591
711 587
712 630
713 613
714 662
715 678
716 684
717 673
718 702
719 668
720 698
721 720
722 736
723 791
724 790
725 819
726 791
727 867
728 891
729 814
730 830
731 893
732 880
733 866
734 933
735 997
736 1000
737 1084
738 1071
739 1110
740 1081
741 1128
742 1203
743 1133
744 1166
745 1209
746 1218
747 1226
748 1208
749 1251
750 1302
751 1537
752 1575
753 1512
754 1402
755 1483
756 1464
757 1440
758 1428
759 1497
760 1540
761 1535
762 1561
763 1556
764 1559
765 1547
766 1539
767 1605
768 1587
769 1583
770 1609
771 1644
772 1561
773 1592
774 1720
775 1663
776 1680
777 1690
778 1607
779 1665
780 1840
781 1866
782 1927
783 2003
784 2090
785 2204
786 2171
787 2176
788 2186
789 2213
790 2192
791 2244
792 2306
793 2293
794 2287
795 2247
796 2338
797 2452
798 2413
799 2440
800 2460
801 2458
802 2568
803 2663
804 2636
805 2755
806 2741
807 2898
808 2833
809 2935
810 3011
811 3238
812 3262
813 3314
814 3339
815 3428
816 3368
817 3368
818 3383
819 3505
820 3517
821 3573
822 3607
823 3605
824 3636
825 3600
826 3804
827 3725
828 3698
829 3773
830 3769
831 3839
832 3762
833 3871
834 3924
835 3907
836 3939
837 4048
838 4129
839 4020
840 4097
841 4089
842 4202
843 4153
844 4303
845 4348
846 4391
847 4525
848 4538
849 4608
850 4698
851 4729
852 4744
853 4868
854 4951
855 5217
856 5142
857 5147
858 5292
859 5173
860 5209
861 5276
862 5194
863 5213
864 5260
865 5363
866 5358
867 5308
868 5305
869 5458
870 5574
871 5439
872 5517
873 5619
874 5758
875 5614
876 5742
877 5722
878 5947
879 5880
880 5978
881 5879
882 5935
883 6047
884 6038
885 6093
886 6094
887 6064
888 6265
889 6263
890 6311
891 6319
892 6415
893 6474
894 6468
895 6436
896 6527
897 6490
898 6447
899 6638
900 6837
901 6645
902 6715
903 6845
904 6982
905 7084
906 7121
907 6944
908 7082
909 7341
910 7302
911 7266
912 7305
913 7427
914 7438
915 7752
916 7659
917 7714
918 7575
919 7624
920 7424
921 7553
922 7485
923 7467
924 7566
925 7506
926 7917
927 7752
928 7700
929 7791
930 7806
931 7708
932 7714
933 7670
934 7792
935 7925
936 7871
937 7945
938 8174
939 7865
940 8259
941 8086
942 7919
943 8013
944 8117
945 8177
946 8003
947 8080
948 8129
949 8206
950 8322
951 8164
952 8409
953 8376
954 8255
955 8550
956 8463
957 8524
958 8559
959 8554
960 8531
961 8653
962 8795
963 8754
964 8798
965 8972
966 9022
967 9112
968 9241
969 9013
970 9128
971 9171
972 9452
973 9346
974 9200
975 9252
976 9243
977 9327
978 9479
979 9649
980 10022
981 9889
982 9750
983 9737
984 9647
985 9764
986 9813
987 9684
988 9769
989 9925
990 9801
991 10024
992 9983
993 9878
994 9786
995 9830
996 9693
997 9907
998 9905
999 9902
1000 9845
1001 9740
1002 9692
1003 9892
1004 10001
1005 9921
1006 10173
1007 10138
1008 10121
1009 10137
1010 10302
1011 10125
1012 10169
1013 10318
1014 10041
1015 10256
1016 10199
1017 10141
1018 10101
1019 10197
1020 10366
1021 9858
1022 9859
1023 9800
1024 10002
1025 9755
1026 9756
1027 9633
1028 9777
1029 9837
1030 9976
1031 9713
1032 9779
1033 9538
1034 9781
1035 9679
1036 9660
1037 9454
1038 9580
1039 9531
1040 9525
1041 9572
1042 9467
1043 9544
1044 9495
1045 9577
1046 9538
1047 9666
1048 9543
1049 9560
1050 9619
1051 9768
1052 9775
1053 9837
1054 9698
1055 9685
1056 9616
1057 9863
1058 9701
1059 9749
1060 9673
1061 9708
1062 9306
1063 9499
1064 9330
1065 9387
1066 9336
1067 9424
1068 9084
1069 9202
1070 8983
1071 9147
1072 9033
1073 8857
1074 8967
1075 8809
1076 8949
1077 8929
1078 8864
1079 8988
1080 8892
1081 9049
1082 8898
1083 8784
1084 8882
1085 8913
1086 8920
1087 9140
1088 8948
1089 8694
1090 9118
1091 8547
1092 8561
1093 8532
1094 8514
1095 8478
1096 8444
1097 8304
1098 8538
1099 8464
1100 8414
1101 8476
1102 8424
1103 8454
1104 8352
1105 8377
1106 8250
1107 8084
1108 8343
1109 8072
1110 7944
1111 8027
1112 8001
1113 7880
1114 7976
1115 7912
1116 7815
1117 7691
1118 7854
1119 7765
1120 7612
1121 7664
1122 7651
1123 7694
1124 7583
1125 7624
1126 7818
1127 7753
1128 7639
1129 7520
1130 7431
1131 7388
1132 7462
1133 7355
1134 7309
1135 7265
1136 7169
1137 7185
1138 7146
1139 7154
1140 7201
1141 7193
1142 7155
1143 7133
1144 7094
1145 6823
1146 6865
1147 7139
1148 7107
1149 6917
1150 6864
1151 6911
1152 6972
1153 6752
1154 6775
1155 6872
1156 6900
1157 6624
1158 6637
1159 6437
1160 6521
1161 6275
1162 6528
1163 6397
1164 6275
1165 6365
1166 6265
1167 6213
1168 6186
1169 6126
1170 6113
1171 6103
1172 5964
1173 6065
1174 5912
1175 5730
1176 5938
1177 5832
1178 5776
1179 5913
1180 5852
1181 5918
1182 5688
1183 5724
1184 5535
1185 5560
1186 5506
1187 5593
1188 5604
1189 5583
1190 5556
1191 5509
1192 5584
1193 5402
1194 5405
1195 5401
1196 5260
1197 5357
1198 5287
1199 5190
1200 5186
1201 5257
1202 5160
1203 5106
1204 5036
1205 5134
1206 5129
1207 5116
1208 5145
1209 4973
1210 4925
1211 5008
1212 4868
1213 4828
1214 4810
1215 4822
1216 4755
1217 4758
1218 4679
1219 4606
1220 4644
1221 4651
1222 4551
1223 4676
1224 4593
1225 4599
1226 4566
1227 4486
1228 4500
1229 4453
1230 4587
1231 4497
1232 4528
1233 4473
1234 4329
1235 4451
1236 4335
1237 4434
1238 4236
1239 4179
1240 4284
1241 4262
1242 4260
1243 4329
1244 4217
1245 4220
1246 4213
1247 4125
1248 4106
1249 3998
1250 4093
1251 3946
1252 3925
1253 3991
1254 3955
1255 3850
1256 3907
1257 3718
1258 3707
1259 3762
1260 3794
1261 3718
1262 3752
1263 3603
1264 3531
1265 3554
1266 3645
1267 3545
1268 3542
1269 3486
1270 3546
1271 3432
1272 3478
1273 3434
1274 3473
1275 3420
1276 3402
1277 3319
1278 3277
1279 3231
1280 3302
1281 3206
1282 3283
1283 3191
1284 3151
1285 3229
1286 3167
1287 3103
1288 2966
1289 3053
1290 3084
1291 3079
1292 3043
1293 3005
1294 2974
1295 2999
1296 2999
1297 2949
1298 2947
1299 2837
1300 2865
1301 2888
1302 2817
1303 2787
1304 2884
1305 2899
1306 2813
1307 2793
1308 2845
1309 2744
1310 2744
1311 2785
1312 2731
1313 2779
1314 2636
1315 2702
1316 2620
1317 2674
1318 2592
1319 2617
1320 2574
1321 2600
1322 2581
1323 2611
1324 2666
1325 2514
1326 2532
1327 2446
1328 2417
1329 2378
1330 2398
1331 2442
1332 2481
1333 2493
1334 2370
1335 2301
1336 2378
1337 2319
1338 2292
1339 2261
1340 2297
1341 2338
1342 2285
1343 2266
1344 2241
1345 2312
1346 2234
1347 2225
1348 2158
1349 2209
1350 2245
1351 2142
1352 2144
1353 2119
1354 2100
1355 2130
1356 2139
1357 2120
1358 2147
1359 2076
1360 2050
1361 2059
1362 2014
1363 2059
1364 2011
1365 2071
1366 1888
1367 1941
1368 1986
1369 1994
1370 2035
1371 1988
1372 1922
1373 1941
1374 1938
1375 1869
1376 1863
1377 1850
1378 1827
1379 1899
1380 1913
1381 1891
1382 1873
1383 1823
1384 1896
1385 1725
1386 1856
1387 1857
1388 1805
1389 1747
1390 1833
1391 1750
1392 1794
1393 1727
1394 1726
1395 1731
1396 1753
1397 1725
1398 1649
1399 1684
1400 1799
1401 1714
1402 1628
1403 1687
1404 1670
1405 1617
1406 1602
1407 1702
1408 1554
1409 1620
1410 1580
1411 1591
1412 1578
1413 1577
1414 1600
1415 1601
1416 1516
1417 1581
1418 1511
1419 1515
1420 1427
1421 1426
1422 1500
1423 1476
1424 1482
1425 1451
1426 1338
1427 1471
1428 1446
1429 1566
1430 1412
1431 1390
1432 1415
1433 1412
1434 1415
1435 1364
1436 1328
1437 1292
1438 1303
1439 1347
1440 1308
1441 1342
1442 1266
1443 1355
1444 1291
1445 1272
1446 1289
1447 1251
1448 1242
1449 1230
1450 1311
1451 1193
1452 1288
1453 1147
1454 1226
1455 1236
1456 1263
1457 1165
1458 1177
1459 1206
1460 1152
1461 1108
1462 1165
1463 1199
1464 1170
1465 1182
1466 1154
1467 1059
1468 1154
1469 1096
1470 1089
1471 1100
1472 1071
1473 1155
1474 1100
1475 1102
1476 1033
1477 1058
1478 1026
1479 1062
1480 1032
1481 1076
1482 1059
1483 1070
1484 1004
1485 1095
1486 970
1487 985
1488 1043
1489 920
1490 980
1491 979
1492 980
1493 927
1494 959
1495 986
1496 955
1497 926
1498 973
1499 944
1500 944
1501 878
1502 905
1503 909
1504 858
1505 890
1506 875
1507 872
1508 890
1509 872
1510 885
1511 836
1512 866
1513 846
1514 810
1515 848
1516 846
1517 834
1518 878
1519 905
1520 843
1521 773
1522 792
1523 832
1524 832
1525 835
1526 810
1527 755
1528 755
1529 809
1530 740
1531 777
1532 798
1533 775
1534 737
1535 740
1536 701
1537 757
1538 736
1539 729
1540 737
1541 715
1542 754
1543 718
1544 715
1545 702
1546 743
1547 681
1548 701
1549 651
1550 649
1551 683
1552 684
1553 629
1554 683
1555 663
1556 705
1557 654
1558 676
1559 683
1560 667
1561 636
1562 684
1563 624
1564 638
1565 628
1566 597
1567 657
1568 658
1569 623
1570 643
1571 633
1572 621
1573 652
1574 633
1575 584
1576 599
1577 564
1578 578
1579 608
1580 553
1581 586
1582 550
1583 553
1584 575
1585 538
1586 535
1587 582
1588 521
1589 529
1590 554
1591 492
1592 564
1593 570
1594 506
1595 535
1596 509
1597 530
1598 513
1599 467
1600 509
1601 515
1602 509
1603 528
1604 482
1605 492
1606 487
1607 499
1608 490
1609 499
1610 501
1611 503
1612 480
1613 466
1614 464
1615 398
1616 466
1617 454
1618 436
1619 438
1620 467
1621 437
1622 412
1623 472
1624 456
1625 431
1626 401
1627 410
1628 428
1629 429
1630 439
1631 389
1632 421
1633 412
1634 394
1635 391
1636 400
1637 432
1638 399
1639 394
1640 399
1641 403
1642 422
1643 411
1644 386
1645 395
1646 371
1647 387
1648 379
1649 383
1650 353
1651 386
1652 374
1653 404
1654 383
1655 361
1656 368
1657 396
1658 328
1659 391
1660 351
1661 347
1662 373
1663 316
1664 338
1665 347
1666 324
1667 318
1668 363
1669 322
1670 342
1671 324
1672 320
1673 322
1674 299
1675 308
1676 310
1677 295
1678 350
1679 336
1680 296
1681 335
1682 338
1683 298
1684 296
1685 289
1686 303
1687 276
1688 310
1689 296
1690 269
1691 293
1692 285
1693 273
1694 310
1695 290
1696 272
1697 268
1698 278
1699 266
1700 283
1701 295
1702 281
1703 271
1704 248
1705 299
1706 280
1707 259
1708 263
1709 286
1710 260
1711 249
1712 252
1713 257
1714 243
1715 236
1716 251
1717 249
1718 227
1719 242
1720 248
1721 245
1722 263
1723 215
1724 212
1725 234
1726 228
1727 228
1728 242
1729 214
1730 232
1731 238
1732 240
1733 251
1734 252
1735 201
1736 226
1737 227
1738 208
1739 220
1740 219
1741 211
1742 219
1743 193
1744 211
1745 236
1746 218
1747 183
1748 203
1749 219
1750 180
1751 201
1752 222
1753 218
1754 233
1755 202
1756 187
1757 192
1758 195
1759 169
1760 212
1761 176
1762 174
1763 200
1764 164
1765 185
1766 169
1767 183
1768 180
1769 185
1770 174
1771 177
1772 199
1773 201
1774 176
1775 186
1776 178
1777 171
1778 162
1779 163
1780 181
1781 163
1782 187
1783 173
1784 162
1785 167
1786 153
1787 186
1788 168
1789 159
1790 170
1791 167
1792 164
1793 119
1794 146
1795 185
1796 146
1797 169
1798 144
1799 155
1800 138
1801 148
1802 166
1803 159
1804 180
1805 149
1806 149
1807 148
1808 124
1809 154
1810 135
1811 145
1812 154
1813 142
1814 139
1815 124
1816 152
1817 135
1818 143
1819 152
1820 153
1821 132
1822 154
1823 143
1824 134
1825 127
1826 139
1827 101
1828 102
1829 135
1830 123
1831 114
1832 124
1833 132
1834 98
1835 112
1836 133
1837 111
1838 150
1839 112
1840 105
1841 110
1842 106
1843 114
1844 121
1845 99
1846 99
1847 110
1848 120
1849 142
1850 106
1851 110
1852 121
1853 119
1854 114
1855 99
1856 116
1857 107
1858 87
1859 104
1860 93
1861 113
1862 100
1863 111
1864 83
1865 110
1866 99
1867 114
1868 101
1869 92
1870 95
1871 113
1872 122
1873 102
1874 103
1875 103
1876 98
1877 90
1878 85
1879 90
1880 85
1881 89
1882 85
1883 99
1884 103
1885 91
1886 94
1887 102
1888 94
1889 94
1890 94
1891 93
1892 93
1893 79
1894 86
1895 81
1896 80
1897 83
1898 92
1899 91
1900 82
1901 92
1902 82
1903 85
1904 73
1905 87
1906 56
1907 79
1908 93
1909 88
1910 86
1911 72
1912 77
1913 71
1914 69
1915 79
1916 64
1917 73
1918 70
1919 70
1920 88
1921 67
1922 71
1923 84
1924 71
1925 79
1926 78
1927 77
1928 70
1929 66
1930 64
1931 60
1932 66
1933 72
1934 57
1935 77
1936 64
1937 70
1938 66
1939 57
1940 73
1941 62
1942 66
1943 54
1944 70
1945 60
1946 64
1947 64
1948 52
1949 75
1950 54
1951 55
1952 60
1953 55
1954 58
1955 56
1956 52
1957 60
1958 52
1959 55
1960 73
1961 52
1962 57
1963 56
1964 66
1965 65
1966 60
1967 58
1968 60
1969 46
1970 59
1971 49
1972 51
1973 59
1974 61
1975 52
1976 58
1977 59
1978 54
1979 44
1980 43
1981 52
1982 58
1983 48
1984 52
1985 52
1986 45
1987 53
1988 53
1989 45
1990 44
1991 48
1992 52
1993 57
1994 49
1995 47
1996 47
1997 48
1998 50
1999 46
2000 48
2001 50
2002 49
2003 47
2004 44
2005 40
2006 44
2007 52
2008 37
2009 46
2010 35
2011 42
2012 56
2013 46
2014 40
2015 44
2016 43
2017 49
2018 44
2019 32
2020 41
2021 45
2022 49
2023 40
2024 36
2025 52
2026 40
2027 33
2028 42
2029 41
2030 29
2031 30
2032 36
2033 44
2034 34
2035 26
2036 36
2037 35
2038 41
2039 51
2040 34
2041 37
2042 34
2043 40
2044 44
2045 32
2046 39
2047 32
2048 33
2049 34
2050 38
2051 30
2052 33
2053 27
2054 46
2055 24
2056 34
2057 30
2058 28
2059 33
2060 35
2061 29
2062 29
2063 28
2064 29
2065 26
2066 37
2067 27
2068 27
2069 37
2070 29
2071 34
2072 18
2073 27
2074 29
2075 40
2076 25
2077 18
2078 32
2079 34
2080 37
2081 25
2082 39
2083 32
2084 35
2085 28
2086 28
2087 31
2088 33
2089 33
2090 33
2091 23
2092 20
2093 29
2094 36
2095 18
2096 16
2097 37
2098 35
2099 26
2100 29
2101 36
2102 27
2103 25
2104 25
2105 34
2106 24
2107 26
2108 25
2109 30
2110 22
2111 25
2112 27
2113 22
2114 27
2115 22
2116 28
2117 28
2118 25
2119 34
2120 27
2121 32
2122 33
2123 28
2124 18
2125 22
2126 20
2127 26
2128 22
2129 18
2130 25
2131 24
2132 26
2133 28
2134 19
2135 39
2136 18
2137 20
2138 23
2139 27
2140 23
2141 23
2142 25
2143 28
2144 24
2145 24
2146 21
2147 26
2148 23
2149 19
2150 24
2151 21
2152 19
2153 23
2154 18
2155 19
2156 17
2157 18
2158 23
2159 25
2160 16
2161 27
2162 30
2163 24
2164 18
2165 31
2166 26
2167 28
2168 11
2169 21
2170 23
2171 19
2172 16
2173 25
2174 26
2175 19
2176 28
2177 23
2178 28
2179 26
2180 17
2181 25
2182 18
2183 13
2184 19
2185 15
2186 18
2187 29
2188 26
2189 32
2190 18
2191 15
2192 20
2193 21
2194 22
2195 16
2196 23
2197 22
2198 17
2199 16
2200 23
2201 22
2202 20
2203 23
2204 13
2205 17
2206 17
2207 11
2208 22
2209 20
2210 25
2211 34
2212 24
2213 16
2214 16
2215 19
2216 19
2217 20
2218 18
2219 24
2220 23
2221 23
2222 17
2223 24
2224 30
2225 15
2226 18
2227 19
2228 18
2229 15
2230 17
2231 23
2232 23
2233 24
2234 18
2235 20
2236 14
2237 17
2238 17
2239 10
2240 13
2241 16
2242 26
2243 18
2244 15
2245 15
2246 25
2247 12
2248 16
2249 21
2250 16
2251 16
2252 22
2253 22
2254 18
2255 13
2256 20
2257 21
2258 15
2259 18
2260 22
2261 19
2262 16
2263 25
2264 22
2265 21
2266 20
2267 18
2268 19
2269 26
2270 16
2271 10
2272 18
2273 12
2274 15
2275 16
2276 9
2277 14
2278 16
2279 13
2280 15
2281 19
2282 23
2283 17
2284 9
2285 18
2286 17
2287 18
2288 16
2289 21
2290 17
2291 15
2292 16
2293 25
2294 20
2295 20
2296 24
2297 21
2298 11
2299 16
2300 16
2301 20
2302 16
2303 25
2304 13
2305 13
2306 16
2307 11
2308 18
2309 22
2310 17
2311 21
2312 10
2313 15
2314 17
2315 15
2316 12
2317 14
2318 19
2319 15
2320 15
2321 13
2322 20
2323 13
2324 16
2325 17
2326 23
2327 21
2328 15
2329 21
2330 20
2331 16
2332 17
2333 18
2334 14
2335 11
2336 18
2337 18
2338 20
2339 19
2340 14
2341 13
2342 20
2343 17
2344 15
2345 19
2346 22
2347 16
2348 12
2349 9
2350 17
2351 13
2352 23
2353 21
2354 14
2355 15
2356 16
2357 16
2358 16
2359 23
2360 20
2361 15
2362 12
2363 11
2364 13
2365 8
2366 18
2367 17
2368 19
2369 18
2370 20
2371 9
2372 18
2373 10
2374 13
2375 17
2376 29
2377 25
2378 15
2379 10
2380 17
2381 12
2382 23
2383 8
2384 15
2385 18
2386 19
2387 19
2388 20
2389 15
2390 9
2391 17
2392 18
2393 21
2394 23
2395 21
2396 20
2397 15
2398 23
2399 11
2400 19
2401 13
2402 8
2403 12
2404 13
2405 15
2406 14
2407 12
2408 13
2409 8
2410 18
2411 17
2412 13
2413 16
2414 7
2415 12
2416 9
2417 13
2418 13
2419 18
2420 11
2421 17
2422 17
2423 15
2424 6
2425 14
2426 16
2427 14
2428 10
2429 13
2430 13
2431 19
2432 6
2433 13
2434 3
2435 9
2436 13
2437 12
2438 14
2439 12
2440 7
2441 13
2442 6
2443 12
2444 14
2445 21
2446 14
2447 10
2448 9
2449 10
2450 9
2451 13
2452 11
2453 14
2454 17
2455 16
2456 16
2457 7
2458 10
2459 11
2460 11
2461 13
2462 13
2463 11
2464 6
2465 8
2466 12
2467 19
2468 12
2469 7
2470 8
2471 11
2472 11
2473 4
2474 11
2475 13
2476 12
2477 11
2478 8
2479 13
2480 12
2481 20
2482 15
2483 12
2484 11
2485 9
2486 16
2487 11
2488 12
2489 13
2490 4
2491 14
2492 13
2493 14
2494 11
2495 10
2496 2
2497 13
2498 5
2499 8
2500 16
2501 11
2502 9
2503 15
2504 7
2505 10
2506 7
2507 6
2508 10
2509 13
2510 19
2511 11
2512 7
2513 9
2514 13
2515 10
2516 9
2517 5
2518 19
2519 7
2520 13
2521 11
2522 15
2523 5
2524 9
2525 12
2526 9
2527 9
2528 6
2529 10
2530 5
2531 8
2532 6
2533 7
2534 11
2535 6
2536 10
2537 7
2538 8
2539 11
2540 4
2541 10
2542 8
2543 10
2544 6
2545 7
2546 8
2547 7
2548 10
2549 7
2550 12
2551 9
2552 9
2553 13
2554 9
2555 7
2556 8
2557 8
2558 4
2559 6
2560 8
2561 8
2562 10
2563 8
2564 4
2565 15
2566 9
2567 5
2568 5
2569 4
2570 10
2571 11
2572 11
2573 7
2574 7
2575 6
2576 4
2577 8
2578 5
2579 4
2580 8
2581 8
2582 10
2583 8
2584 8
2585 5
2586 3
2587 11
2588 9
2589 6
2590 4
2591 10
2592 9
2593 7
2594 4
2595 3
2596 8
2597 8
2598 8
2599 7
2600 5
2601 9
2602 7
2603 5
2604 9
2605 8
2606 11
2607 7
2608 8
2609 9
2610 6
2611 4
2612 10
2613 3
2614 8
2615 5
2616 5
2617 3
2618 6
2619 14
2620 5
2621 6
2622 1
2623 4
2624 1
2625 4
2626 5
2627 5
2628 1
2629 6
2630 6
2631 5
2632 3
2633 6
2634 3
2635 4
2636 6
2637 3
2638 7
2639 7
2640 2
2641 3
2642 7
2643 3
2644 5
2645 4
2646 3
2647 6
2648 1
2649 1
2650 6
2651 5
2652 3
2653 5
2654 3
2655 5
2656 1
2657 4
2658 3
2659 3
2660 4
2661 5
2662 2
2663 4
2664 4
2666 1
2667 2
2668 5
2669 2
2670 3
2671 1
2672 2
2673 1
2674 2
2675 1
2676 5
2677 1
2678 2
2679 2
2680 3
2681 3
2682 2
2683 2
2684 3
2685 6
2686 3
2687 1
2688 1
2690 1
2691 1
2692 2
2693 3
2694 4
2695 4
2696 1
2697 2
2698 1
2699 2
2700 2
2702 1
2703 3
2704 1
2706 1
2707 1
2708 2
2710 1
2712 6
2713 2
2715 3
2717 4
2718 3
2719 3
2721 1
2722 1
2724 2
2725 2
2727 1
2728 1
2731 1
2732 3
2733 1
2734 1
2736 1
2742 1
2744 1
2745 1
2749 2
2750 1
2751 1
2752 1
2753 1
2754 1
2756 1
2757 1
2759 1
2765 2
2768 1
2772 1
2775 2
2776 1
2778 1
2781 1
2782 1
2783 1
2784 1
2785 1
2787 1
2791 1
2792 1
2797 1
2802 1
2805 1
2814 1
2816 2
2834 1
2837 1
2840 1
2849 1
2881 1
2884 1
