-918 1
-912 1
-910 4
-909 6
-908 3
-907 7
-906 8
-905 15
-904 17
-903 18
-902 15
-901 20
-900 23
-899 23
-898 29
-897 36
-896 41
-895 40
-894 52
-893 52
-892 56
-891 58
-890 59
-889 44
-888 51
-887 71
-886 69
-885 60
-884 46
-883 60
-882 57
-881 71
-880 52
-879 51
-878 55
-877 71
-876 81
-875 63
-874 62
-873 77
-872 88
-871 106
-870 115
-869 106
-868 112
-867 121
-866 105
-865 96
-864 119
-863 129
-862 125
-861 139
-860 132
-859 147
-858 139
-857 160
-856 154
-855 152
-854 170
-853 183
-852 197
-851 193
-850 201
-849 209
-848 222
-847 211
-846 241
-845 233
-844 223
-843 252
-842 282
-841 260
-840 264
-839 267
-838 275
-837 277
-836 262
-835 254
-834 305
-833 310
-832 294
-831 313
-830 290
-829 325
-828 303
-827 328
-826 329
-825 344
-824 364
-823 334
-822 355
-821 333
-820 320
-819 383
-818 362
-817 359
-816 389
-815 402
-814 355
-813 412
-812 379
-811 421
-810 352
-809 383
-808 404
-807 394
-806 394
-805 397
-804 385
-803 438
-802 385
-801 403
-800 449
-799 449
-798 429
-797 444
-796 457
-795 386
-794 418
-793 446
-792 441
-791 462
-790 485
-789 481
-788 476
-787 502
-786 469
-785 507
-784 467
-783 472
-782 478
-781 471
-780 533
-779 538
-778 538
-777 560
-776 504
-775 538
-774 580
-773 558
-772 588
-771 602
-770 633
-769 610
-768 583
-767 662
-766 711
-765 684
-764 712
-763 693
-762 748
-761 800
-760 809
-759 813
-758 818
-757 872
-756 907
-755 858
-754 903
-753 989
-752 918
-751 930
-750 958
-749 1020
-748 982
-747 1025
-746 1060
-745 989
-744 997
-743 977
-742 1063
-741 1065
-740 991
-739 1080
-738 1053
-737 1129
-736 1198
-735 1213
-734 1197
-733 1225
-732 1278
-731 1278
-730 1369
-729 1278
-728 1396
-727 1467
-726 1458
-725 1552
-724 1542
-723 1543
-722 1537
-721 1534
-720 1535
-719 1588
-718 1570
-717 1573
-716 1613
-715 1555
-714 1610
-713 1558
-712 1556
-711 1552
-710 1518
-709 1524
-708 1511
-707 1486
-706 1564
-705 1546
-704 1570
-703 1648
-702 1596
-701 1608
-700 1644
-699 1661
-698 1716
-697 1724
-696 1676
-695 1699
-694 1690
-693 1744
-692 1649
-691 1743
-690 1751
-689 1844
-688 1842
-687 1694
-686 1785
-685 1887
-684 1795
-683 1894
-682 1869
-681 1884
-680 1816
-679 1895
-678 1862
-677 1866
-676 1842
-675 2014
-674 1945
-673 2000
-672 1968
-671 2033
-670 2011
-669 1990
-668 2051
-667 2068
-666 2060
-665 2060
-664 2114
-663 2174
-662 2143
-661 2198
-660 2318
-659 2244
-658 2259
-657 2427
-656 2381
-655 2359
-654 2424
-653 2426
-652 2463
-651 2452
-650 2418
-649 2322
-648 2499
-647 2455
-646 2507
-645 2525
-644 2585
-643 2611
-642 2714
-641 2635
-640 2757
-639 2655
-638 2715
-637 2761
-636 2700
-635 2728
-634 2664
-633 2746
-632 2746
-631 2700
-630 2770
-629 2874
-628 2768
-627 2890
-626 2818
-625 2822
-624 2894
-623 2881
-622 2837
-621 2777
-620 2903
-619 2774
-618 2811
-617 2829
-616 2933
-615 2887
-614 2909
-613 2920
-612 2916
-611 2910
-610 2817
-609 2825
-608 2843
-607 2897
-606 3033
-605 3021
-604 3025
-603 2832
-602 2851
-601 2979
-600 2889
-599 2928
-598 2929
-597 2966
-596 2887
-595 2967
-594 2911
-593 2983
-592 2942
-591 2947
-590 2910
-589 2918
-588 2941
-587 2914
-586 2908
-585 2935
-584 3012
-583 3008
-582 3135
-581 2950
-580 3120
-579 3072
-578 3106
-577 3016
-576 3120
-575 3168
-574 3190
-573 3152
-572 3203
-571 3275
-570 3229
-569 3291
-568 3357
-567 3314
-566 3401
-565 3418
-564 3355
-563 3341
-562 3459
-561 3518
-560 3535
-559 3435
-558 3431
-557 3493
-556 3429
-555 3503
-554 3486
-553 3456
-552 3459
-551 3515
-550 3513
-549 3540
-548 3638
-547 3665
-546 3666
-545 3575
-544 3743
-543 3757
-542 3803
-541 3798
-540 3762
-539 3707
-538 3747
-537 3795
-536 3746
-535 3869
-534 3976
-533 3896
-532 3925
-531 3836
-530 3889
-529 3873
-528 3951
-527 3925
-526 3924
-525 3872
-524 3923
-523 4015
-522 4026
-521 3988
-520 4038
-519 3908
-518 4071
-517 4014
-516 4109
-515 4145
-514 4045
-513 4140
-512 4109
-511 4030
-510 4131
-509 4103
-508 4244
-507 4098
-506 4236
-505 4106
-504 4221
-503 4241
-502 4216
-501 4196
-500 4206
-499 4311
-498 4265
-497 4235
-496 4242
-495 4281
-494 4209
-493 4316
-492 4282
-491 4355
-490 4299
-489 4397
-488 4393
-487 4306
-486 4420
-485 4394
-484 4321
-483 4441
-482 4465
-481 4270
-480 4309
-479 4387
-478 4505
-477 4312
-476 4482
-475 4461
-474 4368
-473 4544
-472 4373
-471 4246
-470 4492
-469 4372
-468 4412
-467 4535
-466 4480
-465 4571
-464 4506
-463 4425
-462 4486
-461 4452
-460 4610
-459 4603
-458 4634
-457 4594
-456 4777
-455 4742
-454 4732
-453 4692
-452 4718
-451 4824
-450 4801
-449 4950
-448 4870
-447 4736
-446 4974
-445 4799
-444 4930
-443 4921
-442 4968
-441 4944
-440 4983
-439 4864
-438 5012
-437 5033
-436 4959
-435 5049
-434 5073
-433 5115
-432 5072
-431 5084
-430 5060
-429 5161
-428 5318
-427 5243
-426 5236
-425 5309
-424 5349
-423 5250
-422 5406
-421 5286
-420 5216
-419 5375
-418 5645
-417 5565
-416 5561
-415 5471
-414 5609
-413 5603
-412 5534
-411 5612
-410 5643
-409 5739
-408 5696
-407 5697
-406 5734
-405 5887
-404 5733
-403 5885
-402 5795
-401 6035
-400 5973
-399 6288
-398 6406
-397 6624
-396 6574
-395 6607
-394 6500
-393 6515
-392 6625
-391 6196
-390 6268
-389 6196
-388 6428
-387 6340
-386 6417
-385 6309
-384 6327
-383 6388
-382 6357
-381 6392
-380 6145
-379 6161
-378 6252
-377 6236
-376 6232
-375 6186
-374 6240
-373 6172
-372 6273
-371 6031
-370 6006
-369 6310
-368 6205
-367 6249
-366 6344
-365 6130
-364 6165
-363 6181
-362 6212
-361 6208
-360 6169
-359 6264
-358 6453
-357 6221
-356 6260
-355 6248
-354 6294
-353 6397
-352 6195
-351 6398
-350 6448
-349 6253
-348 6311
-347 6203
-346 6307
-345 6357
-344 6347
-343 6339
-342 6365
-341 6382
-340 6403
-339 6381
-338 6406
-337 6458
-336 6380
-335 6418
-334 6541
-333 6591
-332 6545
-331 6652
-330 6956
-329 6839
-328 6618
-327 6506
-326 6624
-325 6466
-324 6447
-323 6527
-322 6550
-321 6448
-320 6431
-319 6313
-318 6487
-317 6487
-316 6365
-315 6202
-314 6239
-313 6336
-312 6249
-311 6218
-310 6379
-309 6192
-308 6245
-307 6164
-306 6204
-305 6285
-304 6341
-303 6254
-302 6183
-301 6209
-300 6206
-299 6264
-298 6294
-297 6305
-296 6369
-295 6476
-294 6327
-293 6344
-292 6272
-291 6309
-290 6381
-289 6225
-288 6197
-287 6309
-286 6247
-285 6384
-284 6171
-283 6086
-282 6171
-281 6130
-280 6219
-279 6078
-278 6174
-277 6321
-276 6098
-275 6465
-274 6328
-273 6429
-272 6406
-271 6400
-270 6427
-269 6463
-268 6426
-267 6385
-266 6424
-265 6437
-264 6546
-263 6512
-262 6398
-261 6511
-260 6427
-259 6694
-258 6768
-257 6632
-256 6736
-255 6582
-254 6677
-253 6672
-252 6457
-251 6425
-250 6382
-249 6232
-248 6508
-247 6411
-246 6384
-245 6383
-244 6391
-243 6384
-242 6359
-241 6289
-240 6166
-239 6305
-238 6297
-237 6162
-236 6266
-235 6069
-234 6098
-233 6013
-232 6012
-231 6144
-230 6026
-229 6038
-228 5960
-227 6006
-226 6043
-225 5929
-224 6012
-223 5825
-222 5876
-221 5834
-220 5807
-219 5843
-218 5813
-217 5850
-216 5785
-215 5898
-214 5888
-213 5769
-212 5812
-211 5795
-210 5836
-209 5716
-208 5740
-207 5700
-206 5709
-205 5771
-204 5599
-203 5623
-202 5702
-201 5688
-200 5702
-199 5610
-198 5560
-197 5500
-196 5646
-195 5651
-194 5549
-193 5640
-192 5644
-191 5682
-190 5792
-189 5888
-188 5765
-187 5772
-186 5882
-185 5837
-184 5742
-183 5643
-182 5972
-181 5868
-180 5777
-179 5879
-178 5798
-177 5832
-176 5626
-175 5724
-174 5564
-173 5570
-172 5639
-171 5602
-170 5763
-169 5601
-168 5516
-167 5756
-166 5639
-165 5583
-164 5582
-163 5638
-162 5583
-161 5595
-160 5755
-159 5586
-158 5536
-157 5581
-156 5621
-155 5514
-154 5605
-153 5532
-152 5533
-151 5331
-150 5414
-149 5457
-148 5451
-147 5333
-146 5193
-145 5296
-144 5221
-143 5179
-142 5200
-141 5167
-140 5251
-139 5173
-138 5191
-137 5244
-136 5147
-135 5095
-134 5065
-133 5138
-132 5136
-131 5145
-130 5049
-129 5008
-128 5011
-127 4996
-126 4934
-125 5064
-124 4950
-123 4992
-122 4842
-121 4753
-120 4695
-119 4757
-118 4766
-117 4814
-116 4656
-115 4732
-114 4656
-113 4696
-112 4693
-111 4614
-110 4701
-109 4598
-108 4604
-107 4468
-106 4511
-105 4505
-104 4543
-103 4531
-102 4536
-101 4467
-100 4465
-99 4522
-98 4452
-97 4424
-96 4410
-95 4377
-94 4376
-93 4543
-92 4414
-91 4355
-90 4372
-89 4269
-88 4362
-87 4322
-86 4338
-85 4376
-84 4554
-83 4433
-82 4339
-81 4294
-80 4244
-79 4330
-78 4176
-77 4313
-76 4151
-75 4255
-74 4290
-73 4241
-72 4118
-71 4298
-70 4371
-69 4232
-68 4139
-67 4160
-66 4182
-65 4175
-64 4035
-63 4243
-62 4107
-61 4146
-60 4047
-59 4039
-58 4015
-57 4154
-56 4056
-55 4066
-54 3985
-53 3928
-52 4089
-51 4014
-50 4015
-49 3943
-48 3995
-47 4015
-46 3806
-45 3893
-44 3743
-43 3901
-42 3780
-41 3751
-40 3685
-39 3738
-38 3686
-37 3708
-36 3748
-35 3670
-34 3629
-33 3706
-32 3702
-31 3632
-30 3632
-29 3687
-28 3663
-27 3562
-26 3552
-25 3519
-24 3513
-23 3465
-22 3414
-21 3480
-20 3271
-19 3360
-18 3322
-17 3311
-16 3420
-15 3392
-14 3299
-13 3216
-12 3354
-11 3218
-10 3248
-9 3176
-8 3227
-7 3015
-6 3133
-5 3179
-4 3025
-3 3011
-2 3052
-1 3067
0 3047
1 2981
2 3082
3 3078
4 2943
5 2922
6 2779
7 2853
8 2824
9 2906
10 2909
11 2902
12 2792
13 2832
14 2929
15 2868
16 2847
17 2744
18 2709
19 2803
20 2791
21 2804
22 2778
23 2747
24 2673
25 2750
26 2758
27 2687
28 2687
29 2599
30 2593
31 2660
32 2551
33 2578
34 2542
35 2591
36 2540
37 2502
38 2607
39 2492
40 2529
41 2453
42 2515
43 2380
44 2442
45 2389
46 2458
47 2387
48 2445
49 2322
50 2361
51 2348
52 2279
53 2355
54 2334
55 2298
56 2298
57 2276
58 2257
59 2239
60 2276
61 2196
62 2221
63 2189
64 2128
65 2270
66 2185
67 2090
68 2147
69 2236
70 2147
71 2071
72 2107
73 2094
74 2063
75 2037
76 2092
77 1951
78 2090
79 2030
80 2073
81 2035
82 1955
83 1932
84 1955
85 1956
86 1929
87 1965
88 1985
89 1916
90 1944
91 1991
92 1985
93 1961
94 1919
95 1951
96 1885
97 1868
98 1880
99 1871
100 1819
101 1881
102 1878
103 1870
104 1847
105 1806
106 1829
107 1863
108 1821
109 1793
110 1765
111 1812
112 1803
113 1712
114 1750
115 1751
116 1741
117 1783
118 1785
119 1745
120 1749
121 1770
122 1726
123 1697
124 1770
125 1730
126 1623
127 1721
128 1675
129 1634
130 1709
131 1711
132 1669
133 1601
134 1659
135 1632
136 1672
137 1537
138 1607
139 1592
140 1671
141 1677
142 1593
143 1601
144 1648
145 1601
146 1575
147 1525
148 1568
149 1540
150 1493
151 1566
152 1518
153 1522
154 1554
155 1582
156 1532
157 1538
158 1476
159 1508
160 1498
161 1508
162 1454
163 1484
164 1501
165 1456
166 1452
167 1527
168 1475
169 1481
170 1385
171 1437
172 1520
173 1498
174 1443
175 1394
176 1462
177 1393
178 1376
179 1351
180 1433
181 1471
182 1466
183 1487
184 1403
185 1434
186 1402
187 1409
188 1427
189 1376
190 1404
191 1385
192 1425
193 1491
194 1351
195 1423
196 1368
197 1428
198 1374
199 1252
200 1365
201 1351
202 1292
203 1279
204 1312
205 1227
206 1209
207 1225
208 1188
209 1271
210 1192
211 1192
212 1129
213 1149
214 1178
215 1141
216 1152
217 1130
218 1093
219 1087
220 1173
221 1075
222 1156
223 1168
224 1137
225 1059
226 1024
227 1054
228 1043
229 1018
230 1095
231 999
232 1094
233 1009
234 1037
235 1004
236 960
237 1035
238 935
239 962
240 989
241 953
242 974
243 927
244 946
245 966
246 906
247 926
248 919
249 934
250 900
251 945
252 949
253 929
254 873
255 927
256 874
257 901
258 901
259 879
260 852
261 828
262 811
263 811
264 831
265 858
266 818
267 816
268 843
269 832
270 812
271 764
272 805
273 802
274 835
275 734
276 742
277 735
278 756
279 754
280 767
281 738
282 781
283 793
284 751
285 747
286 751
287 775
288 735
289 780
290 731
291 713
292 710
293 717
294 701
295 678
296 722
297 712
298 618
299 672
300 655
301 643
302 668
303 680
304 656
305 666
306 637
307 601
308 638
309 630
310 638
311 657
312 640
313 623
314 601
315 593
316 629
317 580
318 619
319 651
320 592
321 606
322 563
323 586
324 592
325 582
326 599
327 594
328 557
329 594
330 558
331 566
332 589
333 508
334 512
335 519
336 519
337 498
338 568
339 504
340 534
341 552
342 558
343 516
344 479
345 542
346 552
347 501
348 522
349 529
350 553
351 516
352 520
353 527
354 476
355 538
356 479
357 516
358 479
359 494
360 444
361 456
362 486
363 436
364 446
365 493
366 426
367 443
368 453
369 468
370 499
371 445
372 450
373 464
374 439
375 403
376 443
377 436
378 455
379 409
380 431
381 371
382 405
383 406
384 413
385 437
386 395
387 352
388 395
389 419
390 342
391 371
392 369
393 372
394 350
395 362
396 345
397 364
398 345
399 366
400 345
401 352
402 360
403 312
404 373
405 323
406 336
407 324
408 342
409 309
410 307
411 316
412 338
413 342
414 336
415 324
416 322
417 283
418 323
419 337
420 273
421 303
422 288
423 289
424 312
425 293
426 305
427 287
428 270
429 277
430 272
431 272
432 281
433 298
434 274
435 304
436 294
437 307
438 278
439 253
440 235
441 253
442 252
443 255
444 239
445 252
446 249
447 259
448 233
449 250
450 230
451 251
452 274
453 251
454 223
455 242
456 237
457 236
458 249
459 230
460 206
461 223
462 216
463 224
464 234
465 249
466 243
467 226
468 229
469 198
470 224
471 226
472 226
473 218
474 200
475 174
476 225
477 219
478 222
479 211
480 198
481 204
482 202
483 224
484 182
485 196
486 166
487 166
488 171
489 160
490 200
491 194
492 168
493 159
494 176
495 188
496 175
497 213
498 162
499 171
500 159
501 176
502 168
503 158
504 165
505 158
506 177
507 163
508 196
509 164
510 187
511 176
512 171
513 157
514 162
515 180
516 182
517 167
518 176
519 133
520 141
521 161
522 177
523 161
524 167
525 181
526 131
527 149
528 159
529 136
530 140
531 140
532 150
533 155
534 125
535 139
536 128
537 150
538 144
539 140
540 138
541 140
542 124
543 117
544 124
545 126
546 116
547 127
548 109
549 113
550 135
551 130
552 113
553 113
554 120
555 118
556 121
557 113
558 122
559 112
560 125
561 126
562 117
563 90
564 132
565 109
566 111
567 100
568 131
569 108
570 122
571 112
572 110
573 122
574 103
575 107
576 109
577 95
578 96
579 108
580 98
581 120
582 103
583 85
584 89
585 102
586 109
587 113
588 95
589 111
590 114
591 99
592 94
593 93
594 89
595 85
596 98
597 86
598 99
599 84
600 97
601 86
602 101
603 90
604 87
605 99
606 100
607 93
608 85
609 89
610 90
611 92
612 108
613 78
614 110
615 107
616 88
617 98
618 91
619 94
620 98
621 89
622 86
623 84
624 106
625 103
626 100
627 83
628 100
629 90
630 92
631 102
632 94
633 100
634 97
635 92
636 97
637 84
638 90
639 81
640 90
641 85
642 80
643 89
644 101
645 92
646 79
647 77
648 88
649 103
650 97
651 82
652 79
653 89
654 97
655 96
656 90
657 85
658 79
659 89
660 102
661 78
662 88
663 78
664 83
665 62
666 99
667 73
668 81
669 98
670 87
671 85
672 85
673 84
674 76
675 89
676 85
677 94
678 84
679 73
680 92
681 94
682 67
683 78
684 79
685 71
686 87
687 89
688 85
689 77
690 79
691 64
692 75
693 65
694 76
695 76
696 85
697 71
698 85
699 80
700 91
701 62
702 79
703 81
704 62
705 79
706 78
707 86
708 86
709 81
710 55
711 71
712 85
713 77
714 75
715 75
716 81
717 63
718 77
719 73
720 60
721 68
722 91
723 73
724 76
725 76
726 90
727 68
728 86
729 84
730 98
731 91
732 75
733 89
734 65
735 86
736 70
737 78
738 88
739 57
740 62
741 83
742 78
743 80
744 93
745 77
746 89
747 93
748 74
749 74
750 69
751 86
752 76
753 79
754 68
755 82
756 65
757 76
758 74
759 91
760 103
761 82
762 106
763 75
764 95
765 97
766 89
767 85
768 90
769 96
770 93
771 90
772 91
773 94
774 87
775 107
776 89
777 96
778 73
779 92
780 108
781 99
782 80
783 111
784 82
785 95
786 101
787 99
788 83
789 113
790 93
791 95
792 112
793 104
794 109
795 110
796 105
797 100
798 98
799 100
800 94
801 101
802 114
803 98
804 111
805 89
806 99
807 102
808 107
809 95
810 109
811 96
812 137
813 95
814 107
815 117
816 99
817 99
818 113
819 97
820 112
821 111
822 89
823 92
824 111
825 106
826 96
827 109
828 96
829 112
830 104
831 105
832 111
833 116
834 92
835 117
836 107
837 100
838 90
839 118
840 84
841 105
842 104
843 108
844 106
845 114
846 106
847 96
848 97
849 97
850 113
851 109
852 113
853 98
854 98
855 103
856 78
857 101
858 79
859 95
860 99
861 103
862 99
863 88
864 90
865 91
866 86
867 90
868 109
869 84
870 85
871 87
872 85
873 78
874 81
875 102
876 102
877 86
878 100
879 81
880 97
881 91
882 95
883 104
884 84
885 89
886 99
887 95
888 88
889 81
890 92
891 91
892 86
893 78
894 85
895 96
896 87
897 72
898 79
899 81
900 86
901 100
902 88
903 95
904 84
905 95
906 95
907 103
908 100
909 95
910 79
911 85
912 107
913 92
914 84
915 79
916 81
917 75
918 68
919 79
920 91
921 89
922 98
923 77
924 80
925 84
926 107
927 81
928 81
929 82
930 92
931 91
932 78
933 80
934 73
935 96
936 82
937 83
938 92
939 89
940 76
941 86
942 93
943 79
944 80
945 95
946 74
947 78
948 70
949 86
950 87
951 80
952 92
953 88
954 67
955 77
956 85
957 75
958 76
959 81
960 83
961 88
962 88
963 78
964 86
965 73
966 89
967 81
968 74
969 94
970 80
971 67
972 86
973 68
974 77
975 69
976 74
977 93
978 73
979 89
980 83
981 82
982 64
983 58
984 80
985 49
986 72
987 80
988 68
989 75
990 86
991 64
992 93
993 69
994 77
995 67
996 89
997 72
998 78
999 87
1000 70
1001 65
1002 77
1003 67
1004 84
1005 90
1006 62
1007 63
1008 75
1009 50
1010 63
1011 68
1012 69
1013 67
1014 82
1015 64
1016 77
1017 66
1018 64
1019 71
1020 52
1021 67
1022 64
1023 63
1024 64
1025 72
1026 71
1027 62
1028 61
1029 60
1030 71
1031 78
1032 72
1033 72
1034 62
1035 89
1036 65
1037 67
1038 64
1039 64
1040 71
1041 61
1042 65
1043 74
1044 50
1045 71
1046 74
1047 68
1048 64
1049 54
1050 72
1051 68
1052 55
1053 63
1054 53
1055 64
1056 71
1057 49
1058 61
1059 56
1060 47
1061 62
1062 47
1063 55
1064 45
1065 55
1066 51
1067 42
1068 52
1069 50
1070 60
1071 63
1072 48
1073 56
1074 60
1075 53
1076 55
1077 51
1078 64
1079 55
1080 61
1081 51
1082 43
1083 45
1084 43
1085 54
1086 53
1087 58
1088 48
1089 49
1090 51
1091 40
1092 53
1093 45
1094 62
1095 46
1096 35
1097 40
1098 44
1099 59
1100 53
1101 51
1102 41
1103 52
1104 44
1105 46
1106 36
1107 40
1108 37
1109 45
1110 33
1111 41
1112 40
1113 34
1114 36
1115 46
1116 37
1117 41
1118 44
1119 44
1120 38
1121 38
1122 39
1123 31
1124 31
1125 35
1126 49
1127 33
1128 42
1129 29
1130 36
1131 46
1132 38
1133 30
1134 38
1135 38
1136 43
1137 36
1138 35
1139 38
1140 39
1141 44
1142 24
1143 41
1144 35
1145 35
1146 38
1147 33
1148 27
1149 41
1150 27
1151 26
1152 42
1153 26
1154 39
1155 32
1156 34
1157 37
1158 28
1159 37
1160 31
1161 33
1162 30
1163 37
1164 32
1165 48
1166 29
1167 38
1168 28
1169 21
1170 27
1171 29
1172 32
1173 40
1174 37
1175 23
1176 23
1177 24
1178 37
1179 28
1180 29
1181 23
1182 20
1183 34
1184 34
1185 24
1186 27
1187 16
1188 27
1189 33
1190 22
1191 24
1192 19
1193 29
1194 22
1195 23
1196 26
1197 25
1198 29
1199 25
1200 25
1201 21
1202 31
1203 35
1204 27
1205 26
1206 29
1207 23
1208 23
1209 20
1210 22
1211 18
1212 24
1213 30
1214 37
1215 22
1216 18
1217 27
1218 13
1219 22
1220 31
1221 20
1222 28
1223 13
1224 16
1225 29
1226 29
1227 14
1228 15
1229 27
1230 24
1231 20
1232 19
1233 20
1234 18
1235 25
1236 23
1237 16
1238 24
1239 18
1240 19
1241 27
1242 15
1243 16
1244 18
1245 15
1246 10
1247 23
1248 15
1249 18
1250 25
1251 25
1252 21
1253 14
1254 26
1255 12
1256 26
1257 23
1258 19
1259 15
1260 19
1261 16
1262 22
1263 15
1264 13
1265 10
1266 10
1267 12
1268 20
1269 15
1270 8
1271 16
1272 21
1273 12
1274 23
1275 14
1276 23
1277 11
1278 16
1279 11
1280 17
1281 19
1282 21
1283 9
1284 16
1285 10
1286 24
1287 11
1288 14
1289 17
1290 11
1291 16
1292 13
1293 15
1294 13
1295 16
1296 13
1297 15
1298 12
1299 17
1300 14
1301 11
1302 14
1303 17
1304 11
1305 18
1306 8
1307 11
1308 15
1309 14
1310 16
1311 14
1312 10
1313 13
1314 16
1315 10
1316 9
1317 15
1318 8
1319 16
1320 10
1321 10
1322 7
1323 8
1324 11
1325 13
1326 11
1327 11
1328 5
1329 7
1330 11
1331 10
1332 11
1333 17
1334 16
1335 9
1336 11
1337 7
1338 14
1339 5
1340 20
1341 14
1342 8
1343 13
1344 8
1345 12
1346 7
1347 10
1348 12
1349 11
1350 8
1351 10
1352 11
1353 9
1354 9
1355 7
1356 10
1357 9
1358 11
1359 10
1360 5
1361 13
1362 9
1363 11
1364 7
1365 7
1366 9
1367 7
1368 4
1369 8
1370 8
1371 11
1372 7
1373 8
1374 7
1375 8
1376 9
1377 4
1378 7
1379 7
1380 3
1381 9
1382 6
1383 9
1384 2
1385 7
1386 6
1387 3
1388 5
1389 7
1390 11
1391 7
1392 3
1393 9
1394 5
1395 11
1396 8
1397 3
1398 9
1399 4
1400 8
1401 5
1402 4
1403 2
1404 5
1405 7
1406 5
1407 3
1408 1
1409 8
1410 5
1411 2
1412 6
1413 2
1414 4
1415 4
1416 7
1417 5
1418 5
1419 3
1420 4
1421 5
1422 3
1423 8
1424 2
1425 3
1426 6
1427 2
1428 4
1431 2
1432 5
1433 3
1434 1
1435 2
1436 7
1437 5
1438 4
1439 8
1440 7
1441 2
1442 2
1443 5
1444 4
1445 5
1446 2
1447 3
1448 2
1449 4
1450 4
1451 3
1452 5
1453 9
1454 3
1455 3
1457 2
1458 2
1459 4
1460 2
1461 2
1462 3
1463 1
1464 4
1465 5
1466 4
1467 4
1468 4
1469 6
1470 2
1471 4
1472 3
1473 2
1474 3
1475 3
1476 2
1477 2
1478 2
1479 4
1481 2
1482 3
1483 1
1484 2
1485 3
1486 2
1488 3
1489 6
1490 2
1491 3
1492 2
1493 6
1494 4
1495 2
1496 4
1497 2
1498 3
1499 2
1500 1
1501 3
1502 4
1503 2
1505 4
1506 2
1507 3
1508 1
1509 2
1510 4
1511 4
1512 4
1513 1
1515 3
1516 4
1517 1
1518 2
1519 1
1521 1
1522 3
1523 3
1524 2
1525 1
1527 3
1528 3
1529 2
1530 2
1532 2
1533 1
1534 4
1535 2
1536 2
1537 3
1540 1
1541 4
1542 2
1543 1
1544 1
1546 2
1547 4
1549 2
1550 1
1551 2
1553 1
1554 1
1555 1
1556 1
1557 1
1558 2
1559 2
1561 2
1562 1
1563 1
1564 1
1565 2
1566 2
1568 1
1570 1
1572 2
1573 2
1575 1
1576 1
1578 3
1579 1
1581 1
1582 1
1584 2
1585 2
1586 1
1587 2
1588 1
1589 3
1590 1
1591 1
1592 1
1593 3
1594 3
1596 1
1598 1
1601 2
1604 2
1605 2
1607 1
1609 1
1610 1
1618 3
1620 1
1623 2
1624 2
1625 1
1626 1
1627 1
1631 1
1633 1
1635 2
1638 1
1642 1
1643 1
1645 2
1646 4
1648 1
1649 1
1650 2
1652 1
1654 1
1657 3
1659 1
1660 1
1669 1
1671 1
1677 1
1683 1
1688 1
1691 1
1698 2
1709 1
1716 2
1723 1
1736 1
1740 1
1753 1
