-1158 1
-1157 2
-1156 2
-1154 4
-1153 11
-1152 4
-1151 12
-1150 14
-1149 21
-1148 14
-1147 15
-1146 30
-1145 29
-1144 35
-1143 35
-1142 40
-1141 49
-1140 74
-1139 59
-1138 64
-1137 77
-1136 86
-1135 63
-1134 91
-1133 96
-1132 102
-1131 118
-1130 88
-1129 94
-1128 108
-1127 107
-1126 111
-1125 107
-1124 141
-1123 110
-1122 132
-1121 134
-1120 123
-1119 127
-1118 135
-1117 83
-1116 98
-1115 103
-1114 103
-1113 92
-1112 107
-1111 79
-1110 95
-1109 83
-1108 77
-1107 95
-1106 77
-1105 90
-1104 94
-1103 92
-1102 100
-1101 95
-1100 102
-1099 103
-1098 107
-1097 127
-1096 98
-1095 116
-1094 103
-1093 107
-1092 112
-1091 119
-1090 105
-1089 99
-1088 97
-1087 103
-1086 98
-1085 99
-1084 96
-1083 76
-1082 105
-1081 101
-1080 94
-1079 115
-1078 99
-1077 93
-1076 92
-1075 82
-1074 96
-1073 88
-1072 90
-1071 97
-1070 89
-1069 84
-1068 88
-1067 96
-1066 104
-1065 105
-1064 116
-1063 97
-1062 86
-1061 73
-1060 80
-1059 97
-1058 93
-1057 100
-1056 104
-1055 108
-1054 107
-1053 94
-1052 116
-1051 107
-1050 125
-1049 101
-1048 98
-1047 105
-1046 125
-1045 100
-1044 109
-1043 89
-1042 99
-1041 101
-1040 89
-1039 121
-1038 154
-1037 140
-1036 177
-1035 167
-1034 186
-1033 210
-1032 271
-1031 278
-1030 358
-1029 331
-1028 372
-1027 372
-1026 378
-1025 418
-1024 454
-1023 491
-1022 489
-1021 520
-1020 620
-1019 604
-1018 564
-1017 623
-1016 582
-1015 576
-1014 600
-1013 602
-1012 627
-1011 621
-1010 593
-1009 619
-1008 610
-1007 621
-1006 556
-1005 594
-1004 563
-1003 627
-1002 593
-1001 591
-1000 551
-999 565
-998 571
-997 560
-996 616
-995 618
-994 633
-993 587
-992 679
-991 679
-990 655
-989 638
-988 600
-987 649
-986 662
-985 676
-984 697
-983 710
-982 720
-981 692
-980 721
-979 723
-978 727
-977 737
-976 803
-975 810
-974 827
-973 938
-972 946
-971 983
-970 1026
-969 1028
-968 1111
-967 1069
-966 1072
-965 1088
-964 1108
-963 1154
-962 1150
-961 1142
-960 1080
-959 1166
-958 1140
-957 1086
-956 1135
-955 1147
-954 1191
-953 1225
-952 1292
-951 1353
-950 1352
-949 1318
-948 1405
-947 1503
-946 1515
-945 1494
-944 1546
-943 1539
-942 1509
-941 1601
-940 1623
-939 1609
-938 1588
-937 1554
-936 1741
-935 1642
-934 1649
-933 1587
-932 1602
-931 1564
-930 1579
-929 1590
-928 1672
-927 1669
-926 1601
-925 1723
-924 1740
-923 1773
-922 1801
-921 1726
-920 1804
-919 1820
-918 1957
-917 1907
-916 1907
-915 1989
-914 2027
-913 2100
-912 2108
-911 2162
-910 2144
-909 2276
-908 2320
-907 2287
-906 2341
-905 2253
-904 2282
-903 2439
-902 2484
-901 2511
-900 2500
-899 2588
-898 2660
-897 2713
-896 2674
-895 2660
-894 2563
-893 2554
-892 2510
-891 2500
-890 2622
-889 2612
-888 2650
-887 2658
-886 2589
-885 2592
-884 2665
-883 2685
-882 2700
-881 2701
-880 2649
-879 2692
-878 2815
-877 2723
-876 2817
-875 2776
-874 2900
-873 2890
-872 2886
-871 2939
-870 2910
-869 2796
-868 2984
-867 2943
-866 2940
-865 2988
-864 3100
-863 2985
-862 3004
-861 3106
-860 3147
-859 3362
-858 3212
-857 3381
-856 3407
-855 3340
-854 3491
-853 3473
-852 3484
-851 3469
-850 3433
-849 3542
-848 3496
-847 3477
-846 3443
-845 3421
-844 3454
-843 3623
-842 3475
-841 3619
-840 3506
-839 3544
-838 3579
-837 3552
-836 3554
-835 3630
-834 3604
-833 3681
-832 3778
-831 3551
-830 3733
-829 3697
-828 3636
-827 3663
-826 3562
-825 3516
-824 3592
-823 3590
-822 3604
-821 3853
-820 3751
-819 3858
-818 3897
-817 3847
-816 3903
-815 3954
-814 3968
-813 3785
-812 3963
-811 3826
-810 3853
-809 3742
-808 3904
-807 3902
-806 3818
-805 3832
-804 3813
-803 3788
-802 3972
-801 3925
-800 3888
-799 3942
-798 3874
-797 4129
-796 4128
-795 4135
-794 4105
-793 4149
-792 4186
-791 4124
-790 4078
-789 4055
-788 4079
-787 3961
-786 4070
-785 4233
-784 4144
-783 4054
-782 4077
-781 4065
-780 4033
-779 4036
-778 4010
-777 4162
-776 4055
-775 4183
-774 4196
-773 4060
-772 4102
-771 4094
-770 4137
-769 4181
-768 4300
-767 4294
-766 4457
-765 4494
-764 4487
-763 4501
-762 4638
-761 4643
-760 4726
-759 4717
-758 4737
-757 4863
-756 4943
-755 4952
-754 5158
-753 5316
-752 5280
-751 5395
-750 5400
-749 5427
-748 5546
-747 5505
-746 5686
-745 5712
-744 5753
-743 5737
-742 5843
-741 5874
-740 5742
-739 5990
-738 5942
-737 5815
-736 6031
-735 6077
-734 5882
-733 5962
-732 5975
-731 5714
-730 5821
-729 5787
-728 5758
-727 5460
-726 5600
-725 5542
-724 5535
-723 5648
-722 5700
-721 5743
-720 5679
-719 5697
-718 5789
-717 5745
-716 5704
-715 5753
-714 5758
-713 5858
-712 5904
-711 5860
-710 5743
-709 5747
-708 5848
-707 5892
-706 5957
-705 5946
-704 6004
-703 6043
-702 5995
-701 6006
-700 6089
-699 6131
-698 5946
-697 5971
-696 5941
-695 5943
-694 5868
-693 5968
-692 6026
-691 5979
-690 6093
-689 5895
-688 5964
-687 6099
-686 5980
-685 5944
-684 5942
-683 5860
-682 5980
-681 5887
-680 6180
-679 5961
-678 6159
-677 6088
-676 6050
-675 6268
-674 6255
-673 6323
-672 6135
-671 6354
-670 6291
-669 6206
-668 6323
-667 6309
-666 6148
-665 6235
-664 6398
-663 6243
-662 6177
-661 6368
-660 6269
-659 6217
-658 6314
-657 6462
-656 6245
-655 6116
-654 6276
-653 6310
-652 6357
-651 6229
-650 6308
-649 6218
-648 6089
-647 5982
-646 6102
-645 6028
-644 6179
-643 6112
-642 6165
-641 6103
-640 6140
-639 6321
-638 6368
-637 6289
-636 6102
-635 6187
-634 6271
-633 6259
-632 6190
-631 6273
-630 6331
-629 6393
-628 6316
-627 6264
-626 6439
-625 6350
-624 6448
-623 6411
-622 6496
-621 6446
-620 6521
-619 6555
-618 6420
-617 6556
-616 6416
-615 6551
-614 6624
-613 6734
-612 6544
-611 6714
-610 6749
-609 6699
-608 6766
-607 6813
-606 6801
-605 6772
-604 6978
-603 6922
-602 7031
-601 7132
-600 7089
-599 7167
-598 7062
-597 7084
-596 7149
-595 7168
-594 6972
-593 6798
-592 7051
-591 7112
-590 7108
-589 7071
-588 6996
-587 6961
-586 7021
-585 6991
-584 7049
-583 6945
-582 6934
-581 6861
-580 6894
-579 6905
-578 6893
-577 6797
-576 6901
-575 6843
-574 6852
-573 6846
-572 6949
-571 6990
-570 6850
-569 7222
-568 7100
-567 7033
-566 7071
-565 6877
-564 6954
-563 6905
-562 6971
-561 6849
-560 6998
-559 6926
-558 6971
-557 7058
-556 6946
-555 6876
-554 6784
-553 6864
-552 6861
-551 6865
-550 6894
-549 6804
-548 6762
-547 6561
-546 6651
-545 6744
-544 6765
-543 6683
-542 6624
-541 6782
-540 6544
-539 6747
-538 6787
-537 6592
-536 6661
-535 6618
-534 6668
-533 6630
-532 6602
-531 6769
-530 6683
-529 6560
-528 6692
-527 6574
-526 6523
-525 6627
-524 6657
-523 6486
-522 6660
-521 6550
-520 6706
-519 6599
-518 6656
-517 6542
-516 6640
-515 6593
-514 6523
-513 6576
-512 6591
-511 6475
-510 6346
-509 6440
-508 6378
-507 6253
-506 6279
-505 6305
-504 6313
-503 6232
-502 6261
-501 6154
-500 6099
-499 6061
-498 6052
-497 6222
-496 6156
-495 6156
-494 6028
-493 6031
-492 5979
-491 6078
-490 5843
-489 6027
-488 6066
-487 5843
-486 5713
-485 5972
-484 5685
-483 5634
-482 5710
-481 5802
-480 5672
-479 5715
-478 5488
-477 5665
-476 5596
-475 5464
-474 5585
-473 5636
-472 5638
-471 5507
-470 5477
-469 5452
-468 5395
-467 5336
-466 5450
-465 5424
-464 5320
-463 5348
-462 5367
-461 5427
-460 5223
-459 5261
-458 5273
-457 5237
-456 5148
-455 5270
-454 5216
-453 5342
-452 5154
-451 5229
-450 5134
-449 5252
-448 5238
-447 5318
-446 5253
-445 5231
-444 5184
-443 5182
-442 5318
-441 5227
-440 5369
-439 5225
-438 5320
-437 5118
-436 5058
-435 5183
-434 4958
-433 5166
-432 5195
-431 5203
-430 5145
-429 5093
-428 5093
-427 5202
-426 5066
-425 5006
-424 4978
-423 4827
-422 4880
-421 4980
-420 4943
-419 4947
-418 5139
-417 5091
-416 5123
-415 5082
-414 4970
-413 5110
-412 5140
-411 5064
-410 5009
-409 5102
-408 5175
-407 4993
-406 5123
-405 5013
-404 4959
-403 5125
-402 4991
-401 5051
-400 5008
-399 4980
-398 4920
-397 4950
-396 4936
-395 4847
-394 4951
-393 4843
-392 4827
-391 4853
-390 4764
-389 4695
-388 4685
-387 4613
-386 4763
-385 4541
-384 4569
-383 4589
-382 4647
-381 4470
-380 4522
-379 4575
-378 4663
-377 4600
-376 4604
-375 4516
-374 4627
-373 4476
-372 4664
-371 4514
-370 4567
-369 4502
-368 4416
-367 4451
-366 4351
-365 4417
-364 4431
-363 4340
-362 4354
-361 4234
-360 4266
-359 4222
-358 4216
-357 4279
-356 4229
-355 4220
-354 4245
-353 4242
-352 4173
-351 4255
-350 4143
-349 4191
-348 4082
-347 4116
-346 4098
-345 4170
-344 4090
-343 4123
-342 3913
-341 4013
-340 3889
-339 4038
-338 3925
-337 4030
-336 3978
-335 4024
-334 4125
-333 3949
-332 3928
-331 3917
-330 3945
-329 3904
-328 3925
-327 3741
-326 3925
-325 3899
-324 3841
-323 3832
-322 3730
-321 3648
-320 3824
-319 3673
-318 3749
-317 3727
-316 3681
-315 3647
-314 3609
-313 3614
-312 3691
-311 3622
-310 3644
-309 3622
-308 3468
-307 3508
-306 3522
-305 3435
-304 3557
-303 3547
-302 3421
-301 3398
-300 3521
-299 3537
-298 3439
-297 3471
-296 3311
-295 3421
-294 3385
-293 3281
-292 3242
-291 3249
-290 3339
-289 3172
-288 3273
-287 3279
-286 3262
-285 3145
-284 3169
-283 3156
-282 3126
-281 3155
-280 3019
-279 3053
-278 3066
-277 3095
-276 3046
-275 3092
-274 2986
-273 3024
-272 2951
-271 2888
-270 2934
-269 2904
-268 2906
-267 2912
-266 2811
-265 2812
-264 2831
-263 2830
-262 2809
-261 2734
-260 2751
-259 2697
-258 2741
-257 2658
-256 2744
-255 2680
-254 2674
-253 2735
-252 2664
-251 2607
-250 2613
-249 2653
-248 2645
-247 2578
-246 2594
-245 2562
-244 2585
-243 2504
-242 2580
-241 2593
-240 2520
-239 2454
-238 2528
-237 2513
-236 2538
-235 2512
-234 2436
-233 2475
-232 2496
-231 2430
-230 2451
-229 2388
-228 2478
-227 2436
-226 2371
-225 2419
-224 2342
-223 2374
-222 2348
-221 2417
-220 2346
-219 2326
-218 2350
-217 2342
-216 2322
-215 2301
-214 2298
-213 2282
-212 2224
-211 2265
-210 2230
-209 2322
-208 2204
-207 2225
-206 2204
-205 2297
-204 2208
-203 2123
-202 2226
-201 2187
-200 2104
-199 2152
-198 2152
-197 2132
-196 2146
-195 2077
-194 2134
-193 2058
-192 2112
-191 2135
-190 2083
-189 2121
-188 2141
-187 2046
-186 2102
-185 2067
-184 2064
-183 2008
-182 2008
-181 2034
-180 2034
-179 1963
-178 1990
-177 1971
-176 1969
-175 1895
-174 1959
-173 1911
-172 1982
-171 1949
-170 1913
-169 1961
-168 1874
-167 2026
-166 1776
-165 1883
-164 1868
-163 1940
-162 1911
-161 1836
-160 1936
-159 1943
-158 1834
-157 1990
-156 1888
-155 1804
-154 1853
-153 1825
-152 1875
-151 1835
-150 1785
-149 1707
-148 1795
-147 1815
-146 1763
-145 1717
-144 1778
-143 1738
-142 1708
-141 1775
-140 1781
-139 1703
-138 1694
-137 1637
-136 1687
-135 1684
-134 1656
-133 1713
-132 1725
-131 1601
-130 1678
-129 1653
-128 1622
-127 1587
-126 1649
-125 1645
-124 1614
-123 1572
-122 1606
-121 1638
-120 1590
-119 1590
-118 1479
-117 1539
-116 1607
-115 1516
-114 1509
-113 1562
-112 1588
-111 1489
-110 1561
-109 1541
-108 1472
-107 1546
-106 1476
-105 1457
-104 1477
-103 1413
-102 1464
-101 1473
-100 1457
-99 1455
-98 1410
-97 1454
-96 1476
-95 1362
-94 1422
-93 1382
-92 1418
-91 1375
-90 1359
-89 1347
-88 1371
-87 1383
-86 1334
-85 1288
-84 1342
-83 1350
-82 1293
-81 1300
-80 1263
-79 1301
-78 1329
-77 1288
-76 1311
-75 1305
-74 1291
-73 1291
-72 1218
-71 1262
-70 1227
-69 1234
-68 1199
-67 1205
-66 1173
-65 1210
-64 1170
-63 1226
-62 1186
-61 1144
-60 1169
-59 1147
-58 1121
-57 1180
-56 1201
-55 1205
-54 1077
-53 1101
-52 1136
-51 1091
-50 1080
-49 1090
-48 1141
-47 1081
-46 1055
-45 1083
-44 1055
-43 1084
-42 1047
-41 1038
-40 1050
-39 1073
-38 985
-37 1043
-36 1094
-35 1007
-34 1020
-33 1000
-32 1006
-31 1066
-30 982
-29 1015
-28 977
-27 1011
-26 986
-25 953
-24 1005
-23 930
-22 956
-21 957
-20 946
-19 859
-18 916
-17 969
-16 894
-15 975
-14 955
-13 925
-12 905
-11 894
-10 896
-9 911
-8 863
-7 874
-6 863
-5 936
-4 892
-3 852
-2 870
-1 854
0 887
1 867
2 840
3 874
4 824
5 885
6 817
7 839
8 808
9 844
10 826
11 799
12 765
13 820
14 758
15 770
16 813
17 753
18 820
19 787
20 762
21 751
22 753
23 742
24 800
25 749
26 784
27 759
28 780
29 780
30 764
31 739
32 699
33 741
34 697
35 709
36 715
37 721
38 734
39 738
40 744
41 728
42 711
43 703
44 684
45 677
46 674
47 696
48 729
49 652
50 707
51 644
52 648
53 626
54 680
55 628
56 686
57 626
58 623
59 673
60 645
61 632
62 605
63 639
64 653
65 661
66 649
67 601
68 614
69 630
70 607
71 626
72 617
73 598
74 625
75 633
76 632
77 635
78 551
79 561
80 577
81 584
82 579
83 606
84 580
85 559
86 570
87 578
88 595
89 538
90 591
91 566
92 564
93 552
94 529
95 551
96 559
97 588
98 541
99 524
100 526
101 554
102 573
103 535
104 567
105 542
106 536
107 517
108 534
109 508
110 501
111 534
112 533
113 483
114 519
115 521
116 562
117 498
118 526
119 502
120 503
121 455
122 500
123 493
124 468
125 494
126 480
127 471
128 473
129 484
130 476
131 480
132 460
133 469
134 469
135 478
136 448
137 461
138 474
139 433
140 447
141 455
142 397
143 469
144 455
145 401
146 476
147 406
148 437
149 413
150 480
151 428
152 428
153 383
154 412
155 437
156 381
157 413
158 435
159 406
160 386
161 379
162 425
163 356
164 440
165 408
166 410
167 352
168 400
169 388
170 384
171 403
172 399
173 338
174 392
175 343
176 338
177 382
178 368
179 382
180 372
181 380
182 334
183 383
184 349
185 358
186 332
187 381
188 336
189 358
190 340
191 318
192 347
193 354
194 306
195 325
196 294
197 325
198 316
199 347
200 310
201 318
202 318
203 326
204 296
205 318
206 333
207 320
208 322
209 312
210 298
211 347
212 298
213 296
214 316
215 308
216 295
217 289
218 298
219 306
220 310
221 298
222 287
223 283
224 270
225 291
226 261
227 262
228 260
229 277
230 265
231 270
232 275
233 259
234 268
235 279
236 261
237 256
238 256
239 261
240 309
241 278
242 270
243 252
244 275
245 250
246 262
247 234
248 268
249 263
250 231
251 231
252 248
253 252
254 236
255 237
256 245
257 239
258 247
259 245
260 207
261 228
262 225
263 208
264 232
265 237
266 233
267 224
268 239
269 232
270 231
271 201
272 225
273 245
274 210
275 228
276 217
277 232
278 215
279 205
280 243
281 194
282 213
283 249
284 213
285 201
286 192
287 207
288 206
289 219
290 195
291 213
292 187
293 191
294 227
295 206
296 206
297 185
298 204
299 197
300 222
301 180
302 152
303 183
304 172
305 182
306 178
307 180
308 192
309 185
310 194
311 190
312 181
313 158
314 179
315 194
316 167
317 189
318 166
319 190
320 177
321 173
322 178
323 173
324 156
325 158
326 169
327 156
328 156
329 161
330 181
331 149
332 170
333 131
334 155
335 160
336 166
337 153
338 138
339 153
340 142
341 154
342 125
343 163
344 152
345 146
346 132
347 154
348 156
349 149
350 144
351 150
352 134
353 142
354 143
355 140
356 142
357 135
358 131
359 158
360 138
361 131
362 135
363 126
364 144
365 153
366 125
367 131
368 118
369 136
370 126
371 128
372 142
373 137
374 125
375 128
376 113
377 122
378 102
379 148
380 124
381 134
382 107
383 128
384 136
385 111
386 133
387 135
388 117
389 136
390 125
391 138
392 126
393 125
394 94
395 102
396 116
397 109
398 111
399 94
400 101
401 129
402 120
403 105
404 111
405 93
406 105
407 109
408 95
409 88
410 98
411 97
412 112
413 114
414 88
415 106
416 85
417 101
418 101
419 101
420 93
421 98
422 90
423 85
424 120
425 103
426 76
427 76
428 94
429 96
430 100
431 92
432 93
433 76
434 110
435 85
436 99
437 80
438 97
439 95
440 90
441 85
442 80
443 80
444 81
445 73
446 72
447 80
448 75
449 83
450 84
451 91
452 66
453 77
454 85
455 87
456 80
457 67
458 69
459 76
460 78
461 78
462 75
463 68
464 62
465 77
466 71
467 62
468 60
469 71
470 68
471 75
472 69
473 71
474 64
475 57
476 65
477 68
478 56
479 64
480 56
481 70
482 56
483 51
484 59
485 64
486 68
487 76
488 63
489 58
490 50
491 60
492 70
493 60
494 56
495 51
496 48
497 66
498 54
499 74
500 52
501 55
502 56
503 62
504 47
505 54
506 55
507 54
508 59
509 39
510 67
511 52
512 62
513 53
514 55
515 55
516 50
517 50
518 47
519 50
520 46
521 48
522 44
523 40
524 46
525 56
526 49
527 37
528 38
529 56
530 44
531 47
532 49
533 45
534 39
535 56
536 38
537 45
538 58
539 32
540 39
541 37
542 48
543 53
544 51
545 49
546 48
547 46
548 51
549 44
550 51
551 39
552 43
553 54
554 34
555 31
556 38
557 42
558 37
559 34
560 33
561 28
562 45
563 32
564 33
565 31
566 41
567 38
568 46
569 31
570 40
571 26
572 27
573 41
574 39
575 35
576 29
577 30
578 33
579 28
580 29
581 44
582 43
583 42
584 18
585 36
586 35
587 24
588 25
589 38
590 39
591 28
592 25
593 39
594 23
595 38
596 30
597 38
598 22
599 29
600 33
601 30
602 29
603 35
604 25
605 36
606 29
607 36
608 29
609 18
610 31
611 26
612 21
613 24
614 23
615 19
616 28
617 31
618 26
619 21
620 37
621 30
622 27
623 32
624 25
625 30
626 28
627 26
628 22
629 26
630 23
631 25
632 30
633 30
634 21
635 23
636 27
637 24
638 29
639 28
640 29
641 33
642 27
643 35
644 17
645 30
646 27
647 24
648 20
649 19
650 21
651 24
652 26
653 22
654 21
655 29
656 23
657 20
658 31
659 22
660 25
661 23
662 13
663 33
664 25
665 25
666 20
667 19
668 22
669 13
670 17
671 19
672 18
673 28
674 21
675 22
676 22
677 28
678 20
679 32
680 21
681 18
682 26
683 23
684 22
685 21
686 22
687 30
688 25
689 18
690 17
691 21
692 16
693 19
694 19
695 20
696 20
697 16
698 19
699 23
700 16
701 18
702 16
703 19
704 16
705 19
706 22
707 18
708 24
709 16
710 20
711 15
712 17
713 18
714 16
715 12
716 13
717 19
718 19
719 20
720 20
721 20
722 18
723 17
724 21
725 15
726 17
727 21
728 13
729 16
730 15
731 14
732 22
733 20
734 22
735 17
736 12
737 17
738 17
739 14
740 16
741 14
742 15
743 21
744 13
745 22
746 19
747 17
748 18
749 14
750 18
751 14
752 17
753 14
754 12
755 18
756 17
757 14
758 15
759 16
760 6
761 18
762 21
763 19
764 14
765 13
766 12
767 18
768 20
769 21
770 18
771 15
772 13
773 20
774 17
775 22
776 12
777 13
778 18
779 15
780 20
781 21
782 10
783 14
784 20
785 13
786 17
787 10
788 22
789 19
790 14
791 17
792 8
793 13
794 21
795 22
796 13
797 17
798 13
799 13
800 16
801 19
802 8
803 16
804 15
805 26
806 22
807 23
808 18
809 14
810 20
811 15
812 14
813 17
814 11
815 15
816 16
817 14
818 18
819 16
820 17
821 24
822 13
823 14
824 18
825 16
826 19
827 21
828 16
829 21
830 13
831 17
832 18
833 16
834 19
835 23
836 16
837 16
838 16
839 28
840 16
841 15
842 23
843 19
844 30
845 20
846 20
847 19
848 22
849 17
850 23
851 13
852 13
853 18
854 20
855 23
856 20
857 24
858 14
859 25
860 19
861 17
862 17
863 15
864 18
865 21
866 22
867 9
868 17
869 14
870 13
871 20
872 15
873 18
874 19
875 10
876 20
877 16
878 13
879 13
880 26
881 23
882 22
883 25
884 11
885 18
886 22
887 19
888 10
889 24
890 18
891 32
892 18
893 16
894 25
895 20
896 26
897 24
898 29
899 18
900 23
901 29
902 21
903 25
904 21
905 27
906 24
907 27
908 16
909 25
910 20
911 19
912 17
913 17
914 16
915 19
916 26
917 26
918 29
919 15
920 28
921 21
922 22
923 27
924 29
925 19
926 20
927 28
928 19
929 22
930 17
931 22
932 20
933 35
934 25
935 31
936 25
937 39
938 29
939 18
940 35
941 30
942 32
943 34
944 21
945 32
946 21
947 18
948 27
949 24
950 29
951 19
952 21
953 19
954 24
955 23
956 33
957 36
958 32
959 19
960 30
961 33
962 22
963 39
964 19
965 23
966 36
967 38
968 27
969 19
970 21
971 25
972 18
973 21
974 25
975 21
976 23
977 17
978 26
979 23
980 22
981 28
982 25
983 29
984 27
985 33
986 13
987 29
988 23
989 25
990 21
991 23
992 35
993 32
994 23
995 25
996 34
997 17
998 23
999 19
1000 29
1001 28
1002 24
1003 22
1004 28
1005 28
1006 28
1007 16
1008 23
1009 21
1010 35
1011 19
1012 21
1013 29
1014 15
1015 20
1016 24
1017 28
1018 18
1019 23
1020 19
1021 16
1022 29
1023 21
1024 23
1025 31
1026 17
1027 22
1028 17
1029 17
1030 19
1031 24
1032 24
1033 25
1034 27
1035 24
1036 23
1037 21
1038 14
1039 21
1040 23
1041 18
1042 17
1043 20
1044 21
1045 19
1046 16
1047 20
1048 14
1049 16
1050 20
1051 19
1052 17
1053 18
1054 21
1055 15
1056 24
1057 15
1058 16
1059 20
1060 19
1061 11
1062 16
1063 16
1064 18
1065 22
1066 15
1067 21
1068 12
1069 15
1070 18
1071 20
1072 17
1073 20
1074 21
1075 18
1076 12
1077 15
1078 22
1079 9
1080 19
1081 15
1082 21
1083 10
1084 13
1085 18
1086 18
1087 18
1088 14
1089 15
1090 5
1091 19
1092 16
1093 22
1094 16
1095 19
1096 12
1097 13
1098 9
1099 20
1100 22
1101 15
1102 22
1103 14
1104 9
1105 22
1106 11
1107 18
1108 13
1109 14
1110 10
1111 9
1112 18
1113 13
1114 14
1115 13
1116 14
1117 5
1118 15
1119 15
1120 13
1121 7
1122 19
1123 15
1124 14
1125 13
1126 15
1127 9
1128 15
1129 12
1130 10
1131 9
1132 13
1133 12
1134 15
1135 13
1136 13
1137 13
1138 13
1139 9
1140 13
1141 8
1142 8
1143 13
1144 15
1145 10
1146 8
1147 9
1148 9
1149 13
1150 15
1151 19
1152 13
1153 6
1154 8
1155 7
1156 11
1157 6
1158 11
1159 8
1160 8
1161 10
1162 9
1163 17
1164 11
1165 7
1166 7
1167 8
1168 6
1169 13
1170 9
1171 7
1172 11
1173 8
1174 7
1175 9
1176 10
1177 6
1178 6
1179 7
1180 10
1181 9
1182 9
1183 8
1184 8
1185 7
1186 6
1187 12
1188 8
1189 8
1190 9
1191 12
1192 8
1193 11
1194 4
1195 7
1196 7
1197 13
1198 6
1199 7
1200 11
1201 2
1202 7
1203 7
1204 5
1205 9
1206 8
1207 4
1208 4
1209 10
1210 7
1211 5
1212 6
1213 4
1214 6
1215 7
1216 5
1217 7
1218 2
1219 11
1220 8
1221 10
1222 5
1223 6
1224 5
1225 5
1226 3
1227 6
1228 7
1229 4
1230 4
1231 2
1232 8
1233 3
1234 5
1235 6
1236 2
1237 4
1238 5
1239 4
1240 4
1241 5
1242 7
1243 5
1244 3
1245 10
1246 9
1247 6
1248 9
1249 3
1250 5
1251 2
1252 7
1253 5
1254 2
1255 3
1256 6
1257 3
1258 7
1259 5
1260 1
1261 1
1262 1
1263 5
1264 6
1265 2
1267 2
1268 7
1269 3
1270 5
1271 5
1272 5
1273 3
1274 4
1275 5
1276 3
1277 6
1278 2
1279 3
1280 4
1281 2
1282 6
1283 5
1284 3
1285 2
1286 7
1287 1
1288 3
1289 1
1290 1
1291 3
1292 3
1293 5
1294 1
1296 2
1297 3
1298 5
1299 2
1300 1
1301 2
1302 2
1303 2
1305 4
1306 6
1307 4
1308 3
1309 3
1310 2
1312 2
1313 2
1314 4
1315 3
1316 3
1317 2
1318 4
1319 5
1320 7
1321 2
1323 1
1324 3
1325 5
1326 2
1327 1
1328 4
1329 1
1330 1
1331 1
1332 3
1333 1
1334 2
1335 3
1336 3
1337 4
1338 3
1339 2
1340 2
1341 3
1342 2
1343 1
1344 2
1345 2
1346 1
1347 2
1348 3
1349 1
1350 2
1351 3
1352 1
1353 4
1354 1
1355 2
1356 1
1357 2
1359 1
1360 2
1361 1
1362 1
1365 2
1366 1
1367 1
1368 1
1369 2
1370 3
1371 1
1372 2
1373 3
1374 1
1375 3
1377 3
1378 1
1380 4
1381 2
1382 1
1383 1
1386 3
1387 2
1390 1
1391 2
1392 1
1393 3
1394 1
1395 2
1396 1
1402 1
1405 2
1406 2
1407 2
1408 3
1413 2
1415 2
1416 1
1417 1
1418 1
1419 3
1423 1
1426 1
1430 2
1431 1
1433 1
1441 1
1446 1
1447 1
1448 1
1455 1
1456 1
1461 1
1468 1
1476 2
1477 1
1478 1
1481 1
1490 1
1499 1
1509 1
1511 1
1519 1
1525 1
1544 1
