26 25
27 1036
28 4018
29 4683
30 4130
31 4088
32 3683
33 3355
34 4135
35 5323
36 5154
37 5398
38 6225
39 6493
40 8318
41 11850
42 14163
43 15790
44 15573
45 15314
46 15198
47 15639
48 16723
49 17251
50 18264
51 19723
52 20034
53 20403
54 19856
55 19389
56 20009
57 19710
58 19985
59 20317
60 23322
61 25122
62 25202
63 25415
64 25069
65 24694
66 24273
67 24475
68 24782
69 26456
70 26963
71 24867
72 24933
73 25449
74 33749
75 35239
76 38466
77 37997
78 38004
79 36413
80 35853
81 34541
82 34089
83 34506
84 34728
85 34548
86 34145
87 33266
88 32138
89 32296
90 32940
91 32491
92 31976
93 30881
94 30550
95 29958
96 28703
97 27750
98 27445
99 26906
100 25921
101 25794
102 25184
103 24387
104 23850
105 23332
106 23059
107 22864
108 22652
109 22008
110 21696
111 21733
112 21798
113 21195
114 21688
115 21743
116 21719
117 22418
118 22575
119 22736
120 23035
121 23237
122 23065
123 23802
124 22821
125 22244
126 21417
127 20891
128 21172
129 21223
130 21187
131 20501
132 20030
133 19630
134 19595
135 19437
136 19462
137 19895
138 19185
139 18691
140 18569
141 18394
142 17892
143 17485
144 17455
145 17625
146 18049
147 17972
148 17350
149 16269
150 16023
151 15716
152 15077
153 14470
154 14876
155 14437
156 14351
157 13599
158 13280
159 13101
160 12993
161 12876
162 12583
163 12347
164 12029
165 11936
166 11664
167 11721
168 11426
169 11265
170 11109
171 10887
172 10858
173 10535
174 10559
175 10586
176 10241
177 9996
178 10049
179 9937
180 9697
181 9654
182 9610
183 9498
184 9204
185 9169
186 9256
187 9165
188 9109
189 8856
190 8895
191 8679
192 8608
193 8447
194 8362
195 8175
196 8259
197 7990
198 8175
199 8005
200 7891
201 7850
202 7642
203 7723
204 7571
205 7525
206 7578
207 7436
208 7286
209 7341
210 7339
211 7498
212 7458
213 7513
214 7373
215 7258
216 7148
217 7094
218 7126
219 6911
220 6633
221 6484
222 6330
223 6373
224 6134
225 6168
226 6108
227 5915
228 5588
229 5610
230 5466
231 5424
232 5339
233 5297
234 5169
235 5074
236 5068
237 4918
238 4892
239 4907
240 4783
241 4763
242 4718
243 4627
244 4624
245 4568
246 4443
247 4348
248 4290
249 4306
250 4272
251 4075
252 4159
253 4063
254 4112
255 3960
256 3940
257 3887
258 3943
259 3874
260 3726
261 3764
262 3703
263 3690
264 3608
265 3601
266 3503
267 3520
268 3441
269 3478
270 3393
271 3251
272 3355
273 3310
274 3332
275 3229
276 3264
277 3160
278 3121
279 3098
280 2980
281 2973
282 2855
283 2868
284 2758
285 2917
286 2847
287 2692
288 2754
289 2720
290 2732
291 2680
292 2570
293 2561
294 2571
295 2559
296 2577
297 2364
298 2583
299 2403
300 2445
301 2353
302 2390
303 2368
304 2317
305 2233
306 2279
307 2310
308 2247
309 2144
310 2249
311 2211
312 2138
313 2118
314 2159
315 2073
316 2080
317 2068
318 1997
319 2066
320 2050
321 2007
322 2067
323 1980
324 1928
325 1952
326 1948
327 1951
328 1952
329 1836
330 1885
331 1783
332 1771
333 1752
334 1834
335 1713
336 1609
337 1718
338 1675
339 1615
340 1597
341 1600
342 1604
343 1596
344 1640
345 1582
346 1557
347 1541
348 1541
349 1520
350 1449
351 1455
352 1462
353 1385
354 1405
355 1356
356 1354
357 1343
358 1372
359 1334
360 1364
361 1352
362 1286
363 1317
364 1291
365 1271
366 1295
367 1267
368 1239
369 1227
370 1167
371 1151
372 1197
373 1161
374 1230
375 1121
376 1201
377 1217
378 1178
379 1093
380 1187
381 1100
382 1103
383 1111
384 1052
385 1061
386 1047
387 1005
388 1002
389 1032
390 969
391 1049
392 1004
393 1000
394 965
395 939
396 1010
397 952
398 921
399 916
400 951
401 896
402 936
403 901
404 856
405 923
406 884
407 880
408 884
409 875
410 856
411 814
412 836
413 858
414 826
415 807
416 800
417 815
418 822
419 777
420 775
421 751
422 776
423 782
424 762
425 724
426 750
427 739
428 738
429 731
430 742
431 716
432 685
433 720
434 705
435 721
436 634
437 698
438 684
439 703
440 673
441 667
442 675
443 632
444 665
445 639
446 592
447 630
448 663
449 610
450 643
451 641
452 576
453 617
454 593
455 601
456 602
457 600
458 534
459 560
460 582
461 581
462 558
463 545
464 567
465 565
466 550
467 534
468 582
469 531
470 546
471 504
472 510
473 555
474 549
475 546
476 533
477 524
478 517
479 521
480 525
481 501
482 464
483 508
484 514
485 523
486 473
487 493
488 507
489 485
490 472
491 476
492 446
493 432
494 471
495 415
496 475
497 467
498 457
499 468
500 434
501 452
502 416
503 405
504 434
505 408
506 432
507 455
508 419
509 431
510 442
511 396
512 430
513 392
514 398
515 389
516 415
517 387
518 375
519 378
520 388
521 407
522 376
523 411
524 375
525 366
526 347
527 346
528 362
529 351
530 396
531 374
532 336
533 368
534 372
535 341
536 315
537 367
538 346
539 312
540 389
541 319
542 285
543 368
544 287
545 346
546 319
547 323
548 315
549 308
550 322
551 300
552 290
553 313
554 341
555 331
556 293
557 288
558 313
559 333
560 290
561 334
562 268
563 289
564 250
565 326
566 278
567 288
568 298
569 260
570 251
571 273
572 276
573 280
574 259
575 270
576 293
577 290
578 256
579 261
580 251
581 270
582 247
583 235
584 268
585 258
586 264
587 262
588 246
589 259
590 255
591 238
592 263
593 249
594 269
595 249
596 223
597 242
598 235
599 232
600 227
601 232
602 243
603 247
604 239
605 228
606 211
607 245
608 256
609 216
610 213
611 211
612 230
613 225
614 215
615 237
616 211
617 223
618 217
619 217
620 207
621 228
622 215
623 213
624 199
625 213
626 189
627 214
628 198
629 206
630 190
631 191
632 184
633 185
634 209
635 206
636 206
637 217
638 176
639 187
640 188
641 182
642 192
643 204
644 165
645 201
646 161
647 180
648 184
649 202
650 185
651 188
652 176
653 173
654 184
655 179
656 187
657 166
658 161
659 174
660 182
661 155
662 190
663 167
664 159
665 180
666 155
667 192
668 164
669 182
670 161
671 175
672 188
673 159
674 164
675 167
676 151
677 171
678 190
679 155
680 152
681 144
682 160
683 162
684 147
685 153
686 172
687 159
688 159
689 152
690 150
691 148
692 161
693 148
694 147
695 149
696 136
697 140
698 147
699 131
700 143
701 168
702 133
703 140
704 154
705 152
706 138
707 153
708 138
709 122
710 120
711 140
712 150
713 118
714 124
715 155
716 136
717 137
718 130
719 136
720 134
721 124
722 112
723 124
724 140
725 133
726 132
727 129
728 144
729 143
730 135
731 138
732 116
733 112
734 122
735 125
736 117
737 152
738 134
739 141
740 122
741 111
742 104
743 114
744 110
745 116
746 109
747 114
748 140
749 122
750 105
751 121
752 116
753 102
754 89
755 93
756 114
757 119
758 120
759 101
760 96
761 95
762 105
763 105
764 106
765 97
766 109
767 86
768 90
769 104
770 106
771 94
772 86
773 102
774 93
775 95
776 103
777 116
778 101
779 83
780 87
781 86
782 93
783 100
784 100
785 94
786 96
787 84
788 103
789 85
790 95
791 97
792 88
793 94
794 76
795 86
796 91
797 80
798 91
799 84
800 68
801 89
802 91
803 88
804 89
805 69
806 73
807 84
808 91
809 84
810 87
811 90
812 76
813 78
814 85
815 77
816 73
817 75
818 86
819 79
820 86
821 71
822 63
823 80
824 92
825 77
826 78
827 86
828 75
829 72
830 76
831 78
832 75
833 65
834 94
835 66
836 66
837 61
838 91
839 65
840 74
841 69
842 62
843 75
844 69
845 73
846 70
847 67
848 59
849 67
850 69
851 69
852 74
853 74
854 69
855 49
856 64
857 55
858 58
859 70
860 71
861 59
862 67
863 51
864 56
865 60
866 56
867 62
868 71
869 67
870 64
871 61
872 46
873 62
874 69
875 52
876 70
877 53
878 62
879 68
880 60
881 77
882 65
883 46
884 59
885 69
886 50
887 58
888 57
889 54
890 65
891 54
892 53
893 57
894 55
895 63
896 57
897 52
898 52
899 51
900 44
901 43
902 54
903 57
904 56
905 47
906 42
907 52
908 50
909 53
910 33
911 54
912 49
913 43
914 54
915 49
916 61
917 46
918 44
919 52
920 56
921 41
922 46
923 54
924 49
925 47
926 54
927 38
928 37
929 33
930 55
931 36
932 62
933 37
934 35
935 37
936 28
937 41
938 47
939 45
940 42
941 47
942 55
943 38
944 32
945 52
946 43
947 47
948 46
949 46
950 46
951 36
952 45
953 49
954 46
955 49
956 30
957 38
958 35
959 42
960 35
961 47
962 40
963 32
964 32
965 35
966 35
967 39
968 50
969 37
970 33
971 43
972 51
973 34
974 33
975 37
976 40
977 47
978 32
979 30
980 45
981 48
982 46
983 35
984 37
985 39
986 32
987 34
988 35
989 25
990 35
991 36
992 41
993 40
994 41
995 28
996 34
997 36
998 34
999 30
1000 34
1001 34
1002 23
1003 29
1004 34
1005 24
1006 31
1007 33
1008 33
1009 25
1010 32
1011 31
1012 25
1013 41
1014 25
1015 31
1016 25
1017 31
1018 30
1019 23
1020 23
1021 35
1022 35
1023 33
1024 28
1025 28
1026 38
1027 25
1028 38
1029 29
1030 35
1031 26
1032 37
1033 25
1034 29
1035 31
1036 25
1037 31
1038 29
1039 37
1040 31
1041 29
1042 28
1043 30
1044 27
1045 31
1046 27
1047 26
1048 22
1049 30
1050 36
1051 28
1052 26
1053 31
1054 29
1055 34
1056 22
1057 20
1058 23
1059 31
1060 24
1061 28
1062 13
1063 29
1064 33
1065 22
1066 28
1067 29
1068 28
1069 20
1070 26
1071 30
1072 20
1073 29
1074 27
1075 31
1076 30
1077 20
1078 23
1079 31
1080 18
1081 31
1082 22
1083 15
1084 27
1085 31
1086 26
1087 30
1088 23
1089 25
1090 21
1091 23
1092 18
1093 32
1094 31
1095 28
1096 25
1097 24
1098 23
1099 24
1100 29
1101 17
1102 24
1103 19
1104 21
1105 21
1106 12
1107 17
1108 18
1109 30
1110 25
1111 19
1112 28
1113 22
1114 31
1115 21
1116 21
1117 27
1118 36
1119 30
1120 25
1121 17
1122 18
1123 18
1124 22
1125 23
1126 21
1127 16
1128 17
1129 19
1130 31
1131 13
1132 20
1133 20
1134 18
1135 17
1136 20
1137 20
1138 20
1139 21
1140 23
1141 22
1142 18
1143 14
1144 19
1145 18
1146 24
1147 25
1148 18
1149 21
1150 30
1151 21
1152 15
1153 19
1154 21
1155 15
1156 18
1157 26
1158 22
1159 16
1160 26
1161 24
1162 27
1163 20
1164 21
1165 22
1166 15
1167 16
1168 17
1169 23
1170 22
1171 18
1172 17
1173 17
1174 18
1175 12
1176 21
1177 19
1178 21
1179 20
1180 23
1181 16
1182 9
1183 25
1184 18
1185 22
1186 15
1187 23
1188 16
1189 13
1190 20
1191 16
1192 12
1193 17
1194 16
1195 17
1196 15
1197 15
1198 20
1199 7
1200 14
1201 23
1202 19
1203 11
1204 19
1205 12
1206 14
1207 19
1208 10
1209 20
1210 20
1211 20
1212 19
1213 16
1214 14
1215 11
1216 16
1217 17
1218 20
1219 9
1220 13
1221 21
1222 26
1223 10
1224 13
1225 11
1226 10
1227 10
1228 19
1229 16
1230 16
1231 18
1232 14
1233 17
1234 15
1235 16
1236 17
1237 16
1238 9
1239 14
1240 18
1241 11
1242 12
1243 9
1244 14
1245 12
1246 16
1247 19
1248 20
1249 16
1250 16
1251 16
1252 9
1253 13
1254 17
1255 14
1256 9
1257 22
1258 20
1259 14
1260 17
1261 13
1262 16
1263 18
1264 11
1265 26
1266 15
1267 15
1268 11
1269 11
1270 14
1271 17
1272 12
1273 7
1274 14
1275 12
1276 12
1277 15
1278 10
1279 10
1280 10
1281 11
1282 13
1283 12
1284 11
1285 8
1286 15
1287 11
1288 13
1289 12
1290 14
1291 10
1292 16
1293 12
1294 16
1295 13
1296 9
1297 11
1298 15
1299 10
1300 16
1301 12
1302 15
1303 16
1304 10
1305 16
1306 20
1307 10
1308 18
1309 19
1310 11
1311 7
1312 8
1313 6
1314 11
1315 13
1316 17
1317 8
1318 8
1319 19
1320 13
1321 11
1322 11
1323 13
1324 18
1325 13
1326 15
1327 11
1328 15
1329 12
1330 7
1331 12
1332 12
1333 12
1334 8
1335 9
1336 11
1337 7
1338 13
1339 14
1340 12
1341 7
1342 8
1343 7
1344 9
1345 5
1346 10
1347 14
1348 11
1349 14
1350 9
1351 10
1352 5
1353 12
1354 7
1355 6
1356 12
1357 11
1358 10
1359 12
1360 13
1361 14
1362 13
1363 13
1364 8
1365 9
1366 9
1367 10
1368 10
1369 15
1370 9
1371 10
1372 3
1373 10
1374 5
1375 14
1376 13
1377 22
1378 9
1379 11
1380 14
1381 6
1382 13
1383 14
1384 5
1385 8
1386 11
1387 8
1388 8
1389 10
1390 15
1391 6
1392 12
1393 7
1394 13
1395 8
1396 7
1397 8
1398 16
1399 8
1400 5
1401 13
1402 13
1403 10
1404 8
1405 7
1406 11
1407 16
1408 5
1409 8
1410 11
1411 5
1412 6
1413 5
1414 8
1415 13
1416 9
1417 7
1418 10
1419 12
1420 9
1421 11
1422 13
1423 8
1424 7
1425 8
1426 13
1427 13
1428 5
1429 9
1430 9
1431 9
1432 6
1433 11
1434 7
1435 7
1436 10
1437 7
1438 12
1439 7
1440 6
1441 8
1442 12
1443 6
1444 5
1445 11
1446 10
1447 10
1448 5
1449 7
1450 14
1451 9
1452 8
1453 15
1454 6
1455 9
1456 4
1457 13
1458 9
1459 17
1460 8
1461 15
1462 4
1463 9
1464 9
1465 10
1466 8
1467 11
1468 6
1469 10
1470 8
1471 9
1472 7
1473 8
1474 6
1475 12
1476 10
1477 7
1478 7
1479 15
1480 12
1481 5
1482 8
1483 5
1484 9
1485 11
1486 4
1487 15
1488 11
1489 9
1490 4
1491 4
1492 3
1493 4
1494 5
1495 9
1496 17
1497 10
1498 5
1499 11
1500 10
1501 7
1502 6
1503 6
1504 6
1505 5
1506 11
1507 9
1508 8
1509 6
1510 8
1511 3
1512 6
1513 5
1514 4
1515 9
1516 4
1517 6
1518 6
1519 7
1520 7
1521 10
1522 5
1523 9
1524 15
1525 9
1526 12
1527 7
1528 6
1529 13
1530 7
1531 7
1532 4
1533 9
1534 10
1535 7
1537 5
1538 7
1539 9
1540 8
1541 7
1542 6
1543 5
1544 8
1545 4
1546 10
1547 12
1548 9
1549 8
1550 10
1551 3
1552 13
1553 5
1554 10
1555 7
1556 11
1557 5
1558 7
1559 4
1560 7
1561 3
1562 5
1563 5
1564 4
1565 8
1566 3
1567 11
1568 6
1569 12
1570 7
1571 8
1572 8
1573 5
1574 10
1575 7
1576 3
1577 6
1578 5
1579 6
1580 7
1581 9
1582 8
1583 10
1584 5
1585 4
1586 3
1587 7
1588 8
1589 9
1590 4
1591 6
1592 5
1593 4
1594 11
1595 7
1596 6
1597 6
1598 7
1599 8
1600 7
1601 6
1602 4
1603 2
1604 2
1605 3
1606 5
1607 8
1608 3
1609 4
1610 6
1611 7
1612 1
1613 7
1614 7
1615 6
1616 7
1617 5
1618 17
1619 8
1620 6
1621 8
1622 2
1623 5
1624 6
1625 7
1626 8
1627 12
1628 3
1629 3
1630 4
1631 7
1632 4
1633 3
1634 3
1635 6
1636 9
1637 5
1638 3
1639 7
1640 4
1641 5
1642 9
1643 5
1644 4
1645 6
1646 6
1647 6
1648 7
1649 1
1650 6
1651 5
1652 6
1653 3
1654 7
1655 6
1656 5
1657 8
1658 7
1659 9
1660 3
1661 4
1662 6
1663 2
1664 5
1665 5
1666 4
1667 6
1668 2
1669 3
1670 7
1671 1
1672 7
1673 3
1674 10
1675 4
1676 7
1677 6
1678 4
1679 8
1680 10
1681 4
1682 6
1683 6
1684 7
1685 9
1686 4
1687 8
1688 7
1689 7
1690 9
1691 3
1692 8
1693 2
1694 5
1695 9
1696 6
1697 7
1698 3
1699 2
1700 4
1701 12
1702 5
1703 3
1704 5
1705 9
1706 6
1707 12
1708 8
1709 6
1710 5
1711 3
1712 5
1713 8
1714 1
1715 6
1716 4
1717 3
1718 7
1719 6
1720 6
1721 3
1722 6
1723 4
1724 4
1725 3
1726 5
1727 5
1728 7
1729 4
1730 4
1731 7
1732 4
1733 6
1734 4
1735 5
1736 4
1737 8
1738 2
1739 5
1740 7
1741 5
1742 2
1743 6
1744 12
1745 3
1746 4
1747 2
1748 4
1749 8
1750 9
1751 3
1752 5
1753 2
1754 6
1755 7
1756 4
1757 2
1758 7
1759 3
1760 8
1761 7
1762 5
1763 5
1764 5
1765 6
1766 6
1767 7
1768 1
1769 3
1770 8
1771 6
1772 6
1773 4
1774 3
1775 6
1776 3
1777 5
1778 3
1779 6
1780 10
1781 3
1782 2
1783 3
1784 3
1785 7
1786 6
1788 5
1789 5
1790 6
1791 3
1792 5
1793 7
1794 7
1795 2
1796 8
1797 9
1798 5
1799 3
1801 7
1802 6
1803 4
1804 4
1805 4
1806 2
1807 2
1808 3
1809 4
1810 4
1811 11
1812 2
1813 2
1814 5
1815 8
1816 5
1817 1
1818 5
1819 3
1820 2
1821 4
1822 5
1823 2
1824 3
1825 2
1826 4
1827 2
1828 3
1829 6
1830 3
1831 6
1832 2
1833 2
1834 7
1835 3
1836 7
1837 4
1838 5
1839 1
1840 1
1841 3
1842 4
1843 2
1844 5
1845 6
1846 3
1847 6
1848 1
1849 3
1850 3
1851 4
1852 2
1853 5
1854 8
1855 3
1857 4
1858 5
1859 1
1860 6
1861 8
1862 3
1863 1
1864 2
1865 3
1866 3
1867 3
1868 4
1869 3
1870 5
1871 2
1872 3
1873 4
1874 5
1875 7
1876 7
1877 7
1878 9
1879 6
1880 2
1881 5
1882 2
1883 3
1884 2
1885 3
1886 5
1887 4
1888 3
1889 6
1890 4
1891 3
1892 5
1893 8
1894 8
1895 4
1896 4
1897 2
1898 6
1899 10
1900 5
1901 4
1902 7
1903 1
1904 5
1905 4
1906 5
1907 5
1908 7
1909 3
1910 4
1911 5
1912 4
1913 2
1914 3
1915 3
1916 5
1917 4
1918 10
1919 8
1920 7
1921 6
1922 4
1923 1
1924 6
1925 5
1926 2
1927 5
1928 3
1929 4
1930 2
1931 7
1932 2
1933 3
1934 6
1935 6
1936 2
1937 3
1938 4
1939 4
1940 5
1941 3
1942 3
1943 7
1944 3
1945 6
1946 6
1947 7
1948 3
1949 4
1950 4
1951 1
1952 6
1953 3
1954 5
1955 4
1956 6
1957 3
1958 6
1959 3
1960 3
1961 5
1962 2
1963 1
1965 6
1966 1
1967 4
1968 4
1969 4
1970 4
1971 1
1972 4
1973 6
1974 5
1975 2
1976 3
1977 3
1978 3
1979 3
1980 3
1981 2
1982 4
1983 1
1984 4
1985 1
1986 2
1987 2
1988 2
1989 1
1990 6
1991 3
1992 4
1993 5
1994 4
1995 9
1996 8
1997 4
1998 5
1999 3
2000 2
2001 5
2002 3
2003 5
2004 8
2005 6
2006 5
2007 8
2008 4
2009 3
2010 4
2011 6
2012 3
2013 5
2014 3
2015 4
2016 2
2017 6
2018 6
2019 4
2020 6
2021 6
2022 1
2023 3
2024 2
2025 7
2026 5
2027 2
2028 1
2029 3
2030 3
2031 4
2032 6
2033 4
2034 1
2035 3
2036 11
2037 1
2038 2
2039 6
2040 7
2041 4
2042 4
2043 2
2044 6
2045 4
2046 4
2047 7
2048 5
2049 5
2050 4
2051 7
2052 5
2053 7
2054 2
2055 2
2056 6
2057 7
2058 2
2059 1
2060 4
2061 3
2062 2
2063 3
2064 5
2065 3
2066 4
2067 1
2068 4
2070 3
2071 4
2072 7
2073 8
2074 5
2075 3
2076 3
2077 6
2078 4
2079 4
2080 2
2081 2
2082 5
2083 2
2085 7
2086 3
2087 1
2088 5
2089 1
2090 4
2091 5
2092 5
2093 7
2094 5
2095 2
2096 4
2097 4
2098 2
2099 10
2100 7
2101 7
2102 6
2103 4
2104 8
2105 4
2106 3
2107 2
2108 4
2109 3
2110 4
2111 4
2112 4
2113 2
2114 2
2115 2
2116 4
2117 2
2118 2
2119 2
2120 2
2121 8
2122 4
2123 5
2124 7
2125 2
2126 2
2127 4
2128 3
2129 2
2130 3
2131 3
2132 2
2133 2
2134 2
2135 1
2136 4
2137 2
2138 4
2139 5
2140 5
2141 1
2142 4
2143 11
2144 4
2145 4
2146 5
2147 7
2148 2
2149 6
2150 7
2151 3
2152 5
2153 2
2154 3
2155 2
2156 6
2157 4
2158 7
2159 5
2160 3
2161 1
2162 5
2163 5
2164 3
2165 4
2166 1
2167 6
2168 5
2169 4
2170 2
2171 2
2172 2
2173 5
2174 4
2175 5
2176 3
2177 5
2178 2
2179 5
2180 4
2181 3
2182 4
2183 3
2184 5
2185 4
2186 2
2187 4
2188 5
2189 4
2190 3
2191 3
2192 3
2193 3
2194 3
2195 5
2196 1
2197 3
2198 2
2199 6
2200 3
2201 5
2202 5
2203 4
2204 3
2205 3
2206 2
2207 6
2208 5
2209 1
2210 4
2211 3
2212 3
2213 2
2214 2
2215 3
2216 3
2217 3
2218 6
2219 5
2222 6
2223 2
2224 4
2225 4
2226 3
2227 5
2228 6
2229 2
2230 6
2231 2
2232 4
2233 5
2234 7
2235 7
2236 2
2237 2
2238 3
2239 6
2240 3
2241 9
2242 3
2243 3
2244 6
2245 5
2246 3
2247 3
2248 1
2249 2
2250 5
2251 2
2252 3
2253 2
2254 2
2255 7
2256 7
2257 3
2258 10
2259 2
2260 5
2261 3
2262 4
2263 1
2264 5
2265 5
2266 1
2267 6
2268 3
2269 4
2270 2
2271 4
2272 1
2273 4
2274 4
2275 3
2276 1
2277 4
2278 4
2279 5
2280 4
2281 4
2282 3
2283 3
2284 5
2285 6
2286 4
2287 3
2288 2
2289 3
2290 9
2291 4
2292 1
2293 3
2294 4
2295 3
2296 3
2297 3
2298 4
2299 3
2300 3
2301 4
2302 2
2303 2
2304 2
2305 2
2306 6
2307 4
2308 4
2309 1
2310 4
2311 2
2312 5
2313 5
2314 3
2315 4
2316 3
2317 3
2318 3
2319 5
2320 3
2321 3
2322 3
2323 2
2324 4
2325 5
2327 1
2328 2
2329 1
2330 2
2331 3
2332 1
2333 3
2334 2
2335 2
2336 1
2337 5
2338 4
2339 4
2340 4
2341 4
2342 4
2344 4
2345 2
2346 2
2347 1
2348 5
2349 4
2350 7
2351 3
2352 1
2353 5
2354 5
2355 6
2356 5
2357 3
2358 4
2359 5
2360 4
2361 2
2362 8
2363 2
2364 1
2365 3
2366 4
2367 3
2368 1
2369 4
2370 5
2371 2
2372 4
2373 2
2374 2
2375 3
2376 3
2377 3
2378 5
2379 4
2380 8
2381 4
2382 1
2383 4
2384 3
2385 5
2386 1
2387 4
2388 6
2389 4
2390 3
2391 4
2392 2
2394 4
2395 9
2396 4
2397 2
2398 6
2399 1
2400 2
2401 2
2402 2
2403 3
2404 5
2405 1
2406 5
2407 2
2408 2
2409 4
2410 6
2411 4
2412 2
2413 1
2414 2
2415 4
2416 3
2417 1
2418 3
2419 1
2420 6
2421 1
2422 3
2423 4
2424 5
2425 2
2426 4
2427 2
2428 5
2429 2
2430 2
2431 3
2432 2
2433 4
2434 4
2435 1
2436 2
2437 4
2438 3
2439 7
2440 7
2441 6
2442 5
2443 6
2444 2
2445 3
2446 3
2447 3
2448 4
2449 2
2450 4
2451 3
2452 5
2453 1
2454 1
2455 3
2456 4
2457 4
2458 5
2460 3
2461 4
2462 4
2463 5
2464 5
2465 5
2466 5
2467 2
2468 2
2469 3
2470 3
2471 4
2472 5
2473 3
2474 10
2475 3
2476 2
2477 3
2478 2
2479 2
2480 6
2481 3
2482 9
2483 3
2484 1
2485 4
2486 1
2487 3
2488 3
2489 2
2490 3
2491 3
2492 7
2493 3
2494 2
2496 2
2497 3
2498 4
2499 4
2500 2
2501 7
2502 5
2503 8
2504 2
2505 5
2506 4
2507 5
2508 3
2509 3
2510 5
2511 5
2512 5
2513 2
2514 2
2515 3
2516 3
2517 2
2518 3
2519 4
2520 3
2521 5
2522 2
2523 5
2524 3
2525 5
2526 2
2527 4
2528 4
2529 5
2530 6
2531 5
2532 1
2533 1
2534 8
2535 2
2536 3
2537 7
2538 3
2539 3
2540 3
2541 1
2542 2
2543 7
2544 1
2545 3
2546 6
2547 6
2548 7
2549 6
2550 3
2551 2
2552 4
2553 6
2554 3
2555 10
2556 5
2557 5
2558 3
2559 5
2560 3
2561 3
2562 5
2563 2
2564 1
2565 4
2566 2
2567 3
2568 6
2569 4
2570 2
2571 1
2572 4
2573 4
2574 5
2575 6
2576 4
2577 2
2578 5
2579 6
2580 5
2581 4
2582 6
2583 4
2584 4
2585 2
2586 2
2587 8
2588 2
2589 6
2590 5
2591 5
2592 1
2593 11
2594 6
2595 8
2596 5
2597 6
2598 2
2599 6
2600 3
2601 5
2602 4
2603 5
2604 7
2605 7
2606 4
2607 4
2608 7
2609 6
2610 6
2611 7
2612 1
2613 2
2614 6
2615 4
2616 5
2617 9
2618 3
2619 3
2620 4
2621 5
2622 3
2623 3
2624 5
2625 2
2626 7
2627 1
2628 6
2629 3
2630 6
2631 6
2632 4
2633 3
2634 6
2635 6
2636 2
2637 3
2638 7
2639 4
2640 2
2641 5
2642 2
2643 4
2644 6
2645 5
2646 9
2647 2
2648 8
2649 3
2650 6
2651 4
2652 2
2653 2
2654 6
2655 6
2656 2
2657 1
2658 4
2659 4
2660 5
2661 6
2662 6
2663 4
2664 5
2665 6
2666 6
2667 4
2668 2
2669 7
2670 9
2671 3
2672 1
2674 11
2675 8
2676 4
2677 3
2678 5
2679 6
2680 2
2681 3
2682 6
2683 5
2684 5
2685 6
2686 8
2687 9
2688 4
2689 5
2690 6
2691 3
2692 6
2693 3
2694 4
2695 6
2696 6
2697 4
2698 5
2699 6
2700 10
2701 8
2702 3
2703 2
2704 4
2705 3
2706 7
2707 4
2708 10
2709 5
2710 4
2711 1
2712 6
2713 4
2714 11
2715 2
2716 3
2717 6
2718 8
2719 5
2720 5
2721 5
2722 10
2723 7
2724 6
2725 10
2726 6
2727 2
2728 4
2729 4
2730 7
2731 3
2732 4
2733 2
2734 3
2735 2
2736 4
2737 5
2738 5
2739 2
2740 4
2741 3
2742 3
2743 2
2744 5
2745 4
2746 5
2747 6
2748 8
2749 5
2750 4
2751 5
2752 2
2753 4
2754 2
2755 5
2756 5
2757 7
2758 8
2759 7
2760 4
2761 1
2762 7
2763 5
2764 4
2765 2
2766 4
2767 5
2768 2
2769 7
2770 5
2771 3
2772 4
2773 5
2774 2
2775 5
2776 5
2777 9
2778 5
2779 2
2780 1
2781 2
2782 5
2783 1
2784 3
2785 9
2786 4
2787 8
2788 5
2789 7
2790 2
2791 6
2792 8
2793 2
2794 6
2795 9
2796 4
2797 2
2798 3
2799 4
2800 5
2801 4
2802 2
2803 7
2804 4
2805 4
2806 5
2807 5
2808 4
2809 7
2810 7
2811 4
2812 6
2813 8
2814 4
2815 5
2816 7
2817 3
2818 8
2819 3
2820 10
2821 4
2822 9
2823 3
2824 5
2825 2
2826 2
2827 3
2828 4
2829 4
2830 4
2831 7
2832 4
2833 5
2834 3
2835 7
2836 2
2837 4
2838 2
2839 3
2840 4
2841 6
2842 7
2843 4
2844 3
2845 1
2846 2
2847 3
2848 6
2849 3
2850 7
2851 3
2852 5
2853 4
2854 7
2855 2
2856 4
2857 5
2858 4
2859 3
2860 3
2861 3
2862 6
2863 6
2864 8
2865 1
2866 1
2867 5
2868 5
2869 3
2870 7
2871 4
2872 3
2873 5
2874 6
2875 5
2876 5
2877 2
2878 5
2879 4
2880 5
2881 1
2882 11
2883 5
2884 8
2885 7
2886 4
2887 5
2888 4
2889 3
2890 6
2891 6
2892 5
2893 3
2894 3
2895 7
2896 5
2897 3
2898 5
2899 4
2900 5
2901 7
2902 6
2903 4
2904 7
2905 6
2906 2
2907 7
2908 4
2909 6
2910 5
2911 2
2912 3
2913 1
2914 3
2915 3
2916 3
2917 3
2918 5
2919 4
2920 5
2921 4
2922 4
2923 3
2924 4
2925 6
2926 4
2927 8
2928 3
2929 1
2930 6
2931 1
2932 6
2933 5
2934 3
2935 7
2936 6
2937 3
2938 2
2939 4
2940 1
2941 4
2942 4
2943 2
2944 6
2945 6
2946 3
2947 5
2948 6
2949 5
2950 7
2951 5
2952 2
2953 2
2954 4
2955 9
2956 5
2957 4
2958 4
2959 6
2960 7
2961 3
2962 4
2963 3
2964 5
2965 6
2966 4
2967 8
2968 6
2969 3
2970 2
2971 4
2972 1
2973 5
2974 8
2975 3
2976 2
2977 2
2978 5
2979 8
2980 5
2981 5
2982 2
2983 4
2984 6
2985 8
2986 4
2987 3
2988 2
2989 3
2990 5
2991 3
2992 5
2993 5
2994 5
2995 3
2996 6
2997 4
2998 3
2999 4
3000 3
3001 2
3002 4
3003 4
3004 4
3005 7
3006 6
3007 5
3008 1
3009 8
3010 4
3011 2
3012 2
3013 5
3014 3
3015 4
3016 3
3017 4
3018 5
3019 5
3020 8
3021 3
3022 8
3023 4
3024 2
3025 4
3026 2
3027 5
3028 1
3029 5
3030 1
3031 5
3032 6
3033 8
3034 4
3035 6
3036 3
3037 3
3039 3
3040 2
3041 4
3042 1
3043 8
3044 8
3045 3
3046 2
3047 4
3048 7
3049 3
3050 3
3051 2
3052 6
3053 2
3054 1
3055 3
3056 8
3057 5
3058 2
3059 5
3060 7
3061 7
3062 2
3063 3
3064 1
3065 5
3066 3
3067 3
3068 5
3069 5
3070 3
3071 3
3072 4
3073 4
3074 3
3075 6
3076 6
3077 4
3078 1
3079 1
3080 2
3081 5
3083 1
3084 5
3085 6
3086 2
3087 6
3088 5
3089 8
3090 4
3091 1
3092 3
3093 4
3094 3
3095 4
3096 7
3097 4
3098 4
3099 5
3100 4
3101 5
3102 4
3103 6
3104 4
3105 4
3106 2
3107 4
3108 6
3109 3
3110 5
3111 9
3112 8
3113 5
3114 3
3115 1
3116 5
3117 4
3118 4
3119 6
3120 3
3121 7
3122 2
3123 4
3124 5
3125 2
3126 1
3127 6
3128 3
3129 4
3130 5
3131 2
3132 3
3133 3
3134 6
3135 3
3136 6
3137 5
3138 1
3139 8
3140 4
3141 4
3142 6
3143 4
3144 3
3145 1
3146 3
3147 3
3148 7
3149 5
3150 3
3151 2
3152 6
3153 3
3154 4
3155 3
3156 7
3157 6
3158 5
3159 4
3160 1
3161 2
3162 7
3163 2
3164 5
3165 1
3166 6
3167 3
3168 2
3169 7
3170 3
3171 1
3172 5
3173 2
3174 1
3175 3
3176 5
3177 3
3178 5
3179 6
3180 3
3181 4
3182 2
3183 2
3184 5
3185 4
3186 3
3187 5
3188 3
3189 3
3190 5
3191 6
3192 3
3193 3
3194 4
3195 1
3197 6
3198 4
3199 7
3200 5
3201 2
3202 4
3203 2
3204 4
3205 3
3206 9
3207 6
3208 6
3209 6
3210 4
3211 3
3212 3
3213 2
3214 1
3215 7
3216 4
3217 5
3218 3
3219 3
3220 2
3221 4
3222 3
3223 4
3224 2
3225 3
3226 2
3227 7
3228 5
3229 2
3230 2
3231 3
3232 3
3234 4
3235 2
3236 3
3237 4
3238 3
3239 5
3240 3
3241 6
3242 4
3243 7
3244 3
3245 4
3246 6
3247 3
3248 3
3249 5
3250 1
3251 2
3252 3
3253 3
3254 6
3255 4
3256 2
3257 6
3258 5
3259 2
3260 1
3261 5
3262 3
3263 6
3264 3
3265 5
3266 3
3267 3
3268 3
3269 3
3270 2
3271 3
3272 3
3273 3
3274 2
3275 3
3276 3
3277 6
3278 2
3279 5
3280 6
3281 7
3282 5
3283 4
3284 4
3285 2
3286 2
3287 2
3288 4
3289 2
3290 7
3291 3
3292 3
3293 2
3294 3
3295 4
3296 4
3297 5
3298 9
3299 5
3300 3
3301 1
3302 1
3303 7
3304 4
3305 3
3306 4
3307 3
3308 3
3309 4
3310 2
3311 3
3312 3
3313 8
3314 4
3315 2
3316 1
3317 2
3318 5
3319 4
3320 2
3321 3
3322 1
3323 4
3324 4
3325 1
3326 7
3327 2
3328 2
3329 2
3330 3
3331 3
3332 4
3333 3
3334 2
3335 5
3336 4
3337 2
3338 5
3339 1
3341 7
3342 3
3343 4
3344 2
3345 6
3346 4
3347 2
3348 2
3349 2
3350 4
3351 3
3352 5
3353 3
3354 9
3355 5
3356 3
3357 1
3358 4
3359 4
3360 1
3361 5
3362 4
3363 3
3364 3
3365 3
3366 6
3367 3
3368 2
3369 4
3370 2
3371 5
3373 3
3374 2
3375 8
3376 4
3377 2
3378 2
3379 4
3380 4
3381 5
3382 4
3383 4
3384 2
3385 2
3386 2
3387 2
3388 4
3389 4
3390 3
3391 2
3392 3
3393 1
3394 2
3395 4
3396 6
3397 3
3398 3
3399 6
3400 3
3401 4
3402 1
3403 4
3404 2
3405 3
3406 5
3407 3
3408 2
3409 4
3410 4
3411 2
3412 3
3413 1
3414 5
3415 3
3416 1
3417 3
3418 4
3419 1
3420 5
3421 2
3422 4
3423 3
3424 2
3425 2
3426 3
3427 4
3429 2
3430 3
3431 1
3432 2
3433 3
3435 1
3436 1
3437 1
3438 3
3439 5
3440 5
3441 1
3443 3
3444 3
3445 4
3446 2
3447 4
3448 1
3450 3
3451 2
3453 1
3454 1
3455 2
3456 4
3457 5
3458 5
3459 4
3460 2
3461 6
3462 3
3463 7
3464 2
3465 4
3466 3
3467 2
3468 2
3469 2
3470 4
3472 1
3473 1
3474 7
3475 4
3476 6
3477 2
3478 6
3479 3
3480 2
3481 3
3482 6
3483 3
3484 1
3485 7
3486 2
3487 2
3488 5
3489 4
3490 2
3491 4
3492 2
3493 6
3494 2
3495 5
3496 3
3497 5
3498 2
3499 5
3500 4
3501 3
3502 5
3503 3
3504 3
3505 5
3506 4
3507 4
3508 2
3509 1
3510 4
3511 1
3512 4
3513 2
3514 4
3515 3
3516 6
3517 1
3518 4
3519 3
3520 2
3521 2
3522 4
3523 4
3524 8
3525 2
3526 1
3527 4
3528 3
3529 6
3530 4
3531 3
3533 1
3534 3
3535 4
3536 5
3537 6
3539 2
3540 4
3541 2
3542 10
3543 3
3544 1
3545 4
3546 3
3547 3
3548 4
3549 3
3550 3
3551 3
3552 2
3553 1
3554 3
3555 4
3556 5
3557 3
3558 2
3559 1
3560 2
3561 4
3563 3
3564 3
3565 2
3566 7
3567 5
3568 4
3569 4
3570 4
3571 5
3572 2
3573 10
3574 1
3575 2
3576 3
3577 2
3578 1
3579 2
3580 1
3581 6
3582 1
3583 1
3585 1
3586 4
3587 2
3588 4
3589 1
3590 2
3591 2
3592 2
3593 4
3594 3
3595 3
3596 2
3597 4
3598 6
3599 4
3600 1
3601 2
3602 3
3603 5
3604 2
3605 2
3606 2
3607 4
3608 2
3609 6
3610 2
3611 4
3612 3
3613 2
3614 2
3615 2
3616 3
3617 2
3618 4
3619 6
3620 5
3621 3
3622 1
3623 2
3624 3
3625 2
3626 3
3627 2
3628 4
3630 5
3631 4
3632 3
3633 3
3634 4
3635 3
3636 1
3637 1
3638 2
3639 1
3640 1
3641 4
3642 4
3643 2
3644 3
3645 5
3646 1
3647 2
3648 3
3649 2
3650 1
3651 2
3652 3
3653 3
3654 3
3655 4
3656 3
3657 1
3658 2
3659 3
3660 3
3661 1
3662 2
3663 5
3664 4
3665 3
3667 4
3668 2
3669 5
3670 3
3671 2
3672 2
3673 1
3674 4
3675 5
3676 4
3677 4
3678 4
3679 4
3680 1
3681 4
3682 4
3683 6
3684 5
3685 3
3686 1
3687 1
3688 4
3689 2
3690 6
3691 3
3692 3
3693 1
3695 3
3696 3
3697 1
3698 3
3699 2
3700 4
3701 5
3702 3
3703 1
3704 6
3705 2
3706 4
3707 1
3709 3
3710 3
3711 2
3712 2
3713 6
3714 3
3715 5
3716 2
3717 4
3718 2
3719 3
3720 3
3721 2
3722 3
3723 2
3724 5
3725 3
3726 2
3727 1
3728 1
3729 8
3730 2
3731 2
3732 1
3733 3
3734 2
3735 1
3736 1
3737 3
3738 3
3739 3
3741 3
3742 3
3743 1
3744 2
3745 3
3746 3
3747 2
3748 4
3749 2
3750 5
3751 5
3752 9
3753 4
3754 1
3755 2
3757 1
3758 2
3759 4
3760 4
3761 4
3762 2
3763 3
3764 2
3765 2
3766 3
3767 1
3768 5
3769 2
3770 4
3771 4
3772 4
3773 2
3774 4
3776 2
3777 3
3779 1
3780 5
3781 6
3782 4
3783 3
3784 4
3785 6
3786 3
3787 1
3788 1
3789 3
3790 3
3792 2
3793 3
3794 2
3796 2
3797 1
3798 2
3799 2
3800 4
3802 2
3803 2
3804 4
3805 2
3806 1
3807 7
3808 5
3809 3
3810 1
3811 2
3812 4
3813 1
3814 3
3815 3
3816 2
3817 5
3818 4
3819 3
3820 1
3821 4
3822 1
3824 3
3825 4
3826 1
3827 3
3828 3
3830 3
3832 2
3834 2
3835 3
3836 4
3837 7
3838 2
3839 4
3840 2
3842 2
3843 2
3845 2
3846 5
3847 1
3848 1
3849 3
3850 2
3851 1
3852 3
3853 3
3854 3
3855 3
3856 1
3858 2
3859 3
3860 1
3861 3
3862 1
3863 1
3864 1
3865 1
3866 1
3867 3
3868 3
3869 2
3870 3
3871 3
3872 1
3873 2
3874 2
3875 1
3876 2
3877 4
3878 2
3879 1
3880 2
3881 1
3883 4
3884 2
3886 2
3887 4
3888 2
3890 2
3891 3
3892 1
3893 2
3894 4
3896 3
3897 3
3898 4
3899 2
3900 2
3901 1
3902 1
3904 2
3905 1
3906 3
3907 3
3908 2
3909 2
3910 5
3911 1
3912 1
3913 3
3914 3
3915 3
3917 4
3918 3
3919 3
3920 2
3921 4
3922 4
3923 2
3924 1
3925 3
3926 3
3927 1
3928 3
3929 2
3930 7
3931 3
3932 1
3933 5
3934 2
3935 3
3936 1
3938 1
3939 4
3940 2
3941 2
3942 4
3943 1
3944 1
3946 2
3947 2
3948 2
3949 2
3950 2
3951 3
3952 1
3953 2
3954 2
3955 1
3956 3
3957 4
3958 2
3960 1
3961 4
3962 2
3963 6
3964 3
3965 3
3966 3
3968 3
3970 4
3971 2
3972 1
3973 6
3974 2
3975 2
3976 3
3977 3
3978 1
3979 2
3980 2
3981 1
3982 1
3983 1
3984 7
3986 4
3987 1
3988 1
3989 2
3990 2
3991 4
3992 1
3993 3
3995 1
3996 2
3998 3
3999 2
4000 1
4001 2
4002 1
4003 4
4005 3
4006 3
4007 2
4008 1
4009 2
4011 1
4012 4
4013 1
4014 6
4015 5
4016 2
4017 1
4018 4
4019 3
4020 1
4021 1
4022 4
4023 1
4024 3
4025 1
4027 4
4028 1
4029 1
4030 3
4031 2
4032 2
4033 2
4034 1
4035 2
4036 3
4037 6
4038 4
4039 2
4040 1
4042 3
4043 2
4044 1
4045 3
4046 1
4047 3
4048 3
4049 4
4050 1
4052 1
4053 2
4054 2
4055 2
4057 2
4058 1
4060 2
4061 2
4062 2
4063 4
4064 1
4065 3
4066 3
4067 2
4068 1
4069 1
4071 1
4072 2
4073 4
4074 1
4075 4
4076 1
4077 2
4078 3
4079 2
4080 4
4081 1
4082 2
4083 4
4084 3
4085 1
4086 1
4087 1
4088 2
4089 1
4090 1
4091 3
4092 4
4094 1
4095 4
4096 3
4097 6
4098 2
4100 3
4101 2
4102 3
4103 1
4104 3
4106 2
4107 5
4109 1
4110 1
4111 2
4112 4
4113 4
4116 4
4117 2
4118 1
4119 1
4120 2
4121 2
4122 3
4123 3
4124 1
4125 2
4126 3
4128 2
4129 1
4130 2
4132 2
4133 2
4134 2
4135 4
4136 6
4137 2
4138 2
4140 4
4143 2
4144 1
4145 1
4146 1
4148 2
4149 2
4150 3
4151 2
4152 1
4153 3
4154 3
4155 2
4156 3
4157 2
4158 2
4159 3
4160 3
4161 2
4163 4
4164 3
4165 2
4166 3
4167 2
4168 2
4169 3
4170 2
4171 6
4172 3
4174 2
4175 2
4176 3
4177 1
4178 3
4179 7
4180 1
4181 5
4182 3
4183 3
4184 1
4185 1
4186 2
4187 2
4188 2
4189 2
4190 3
4191 4
4193 1
4194 3
4195 2
4196 4
4198 2
4199 1
4200 1
4201 4
4202 1
4203 2
4204 3
4205 2
4206 2
4207 2
4208 1
4210 4
4211 5
4212 3
4213 4
4214 1
4215 1
4216 3
4217 2
4218 3
4219 1
4220 2
4221 1
4222 3
4223 1
4224 4
4225 2
4226 3
4228 2
4230 2
4231 1
4232 1
4234 2
4235 2
4236 2
4237 2
4238 3
4239 3
4240 4
4241 1
4243 2
4244 1
4245 3
4246 2
4247 2
4248 3
4249 1
4250 1
4251 2
4253 5
4254 1
4255 3
4256 3
4257 2
4258 1
4259 2
4260 2
4261 2
4262 1
4264 2
4265 1
4267 2
4268 1
4269 4
4271 2
4272 2
4273 4
4274 3
4275 3
4276 5
4277 2
4280 2
4282 4
4284 2
4285 2
4286 2
4288 3
4289 2
4290 3
4291 1
4292 1
4293 2
4295 3
4296 1
4300 4
4301 1
4302 4
4303 2
4304 2
4306 2
4307 3
4308 2
4309 2
4310 2
4313 1
4314 2
4315 2
4316 1
4317 2
4318 1
4319 4
4320 1
4321 1
4323 2
4324 2
4325 2
4327 1
4328 1
4330 2
4331 1
4332 2
4333 1
4334 2
4335 3
4336 1
4337 1
4338 3
4339 1
4340 1
4341 1
4342 3
4343 3
4344 2
4346 2
4347 1
4348 4
4349 3
4350 1
4352 4
4353 4
4354 1
4355 1
4357 2
4358 1
4359 1
4360 1
4361 1
4362 2
4364 3
4365 5
4366 1
4367 1
4368 2
4369 2
4370 3
4371 1
4373 1
4375 2
4376 2
4378 2
4379 2
4380 1
4382 1
4383 1
4384 2
4385 1
4386 1
4387 1
4388 1
4389 1
4390 3
4391 1
4392 1
4393 2
4394 2
4395 3
4396 3
4397 1
4399 3
4400 1
4401 2
4402 1
4404 2
4405 2
4406 2
4409 2
4411 3
4412 1
4413 2
4414 1
4415 2
4416 1
4417 2
4418 2
4419 2
4420 4
4421 2
4422 2
4423 2
4424 2
4425 2
4426 1
4427 3
4429 3
4430 1
4431 6
4432 4
4433 1
4434 1
4435 1
4437 2
4438 2
4440 1
4441 1
4443 1
4444 1
4446 1
4448 2
4449 3
4450 3
4451 1
4452 1
4453 1
4455 1
4458 4
4459 4
4460 1
4461 1
4462 3
4463 1
4464 1
4465 5
4466 1
4467 3
4468 3
4469 4
4470 3
4471 1
4473 2
4474 1
4475 3
4476 1
4479 3
4480 2
4481 1
4482 1
4483 1
4484 1
4485 2
4486 1
4487 3
4488 1
4489 2
4490 1
4491 3
4492 2
4493 4
4494 1
4495 2
4497 2
4498 1
4500 2
4502 4
4503 1
4504 2
4505 2
4506 2
4507 1
4508 2
4509 3
4510 2
4511 1
4512 2
4513 1
4514 3
4515 1
4516 1
4517 2
4518 4
4519 1
4520 3
4523 4
4524 3
4525 3
4528 1
4529 1
4530 1
4531 1
4532 2
4533 1
4535 3
4536 2
4539 2
4540 4
4541 2
4542 2
4544 3
4547 1
4548 3
4550 1
4552 1
4553 2
4554 2
4555 3
4556 1
4557 4
4558 1
4559 2
4560 2
4562 2
4563 2
4565 2
4566 2
4567 3
4568 1
4569 1
4570 1
4571 3
4572 1
4573 2
4574 2
4575 1
4576 1
4577 2
4581 4
4583 3
4585 2
4586 1
4588 1
4589 1
4590 1
4591 2
4592 3
4594 1
4595 1
4596 2
4598 1
4599 1
4601 1
4602 1
4603 3
4604 2
4605 2
4606 2
4608 1
4611 1
4612 1
4614 3
4615 2
4616 2
4617 1
4618 2
4619 1
4620 2
4622 1
4623 4
4624 1
4625 4
4627 1
4628 2
4629 1
4630 1
4631 1
4632 1
4633 5
4634 1
4635 1
4636 2
4637 2
4639 2
4640 1
4641 2
4642 3
4644 2
4645 1
4646 2
4650 1
4651 3
4653 1
4654 1
4655 2
4656 2
4658 1
4660 1
4661 3
4662 2
4663 3
4664 2
4667 2
4668 1
4670 2
4671 1
4675 1
4676 3
4677 2
4678 1
4680 1
4682 2
4683 1
4684 2
4685 1
4687 2
4688 1
4689 1
4690 1
4694 1
4695 1
4696 2
4697 2
4698 1
4699 1
4702 1
4703 4
4704 3
4706 2
4708 2
4709 2
4710 1
4712 2
4713 1
4714 2
4716 3
4717 3
4718 2
4721 3
4722 3
4723 2
4724 2
4725 1
4726 1
4727 2
4728 1
4729 1
4730 3
4731 4
4732 3
4734 2
4735 1
4736 1
4738 1
4739 2
4740 4
4741 3
4742 1
4743 1
4744 2
4747 1
4748 1
4750 1
4752 2
4753 1
4755 1
4756 1
4758 2
4759 1
4760 1
4762 2
4763 1
4764 2
4765 1
4767 1
4768 1
4769 2
4770 1
4771 1
4772 1
4773 2
4775 1
4776 2
4778 2
4780 1
4781 1
4782 1
4783 1
4784 2
4785 2
4786 4
4787 2
4788 1
4790 1
4791 1
4792 1
4795 2
4796 2
4797 1
4798 2
4799 2
4800 3
4802 2
4804 1
4805 2
4806 2
4808 1
4809 2
4810 1
4811 1
4812 1
4815 2
4816 1
4817 5
4820 2
4821 1
4822 1
4823 4
4824 3
4826 2
4827 2
4828 2
4830 2
4832 1
4833 1
4835 2
4836 2
4838 1
4839 1
4842 1
4846 3
4848 2
4849 1
4851 4
4852 2
4855 3
4856 1
4857 1
4859 5
4864 3
4866 2
4867 1
4868 1
4869 2
4870 2
4873 1
4875 3
4876 2
4877 1
4878 1
4879 1
4880 1
4881 1
4883 1
4884 3
4886 1
4888 1
4889 2
4890 2
4891 2
4892 3
4893 2
4894 1
4897 4
4898 3
4899 1
4900 2
4901 1
4902 1
4905 2
4906 1
4907 1
4908 3
4909 2
4910 1
4912 2
4913 2
4914 1
4915 3
4916 2
4918 3
4920 1
4921 2
4922 2
4923 1
4926 2
4928 1
4929 2
4930 4
4931 2
4932 1
4935 1
4938 2
4939 1
4941 1
4942 2
4944 3
4945 4
4946 3
4947 2
4948 1
4951 1
4952 2
4953 3
4954 3
4956 1
4958 1
4959 1
4960 1
4961 1
4963 1
4968 2
4969 2
4973 1
4974 2
4976 1
4977 1
4978 1
4979 2
4981 2
4982 1
4984 1
4989 2
4990 1
4991 1
4993 2
4994 2
4995 1
4998 1
5000 1
5003 2
5005 1
5006 3
5008 3
5009 1
5010 1
5011 1
5012 2
5013 2
5014 1
5021 1
5022 1
5023 1
5024 1
5027 1
5028 3
5029 1
5032 2
5035 1
5036 3
5039 1
5040 1
5042 1
5043 1
5044 1
5046 3
5047 3
5048 2
5049 3
5052 1
5053 1
5054 2
5055 2
5057 1
5059 1
5060 3
5061 3
5064 1
5065 2
5066 2
5067 3
5068 1
5070 2
5071 1
5072 2
5073 1
5074 1
5075 1
5077 1
5079 1
5082 1
5083 1
5084 1
5085 2
5087 1
5089 2
5090 1
5091 2
5092 1
5093 3
5095 3
5096 1
5098 2
5099 1
5102 2
5103 1
5104 1
5107 1
5108 2
5109 2
5110 1
5111 2
5112 1
5114 3
5116 2
5118 1
5119 1
5120 2
5121 2
5125 1
5126 3
5127 1
5129 1
5130 1
5131 2
5132 2
5136 1
5139 4
5141 1
5142 2
5144 2
5145 1
5146 2
5148 2
5150 1
5154 2
5155 1
5158 1
5160 2
5161 1
5162 1
5163 1
5164 1
5165 2
5169 3
5170 1
5171 1
5172 2
5174 1
5175 2
5177 3
5178 2
5179 1
5180 2
5182 1
5183 2
5185 2
5186 1
5187 1
5188 1
5189 2
5191 1
5192 2
5193 3
5194 1
5195 1
5196 1
5198 1
5199 1
5200 3
5201 3
5203 3
5204 1
5206 2
5209 1
5211 3
5212 1
5213 2
5214 1
5215 2
5216 1
5217 1
5218 1
5219 1
5222 2
5223 1
5225 1
5227 1
5234 1
5235 2
5236 2
5237 2
5238 1
5239 1
5240 2
5242 1
5243 1
5245 3
5246 1
5248 1
5249 2
5254 1
5255 1
5256 1
5259 2
5260 1
5264 2
5265 3
5266 1
5268 2
5269 1
5271 1
5274 2
5275 2
5278 1
5279 1
5281 2
5282 1
5286 1
5287 2
5288 1
5290 2
5293 1
5294 1
5298 2
5299 1
5302 2
5303 1
5309 1
5310 1
5315 2
5316 1
5318 2
5321 1
5327 1
5328 1
5329 1
5332 2
5338 2
5340 1
5342 1
5345 3
5346 3
5349 2
5351 2
5352 1
5353 1
5355 2
5356 2
5360 3
5362 1
5366 1
5368 2
5369 1
5373 1
5374 1
5375 1
5376 2
5377 1
5378 2
5380 3
5383 1
5384 2
5385 1
5388 1
5395 1
5396 1
5399 1
5400 1
5401 3
5402 1
5403 1
5405 1
5406 2
5407 1
5408 1
5409 1
5410 1
5411 1
5412 1
5413 1
5415 2
5416 1
5417 1
5418 2
5419 2
5422 1
5424 1
5425 1
5429 1
5430 1
5431 1
5432 3
5433 1
5434 5
5437 2
5438 1
5441 2
5443 2
5444 1
5447 2
5448 1
5449 2
5450 1
5452 1
5453 2
5456 2
5457 1
5458 1
5459 1
5463 2
5466 1
5473 1
5474 2
5477 1
5478 1
5481 1
5482 2
5485 2
5486 1
5489 1
5490 3
5492 1
5493 1
5498 2
5501 1
5506 1
5508 1
5512 2
5513 2
5514 1
5515 1
5518 1
5521 1
5525 1
5526 1
5527 1
5530 1
5531 1
5535 1
5538 2
5539 1
5540 1
5542 1
5545 1
5546 1
5548 1
5550 1
5555 1
5559 1
5562 1
5564 1
5567 1
5569 1
5570 2
5571 3
5572 1
5576 1
5579 1
5581 1
5582 1
5585 3
5586 1
5587 1
5588 1
5594 1
5595 1
5601 1
5604 1
5605 1
5609 1
5610 3
5612 2
5613 1
5614 1
5615 1
5617 1
5618 2
5621 1
5625 2
5626 3
5634 1
5635 1
5639 2
5641 1
5648 3
5649 1
5650 1
5652 2
5655 1
5656 1
5657 1
5659 1
5660 1
5661 1
5662 2
5665 2
5666 1
5670 1
5671 1
5673 1
5675 2
5676 1
5678 3
5679 1
5681 2
5685 1
5686 1
5691 1
5693 1
5695 3
5697 1
5700 1
5701 1
5702 1
5707 1
5710 1
5712 1
5714 1
5717 2
5719 2
5720 1
5721 2
5723 4
5730 3
5731 1
5732 2
5733 2
5734 1
5743 2
5746 1
5752 1
5755 2
5757 1
5760 1
5761 1
5763 3
5767 2
5768 1
5770 1
5776 1
5778 1
5779 1
5781 1
5782 2
5783 1
5784 1
5786 1
5787 1
5790 1
5791 1
5792 1
5793 2
5795 1
5799 3
5800 1
5801 1
5808 1
5811 3
5812 1
5813 1
5815 1
5817 1
5818 1
5823 3
5827 2
5830 2
5839 1
5842 1
5843 1
5844 3
5845 1
5848 1
5850 1
5854 1
5855 1
5856 1
5858 1
5860 1
5867 1
5868 1
5869 2
5871 1
5872 1
5875 1
5881 1
5884 1
5888 2
5889 1
5892 2
5893 2
5894 2
5899 2
5901 1
5902 1
5904 1
5906 1
5907 1
5909 1
5910 1
5911 2
5916 1
5918 1
5920 2
5924 1
5929 1
5932 1
5933 1
5936 1
5938 1
5940 1
5945 1
5949 2
5953 1
5958 1
5959 1
5966 1
5969 1
5971 1
5972 1
5973 1
5977 1
5980 1
5982 1
5984 1
5985 1
5987 1
5988 1
5989 1
5998 1
5999 1
6001 2
6003 1
6004 1
6007 1
6008 1
6010 1
6013 1
6015 1
6019 1
6021 3
6026 1
6027 1
6030 1
6032 1
6035 1
6037 1
6038 1
6042 1
6048 1
6050 1
6051 1
6055 1
6056 1
6057 1
6058 1
6059 1
6060 2
6062 1
6063 1
6066 2
6067 1
6068 1
6069 2
6070 1
6072 1
6076 1
6077 2
6086 1
6088 2
6090 1
6091 1
6094 1
6095 1
6099 1
6102 1
6106 1
6107 1
6108 1
6109 1
6112 1
6116 1
6117 1
6118 1
6119 1
6120 1
6123 2
6124 1
6125 1
6126 1
6128 1
6131 2
6136 1
6138 2
6141 1
6142 1
6145 1
6147 1
6150 1
6152 1
6154 2
6156 3
6158 2
6160 1
6161 2
6164 1
6166 1
6167 1
6171 2
6174 1
6175 1
6176 1
6177 1
6180 1
6181 1
6182 1
6184 1
6187 1
6188 1
6190 1
6192 1
6196 1
6197 1
6198 1
6200 1
6201 1
6205 1
6208 1
6210 1
6216 1
6217 1
6218 1
6221 1
6222 1
6225 1
6234 1
6239 1
6240 1
6241 1
6247 2
6254 1
6256 1
6258 3
6259 1
6261 1
6262 1
6265 2
6272 2
6273 2
6278 2
6279 1
6285 1
6289 1
6292 1
6297 2
6298 1
6300 2
6303 1
6307 2
6310 1
6319 1
6322 1
6329 2
6332 1
6333 1
6335 1
6336 1
6337 1
6340 1
6342 2
6344 1
6351 2
6358 1
6360 1
6362 1
6368 1
6374 1
6376 1
6379 1
6380 1
6389 1
6394 1
6396 1
6403 1
6404 2
6415 1
6418 1
6420 1
6421 1
6425 1
6426 2
6427 1
6429 1
6432 1
6433 1
6437 1
6438 1
6448 1
6449 3
6451 1
6453 1
6458 1
6462 1
6467 1
6470 1
6472 2
6476 1
6481 1
6486 1
6488 1
6489 1
6492 1
6493 1
6500 1
6502 1
6506 1
6507 4
6508 2
6509 1
6511 1
6515 1
6520 3
6522 1
6525 1
6526 1
6527 1
6528 1
6529 1
6531 1
6534 1
6539 2
6541 1
6543 1
6547 1
6551 1
6575 1
6576 1
6578 1
6582 1
6592 1
6594 1
6600 1
6602 1
6606 1
6620 1
6621 1
6633 1
6642 1
6649 3
6652 1
6653 2
6656 1
6657 1
6658 1
6661 1
6669 1
6678 2
6682 1
6694 1
6697 2
6698 1
6715 1
6719 2
6742 1
6743 1
6745 1
6747 1
6752 2
6761 1
6774 1
6775 1
6778 1
6779 1
6781 1
6787 1
6790 1
6791 1
6798 1
6803 1
6820 1
6822 1
6831 1
6832 1
6833 1
6834 2
6839 1
6842 1
6844 1
6847 1
6848 1
6860 2
6864 1
6866 1
6872 1
6883 1
6885 1
6889 1
6891 2
6899 1
6902 1
6904 1
6905 1
6908 1
6917 1
6919 1
6922 1
6923 1
6925 1
6926 1
6930 1
6932 1
6936 1
6938 1
6944 1
6951 1
6958 1
6959 1
6964 1
6967 1
6970 1
6975 1
6977 1
6978 2
6989 1
7000 1
7008 1
7024 1
7028 1
7029 1
7031 1
7035 1
7037 1
7045 1
7050 1
7059 1
7071 1
7085 1
7093 1
7098 2
7120 1
7129 1
7132 1
7135 1
7136 1
7145 1
7156 1
7158 1
7160 1
7173 1
7181 1
7184 1
7199 1
7200 1
7201 1
7204 1
7206 1
7212 1
7214 1
7216 1
7219 2
7220 1
7221 1
7229 1
7240 1
7251 1
7264 1
7275 1
7281 1
7285 1
7299 1
7300 1
7306 1
7312 1
7316 1
7321 1
7322 1
7323 1
7325 1
7328 1
7330 1
7333 1
7334 1
7343 1
7350 1
7351 1
7352 1
7353 1
7354 1
7368 1
7370 2
7373 1
7383 1
7387 1
7395 1
7400 1
7411 1
7418 1
7427 1
7437 1
7442 2
7443 1
7474 1
7476 1
7480 1
7484 1
7487 1
7491 2
7501 1
7502 1
7505 1
7512 1
7529 1
7541 1
7546 1
7564 1
7565 1
7576 1
7583 1
7590 1
7597 1
7601 2
7603 1
7604 1
7613 2
7621 1
7624 1
7635 1
7636 1
7644 1
7679 1
7681 1
7682 1
7689 1
7695 1
7762 1
7763 1
7778 1
7784 1
7789 1
7790 1
7803 1
7830 1
7836 1
7855 1
7866 1
7881 1
7900 1
7905 1
7942 1
7947 1
7952 1
7959 1
7979 1
7989 1
7992 1
7998 1
8012 1
8041 1
8066 1
8070 1
8110 1
8114 1
8115 1
8122 1
8135 1
8160 1
8167 1
8179 1
8181 1
8251 1
8299 1
8307 1
8310 1
8319 1
8336 1
8343 1
8360 1
8365 1
8416 1
8417 1
8444 1
8449 2
8467 1
8489 1
8495 1
8510 1
8521 1
8541 1
8542 1
8553 1
8554 1
8564 1
8566 1
8569 1
8632 1
8633 1
8646 1
8659 1
8674 1
8681 1
8703 1
8707 1
8715 1
8717 1
8718 1
8738 1
8745 1
8748 1
8779 1
8800 1
8801 1
8873 1
8906 1
8918 1
9010 1
9016 1
9054 1
9068 1
9091 1
9096 1
9098 1
9100 1
9104 1
9106 1
9149 1
9154 1
9204 1
9240 1
9251 1
9280 1
9289 2
9325 1
9373 1
9565 1
9601 1
9801 1
9878 1
9903 1
9929 1
10017 1
10031 1
10092 1
10154 1
10196 1
10313 1
10392 1
10511 1
10543 1
10641 1
10698 1
10747 1
10787 1
10972 1
11073 1
11083 1
11115 1
11133 1
11174 1
11235 1
11257 1
11267 1
11495 1
11509 1
11577 1
11600 1
11981 1
12012 1
12277 1
12603 1
12703 1
12808 1
13603 1
14739 1
