34 5
35 392
36 2475
37 4553
38 5278
39 5589
40 6656
41 10541
42 11355
43 11379
44 11319
45 12237
46 14069
47 15035
48 16191
49 17762
50 18600
51 19530
52 20786
53 20765
54 21386
55 21883
56 24016
57 26689
58 27484
59 27385
60 27431
61 28716
62 27899
63 27276
64 26795
65 26948
66 26552
67 27161
68 27634
69 27729
70 28131
71 29585
72 30509
73 30647
74 30633
75 31319
76 31479
77 30585
78 31662
79 31459
80 30937
81 30569
82 30300
83 30168
84 29908
85 28617
86 27776
87 27483
88 27885
89 28179
90 27860
91 29645
92 29825
93 29756
94 30322
95 31482
96 32186
97 32639
98 32304
99 32347
100 32295
101 31037
102 29576
103 29885
104 29634
105 29168
106 28849
107 28708
108 27893
109 27794
110 27419
111 26759
112 26477
113 26145
114 25298
115 24911
116 24229
117 23499
118 23154
119 22562
120 22250
121 22232
122 21750
123 21910
124 22507
125 22615
126 22605
127 22396
128 22009
129 21335
130 21029
131 20765
132 20454
133 20158
134 20642
135 19823
136 19528
137 19362
138 19012
139 18493
140 18355
141 18113
142 17570
143 17206
144 16669
145 16158
146 15967
147 15826
148 15678
149 15681
150 15358
151 15151
152 14947
153 15057
154 14796
155 14622
156 14282
157 14367
158 14045
159 13753
160 13551
161 13620
162 13156
163 13014
164 12957
165 12846
166 12640
167 12458
168 12164
169 11644
170 11553
171 11507
172 10937
173 10985
174 10813
175 10714
176 10700
177 10592
178 10718
179 10738
180 10369
181 10563
182 10539
183 10149
184 10056
185 9971
186 10038
187 9601
188 9653
189 9485
190 9358
191 9172
192 8803
193 8530
194 8370
195 8483
196 8120
197 8006
198 7851
199 7751
200 7728
201 7753
202 7665
203 7619
204 7580
205 7334
206 7172
207 7095
208 6977
209 6866
210 6756
211 6780
212 6587
213 6629
214 6559
215 6582
216 6437
217 6350
218 6234
219 6081
220 6050
221 5976
222 5858
223 5722
224 5629
225 5663
226 5535
227 5429
228 5456
229 5273
230 5092
231 4901
232 4997
233 4876
234 4783
235 4730
236 4577
237 4495
238 4555
239 4404
240 4445
241 4320
242 4221
243 4232
244 4232
245 3992
246 3947
247 3906
248 3875
249 3741
250 3674
251 3641
252 3663
253 3670
254 3439
255 3554
256 3463
257 3479
258 3456
259 3377
260 3320
261 3288
262 3307
263 3291
264 3195
265 3160
266 3071
267 3075
268 3029
269 2950
270 3078
271 2948
272 2940
273 2856
274 2853
275 2811
276 2747
277 2668
278 2698
279 2568
280 2710
281 2549
282 2538
283 2473
284 2425
285 2421
286 2480
287 2452
288 2435
289 2400
290 2363
291 2251
292 2300
293 2333
294 2317
295 2200
296 2171
297 2178
298 2193
299 2123
300 2149
301 2123
302 2038
303 2146
304 2043
305 2116
306 2063
307 2056
308 1983
309 2051
310 1970
311 1960
312 1883
313 1907
314 1899
315 1872
316 1793
317 1825
318 1754
319 1775
320 1786
321 1687
322 1691
323 1644
324 1633
325 1657
326 1623
327 1619
328 1568
329 1584
330 1534
331 1600
332 1546
333 1549
334 1554
335 1514
336 1504
337 1491
338 1403
339 1413
340 1374
341 1438
342 1416
343 1353
344 1402
345 1328
346 1393
347 1269
348 1316
349 1329
350 1291
351 1257
352 1335
353 1285
354 1272
355 1214
356 1177
357 1260
358 1228
359 1221
360 1148
361 1156
362 1173
363 1082
364 1117
365 1094
366 1123
367 1129
368 1081
369 1059
370 1037
371 1065
372 1069
373 1028
374 1072
375 985
376 944
377 986
378 955
379 977
380 1020
381 977
382 978
383 975
384 927
385 944
386 964
387 873
388 979
389 904
390 949
391 916
392 896
393 904
394 878
395 915
396 831
397 910
398 875
399 857
400 868
401 851
402 825
403 848
404 790
405 844
406 813
407 855
408 835
409 851
410 758
411 778
412 787
413 805
414 789
415 768
416 742
417 788
418 753
419 798
420 766
421 746
422 756
423 743
424 665
425 733
426 719
427 746
428 701
429 765
430 768
431 660
432 645
433 680
434 675
435 715
436 677
437 698
438 630
439 646
440 707
441 639
442 699
443 639
444 640
445 655
446 649
447 629
448 665
449 636
450 646
451 657
452 614
453 649
454 582
455 623
456 563
457 639
458 556
459 598
460 651
461 572
462 600
463 600
464 544
465 581
466 565
467 538
468 551
469 607
470 570
471 598
472 544
473 569
474 530
475 544
476 533
477 531
478 541
479 525
480 570
481 548
482 578
483 601
484 559
485 501
486 525
487 494
488 541
489 532
490 516
491 509
492 515
493 501
494 530
495 480
496 520
497 479
498 515
499 476
500 476
501 490
502 485
503 453
504 488
505 495
506 477
507 419
508 497
509 485
510 473
511 477
512 452
513 475
514 432
515 445
516 422
517 483
518 487
519 468
520 462
521 438
522 433
523 458
524 398
525 426
526 444
527 426
528 412
529 464
530 427
531 410
532 383
533 371
534 392
535 453
536 387
537 366
538 407
539 399
540 405
541 387
542 400
543 394
544 400
545 435
546 352
547 425
548 367
549 344
550 384
551 370
552 381
553 353
554 376
555 359
556 369
557 353
558 333
559 345
560 324
561 372
562 350
563 384
564 341
565 343
566 341
567 370
568 349
569 358
570 336
571 339
572 325
573 328
574 347
575 342
576 311
577 286
578 316
579 276
580 291
581 319
582 318
583 290
584 298
585 349
586 333
587 259
588 294
589 300
590 311
591 326
592 294
593 313
594 276
595 297
596 291
597 292
598 308
599 253
600 281
601 259
602 258
603 286
604 254
605 277
606 286
607 244
608 251
609 254
610 281
611 265
612 251
613 264
614 259
615 228
616 263
617 264
618 249
619 246
620 275
621 270
622 255
623 241
624 248
625 276
626 259
627 255
628 242
629 227
630 284
631 214
632 216
633 258
634 222
635 259
636 250
637 197
638 242
639 234
640 208
641 221
642 219
643 193
644 238
645 219
646 235
647 234
648 208
649 212
650 247
651 222
652 207
653 225
654 211
655 230
656 212
657 221
658 195
659 188
660 184
661 216
662 210
663 224
664 215
665 208
666 201
667 193
668 200
669 205
670 191
671 218
672 188
673 185
674 192
675 212
676 173
677 202
678 194
679 202
680 187
681 185
682 199
683 199
684 191
685 171
686 170
687 183
688 178
689 185
690 192
691 189
692 176
693 157
694 179
695 179
696 162
697 180
698 183
699 155
700 175
701 165
702 150
703 174
704 170
705 171
706 174
707 160
708 155
709 178
710 180
711 177
712 151
713 134
714 177
715 166
716 176
717 161
718 172
719 163
720 170
721 148
722 185
723 164
724 136
725 154
726 144
727 162
728 151
729 175
730 152
731 154
732 148
733 172
734 167
735 157
736 139
737 146
738 152
739 169
740 162
741 134
742 139
743 185
744 152
745 163
746 145
747 144
748 144
749 160
750 154
751 140
752 158
753 142
754 151
755 138
756 125
757 131
758 148
759 143
760 141
761 134
762 126
763 142
764 130
765 128
766 145
767 153
768 129
769 128
770 136
771 111
772 134
773 132
774 118
775 123
776 124
777 110
778 112
779 129
780 123
781 136
782 117
783 130
784 123
785 119
786 115
787 118
788 122
789 126
790 118
791 83
792 134
793 125
794 116
795 113
796 120
797 152
798 112
799 120
800 116
801 102
802 122
803 122
804 120
805 111
806 109
807 122
808 102
809 103
810 115
811 107
812 107
813 106
814 107
815 96
816 108
817 101
818 102
819 101
820 105
821 118
822 115
823 109
824 101
825 107
826 110
827 104
828 94
829 108
830 104
831 93
832 92
833 98
834 93
835 121
836 98
837 97
838 109
839 112
840 105
841 92
842 88
843 79
844 100
845 101
846 83
847 93
848 93
849 95
850 85
851 82
852 80
853 89
854 96
855 100
856 88
857 90
858 105
859 91
860 95
861 97
862 80
863 99
864 63
865 93
866 98
867 86
868 109
869 79
870 81
871 89
872 92
873 82
874 79
875 74
876 98
877 85
878 76
879 86
880 83
881 75
882 86
883 106
884 97
885 89
886 89
887 89
888 77
889 98
890 85
891 82
892 87
893 89
894 70
895 79
896 83
897 89
898 85
899 70
900 68
901 80
902 82
903 73
904 80
905 82
906 85
907 76
908 70
909 69
910 79
911 64
912 76
913 60
914 75
915 77
916 79
917 70
918 84
919 58
920 66
921 79
922 64
923 76
924 65
925 59
926 76
927 61
928 77
929 59
930 75
931 78
932 65
933 74
934 67
935 73
936 65
937 73
938 76
939 62
940 66
941 55
942 75
943 69
944 58
945 56
946 59
947 65
948 54
949 64
950 59
951 75
952 63
953 71
954 71
955 54
956 82
957 70
958 65
959 69
960 73
961 60
962 80
963 48
964 46
965 49
966 53
967 63
968 49
969 68
970 54
971 51
972 67
973 58
974 52
975 50
976 71
977 50
978 45
979 59
980 57
981 50
982 55
983 60
984 53
985 47
986 63
987 63
988 64
989 45
990 63
991 53
992 53
993 58
994 56
995 55
996 56
997 71
998 51
999 61
1000 39
1001 63
1002 57
1003 55
1004 51
1005 50
1006 57
1007 63
1008 60
1009 61
1010 66
1011 49
1012 59
1013 41
1014 64
1015 60
1016 52
1017 46
1018 59
1019 35
1020 54
1021 41
1022 52
1023 62
1024 49
1025 58
1026 45
1027 41
1028 54
1029 49
1030 50
1031 44
1032 57
1033 45
1034 41
1035 39
1036 47
1037 41
1038 40
1039 46
1040 68
1041 48
1042 59
1043 52
1044 49
1045 48
1046 55
1047 51
1048 43
1049 44
1050 52
1051 44
1052 51
1053 49
1054 56
1055 51
1056 48
1057 39
1058 56
1059 56
1060 45
1061 47
1062 64
1063 35
1064 32
1065 41
1066 48
1067 40
1068 57
1069 45
1070 36
1071 46
1072 48
1073 36
1074 26
1075 55
1076 54
1077 36
1078 52
1079 48
1080 43
1081 47
1082 45
1083 46
1084 40
1085 49
1086 38
1087 52
1088 44
1089 49
1090 39
1091 42
1092 47
1093 48
1094 39
1095 51
1096 46
1097 36
1098 36
1099 51
1100 39
1101 40
1102 42
1103 46
1104 45
1105 35
1106 45
1107 32
1108 29
1109 35
1110 40
1111 38
1112 42
1113 39
1114 49
1115 34
1116 43
1117 32
1118 41
1119 49
1120 34
1121 32
1122 40
1123 38
1124 37
1125 39
1126 48
1127 42
1128 35
1129 43
1130 39
1131 30
1132 37
1133 28
1134 40
1135 35
1136 42
1137 46
1138 33
1139 22
1140 28
1141 36
1142 39
1143 34
1144 35
1145 37
1146 30
1147 40
1148 37
1149 34
1150 35
1151 26
1152 32
1153 37
1154 40
1155 44
1156 40
1157 31
1158 33
1159 40
1160 42
1161 24
1162 36
1163 29
1164 39
1165 37
1166 20
1167 28
1168 37
1169 41
1170 30
1171 35
1172 38
1173 33
1174 26
1175 28
1176 36
1177 37
1178 34
1179 38
1180 31
1181 26
1182 48
1183 27
1184 37
1185 34
1186 32
1187 33
1188 34
1189 32
1190 26
1191 43
1192 21
1193 37
1194 25
1195 31
1196 34
1197 30
1198 37
1199 26
1200 29
1201 44
1202 29
1203 31
1204 33
1205 30
1206 21
1207 19
1208 31
1209 16
1210 29
1211 32
1212 30
1213 24
1214 37
1215 35
1216 29
1217 28
1218 34
1219 23
1220 25
1221 37
1222 37
1223 31
1224 20
1225 25
1226 28
1227 32
1228 30
1229 32
1230 29
1231 31
1232 21
1233 29
1234 19
1235 23
1236 33
1237 23
1238 24
1239 30
1240 24
1241 35
1242 29
1243 24
1244 27
1245 22
1246 27
1247 28
1248 24
1249 16
1250 31
1251 28
1252 21
1253 27
1254 33
1255 43
1256 30
1257 27
1258 23
1259 28
1260 20
1261 32
1262 21
1263 20
1264 22
1265 20
1266 27
1267 17
1268 26
1269 27
1270 16
1271 33
1272 17
1273 27
1274 28
1275 24
1276 22
1277 31
1278 25
1279 21
1280 29
1281 33
1282 25
1283 23
1284 28
1285 29
1286 23
1287 29
1288 15
1289 21
1290 20
1291 28
1292 30
1293 28
1294 20
1295 27
1296 20
1297 17
1298 23
1299 32
1300 25
1301 26
1302 18
1303 22
1304 19
1305 17
1306 24
1307 30
1308 28
1309 18
1310 15
1311 15
1312 15
1313 23
1314 18
1315 26
1316 30
1317 20
1318 20
1319 25
1320 18
1321 29
1322 16
1323 16
1324 21
1325 19
1326 19
1327 23
1328 18
1329 17
1330 17
1331 14
1332 18
1333 25
1334 21
1335 19
1336 28
1337 24
1338 19
1339 26
1340 16
1341 28
1342 14
1343 27
1344 26
1345 25
1346 20
1347 21
1348 19
1349 19
1350 21
1351 25
1352 20
1353 19
1354 17
1355 17
1356 19
1357 20
1358 18
1359 22
1360 14
1361 18
1362 22
1363 24
1364 21
1365 23
1366 29
1367 21
1368 25
1369 23
1370 17
1371 15
1372 21
1373 17
1374 16
1375 21
1376 22
1377 18
1378 22
1379 15
1380 20
1381 21
1382 19
1383 23
1384 20
1385 21
1386 18
1387 18
1388 17
1389 17
1390 24
1391 16
1392 18
1393 26
1394 17
1395 22
1396 28
1397 19
1398 22
1399 22
1400 15
1401 20
1402 18
1403 18
1404 24
1405 18
1406 20
1407 14
1408 20
1409 23
1410 13
1411 17
1412 24
1413 18
1414 12
1415 11
1416 23
1417 21
1418 18
1419 11
1420 18
1421 19
1422 22
1423 20
1424 11
1425 14
1426 23
1427 18
1428 17
1429 15
1430 22
1431 17
1432 18
1433 19
1434 22
1435 24
1436 19
1437 23
1438 13
1439 15
1440 13
1441 20
1442 13
1443 15
1444 17
1445 20
1446 21
1447 15
1448 21
1449 17
1450 16
1451 23
1452 20
1453 13
1454 20
1455 24
1456 15
1457 12
1458 17
1459 10
1460 14
1461 14
1462 25
1463 14
1464 18
1465 18
1466 18
1467 20
1468 16
1469 14
1470 27
1471 24
1472 11
1473 13
1474 15
1475 19
1476 16
1477 15
1478 14
1479 24
1480 18
1481 12
1482 19
1483 12
1484 18
1485 11
1486 16
1487 15
1488 12
1489 7
1490 12
1491 19
1492 11
1493 11
1494 23
1495 16
1496 13
1497 21
1498 15
1499 15
1500 16
1501 13
1502 15
1503 17
1504 13
1505 23
1506 7
1507 17
1508 16
1509 16
1510 9
1511 13
1512 17
1513 12
1514 23
1515 17
1516 11
1517 7
1518 20
1519 18
1520 11
1521 14
1522 9
1523 10
1524 7
1525 16
1526 9
1527 14
1528 14
1529 21
1530 12
1531 9
1532 16
1533 11
1534 14
1535 17
1536 10
1537 9
1538 14
1539 16
1540 12
1541 17
1542 16
1543 13
1544 20
1545 19
1546 12
1547 18
1548 7
1549 10
1550 15
1551 9
1552 16
1553 9
1554 13
1555 15
1556 18
1557 11
1558 11
1559 9
1560 14
1561 9
1562 12
1563 10
1564 14
1565 9
1566 11
1567 13
1568 9
1569 10
1570 17
1571 13
1572 9
1573 15
1574 10
1575 8
1576 13
1577 13
1578 15
1579 13
1580 15
1581 15
1582 15
1583 12
1584 14
1585 12
1586 12
1587 24
1588 12
1589 13
1590 13
1591 6
1592 10
1593 7
1594 15
1595 11
1596 17
1597 9
1598 7
1599 13
1600 10
1601 16
1602 9
1603 10
1604 8
1605 13
1606 15
1607 12
1608 11
1609 20
1610 13
1611 9
1612 12
1613 8
1614 13
1615 11
1616 6
1617 21
1618 8
1619 15
1620 11
1621 11
1622 9
1623 6
1624 10
1625 17
1626 5
1627 10
1628 10
1629 8
1630 13
1631 11
1632 12
1633 4
1634 12
1635 7
1636 16
1637 7
1638 12
1639 15
1640 13
1641 6
1642 5
1643 10
1644 9
1645 3
1646 12
1647 11
1648 15
1649 12
1650 12
1651 11
1652 14
1653 8
1654 12
1655 13
1656 13
1657 15
1658 6
1659 12
1660 7
1661 12
1662 10
1663 15
1664 11
1665 9
1666 7
1667 4
1668 9
1669 10
1670 9
1671 11
1672 9
1673 11
1674 8
1675 6
1676 9
1677 13
1678 14
1679 8
1680 10
1681 2
1682 7
1683 8
1684 14
1685 5
1686 8
1687 8
1688 15
1689 12
1690 5
1691 12
1692 18
1693 10
1694 8
1695 10
1696 11
1697 8
1698 4
1699 8
1700 17
1701 13
1702 12
1703 9
1704 13
1705 8
1706 6
1707 11
1708 11
1709 8
1710 10
1711 15
1712 11
1713 5
1714 9
1715 13
1716 7
1717 11
1718 8
1719 12
1720 16
1721 17
1722 5
1723 2
1724 9
1725 9
1726 13
1727 6
1728 10
1729 2
1730 8
1731 8
1732 8
1733 8
1734 9
1735 9
1736 7
1737 7
1738 4
1739 6
1740 8
1741 9
1742 7
1743 8
1744 4
1745 8
1746 10
1747 7
1748 13
1749 7
1750 5
1751 6
1752 12
1753 6
1754 7
1755 10
1756 6
1757 9
1758 10
1759 8
1760 8
1761 9
1762 8
1763 6
1764 11
1765 5
1766 5
1767 6
1768 7
1769 7
1770 14
1771 9
1772 6
1773 10
1774 9
1775 9
1776 8
1777 6
1778 6
1779 6
1780 7
1781 8
1782 5
1783 5
1784 7
1785 10
1786 10
1787 8
1788 4
1789 2
1790 8
1791 3
1792 11
1793 14
1794 5
1795 8
1796 6
1797 7
1798 5
1799 5
1800 7
1801 5
1802 5
1803 5
1804 7
1805 8
1806 6
1807 8
1808 8
1809 9
1810 7
1811 6
1812 6
1813 9
1814 9
1815 2
1816 6
1817 7
1818 5
1819 4
1820 7
1821 13
1822 8
1823 5
1824 8
1825 11
1826 10
1827 11
1828 9
1829 5
1830 4
1831 4
1832 7
1833 4
1834 2
1835 7
1836 8
1837 6
1838 3
1839 6
1840 3
1841 11
1842 5
1843 5
1844 5
1845 3
1846 10
1847 5
1848 7
1849 9
1850 3
1851 4
1852 14
1853 2
1854 7
1855 4
1856 8
1857 7
1858 10
1859 6
1860 4
1861 5
1862 9
1863 10
1864 2
1865 3
1866 8
1867 4
1868 7
1869 5
1870 7
1871 6
1872 7
1873 4
1874 10
1875 6
1876 11
1877 7
1878 5
1879 6
1880 7
1881 6
1882 11
1883 10
1884 2
1885 9
1886 7
1887 2
1888 6
1889 10
1890 5
1891 5
1892 7
1893 4
1894 7
1895 6
1896 8
1897 6
1898 5
1899 8
1900 5
1901 9
1902 5
1903 4
1904 7
1905 8
1906 4
1907 6
1908 7
1909 11
1910 1
1911 8
1912 5
1913 3
1914 6
1915 4
1916 5
1917 4
1918 12
1919 5
1920 5
1921 3
1922 5
1923 7
1924 4
1925 10
1926 5
1927 8
1928 6
1929 6
1930 5
1931 2
1932 8
1933 5
1934 3
1935 4
1936 6
1937 6
1938 6
1939 8
1940 4
1941 4
1942 5
1943 4
1944 6
1945 7
1946 3
1947 2
1948 4
1949 2
1950 4
1951 1
1952 8
1953 4
1954 4
1955 4
1956 3
1957 7
1959 4
1960 4
1961 2
1962 5
1963 3
1964 4
1965 7
1966 5
1967 6
1968 7
1969 5
1970 5
1971 6
1972 8
1973 4
1974 8
1975 10
1976 4
1977 4
1978 3
1979 5
1980 4
1981 4
1982 6
1983 7
1984 3
1985 3
1986 6
1987 5
1988 6
1989 6
1990 4
1991 6
1992 1
1993 6
1994 5
1995 4
1996 6
1997 9
1998 7
1999 4
2000 9
2001 9
2002 6
2003 3
2004 4
2005 3
2006 3
2007 4
2008 4
2009 4
2010 5
2011 3
2012 8
2013 4
2014 8
2015 4
2016 3
2017 6
2018 4
2019 5
2020 5
2021 6
2022 6
2023 8
2024 10
2025 5
2026 2
2027 6
2028 9
2029 5
2030 7
2031 5
2032 8
2033 3
2034 3
2035 4
2036 4
2037 3
2038 3
2039 5
2040 5
2041 3
2042 3
2043 5
2044 6
2045 8
2046 3
2047 9
2048 3
2049 4
2050 3
2051 5
2052 6
2053 4
2054 2
2055 6
2056 1
2057 3
2058 3
2059 8
2060 3
2061 4
2062 1
2063 4
2064 3
2065 1
2066 2
2067 7
2068 8
2069 7
2070 4
2071 5
2072 5
2073 6
2074 5
2075 9
2076 7
2077 3
2078 2
2079 5
2080 4
2081 4
2082 4
2083 4
2084 4
2085 2
2086 1
2087 1
2088 5
2089 5
2090 2
2091 3
2092 7
2093 8
2094 4
2095 6
2096 3
2097 4
2098 2
2099 2
2100 6
2101 1
2102 8
2103 5
2105 6
2106 4
2107 2
2108 4
2109 4
2110 5
2111 3
2112 2
2113 2
2114 8
2115 4
2116 4
2117 1
2118 5
2119 3
2120 3
2121 7
2122 2
2123 3
2124 2
2125 2
2126 5
2127 5
2128 3
2129 5
2130 3
2131 1
2132 3
2133 3
2134 2
2135 4
2136 4
2137 4
2138 3
2139 4
2140 4
2141 4
2142 4
2143 3
2144 3
2145 2
2146 5
2147 4
2148 6
2149 4
2150 4
2151 7
2152 1
2153 3
2154 7
2155 2
2156 6
2157 4
2158 4
2159 7
2160 9
2161 4
2162 6
2163 3
2164 3
2165 4
2166 2
2167 4
2168 2
2169 4
2170 5
2171 3
2172 3
2173 3
2174 4
2175 1
2176 6
2177 1
2178 2
2179 4
2180 4
2181 8
2182 3
2183 2
2184 4
2185 3
2186 2
2187 5
2188 1
2189 7
2190 3
2191 4
2192 2
2194 1
2195 2
2196 2
2197 3
2198 1
2199 4
2200 6
2201 2
2202 4
2203 3
2204 1
2205 4
2206 5
2207 1
2208 7
2209 4
2210 2
2211 1
2212 5
2213 4
2214 3
2215 4
2216 3
2217 3
2218 1
2219 4
2220 2
2221 2
2222 1
2223 4
2224 2
2225 4
2227 5
2228 2
2229 3
2230 5
2231 5
2232 4
2233 3
2234 1
2235 2
2236 5
2237 1
2238 1
2239 4
2240 1
2241 2
2243 2
2244 2
2245 3
2246 3
2247 2
2248 3
2249 7
2250 3
2251 2
2252 3
2253 1
2254 4
2255 1
2256 4
2257 1
2258 5
2259 2
2260 6
2261 6
2262 5
2263 2
2264 4
2265 1
2266 4
2267 4
2268 4
2269 1
2270 4
2271 1
2272 1
2273 2
2274 2
2275 1
2276 2
2277 5
2278 4
2279 2
2280 2
2281 4
2282 2
2283 5
2284 2
2285 2
2286 1
2287 2
2288 2
2289 3
2290 2
2291 2
2292 1
2294 4
2295 3
2296 5
2298 3
2299 1
2300 3
2301 1
2302 2
2303 4
2304 9
2305 2
2306 3
2307 2
2308 4
2309 3
2310 4
2311 3
2312 4
2314 2
2315 2
2316 4
2317 3
2318 4
2319 2
2320 1
2321 3
2322 2
2323 1
2324 6
2325 5
2326 6
2327 2
2328 4
2329 2
2330 2
2331 3
2332 1
2333 4
2334 2
2335 2
2337 3
2338 4
2339 6
2340 6
2341 3
2342 2
2343 3
2344 2
2345 2
2346 2
2347 2
2348 4
2349 2
2350 7
2351 7
2352 3
2353 4
2354 5
2355 1
2356 9
2358 2
2359 2
2360 2
2361 1
2362 2
2363 4
2365 2
2366 3
2367 1
2368 2
2369 4
2370 1
2371 2
2372 2
2373 4
2374 3
2375 2
2376 2
2377 2
2378 6
2379 4
2380 1
2381 1
2382 1
2383 1
2384 4
2386 2
2387 2
2388 4
2389 3
2390 3
2392 1
2393 2
2394 3
2395 2
2396 4
2397 4
2398 5
2399 1
2400 5
2401 2
2402 5
2403 4
2404 3
2405 1
2406 3
2407 3
2408 2
2409 3
2410 1
2411 3
2412 1
2414 1
2415 1
2416 7
2417 6
2418 1
2419 3
2420 3
2421 2
2422 5
2423 4
2424 5
2425 2
2426 3
2427 2
2428 1
2429 5
2430 1
2431 4
2432 3
2433 2
2434 2
2435 4
2436 5
2437 1
2438 7
2439 2
2440 4
2441 2
2442 5
2443 1
2444 2
2445 4
2446 2
2447 1
2449 2
2450 2
2451 1
2452 2
2453 1
2454 2
2455 1
2457 1
2458 3
2459 5
2460 4
2461 4
2462 2
2463 1
2464 2
2465 1
2466 2
2467 3
2469 2
2471 2
2472 1
2473 1
2474 3
2475 2
2476 2
2477 3
2478 2
2480 3
2481 2
2482 3
2483 3
2484 1
2485 1
2486 1
2487 3
2488 1
2489 1
2490 6
2492 2
2493 1
2494 5
2495 2
2496 4
2498 5
2499 2
2501 3
2502 1
2503 3
2504 3
2506 3
2507 1
2508 3
2509 2
2510 6
2511 2
2512 2
2513 1
2514 1
2515 1
2516 2
2517 2
2519 2
2520 2
2522 1
2523 1
2524 1
2525 4
2526 3
2527 4
2528 1
2529 3
2530 4
2531 2
2532 3
2533 5
2534 2
2535 2
2536 2
2537 3
2538 4
2539 1
2541 2
2542 2
2543 2
2544 3
2546 2
2547 3
2548 5
2549 2
2550 1
2551 1
2552 2
2553 3
2554 2
2556 2
2557 1
2558 1
2560 2
2561 3
2562 3
2563 2
2564 1
2565 2
2566 8
2567 2
2568 4
2569 4
2570 1
2571 2
2572 3
2574 1
2575 2
2576 2
2577 4
2578 2
2580 2
2582 2
2584 1
2591 1
2592 1
2593 2
2594 1
2595 3
2596 3
2597 2
2598 2
2599 3
2600 1
2601 1
2603 2
2604 2
2605 2
2607 4
2608 2
2609 2
2611 4
2612 4
2613 1
2614 4
2615 1
2616 1
2617 2
2618 4
2619 3
2620 2
2621 1
2622 3
2623 3
2624 3
2625 1
2627 4
2628 4
2629 1
2630 6
2631 4
2633 2
2634 1
2635 1
2636 4
2637 1
2638 1
2639 2
2640 3
2641 6
2642 2
2643 1
2644 3
2645 4
2646 3
2647 1
2649 2
2650 4
2651 2
2652 1
2653 4
2654 1
2655 3
2656 2
2657 3
2658 2
2659 3
2660 1
2661 3
2663 2
2664 2
2665 3
2666 1
2667 1
2668 2
2669 4
2670 3
2671 2
2672 3
2673 2
2674 4
2675 1
2676 3
2677 4
2679 3
2680 5
2681 1
2683 1
2684 1
2687 1
2688 3
2690 3
2691 4
2692 1
2693 3
2694 3
2695 1
2696 2
2697 3
2699 4
2700 1
2701 3
2705 2
2706 3
2707 3
2709 2
2710 1
2711 5
2713 2
2714 1
2715 2
2716 1
2717 3
2720 1
2721 2
2722 2
2723 3
2724 4
2727 3
2728 1
2729 3
2730 1
2732 1
2733 2
2734 1
2736 3
2737 1
2739 1
2740 2
2741 1
2742 4
2743 1
2744 2
2745 2
2747 4
2748 1
2749 2
2750 1
2751 2
2752 3
2753 3
2755 2
2757 1
2758 1
2759 3
2761 5
2762 1
2763 1
2764 1
2767 3
2769 1
2771 1
2772 3
2773 2
2774 1
2775 1
2776 2
2777 2
2778 3
2779 2
2780 1
2781 3
2782 2
2784 1
2785 2
2786 2
2788 3
2789 1
2790 2
2791 2
2793 3
2794 2
2795 1
2796 1
2797 1
2798 2
2799 3
2800 2
2801 2
2802 3
2803 1
2806 1
2807 1
2808 1
2809 2
2810 1
2811 1
2816 3
2817 1
2818 2
2819 2
2820 2
2821 2
2822 3
2823 1
2824 3
2826 1
2827 2
2828 2
2829 2
2831 1
2833 3
2834 4
2835 1
2836 3
2837 2
2838 3
2839 3
2840 3
2843 1
2844 2
2845 1
2846 1
2847 1
2848 2
2849 3
2850 1
2851 3
2852 3
2853 2
2854 1
2855 2
2856 1
2857 1
2858 4
2859 1
2860 3
2862 3
2863 1
2864 1
2865 1
2866 1
2868 1
2870 1
2871 1
2872 1
2873 2
2874 1
2878 2
2881 2
2882 1
2884 3
2886 1
2887 2
2888 1
2889 1
2890 2
2891 3
2892 1
2893 1
2894 5
2896 1
2897 1
2898 1
2899 1
2901 2
2904 1
2905 3
2908 2
2910 3
2911 2
2912 6
2913 1
2914 3
2915 2
2916 3
2919 3
2920 1
2921 2
2922 1
2923 1
2924 4
2925 3
2926 1
2927 2
2928 2
2929 2
2930 3
2931 2
2933 2
2934 1
2935 2
2936 3
2938 2
2939 2
2941 3
2942 1
2943 1
2944 1
2945 3
2946 2
2947 2
2948 1
2950 1
2951 1
2952 2
2954 3
2958 2
2960 2
2961 1
2962 3
2963 2
2964 1
2965 1
2966 3
2967 1
2969 2
2971 1
2972 2
2974 2
2975 2
2976 1
2977 3
2979 1
2980 5
2981 2
2982 2
2983 2
2985 2
2986 2
2987 1
2988 2
2989 4
2990 1
2991 2
2993 2
2994 3
2996 2
2997 1
2998 1
3000 1
3001 1
3002 2
3004 2
3005 1
3006 4
3008 3
3009 1
3011 1
3012 2
3013 2
3014 4
3015 2
3017 2
3019 1
3020 1
3021 1
3024 3
3025 3
3026 1
3027 3
3028 2
3029 2
3030 1
3031 1
3033 2
3035 1
3036 3
3037 1
3038 1
3039 2
3040 1
3041 2
3043 1
3044 4
3045 1
3046 1
3047 1
3048 5
3049 2
3050 1
3051 1
3052 1
3053 2
3054 1
3055 2
3056 2
3058 3
3059 3
3060 2
3062 1
3063 2
3065 2
3070 1
3071 1
3072 1
3073 1
3077 2
3078 1
3080 1
3081 3
3083 1
3085 2
3086 1
3088 1
3089 3
3090 1
3092 1
3094 2
3095 1
3096 1
3097 1
3098 1
3100 2
3101 1
3103 1
3105 2
3106 2
3107 2
3109 1
3110 1
3111 2
3113 1
3114 1
3116 2
3117 1
3118 3
3119 1
3120 2
3121 2
3122 1
3123 4
3126 1
3127 1
3128 1
3129 1
3130 1
3132 2
3133 1
3134 1
3137 3
3140 1
3143 2
3144 1
3146 2
3147 2
3148 3
3149 1
3152 3
3155 3
3156 3
3157 1
3158 3
3159 3
3162 3
3166 1
3167 1
3168 1
3169 4
3170 2
3171 3
3172 3
3173 1
3174 3
3175 3
3179 1
3180 1
3182 2
3185 1
3186 1
3187 2
3188 3
3189 1
3190 1
3192 1
3194 1
3195 1
3196 2
3197 1
3198 3
3201 2
3202 1
3204 2
3205 3
3207 2
3209 1
3210 1
3211 2
3213 2
3215 1
3216 2
3217 1
3219 1
3220 1
3221 1
3222 1
3224 1
3225 2
3226 3
3227 1
3228 2
3229 2
3231 3
3232 1
3233 2
3234 1
3235 3
3237 2
3238 2
3239 2
3240 3
3241 1
3243 1
3244 1
3246 2
3247 1
3248 1
3249 1
3252 1
3253 1
3255 1
3260 1
3261 2
3262 1
3263 1
3265 2
3266 1
3267 2
3268 1
3269 1
3273 1
3274 2
3275 1
3277 1
3278 2
3279 2
3281 2
3282 1
3283 1
3285 1
3286 2
3287 1
3288 1
3289 1
3290 2
3291 2
3292 2
3293 2
3294 1
3295 1
3296 1
3297 2
3298 1
3300 2
3301 1
3302 1
3303 1
3305 1
3306 1
3307 2
3310 2
3311 1
3312 2
3313 3
3314 1
3315 1
3316 3
3317 1
3319 1
3320 2
3321 2
3322 2
3323 1
3325 1
3326 1
3328 1
3331 1
3333 2
3334 2
3336 2
3337 1
3339 2
3340 1
3341 2
3342 2
3344 1
3345 3
3350 1
3351 3
3352 3
3354 2
3356 2
3357 1
3358 1
3360 1
3362 1
3363 2
3366 1
3367 5
3370 1
3371 1
3372 1
3374 1
3375 1
3377 2
3378 2
3379 3
3380 1
3382 1
3383 1
3385 2
3386 3
3387 1
3389 2
3390 1
3392 2
3394 1
3395 1
3396 1
3397 2
3398 2
3399 2
3400 1
3401 1
3403 1
3404 1
3405 2
3406 1
3407 4
3409 1
3412 3
3413 1
3414 2
3418 3
3421 1
3423 2
3425 1
3426 1
3428 1
3430 2
3434 1
3436 4
3437 1
3440 2
3442 1
3443 1
3444 1
3449 1
3450 2
3451 1
3453 1
3454 1
3456 1
3457 2
3459 3
3460 1
3462 2
3464 2
3467 2
3469 1
3473 1
3474 3
3476 1
3478 2
3480 1
3482 2
3484 1
3486 2
3487 1
3488 2
3489 1
3490 4
3491 2
3493 1
3495 1
3497 1
3500 1
3501 1
3505 1
3506 3
3507 1
3508 2
3509 2
3512 2
3513 2
3514 1
3516 1
3517 1
3518 2
3519 2
3520 1
3521 2
3523 4
3524 2
3525 1
3527 2
3529 1
3532 1
3533 1
3536 1
3538 1
3540 4
3541 1
3542 2
3547 1
3548 1
3551 1
3552 2
3555 3
3556 3
3557 2
3558 1
3562 1
3564 1
3567 1
3568 1
3571 1
3574 1
3577 1
3579 2
3580 1
3583 2
3584 1
3586 1
3592 1
3593 2
3594 1
3595 1
3596 1
3598 2
3599 1
3600 2
3601 1
3602 2
3604 1
3607 1
3608 1
3609 5
3610 3
3613 1
3614 1
3615 1
3618 1
3619 1
3623 1
3624 2
3625 1
3628 2
3632 1
3633 1
3634 2
3635 1
3636 2
3639 1
3640 1
3641 1
3643 2
3644 1
3646 2
3648 2
3651 1
3657 1
3659 1
3662 1
3664 1
3665 1
3667 1
3670 1
3672 1
3673 1
3675 2
3676 2
3677 2
3678 1
3679 1
3680 1
3682 2
3683 1
3686 1
3687 1
3691 2
3692 2
3694 1
3695 2
3696 1
3697 1
3698 2
3699 1
3700 3
3701 1
3703 1
3705 1
3706 1
3707 1
3710 2
3712 1
3714 1
3715 3
3720 1
3721 1
3724 1
3725 1
3726 1
3727 4
3730 1
3732 1
3734 1
3735 1
3738 4
3740 1
3743 2
3747 2
3748 3
3749 1
3753 1
3754 1
3759 1
3761 1
3762 1
3765 1
3766 2
3769 1
3771 2
3772 1
3773 2
3775 1
3779 1
3781 2
3782 1
3783 3
3785 1
3786 1
3787 1
3788 3
3789 1
3791 1
3794 1
3795 1
3797 2
3798 1
3799 4
3800 1
3801 3
3806 2
3807 1
3808 2
3809 1
3810 2
3811 1
3813 3
3814 1
3815 2
3816 1
3818 1
3820 2
3824 3
3825 1
3826 1
3827 3
3828 1
3829 1
3830 3
3833 1
3836 1
3837 1
3838 1
3839 3
3841 2
3843 1
3846 3
3847 1
3848 2
3849 1
3850 1
3851 1
3852 2
3853 2
3855 1
3856 2
3857 2
3858 1
3860 1
3861 1
3862 2
3863 3
3864 2
3865 1
3866 2
3867 1
3868 4
3869 1
3870 2
3873 2
3875 2
3876 2
3878 1
3879 2
3880 2
3881 1
3882 1
3884 1
3885 3
3888 1
3890 2
3893 1
3894 2
3895 2
3899 2
3900 2
3902 1
3903 1
3904 1
3905 1
3906 1
3907 1
3908 1
3910 2
3912 1
3914 3
3915 1
3918 2
3919 1
3921 1
3924 1
3925 1
3927 1
3928 3
3929 1
3930 2
3931 1
3932 3
3933 1
3934 2
3935 1
3936 1
3937 1
3938 1
3939 2
3940 1
3941 1
3942 1
3944 1
3945 3
3946 1
3947 1
3949 2
3950 2
3952 1
3953 1
3956 1
3957 1
3958 2
3960 5
3961 2
3962 1
3965 2
3967 1
3968 2
3970 3
3971 3
3972 2
3973 4
3975 1
3978 2
3979 1
3982 1
3985 1
3987 1
3988 1
3989 1
3992 1
3993 1
3995 1
3996 3
3999 1
4001 1
4005 2
4007 2
4008 1
4009 2
4010 1
4011 2
4012 1
4014 1
4015 1
4017 3
4019 1
4020 3
4022 3
4023 3
4024 1
4027 1
4028 1
4029 1
4030 2
4032 1
4033 1
4034 1
4035 5
4036 1
4037 1
4038 1
4039 2
4040 1
4042 2
4045 2
4047 1
4048 3
4049 1
4050 2
4052 1
4054 1
4056 1
4057 2
4058 2
4059 1
4060 1
4061 3
4062 2
4067 1
4068 1
4069 1
4070 2
4075 2
4078 1
4083 2
4087 1
4090 1
4092 1
4093 2
4094 2
4097 3
4098 2
4099 1
4100 1
4101 2
4102 1
4103 1
4104 1
4106 1
4107 1
4108 2
4109 2
4110 3
4111 1
4112 1
4113 1
4114 1
4116 1
4119 1
4121 2
4124 2
4127 4
4128 2
4132 1
4133 1
4134 1
4136 1
4137 1
4138 1
4139 2
4140 1
4141 2
4142 1
4143 1
4144 3
4145 4
4146 3
4148 1
4151 1
4155 1
4156 2
4159 1
4160 1
4164 2
4165 1
4166 1
4167 1
4168 1
4170 1
4171 2
4172 1
4176 2
4178 2
4180 1
4181 1
4182 3
4183 2
4184 1
4185 2
4187 2
4188 1
4191 3
4195 1
4197 1
4198 1
4199 1
4201 2
4202 1
4203 1
4204 1
4205 1
4206 1
4207 1
4208 1
4209 2
4211 1
4212 1
4213 2
4215 5
4218 2
4219 2
4220 3
4221 1
4222 2
4224 2
4225 1
4227 2
4229 1
4230 1
4231 3
4232 3
4234 1
4235 1
4237 1
4238 1
4239 3
4240 2
4241 1
4245 1
4246 2
4247 3
4248 1
4249 1
4251 1
4254 1
4255 1
4257 3
4258 2
4259 1
4261 4
4262 1
4263 2
4268 1
4269 1
4270 2
4272 1
4273 1
4274 2
4275 1
4276 3
4278 3
4280 2
4282 1
4283 1
4288 1
4289 3
4290 4
4292 1
4295 1
4296 3
4297 2
4299 1
4300 2
4301 2
4302 1
4303 2
4304 1
4305 1
4306 2
4308 3
4309 2
4310 1
4311 1
4312 2
4313 1
4315 1
4316 2
4317 3
4318 1
4319 2
4320 1
4321 1
4322 1
4323 1
4324 1
4325 2
4327 1
4329 3
4332 2
4334 2
4335 1
4336 1
4340 1
4341 2
4342 3
4343 1
4345 1
4346 3
4348 3
4353 2
4354 2
4355 1
4357 1
4359 1
4363 1
4364 2
4365 2
4366 2
4367 1
4368 1
4369 2
4374 1
4375 2
4377 1
4378 2
4379 2
4380 1
4383 1
4385 2
4387 2
4388 2
4389 2
4390 1
4391 1
4392 2
4393 1
4394 1
4395 1
4397 2
4398 1
4399 3
4400 2
4402 2
4403 2
4404 1
4406 2
4407 1
4408 1
4409 1
4410 1
4411 1
4414 1
4415 1
4416 1
4421 2
4422 2
4423 1
4425 3
4426 1
4427 1
4428 1
4430 1
4431 1
4432 1
4433 1
4434 1
4436 2
4437 2
4438 2
4443 4
4446 4
4447 1
4448 1
4449 1
4450 2
4453 1
4454 1
4455 1
4456 2
4457 1
4458 2
4459 3
4460 2
4461 1
4462 2
4463 1
4464 2
4465 2
4466 1
4467 2
4468 1
4470 2
4471 1
4472 1
4474 3
4477 2
4479 2
4480 1
4481 4
4483 3
4484 1
4485 1
4486 1
4487 1
4488 1
4490 3
4491 2
4493 1
4496 2
4498 1
4499 1
4501 1
4505 2
4507 2
4508 1
4509 1
4510 1
4511 1
4513 2
4514 1
4516 3
4520 2
4521 1
4522 3
4523 1
4524 1
4525 4
4528 1
4530 1
4531 1
4533 2
4534 1
4540 1
4545 1
4546 3
4548 2
4551 2
4552 1
4554 1
4561 1
4562 1
4563 2
4566 1
4567 1
4571 2
4572 2
4573 2
4574 1
4575 3
4577 1
4580 1
4581 1
4583 1
4584 2
4586 3
4590 1
4594 2
4595 1
4597 1
4599 1
4601 1
4603 1
4604 3
4606 2
4607 1
4608 2
4609 2
4617 2
4620 1
4621 2
4623 4
4624 1
4626 2
4627 1
4631 1
4632 1
4636 1
4637 3
4638 1
4639 1
4640 1
4641 1
4643 1
4644 1
4646 4
4647 1
4649 3
4651 1
4652 1
4653 1
4654 2
4655 1
4658 4
4661 3
4662 1
4665 1
4666 1
4667 1
4669 1
4673 3
4674 1
4675 1
4676 1
4678 1
4681 1
4682 1
4683 1
4685 1
4686 1
4687 1
4689 1
4690 1
4691 1
4693 1
4694 1
4695 1
4697 2
4699 1
4700 1
4701 3
4702 5
4703 2
4704 2
4706 1
4708 1
4711 1
4712 1
4714 2
4715 3
4716 1
4718 2
4720 2
4721 2
4722 1
4726 2
4729 2
4730 1
4731 2
4732 2
4733 1
4735 1
4737 1
4738 1
4742 2
4743 2
4746 1
4748 2
4754 2
4756 2
4759 2
4761 1
4766 1
4767 4
4768 1
4769 1
4770 1
4772 1
4773 1
4774 1
4775 2
4776 1
4778 1
4780 2
4781 1
4782 1
4785 1
4786 1
4787 2
4789 2
4790 1
4791 1
4795 1
4796 1
4798 2
4800 1
4801 2
4806 2
4808 2
4809 1
4810 1
4811 2
4814 1
4815 1
4816 1
4822 1
4823 1
4825 2
4826 1
4828 1
4831 1
4832 3
4833 1
4834 1
4835 1
4837 2
4839 2
4842 1
4843 1
4846 1
4848 2
4851 1
4852 1
4854 2
4856 3
4858 2
4863 1
4866 1
4867 1
4868 3
4869 1
4875 3
4878 1
4879 3
4880 3
4881 1
4882 1
4883 1
4887 1
4888 2
4893 1
4895 1
4899 1
4900 1
4902 1
4903 1
4905 1
4906 1
4908 1
4909 1
4910 1
4913 1
4914 1
4916 1
4917 1
4918 1
4919 2
4922 2
4925 1
4926 1
4927 1
4931 1
4932 1
4933 1
4935 1
4936 2
4937 2
4938 2
4940 3
4942 1
4943 1
4944 2
4946 1
4948 1
4951 1
4952 1
4953 1
4957 1
4960 1
4962 1
4967 1
4968 2
4970 1
4971 1
4972 1
4973 1
4974 4
4975 1
4977 2
4978 1
4980 1
4982 2
4983 1
4986 1
4991 1
4994 1
4996 1
4997 1
5000 1
5001 1
5002 1
5003 1
5004 1
5006 1
5011 1
5012 1
5014 1
5016 3
5017 1
5019 1
5020 1
5021 2
5023 2
5024 1
5025 1
5027 2
5028 4
5030 2
5032 1
5035 1
5036 1
5037 1
5038 1
5039 1
5040 1
5042 1
5046 2
5047 1
5048 1
5049 1
5050 1
5051 1
5054 1
5056 2
5057 3
5059 1
5062 3
5065 1
5069 1
5072 2
5073 1
5074 2
5075 2
5076 1
5077 1
5079 1
5080 1
5082 1
5083 4
5084 2
5095 1
5096 2
5097 2
5100 1
5101 1
5102 1
5103 1
5104 2
5105 1
5109 3
5110 1
5111 2
5112 2
5117 3
5119 1
5120 1
5122 2
5123 1
5124 3
5128 1
5129 2
5130 1
5132 1
5134 1
5135 1
5138 3
5139 1
5141 1
5142 2
5144 1
5145 1
5146 1
5147 2
5149 1
5152 1
5153 3
5154 1
5156 1
5157 1
5158 1
5159 3
5160 1
5161 1
5162 1
5164 1
5165 2
5166 2
5167 1
5168 1
5170 5
5172 1
5174 1
5175 1
5179 1
5180 2
5181 1
5182 2
5184 1
5185 1
5186 1
5187 1
5188 1
5189 1
5191 3
5193 3
5194 1
5196 1
5197 1
5199 2
5200 1
5203 1
5204 4
5207 2
5208 1
5210 2
5211 1
5213 2
5217 1
5224 1
5225 2
5226 1
5228 1
5229 1
5236 1
5240 1
5241 1
5244 1
5245 1
5248 1
5249 1
5251 1
5252 1
5253 2
5254 1
5256 1
5258 2
5259 1
5262 1
5263 1
5264 3
5266 2
5268 2
5273 2
5279 2
5280 1
5281 2
5288 3
5291 2
5293 2
5294 1
5295 1
5297 1
5298 1
5299 2
5303 1
5305 1
5308 1
5316 1
5317 1
5318 2
5322 1
5323 1
5324 1
5326 1
5328 1
5330 1
5331 2
5333 1
5334 1
5335 1
5338 2
5340 1
5343 1
5344 1
5345 2
5346 1
5347 1
5348 1
5349 1
5351 1
5352 3
5353 3
5354 2
5361 1
5363 1
5364 1
5366 2
5368 3
5369 2
5370 1
5371 1
5372 2
5373 1
5374 3
5375 1
5376 1
5377 1
5378 3
5379 1
5381 2
5382 1
5383 1
5384 2
5385 3
5386 2
5387 1
5389 3
5393 2
5398 2
5400 3
5401 1
5402 1
5406 1
5407 1
5408 1
5409 1
5410 3
5413 2
5415 1
5416 1
5418 2
5421 1
5422 1
5425 2
5426 1
5428 2
5431 2
5432 2
5434 2
5435 2
5436 1
5437 3
5438 1
5439 1
5440 2
5442 1
5443 2
5445 2
5447 1
5448 1
5452 2
5453 1
5454 1
5455 2
5456 1
5458 1
5461 2
5463 1
5464 1
5467 1
5469 1
5472 2
5473 1
5475 1
5476 1
5477 3
5478 3
5479 1
5480 1
5481 2
5482 3
5483 2
5485 3
5486 1
5487 1
5488 2
5489 3
5491 1
5492 2
5494 3
5495 1
5501 1
5503 1
5505 2
5507 1
5509 1
5510 2
5511 3
5512 1
5513 2
5514 4
5517 1
5519 2
5521 1
5526 1
5527 1
5530 1
5531 2
5532 1
5533 1
5536 1
5537 1
5538 3
5539 1
5540 2
5541 4
5542 2
5543 1
5546 2
5547 2
5548 2
5549 1
5550 1
5552 2
5553 1
5558 1
5564 1
5565 1
5566 1
5567 1
5569 2
5570 2
5575 3
5581 1
5583 1
5585 1
5587 1
5588 1
5589 1
5590 1
5591 1
5592 1
5593 3
5596 2
5597 3
5598 1
5599 1
5600 2
5602 5
5603 1
5604 2
5605 1
5606 1
5607 2
5608 2
5609 2
5611 3
5615 2
5617 2
5619 1
5621 1
5622 1
5623 2
5626 1
5628 1
5629 2
5630 1
5632 1
5633 1
5636 1
5637 1
5639 1
5642 1
5643 3
5644 3
5645 1
5646 1
5647 1
5648 1
5649 1
5650 1
5651 2
5653 1
5654 1
5655 1
5656 1
5661 1
5662 1
5663 1
5667 1
5668 1
5669 2
5670 2
5672 1
5673 1
5674 1
5675 2
5679 1
5680 1
5681 1
5682 1
5685 1
5686 1
5687 1
5689 1
5691 1
5692 1
5693 1
5694 1
5695 2
5696 1
5697 1
5698 1
5699 3
5703 1
5706 2
5707 3
5708 1
5712 1
5714 3
5715 1
5720 1
5721 1
5722 2
5723 2
5724 1
5725 2
5727 1
5728 1
5730 1
5731 1
5732 3
5733 1
5734 1
5736 2
5738 1
5739 2
5740 1
5741 1
5751 1
5752 1
5753 1
5756 2
5757 1
5759 1
5760 1
5764 1
5766 1
5767 1
5769 2
5770 2
5773 1
5774 2
5776 2
5777 1
5778 1
5779 1
5780 3
5783 1
5784 1
5785 1
5789 2
5790 1
5795 1
5797 1
5799 1
5801 1
5802 1
5803 2
5807 2
5808 1
5809 1
5813 1
5814 1
5815 1
5816 1
5819 2
5820 1
5821 1
5823 1
5825 3
5827 2
5828 1
5830 2
5833 2
5835 1
5836 1
5837 1
5838 1
5840 1
5842 1
5844 1
5846 1
5849 2
5851 2
5853 2
5854 1
5855 3
5860 1
5861 2
5864 2
5865 1
5866 1
5868 2
5873 1
5876 2
5878 2
5880 1
5881 2
5884 1
5885 1
5891 1
5897 1
5900 1
5904 1
5908 1
5910 1
5914 1
5916 1
5917 2
5923 4
5924 1
5926 2
5927 1
5931 1
5932 1
5933 1
5934 1
5935 1
5936 1
5938 3
5940 1
5941 2
5942 2
5946 1
5947 2
5948 1
5949 3
5951 1
5952 2
5953 1
5954 2
5955 2
5957 2
5962 1
5967 1
5970 2
5972 2
5973 1
5974 1
5976 1
5982 1
5983 1
5985 2
5987 2
5988 1
5989 3
5991 1
5993 1
5994 1
5995 3
5998 1
6004 1
6005 1
6009 3
6011 2
6012 2
6014 3
6015 1
6016 1
6019 1
6022 1
6026 3
6029 1
6030 1
6032 1
6033 4
6034 3
6035 1
6036 2
6037 1
6038 1
6042 1
6043 1
6046 2
6047 1
6049 2
6050 2
6051 1
6054 1
6055 1
6057 1
6058 1
6061 1
6062 2
6067 1
6068 2
6069 2
6070 2
6071 3
6076 1
6078 1
6080 1
6081 2
6083 1
6084 1
6085 1
6086 3
6088 1
6089 1
6090 2
6091 1
6094 1
6095 1
6096 1
6097 4
6100 2
6102 1
6103 1
6106 4
6107 1
6108 1
6109 1
6110 1
6112 3
6114 2
6116 1
6117 2
6119 1
6120 2
6126 2
6127 2
6128 2
6129 1
6130 2
6134 2
6135 1
6136 1
6137 4
6139 1
6140 1
6145 2
6146 2
6150 1
6151 2
6153 2
6155 1
6156 1
6157 1
6160 2
6161 1
6162 1
6163 1
6164 1
6165 1
6166 3
6172 1
6173 2
6174 1
6176 2
6180 1
6181 2
6184 1
6185 1
6191 1
6192 1
6193 2
6194 1
6195 1
6196 1
6197 1
6200 1
6202 1
6203 1
6205 2
6207 1
6208 3
6209 1
6210 1
6212 1
6213 1
6214 1
6217 1
6218 4
6219 1
6220 1
6223 2
6225 1
6226 2
6227 1
6229 2
6230 2
6232 2
6233 1
6235 1
6241 1
6242 1
6243 1
6248 1
6251 1
6254 1
6262 1
6267 1
6271 1
6272 2
6274 1
6275 1
6276 2
6277 1
6278 1
6279 2
6280 1
6281 1
6282 1
6283 3
6285 1
6289 1
6291 1
6293 1
6294 3
6295 2
6298 2
6301 1
6303 2
6307 1
6309 1
6310 2
6312 1
6313 2
6314 1
6315 1
6316 1
6317 1
6319 1
6320 1
6321 2
6322 1
6323 1
6324 1
6326 1
6329 1
6330 1
6332 1
6333 1
6334 1
6335 1
6337 1
6338 1
6340 2
6341 1
6343 1
6350 1
6353 1
6358 1
6361 1
6362 1
6364 2
6368 1
6372 1
6376 1
6379 1
6380 1
6382 1
6384 1
6385 1
6386 1
6387 2
6388 1
6390 2
6392 1
6393 1
6395 1
6396 1
6397 2
6399 1
6407 2
6408 1
6412 1
6415 1
6416 1
6420 2
6421 1
6424 1
6425 1
6428 2
6429 1
6430 1
6432 3
6433 1
6437 1
6438 1
6440 1
6443 1
6444 3
6445 3
6446 2
6449 1
6454 2
6455 1
6458 1
6459 1
6463 1
6465 1
6467 2
6468 1
6471 1
6478 2
6481 2
6484 1
6489 1
6491 1
6495 2
6497 1
6499 1
6500 1
6502 1
6504 3
6508 3
6513 2
6515 2
6516 1
6520 1
6521 1
6522 1
6524 1
6525 1
6530 1
6531 2
6532 3
6533 2
6534 1
6539 2
6545 2
6546 1
6549 2
6555 1
6560 2
6562 1
6565 1
6573 1
6574 1
6577 2
6579 1
6581 1
6582 1
6584 1
6589 1
6591 1
6593 1
6594 1
6597 1
6599 1
6601 1
6604 1
6605 4
6606 1
6607 2
6614 1
6618 3
6619 1
6622 2
6623 1
6626 1
6627 1
6629 1
6630 1
6633 1
6635 1
6639 1
6640 1
6641 1
6642 1
6645 1
6649 1
6656 1
6657 1
6660 1
6661 2
6666 1
6667 3
6668 1
6670 2
6672 1
6675 2
6676 1
6680 1
6681 1
6685 1
6691 1
6704 1
6705 1
6706 1
6710 1
6711 5
6712 1
6715 1
6716 1
6718 1
6720 2
6721 2
6723 1
6725 1
6727 1
6728 2
6729 1
6730 1
6731 1
6732 1
6734 1
6735 1
6737 1
6738 1
6739 1
6742 1
6745 3
6750 3
6751 1
6753 1
6755 1
6758 1
6762 1
6763 1
6764 1
6766 1
6771 1
6772 2
6779 1
6783 1
6784 1
6785 1
6787 1
6789 1
6793 1
6794 1
6795 1
6796 2
6797 3
6800 1
6802 1
6809 1
6810 1
6811 2
6813 1
6817 3
6818 1
6820 1
6824 3
6825 1
6828 1
6835 1
6839 1
6841 2
6842 2
6843 1
6849 1
6850 1
6859 1
6866 2
6867 2
6871 1
6872 2
6873 1
6883 1
6888 1
6889 1
6892 2
6898 1
6900 2
6901 1
6902 1
6903 2
6906 2
6909 1
6914 1
6917 1
6920 1
6921 1
6924 1
6926 1
6929 1
6930 2
6932 1
6935 1
6936 2
6938 3
6939 1
6940 1
6941 1
6943 1
6946 3
6948 1
6953 1
6954 1
6957 1
6958 1
6960 1
6961 1
6963 1
6964 2
6966 1
6968 1
6969 1
6972 2
6974 1
6977 1
6979 1
6981 2
6982 2
6983 1
6986 1
6997 1
7000 1
7001 1
7003 2
7007 1
7008 1
7010 1
7011 1
7014 1
7018 1
7020 1
7021 1
7023 2
7024 1
7027 1
7028 1
7031 1
7032 1
7033 1
7034 1
7044 1
7045 1
7046 1
7049 1
7052 1
7056 1
7058 2
7059 2
7062 1
7067 1
7071 1
7072 1
7074 1
7077 1
7084 1
7085 2
7086 1
7088 2
7090 1
7092 1
7093 1
7094 2
7098 1
7102 1
7105 1
7109 2
7111 2
7114 2
7115 1
7117 2
7121 1
7122 1
7123 1
7125 1
7130 1
7135 1
7136 2
7137 1
7142 1
7144 1
7150 1
7151 1
7154 1
7156 1
7157 1
7159 1
7161 2
7165 1
7166 1
7168 1
7170 1
7171 1
7174 1
7178 1
7179 1
7184 1
7185 3
7190 1
7191 2
7194 1
7202 1
7204 1
7209 1
7211 1
7212 2
7216 1
7217 1
7220 3
7223 2
7230 1
7233 1
7236 1
7239 1
7242 1
7244 1
7245 1
7247 1
7248 1
7252 1
7253 1
7256 1
7258 1
7264 1
7266 1
7268 1
7269 1
7272 3
7277 1
7281 1
7285 1
7288 1
7294 1
7296 1
7300 2
7301 1
7302 1
7304 1
7313 1
7314 1
7316 1
7317 1
7318 1
7319 1
7321 1
7324 2
7325 1
7332 2
7336 1
7346 2
7347 1
7351 1
7353 1
7354 1
7356 1
7360 1
7361 1
7362 1
7364 1
7365 1
7368 1
7369 1
7372 1
7373 1
7374 1
7375 1
7379 1
7387 1
7388 1
7391 2
7393 1
7394 1
7395 1
7396 1
7401 1
7404 1
7405 1
7407 1
7408 2
7411 1
7416 2
7426 2
7427 1
7428 1
7431 2
7436 2
7438 1
7442 2
7446 2
7447 1
7450 1
7451 1
7463 1
7466 1
7467 1
7479 2
7481 2
7483 1
7489 2
7490 1
7491 1
7492 1
7495 1
7497 1
7499 1
7500 1
7507 1
7508 1
7518 1
7519 1
7520 1
7522 1
7523 1
7526 1
7527 1
7530 2
7531 1
7536 1
7538 1
7541 1
7542 1
7543 1
7545 1
7546 1
7547 1
7553 1
7556 1
7557 1
7558 1
7560 1
7562 1
7568 1
7569 2
7570 1
7573 1
7575 1
7578 1
7584 1
7590 1
7596 1
7597 1
7600 2
7607 1
7608 1
7615 1
7626 3
7628 1
7631 1
7634 1
7635 2
7637 1
7643 1
7646 2
7648 1
7650 1
7652 1
7653 1
7657 2
7667 1
7672 1
7675 1
7684 1
7690 2
7694 1
7699 1
7704 1
7705 1
7712 1
7714 1
7720 1
7724 1
7727 1
7730 1
7736 2
7741 1
7744 1
7751 2
7754 1
7756 2
7766 1
7768 1
7769 1
7771 1
7772 1
7773 1
7776 2
7777 1
7780 1
7781 2
7788 1
7789 1
7793 1
7795 1
7797 2
7801 1
7802 1
7810 1
7820 2
7824 2
7825 2
7826 1
7830 1
7832 1
7846 1
7848 1
7851 2
7860 1
7864 1
7873 1
7880 2
7881 1
7885 1
7891 1
7892 1
7895 1
7899 1
7905 1
7906 1
7910 1
7913 1
7914 1
7915 1
7931 3
7939 1
7941 1
7942 2
7944 1
7946 1
7947 1
7948 2
7953 1
7954 1
7956 1
7961 1
7963 1
7968 1
7972 1
7974 1
7982 2
7988 1
7992 1
7997 1
7999 2
8000 2
8005 1
8006 1
8015 1
8019 1
8023 1
8024 1
8026 1
8027 1
8028 2
8031 1
8036 1
8038 1
8045 1
8047 1
8054 1
8055 1
8057 1
8060 1
8061 1
8064 1
8065 1
8066 2
8077 1
8079 1
8081 1
8084 1
8090 2
8093 1
8101 1
8105 1
8106 1
8112 1
8114 1
8124 1
8133 1
8136 1
8137 1
8139 1
8140 1
8143 1
8146 1
8150 1
8152 1
8153 1
8158 1
8159 1
8163 1
8167 1
8170 1
8173 1
8177 1
8178 1
8183 1
8196 1
8197 1
8212 1
8213 2
8214 1
8223 1
8230 1
8233 1
8236 1
8239 1
8245 1
8254 2
8258 1
8260 1
8261 1
8266 1
8274 1
8280 1
8282 1
8298 1
8301 1
8314 1
8315 1
8329 1
8330 1
8345 1
8350 1
8357 1
8365 1
8367 2
8370 1
8376 1
8383 1
8396 1
8402 1
8421 1
8424 1
8428 1
8432 1
8435 2
8441 1
8452 1
8456 1
8464 1
8472 1
8475 1
8478 1
8480 1
8487 1
8488 1
8492 1
8493 1
8498 1
8502 2
8505 1
8506 1
8520 1
8525 1
8532 1
8537 1
8541 1
8554 1
8561 1
8565 1
8566 1
8574 1
8585 1
8591 1
8599 1
8604 1
8605 1
8627 2
8630 1
8639 1
8652 1
8659 1
8678 1
8681 2
8684 1
8688 1
8693 1
8695 1
8709 1
8716 1
8720 1
8728 1
8733 1
8744 1
8749 1
8750 1
8754 1
8757 1
8763 1
8767 1
8782 1
8783 1
8787 2
8789 2
8796 1
8816 1
8819 1
8825 1
8829 1
8831 1
8834 1
8839 2
8844 1
8850 1
8851 1
8874 1
8882 1
8887 1
8897 1
8902 1
8909 1
8914 2
8927 1
8928 1
8938 1
8942 1
8954 1
8961 1
8962 1
8968 1
8971 1
8972 1
8978 1
8980 1
8985 1
8989 1
9001 1
9007 1
9026 1
9037 1
9062 1
9072 1
9076 1
9077 1
9083 1
9100 1
9107 1
9109 1
9114 1
9123 1
9132 1
9137 1
9138 1
9146 1
9148 2
9156 1
9161 1
9166 1
9167 1
9184 1
9191 1
9218 1
9248 1
9256 1
9258 1
9260 2
9262 1
9266 1
9268 1
9280 1
9283 1
9286 1
9296 1
9364 2
9366 1
9375 1
9377 1
9389 2
9399 1
9400 1
9404 1
9436 1
9459 2
9468 2
9474 2
9481 1
9486 1
9487 1
9511 1
9513 1
9514 1
9528 1
9529 1
9562 1
9570 1
9571 1
9575 1
9590 1
9596 1
9601 1
9624 1
9627 1
9636 2
9644 1
9646 1
9654 1
9660 1
9665 1
9672 1
9681 1
9719 1
9720 1
9750 1
9753 2
9760 1
9763 1
9767 1
9790 1
9795 1
9804 1
9810 2
9820 1
9821 1
9844 1
9846 1
9855 1
9867 1
9871 1
9889 1
9896 1
9902 1
9906 1
9918 1
9932 1
9936 1
9939 1
9942 1
9952 1
9965 1
10010 1
10011 1
10041 1
10079 1
10082 1
10121 1
10147 1
10156 1
10170 1
10173 2
10178 1
10189 1
10191 1
10199 1
10238 1
10274 1
10334 1
10356 1
10374 1
10412 1
10437 2
10441 1
10455 1
10459 1
10463 1
10468 1
10483 1
10488 1
10497 1
10522 1
10542 1
10548 1
10564 1
10566 1
10569 1
10581 1
10588 1
10612 1
10649 1
10655 1
10670 1
10681 1
10685 1
10701 1
10726 1
10734 1
10757 1
10772 1
10788 1
10798 1
10808 1
10902 1
10910 1
10934 1
10960 1
11068 1
11098 1
11144 1
11152 1
11157 1
11169 1
11200 1
11203 1
11247 1
11268 1
11270 1
11305 1
11341 1
11344 1
11375 1
11404 1
11424 1
11441 1
11447 1
11453 1
11482 1
11510 1
11514 1
11520 1
11598 1
11604 2
11609 1
11626 1
11662 1
11665 1
11674 1
11709 1
11777 1
11787 1
11875 1
11887 1
11889 1
12024 1
12032 1
12082 1
12110 1
12216 1
12302 1
12428 1
12537 1
12672 1
12715 1
12740 1
12746 1
12784 1
12787 1
12803 1
12844 1
12856 1
12900 1
12942 1
13000 1
13007 1
13035 1
13057 1
13166 1
13262 1
13323 1
13477 1
13726 1
13732 1
13776 1
13823 1
14018 1
14101 1
14254 1
14300 1
14422 1
14691 1
14754 1
14776 1
14924 1
14951 1
15206 1
15263 1
15618 1
15813 1
16058 1
16165 1
16348 1
17250 1
