906 1
907 2
908 1
909 1
910 4
911 2
912 3
913 3
914 3
915 4
916 4
917 5
918 14
919 9
920 15
921 25
922 25
923 24
924 31
925 45
926 41
927 32
928 53
929 47
930 55
931 66
932 50
933 63
934 79
935 95
936 86
937 85
938 89
939 105
940 101
941 114
942 105
943 100
944 107
945 123
946 103
947 111
948 112
949 103
950 130
951 121
952 131
953 150
954 160
955 207
956 209
957 203
958 243
959 241
960 291
961 275
962 266
963 276
964 334
965 320
966 321
967 308
968 348
969 342
970 346
971 324
972 321
973 319
974 319
975 294
976 318
977 298
978 320
979 274
980 326
981 298
982 295
983 301
984 334
985 317
986 327
987 312
988 293
989 319
990 282
991 290
992 280
993 298
994 277
995 264
996 272
997 265
998 282
999 301
1000 287
1001 286
1002 296
1003 288
1004 337
1005 396
1006 372
1007 416
1008 404
1009 423
1010 392
1011 379
1012 371
1013 435
1014 457
1015 434
1016 449
1017 417
1018 428
1019 413
1020 408
1021 380
1022 382
1023 363
1024 392
1025 367
1026 373
1027 353
1028 335
1029 380
1030 404
1031 380
1032 421
1033 389
1034 392
1035 375
1036 375
1037 359
1038 362
1039 414
1040 420
1041 407
1042 400
1043 416
1044 406
1045 397
1046 370
1047 399
1048 420
1049 429
1050 447
1051 492
1052 439
1053 479
1054 472
1055 498
1056 496
1057 439
1058 506
1059 465
1060 501
1061 498
1062 520
1063 486
1064 504
1065 533
1066 536
1067 545
1068 523
1069 504
1070 475
1071 468
1072 439
1073 476
1074 436
1075 440
1076 446
1077 402
1078 466
1079 451
1080 479
1081 490
1082 478
1083 490
1084 501
1085 508
1086 479
1087 462
1088 485
1089 470
1090 477
1091 450
1092 492
1093 475
1094 434
1095 440
1096 469
1097 499
1098 413
1099 408
1100 423
1101 411
1102 412
1103 421
1104 383
1105 401
1106 438
1107 437
1108 422
1109 384
1110 427
1111 402
1112 402
1113 362
1114 377
1115 424
1116 418
1117 407
1118 355
1119 422
1120 451
1121 426
1122 445
1123 397
1124 436
1125 456
1126 478
1127 430
1128 462
1129 422
1130 504
1131 443
1132 482
1133 438
1134 485
1135 506
1136 454
1137 471
1138 437
1139 461
1140 457
1141 435
1142 447
1143 436
1144 471
1145 490
1146 419
1147 479
1148 444
1149 473
1150 405
1151 384
1152 447
1153 393
1154 438
1155 419
1156 440
1157 407
1158 444
1159 508
1160 466
1161 457
1162 475
1163 494
1164 490
1165 455
1166 499
1167 468
1168 491
1169 495
1170 453
1171 446
1172 467
1173 506
1174 454
1175 502
1176 487
1177 511
1178 486
1179 500
1180 529
1181 507
1182 516
1183 463
1184 550
1185 535
1186 563
1187 530
1188 575
1189 573
1190 535
1191 618
1192 553
1193 511
1194 541
1195 596
1196 585
1197 619
1198 626
1199 644
1200 714
1201 742
1202 707
1203 684
1204 740
1205 672
1206 663
1207 673
1208 717
1209 685
1210 666
1211 680
1212 752
1213 715
1214 746
1215 782
1216 801
1217 804
1218 789
1219 809
1220 745
1221 814
1222 797
1223 761
1224 762
1225 782
1226 826
1227 768
1228 864
1229 797
1230 843
1231 873
1232 961
1233 989
1234 970
1235 973
1236 1036
1237 1004
1238 1118
1239 1056
1240 1074
1241 1108
1242 1082
1243 1211
1244 1100
1245 1153
1246 1062
1247 1198
1248 1097
1249 1110
1250 1144
1251 1140
1252 1190
1253 1131
1254 1180
1255 1104
1256 1095
1257 1106
1258 1209
1259 1217
1260 1223
1261 1205
1262 1277
1263 1281
1264 1231
1265 1254
1266 1290
1267 1254
1268 1207
1269 1300
1270 1345
1271 1268
1272 1295
1273 1278
1274 1278
1275 1293
1276 1349
1277 1302
1278 1253
1279 1352
1280 1310
1281 1276
1282 1294
1283 1351
1284 1339
1285 1404
1286 1320
1287 1376
1288 1405
1289 1359
1290 1402
1291 1382
1292 1352
1293 1368
1294 1396
1295 1400
1296 1324
1297 1355
1298 1339
1299 1437
1300 1434
1301 1428
1302 1398
1303 1419
1304 1397
1305 1369
1306 1464
1307 1391
1308 1391
1309 1358
1310 1384
1311 1351
1312 1364
1313 1341
1314 1409
1315 1379
1316 1378
1317 1436
1318 1480
1319 1428
1320 1487
1321 1510
1322 1512
1323 1510
1324 1544
1325 1527
1326 1561
1327 1563
1328 1519
1329 1553
1330 1484
1331 1548
1332 1571
1333 1610
1334 1636
1335 1565
1336 1615
1337 1592
1338 1595
1339 1661
1340 1608
1341 1620
1342 1724
1343 1777
1344 1665
1345 1735
1346 1761
1347 1812
1348 1766
1349 1753
1350 1734
1351 1768
1352 1766
1353 1726
1354 1878
1355 1892
1356 1878
1357 1855
1358 1933
1359 1930
1360 1923
1361 1933
1362 1937
1363 1982
1364 1851
1365 2032
1366 1999
1367 1891
1368 2073
1369 2079
1370 2005
1371 2092
1372 2090
1373 2081
1374 2142
1375 2057
1376 2180
1377 2117
1378 2090
1379 2167
1380 2111
1381 2131
1382 2122
1383 2168
1384 2178
1385 2121
1386 2142
1387 2118
1388 2192
1389 2238
1390 2129
1391 2206
1392 2210
1393 2207
1394 2253
1395 2373
1396 2348
1397 2379
1398 2430
1399 2388
1400 2346
1401 2422
1402 2497
1403 2587
1404 2604
1405 2573
1406 2649
1407 2664
1408 2736
1409 2617
1410 2615
1411 2639
1412 2714
1413 2708
1414 2778
1415 2775
1416 2777
1417 2839
1418 2780
1419 2778
1420 2862
1421 2875
1422 2775
1423 2780
1424 2895
1425 2738
1426 2827
1427 2779
1428 2845
1429 2794
1430 2873
1431 2788
1432 2917
1433 2858
1434 2946
1435 2907
1436 2869
1437 2909
1438 2968
1439 2954
1440 2986
1441 3002
1442 2880
1443 2877
1444 2969
1445 2982
1446 3050
1447 3147
1448 3128
1449 2986
1450 3117
1451 3087
1452 3109
1453 3153
1454 3249
1455 3170
1456 3116
1457 3280
1458 3273
1459 3317
1460 3353
1461 3394
1462 3405
1463 3509
1464 3442
1465 3498
1466 3411
1467 3533
1468 3578
1469 3449
1470 3511
1471 3543
1472 3526
1473 3668
1474 3573
1475 3576
1476 3498
1477 3620
1478 3697
1479 3568
1480 3629
1481 3713
1482 3670
1483 3710
1484 3731
1485 3736
1486 3638
1487 3711
1488 3721
1489 3819
1490 3933
1491 3852
1492 3902
1493 3873
1494 3966
1495 3823
1496 3970
1497 3960
1498 3965
1499 4051
1500 4049
1501 4113
1502 4111
1503 4145
1504 4042
1505 4083
1506 4116
1507 4294
1508 4110
1509 4085
1510 4118
1511 4202
1512 4191
1513 4197
1514 4154
1515 4157
1516 4330
1517 4374
1518 4267
1519 4312
1520 4376
1521 4257
1522 4274
1523 4210
1524 4350
1525 4327
1526 4358
1527 4151
1528 4467
1529 4399
1530 4446
1531 4440
1532 4511
1533 4530
1534 4496
1535 4531
1536 4531
1537 4606
1538 4567
1539 4554
1540 4667
1541 4736
1542 4569
1543 4709
1544 4689
1545 4545
1546 4681
1547 4669
1548 4710
1549 4614
1550 4677
1551 4750
1552 4792
1553 4745
1554 4813
1555 4831
1556 4818
1557 4716
1558 4764
1559 4780
1560 4876
1561 4984
1562 4859
1563 4985
1564 4907
1565 5031
1566 5127
1567 5146
1568 4976
1569 5044
1570 4990
1571 5018
1572 5199
1573 5103
1574 5025
1575 5138
1576 5178
1577 5175
1578 5222
1579 5304
1580 5334
1581 5374
1582 5446
1583 5331
1584 5441
1585 5513
1586 5322
1587 5446
1588 5560
1589 5543
1590 5405
1591 5641
1592 5590
1593 5644
1594 5501
1595 5604
1596 5558
1597 5485
1598 5587
1599 5570
1600 5624
1601 5498
1602 5510
1603 5468
1604 5510
1605 5753
1606 5724
1607 5617
1608 5758
1609 5731
1610 5939
1611 5834
1612 5839
1613 5772
1614 6014
1615 5811
1616 5980
1617 6001
1618 5952
1619 5924
1620 6011
1621 5987
1622 6037
1623 5910
1624 6139
1625 6087
1626 6178
1627 6196
1628 6209
1629 5947
1630 6145
1631 6121
1632 6043
1633 6004
1634 6180
1635 6146
1636 6375
1637 6133
1638 6031
1639 6311
1640 6314
1641 6386
1642 6384
1643 6263
1644 6229
1645 6271
1646 6284
1647 6157
1648 6282
1649 6407
1650 6401
1651 6347
1652 6430
1653 6314
1654 6511
1655 6489
1656 6382
1657 6415
1658 6542
1659 6588
1660 6585
1661 6496
1662 6513
1663 6627
1664 6700
1665 6605
1666 6588
1667 6703
1668 6685
1669 6773
1670 6672
1671 6754
1672 6740
1673 6768
1674 6715
1675 6713
1676 6524
1677 6690
1678 6685
1679 6797
1680 6774
1681 6748
1682 6879
1683 6841
1684 6640
1685 6750
1686 6789
1687 6658
1688 6870
1689 6770
1690 6837
1691 7020
1692 6743
1693 6858
1694 6961
1695 6701
1696 6928
1697 6793
1698 6934
1699 7001
1700 6860
1701 6863
1702 6913
1703 7006
1704 6952
1705 6887
1706 6873
1707 6755
1708 6971
1709 7006
1710 7037
1711 6962
1712 7043
1713 7038
1714 6981
1715 7002
1716 6732
1717 6982
1718 6888
1719 6878
1720 6892
1721 6963
1722 7017
1723 6904
1724 6970
1725 6818
1726 7013
1727 6877
1728 6869
1729 6996
1730 7031
1731 6807
1732 6926
1733 6999
1734 6866
1735 7040
1736 6999
1737 6968
1738 7055
1739 6894
1740 7063
1741 6905
1742 6919
1743 6887
1744 6959
1745 7018
1746 7046
1747 7101
1748 6911
1749 6939
1750 6952
1751 7128
1752 7018
1753 6864
1754 6978
1755 7174
1756 6937
1757 7045
1758 6985
1759 7059
1760 6908
1761 6920
1762 6892
1763 6961
1764 6999
1765 7111
1766 6932
1767 6948
1768 6870
1769 6972
1770 7072
1771 7016
1772 6963
1773 6860
1774 6723
1775 6943
1776 6978
1777 6922
1778 6958
1779 6862
1780 6835
1781 6943
1782 6732
1783 6865
1784 6792
1785 6863
1786 6715
1787 6862
1788 6805
1789 6795
1790 6807
1791 6881
1792 6891
1793 6926
1794 6796
1795 6837
1796 6642
1797 6764
1798 6790
1799 6865
1800 6798
1801 6916
1802 6882
1803 6782
1804 6758
1805 6622
1806 6644
1807 6666
1808 6792
1809 6601
1810 6669
1811 6695
1812 6727
1813 6606
1814 6591
1815 6482
1816 6603
1817 6532
1818 6653
1819 6462
1820 6630
1821 6529
1822 6546
1823 6476
1824 6408
1825 6487
1826 6375
1827 6440
1828 6402
1829 6232
1830 6413
1831 6379
1832 6259
1833 6328
1834 6288
1835 6312
1836 6273
1837 6324
1838 6321
1839 6184
1840 6084
1841 6298
1842 6180
1843 6052
1844 6141
1845 6125
1846 6189
1847 6138
1848 6030
1849 6121
1850 5963
1851 5910
1852 6039
1853 6018
1854 6072
1855 5912
1856 6019
1857 5985
1858 5855
1859 6034
1860 5766
1861 5924
1862 5758
1863 5837
1864 5852
1865 5816
1866 5717
1867 5803
1868 5824
1869 5722
1870 5760
1871 5575
1872 5585
1873 5614
1874 5624
1875 5670
1876 5559
1877 5473
1878 5623
1879 5441
1880 5634
1881 5486
1882 5454
1883 5531
1884 5560
1885 5560
1886 5476
1887 5500
1888 5407
1889 5463
1890 5435
1891 5385
1892 5501
1893 5287
1894 5440
1895 5348
1896 5252
1897 5296
1898 5358
1899 5310
1900 5389
1901 5316
1902 5310
1903 5196
1904 5198
1905 5144
1906 5119
1907 5156
1908 5081
1909 5029
1910 5075
1911 5053
1912 5162
1913 4974
1914 4952
1915 5025
1916 4929
1917 5066
1918 4884
1919 4746
1920 4789
1921 4905
1922 4850
1923 4787
1924 4825
1925 4851
1926 4857
1927 4636
1928 4767
1929 4638
1930 4717
1931 4703
1932 4594
1933 4696
1934 4573
1935 4615
1936 4508
1937 4577
1938 4570
1939 4545
1940 4524
1941 4618
1942 4479
1943 4372
1944 4526
1945 4336
1946 4333
1947 4414
1948 4361
1949 4429
1950 4367
1951 4313
1952 4417
1953 4325
1954 4328
1955 4287
1956 4285
1957 4131
1958 4323
1959 4201
1960 4135
1961 4113
1962 4207
1963 4227
1964 4140
1965 4035
1966 4006
1967 4024
1968 4034
1969 3951
1970 3938
1971 4006
1972 3817
1973 3929
1974 3894
1975 3897
1976 3851
1977 3920
1978 3872
1979 3879
1980 3702
1981 3732
1982 3677
1983 3681
1984 3660
1985 3712
1986 3537
1987 3713
1988 3719
1989 3694
1990 3594
1991 3628
1992 3542
1993 3580
1994 3565
1995 3524
1996 3537
1997 3509
1998 3506
1999 3435
2000 3438
2001 3415
2002 3445
2003 3306
2004 3270
2005 3396
2006 3374
2007 3413
2008 3289
2009 3295
2010 3299
2011 3334
2012 3217
2013 3281
2014 3257
2015 3238
2016 3188
2017 3289
2018 3128
2019 3017
2020 3048
2021 3067
2022 3020
2023 2999
2024 3056
2025 2954
2026 2883
2027 3048
2028 2955
2029 2884
2030 2867
2031 2756
2032 2926
2033 2889
2034 2922
2035 2828
2036 2782
2037 2832
2038 2765
2039 2681
2040 2776
2041 2725
2042 2797
2043 2659
2044 2706
2045 2676
2046 2613
2047 2606
2048 2667
2049 2541
2050 2589
2051 2516
2052 2614
2053 2525
2054 2534
2055 2495
2056 2522
2057 2501
2058 2477
2059 2390
2060 2427
2061 2375
2062 2419
2063 2401
2064 2377
2065 2438
2066 2299
2067 2295
2068 2269
2069 2214
2070 2266
2071 2281
2072 2260
2073 2223
2074 2252
2075 2201
2076 2187
2077 2128
2078 2112
2079 2080
2080 2129
2081 2062
2082 2157
2083 2066
2084 2015
2085 2035
2086 2011
2087 1987
2088 1982
2089 1936
2090 1924
2091 2001
2092 1933
2093 1912
2094 1871
2095 1796
2096 1921
2097 1887
2098 1960
2099 1848
2100 1818
2101 1735
2102 1791
2103 1727
2104 1820
2105 1768
2106 1757
2107 1667
2108 1728
2109 1698
2110 1677
2111 1611
2112 1585
2113 1631
2114 1641
2115 1566
2116 1579
2117 1578
2118 1591
2119 1607
2120 1585
2121 1508
2122 1524
2123 1572
2124 1463
2125 1471
2126 1475
2127 1387
2128 1411
2129 1454
2130 1436
2131 1352
2132 1421
2133 1373
2134 1412
2135 1301
2136 1335
2137 1362
2138 1371
2139 1342
2140 1330
2141 1314
2142 1331
2143 1257
2144 1224
2145 1311
2146 1252
2147 1237
2148 1250
2149 1259
2150 1224
2151 1192
2152 1152
2153 1170
2154 1196
2155 1233
2156 1133
2157 1119
2158 1061
2159 1092
2160 1076
2161 1090
2162 1068
2163 1042
2164 1103
2165 1074
2166 1071
2167 1027
2168 1005
2169 999
2170 967
2171 969
2172 999
2173 993
2174 966
2175 949
2176 901
2177 936
2178 918
2179 885
2180 931
2181 910
2182 860
2183 901
2184 825
2185 878
2186 849
2187 830
2188 852
2189 789
2190 829
2191 870
2192 762
2193 780
2194 841
2195 775
2196 761
2197 712
2198 738
2199 768
2200 748
2201 701
2202 722
2203 717
2204 737
2205 737
2206 730
2207 682
2208 715
2209 677
2210 662
2211 639
2212 639
2213 678
2214 623
2215 674
2216 617
2217 587
2218 585
2219 602
2220 580
2221 650
2222 632
2223 567
2224 564
2225 564
2226 553
2227 537
2228 537
2229 519
2230 554
2231 558
2232 515
2233 538
2234 550
2235 478
2236 486
2237 527
2238 475
2239 472
2240 495
2241 487
2242 432
2243 498
2244 444
2245 453
2246 421
2247 449
2248 439
2249 430
2250 425
2251 419
2252 383
2253 401
2254 396
2255 392
2256 369
2257 392
2258 351
2259 394
2260 360
2261 367
2262 405
2263 369
2264 351
2265 372
2266 325
2267 322
2268 361
2269 325
2270 307
2271 326
2272 312
2273 266
2274 316
2275 292
2276 289
2277 289
2278 282
2279 301
2280 305
2281 290
2282 260
2283 265
2284 274
2285 241
2286 271
2287 251
2288 287
2289 258
2290 252
2291 218
2292 214
2293 221
2294 239
2295 253
2296 217
2297 226
2298 232
2299 213
2300 243
2301 191
2302 203
2303 181
2304 217
2305 207
2306 178
2307 188
2308 173
2309 163
2310 182
2311 193
2312 183
2313 160
2314 196
2315 163
2316 174
2317 171
2318 164
2319 181
2320 149
2321 154
2322 171
2323 163
2324 172
2325 172
2326 151
2327 135
2328 129
2329 167
2330 147
2331 148
2332 150
2333 136
2334 136
2335 138
2336 137
2337 132
2338 135
2339 102
2340 131
2341 131
2342 125
2343 113
2344 125
2345 124
2346 123
2347 116
2348 126
2349 132
2350 126
2351 123
2352 110
2353 103
2354 118
2355 104
2356 99
2357 85
2358 97
2359 109
2360 110
2361 108
2362 97
2363 81
2364 86
2365 82
2366 78
2367 95
2368 85
2369 80
2370 68
2371 84
2372 70
2373 88
2374 71
2375 104
2376 72
2377 68
2378 77
2379 66
2380 67
2381 69
2382 64
2383 69
2384 70
2385 70
2386 61
2387 47
2388 60
2389 39
2390 60
2391 65
2392 72
2393 50
2394 54
2395 51
2396 54
2397 60
2398 48
2399 59
2400 46
2401 46
2402 52
2403 34
2404 56
2405 43
2406 54
2407 44
2408 50
2409 37
2410 32
2411 46
2412 25
2413 31
2414 34
2415 34
2416 40
2417 31
2418 38
2419 45
2420 31
2421 29
2422 29
2423 24
2424 33
2425 32
2426 27
2427 30
2428 24
2429 41
2430 32
2431 17
2432 30
2433 29
2434 18
2435 29
2436 30
2437 32
2438 25
2439 22
2440 32
2441 34
2442 24
2443 17
2444 18
2445 23
2446 18
2447 25
2448 21
2449 15
2450 20
2451 23
2452 23
2453 24
2454 21
2455 15
2456 17
2457 22
2458 20
2459 5
2460 18
2461 11
2462 18
2463 17
2464 15
2465 13
2466 12
2467 19
2468 12
2469 16
2470 17
2471 16
2472 20
2473 14
2474 12
2475 7
2476 16
2477 13
2478 13
2479 10
2480 11
2481 14
2482 13
2483 11
2484 9
2485 12
2486 9
2487 4
2488 6
2489 7
2490 9
2491 10
2492 10
2493 4
2494 9
2495 9
2496 8
2497 9
2498 7
2499 14
2500 6
2501 7
2502 13
2503 11
2504 8
2505 9
2506 3
2507 3
2508 7
2509 6
2510 6
2511 3
2512 10
2513 3
2514 4
2515 7
2516 4
2517 3
2518 4
2519 7
2520 6
2521 7
2522 6
2523 8
2524 4
2525 3
2526 4
2527 5
2528 4
2529 1
2530 5
2531 10
2532 5
2533 4
2534 5
2535 4
2536 6
2537 2
2538 2
2539 2
2540 1
2541 3
2542 3
2543 3
2544 3
2545 4
2546 1
2547 1
2548 7
2549 2
2550 3
2551 1
2552 1
2553 3
2554 1
2555 1
2556 5
2558 1
2559 3
2560 2
2562 4
2563 3
2566 2
2567 2
2568 2
2569 3
2570 1
2571 1
2572 5
2573 1
2574 3
2576 1
2578 3
2580 2
2582 1
2584 1
2587 1
2589 1
2592 1
2594 2
2598 1
2601 4
2603 1
2605 1
2615 1
2622 1
