-1270 1
-1269 2
-1268 2
-1267 4
-1266 9
-1265 14
-1264 10
-1263 11
-1262 22
-1261 22
-1260 31
-1259 37
-1258 54
-1257 48
-1256 41
-1255 93
-1254 61
-1253 93
-1252 87
-1251 91
-1250 90
-1249 108
-1248 111
-1247 133
-1246 115
-1245 120
-1244 114
-1243 132
-1242 114
-1241 108
-1240 113
-1239 100
-1238 124
-1237 115
-1236 97
-1235 109
-1234 122
-1233 131
-1232 105
-1231 115
-1230 111
-1229 137
-1228 109
-1227 97
-1226 95
-1225 106
-1224 113
-1223 106
-1222 133
-1221 99
-1220 108
-1219 105
-1218 130
-1217 98
-1216 105
-1215 134
-1214 121
-1213 154
-1212 130
-1211 121
-1210 117
-1209 118
-1208 132
-1207 116
-1206 107
-1205 126
-1204 121
-1203 124
-1202 111
-1201 133
-1200 113
-1199 98
-1198 131
-1197 116
-1196 118
-1195 102
-1194 109
-1193 126
-1192 101
-1191 107
-1190 76
-1189 99
-1188 85
-1187 96
-1186 102
-1185 96
-1184 112
-1183 103
-1182 101
-1181 88
-1180 103
-1179 104
-1178 127
-1177 96
-1176 124
-1175 119
-1174 104
-1173 113
-1172 113
-1171 110
-1170 131
-1169 93
-1168 80
-1167 94
-1166 87
-1165 86
-1164 84
-1163 101
-1162 100
-1161 111
-1160 97
-1159 117
-1158 108
-1157 105
-1156 114
-1155 129
-1154 120
-1153 139
-1152 156
-1151 174
-1150 166
-1149 178
-1148 200
-1147 218
-1146 287
-1145 328
-1144 370
-1143 431
-1142 431
-1141 515
-1140 527
-1139 564
-1138 569
-1137 566
-1136 650
-1135 602
-1134 652
-1133 648
-1132 675
-1131 605
-1130 625
-1129 646
-1128 596
-1127 610
-1126 603
-1125 620
-1124 678
-1123 699
-1122 660
-1121 670
-1120 684
-1119 708
-1118 714
-1117 750
-1116 752
-1115 703
-1114 747
-1113 751
-1112 721
-1111 783
-1110 755
-1109 751
-1108 735
-1107 702
-1106 789
-1105 736
-1104 742
-1103 741
-1102 742
-1101 665
-1100 759
-1099 754
-1098 781
-1097 842
-1096 794
-1095 774
-1094 795
-1093 827
-1092 843
-1091 833
-1090 837
-1089 934
-1088 938
-1087 975
-1086 958
-1085 1064
-1084 1066
-1083 1058
-1082 1060
-1081 1115
-1080 1117
-1079 1109
-1078 1119
-1077 1171
-1076 1185
-1075 1141
-1074 1201
-1073 1234
-1072 1239
-1071 1224
-1070 1223
-1069 1298
-1068 1359
-1067 1373
-1066 1463
-1065 1512
-1064 1368
-1063 1492
-1062 1508
-1061 1530
-1060 1485
-1059 1457
-1058 1464
-1057 1431
-1056 1445
-1055 1505
-1054 1496
-1053 1525
-1052 1530
-1051 1671
-1050 1592
-1049 1579
-1048 1567
-1047 1641
-1046 1613
-1045 1565
-1044 1646
-1043 1583
-1042 1593
-1041 1722
-1040 1675
-1039 1638
-1038 1625
-1037 1562
-1036 1615
-1035 1729
-1034 1772
-1033 1843
-1032 1887
-1031 1962
-1030 1959
-1029 1975
-1028 2046
-1027 2138
-1026 2124
-1025 2240
-1024 2250
-1023 2207
-1022 2257
-1021 2297
-1020 2246
-1019 2424
-1018 2398
-1017 2469
-1016 2434
-1015 2533
-1014 2591
-1013 2640
-1012 2677
-1011 2640
-1010 2669
-1009 2755
-1008 2639
-1007 2770
-1006 2679
-1005 2716
-1004 2685
-1003 2688
-1002 2699
-1001 2625
-1000 2779
-999 2796
-998 2757
-997 2859
-996 2858
-995 2808
-994 2952
-993 2947
-992 2850
-991 2895
-990 2837
-989 2823
-988 2794
-987 2848
-986 2996
-985 2944
-984 2991
-983 2914
-982 2945
-981 2958
-980 2930
-979 2885
-978 3001
-977 3064
-976 3144
-975 3187
-974 3258
-973 3286
-972 3435
-971 3383
-970 3335
-969 3146
-968 3379
-967 3343
-966 3422
-965 3471
-964 3513
-963 3621
-962 3626
-961 3605
-960 3632
-959 3650
-958 3899
-957 3796
-956 3898
-955 3981
-954 3908
-953 4016
-952 3970
-951 3946
-950 3999
-949 4031
-948 3977
-947 4019
-946 4140
-945 3924
-944 3929
-943 3939
-942 3907
-941 3958
-940 3947
-939 4011
-938 3933
-937 4079
-936 3975
-935 3959
-934 3843
-933 3835
-932 3928
-931 3956
-930 3911
-929 3907
-928 3846
-927 3927
-926 3900
-925 4054
-924 3914
-923 3941
-922 3810
-921 3990
-920 3931
-919 3829
-918 3847
-917 3900
-916 3843
-915 3986
-914 3988
-913 3928
-912 3959
-911 3948
-910 3959
-909 4074
-908 4029
-907 4080
-906 4016
-905 3975
-904 4179
-903 4039
-902 4147
-901 4058
-900 4060
-899 4085
-898 4013
-897 4146
-896 4039
-895 4077
-894 4187
-893 4127
-892 4134
-891 4269
-890 4259
-889 4132
-888 4292
-887 4085
-886 4255
-885 4199
-884 4259
-883 4283
-882 4268
-881 4332
-880 4265
-879 4336
-878 4369
-877 4349
-876 4362
-875 4290
-874 4337
-873 4348
-872 4341
-871 4372
-870 4437
-869 4475
-868 4492
-867 4683
-866 4812
-865 4867
-864 5011
-863 5166
-862 5218
-861 5230
-860 5448
-859 5480
-858 5512
-857 5579
-856 5672
-855 5683
-854 5726
-853 5754
-852 5587
-851 5760
-850 5824
-849 5866
-848 5831
-847 5758
-846 5864
-845 5836
-844 5722
-843 5760
-842 5727
-841 5819
-840 5811
-839 5738
-838 5847
-837 5831
-836 6019
-835 5965
-834 5818
-833 5948
-832 5977
-831 6045
-830 5857
-829 5759
-828 5889
-827 5708
-826 5759
-825 5814
-824 5755
-823 5888
-822 5893
-821 5919
-820 6002
-819 5832
-818 6037
-817 5851
-816 6078
-815 6225
-814 6226
-813 6338
-812 6365
-811 6276
-810 6148
-809 6390
-808 6167
-807 6016
-806 6045
-805 6168
-804 6277
-803 5980
-802 6037
-801 6061
-800 6041
-799 6105
-798 6086
-797 6092
-796 5989
-795 6129
-794 6054
-793 6031
-792 5925
-791 6009
-790 6258
-789 6012
-788 6006
-787 5965
-786 6146
-785 6176
-784 6254
-783 6280
-782 6045
-781 6154
-780 6273
-779 6218
-778 6272
-777 6338
-776 6139
-775 6316
-774 6372
-773 6353
-772 6304
-771 6422
-770 6365
-769 6293
-768 6130
-767 6298
-766 6216
-765 6359
-764 6116
-763 6209
-762 6165
-761 6269
-760 6160
-759 6167
-758 6088
-757 6015
-756 6055
-755 5969
-754 6050
-753 5878
-752 6068
-751 6005
-750 5945
-749 5963
-748 6121
-747 6118
-746 6084
-745 6018
-744 6114
-743 6071
-742 6029
-741 6097
-740 6032
-739 6026
-738 6225
-737 6103
-736 6185
-735 6246
-734 6280
-733 6291
-732 6246
-731 6342
-730 6273
-729 6344
-728 6178
-727 6360
-726 6366
-725 6285
-724 6401
-723 6482
-722 6442
-721 6398
-720 6594
-719 6468
-718 6545
-717 6545
-716 6748
-715 6779
-714 6832
-713 6776
-712 6917
-711 6824
-710 6859
-709 7068
-708 6998
-707 6923
-706 7030
-705 7148
-704 6935
-703 7153
-702 7216
-701 7410
-700 7038
-699 7160
-698 7079
-697 7030
-696 6940
-695 6942
-694 6858
-693 6768
-692 6803
-691 6694
-690 6812
-689 6682
-688 6652
-687 6526
-686 6617
-685 6777
-684 6497
-683 6568
-682 6634
-681 6748
-680 6540
-679 6488
-678 6667
-677 6631
-676 6851
-675 6991
-674 6972
-673 7006
-672 7050
-671 7062
-670 6897
-669 6871
-668 6852
-667 6882
-666 6778
-665 6951
-664 6754
-663 6796
-662 6769
-661 6913
-660 6707
-659 6704
-658 6749
-657 6682
-656 6453
-655 6556
-654 6662
-653 6727
-652 6580
-651 6634
-650 6496
-649 6464
-648 6651
-647 6430
-646 6585
-645 6642
-644 6543
-643 6681
-642 6627
-641 6591
-640 6656
-639 6513
-638 6615
-637 6711
-636 6449
-635 6526
-634 6694
-633 6499
-632 6713
-631 6635
-630 6492
-629 6621
-628 6675
-627 6754
-626 6574
-625 6740
-624 6590
-623 6470
-622 6616
-621 6383
-620 6469
-619 6432
-618 6388
-617 6407
-616 6304
-615 6272
-614 6094
-613 6142
-612 6130
-611 6261
-610 5986
-609 5973
-608 6138
-607 6063
-606 5924
-605 6156
-604 6001
-603 5905
-602 6067
-601 5971
-600 5986
-599 5883
-598 5882
-597 5865
-596 5825
-595 5777
-594 5752
-593 5745
-592 5600
-591 5667
-590 5505
-589 5653
-588 5372
-587 5483
-586 5536
-585 5462
-584 5511
-583 5754
-582 5556
-581 5514
-580 5420
-579 5357
-578 5291
-577 5434
-576 5227
-575 5309
-574 5218
-573 5442
-572 5200
-571 5273
-570 5302
-569 5382
-568 5284
-567 5439
-566 5373
-565 5208
-564 5300
-563 5419
-562 5277
-561 5194
-560 5098
-559 5217
-558 5181
-557 5151
-556 5095
-555 5219
-554 5180
-553 5155
-552 5104
-551 5012
-550 5230
-549 5214
-548 5089
-547 5126
-546 5123
-545 5147
-544 5160
-543 5086
-542 5090
-541 4917
-540 5037
-539 5145
-538 5046
-537 5032
-536 5143
-535 4951
-534 5041
-533 4998
-532 5123
-531 4929
-530 4972
-529 5113
-528 4987
-527 5107
-526 5089
-525 4885
-524 4979
-523 4989
-522 4944
-521 5058
-520 5079
-519 4954
-518 5019
-517 5033
-516 4988
-515 5051
-514 5041
-513 4847
-512 4801
-511 5030
-510 4973
-509 4881
-508 4878
-507 4853
-506 4765
-505 4763
-504 4881
-503 4680
-502 4720
-501 4715
-500 4795
-499 4672
-498 4759
-497 4663
-496 4698
-495 4633
-494 4563
-493 4657
-492 4536
-491 4513
-490 4656
-489 4521
-488 4528
-487 4553
-486 4477
-485 4509
-484 4488
-483 4446
-482 4386
-481 4375
-480 4468
-479 4430
-478 4374
-477 4407
-476 4419
-475 4361
-474 4389
-473 4339
-472 4353
-471 4327
-470 4253
-469 4134
-468 4320
-467 4224
-466 4193
-465 4360
-464 4162
-463 4255
-462 4184
-461 4216
-460 3986
-459 4047
-458 4042
-457 4121
-456 3920
-455 3871
-454 4020
-453 3964
-452 4008
-451 4026
-450 3969
-449 3909
-448 3942
-447 3981
-446 3903
-445 3960
-444 3891
-443 3935
-442 3803
-441 3899
-440 3812
-439 3838
-438 3722
-437 3900
-436 3804
-435 3812
-434 3848
-433 3798
-432 3880
-431 3770
-430 3798
-429 3641
-428 3684
-427 3605
-426 3748
-425 3707
-424 3627
-423 3609
-422 3603
-421 3668
-420 3549
-419 3584
-418 3520
-417 3484
-416 3337
-415 3421
-414 3361
-413 3397
-412 3497
-411 3531
-410 3430
-409 3413
-408 3476
-407 3301
-406 3315
-405 3229
-404 3283
-403 3182
-402 3382
-401 3186
-400 3267
-399 3228
-398 3301
-397 3156
-396 3107
-395 3202
-394 3200
-393 3118
-392 3085
-391 3103
-390 3101
-389 3088
-388 3122
-387 2934
-386 3049
-385 2995
-384 2922
-383 3020
-382 2906
-381 2957
-380 2863
-379 2968
-378 2769
-377 2897
-376 2806
-375 2848
-374 2783
-373 2815
-372 2767
-371 2734
-370 2666
-369 2731
-368 2641
-367 2784
-366 2674
-365 2605
-364 2610
-363 2644
-362 2575
-361 2546
-360 2525
-359 2612
-358 2680
-357 2484
-356 2579
-355 2578
-354 2557
-353 2492
-352 2476
-351 2555
-350 2460
-349 2469
-348 2486
-347 2552
-346 2393
-345 2401
-344 2378
-343 2417
-342 2469
-341 2360
-340 2398
-339 2401
-338 2358
-337 2310
-336 2261
-335 2396
-334 2302
-333 2345
-332 2136
-331 2256
-330 2338
-329 2239
-328 2248
-327 2170
-326 2186
-325 2138
-324 2290
-323 2166
-322 2302
-321 2222
-320 2256
-319 2158
-318 2200
-317 2082
-316 2159
-315 2107
-314 2108
-313 2062
-312 2125
-311 2131
-310 2104
-309 2102
-308 2101
-307 2010
-306 2075
-305 1981
-304 2094
-303 2076
-302 1899
-301 1998
-300 2042
-299 2011
-298 1999
-297 1911
-296 2002
-295 1932
-294 1923
-293 1933
-292 1881
-291 1882
-290 1918
-289 1924
-288 1861
-287 1880
-286 1975
-285 1852
-284 1832
-283 1877
-282 1855
-281 1825
-280 1901
-279 1811
-278 1807
-277 1770
-276 1788
-275 1784
-274 1804
-273 1719
-272 1740
-271 1760
-270 1757
-269 1786
-268 1807
-267 1765
-266 1769
-265 1743
-264 1780
-263 1684
-262 1648
-261 1713
-260 1651
-259 1729
-258 1745
-257 1710
-256 1710
-255 1684
-254 1672
-253 1692
-252 1690
-251 1657
-250 1676
-249 1726
-248 1637
-247 1681
-246 1643
-245 1653
-244 1620
-243 1586
-242 1565
-241 1529
-240 1566
-239 1575
-238 1603
-237 1554
-236 1608
-235 1546
-234 1530
-233 1588
-232 1560
-231 1472
-230 1478
-229 1436
-228 1478
-227 1480
-226 1488
-225 1436
-224 1475
-223 1421
-222 1453
-221 1413
-220 1447
-219 1421
-218 1387
-217 1474
-216 1448
-215 1420
-214 1402
-213 1359
-212 1354
-211 1472
-210 1418
-209 1335
-208 1354
-207 1439
-206 1398
-205 1345
-204 1397
-203 1367
-202 1367
-201 1378
-200 1356
-199 1380
-198 1316
-197 1289
-196 1354
-195 1339
-194 1315
-193 1260
-192 1226
-191 1330
-190 1273
-189 1247
-188 1203
-187 1290
-186 1284
-185 1263
-184 1288
-183 1210
-182 1207
-181 1272
-180 1221
-179 1190
-178 1168
-177 1180
-176 1161
-175 1190
-174 1189
-173 1204
-172 1143
-171 1221
-170 1151
-169 1125
-168 1173
-167 1085
-166 1170
-165 1118
-164 1172
-163 1089
-162 1149
-161 1119
-160 1070
-159 1080
-158 1086
-157 1085
-156 1125
-155 1092
-154 1055
-153 1091
-152 1076
-151 1125
-150 1068
-149 1058
-148 997
-147 1090
-146 1015
-145 1084
-144 998
-143 973
-142 1012
-141 974
-140 1012
-139 994
-138 971
-137 964
-136 953
-135 931
-134 1057
-133 930
-132 1007
-131 959
-130 892
-129 968
-128 972
-127 935
-126 929
-125 960
-124 898
-123 908
-122 905
-121 916
-120 882
-119 921
-118 882
-117 957
-116 847
-115 905
-114 815
-113 874
-112 888
-111 894
-110 868
-109 857
-108 860
-107 844
-106 876
-105 866
-104 855
-103 822
-102 883
-101 845
-100 878
-99 846
-98 850
-97 836
-96 809
-95 806
-94 803
-93 828
-92 788
-91 808
-90 802
-89 796
-88 726
-87 747
-86 758
-85 753
-84 783
-83 782
-82 815
-81 760
-80 795
-79 795
-78 738
-77 793
-76 743
-75 678
-74 703
-73 721
-72 718
-71 684
-70 692
-69 680
-68 725
-67 681
-66 740
-65 725
-64 711
-63 725
-62 724
-61 691
-60 704
-59 680
-58 662
-57 694
-56 702
-55 648
-54 680
-53 620
-52 661
-51 651
-50 639
-49 685
-48 650
-47 671
-46 663
-45 605
-44 626
-43 612
-42 641
-41 615
-40 601
-39 671
-38 670
-37 585
-36 605
-35 591
-34 589
-33 613
-32 578
-31 608
-30 612
-29 614
-28 644
-27 603
-26 575
-25 591
-24 590
-23 573
-22 610
-21 596
-20 552
-19 562
-18 612
-17 594
-16 550
-15 553
-14 557
-13 546
-12 560
-11 551
-10 574
-9 561
-8 538
-7 548
-6 583
-5 546
-4 509
-3 499
-2 530
-1 526
0 516
1 535
2 513
3 513
4 502
5 555
6 523
7 486
8 517
9 457
10 507
11 519
12 459
13 492
14 491
15 499
16 476
17 457
18 457
19 469
20 452
21 441
22 471
23 446
24 449
25 453
26 418
27 450
28 488
29 445
30 423
31 435
32 423
33 438
34 417
35 393
36 445
37 484
38 387
39 406
40 402
41 425
42 398
43 419
44 399
45 410
46 393
47 410
48 390
49 371
50 387
51 402
52 376
53 427
54 377
55 354
56 396
57 367
58 368
59 373
60 352
61 394
62 339
63 364
64 356
65 382
66 370
67 359
68 375
69 364
70 351
71 343
72 341
73 313
74 341
75 297
76 343
77 354
78 356
79 334
80 378
81 324
82 320
83 320
84 344
85 303
86 316
87 324
88 335
89 295
90 273
91 294
92 327
93 329
94 299
95 303
96 297
97 275
98 299
99 269
100 266
101 263
102 339
103 268
104 291
105 289
106 295
107 269
108 237
109 302
110 293
111 293
112 271
113 280
114 242
115 258
116 249
117 246
118 279
119 255
120 243
121 271
122 277
123 246
124 269
125 251
126 243
127 242
128 241
129 233
130 259
131 227
132 244
133 264
134 221
135 263
136 252
137 242
138 255
139 240
140 242
141 239
142 248
143 246
144 224
145 222
146 222
147 231
148 197
149 220
150 247
151 229
152 214
153 225
154 206
155 201
156 222
157 232
158 231
159 220
160 210
161 223
162 200
163 203
164 212
165 188
166 200
167 209
168 200
169 198
170 210
171 207
172 192
173 185
174 187
175 178
176 202
177 226
178 200
179 170
180 167
181 162
182 173
183 176
184 175
185 163
186 177
187 163
188 176
189 163
190 188
191 168
192 174
193 162
194 144
195 149
196 162
197 158
198 162
199 183
200 171
201 150
202 162
203 167
204 166
205 152
206 132
207 161
208 155
209 149
210 158
211 161
212 152
213 152
214 140
215 147
216 140
217 146
218 166
219 147
220 139
221 130
222 152
223 161
224 158
225 103
226 152
227 146
228 128
229 121
230 139
231 141
232 151
233 140
234 117
235 127
236 147
237 134
238 146
239 143
240 126
241 121
242 135
243 108
244 108
245 125
246 113
247 122
248 128
249 112
250 128
251 110
252 116
253 129
254 123
255 128
256 114
257 120
258 126
259 92
260 105
261 126
262 120
263 93
264 106
265 116
266 111
267 102
268 108
269 113
270 96
271 112
272 97
273 93
274 120
275 94
276 100
277 89
278 98
279 120
280 96
281 104
282 102
283 82
284 104
285 96
286 88
287 102
288 101
289 89
290 105
291 96
292 83
293 81
294 82
295 86
296 113
297 85
298 93
299 98
300 93
301 89
302 88
303 80
304 94
305 76
306 88
307 87
308 92
309 80
310 95
311 82
312 84
313 86
314 68
315 97
316 84
317 85
318 99
319 86
320 82
321 97
322 100
323 75
324 75
325 73
326 86
327 69
328 78
329 70
330 68
331 66
332 80
333 76
334 79
335 73
336 71
337 67
338 91
339 80
340 57
341 52
342 61
343 63
344 63
345 53
346 68
347 77
348 59
349 63
350 59
351 71
352 57
353 53
354 74
355 60
356 53
357 57
358 77
359 69
360 60
361 54
362 58
363 66
364 59
365 58
366 66
367 51
368 77
369 61
370 64
371 61
372 50
373 55
374 60
375 53
376 49
377 62
378 42
379 48
380 53
381 53
382 51
383 63
384 58
385 53
386 51
387 46
388 53
389 45
390 58
391 50
392 48
393 59
394 51
395 49
396 36
397 41
398 38
399 52
400 56
401 38
402 38
403 47
404 42
405 42
406 43
407 60
408 45
409 42
410 45
411 49
412 37
413 54
414 53
415 45
416 48
417 34
418 47
419 44
420 59
421 43
422 40
423 35
424 42
425 46
426 31
427 33
428 35
429 44
430 46
431 46
432 41
433 43
434 43
435 41
436 35
437 35
438 37
439 50
440 43
441 39
442 32
443 36
444 47
445 28
446 48
447 32
448 39
449 42
450 40
451 39
452 40
453 38
454 21
455 34
456 35
457 37
458 29
459 31
460 30
461 32
462 35
463 36
464 41
465 29
466 35
467 36
468 36
469 33
470 39
471 28
472 26
473 30
474 30
475 30
476 34
477 31
478 44
479 32
480 26
481 41
482 28
483 30
484 41
485 34
486 26
487 36
488 32
489 29
490 36
491 35
492 28
493 27
494 33
495 26
496 27
497 35
498 21
499 31
500 37
501 25
502 22
503 38
504 33
505 26
506 31
507 27
508 35
509 31
510 32
511 25
512 23
513 28
514 29
515 28
516 26
517 21
518 26
519 17
520 31
521 23
522 23
523 32
524 27
525 24
526 18
527 30
528 22
529 30
530 31
531 29
532 22
533 29
534 26
535 30
536 25
537 14
538 21
539 27
540 28
541 29
542 24
543 25
544 19
545 24
546 20
547 21
548 16
549 30
550 26
551 24
552 23
553 16
554 24
555 20
556 30
557 26
558 14
559 21
560 12
561 21
562 22
563 23
564 18
565 26
566 25
567 20
568 29
569 20
570 19
571 21
572 23
573 22
574 22
575 23
576 24
577 22
578 20
579 23
580 22
581 19
582 29
583 23
584 27
585 23
586 24
587 21
588 13
589 19
590 19
591 24
592 24
593 26
594 18
595 23
596 20
597 18
598 17
599 25
600 22
601 22
602 27
603 28
604 24
605 23
606 27
607 25
608 23
609 23
610 23
611 31
612 20
613 23
614 21
615 28
616 18
617 18
618 16
619 24
620 26
621 23
622 27
623 19
624 25
625 27
626 24
627 27
628 22
629 21
630 20
631 18
632 23
633 29
634 24
635 22
636 10
637 18
638 22
639 23
640 21
641 26
642 15
643 32
644 17
645 20
646 12
647 18
648 18
649 17
650 20
651 26
652 31
653 16
654 25
655 27
656 20
657 24
658 21
659 20
660 21
661 29
662 17
663 34
664 19
665 18
666 18
667 21
668 25
669 31
670 21
671 23
672 23
673 34
674 20
675 25
676 18
677 22
678 23
679 25
680 20
681 28
682 17
683 15
684 30
685 34
686 15
687 14
688 20
689 23
690 26
691 21
692 22
693 28
694 26
695 25
696 25
697 26
698 18
699 29
700 23
701 25
702 25
703 30
704 29
705 28
706 28
707 38
708 26
709 29
710 22
711 27
712 45
713 20
714 21
715 42
716 29
717 29
718 29
719 25
720 31
721 34
722 36
723 29
724 37
725 34
726 28
727 30
728 33
729 31
730 33
731 24
732 28
733 30
734 28
735 37
736 33
737 31
738 24
739 25
740 29
741 36
742 35
743 31
744 32
745 48
746 22
747 34
748 36
749 37
750 34
751 35
752 27
753 42
754 36
755 28
756 29
757 27
758 32
759 35
760 36
761 31
762 30
763 40
764 29
765 39
766 21
767 33
768 28
769 27
770 39
771 35
772 38
773 41
774 24
775 44
776 37
777 26
778 45
779 36
780 31
781 29
782 31
783 24
784 30
785 18
786 32
787 38
788 25
789 25
790 30
791 33
792 31
793 33
794 21
795 31
796 36
797 32
798 21
799 31
800 37
801 39
802 34
803 35
804 36
805 30
806 30
807 30
808 29
809 26
810 31
811 20
812 33
813 24
814 31
815 31
816 27
817 44
818 39
819 39
820 30
821 33
822 31
823 31
824 20
825 35
826 43
827 33
828 32
829 33
830 30
831 34
832 38
833 25
834 26
835 23
836 24
837 19
838 28
839 29
840 29
841 21
842 27
843 34
844 19
845 28
846 24
847 26
848 37
849 36
850 29
851 23
852 34
853 36
854 29
855 24
856 33
857 28
858 23
859 34
860 30
861 24
862 28
863 28
864 30
865 16
866 28
867 29
868 29
869 23
870 24
871 24
872 30
873 38
874 27
875 19
876 29
877 18
878 23
879 28
880 24
881 36
882 19
883 18
884 29
885 31
886 21
887 20
888 22
889 21
890 30
891 27
892 29
893 22
894 16
895 24
896 20
897 19
898 22
899 15
900 29
901 21
902 27
903 22
904 21
905 25
906 21
907 26
908 18
909 20
910 25
911 16
912 20
913 24
914 27
915 18
916 21
917 18
918 14
919 16
920 9
921 19
922 30
923 23
924 20
925 13
926 17
927 16
928 21
929 20
930 25
931 18
932 23
933 18
934 7
935 25
936 27
937 22
938 19
939 13
940 18
941 20
942 15
943 14
944 20
945 11
946 20
947 20
948 21
949 17
950 21
951 20
952 20
953 23
954 18
955 15
956 14
957 18
958 16
959 13
960 21
961 18
962 17
963 17
964 14
965 15
966 18
967 17
968 12
969 13
970 13
971 24
972 14
973 10
974 11
975 13
976 16
977 14
978 10
979 14
980 9
981 14
982 12
983 18
984 16
985 10
986 16
987 12
988 7
989 8
990 18
991 21
992 18
993 9
994 10
995 11
996 15
997 7
998 17
999 16
1000 22
1001 16
1002 15
1003 11
1004 11
1005 10
1006 16
1007 10
1008 9
1009 9
1010 8
1011 13
1012 6
1013 13
1014 13
1015 6
1016 12
1017 8
1018 7
1019 6
1020 16
1021 10
1022 11
1023 13
1024 7
1025 15
1026 16
1027 5
1028 5
1029 6
1030 9
1031 12
1032 11
1033 14
1034 7
1035 6
1036 10
1037 8
1038 12
1039 2
1040 10
1041 17
1042 14
1043 6
1044 6
1045 6
1046 5
1047 9
1048 12
1049 9
1050 9
1051 11
1052 10
1053 8
1054 8
1055 14
1056 4
1057 8
1058 10
1059 5
1060 4
1061 5
1062 8
1063 5
1064 14
1065 7
1066 14
1067 7
1068 4
1069 10
1070 6
1071 12
1072 3
1073 10
1074 11
1075 10
1076 7
1077 6
1078 7
1079 6
1080 5
1081 12
1082 6
1083 3
1084 4
1085 9
1086 8
1087 3
1088 7
1089 5
1090 4
1091 5
1092 7
1093 5
1094 3
1095 6
1096 7
1097 10
1098 8
1099 8
1100 9
1101 4
1102 6
1103 4
1104 6
1105 4
1106 5
1107 8
1108 13
1109 7
1110 2
1111 4
1112 4
1113 3
1114 4
1115 4
1116 5
1117 7
1118 4
1119 2
1120 4
1121 6
1122 6
1123 5
1124 7
1125 2
1126 4
1127 4
1128 6
1129 5
1130 2
1131 6
1132 5
1133 6
1134 6
1135 5
1136 4
1137 6
1138 6
1139 3
1140 8
1141 6
1142 7
1143 1
1144 4
1145 3
1146 2
1147 3
1148 3
1149 3
1150 5
1151 2
1152 2
1153 8
1154 8
1155 4
1156 4
1157 2
1158 5
1159 5
1160 3
1161 1
1162 4
1164 3
1165 1
1166 4
1167 2
1168 2
1169 1
1170 4
1171 3
1172 5
1173 3
1174 3
1175 5
1176 1
1177 2
1178 3
1179 1
1180 3
1181 1
1182 5
1183 4
1184 1
1185 2
1186 3
1187 2
1188 5
1189 4
1190 1
1191 2
1192 1
1193 2
1194 3
1195 3
1196 2
1197 4
1198 1
1199 6
1200 3
1201 1
1202 3
1203 3
1204 4
1205 3
1206 5
1207 2
1208 3
1209 3
1211 2
1212 2
1213 2
1215 2
1216 2
1217 3
1219 3
1220 3
1221 2
1222 1
1223 2
1224 1
1225 1
1226 3
1227 3
1229 2
1230 4
1231 2
1232 3
1233 1
1235 1
1236 1
1237 2
1239 1
1240 1
1241 2
1242 1
1243 2
1244 1
1245 2
1247 2
1249 1
1250 1
1252 1
1253 4
1254 2
1255 1
1256 2
1257 4
1258 2
1259 5
1263 1
1264 1
1266 1
1267 1
1268 3
1269 1
1271 1
1272 1
1273 1
1275 3
1279 1
1282 3
1283 2
1284 3
1285 2
1288 1
1290 1
1292 2
1293 1
1294 1
1296 2
1297 1
1299 2
1300 2
1301 3
1303 1
1304 1
1310 2
1311 3
1312 1
1314 1
1317 1
1318 1
1322 2
1324 3
1326 1
1327 2
1329 1
1330 1
1331 1
1332 1
1335 1
1337 1
1339 1
1340 1
1341 1
1343 1
1345 1
1348 1
1349 3
1350 2
1353 2
1354 2
1355 1
1357 1
1358 1
1365 3
1366 1
1367 1
1369 1
1372 1
1373 1
1378 2
1379 1
1381 1
1384 1
1387 1
1388 1
1392 2
1393 1
1394 1
1398 1
1408 1
1413 2
1414 1
1420 1
1423 1
1432 2
1437 1
1440 1
1441 1
1443 1
1453 1
1456 1
1467 1
1470 1
1471 1
1510 1
1517 1
