-1243 1
-1242 3
-1241 4
-1240 7
-1239 6
-1238 4
-1237 5
-1236 15
-1235 24
-1234 22
-1233 28
-1232 41
-1231 45
-1230 42
-1229 52
-1228 62
-1227 77
-1226 82
-1225 105
-1224 100
-1223 74
-1222 86
-1221 113
-1220 98
-1219 87
-1218 102
-1217 135
-1216 111
-1215 105
-1214 113
-1213 100
-1212 119
-1211 135
-1210 105
-1209 107
-1208 92
-1207 101
-1206 121
-1205 123
-1204 93
-1203 111
-1202 105
-1201 105
-1200 115
-1199 103
-1198 99
-1197 108
-1196 139
-1195 94
-1194 99
-1193 110
-1192 77
-1191 87
-1190 103
-1189 110
-1188 99
-1187 123
-1186 110
-1185 115
-1184 112
-1183 98
-1182 105
-1181 109
-1180 116
-1179 111
-1178 114
-1177 119
-1176 147
-1175 155
-1174 153
-1173 142
-1172 191
-1171 243
-1170 242
-1169 252
-1168 247
-1167 288
-1166 321
-1165 345
-1164 362
-1163 385
-1162 483
-1161 486
-1160 505
-1159 561
-1158 563
-1157 630
-1156 584
-1155 620
-1154 631
-1153 643
-1152 634
-1151 692
-1150 678
-1149 779
-1148 860
-1147 922
-1146 872
-1145 825
-1144 928
-1143 902
-1142 944
-1141 996
-1140 996
-1139 991
-1138 1042
-1137 1052
-1136 1059
-1135 1049
-1134 1043
-1133 1068
-1132 1012
-1131 1067
-1130 973
-1129 909
-1128 969
-1127 969
-1126 939
-1125 979
-1124 891
-1123 970
-1122 987
-1121 1023
-1120 985
-1119 997
-1118 1020
-1117 963
-1116 972
-1115 971
-1114 1040
-1113 976
-1112 937
-1111 923
-1110 932
-1109 978
-1108 891
-1107 924
-1106 953
-1105 966
-1104 988
-1103 995
-1102 1025
-1101 1006
-1100 1033
-1099 1023
-1098 1055
-1097 1059
-1096 1161
-1095 1149
-1094 1215
-1093 1175
-1092 1236
-1091 1147
-1090 1161
-1089 1124
-1088 1169
-1087 1186
-1086 1167
-1085 1189
-1084 1143
-1083 1181
-1082 1064
-1081 1194
-1080 1133
-1079 1164
-1078 1164
-1077 1190
-1076 1151
-1075 1212
-1074 1236
-1073 1272
-1072 1285
-1071 1253
-1070 1290
-1069 1302
-1068 1331
-1067 1279
-1066 1257
-1065 1372
-1064 1308
-1063 1332
-1062 1324
-1061 1312
-1060 1305
-1059 1340
-1058 1307
-1057 1349
-1056 1309
-1055 1341
-1054 1391
-1053 1449
-1052 1355
-1051 1402
-1050 1442
-1049 1427
-1048 1436
-1047 1471
-1046 1400
-1045 1345
-1044 1479
-1043 1530
-1042 1443
-1041 1376
-1040 1437
-1039 1503
-1038 1534
-1037 1461
-1036 1599
-1035 1490
-1034 1570
-1033 1581
-1032 1536
-1031 1498
-1030 1597
-1029 1485
-1028 1556
-1027 1540
-1026 1565
-1025 1531
-1024 1509
-1023 1526
-1022 1582
-1021 1567
-1020 1582
-1019 1572
-1018 1530
-1017 1561
-1016 1622
-1015 1614
-1014 1643
-1013 1685
-1012 1712
-1011 1738
-1010 1781
-1009 1707
-1008 1775
-1007 1769
-1006 1790
-1005 1818
-1004 1838
-1003 1843
-1002 1923
-1001 1890
-1000 1899
-999 1899
-998 1974
-997 1989
-996 1985
-995 2092
-994 2175
-993 2171
-992 2222
-991 2123
-990 2124
-989 2174
-988 2158
-987 2087
-986 2122
-985 2079
-984 2122
-983 2164
-982 2287
-981 2232
-980 2274
-979 2157
-978 2347
-977 2227
-976 2340
-975 2342
-974 2365
-973 2440
-972 2584
-971 2556
-970 2621
-969 2648
-968 2818
-967 2765
-966 2783
-965 2827
-964 2852
-963 2855
-962 2890
-961 2981
-960 2923
-959 2831
-958 2987
-957 2955
-956 3038
-955 2959
-954 3172
-953 2976
-952 3127
-951 3198
-950 3218
-949 3209
-948 3371
-947 3375
-946 3208
-945 3292
-944 3426
-943 3434
-942 3439
-941 3492
-940 3345
-939 3479
-938 3262
-937 3500
-936 3456
-935 3413
-934 3464
-933 3479
-932 3543
-931 3501
-930 3412
-929 3402
-928 3422
-927 3413
-926 3456
-925 3424
-924 3392
-923 3421
-922 3556
-921 3487
-920 3409
-919 3434
-918 3463
-917 3573
-916 3487
-915 3633
-914 3582
-913 3585
-912 3536
-911 3528
-910 3508
-909 3544
-908 3490
-907 3501
-906 3597
-905 3650
-904 3650
-903 3606
-902 3657
-901 3622
-900 3731
-899 3744
-898 3680
-897 3782
-896 3730
-895 3905
-894 3732
-893 3749
-892 3889
-891 3707
-890 3818
-889 3853
-888 3812
-887 3741
-886 3821
-885 3815
-884 3807
-883 3917
-882 3809
-881 3896
-880 3896
-879 4088
-878 3953
-877 3869
-876 4038
-875 4114
-874 4008
-873 4104
-872 4075
-871 4184
-870 4104
-869 4205
-868 4076
-867 4157
-866 4191
-865 4053
-864 4134
-863 4147
-862 4149
-861 3968
-860 4130
-859 4053
-858 4037
-857 4080
-856 4160
-855 4256
-854 4216
-853 4076
-852 4239
-851 4122
-850 4199
-849 4235
-848 4196
-847 4426
-846 4245
-845 4309
-844 4186
-843 4369
-842 4248
-841 4331
-840 4245
-839 4270
-838 4271
-837 4330
-836 4292
-835 4345
-834 4346
-833 4311
-832 4498
-831 4408
-830 4395
-829 4299
-828 4425
-827 4380
-826 4432
-825 4362
-824 4441
-823 4444
-822 4513
-821 4360
-820 4475
-819 4460
-818 4504
-817 4468
-816 4531
-815 4499
-814 4401
-813 4417
-812 4502
-811 4432
-810 4396
-809 4345
-808 4467
-807 4443
-806 4264
-805 4369
-804 4545
-803 4488
-802 4543
-801 4616
-800 4629
-799 4736
-798 4745
-797 4718
-796 4791
-795 4792
-794 4706
-793 4658
-792 4643
-791 4521
-790 4731
-789 4795
-788 4522
-787 4732
-786 4815
-785 4732
-784 4802
-783 4749
-782 4806
-781 4769
-780 4781
-779 4850
-778 4796
-777 4998
-776 4903
-775 4926
-774 4765
-773 4945
-772 4882
-771 4979
-770 4839
-769 5069
-768 4892
-767 4993
-766 4965
-765 5118
-764 4981
-763 5169
-762 5219
-761 5237
-760 5474
-759 5812
-758 6224
-757 6556
-756 6688
-755 7138
-754 7146
-753 7119
-752 6913
-751 6816
-750 6773
-749 6835
-748 6740
-747 6631
-746 6651
-745 6604
-744 6675
-743 6911
-742 6718
-741 6804
-740 6742
-739 6771
-738 6558
-737 6903
-736 6956
-735 7058
-734 7018
-733 6869
-732 6705
-731 6586
-730 6716
-729 6746
-728 6745
-727 6689
-726 6674
-725 6720
-724 6887
-723 6850
-722 6604
-721 6808
-720 6604
-719 6668
-718 6712
-717 6591
-716 6505
-715 6587
-714 6695
-713 6772
-712 6719
-711 6816
-710 6786
-709 6729
-708 6630
-707 6759
-706 6782
-705 6849
-704 6883
-703 6659
-702 6920
-701 6931
-700 6852
-699 6865
-698 7099
-697 7225
-696 6941
-695 6835
-694 6763
-693 6773
-692 6797
-691 6719
-690 6705
-689 6838
-688 6723
-687 6699
-686 6536
-685 6663
-684 6502
-683 6468
-682 6430
-681 6463
-680 6415
-679 6603
-678 6535
-677 6465
-676 6470
-675 6376
-674 6302
-673 6172
-672 6283
-671 6220
-670 6273
-669 6248
-668 6286
-667 6207
-666 6284
-665 6290
-664 6309
-663 6175
-662 6256
-661 6102
-660 6065
-659 6068
-658 6170
-657 6174
-656 6187
-655 6180
-654 6200
-653 6124
-652 6130
-651 6006
-650 6107
-649 6152
-648 6101
-647 6013
-646 5892
-645 6041
-644 5983
-643 6090
-642 5978
-641 5901
-640 5860
-639 6110
-638 5885
-637 5969
-636 5878
-635 5908
-634 5791
-633 5916
-632 5821
-631 5991
-630 5890
-629 5718
-628 5887
-627 5862
-626 5925
-625 5920
-624 6050
-623 5954
-622 5955
-621 5811
-620 5901
-619 5722
-618 5949
-617 5719
-616 5832
-615 5799
-614 5869
-613 5965
-612 5780
-611 5906
-610 5990
-609 5959
-608 5872
-607 5766
-606 5948
-605 5696
-604 5721
-603 5825
-602 5839
-601 5826
-600 5938
-599 5893
-598 5768
-597 5809
-596 5872
-595 5690
-594 5860
-593 5805
-592 5780
-591 5757
-590 5541
-589 5842
-588 5769
-587 5778
-586 5777
-585 5594
-584 5761
-583 5762
-582 5772
-581 5683
-580 5840
-579 5777
-578 5863
-577 5874
-576 5914
-575 5779
-574 5980
-573 5895
-572 5864
-571 5855
-570 5889
-569 5818
-568 5872
-567 5773
-566 5846
-565 5819
-564 5683
-563 5842
-562 5576
-561 5863
-560 5694
-559 5702
-558 5754
-557 5809
-556 5688
-555 5676
-554 5538
-553 5611
-552 5581
-551 5586
-550 5512
-549 5520
-548 5433
-547 5408
-546 5496
-545 5501
-544 5475
-543 5316
-542 5443
-541 5481
-540 5447
-539 5537
-538 5409
-537 5413
-536 5500
-535 5380
-534 5330
-533 5280
-532 5348
-531 5473
-530 5455
-529 5673
-528 5468
-527 5437
-526 5491
-525 5539
-524 5519
-523 5510
-522 5578
-521 5585
-520 5565
-519 5460
-518 5589
-517 5441
-516 5518
-515 5538
-514 5444
-513 5319
-512 5451
-511 5512
-510 5597
-509 5559
-508 5578
-507 5568
-506 5395
-505 5537
-504 5448
-503 5412
-502 5526
-501 5358
-500 5358
-499 5363
-498 5286
-497 5286
-496 5327
-495 5440
-494 5257
-493 5213
-492 5306
-491 5236
-490 5264
-489 5376
-488 5291
-487 5305
-486 5242
-485 5335
-484 5100
-483 5172
-482 5188
-481 5209
-480 5139
-479 5028
-478 5194
-477 5107
-476 5023
-475 5307
-474 5145
-473 5132
-472 5173
-471 5249
-470 5177
-469 5237
-468 5124
-467 5053
-466 4979
-465 4985
-464 5039
-463 4938
-462 4888
-461 4822
-460 4815
-459 4756
-458 4877
-457 4951
-456 4904
-455 4770
-454 4861
-453 4828
-452 4752
-451 4742
-450 4585
-449 4658
-448 4679
-447 4806
-446 4662
-445 4663
-444 4554
-443 4597
-442 4520
-441 4531
-440 4525
-439 4559
-438 4366
-437 4342
-436 4305
-435 4341
-434 4287
-433 4298
-432 4362
-431 4207
-430 4364
-429 4309
-428 4171
-427 4247
-426 4138
-425 4157
-424 4141
-423 4122
-422 4156
-421 4175
-420 4061
-419 4141
-418 4005
-417 4002
-416 3924
-415 4031
-414 3713
-413 3942
-412 4017
-411 3857
-410 3908
-409 3823
-408 3760
-407 3901
-406 3897
-405 3789
-404 3710
-403 3712
-402 3690
-401 3773
-400 3695
-399 3744
-398 3599
-397 3617
-396 3592
-395 3555
-394 3706
-393 3693
-392 3722
-391 3624
-390 3555
-389 3675
-388 3637
-387 3554
-386 3492
-385 3531
-384 3453
-383 3594
-382 3524
-381 3391
-380 3530
-379 3522
-378 3440
-377 3340
-376 3372
-375 3516
-374 3413
-373 3418
-372 3372
-371 3247
-370 3334
-369 3316
-368 3245
-367 3317
-366 3269
-365 3361
-364 3210
-363 3230
-362 3183
-361 3154
-360 3254
-359 3144
-358 3061
-357 3258
-356 3093
-355 3002
-354 3205
-353 3100
-352 3083
-351 3042
-350 3045
-349 3064
-348 2982
-347 2974
-346 3055
-345 3009
-344 2964
-343 3043
-342 2958
-341 2992
-340 3014
-339 3010
-338 2946
-337 3091
-336 2942
-335 3005
-334 2951
-333 2907
-332 3035
-331 2951
-330 2879
-329 2945
-328 2882
-327 2875
-326 2834
-325 2774
-324 2784
-323 2835
-322 2714
-321 2813
-320 2763
-319 2673
-318 2655
-317 2752
-316 2653
-315 2622
-314 2714
-313 2664
-312 2629
-311 2583
-310 2572
-309 2582
-308 2602
-307 2588
-306 2676
-305 2530
-304 2532
-303 2465
-302 2499
-301 2415
-300 2504
-299 2469
-298 2416
-297 2419
-296 2480
-295 2396
-294 2388
-293 2409
-292 2365
-291 2422
-290 2478
-289 2475
-288 2447
-287 2444
-286 2429
-285 2418
-284 2362
-283 2433
-282 2372
-281 2262
-280 2347
-279 2316
-278 2265
-277 2342
-276 2352
-275 2315
-274 2350
-273 2244
-272 2236
-271 2158
-270 2251
-269 2185
-268 2205
-267 2339
-266 2167
-265 2217
-264 2229
-263 2175
-262 2276
-261 2186
-260 2109
-259 2108
-258 2256
-257 2175
-256 2102
-255 2240
-254 2127
-253 2026
-252 2076
-251 2040
-250 2037
-249 2056
-248 2021
-247 2011
-246 2006
-245 1959
-244 2074
-243 2012
-242 1880
-241 1926
-240 1905
-239 1888
-238 1898
-237 1916
-236 1924
-235 1797
-234 1819
-233 1821
-232 1862
-231 1825
-230 1938
-229 1858
-228 1848
-227 1738
-226 1776
-225 1824
-224 1753
-223 1763
-222 1798
-221 1771
-220 1765
-219 1735
-218 1771
-217 1729
-216 1672
-215 1716
-214 1629
-213 1699
-212 1741
-211 1633
-210 1717
-209 1649
-208 1671
-207 1701
-206 1628
-205 1639
-204 1629
-203 1564
-202 1605
-201 1647
-200 1582
-199 1589
-198 1533
-197 1611
-196 1589
-195 1557
-194 1604
-193 1587
-192 1531
-191 1596
-190 1542
-189 1581
-188 1537
-187 1509
-186 1522
-185 1570
-184 1464
-183 1450
-182 1500
-181 1560
-180 1522
-179 1447
-178 1541
-177 1423
-176 1424
-175 1458
-174 1434
-173 1388
-172 1412
-171 1348
-170 1429
-169 1397
-168 1410
-167 1382
-166 1415
-165 1397
-164 1324
-163 1379
-162 1361
-161 1373
-160 1336
-159 1322
-158 1313
-157 1308
-156 1340
-155 1306
-154 1269
-153 1361
-152 1323
-151 1222
-150 1330
-149 1282
-148 1251
-147 1292
-146 1222
-145 1239
-144 1257
-143 1273
-142 1249
-141 1192
-140 1232
-139 1203
-138 1273
-137 1151
-136 1206
-135 1189
-134 1195
-133 1151
-132 1156
-131 1213
-130 1148
-129 1102
-128 1109
-127 1121
-126 1121
-125 1119
-124 1089
-123 1037
-122 1066
-121 1167
-120 1123
-119 1008
-118 1025
-117 1142
-116 1066
-115 1039
-114 1064
-113 1064
-112 1020
-111 1122
-110 1096
-109 994
-108 1020
-107 1017
-106 1022
-105 1038
-104 1050
-103 988
-102 936
-101 1012
-100 971
-99 925
-98 1040
-97 971
-96 996
-95 952
-94 951
-93 1020
-92 972
-91 934
-90 907
-89 955
-88 913
-87 910
-86 902
-85 906
-84 890
-83 902
-82 964
-81 927
-80 934
-79 829
-78 854
-77 852
-76 849
-75 836
-74 851
-73 906
-72 883
-71 879
-70 862
-69 876
-68 860
-67 847
-66 856
-65 820
-64 844
-63 794
-62 795
-61 751
-60 864
-59 775
-58 757
-57 732
-56 760
-55 757
-54 755
-53 729
-52 709
-51 786
-50 729
-49 697
-48 704
-47 727
-46 686
-45 699
-44 728
-43 674
-42 684
-41 708
-40 707
-39 707
-38 669
-37 716
-36 701
-35 693
-34 660
-33 673
-32 687
-31 676
-30 643
-29 673
-28 613
-27 608
-26 614
-25 597
-24 614
-23 606
-22 637
-21 576
-20 572
-19 610
-18 583
-17 547
-16 542
-15 602
-14 584
-13 547
-12 615
-11 516
-10 555
-9 564
-8 565
-7 546
-6 556
-5 538
-4 488
-3 488
-2 497
-1 539
0 539
1 508
2 514
3 483
4 518
5 478
6 508
7 475
8 468
9 498
10 521
11 498
12 476
13 492
14 501
15 464
16 465
17 429
18 463
19 431
20 455
21 496
22 421
23 418
24 433
25 435
26 451
27 449
28 400
29 389
30 451
31 421
32 385
33 409
34 369
35 381
36 404
37 401
38 388
39 376
40 395
41 381
42 368
43 340
44 407
45 363
46 398
47 357
48 375
49 330
50 370
51 383
52 335
53 353
54 410
55 338
56 318
57 348
58 364
59 353
60 322
61 316
62 293
63 298
64 330
65 305
66 347
67 324
68 310
69 299
70 332
71 305
72 310
73 303
74 297
75 304
76 276
77 319
78 298
79 301
80 303
81 291
82 300
83 286
84 260
85 259
86 276
87 262
88 212
89 268
90 288
91 261
92 280
93 249
94 284
95 256
96 266
97 260
98 251
99 250
100 258
101 237
102 243
103 250
104 238
105 235
106 244
107 229
108 249
109 264
110 236
111 240
112 237
113 221
114 226
115 203
116 226
117 222
118 247
119 240
120 205
121 228
122 220
123 211
124 251
125 213
126 214
127 186
128 211
129 203
130 210
131 219
132 179
133 204
134 186
135 230
136 181
137 205
138 183
139 204
140 172
141 177
142 174
143 176
144 203
145 183
146 205
147 192
148 210
149 181
150 196
151 188
152 158
153 180
154 157
155 183
156 179
157 164
158 161
159 193
160 202
161 193
162 163
163 155
164 172
165 154
166 145
167 160
168 149
169 158
170 176
171 160
172 166
173 155
174 171
175 162
176 165
177 121
178 162
179 137
180 146
181 156
182 126
183 154
184 154
185 170
186 125
187 148
188 143
189 152
190 143
191 137
192 139
193 143
194 136
195 139
196 159
197 135
198 124
199 144
200 126
201 144
202 138
203 135
204 127
205 128
206 133
207 116
208 132
209 149
210 118
211 141
212 129
213 121
214 142
215 123
216 127
217 127
218 117
219 105
220 103
221 119
222 112
223 117
224 116
225 92
226 91
227 106
228 106
229 122
230 118
231 123
232 103
233 109
234 142
235 142
236 104
237 107
238 98
239 87
240 101
241 93
242 108
243 103
244 103
245 108
246 98
247 119
248 99
249 115
250 97
251 90
252 96
253 105
254 104
255 110
256 94
257 98
258 91
259 87
260 97
261 97
262 92
263 91
264 94
265 97
266 93
267 81
268 81
269 100
270 86
271 80
272 104
273 91
274 112
275 85
276 96
277 93
278 87
279 88
280 89
281 82
282 75
283 90
284 89
285 83
286 94
287 88
288 79
289 107
290 116
291 105
292 118
293 115
294 107
295 107
296 93
297 102
298 130
299 99
300 103
301 102
302 83
303 93
304 85
305 94
306 96
307 89
308 83
309 97
310 87
311 92
312 96
313 100
314 81
315 85
316 105
317 94
318 91
319 87
320 93
321 98
322 90
323 91
324 94
325 93
326 88
327 74
328 95
329 94
330 87
331 96
332 90
333 95
334 93
335 85
336 92
337 96
338 96
339 100
340 97
341 91
342 98
343 111
344 87
345 98
346 99
347 86
348 100
349 106
350 106
351 105
352 101
353 96
354 102
355 89
356 103
357 109
358 129
359 91
360 104
361 92
362 108
363 117
364 112
365 99
366 96
367 104
368 105
369 105
370 87
371 118
372 97
373 106
374 97
375 97
376 101
377 127
378 87
379 105
380 85
381 110
382 117
383 88
384 94
385 127
386 126
387 85
388 121
389 99
390 95
391 98
392 122
393 120
394 102
395 102
396 92
397 91
398 120
399 111
400 85
401 101
402 129
403 95
404 120
405 103
406 100
407 92
408 94
409 97
410 122
411 132
412 101
413 119
414 88
415 104
416 107
417 132
418 111
419 129
420 128
421 102
422 125
423 117
424 121
425 111
426 118
427 122
428 125
429 102
430 155
431 119
432 119
433 140
434 114
435 90
436 121
437 132
438 106
439 125
440 127
441 135
442 140
443 123
444 108
445 128
446 135
447 124
448 121
449 135
450 131
451 115
452 126
453 131
454 126
455 127
456 126
457 112
458 139
459 138
460 125
461 133
462 127
463 134
464 138
465 116
466 118
467 100
468 114
469 111
470 119
471 151
472 108
473 126
474 109
475 120
476 136
477 115
478 131
479 120
480 123
481 129
482 115
483 123
484 105
485 118
486 126
487 130
488 125
489 119
490 121
491 115
492 117
493 110
494 146
495 124
496 116
497 122
498 111
499 113
500 132
501 124
502 123
503 116
504 125
505 103
506 106
507 105
508 77
509 98
510 103
511 84
512 117
513 110
514 106
515 102
516 100
517 114
518 103
519 132
520 119
521 90
522 110
523 100
524 100
525 115
526 132
527 109
528 100
529 110
530 96
531 111
532 102
533 111
534 119
535 97
536 101
537 107
538 107
539 97
540 106
541 96
542 122
543 117
544 96
545 90
546 86
547 101
548 113
549 92
550 87
551 93
552 109
553 91
554 109
555 89
556 110
557 97
558 109
559 93
560 91
561 95
562 89
563 101
564 105
565 99
566 98
567 91
568 103
569 90
570 98
571 93
572 108
573 108
574 100
575 90
576 97
577 89
578 78
579 96
580 94
581 78
582 104
583 108
584 94
585 86
586 89
587 104
588 91
589 72
590 100
591 97
592 86
593 102
594 86
595 80
596 89
597 94
598 96
599 71
600 82
601 83
602 93
603 76
604 88
605 83
606 76
607 83
608 79
609 85
610 90
611 105
612 84
613 87
614 86
615 76
616 78
617 82
618 78
619 76
620 80
621 80
622 78
623 69
624 89
625 86
626 81
627 87
628 76
629 74
630 91
631 75
632 99
633 88
634 82
635 84
636 87
637 77
638 64
639 74
640 68
641 77
642 80
643 85
644 69
645 77
646 65
647 83
648 68
649 72
650 77
651 70
652 73
653 93
654 80
655 70
656 70
657 53
658 79
659 60
660 93
661 63
662 81
663 87
664 69
665 87
666 69
667 71
668 84
669 83
670 76
671 68
672 71
673 68
674 71
675 103
676 75
677 88
678 67
679 71
680 54
681 74
682 64
683 79
684 77
685 63
686 64
687 75
688 64
689 67
690 65
691 76
692 55
693 65
694 70
695 87
696 54
697 77
698 74
699 51
700 76
701 63
702 69
703 54
704 68
705 61
706 65
707 71
708 65
709 56
710 66
711 71
712 70
713 54
714 63
715 53
716 65
717 64
718 62
719 73
720 52
721 71
722 48
723 59
724 61
725 63
726 69
727 70
728 62
729 73
730 58
731 59
732 58
733 71
734 70
735 53
736 51
737 48
738 52
739 57
740 65
741 45
742 55
743 57
744 66
745 51
746 51
747 65
748 55
749 50
750 55
751 65
752 60
753 49
754 57
755 57
756 68
757 52
758 56
759 51
760 59
761 52
762 43
763 46
764 50
765 53
766 53
767 46
768 42
769 52
770 51
771 51
772 47
773 54
774 47
775 53
776 45
777 48
778 53
779 35
780 58
781 54
782 51
783 38
784 50
785 52
786 45
787 45
788 46
789 40
790 42
791 63
792 48
793 55
794 49
795 57
796 39
797 49
798 44
799 45
800 46
801 40
802 47
803 41
804 48
805 35
806 48
807 45
808 45
809 45
810 47
811 35
812 41
813 38
814 42
815 34
816 35
817 37
818 45
819 30
820 28
821 50
822 37
823 40
824 39
825 40
826 33
827 40
828 34
829 35
830 39
831 40
832 28
833 46
834 52
835 34
836 28
837 36
838 32
839 29
840 32
841 37
842 34
843 40
844 41
845 36
846 38
847 25
848 24
849 25
850 31
851 37
852 43
853 36
854 37
855 29
856 34
857 26
858 30
859 30
860 27
861 35
862 32
863 24
864 39
865 28
866 37
867 39
868 23
869 19
870 36
871 28
872 26
873 33
874 30
875 24
876 19
877 40
878 21
879 38
880 33
881 36
882 21
883 27
884 27
885 30
886 30
887 21
888 24
889 17
890 24
891 20
892 23
893 30
894 29
895 24
896 16
897 25
898 25
899 21
900 28
901 21
902 19
903 25
904 23
905 26
906 32
907 22
908 27
909 15
910 21
911 22
912 21
913 28
914 27
915 22
916 19
917 21
918 28
919 20
920 17
921 27
922 28
923 15
924 24
925 18
926 25
927 17
928 28
929 16
930 22
931 25
932 16
933 21
934 20
935 20
936 18
937 19
938 14
939 13
940 12
941 15
942 9
943 19
944 23
945 17
946 17
947 16
948 16
949 19
950 17
951 16
952 28
953 22
954 13
955 20
956 19
957 19
958 15
959 14
960 20
961 19
962 14
963 18
964 12
965 14
966 13
967 13
968 13
969 14
970 20
971 12
972 15
973 21
974 16
975 10
976 14
977 10
978 18
979 12
980 24
981 18
982 17
983 16
984 12
985 13
986 17
987 18
988 13
989 9
990 26
991 12
992 14
993 18
994 7
995 11
996 8
997 14
998 9
999 12
1000 9
1001 12
1002 10
1003 9
1004 8
1005 8
1006 9
1007 9
1008 12
1009 11
1010 12
1011 11
1012 14
1013 14
1014 8
1015 10
1016 15
1017 9
1018 18
1019 17
1020 12
1021 10
1022 12
1023 18
1024 11
1025 7
1026 10
1027 8
1028 12
1029 13
1030 12
1031 14
1032 9
1033 15
1034 9
1035 10
1036 11
1037 8
1038 8
1039 11
1040 13
1041 9
1042 7
1043 11
1044 9
1045 9
1046 7
1047 12
1048 10
1049 14
1050 9
1051 9
1052 5
1053 12
1054 7
1055 14
1056 7
1057 5
1058 11
1059 5
1060 9
1061 10
1062 6
1063 11
1064 6
1065 10
1066 3
1067 8
1068 10
1069 6
1070 12
1071 6
1072 5
1073 9
1074 9
1075 7
1076 11
1077 6
1078 7
1079 12
1080 2
1081 13
1082 8
1083 12
1084 6
1085 8
1086 8
1087 8
1088 11
1089 4
1090 8
1091 8
1092 6
1093 11
1094 6
1095 8
1096 7
1097 6
1098 4
1099 6
1100 8
1101 8
1102 5
1103 7
1104 4
1105 10
1106 3
1107 2
1108 6
1109 12
1110 4
1111 7
1112 7
1113 7
1114 6
1115 6
1116 1
1117 5
1118 5
1119 4
1120 4
1121 11
1122 6
1123 6
1124 7
1125 6
1126 4
1127 7
1128 8
1129 1
1130 4
1131 3
1132 4
1133 4
1134 3
1135 5
1137 6
1138 9
1139 2
1140 3
1141 8
1142 4
1143 6
1144 6
1145 3
1146 4
1147 4
1148 3
1149 6
1150 1
1151 4
1152 8
1153 4
1154 2
1155 6
1156 2
1157 2
1158 3
1159 4
1160 4
1161 4
1162 2
1163 4
1164 6
1165 3
1166 4
1167 5
1168 2
1169 2
1170 3
1171 3
1172 3
1173 6
1174 3
1175 4
1177 2
1178 2
1179 2
1180 4
1181 6
1182 4
1183 6
1184 3
1185 5
1186 2
1187 2
1188 2
1189 4
1190 2
1191 2
1192 7
1193 1
1194 2
1195 1
1196 1
1197 3
1199 4
1200 2
1201 3
1202 2
1203 3
1205 2
1206 2
1207 1
1208 5
1209 3
1210 1
1211 1
1212 2
1213 1
1214 1
1215 1
1216 2
1217 2
1218 1
1219 3
1220 3
1221 3
1222 3
1224 4
1225 1
1226 2
1227 1
1228 1
1229 2
1230 4
1231 1
1232 4
1233 2
1234 2
1235 1
1236 2
1237 1
1238 3
1240 1
1241 2
1242 4
1243 4
1245 1
1246 1
1247 1
1248 2
1249 2
1250 1
1251 2
1253 2
1254 4
1255 2
1257 2
1258 1
1260 2
1262 1
1263 1
1265 3
1266 3
1267 1
1269 1
1271 1
1273 2
1274 1
1275 1
1276 2
1277 1
1279 2
1280 2
1282 2
1284 2
1285 2
1286 4
1287 1
1288 2
1289 2
1290 2
1291 2
1293 2
1295 1
1296 1
1297 1
1301 1
1303 2
1305 2
1308 2
1310 1
1313 1
1317 1
1320 4
1327 1
1329 1
1336 1
1337 1
1343 1
1353 1
1354 1
1355 1
1356 1
1357 1
1363 1
1373 1
1381 1
1386 1
1390 1
1395 1
1404 1
1411 2
1437 1
1476 1
