-876 1
-874 7
-873 9
-872 13
-871 21
-870 34
-869 44
-868 46
-867 79
-866 85
-865 89
-864 96
-863 102
-862 107
-861 89
-860 128
-859 136
-858 155
-857 120
-856 131
-855 134
-854 140
-853 153
-852 148
-851 164
-850 162
-849 188
-848 192
-847 193
-846 203
-845 246
-844 254
-843 229
-842 289
-841 250
-840 278
-839 252
-838 297
-837 274
-836 282
-835 263
-834 280
-833 299
-832 296
-831 262
-830 317
-829 257
-828 304
-827 283
-826 288
-825 325
-824 351
-823 382
-822 393
-821 444
-820 471
-819 470
-818 494
-817 426
-816 460
-815 468
-814 453
-813 454
-812 518
-811 522
-810 575
-809 535
-808 612
-807 623
-806 622
-805 662
-804 646
-803 697
-802 632
-801 664
-800 622
-799 588
-798 584
-797 576
-796 594
-795 614
-794 658
-793 676
-792 619
-791 630
-790 664
-789 703
-788 634
-787 721
-786 743
-785 815
-784 798
-783 747
-782 794
-781 814
-780 808
-779 796
-778 826
-777 820
-776 804
-775 831
-774 835
-773 850
-772 874
-771 872
-770 834
-769 833
-768 863
-767 877
-766 874
-765 837
-764 889
-763 860
-762 846
-761 927
-760 919
-759 886
-758 995
-757 947
-756 1055
-755 1047
-754 1051
-753 1051
-752 1036
-751 1064
-750 1049
-749 1083
-748 970
-747 1002
-746 990
-745 1121
-744 1038
-743 1071
-742 1140
-741 1214
-740 1277
-739 1305
-738 1377
-737 1353
-736 1380
-735 1395
-734 1405
-733 1397
-732 1391
-731 1384
-730 1501
-729 1477
-728 1457
-727 1537
-726 1592
-725 1553
-724 1525
-723 1530
-722 1646
-721 1488
-720 1541
-719 1512
-718 1607
-717 1612
-716 1505
-715 1528
-714 1571
-713 1560
-712 1619
-711 1619
-710 1720
-709 1657
-708 1715
-707 1728
-706 1804
-705 1800
-704 1797
-703 1870
-702 1842
-701 2003
-700 1997
-699 1999
-698 2070
-697 2014
-696 2031
-695 2032
-694 1997
-693 1984
-692 1857
-691 2015
-690 1991
-689 2005
-688 2091
-687 2040
-686 2163
-685 2117
-684 2170
-683 2151
-682 2201
-681 2210
-680 2245
-679 2262
-678 2347
-677 2328
-676 2327
-675 2497
-674 2319
-673 2410
-672 2439
-671 2454
-670 2578
-669 2641
-668 2696
-667 2622
-666 2719
-665 2670
-664 2595
-663 2818
-662 2735
-661 2674
-660 2814
-659 2630
-658 2776
-657 2676
-656 2715
-655 2681
-654 2591
-653 2654
-652 2630
-651 2631
-650 2599
-649 2606
-648 2626
-647 2558
-646 2555
-645 2571
-644 2563
-643 2588
-642 2596
-641 2578
-640 2588
-639 2641
-638 2462
-637 2567
-636 2584
-635 2513
-634 2484
-633 2524
-632 2597
-631 2670
-630 2601
-629 2701
-628 2671
-627 2762
-626 2849
-625 2913
-624 2786
-623 2876
-622 2899
-621 2854
-620 2945
-619 2918
-618 2942
-617 3066
-616 2934
-615 2940
-614 2792
-613 2848
-612 2942
-611 2960
-610 3041
-609 3027
-608 3026
-607 3038
-606 3175
-605 3254
-604 3154
-603 3245
-602 3270
-601 3220
-600 3160
-599 3283
-598 3329
-597 3446
-596 3475
-595 3544
-594 3508
-593 3492
-592 3409
-591 3497
-590 3482
-589 3474
-588 3431
-587 3523
-586 3489
-585 3495
-584 3561
-583 3648
-582 3764
-581 3885
-580 3718
-579 3809
-578 3684
-577 3741
-576 3806
-575 3784
-574 3665
-573 3947
-572 3818
-571 3715
-570 3698
-569 3820
-568 3802
-567 3768
-566 3820
-565 3928
-564 3906
-563 3857
-562 3778
-561 3981
-560 4072
-559 3952
-558 3985
-557 4131
-556 4203
-555 4187
-554 4218
-553 4157
-552 4319
-551 4291
-550 4346
-549 4270
-548 4413
-547 4394
-546 4354
-545 4262
-544 4438
-543 4388
-542 4481
-541 4431
-540 4490
-539 4388
-538 4462
-537 4408
-536 4453
-535 4614
-534 4599
-533 4729
-532 4840
-531 4801
-530 4738
-529 4698
-528 4648
-527 4753
-526 4692
-525 4727
-524 4888
-523 4710
-522 4813
-521 4853
-520 4918
-519 5011
-518 4844
-517 4995
-516 5045
-515 4991
-514 4836
-513 5048
-512 4829
-511 4999
-510 4980
-509 4975
-508 4802
-507 4903
-506 4820
-505 4869
-504 5020
-503 5011
-502 5080
-501 5028
-500 5160
-499 5202
-498 5256
-497 5331
-496 5177
-495 5271
-494 5159
-493 5304
-492 5239
-491 5158
-490 5059
-489 5251
-488 5451
-487 5433
-486 5480
-485 5409
-484 5361
-483 5403
-482 5252
-481 5389
-480 5392
-479 5343
-478 5317
-477 5180
-476 5372
-475 5279
-474 5424
-473 5413
-472 5469
-471 5339
-470 5550
-469 5426
-468 5564
-467 5650
-466 5553
-465 5382
-464 5548
-463 5569
-462 5661
-461 5707
-460 5709
-459 5738
-458 5755
-457 5714
-456 5800
-455 5949
-454 5949
-453 5933
-452 5957
-451 5989
-450 5759
-449 5686
-448 5896
-447 5800
-446 5729
-445 5790
-444 5870
-443 5989
-442 6138
-441 5899
-440 5868
-439 6044
-438 5979
-437 6121
-436 6061
-435 6065
-434 6008
-433 6114
-432 6039
-431 5895
-430 5945
-429 5846
-428 5832
-427 5948
-426 5854
-425 5880
-424 5902
-423 6095
-422 6051
-421 6046
-420 6065
-419 6112
-418 6134
-417 6105
-416 6087
-415 6135
-414 6016
-413 6142
-412 6145
-411 6254
-410 5879
-409 6118
-408 6247
-407 6077
-406 6310
-405 6374
-404 6288
-403 6264
-402 6431
-401 6359
-400 6432
-399 6353
-398 6168
-397 6258
-396 6205
-395 6162
-394 6347
-393 6316
-392 6235
-391 6340
-390 6292
-389 6242
-388 6178
-387 6275
-386 6285
-385 6314
-384 6330
-383 6163
-382 6189
-381 6208
-380 6120
-379 6100
-378 5951
-377 6016
-376 6009
-375 6152
-374 6276
-373 6253
-372 6349
-371 6389
-370 6328
-369 6376
-368 6438
-367 6421
-366 6476
-365 6379
-364 6429
-363 6236
-362 6365
-361 6366
-360 6256
-359 6358
-358 6269
-357 6227
-356 6101
-355 6106
-354 6125
-353 6166
-352 6292
-351 6194
-350 6434
-349 6334
-348 6252
-347 6348
-346 6230
-345 6341
-344 6286
-343 6244
-342 6382
-341 6333
-340 6515
-339 6597
-338 6656
-337 6512
-336 6378
-335 6471
-334 6498
-333 6463
-332 6514
-331 6516
-330 6242
-329 6454
-328 6365
-327 6436
-326 6468
-325 6491
-324 6337
-323 6406
-322 6403
-321 6404
-320 6380
-319 6352
-318 6428
-317 6526
-316 6492
-315 6474
-314 6574
-313 6441
-312 6498
-311 6425
-310 6253
-309 6386
-308 6286
-307 6442
-306 6299
-305 6350
-304 6189
-303 6143
-302 6109
-301 6360
-300 6256
-299 6235
-298 6293
-297 6339
-296 6302
-295 6285
-294 6155
-293 6183
-292 6170
-291 6199
-290 6320
-289 6166
-288 6236
-287 6303
-286 6342
-285 6186
-284 6321
-283 6231
-282 6170
-281 6296
-280 6246
-279 6309
-278 6282
-277 6254
-276 6140
-275 6312
-274 6399
-273 6095
-272 6373
-271 6094
-270 6295
-269 6225
-268 6215
-267 6319
-266 6293
-265 6333
-264 6381
-263 6352
-262 6454
-261 6460
-260 6445
-259 6370
-258 6416
-257 6357
-256 6420
-255 6483
-254 6520
-253 6447
-252 6503
-251 6443
-250 6254
-249 6402
-248 6357
-247 6479
-246 6428
-245 6423
-244 6529
-243 6484
-242 6492
-241 6561
-240 6606
-239 6585
-238 6576
-237 6749
-236 6474
-235 6444
-234 6381
-233 6554
-232 6621
-231 6594
-230 6638
-229 6565
-228 6391
-227 6580
-226 6427
-225 6396
-224 6479
-223 6520
-222 6391
-221 6282
-220 6313
-219 6190
-218 6227
-217 6248
-216 6261
-215 6141
-214 6150
-213 6164
-212 6057
-211 6185
-210 6108
-209 6072
-208 5921
-207 5914
-206 5973
-205 5951
-204 5969
-203 5882
-202 5842
-201 5806
-200 5847
-199 5797
-198 5725
-197 5833
-196 5881
-195 5935
-194 5819
-193 5723
-192 5960
-191 5725
-190 5721
-189 5744
-188 5859
-187 5829
-186 5679
-185 5868
-184 5782
-183 5699
-182 5697
-181 5670
-180 5777
-179 5570
-178 5627
-177 5625
-176 5468
-175 5614
-174 5525
-173 5494
-172 5375
-171 5376
-170 5500
-169 5511
-168 5320
-167 5314
-166 5482
-165 5425
-164 5248
-163 5321
-162 5272
-161 5311
-160 5075
-159 5191
-158 5283
-157 5313
-156 5291
-155 5194
-154 5184
-153 5245
-152 5230
-151 5095
-150 5232
-149 5052
-148 4989
-147 5056
-146 5109
-145 4959
-144 4928
-143 4878
-142 4929
-141 4931
-140 4856
-139 4889
-138 4932
-137 4727
-136 4860
-135 4889
-134 4972
-133 4897
-132 4990
-131 4890
-130 4911
-129 4980
-128 4759
-127 4815
-126 4709
-125 4707
-124 4719
-123 4706
-122 4746
-121 4660
-120 4701
-119 4704
-118 4522
-117 4622
-116 4658
-115 4614
-114 4642
-113 4462
-112 4483
-111 4625
-110 4637
-109 4420
-108 4554
-107 4313
-106 4580
-105 4509
-104 4292
-103 4358
-102 4228
-101 4342
-100 4489
-99 4403
-98 4295
-97 4195
-96 4398
-95 4176
-94 4193
-93 4220
-92 4182
-91 4110
-90 4245
-89 4236
-88 4104
-87 4046
-86 4070
-85 4104
-84 4127
-83 4072
-82 4113
-81 4030
-80 4086
-79 4108
-78 4019
-77 3925
-76 4005
-75 3895
-74 3820
-73 3917
-72 3967
-71 3961
-70 3794
-69 3888
-68 3913
-67 3822
-66 3787
-65 3802
-64 3824
-63 3731
-62 3773
-61 3648
-60 3618
-59 3640
-58 3645
-57 3598
-56 3644
-55 3639
-54 3583
-53 3563
-52 3590
-51 3686
-50 3699
-49 3588
-48 3556
-47 3581
-46 3537
-45 3442
-44 3523
-43 3468
-42 3364
-41 3495
-40 3430
-39 3328
-38 3465
-37 3305
-36 3405
-35 3330
-34 3334
-33 3344
-32 3323
-31 3425
-30 3161
-29 3313
-28 3395
-27 3329
-26 3368
-25 3388
-24 3254
-23 3289
-22 3222
-21 3301
-20 3287
-19 3192
-18 3253
-17 3205
-16 3101
-15 3215
-14 3032
-13 3074
-12 3078
-11 3084
-10 3074
-9 3097
-8 3037
-7 2857
-6 2985
-5 3045
-4 2844
-3 2900
-2 2887
-1 2821
0 2889
1 2978
2 2848
3 2841
4 2869
5 2755
6 2744
7 2782
8 2821
9 2820
10 2718
11 2692
12 2614
13 2642
14 2704
15 2663
16 2657
17 2563
18 2599
19 2581
20 2491
21 2509
22 2521
23 2564
24 2515
25 2524
26 2470
27 2511
28 2429
29 2360
30 2448
31 2378
32 2407
33 2384
34 2344
35 2355
36 2287
37 2363
38 2375
39 2408
40 2299
41 2298
42 2286
43 2252
44 2267
45 2315
46 2258
47 2262
48 2181
49 2150
50 2181
51 2207
52 2205
53 2085
54 2102
55 2146
56 2120
57 2132
58 2022
59 2038
60 2077
61 2120
62 2052
63 2003
64 2060
65 2017
66 2022
67 2072
68 1962
69 1952
70 1990
71 1915
72 1948
73 1923
74 1879
75 1948
76 1910
77 1892
78 1842
79 1869
80 1890
81 1913
82 1856
83 1956
84 1792
85 1892
86 1847
87 1805
88 1705
89 1799
90 1726
91 1853
92 1679
93 1739
94 1720
95 1696
96 1654
97 1675
98 1695
99 1668
100 1689
101 1650
102 1636
103 1562
104 1584
105 1615
106 1582
107 1598
108 1592
109 1602
110 1532
111 1489
112 1463
113 1520
114 1514
115 1501
116 1551
117 1521
118 1452
119 1408
120 1484
121 1388
122 1404
123 1409
124 1375
125 1463
126 1395
127 1399
128 1345
129 1411
130 1362
131 1373
132 1357
133 1365
134 1304
135 1337
136 1295
137 1286
138 1340
139 1297
140 1236
141 1220
142 1231
143 1241
144 1249
145 1278
146 1268
147 1243
148 1186
149 1180
150 1197
151 1215
152 1108
153 1161
154 1088
155 1175
156 1215
157 1120
158 1125
159 1077
160 1150
161 1116
162 1054
163 1120
164 1078
165 1043
166 1133
167 1091
168 1047
169 1058
170 1051
171 1011
172 1010
173 978
174 922
175 960
176 951
177 1013
178 970
179 958
180 956
181 976
182 956
183 936
184 961
185 950
186 961
187 932
188 914
189 896
190 861
191 891
192 879
193 863
194 868
195 807
196 873
197 834
198 882
199 831
200 869
201 805
202 820
203 821
204 814
205 770
206 836
207 772
208 757
209 816
210 768
211 763
212 772
213 797
214 779
215 785
216 773
217 749
218 723
219 748
220 725
221 715
222 735
223 750
224 750
225 709
226 677
227 655
228 661
229 683
230 703
231 667
232 638
233 621
234 666
235 680
236 669
237 690
238 648
239 596
240 690
241 656
242 632
243 554
244 623
245 595
246 608
247 574
248 613
249 585
250 584
251 595
252 582
253 574
254 604
255 579
256 554
257 565
258 585
259 516
260 515
261 533
262 529
263 572
264 549
265 496
266 514
267 545
268 509
269 576
270 529
271 552
272 487
273 492
274 476
275 487
276 490
277 470
278 508
279 471
280 459
281 450
282 487
283 492
284 447
285 411
286 413
287 426
288 434
289 450
290 446
291 449
292 431
293 447
294 415
295 409
296 420
297 388
298 432
299 392
300 385
301 391
302 384
303 434
304 357
305 386
306 372
307 336
308 396
309 382
310 398
311 373
312 388
313 365
314 336
315 366
316 362
317 351
318 345
319 317
320 357
321 345
322 343
323 348
324 338
325 376
326 358
327 322
328 350
329 314
330 330
331 313
332 281
333 311
334 300
335 299
336 320
337 352
338 298
339 323
340 287
341 303
342 324
343 277
344 326
345 290
346 284
347 286
348 258
349 246
350 263
351 276
352 259
353 296
354 254
355 246
356 268
357 306
358 266
359 277
360 240
361 259
362 213
363 246
364 289
365 248
366 223
367 266
368 236
369 267
370 249
371 253
372 213
373 229
374 225
375 249
376 228
377 220
378 231
379 220
380 247
381 195
382 221
383 224
384 227
385 191
386 188
387 205
388 197
389 222
390 216
391 206
392 229
393 201
394 227
395 177
396 200
397 193
398 198
399 205
400 174
401 181
402 217
403 204
404 177
405 178
406 184
407 177
408 201
409 174
410 181
411 169
412 191
413 178
414 188
415 173
416 182
417 175
418 166
419 166
420 163
421 168
422 162
423 184
424 142
425 167
426 166
427 130
428 164
429 158
430 133
431 137
432 146
433 159
434 140
435 153
436 152
437 170
438 141
439 154
440 143
441 144
442 127
443 144
444 124
445 144
446 151
447 137
448 113
449 134
450 135
451 128
452 122
453 157
454 140
455 139
456 128
457 125
458 130
459 114
460 140
461 146
462 117
463 126
464 130
465 124
466 116
467 125
468 112
469 116
470 134
471 107
472 128
473 108
474 136
475 128
476 121
477 103
478 125
479 119
480 133
481 119
482 98
483 109
484 116
485 110
486 124
487 99
488 103
489 106
490 117
491 103
492 105
493 105
494 92
495 100
496 71
497 115
498 90
499 94
500 97
501 94
502 95
503 84
504 100
505 84
506 84
507 108
508 83
509 98
510 90
511 81
512 71
513 100
514 81
515 77
516 99
517 89
518 94
519 95
520 89
521 80
522 96
523 90
524 78
525 78
526 73
527 77
528 74
529 80
530 66
531 71
532 65
533 76
534 73
535 74
536 59
537 77
538 77
539 72
540 81
541 69
542 80
543 82
544 63
545 69
546 63
547 71
548 59
549 66
550 84
551 73
552 63
553 66
554 62
555 73
556 68
557 63
558 62
559 69
560 64
561 52
562 49
563 64
564 67
565 50
566 73
567 57
568 71
569 61
570 60
571 58
572 57
573 57
574 62
575 64
576 50
577 52
578 60
579 58
580 41
581 55
582 57
583 70
584 42
585 48
586 57
587 59
588 53
589 45
590 67
591 40
592 58
593 53
594 52
595 60
596 51
597 44
598 59
599 50
600 45
601 58
602 54
603 51
604 47
605 35
606 44
607 44
608 53
609 55
610 43
611 48
612 42
613 49
614 33
615 38
616 49
617 55
618 47
619 40
620 41
621 45
622 36
623 46
624 36
625 34
626 37
627 39
628 36
629 39
630 52
631 50
632 37
633 31
634 41
635 35
636 42
637 31
638 44
639 49
640 38
641 57
642 43
643 39
644 40
645 30
646 37
647 33
648 33
649 40
650 49
651 38
652 34
653 41
654 43
655 38
656 24
657 46
658 34
659 30
660 42
661 50
662 36
663 46
664 41
665 43
666 49
667 39
668 38
669 29
670 30
671 34
672 22
673 39
674 45
675 40
676 27
677 30
678 34
679 30
680 35
681 31
682 45
683 35
684 30
685 22
686 18
687 36
688 33
689 33
690 30
691 32
692 31
693 27
694 32
695 33
696 23
697 34
698 21
699 37
700 37
701 42
702 22
703 37
704 27
705 25
706 36
707 38
708 37
709 25
710 31
711 23
712 44
713 30
714 27
715 31
716 35
717 22
718 29
719 31
720 32
721 32
722 34
723 37
724 35
725 27
726 30
727 23
728 44
729 27
730 35
731 35
732 26
733 23
734 34
735 27
736 24
737 22
738 28
739 32
740 25
741 27
742 27
743 25
744 27
745 26
746 31
747 34
748 27
749 35
750 33
751 28
752 21
753 28
754 29
755 33
756 31
757 23
758 26
759 14
760 27
761 24
762 38
763 33
764 23
765 29
766 22
767 22
768 23
769 35
770 26
771 27
772 28
773 33
774 27
775 32
776 26
777 23
778 36
779 26
780 28
781 33
782 22
783 24
784 33
785 24
786 24
787 23
788 33
789 30
790 31
791 26
792 33
793 34
794 27
795 18
796 31
797 29
798 35
799 31
800 31
801 31
802 23
803 25
804 25
805 24
806 32
807 28
808 32
809 23
810 30
811 32
812 23
813 30
814 32
815 28
816 21
817 29
818 24
819 34
820 35
821 27
822 37
823 35
824 34
825 37
826 33
827 30
828 21
829 41
830 34
831 34
832 30
833 26
834 26
835 22
836 27
837 37
838 33
839 24
840 21
841 27
842 29
843 22
844 30
845 40
846 32
847 21
848 19
849 34
850 23
851 29
852 20
853 38
854 49
855 22
856 31
857 31
858 41
859 37
860 33
861 33
862 30
863 53
864 44
865 32
866 39
867 37
868 41
869 40
870 33
871 31
872 35
873 39
874 30
875 35
876 31
877 33
878 33
879 34
880 32
881 31
882 44
883 35
884 37
885 46
886 35
887 43
888 44
889 51
890 33
891 35
892 30
893 26
894 46
895 35
896 42
897 27
898 32
899 28
900 37
901 37
902 49
903 40
904 50
905 34
906 50
907 38
908 44
909 36
910 27
911 30
912 36
913 44
914 38
915 37
916 43
917 34
918 27
919 44
920 26
921 32
922 40
923 33
924 36
925 41
926 43
927 33
928 35
929 35
930 38
931 31
932 44
933 29
934 36
935 37
936 29
937 41
938 28
939 34
940 38
941 30
942 40
943 27
944 25
945 23
946 29
947 32
948 25
949 33
950 38
951 26
952 39
953 27
954 27
955 33
956 32
957 39
958 29
959 34
960 29
961 33
962 37
963 29
964 54
965 39
966 22
967 32
968 27
969 27
970 31
971 21
972 32
973 33
974 34
975 32
976 21
977 25
978 29
979 25
980 27
981 23
982 21
983 30
984 29
985 13
986 23
987 27
988 28
989 37
990 24
991 25
992 31
993 28
994 26
995 29
996 32
997 25
998 24
999 28
1000 29
1001 21
1002 25
1003 26
1004 24
1005 25
1006 20
1007 33
1008 33
1009 25
1010 23
1011 17
1012 22
1013 24
1014 33
1015 26
1016 20
1017 28
1018 23
1019 23
1020 19
1021 22
1022 26
1023 26
1024 20
1025 25
1026 19
1027 26
1028 21
1029 23
1030 23
1031 26
1032 16
1033 26
1034 27
1035 18
1036 22
1037 14
1038 29
1039 19
1040 17
1041 18
1042 22
1043 14
1044 16
1045 13
1046 10
1047 26
1048 21
1049 14
1050 18
1051 13
1052 19
1053 19
1054 20
1055 12
1056 14
1057 17
1058 16
1059 11
1060 16
1061 14
1062 14
1063 9
1064 13
1065 15
1066 21
1067 18
1068 13
1069 14
1070 15
1071 13
1072 14
1073 13
1074 8
1075 14
1076 11
1077 8
1078 13
1079 9
1080 12
1081 12
1082 17
1083 15
1084 10
1085 20
1086 14
1087 8
1088 7
1089 10
1090 14
1091 13
1092 11
1093 13
1094 10
1095 11
1096 15
1097 12
1098 7
1099 16
1100 16
1101 7
1102 14
1103 13
1104 10
1105 19
1106 8
1107 10
1108 9
1109 8
1110 1
1111 9
1112 10
1113 9
1114 7
1115 13
1116 7
1117 8
1118 8
1119 4
1120 5
1121 9
1122 6
1123 6
1124 9
1125 6
1126 6
1127 7
1128 6
1129 11
1130 10
1131 9
1132 10
1133 13
1134 12
1135 7
1136 8
1137 7
1138 8
1139 11
1140 8
1141 6
1142 7
1143 7
1144 3
1145 9
1146 11
1147 5
1148 4
1149 11
1150 9
1151 6
1152 8
1153 6
1154 4
1155 8
1156 6
1157 6
1158 10
1159 8
1160 5
1161 7
1162 5
1163 5
1164 10
1165 8
1166 6
1167 4
1168 5
1169 2
1170 2
1171 3
1172 5
1173 3
1174 5
1175 4
1176 6
1177 3
1178 7
1179 5
1180 1
1181 3
1182 3
1183 3
1184 1
1185 4
1186 3
1187 4
1188 4
1189 8
1190 3
1191 4
1192 4
1193 2
1194 6
1195 2
1196 4
1197 5
1198 5
1199 2
1200 3
1201 4
1202 4
1203 11
1204 5
1205 2
1206 4
1207 5
1208 1
1209 4
1210 3
1211 5
1212 4
1213 6
1214 7
1215 6
1216 3
1217 2
1218 4
1219 4
1220 4
1221 1
1222 2
1223 8
1224 2
1225 7
1226 2
1227 5
1228 6
1229 3
1230 3
1231 2
1232 5
1233 1
1234 3
1235 6
1236 3
1237 1
1239 4
1240 1
1241 1
1242 7
1243 4
1244 1
1245 2
1246 2
1247 2
1248 2
1251 1
1252 4
1253 4
1254 1
1255 2
1256 3
1257 3
1259 2
1260 4
1261 1
1262 3
1263 1
1265 1
1266 3
1267 1
1268 1
1269 1
1270 1
1272 4
1273 3
1274 3
1275 1
1277 1
1278 1
1279 1
1280 1
1281 2
1282 2
1284 1
1285 1
1287 1
1288 1
1289 2
1290 1
1291 2
1292 1
1293 1
1295 2
1298 1
1299 4
1300 1
1302 1
1303 1
1304 2
1305 2
1306 1
1308 2
1310 1
1311 1
1313 1
1314 1
1316 1
1317 2
1318 1
1319 1
1320 2
1321 1
1322 1
1323 2
1325 2
1326 2
1330 1
1331 1
1332 1
1335 1
1336 4
1337 3
1340 1
1343 1
1347 1
1352 2
1361 1
1363 2
1364 1
1365 1
1366 1
1368 1
1369 2
1372 1
1374 2
1375 1
1378 2
1383 2
1384 1
1385 1
1388 1
1391 1
1398 1
1407 1
1408 1
1413 2
1420 1
1423 1
1428 1
1432 2
1440 1
1441 2
1448 1
1484 1
1486 1
1524 1
1535 1
