-837 2
-836 3
-835 9
-834 15
-833 26
-832 37
-831 33
-830 40
-829 47
-828 83
-827 89
-826 94
-825 107
-824 83
-823 93
-822 93
-821 110
-820 132
-819 128
-818 126
-817 174
-816 156
-815 152
-814 167
-813 155
-812 148
-811 138
-810 151
-809 175
-808 166
-807 200
-806 187
-805 209
-804 212
-803 205
-802 249
-801 254
-800 240
-799 240
-798 252
-797 259
-796 286
-795 252
-794 271
-793 247
-792 287
-791 339
-790 305
-789 314
-788 339
-787 349
-786 380
-785 451
-784 460
-783 524
-782 558
-781 493
-780 488
-779 476
-778 507
-777 509
-776 446
-775 447
-774 440
-773 472
-772 478
-771 498
-770 482
-769 495
-768 508
-767 512
-766 519
-765 554
-764 531
-763 534
-762 563
-761 527
-760 618
-759 584
-758 562
-757 519
-756 560
-755 526
-754 515
-753 518
-752 561
-751 559
-750 591
-749 592
-748 597
-747 588
-746 603
-745 573
-744 575
-743 606
-742 581
-741 618
-740 598
-739 641
-738 599
-737 614
-736 640
-735 672
-734 693
-733 672
-732 643
-731 696
-730 675
-729 728
-728 752
-727 729
-726 740
-725 766
-724 757
-723 777
-722 754
-721 812
-720 791
-719 873
-718 829
-717 853
-716 834
-715 867
-714 874
-713 854
-712 784
-711 852
-710 883
-709 841
-708 861
-707 767
-706 856
-705 843
-704 862
-703 825
-702 777
-701 841
-700 825
-699 792
-698 785
-697 771
-696 870
-695 776
-694 815
-693 873
-692 811
-691 859
-690 850
-689 864
-688 959
-687 872
-686 851
-685 948
-684 975
-683 969
-682 1002
-681 1021
-680 1035
-679 1053
-678 1134
-677 1180
-676 1190
-675 1215
-674 1222
-673 1240
-672 1262
-671 1331
-670 1269
-669 1325
-668 1355
-667 1372
-666 1359
-665 1319
-664 1478
-663 1435
-662 1459
-661 1496
-660 1482
-659 1412
-658 1442
-657 1462
-656 1411
-655 1479
-654 1472
-653 1537
-652 1581
-651 1485
-650 1456
-649 1417
-648 1431
-647 1410
-646 1455
-645 1429
-644 1444
-643 1469
-642 1462
-641 1483
-640 1441
-639 1506
-638 1536
-637 1525
-636 1520
-635 1540
-634 1641
-633 1578
-632 1554
-631 1542
-630 1587
-629 1638
-628 1560
-627 1588
-626 1580
-625 1638
-624 1648
-623 1621
-622 1717
-621 1668
-620 1659
-619 1729
-618 1661
-617 1677
-616 1578
-615 1613
-614 1643
-613 1657
-612 1706
-611 1593
-610 1681
-609 1673
-608 1670
-607 1679
-606 1716
-605 1770
-604 1753
-603 1825
-602 1839
-601 1920
-600 1846
-599 1906
-598 1827
-597 1871
-596 1856
-595 2002
-594 1866
-593 1911
-592 1924
-591 1950
-590 1942
-589 2042
-588 2082
-587 2021
-586 2005
-585 2027
-584 2024
-583 2084
-582 2092
-581 2020
-580 2124
-579 2162
-578 2086
-577 2134
-576 2120
-575 2163
-574 2150
-573 2177
-572 2211
-571 2279
-570 2266
-569 2324
-568 2270
-567 2371
-566 2226
-565 2261
-564 2402
-563 2414
-562 2326
-561 2460
-560 2429
-559 2426
-558 2378
-557 2482
-556 2571
-555 2430
-554 2323
-553 2367
-552 2346
-551 2350
-550 2438
-549 2497
-548 2430
-547 2543
-546 2481
-545 2555
-544 2626
-543 2690
-542 2698
-541 2666
-540 2760
-539 2762
-538 2739
-537 2794
-536 2973
-535 2907
-534 2858
-533 2896
-532 2926
-531 2922
-530 3014
-529 2988
-528 3076
-527 3045
-526 3133
-525 3016
-524 3089
-523 3251
-522 3176
-521 3214
-520 3275
-519 3389
-518 3259
-517 3281
-516 3159
-515 3386
-514 3297
-513 3317
-512 3358
-511 3284
-510 3309
-509 3181
-508 3355
-507 3314
-506 3225
-505 3248
-504 3275
-503 3312
-502 3297
-501 3316
-500 3386
-499 3432
-498 3494
-497 3518
-496 3608
-495 3635
-494 3747
-493 3807
-492 3912
-491 3901
-490 4003
-489 3962
-488 4100
-487 4131
-486 4029
-485 4096
-484 4089
-483 4149
-482 4263
-481 4340
-480 4314
-479 4252
-478 4357
-477 4331
-476 4467
-475 4276
-474 4370
-473 4477
-472 4522
-471 4333
-470 4454
-469 4500
-468 4329
-467 4402
-466 4391
-465 4553
-464 4538
-463 4511
-462 4659
-461 4558
-460 4481
-459 4529
-458 4526
-457 4536
-456 4657
-455 4514
-454 4498
-453 4529
-452 4582
-451 4564
-450 4521
-449 4605
-448 4601
-447 4733
-446 4724
-445 4657
-444 4763
-443 4785
-442 4654
-441 4882
-440 4857
-439 4866
-438 4826
-437 4742
-436 4868
-435 4930
-434 4979
-433 4869
-432 4913
-431 4966
-430 5041
-429 5046
-428 5111
-427 5036
-426 5118
-425 4996
-424 5073
-423 5076
-422 5056
-421 5041
-420 4931
-419 5043
-418 5140
-417 4867
-416 4981
-415 4878
-414 5083
-413 4933
-412 4973
-411 5002
-410 5112
-409 5072
-408 4955
-407 4848
-406 4886
-405 4958
-404 5056
-403 5060
-402 5208
-401 5064
-400 5042
-399 5070
-398 5248
-397 5057
-396 5228
-395 5254
-394 5279
-393 5130
-392 5107
-391 5155
-390 5106
-389 5150
-388 5145
-387 5072
-386 5070
-385 5024
-384 5172
-383 5212
-382 5317
-381 5244
-380 5180
-379 5129
-378 5268
-377 5108
-376 5236
-375 5196
-374 5341
-373 5218
-372 5302
-371 5338
-370 5479
-369 5414
-368 5381
-367 5617
-366 5382
-365 5538
-364 5427
-363 5510
-362 5592
-361 5629
-360 5521
-359 5517
-358 5678
-357 5765
-356 5711
-355 5734
-354 5854
-353 5909
-352 6001
-351 6040
-350 5919
-349 5963
-348 6037
-347 5835
-346 6122
-345 5815
-344 5972
-343 6105
-342 5941
-341 5875
-340 6066
-339 5981
-338 6059
-337 5868
-336 5985
-335 6069
-334 5944
-333 6073
-332 6115
-331 6116
-330 6123
-329 6266
-328 6086
-327 6185
-326 6186
-325 6039
-324 6139
-323 6244
-322 6222
-321 6075
-320 6093
-319 6020
-318 6112
-317 6079
-316 6136
-315 5905
-314 5984
-313 6041
-312 6173
-311 6154
-310 6044
-309 6120
-308 6187
-307 6022
-306 6118
-305 6166
-304 6223
-303 5998
-302 6040
-301 6321
-300 6378
-299 6222
-298 6285
-297 6474
-296 6407
-295 6315
-294 6488
-293 6598
-292 6563
-291 6686
-290 6705
-289 6505
-288 6549
-287 6557
-286 6647
-285 6606
-284 6627
-283 6729
-282 6644
-281 6560
-280 6637
-279 6614
-278 6550
-277 6629
-276 6610
-275 6636
-274 6680
-273 6746
-272 6770
-271 6579
-270 6650
-269 6806
-268 6679
-267 6760
-266 6625
-265 6576
-264 6778
-263 6637
-262 6751
-261 6593
-260 6588
-259 6573
-258 6652
-257 6726
-256 6581
-255 6679
-254 6748
-253 6594
-252 6630
-251 6409
-250 6638
-249 6574
-248 6589
-247 6590
-246 6844
-245 6630
-244 6680
-243 6609
-242 6722
-241 6872
-240 6724
-239 6649
-238 6845
-237 6822
-236 6685
-235 6813
-234 6826
-233 6904
-232 6916
-231 6785
-230 6813
-229 6761
-228 6769
-227 6999
-226 6811
-225 6828
-224 6832
-223 6684
-222 6945
-221 6954
-220 6773
-219 6761
-218 6862
-217 6759
-216 6644
-215 6777
-214 6826
-213 6721
-212 6797
-211 6706
-210 6694
-209 6653
-208 6789
-207 6724
-206 6724
-205 6649
-204 6648
-203 6591
-202 6651
-201 6688
-200 6718
-199 6619
-198 6543
-197 6530
-196 6634
-195 6375
-194 6415
-193 6629
-192 6337
-191 6305
-190 6282
-189 6305
-188 6358
-187 6325
-186 6406
-185 6290
-184 6187
-183 6148
-182 6237
-181 6277
-180 6133
-179 6066
-178 6241
-177 6092
-176 6200
-175 6075
-174 6187
-173 6215
-172 6195
-171 6098
-170 6063
-169 6079
-168 6150
-167 6083
-166 6104
-165 5980
-164 6008
-163 6001
-162 5986
-161 6271
-160 5911
-159 5862
-158 6025
-157 6060
-156 6070
-155 6000
-154 6206
-153 6092
-152 6027
-151 5996
-150 5982
-149 6065
-148 5983
-147 6066
-146 5759
-145 5890
-144 5958
-143 6070
-142 5913
-141 6004
-140 5852
-139 5860
-138 5964
-137 5879
-136 5770
-135 5691
-134 5775
-133 5703
-132 5851
-131 5864
-130 5601
-129 5834
-128 5662
-127 5580
-126 5575
-125 5556
-124 5654
-123 5646
-122 5652
-121 5459
-120 5585
-119 5430
-118 5389
-117 5538
-116 5547
-115 5380
-114 5513
-113 5589
-112 5570
-111 5440
-110 5493
-109 5407
-108 5664
-107 5469
-106 5442
-105 5311
-104 5301
-103 5393
-102 5463
-101 5461
-100 5435
-99 5336
-98 5422
-97 5420
-96 5353
-95 5391
-94 5370
-93 5282
-92 5347
-91 5286
-90 5136
-89 5345
-88 5356
-87 5304
-86 5221
-85 5358
-84 5288
-83 5359
-82 5283
-81 5195
-80 5091
-79 5056
-78 5145
-77 5127
-76 5045
-75 5110
-74 4898
-73 5008
-72 4978
-71 4987
-70 5012
-69 4875
-68 5011
-67 4939
-66 4982
-65 4938
-64 4870
-63 4974
-62 4976
-61 4790
-60 4928
-59 4767
-58 4810
-57 4641
-56 4724
-55 4790
-54 4789
-53 4813
-52 4732
-51 4682
-50 4673
-49 4610
-48 4641
-47 4572
-46 4799
-45 4589
-44 4486
-43 4695
-42 4520
-41 4653
-40 4537
-39 4604
-38 4509
-37 4515
-36 4496
-35 4580
-34 4532
-33 4552
-32 4563
-31 4482
-30 4498
-29 4449
-28 4470
-27 4446
-26 4499
-25 4280
-24 4342
-23 4381
-22 4422
-21 4325
-20 4372
-19 4365
-18 4239
-17 4186
-16 4366
-15 4218
-14 4215
-13 4210
-12 4280
-11 4184
-10 4167
-9 4246
-8 4119
-7 4208
-6 4072
-5 4094
-4 3973
-3 4167
-2 4054
-1 4092
0 3949
1 3929
2 4012
3 3857
4 3951
5 3887
6 3810
7 3742
8 3771
9 3726
10 3731
11 3757
12 3611
13 3603
14 3786
15 3645
16 3642
17 3609
18 3694
19 3632
20 3635
21 3774
22 3518
23 3574
24 3570
25 3558
26 3548
27 3488
28 3517
29 3492
30 3539
31 3505
32 3413
33 3520
34 3460
35 3465
36 3469
37 3511
38 3456
39 3383
40 3210
41 3349
42 3349
43 3341
44 3287
45 3251
46 3360
47 3273
48 3278
49 3256
50 3164
51 3212
52 3224
53 3199
54 3278
55 3131
56 3139
57 3040
58 3130
59 3141
60 3131
61 3079
62 3024
63 2976
64 3076
65 3071
66 2907
67 2983
68 2814
69 2885
70 2790
71 2838
72 2769
73 2760
74 2852
75 2781
76 2768
77 2761
78 2700
79 2624
80 2704
81 2722
82 2672
83 2667
84 2628
85 2802
86 2604
87 2592
88 2625
89 2613
90 2683
91 2651
92 2649
93 2550
94 2564
95 2582
96 2492
97 2565
98 2393
99 2564
100 2434
101 2426
102 2302
103 2457
104 2441
105 2411
106 2430
107 2501
108 2328
109 2502
110 2344
111 2330
112 2306
113 2351
114 2230
115 2228
116 2355
117 2237
118 2253
119 2246
120 2197
121 2233
122 2244
123 2294
124 2210
125 2241
126 2192
127 2182
128 2193
129 2050
130 2134
131 2246
132 2156
133 2098
134 2112
135 2057
136 2167
137 2122
138 2148
139 2128
140 2087
141 2101
142 2179
143 2085
144 2090
145 2080
146 2032
147 2078
148 2086
149 1977
150 1998
151 2050
152 1988
153 2009
154 1959
155 1882
156 1937
157 1937
158 1981
159 1966
160 1937
161 1937
162 1997
163 1854
164 1867
165 1855
166 1787
167 1806
168 1819
169 1839
170 1799
171 1797
172 1713
173 1721
174 1766
175 1776
176 1679
177 1657
178 1707
179 1684
180 1674
181 1665
182 1671
183 1574
184 1696
185 1614
186 1666
187 1559
188 1610
189 1581
190 1621
191 1572
192 1548
193 1506
194 1533
195 1458
196 1486
197 1513
198 1506
199 1497
200 1449
201 1394
202 1435
203 1517
204 1386
205 1423
206 1431
207 1385
208 1370
209 1324
210 1365
211 1390
212 1421
213 1370
214 1357
215 1406
216 1343
217 1351
218 1335
219 1241
220 1291
221 1339
222 1335
223 1339
224 1325
225 1246
226 1224
227 1235
228 1221
229 1325
230 1255
231 1264
232 1220
233 1197
234 1221
235 1229
236 1226
237 1167
238 1133
239 1111
240 1181
241 1179
242 1100
243 1094
244 1151
245 1132
246 1092
247 1141
248 1056
249 1060
250 1037
251 1040
252 1050
253 1045
254 1050
255 1008
256 963
257 1022
258 999
259 1004
260 987
261 926
262 1000
263 1004
264 973
265 938
266 940
267 962
268 877
269 969
270 901
271 955
272 894
273 921
274 885
275 902
276 910
277 843
278 865
279 788
280 795
281 844
282 815
283 819
284 819
285 782
286 857
287 768
288 758
289 809
290 834
291 778
292 756
293 763
294 767
295 769
296 722
297 732
298 736
299 732
300 770
301 682
302 695
303 725
304 714
305 712
306 716
307 719
308 710
309 647
310 692
311 680
312 660
313 685
314 665
315 677
316 659
317 631
318 634
319 582
320 673
321 639
322 623
323 620
324 632
325 630
326 574
327 564
328 546
329 611
330 535
331 570
332 594
333 576
334 589
335 550
336 570
337 542
338 552
339 509
340 513
341 513
342 542
343 484
344 522
345 519
346 511
347 489
348 501
349 528
350 490
351 465
352 505
353 506
354 499
355 451
356 496
357 453
358 451
359 464
360 463
361 438
362 440
363 443
364 467
365 428
366 456
367 425
368 390
369 407
370 419
371 422
372 431
373 416
374 415
375 402
376 401
377 425
378 412
379 398
380 400
381 359
382 359
383 395
384 393
385 369
386 350
387 358
388 348
389 358
390 376
391 401
392 350
393 351
394 358
395 331
396 357
397 322
398 364
399 340
400 344
401 326
402 334
403 328
404 321
405 305
406 309
407 299
408 347
409 324
410 308
411 282
412 286
413 284
414 302
415 316
416 261
417 274
418 298
419 307
420 311
421 255
422 279
423 238
424 287
425 280
426 286
427 268
428 253
429 251
430 262
431 253
432 232
433 243
434 247
435 253
436 243
437 246
438 262
439 239
440 272
441 232
442 248
443 259
444 236
445 264
446 228
447 232
448 221
449 214
450 226
451 232
452 207
453 228
454 223
455 210
456 241
457 235
458 214
459 196
460 226
461 222
462 183
463 195
464 216
465 206
466 216
467 210
468 205
469 184
470 210
471 177
472 181
473 166
474 172
475 214
476 189
477 206
478 189
479 182
480 158
481 175
482 184
483 180
484 205
485 180
486 180
487 184
488 194
489 172
490 157
491 157
492 188
493 194
494 180
495 160
496 177
497 169
498 172
499 150
500 156
501 151
502 171
503 152
504 153
505 168
506 154
507 168
508 145
509 146
510 181
511 152
512 133
513 161
514 166
515 155
516 158
517 144
518 127
519 112
520 133
521 139
522 134
523 141
524 119
525 147
526 133
527 121
528 131
529 124
530 125
531 137
532 145
533 131
534 140
535 119
536 132
537 125
538 129
539 121
540 105
541 115
542 136
543 132
544 120
545 111
546 128
547 108
548 123
549 126
550 118
551 122
552 122
553 119
554 105
555 111
556 123
557 139
558 113
559 100
560 124
561 110
562 115
563 107
564 88
565 108
566 103
567 109
568 115
569 115
570 89
571 106
572 102
573 124
574 102
575 90
576 104
577 108
578 88
579 106
580 102
581 108
582 108
583 112
584 118
585 121
586 107
587 113
588 86
589 128
590 125
591 108
592 107
593 116
594 103
595 123
596 113
597 105
598 124
599 103
600 95
601 114
602 128
603 118
604 90
605 127
606 101
607 101
608 103
609 123
610 105
611 109
612 101
613 102
614 123
615 96
616 97
617 114
618 108
619 108
620 98
621 113
622 101
623 112
624 120
625 103
626 95
627 133
628 120
629 103
630 107
631 108
632 126
633 105
634 106
635 107
636 101
637 108
638 123
639 97
640 88
641 95
642 134
643 124
644 118
645 134
646 152
647 128
648 134
649 142
650 127
651 141
652 155
653 162
654 127
655 142
656 152
657 171
658 149
659 166
660 128
661 145
662 144
663 139
664 159
665 141
666 140
667 148
668 140
669 156
670 138
671 137
672 131
673 147
674 156
675 139
676 156
677 144
678 134
679 146
680 153
681 117
682 128
683 144
684 145
685 132
686 158
687 136
688 133
689 120
690 138
691 145
692 139
693 132
694 128
695 120
696 121
697 138
698 125
699 147
700 132
701 135
702 127
703 146
704 159
705 138
706 141
707 128
708 128
709 132
710 138
711 149
712 133
713 142
714 151
715 156
716 143
717 141
718 125
719 153
720 131
721 147
722 127
723 150
724 142
725 154
726 135
727 146
728 169
729 150
730 131
731 151
732 170
733 158
734 156
735 138
736 149
737 150
738 155
739 150
740 131
741 151
742 154
743 179
744 172
745 159
746 155
747 154
748 155
749 156
750 161
751 148
752 179
753 149
754 176
755 157
756 165
757 159
758 155
759 149
760 163
761 164
762 144
763 160
764 158
765 153
766 134
767 162
768 171
769 136
770 184
771 151
772 153
773 173
774 176
775 176
776 196
777 188
778 141
779 158
780 164
781 161
782 154
783 160
784 147
785 182
786 159
787 156
788 140
789 154
790 135
791 156
792 177
793 165
794 179
795 170
796 169
797 162
798 185
799 171
800 120
801 138
802 170
803 170
804 152
805 146
806 144
807 140
808 145
809 162
810 148
811 149
812 163
813 164
814 167
815 163
816 142
817 148
818 153
819 149
820 158
821 138
822 151
823 131
824 128
825 147
826 165
827 146
828 140
829 134
830 174
831 139
832 174
833 167
834 128
835 133
836 148
837 135
838 145
839 145
840 133
841 134
842 131
843 143
844 130
845 135
846 150
847 145
848 132
849 118
850 151
851 143
852 129
853 131
854 135
855 132
856 131
857 129
858 132
859 126
860 131
861 126
862 138
863 135
864 143
865 132
866 118
867 108
868 127
869 133
870 119
871 133
872 121
873 137
874 125
875 107
876 110
877 126
878 126
879 115
880 128
881 125
882 114
883 127
884 141
885 120
886 112
887 108
888 99
889 111
890 103
891 119
892 116
893 111
894 106
895 117
896 104
897 118
898 129
899 96
900 135
901 115
902 96
903 121
904 114
905 108
906 121
907 119
908 124
909 117
910 110
911 108
912 129
913 119
914 105
915 118
916 94
917 108
918 107
919 100
920 103
921 91
922 105
923 98
924 110
925 110
926 87
927 108
928 106
929 97
930 91
931 104
932 118
933 102
934 88
935 75
936 106
937 106
938 88
939 103
940 103
941 95
942 98
943 89
944 105
945 91
946 102
947 97
948 88
949 93
950 77
951 97
952 88
953 107
954 91
955 93
956 85
957 95
958 78
959 86
960 89
961 92
962 85
963 99
964 106
965 87
966 90
967 80
968 96
969 85
970 76
971 83
972 75
973 87
974 92
975 80
976 68
977 90
978 79
979 81
980 73
981 83
982 87
983 79
984 65
985 68
986 81
987 82
988 81
989 72
990 76
991 66
992 64
993 55
994 60
995 74
996 65
997 79
998 77
999 67
1000 50
1001 81
1002 65
1003 62
1004 76
1005 81
1006 67
1007 64
1008 59
1009 78
1010 80
1011 79
1012 72
1013 67
1014 66
1015 61
1016 54
1017 71
1018 68
1019 59
1020 72
1021 67
1022 65
1023 52
1024 62
1025 64
1026 47
1027 53
1028 64
1029 55
1030 63
1031 67
1032 60
1033 44
1034 54
1035 43
1036 59
1037 61
1038 62
1039 49
1040 76
1041 50
1042 61
1043 59
1044 66
1045 54
1046 57
1047 62
1048 56
1049 52
1050 51
1051 48
1052 55
1053 58
1054 53
1055 41
1056 46
1057 67
1058 55
1059 70
1060 45
1061 39
1062 47
1063 43
1064 45
1065 47
1066 46
1067 42
1068 39
1069 47
1070 63
1071 39
1072 44
1073 54
1074 50
1075 46
1076 42
1077 52
1078 33
1079 42
1080 58
1081 51
1082 58
1083 35
1084 45
1085 48
1086 44
1087 39
1088 39
1089 49
1090 53
1091 39
1092 60
1093 37
1094 40
1095 21
1096 41
1097 35
1098 46
1099 38
1100 29
1101 29
1102 38
1103 40
1104 33
1105 46
1106 42
1107 39
1108 26
1109 44
1110 45
1111 33
1112 27
1113 32
1114 35
1115 44
1116 31
1117 33
1118 48
1119 34
1120 36
1121 25
1122 34
1123 39
1124 32
1125 46
1126 24
1127 19
1128 32
1129 34
1130 28
1131 26
1132 39
1133 19
1134 26
1135 34
1136 37
1137 23
1138 27
1139 29
1140 20
1141 28
1142 33
1143 24
1144 24
1145 26
1146 36
1147 23
1148 15
1149 33
1150 25
1151 32
1152 32
1153 20
1154 21
1155 25
1156 30
1157 27
1158 32
1159 22
1160 32
1161 24
1162 26
1163 24
1164 26
1165 31
1166 24
1167 21
1168 25
1169 26
1170 21
1171 24
1172 21
1173 29
1174 26
1175 24
1176 21
1177 20
1178 19
1179 15
1180 18
1181 17
1182 22
1183 17
1184 26
1185 23
1186 21
1187 18
1188 22
1189 20
1190 19
1191 20
1192 16
1193 24
1194 16
1195 19
1196 27
1197 20
1198 22
1199 14
1200 11
1201 11
1202 18
1203 14
1204 18
1205 16
1206 20
1207 13
1208 23
1209 12
1210 14
1211 17
1212 16
1213 13
1214 18
1215 14
1216 11
1217 12
1218 15
1219 17
1220 14
1221 13
1222 19
1223 11
1224 12
1225 13
1226 20
1227 13
1228 11
1229 16
1230 13
1231 12
1232 14
1233 8
1234 9
1235 19
1236 13
1237 10
1238 13
1239 11
1240 14
1241 8
1242 11
1243 10
1244 14
1245 10
1246 9
1247 21
1248 7
1249 14
1250 19
1251 11
1252 13
1253 12
1254 6
1255 10
1256 7
1257 9
1258 14
1259 7
1260 11
1261 9
1262 6
1263 12
1264 12
1265 9
1266 13
1267 14
1268 11
1269 7
1270 11
1271 11
1272 12
1273 5
1274 9
1275 4
1276 7
1277 9
1278 13
1279 12
1280 9
1281 9
1282 9
1283 12
1284 6
1285 6
1286 13
1287 10
1288 6
1289 4
1290 8
1291 6
1292 6
1293 3
1294 4
1295 11
1296 4
1297 13
1298 6
1299 7
1300 5
1301 7
1302 11
1303 5
1304 5
1305 10
1306 12
1307 5
1308 10
1309 4
1310 5
1311 8
1312 8
1313 3
1314 5
1315 10
1316 8
1317 2
1318 8
1319 9
1320 3
1321 5
1322 8
1323 3
1324 6
1325 5
1326 10
1327 8
1328 3
1329 4
1330 7
1331 4
1332 6
1333 2
1334 8
1335 4
1336 2
1337 5
1338 9
1339 5
1340 3
1341 8
1342 8
1343 7
1344 5
1345 6
1346 6
1347 3
1348 7
1349 4
1350 3
1351 6
1352 6
1353 3
1354 3
1355 4
1356 3
1357 4
1358 3
1359 3
1360 5
1361 6
1362 4
1363 2
1364 5
1365 5
1366 6
1367 5
1368 3
1369 5
1370 7
1371 2
1372 5
1373 6
1374 4
1375 2
1376 5
1377 7
1378 2
1379 2
1380 3
1381 4
1382 1
1383 6
1384 3
1385 2
1386 4
1387 4
1388 3
1389 2
1390 4
1391 1
1392 1
1393 8
1394 3
1395 4
1396 5
1397 2
1398 3
1399 6
1400 1
1402 2
1403 5
1404 3
1405 2
1406 2
1408 6
1409 1
1410 3
1411 3
1412 5
1413 2
1414 2
1415 2
1416 1
1417 1
1418 5
1419 4
1420 2
1421 1
1422 3
1423 3
1424 3
1425 3
1426 2
1427 2
1428 7
1429 7
1430 1
1431 3
1432 1
1434 1
1435 4
1436 2
1437 1
1438 4
1439 3
1442 1
1443 2
1444 5
1445 2
1446 4
1447 2
1448 2
1449 3
1450 1
1451 3
1452 1
1453 3
1454 3
1455 1
1456 1
1457 4
1458 2
1459 3
1460 2
1461 3
1462 1
1463 1
1464 2
1465 3
1466 3
1467 1
1468 3
1469 1
1470 1
1471 3
1473 1
1474 1
1475 1
1477 2
1478 1
1480 2
1481 1
1483 2
1484 1
1485 1
1487 1
1488 1
1490 1
1493 2
1494 2
1495 1
1496 1
1497 2
1500 1
1501 1
1502 2
1503 2
1504 2
1505 2
1507 1
1508 2
1509 1
1510 2
1513 1
1515 1
1517 3
1518 1
1519 1
1520 1
1522 1
1525 1
1526 1
1527 1
1528 2
1529 1
1530 1
1532 1
1538 2
1539 1
1542 1
1544 1
1545 1
1546 1
1548 2
1549 1
1556 1
1560 1
1561 2
1562 1
1567 2
1573 1
1575 1
1583 1
1590 1
1594 1
1595 1
1597 2
1598 1
1605 1
1606 1
1610 1
1616 1
1625 2
1632 1
1639 1
1653 1
1658 1
1668 1
1685 1
1738 1
1751 1
1763 1
1764 1
1773 1
1778 1
