-680 1
-678 3
-677 1
-676 6
-675 5
-674 2
-673 3
-672 3
-671 12
-670 19
-669 15
-668 26
-667 28
-666 33
-665 49
-664 40
-663 50
-662 53
-661 66
-660 69
-659 77
-658 73
-657 68
-656 75
-655 59
-654 61
-653 52
-652 53
-651 51
-650 64
-649 77
-648 71
-647 58
-646 65
-645 67
-644 64
-643 78
-642 76
-641 91
-640 84
-639 83
-638 90
-637 89
-636 98
-635 101
-634 118
-633 107
-632 130
-631 122
-630 138
-629 154
-628 155
-627 158
-626 152
-625 160
-624 187
-623 180
-622 183
-621 231
-620 231
-619 244
-618 278
-617 330
-616 300
-615 312
-614 331
-613 339
-612 339
-611 340
-610 374
-609 377
-608 388
-607 377
-606 421
-605 425
-604 393
-603 447
-602 427
-601 473
-600 442
-599 412
-598 426
-597 422
-596 373
-595 412
-594 415
-593 402
-592 393
-591 404
-590 401
-589 407
-588 443
-587 461
-586 442
-585 441
-584 464
-583 480
-582 473
-581 517
-580 473
-579 520
-578 586
-577 601
-576 578
-575 598
-574 650
-573 630
-572 604
-571 648
-570 724
-569 669
-568 709
-567 668
-566 727
-565 740
-564 729
-563 717
-562 732
-561 807
-560 750
-559 747
-558 722
-557 755
-556 791
-555 767
-554 770
-553 810
-552 808
-551 813
-550 799
-549 808
-548 781
-547 818
-546 813
-545 814
-544 832
-543 869
-542 946
-541 859
-540 875
-539 928
-538 878
-537 901
-536 901
-535 894
-534 928
-533 855
-532 936
-531 906
-530 926
-529 890
-528 876
-527 887
-526 925
-525 858
-524 815
-523 860
-522 868
-521 880
-520 850
-519 878
-518 919
-517 924
-516 840
-515 894
-514 854
-513 909
-512 872
-511 888
-510 917
-509 929
-508 939
-507 960
-506 1012
-505 953
-504 913
-503 934
-502 920
-501 996
-500 972
-499 968
-498 1038
-497 968
-496 1041
-495 969
-494 1017
-493 1152
-492 1085
-491 1082
-490 1090
-489 1156
-488 1104
-487 1177
-486 1118
-485 1105
-484 1151
-483 1139
-482 1089
-481 1145
-480 1082
-479 1193
-478 1171
-477 1214
-476 1170
-475 1223
-474 1134
-473 1168
-472 1122
-471 1192
-470 1147
-469 1223
-468 1188
-467 1241
-466 1151
-465 1236
-464 1196
-463 1197
-462 1329
-461 1245
-460 1259
-459 1322
-458 1272
-457 1382
-456 1316
-455 1369
-454 1391
-453 1400
-452 1348
-451 1344
-450 1431
-449 1397
-448 1393
-447 1372
-446 1385
-445 1407
-444 1472
-443 1420
-442 1568
-441 1535
-440 1565
-439 1532
-438 1556
-437 1572
-436 1588
-435 1622
-434 1629
-433 1662
-432 1676
-431 1598
-430 1622
-429 1640
-428 1649
-427 1614
-426 1656
-425 1707
-424 1793
-423 1698
-422 1865
-421 1855
-420 1804
-419 1883
-418 1790
-417 1904
-416 1885
-415 1912
-414 2021
-413 1938
-412 1980
-411 1947
-410 2014
-409 1912
-408 2038
-407 2021
-406 2085
-405 2112
-404 2086
-403 2082
-402 2012
-401 2076
-400 2136
-399 2193
-398 2230
-397 2296
-396 2232
-395 2245
-394 2202
-393 2232
-392 2195
-391 2265
-390 2198
-389 2274
-388 2350
-387 2312
-386 2421
-385 2299
-384 2423
-383 2365
-382 2434
-381 2369
-380 2522
-379 2491
-378 2572
-377 2574
-376 2518
-375 2664
-374 2702
-373 2611
-372 2633
-371 2622
-370 2575
-369 2649
-368 2684
-367 2629
-366 2788
-365 2679
-364 2668
-363 2744
-362 2703
-361 2707
-360 2721
-359 2833
-358 2735
-357 2718
-356 2765
-355 2779
-354 2775
-353 2893
-352 2993
-351 2839
-350 2842
-349 2985
-348 3000
-347 3082
-346 2972
-345 2995
-344 2970
-343 3108
-342 3095
-341 3001
-340 3127
-339 3215
-338 3226
-337 3260
-336 3291
-335 3204
-334 3333
-333 3333
-332 3328
-331 3272
-330 3284
-329 3333
-328 3420
-327 3367
-326 3411
-325 3396
-324 3547
-323 3573
-322 3495
-321 3555
-320 3638
-319 3601
-318 3699
-317 3645
-316 3858
-315 4022
-314 3935
-313 3841
-312 3879
-311 3988
-310 3870
-309 3930
-308 3969
-307 4070
-306 4115
-305 4110
-304 4100
-303 4202
-302 4277
-301 4311
-300 4454
-299 4390
-298 4412
-297 4322
-296 4466
-295 4373
-294 4433
-293 4388
-292 4574
-291 4533
-290 4534
-289 4505
-288 4538
-287 4593
-286 4590
-285 4564
-284 4551
-283 4640
-282 4591
-281 4544
-280 4609
-279 4762
-278 4598
-277 4767
-276 4753
-275 4713
-274 4819
-273 4897
-272 4723
-271 4854
-270 4775
-269 4854
-268 4875
-267 4865
-266 4805
-265 4865
-264 4954
-263 5022
-262 5023
-261 5190
-260 5118
-259 5231
-258 5227
-257 5373
-256 5244
-255 5432
-254 5622
-253 5631
-252 5463
-251 5575
-250 5549
-249 5365
-248 5518
-247 5566
-246 5559
-245 5536
-244 5502
-243 5643
-242 5552
-241 5522
-240 5645
-239 5602
-238 5494
-237 5692
-236 5624
-235 5512
-234 5611
-233 5748
-232 5587
-231 5641
-230 5635
-229 5605
-228 5592
-227 5439
-226 5594
-225 5514
-224 5689
-223 5637
-222 5613
-221 5671
-220 5687
-219 5543
-218 5583
-217 5746
-216 5561
-215 5493
-214 5617
-213 5713
-212 5571
-211 5650
-210 5642
-209 5707
-208 5531
-207 5585
-206 5707
-205 5691
-204 5761
-203 5713
-202 5736
-201 5740
-200 5854
-199 5755
-198 5825
-197 5898
-196 5819
-195 5913
-194 5831
-193 5790
-192 5812
-191 5836
-190 5898
-189 5937
-188 5891
-187 5826
-186 5919
-185 5939
-184 5804
-183 5807
-182 5920
-181 5749
-180 5829
-179 5864
-178 5848
-177 5770
-176 5925
-175 5980
-174 5883
-173 6015
-172 5899
-171 5970
-170 6013
-169 5881
-168 6028
-167 6005
-166 6092
-165 6031
-164 5866
-163 5927
-162 5911
-161 6014
-160 5826
-159 5918
-158 6143
-157 6109
-156 6023
-155 5794
-154 6007
-153 5999
-152 5950
-151 6062
-150 5926
-149 5815
-148 5887
-147 5961
-146 5962
-145 5943
-144 5881
-143 5889
-142 5816
-141 5783
-140 6044
-139 5843
-138 5819
-137 5826
-136 5854
-135 5860
-134 5912
-133 5868
-132 5861
-131 5668
-130 5984
-129 5817
-128 5968
-127 5857
-126 5832
-125 5827
-124 5805
-123 5863
-122 5963
-121 5964
-120 5921
-119 6041
-118 6083
-117 5991
-116 6008
-115 6043
-114 6094
-113 6084
-112 6019
-111 6229
-110 6125
-109 6172
-108 6142
-107 6200
-106 6112
-105 6222
-104 6286
-103 6243
-102 6353
-101 6130
-100 6140
-99 6223
-98 6358
-97 6269
-96 6212
-95 6272
-94 6237
-93 6349
-92 6301
-91 6188
-90 6381
-89 6483
-88 6392
-87 6500
-86 6369
-85 6572
-84 6255
-83 6417
-82 6302
-81 6530
-80 6360
-79 6443
-78 6429
-77 6455
-76 6464
-75 6320
-74 6320
-73 6396
-72 6411
-71 6436
-70 6322
-69 6283
-68 6285
-67 6217
-66 6288
-65 6244
-64 6133
-63 6189
-62 6071
-61 6261
-60 6365
-59 6016
-58 6216
-57 6459
-56 6303
-55 6293
-54 6299
-53 6192
-52 6281
-51 6286
-50 6029
-49 6070
-48 6273
-47 6207
-46 6369
-45 6142
-44 6077
-43 6262
-42 6260
-41 6120
-40 6207
-39 6111
-38 6126
-37 6174
-36 6252
-35 6287
-34 6037
-33 6137
-32 6134
-31 6162
-30 6045
-29 6084
-28 6183
-27 6185
-26 6177
-25 6182
-24 6277
-23 6132
-22 6126
-21 6266
-20 6170
-19 6126
-18 6114
-17 6072
-16 6054
-15 6155
-14 6101
-13 6083
-12 6064
-11 6118
-10 6024
-9 5979
-8 5995
-7 6012
-6 5862
-5 5943
-4 5970
-3 5845
-2 5962
-1 5980
0 6051
1 5884
2 5869
3 5884
4 5969
5 5996
6 6063
7 6093
8 5999
9 5981
10 5853
11 5881
12 5809
13 5839
14 5792
15 5747
16 5785
17 5740
18 5626
19 5628
20 5636
21 5608
22 5757
23 5722
24 5659
25 5692
26 5669
27 5624
28 5702
29 5628
30 5543
31 5665
32 5495
33 5671
34 5585
35 5401
36 5506
37 5412
38 5432
39 5390
40 5462
41 5329
42 5496
43 5265
44 5350
45 5331
46 5349
47 5385
48 5473
49 5294
50 5307
51 5422
52 5232
53 5382
54 5334
55 5290
56 5317
57 5322
58 5211
59 5275
60 5256
61 5275
62 5179
63 5220
64 5244
65 5150
66 5352
67 5236
68 5103
69 5272
70 5254
71 5338
72 5139
73 5121
74 5202
75 5142
76 5136
77 5052
78 5099
79 5057
80 5149
81 5000
82 5017
83 4985
84 5030
85 5095
86 4929
87 4937
88 4906
89 5044
90 4877
91 4912
92 4810
93 4791
94 4757
95 4708
96 4783
97 4832
98 4794
99 4801
100 4695
101 4807
102 4763
103 4647
104 4774
105 4596
106 4635
107 4749
108 4718
109 4657
110 4540
111 4652
112 4604
113 4657
114 4590
115 4479
116 4564
117 4522
118 4463
119 4506
120 4364
121 4355
122 4520
123 4418
124 4401
125 4323
126 4463
127 4187
128 4359
129 4221
130 4294
131 4088
132 4231
133 4209
134 4217
135 4223
136 4000
137 4162
138 4104
139 4034
140 4010
141 3945
142 4090
143 4070
144 4030
145 4226
146 3944
147 4070
148 3910
149 3935
150 3898
151 3911
152 3991
153 3853
154 3908
155 3809
156 3914
157 3900
158 3851
159 3759
160 3902
161 3829
162 3911
163 3755
164 3788
165 3689
166 3799
167 3678
168 3777
169 3604
170 3796
171 3662
172 3644
173 3659
174 3653
175 3599
176 3666
177 3644
178 3627
179 3567
180 3612
181 3526
182 3601
183 3647
184 3516
185 3481
186 3512
187 3522
188 3451
189 3344
190 3374
191 3419
192 3467
193 3339
194 3367
195 3378
196 3226
197 3333
198 3213
199 3183
200 3213
201 3229
202 3230
203 3187
204 3123
205 3093
206 3017
207 3159
208 3099
209 3095
210 3143
211 3199
212 3086
213 3128
214 3141
215 3019
216 3014
217 3092
218 3026
219 3019
220 3063
221 3001
222 3064
223 3023
224 2937
225 3015
226 2950
227 2978
228 2901
229 2888
230 2905
231 2844
232 2849
233 2835
234 2879
235 2779
236 2881
237 2792
238 2898
239 2816
240 2664
241 2767
242 2690
243 2702
244 2748
245 2719
246 2593
247 2633
248 2616
249 2581
250 2566
251 2637
252 2669
253 2724
254 2586
255 2579
256 2520
257 2567
258 2456
259 2523
260 2450
261 2451
262 2546
263 2545
264 2463
265 2419
266 2396
267 2399
268 2435
269 2376
270 2331
271 2329
272 2346
273 2305
274 2394
275 2358
276 2346
277 2208
278 2235
279 2283
280 2265
281 2252
282 2177
283 2175
284 2177
285 2295
286 2157
287 2138
288 2127
289 2263
290 2138
291 2148
292 2094
293 2117
294 2069
295 2018
296 2084
297 1986
298 2046
299 2005
300 1982
301 2008
302 1981
303 2008
304 1980
305 1976
306 1990
307 1990
308 1858
309 1923
310 1869
311 1944
312 1894
313 1813
314 1894
315 1929
316 1874
317 1892
318 1754
319 1878
320 1766
321 1809
322 1755
323 1826
324 1806
325 1771
326 1701
327 1752
328 1705
329 1804
330 1687
331 1750
332 1696
333 1750
334 1715
335 1592
336 1609
337 1657
338 1613
339 1681
340 1655
341 1637
342 1534
343 1553
344 1590
345 1600
346 1559
347 1540
348 1557
349 1500
350 1469
351 1505
352 1502
353 1570
354 1513
355 1579
356 1539
357 1494
358 1526
359 1457
360 1483
361 1444
362 1447
363 1453
364 1465
365 1450
366 1400
367 1451
368 1365
369 1467
370 1385
371 1432
372 1338
373 1358
374 1358
375 1288
376 1338
377 1338
378 1306
379 1341
380 1265
381 1331
382 1293
383 1322
384 1261
385 1239
386 1224
387 1249
388 1266
389 1358
390 1217
391 1304
392 1259
393 1213
394 1197
395 1210
396 1224
397 1248
398 1121
399 1145
400 1120
401 1187
402 1108
403 1096
404 1115
405 1095
406 1119
407 1113
408 1069
409 1078
410 1114
411 1077
412 1084
413 1067
414 1071
415 1023
416 1060
417 1054
418 1018
419 982
420 1015
421 1030
422 1022
423 988
424 1004
425 957
426 1025
427 913
428 924
429 947
430 957
431 937
432 908
433 920
434 941
435 865
436 919
437 883
438 887
439 841
440 869
441 853
442 823
443 920
444 815
445 851
446 805
447 870
448 809
449 787
450 840
451 771
452 749
453 839
454 805
455 755
456 784
457 779
458 802
459 775
460 739
461 751
462 741
463 760
464 741
465 736
466 683
467 720
468 734
469 707
470 694
471 720
472 743
473 742
474 678
475 657
476 684
477 652
478 635
479 646
480 627
481 668
482 656
483 605
484 638
485 611
486 648
487 583
488 603
489 589
490 617
491 585
492 614
493 632
494 603
495 574
496 587
497 602
498 535
499 587
500 526
501 560
502 553
503 576
504 554
505 520
506 504
507 542
508 550
509 546
510 489
511 545
512 513
513 562
514 545
515 502
516 559
517 489
518 495
519 506
520 491
521 500
522 513
523 456
524 458
525 491
526 479
527 447
528 459
529 480
530 427
531 474
532 511
533 482
534 509
535 496
536 493
537 482
538 486
539 457
540 496
541 473
542 468
543 468
544 538
545 523
546 567
547 551
548 514
549 497
550 572
551 557
552 521
553 512
554 511
555 488
556 459
557 505
558 489
559 499
560 517
561 501
562 494
563 476
564 467
565 500
566 467
567 520
568 460
569 465
570 429
571 487
572 449
573 435
574 478
575 469
576 461
577 475
578 495
579 427
580 452
581 487
582 427
583 504
584 503
585 506
586 515
587 500
588 489
589 466
590 472
591 483
592 508
593 479
594 529
595 556
596 523
597 524
598 531
599 482
600 532
601 467
602 539
603 566
604 531
605 532
606 517
607 538
608 560
609 569
610 556
611 550
612 572
613 611
614 600
615 596
616 582
617 625
618 599
619 667
620 579
621 593
622 602
623 601
624 613
625 588
626 522
627 641
628 553
629 577
630 620
631 591
632 579
633 598
634 585
635 599
636 586
637 581
638 586
639 562
640 590
641 594
642 559
643 586
644 562
645 528
646 615
647 567
648 579
649 557
650 562
651 620
652 568
653 609
654 582
655 580
656 542
657 554
658 605
659 578
660 553
661 553
662 565
663 525
664 536
665 545
666 579
667 560
668 572
669 591
670 587
671 543
672 604
673 573
674 543
675 577
676 530
677 558
678 551
679 599
680 546
681 566
682 509
683 539
684 549
685 576
686 554
687 528
688 561
689 517
690 540
691 550
692 574
693 546
694 606
695 533
696 591
697 543
698 561
699 543
700 549
701 558
702 536
703 594
704 537
705 561
706 562
707 602
708 586
709 529
710 580
711 572
712 597
713 565
714 555
715 590
716 585
717 558
718 593
719 549
720 544
721 569
722 573
723 574
724 536
725 596
726 566
727 527
728 544
729 599
730 531
731 546
732 525
733 580
734 505
735 531
736 541
737 540
738 545
739 588
740 558
741 533
742 534
743 551
744 543
745 525
746 536
747 532
748 534
749 550
750 526
751 490
752 558
753 526
754 525
755 539
756 543
757 556
758 507
759 509
760 566
761 548
762 526
763 511
764 542
765 528
766 584
767 522
768 537
769 551
770 516
771 521
772 542
773 510
774 572
775 514
776 518
777 536
778 507
779 530
780 522
781 527
782 545
783 558
784 516
785 458
786 539
787 510
788 524
789 545
790 485
791 533
792 509
793 541
794 507
795 495
796 509
797 494
798 532
799 506
800 508
801 535
802 532
803 508
804 548
805 520
806 539
807 484
808 521
809 495
810 488
811 494
812 530
813 472
814 490
815 460
816 434
817 482
818 531
819 516
820 500
821 511
822 501
823 505
824 473
825 453
826 518
827 480
828 500
829 463
830 491
831 486
832 468
833 468
834 445
835 475
836 474
837 470
838 462
839 476
840 486
841 517
842 440
843 473
844 468
845 449
846 477
847 415
848 441
849 434
850 434
851 470
852 408
853 451
854 411
855 452
856 445
857 425
858 438
859 412
860 434
861 452
862 445
863 417
864 429
865 401
866 412
867 398
868 448
869 412
870 435
871 444
872 433
873 416
874 402
875 381
876 420
877 402
878 415
879 361
880 410
881 390
882 408
883 410
884 399
885 395
886 384
887 361
888 397
889 405
890 400
891 375
892 400
893 390
894 377
895 414
896 414
897 366
898 370
899 373
900 394
901 406
902 397
903 383
904 364
905 349
906 361
907 340
908 341
909 376
910 389
911 374
912 368
913 405
914 400
915 338
916 359
917 383
918 329
919 357
920 364
921 361
922 340
923 329
924 347
925 330
926 302
927 343
928 352
929 339
930 363
931 338
932 319
933 343
934 335
935 319
936 327
937 306
938 351
939 318
940 333
941 341
942 294
943 333
944 328
945 320
946 301
947 296
948 304
949 301
950 310
951 286
952 288
953 323
954 313
955 297
956 290
957 286
958 311
959 336
960 305
961 311
962 288
963 294
964 290
965 280
966 307
967 314
968 285
969 304
970 300
971 294
972 300
973 286
974 315
975 297
976 275
977 262
978 304
979 290
980 286
981 290
982 259
983 274
984 287
985 257
986 252
987 272
988 267
989 289
990 274
991 285
992 268
993 265
994 250
995 291
996 251
997 292
998 266
999 282
1000 270
1001 255
1002 215
1003 288
1004 269
1005 252
1006 244
1007 264
1008 240
1009 265
1010 258
1011 267
1012 261
1013 259
1014 246
1015 239
1016 240
1017 235
1018 246
1019 261
1020 269
1021 251
1022 243
1023 244
1024 257
1025 258
1026 223
1027 256
1028 233
1029 249
1030 225
1031 268
1032 221
1033 249
1034 222
1035 237
1036 246
1037 219
1038 242
1039 238
1040 239
1041 251
1042 224
1043 230
1044 233
1045 216
1046 213
1047 197
1048 219
1049 229
1050 225
1051 223
1052 209
1053 195
1054 223
1055 227
1056 191
1057 238
1058 197
1059 199
1060 202
1061 208
1062 225
1063 215
1064 213
1065 170
1066 186
1067 184
1068 185
1069 213
1070 195
1071 205
1072 179
1073 200
1074 207
1075 184
1076 187
1077 183
1078 189
1079 214
1080 187
1081 185
1082 182
1083 166
1084 165
1085 197
1086 179
1087 183
1088 206
1089 167
1090 193
1091 198
1092 210
1093 176
1094 186
1095 196
1096 194
1097 161
1098 190
1099 173
1100 179
1101 161
1102 183
1103 178
1104 165
1105 165
1106 157
1107 176
1108 165
1109 149
1110 156
1111 166
1112 164
1113 181
1114 162
1115 166
1116 174
1117 160
1118 161
1119 146
1120 157
1121 165
1122 148
1123 174
1124 172
1125 156
1126 165
1127 187
1128 157
1129 140
1130 181
1131 147
1132 153
1133 165
1134 154
1135 145
1136 160
1137 158
1138 141
1139 146
1140 160
1141 140
1142 129
1143 145
1144 142
1145 160
1146 124
1147 133
1148 118
1149 153
1150 144
1151 122
1152 133
1153 113
1154 146
1155 156
1156 123
1157 130
1158 138
1159 139
1160 132
1161 121
1162 119
1163 124
1164 144
1165 113
1166 116
1167 100
1168 132
1169 112
1170 143
1171 117
1172 134
1173 123
1174 131
1175 124
1176 120
1177 129
1178 123
1179 124
1180 119
1181 115
1182 114
1183 109
1184 111
1185 100
1186 101
1187 112
1188 108
1189 108
1190 102
1191 117
1192 118
1193 110
1194 106
1195 102
1196 105
1197 116
1198 113
1199 104
1200 108
1201 99
1202 106
1203 110
1204 99
1205 105
1206 112
1207 121
1208 85
1209 112
1210 110
1211 94
1212 101
1213 87
1214 101
1215 106
1216 110
1217 93
1218 87
1219 103
1220 106
1221 85
1222 86
1223 76
1224 90
1225 79
1226 93
1227 103
1228 91
1229 92
1230 76
1231 106
1232 71
1233 98
1234 71
1235 80
1236 84
1237 67
1238 83
1239 85
1240 64
1241 78
1242 87
1243 74
1244 77
1245 83
1246 73
1247 78
1248 68
1249 82
1250 88
1251 72
1252 75
1253 70
1254 71
1255 80
1256 77
1257 77
1258 72
1259 70
1260 68
1261 64
1262 79
1263 97
1264 68
1265 58
1266 73
1267 63
1268 56
1269 63
1270 67
1271 71
1272 71
1273 74
1274 73
1275 64
1276 60
1277 74
1278 48
1279 61
1280 65
1281 46
1282 55
1283 52
1284 51
1285 53
1286 51
1287 68
1288 61
1289 55
1290 65
1291 54
1292 52
1293 51
1294 49
1295 62
1296 61
1297 53
1298 66
1299 69
1300 37
1301 56
1302 61
1303 72
1304 37
1305 53
1306 55
1307 59
1308 49
1309 58
1310 53
1311 55
1312 40
1313 57
1314 56
1315 48
1316 59
1317 45
1318 54
1319 59
1320 59
1321 40
1322 54
1323 44
1324 46
1325 57
1326 53
1327 49
1328 44
1329 46
1330 44
1331 52
1332 35
1333 43
1334 40
1335 39
1336 49
1337 45
1338 53
1339 39
1340 41
1341 43
1342 39
1343 37
1344 36
1345 48
1346 37
1347 38
1348 44
1349 44
1350 50
1351 38
1352 31
1353 23
1354 27
1355 36
1356 31
1357 37
1358 27
1359 41
1360 40
1361 30
1362 44
1363 39
1364 39
1365 37
1366 37
1367 27
1368 37
1369 42
1370 38
1371 39
1372 39
1373 34
1374 24
1375 38
1376 25
1377 31
1378 37
1379 26
1380 40
1381 35
1382 27
1383 31
1384 30
1385 46
1386 29
1387 26
1388 30
1389 34
1390 25
1391 33
1392 26
1393 29
1394 23
1395 23
1396 29
1397 45
1398 30
1399 37
1400 22
1401 32
1402 34
1403 25
1404 30
1405 25
1406 29
1407 38
1408 24
1409 21
1410 29
1411 28
1412 27
1413 26
1414 16
1415 28
1416 19
1417 22
1418 30
1419 22
1420 18
1421 28
1422 20
1423 35
1424 25
1425 26
1426 18
1427 26
1428 9
1429 24
1430 23
1431 26
1432 15
1433 18
1434 22
1435 19
1436 19
1437 19
1438 30
1439 13
1440 30
1441 27
1442 24
1443 15
1444 20
1445 18
1446 22
1447 17
1448 15
1449 21
1450 20
1451 25
1452 24
1453 20
1454 22
1455 26
1456 27
1457 17
1458 13
1459 18
1460 20
1461 8
1462 13
1463 16
1464 16
1465 22
1466 20
1467 18
1468 19
1469 18
1470 10
1471 15
1472 19
1473 15
1474 20
1475 16
1476 10
1477 9
1478 15
1479 13
1480 8
1481 10
1482 14
1483 6
1484 13
1485 13
1486 16
1487 14
1488 12
1489 10
1490 9
1491 11
1492 10
1493 15
1494 19
1495 16
1496 15
1497 11
1498 11
1499 11
1500 12
1501 12
1502 10
1503 10
1504 9
1505 10
1506 9
1507 8
1508 15
1509 14
1510 10
1511 4
1512 10
1513 18
1514 7
1515 12
1516 9
1517 10
1518 9
1519 5
1520 6
1521 11
1522 12
1523 13
1524 14
1525 14
1526 9
1527 10
1528 12
1529 7
1530 8
1531 4
1532 6
1533 10
1534 14
1535 7
1536 11
1537 10
1538 7
1539 6
1540 9
1541 7
1542 10
1543 9
1544 10
1545 3
1546 8
1547 9
1548 9
1549 8
1550 2
1551 7
1552 8
1553 4
1554 9
1555 5
1556 6
1557 7
1558 8
1559 10
1560 8
1561 7
1562 4
1563 6
1564 11
1565 9
1566 5
1567 19
1568 6
1569 7
1570 5
1571 8
1572 9
1573 4
1574 7
1575 1
1576 5
1577 7
1578 5
1579 4
1580 5
1581 6
1582 4
1583 9
1584 9
1585 5
1586 4
1587 3
1588 5
1589 9
1590 5
1591 2
1592 5
1593 5
1594 3
1595 6
1596 4
1597 5
1598 4
1599 4
1600 5
1601 1
1602 2
1603 2
1604 2
1605 4
1606 6
1607 7
1608 2
1609 3
1610 1
1611 6
1612 4
1613 2
1614 2
1615 3
1616 3
1617 1
1618 4
1619 7
1621 8
1622 1
1623 6
1624 5
1625 7
1626 1
1627 5
1628 4
1629 8
1630 6
1631 4
1632 4
1633 3
1634 3
1635 11
1636 3
1637 1
1638 3
1639 4
1640 5
1641 2
1642 6
1643 8
1644 2
1645 8
1646 6
1647 4
1648 4
1649 5
1650 5
1651 2
1652 2
1653 5
1654 6
1655 5
1656 4
1657 4
1658 2
1659 2
1660 3
1662 4
1663 2
1664 6
1665 6
1666 1
1667 2
1668 4
1669 2
1670 4
1671 2
1672 4
1673 2
1674 3
1675 5
1676 2
1677 3
1678 2
1679 3
1680 1
1681 4
1682 3
1683 1
1684 1
1685 6
1686 3
1687 1
1690 3
1692 2
1694 2
1695 3
1696 4
1697 3
1698 1
1699 2
1700 1
1701 1
1702 3
1703 1
1704 4
1707 1
1708 4
1709 1
1710 2
1711 1
1712 1
1714 1
1715 1
1716 3
1717 1
1718 1
1719 1
1720 1
1721 2
1722 1
1723 1
1724 1
1725 3
1727 1
1728 1
1731 5
1735 1
1736 4
1739 2
1741 1
1744 2
1748 2
1749 1
1751 3
1752 1
1753 1
1754 2
1755 1
1756 1
1757 1
1760 2
1761 1
1762 2
1764 1
1765 1
1767 1
1768 1
1769 1
1770 1
1774 2
1776 1
1780 1
1781 1
1784 1
1789 2
1792 1
1794 2
1798 1
1807 1
1808 1
1820 1
1829 1
1838 2
1840 1
1849 1
1857 1
1862 1
1874 1
1883 1
