-1114 1
-1112 1
-1111 3
-1110 3
-1109 3
-1108 5
-1107 9
-1106 14
-1105 15
-1104 21
-1103 19
-1102 25
-1101 39
-1100 21
-1099 34
-1098 50
-1097 53
-1096 70
-1095 51
-1094 62
-1093 67
-1092 76
-1091 87
-1090 93
-1089 80
-1088 74
-1087 86
-1086 104
-1085 92
-1084 86
-1083 91
-1082 93
-1081 86
-1080 85
-1079 76
-1078 84
-1077 120
-1076 84
-1075 95
-1074 84
-1073 95
-1072 111
-1071 80
-1070 80
-1069 78
-1068 95
-1067 86
-1066 113
-1065 96
-1064 81
-1063 105
-1062 96
-1061 94
-1060 114
-1059 108
-1058 124
-1057 120
-1056 108
-1055 116
-1054 147
-1053 144
-1052 135
-1051 181
-1050 181
-1049 214
-1048 175
-1047 186
-1046 267
-1045 258
-1044 293
-1043 294
-1042 284
-1041 302
-1040 336
-1039 343
-1038 395
-1037 397
-1036 418
-1035 449
-1034 426
-1033 438
-1032 489
-1031 531
-1030 570
-1029 564
-1028 615
-1027 576
-1026 626
-1025 601
-1024 596
-1023 570
-1022 609
-1021 562
-1020 581
-1019 614
-1018 603
-1017 624
-1016 662
-1015 627
-1014 604
-1013 657
-1012 598
-1011 643
-1010 680
-1009 649
-1008 716
-1007 648
-1006 664
-1005 698
-1004 672
-1003 702
-1002 666
-1001 716
-1000 711
-999 709
-998 746
-997 717
-996 771
-995 741
-994 701
-993 719
-992 746
-991 761
-990 718
-989 779
-988 800
-987 818
-986 800
-985 760
-984 826
-983 831
-982 797
-981 881
-980 929
-979 862
-978 896
-977 911
-976 955
-975 984
-974 960
-973 849
-972 929
-971 896
-970 993
-969 894
-968 980
-967 940
-966 1027
-965 1009
-964 1012
-963 1013
-962 1034
-961 1036
-960 978
-959 1022
-958 1074
-957 1078
-956 1043
-955 1080
-954 1056
-953 1092
-952 1050
-951 1066
-950 1067
-949 1128
-948 1108
-947 1130
-946 1100
-945 1156
-944 1060
-943 1113
-942 1134
-941 1051
-940 1065
-939 1096
-938 1105
-937 1080
-936 1070
-935 1087
-934 1077
-933 1144
-932 1190
-931 1254
-930 1171
-929 1304
-928 1315
-927 1260
-926 1361
-925 1310
-924 1327
-923 1310
-922 1354
-921 1323
-920 1374
-919 1322
-918 1392
-917 1422
-916 1396
-915 1339
-914 1437
-913 1437
-912 1388
-911 1474
-910 1466
-909 1413
-908 1398
-907 1454
-906 1504
-905 1565
-904 1464
-903 1616
-902 1556
-901 1596
-900 1578
-899 1553
-898 1581
-897 1556
-896 1632
-895 1652
-894 1621
-893 1709
-892 1745
-891 1771
-890 1733
-889 1753
-888 1841
-887 1842
-886 1859
-885 1830
-884 1914
-883 1959
-882 1853
-881 1869
-880 1872
-879 1970
-878 1931
-877 2015
-876 2060
-875 1961
-874 1955
-873 2025
-872 1958
-871 1968
-870 1982
-869 2059
-868 2072
-867 2032
-866 2171
-865 2204
-864 2179
-863 2235
-862 2280
-861 2319
-860 2264
-859 2206
-858 2290
-857 2281
-856 2271
-855 2267
-854 2331
-853 2325
-852 2327
-851 2280
-850 2292
-849 2315
-848 2422
-847 2396
-846 2433
-845 2437
-844 2470
-843 2489
-842 2533
-841 2575
-840 2541
-839 2574
-838 2517
-837 2666
-836 2548
-835 2518
-834 2530
-833 2623
-832 2578
-831 2566
-830 2643
-829 2641
-828 2575
-827 2630
-826 2686
-825 2634
-824 2740
-823 2761
-822 2695
-821 2692
-820 2761
-819 2853
-818 2958
-817 2892
-816 2930
-815 2965
-814 3041
-813 2936
-812 3054
-811 3059
-810 3138
-809 3096
-808 3031
-807 3024
-806 3082
-805 3159
-804 3080
-803 3213
-802 3262
-801 3281
-800 3287
-799 3262
-798 3355
-797 3302
-796 3328
-795 3275
-794 3377
-793 3380
-792 3350
-791 3449
-790 3335
-789 3378
-788 3398
-787 3421
-786 3361
-785 3279
-784 3253
-783 3338
-782 3269
-781 3410
-780 3448
-779 3413
-778 3542
-777 3512
-776 3554
-775 3495
-774 3578
-773 3560
-772 3547
-771 3620
-770 3544
-769 3639
-768 3622
-767 3734
-766 3725
-765 3758
-764 3777
-763 3684
-762 3837
-761 3752
-760 3762
-759 3794
-758 3760
-757 3600
-756 3691
-755 3768
-754 3777
-753 3699
-752 3774
-751 3700
-750 3744
-749 3707
-748 3663
-747 3748
-746 3770
-745 3874
-744 3742
-743 3806
-742 3816
-741 3818
-740 3858
-739 3888
-738 3853
-737 3876
-736 3909
-735 3877
-734 3981
-733 3941
-732 4015
-731 4058
-730 4023
-729 4123
-728 3937
-727 4141
-726 4015
-725 4000
-724 4008
-723 4034
-722 4011
-721 4034
-720 4028
-719 4103
-718 3993
-717 4029
-716 4109
-715 4188
-714 4210
-713 4236
-712 4202
-711 4106
-710 4194
-709 4104
-708 4227
-707 4157
-706 4068
-705 4207
-704 4231
-703 4284
-702 4106
-701 4206
-700 4163
-699 4147
-698 4110
-697 4144
-696 4040
-695 4102
-694 4095
-693 4123
-692 4084
-691 3937
-690 4093
-689 4213
-688 4110
-687 4124
-686 4091
-685 4193
-684 4213
-683 4181
-682 4256
-681 4318
-680 4319
-679 4311
-678 4309
-677 4397
-676 4344
-675 4536
-674 4498
-673 4401
-672 4350
-671 4405
-670 4435
-669 4414
-668 4349
-667 4374
-666 4417
-665 4464
-664 4569
-663 4525
-662 4531
-661 4673
-660 4602
-659 4628
-658 4695
-657 4525
-656 4703
-655 4670
-654 4639
-653 4614
-652 4578
-651 4719
-650 4657
-649 4843
-648 4731
-647 4688
-646 4750
-645 4673
-644 4682
-643 4722
-642 4863
-641 4787
-640 4803
-639 4695
-638 4842
-637 4926
-636 5156
-635 5338
-634 5400
-633 5427
-632 5323
-631 5464
-630 5527
-629 5559
-628 5518
-627 5582
-626 5555
-625 5457
-624 5639
-623 5591
-622 5576
-621 5457
-620 5613
-619 5626
-618 5827
-617 5853
-616 5729
-615 5608
-614 5583
-613 5770
-612 5766
-611 5943
-610 6002
-609 5889
-608 6006
-607 6011
-606 6041
-605 6159
-604 5978
-603 6162
-602 6139
-601 6000
-600 6078
-599 6038
-598 6146
-597 6085
-596 6053
-595 6344
-594 6133
-593 6257
-592 6402
-591 6318
-590 6489
-589 6473
-588 6312
-587 6476
-586 6468
-585 6583
-584 6565
-583 6744
-582 6591
-581 6599
-580 6420
-579 6447
-578 6445
-577 6533
-576 6499
-575 6332
-574 6448
-573 6348
-572 6370
-571 6409
-570 6202
-569 6514
-568 6496
-567 6501
-566 6484
-565 6583
-564 6431
-563 6508
-562 6263
-561 6357
-560 6237
-559 6278
-558 6256
-557 6169
-556 6142
-555 6044
-554 5986
-553 5958
-552 6155
-551 6092
-550 5989
-549 6080
-548 6002
-547 5985
-546 5961
-545 5984
-544 6043
-543 6037
-542 5880
-541 5896
-540 5910
-539 5971
-538 5914
-537 6060
-536 5939
-535 5892
-534 6006
-533 5900
-532 5929
-531 5869
-530 5891
-529 5833
-528 5750
-527 5850
-526 5645
-525 5763
-524 5686
-523 5639
-522 5721
-521 5678
-520 5812
-519 5731
-518 5792
-517 5788
-516 5949
-515 5937
-514 5723
-513 5948
-512 5875
-511 5826
-510 5929
-509 5795
-508 5986
-507 5856
-506 5733
-505 5885
-504 5913
-503 5774
-502 5977
-501 5705
-500 5582
-499 5669
-498 5647
-497 5628
-496 5766
-495 5623
-494 5622
-493 5819
-492 5647
-491 5543
-490 5758
-489 5648
-488 5682
-487 5735
-486 5661
-485 5706
-484 5687
-483 5742
-482 5682
-481 5778
-480 5721
-479 5749
-478 5764
-477 5761
-476 5751
-475 5866
-474 6127
-473 5942
-472 5887
-471 5896
-470 5850
-469 5907
-468 6216
-467 5832
-466 5827
-465 5895
-464 5833
-463 5804
-462 5860
-461 5812
-460 5834
-459 5970
-458 5957
-457 5932
-456 5822
-455 5986
-454 5830
-453 5941
-452 5870
-451 5861
-450 6044
-449 5817
-448 5673
-447 5916
-446 5920
-445 5854
-444 6071
-443 5904
-442 6005
-441 5794
-440 6038
-439 5921
-438 5869
-437 5906
-436 6001
-435 5877
-434 5838
-433 5838
-432 5928
-431 5926
-430 5764
-429 5776
-428 5687
-427 5660
-426 5675
-425 5618
-424 5631
-423 5659
-422 5556
-421 5436
-420 5440
-419 5445
-418 5609
-417 5665
-416 5658
-415 5555
-414 5672
-413 5636
-412 5681
-411 5661
-410 5680
-409 5465
-408 5665
-407 5602
-406 5520
-405 5514
-404 5637
-403 5544
-402 5584
-401 5638
-400 5567
-399 5457
-398 5652
-397 5491
-396 5625
-395 5612
-394 5519
-393 5581
-392 5461
-391 5564
-390 5595
-389 5642
-388 5600
-387 5584
-386 5524
-385 5611
-384 5629
-383 5539
-382 5325
-381 5366
-380 5441
-379 5330
-378 5430
-377 5297
-376 5363
-375 5429
-374 5438
-373 5447
-372 5391
-371 5264
-370 5374
-369 5447
-368 5265
-367 5364
-366 5270
-365 5250
-364 5382
-363 5424
-362 5367
-361 5247
-360 5225
-359 5186
-358 5208
-357 5113
-356 5263
-355 5167
-354 5254
-353 5135
-352 5205
-351 5248
-350 5319
-349 5349
-348 5449
-347 5322
-346 5199
-345 5191
-344 5169
-343 5089
-342 5138
-341 5121
-340 4977
-339 5007
-338 5080
-337 5083
-336 4972
-335 4968
-334 4947
-333 5027
-332 4867
-331 4894
-330 4962
-329 4870
-328 4839
-327 4819
-326 5089
-325 4891
-324 4835
-323 4951
-322 4772
-321 4895
-320 4819
-319 4637
-318 4662
-317 4698
-316 4602
-315 4805
-314 4607
-313 4648
-312 4630
-311 4563
-310 4674
-309 4661
-308 4608
-307 4620
-306 4655
-305 4533
-304 4575
-303 4520
-302 4459
-301 4555
-300 4495
-299 4489
-298 4331
-297 4503
-296 4293
-295 4360
-294 4312
-293 4445
-292 4252
-291 4312
-290 4344
-289 4216
-288 4204
-287 4198
-286 4255
-285 4357
-284 4120
-283 4168
-282 4142
-281 4293
-280 4189
-279 4102
-278 4125
-277 4194
-276 4235
-275 4117
-274 4167
-273 4198
-272 4061
-271 4151
-270 4132
-269 4125
-268 4121
-267 4009
-266 4150
-265 4147
-264 4144
-263 4019
-262 4106
-261 4056
-260 4053
-259 3854
-258 4018
-257 3867
-256 3917
-255 3774
-254 3813
-253 3794
-252 3835
-251 3629
-250 3766
-249 3618
-248 3581
-247 3737
-246 3605
-245 3548
-244 3607
-243 3680
-242 3604
-241 3518
-240 3571
-239 3533
-238 3437
-237 3469
-236 3383
-235 3441
-234 3332
-233 3436
-232 3331
-231 3293
-230 3319
-229 3297
-228 3327
-227 3277
-226 3392
-225 3317
-224 3257
-223 3218
-222 3246
-221 3295
-220 3206
-219 3206
-218 3209
-217 3309
-216 3240
-215 3255
-214 3213
-213 3140
-212 3159
-211 3151
-210 3118
-209 3156
-208 3070
-207 3041
-206 3174
-205 3100
-204 3105
-203 3083
-202 3022
-201 3134
-200 3093
-199 3060
-198 3105
-197 3036
-196 2949
-195 3057
-194 3009
-193 3002
-192 2925
-191 3069
-190 2935
-189 2900
-188 2951
-187 2949
-186 2801
-185 2961
-184 2929
-183 2960
-182 2897
-181 2847
-180 2848
-179 2844
-178 2773
-177 2798
-176 2812
-175 2781
-174 2864
-173 2808
-172 2805
-171 2694
-170 2753
-169 2706
-168 2707
-167 2626
-166 2701
-165 2703
-164 2720
-163 2685
-162 2640
-161 2684
-160 2592
-159 2636
-158 2619
-157 2567
-156 2575
-155 2600
-154 2609
-153 2621
-152 2653
-151 2597
-150 2614
-149 2597
-148 2654
-147 2588
-146 2583
-145 2535
-144 2663
-143 2541
-142 2497
-141 2485
-140 2562
-139 2622
-138 2486
-137 2502
-136 2407
-135 2548
-134 2488
-133 2378
-132 2405
-131 2436
-130 2394
-129 2466
-128 2400
-127 2380
-126 2459
-125 2521
-124 2380
-123 2405
-122 2340
-121 2302
-120 2375
-119 2422
-118 2370
-117 2318
-116 2255
-115 2412
-114 2404
-113 2251
-112 2283
-111 2300
-110 2330
-109 2328
-108 2282
-107 2212
-106 2162
-105 2331
-104 2287
-103 2217
-102 2068
-101 2160
-100 2122
-99 2153
-98 2141
-97 2207
-96 2141
-95 2209
-94 2205
-93 2171
-92 2154
-91 2086
-90 2061
-89 1998
-88 2017
-87 2075
-86 2078
-85 2046
-84 2075
-83 2077
-82 2105
-81 2020
-80 2031
-79 2053
-78 2040
-77 2029
-76 2000
-75 2036
-74 1961
-73 1922
-72 1904
-71 1941
-70 1824
-69 1837
-68 1769
-67 1805
-66 1791
-65 1849
-64 1792
-63 1774
-62 1728
-61 1726
-60 1766
-59 1872
-58 1759
-57 1810
-56 1709
-55 1741
-54 1723
-53 1699
-52 1718
-51 1685
-50 1698
-49 1631
-48 1759
-47 1628
-46 1691
-45 1500
-44 1665
-43 1623
-42 1615
-41 1568
-40 1575
-39 1618
-38 1538
-37 1562
-36 1599
-35 1528
-34 1573
-33 1444
-32 1512
-31 1428
-30 1505
-29 1545
-28 1516
-27 1442
-26 1467
-25 1460
-24 1448
-23 1425
-22 1414
-21 1408
-20 1479
-19 1401
-18 1367
-17 1403
-16 1368
-15 1376
-14 1379
-13 1374
-12 1401
-11 1312
-10 1388
-9 1291
-8 1318
-7 1314
-6 1295
-5 1330
-4 1276
-3 1303
-2 1295
-1 1271
0 1275
1 1199
2 1306
3 1253
4 1322
5 1227
6 1224
7 1194
8 1231
9 1169
10 1202
11 1225
12 1182
13 1190
14 1153
15 1217
16 1185
17 1185
18 1128
19 1175
20 1220
21 1126
22 1048
23 1183
24 1202
25 1184
26 1188
27 1105
28 1117
29 1140
30 1095
31 1126
32 1148
33 1110
34 1101
35 1032
36 1068
37 1054
38 1016
39 1038
40 1089
41 1009
42 1047
43 1021
44 976
45 1018
46 1009
47 989
48 1010
49 1012
50 985
51 918
52 950
53 949
54 1002
55 957
56 963
57 990
58 932
59 923
60 927
61 914
62 929
63 877
64 878
65 932
66 875
67 863
68 886
69 844
70 920
71 923
72 812
73 859
74 879
75 912
76 845
77 824
78 861
79 849
80 881
81 829
82 842
83 817
84 821
85 814
86 774
87 742
88 759
89 774
90 762
91 789
92 806
93 799
94 742
95 785
96 756
97 750
98 751
99 723
100 717
101 722
102 691
103 706
104 757
105 756
106 675
107 698
108 693
109 661
110 692
111 699
112 664
113 652
114 651
115 661
116 674
117 650
118 713
119 685
120 609
121 629
122 594
123 592
124 617
125 664
126 668
127 656
128 617
129 683
130 638
131 610
132 635
133 570
134 596
135 609
136 604
137 600
138 552
139 559
140 541
141 537
142 545
143 557
144 554
145 534
146 507
147 516
148 544
149 516
150 486
151 529
152 530
153 528
154 507
155 504
156 449
157 454
158 485
159 528
160 484
161 438
162 431
163 496
164 456
165 428
166 432
167 460
168 442
169 484
170 439
171 448
172 413
173 441
174 443
175 441
176 404
177 436
178 429
179 409
180 391
181 395
182 379
183 431
184 410
185 331
186 386
187 391
188 408
189 409
190 402
191 366
192 379
193 351
194 386
195 379
196 348
197 383
198 352
199 384
200 360
201 343
202 353
203 343
204 348
205 338
206 347
207 326
208 350
209 346
210 334
211 304
212 300
213 317
214 315
215 324
216 305
217 312
218 295
219 332
220 264
221 338
222 334
223 308
224 298
225 309
226 286
227 307
228 286
229 277
230 288
231 268
232 299
233 294
234 285
235 308
236 269
237 275
238 285
239 256
240 255
241 255
242 274
243 242
244 274
245 260
246 240
247 267
248 251
249 246
250 264
251 260
252 224
253 245
254 251
255 251
256 243
257 237
258 237
259 205
260 262
261 253
262 227
263 222
264 242
265 210
266 210
267 224
268 239
269 240
270 204
271 254
272 206
273 233
274 183
275 210
276 214
277 211
278 212
279 197
280 201
281 207
282 200
283 218
284 199
285 200
286 212
287 211
288 201
289 192
290 176
291 190
292 222
293 185
294 183
295 178
296 170
297 210
298 177
299 196
300 181
301 165
302 166
303 175
304 183
305 161
306 169
307 187
308 186
309 167
310 184
311 165
312 168
313 164
314 179
315 148
316 155
317 168
318 134
319 175
320 186
321 167
322 155
323 156
324 159
325 120
326 172
327 155
328 166
329 168
330 132
331 149
332 171
333 143
334 156
335 142
336 162
337 139
338 147
339 136
340 138
341 139
342 140
343 149
344 145
345 154
346 148
347 135
348 141
349 170
350 122
351 136
352 147
353 125
354 136
355 127
356 123
357 120
358 135
359 122
360 122
361 119
362 112
363 129
364 96
365 138
366 106
367 111
368 98
369 118
370 131
371 105
372 119
373 104
374 105
375 113
376 107
377 120
378 115
379 104
380 125
381 97
382 109
383 115
384 107
385 115
386 114
387 111
388 88
389 105
390 84
391 100
392 119
393 90
394 118
395 112
396 110
397 106
398 95
399 88
400 109
401 103
402 103
403 102
404 87
405 77
406 89
407 94
408 103
409 78
410 89
411 88
412 107
413 90
414 104
415 107
416 91
417 88
418 100
419 98
420 91
421 108
422 85
423 95
424 76
425 87
426 86
427 91
428 98
429 99
430 91
431 90
432 101
433 99
434 105
435 87
436 94
437 92
438 91
439 108
440 102
441 109
442 112
443 97
444 87
445 99
446 91
447 95
448 107
449 116
450 87
451 108
452 94
453 103
454 112
455 96
456 86
457 82
458 107
459 127
460 103
461 107
462 84
463 142
464 129
465 125
466 105
467 106
468 117
469 106
470 93
471 115
472 116
473 112
474 108
475 102
476 114
477 114
478 110
479 116
480 124
481 106
482 114
483 104
484 82
485 122
486 101
487 124
488 112
489 116
490 111
491 98
492 110
493 114
494 116
495 124
496 102
497 135
498 109
499 101
500 110
501 102
502 102
503 103
504 103
505 95
506 111
507 103
508 121
509 107
510 103
511 100
512 123
513 116
514 102
515 111
516 106
517 115
518 106
519 128
520 107
521 106
522 101
523 110
524 118
525 99
526 102
527 129
528 114
529 111
530 122
531 117
532 108
533 104
534 103
535 112
536 125
537 115
538 119
539 124
540 127
541 133
542 117
543 104
544 131
545 135
546 122
547 122
548 132
549 129
550 130
551 140
552 122
553 149
554 144
555 119
556 135
557 123
558 124
559 138
560 138
561 130
562 134
563 104
564 138
565 126
566 142
567 118
568 137
569 126
570 127
571 126
572 130
573 117
574 131
575 127
576 121
577 122
578 130
579 126
580 128
581 129
582 156
583 133
584 157
585 146
586 134
587 166
588 145
589 150
590 163
591 125
592 147
593 129
594 152
595 122
596 129
597 125
598 132
599 147
600 157
601 135
602 125
603 146
604 130
605 144
606 136
607 128
608 126
609 139
610 151
611 144
612 138
613 137
614 131
615 124
616 127
617 137
618 136
619 149
620 115
621 144
622 150
623 133
624 130
625 135
626 127
627 111
628 124
629 133
630 146
631 132
632 166
633 130
634 112
635 147
636 127
637 128
638 107
639 126
640 104
641 109
642 144
643 117
644 127
645 116
646 128
647 132
648 144
649 128
650 119
651 134
652 133
653 98
654 112
655 107
656 139
657 106
658 125
659 118
660 135
661 127
662 127
663 114
664 117
665 142
666 111
667 120
668 119
669 104
670 108
671 114
672 128
673 120
674 94
675 116
676 121
677 115
678 114
679 114
680 114
681 102
682 117
683 110
684 108
685 124
686 113
687 111
688 105
689 109
690 103
691 101
692 108
693 115
694 112
695 123
696 99
697 107
698 112
699 103
700 103
701 108
702 113
703 111
704 94
705 111
706 94
707 109
708 110
709 99
710 95
711 94
712 97
713 117
714 105
715 104
716 91
717 111
718 103
719 99
720 99
721 96
722 107
723 117
724 109
725 101
726 97
727 114
728 96
729 91
730 85
731 105
732 103
733 83
734 104
735 84
736 93
737 88
738 95
739 107
740 89
741 91
742 96
743 96
744 101
745 80
746 92
747 84
748 94
749 90
750 112
751 81
752 88
753 97
754 101
755 96
756 101
757 93
758 85
759 97
760 86
761 93
762 78
763 87
764 85
765 94
766 83
767 90
768 85
769 94
770 87
771 101
772 87
773 82
774 81
775 84
776 87
777 90
778 90
779 79
780 88
781 93
782 89
783 83
784 92
785 87
786 82
787 75
788 89
789 95
790 72
791 78
792 83
793 75
794 85
795 89
796 90
797 81
798 87
799 81
800 79
801 94
802 72
803 95
804 65
805 74
806 74
807 85
808 87
809 83
810 89
811 74
812 67
813 95
814 81
815 65
816 65
817 76
818 59
819 83
820 72
821 70
822 79
823 85
824 82
825 71
826 67
827 73
828 78
829 63
830 82
831 71
832 58
833 84
834 66
835 75
836 75
837 80
838 74
839 74
840 72
841 67
842 66
843 68
844 64
845 67
846 69
847 68
848 65
849 69
850 66
851 73
852 72
853 64
854 66
855 52
856 58
857 77
858 73
859 59
860 60
861 69
862 61
863 53
864 73
865 60
866 57
867 71
868 60
869 64
870 83
871 62
872 68
873 62
874 58
875 59
876 67
877 53
878 57
879 56
880 50
881 51
882 52
883 67
884 64
885 70
886 50
887 57
888 68
889 53
890 57
891 60
892 51
893 54
894 65
895 64
896 67
897 54
898 50
899 53
900 61
901 47
902 46
903 54
904 58
905 57
906 50
907 46
908 50
909 70
910 67
911 42
912 43
913 55
914 51
915 45
916 54
917 42
918 59
919 49
920 55
921 38
922 43
923 41
924 52
925 49
926 45
927 60
928 48
929 31
930 47
931 48
932 47
933 41
934 44
935 48
936 47
937 34
938 53
939 47
940 37
941 51
942 29
943 45
944 38
945 43
946 32
947 36
948 39
949 37
950 48
951 48
952 42
953 42
954 33
955 39
956 35
957 26
958 47
959 51
960 37
961 33
962 47
963 36
964 30
965 32
966 40
967 41
968 36
969 52
970 41
971 31
972 37
973 29
974 33
975 28
976 24
977 34
978 24
979 27
980 44
981 55
982 34
983 41
984 37
985 27
986 30
987 32
988 33
989 42
990 47
991 16
992 43
993 28
994 30
995 34
996 36
997 38
998 28
999 33
1000 44
1001 30
1002 25
1003 27
1004 37
1005 34
1006 26
1007 34
1008 32
1009 36
1010 22
1011 29
1012 29
1013 34
1014 32
1015 39
1016 33
1017 26
1018 33
1019 31
1020 24
1021 30
1022 20
1023 37
1024 29
1025 29
1026 25
1027 31
1028 29
1029 29
1030 20
1031 18
1032 18
1033 25
1034 18
1035 22
1036 36
1037 38
1038 22
1039 24
1040 25
1041 21
1042 20
1043 16
1044 22
1045 23
1046 21
1047 22
1048 28
1049 15
1050 18
1051 13
1052 21
1053 21
1054 14
1055 19
1056 21
1057 18
1058 26
1059 17
1060 19
1061 12
1062 23
1063 16
1064 18
1065 21
1066 12
1067 18
1068 19
1069 28
1070 24
1071 15
1072 18
1073 25
1074 17
1075 16
1076 19
1077 20
1078 11
1079 22
1080 15
1081 20
1082 17
1083 16
1084 19
1085 12
1086 18
1087 11
1088 10
1089 12
1090 14
1091 16
1092 17
1093 12
1094 15
1095 15
1096 10
1097 15
1098 12
1099 14
1100 18
1101 14
1102 14
1103 20
1104 10
1105 12
1106 15
1107 13
1108 20
1109 10
1110 19
1111 12
1112 11
1113 15
1114 9
1115 18
1116 10
1117 21
1118 14
1119 21
1120 13
1121 22
1122 10
1123 10
1124 9
1125 10
1126 11
1127 8
1128 12
1129 4
1130 17
1131 6
1132 17
1133 10
1134 11
1135 17
1136 12
1137 4
1138 12
1139 9
1140 15
1141 12
1142 18
1143 9
1144 13
1145 17
1146 13
1147 12
1148 9
1149 9
1150 6
1151 12
1152 11
1153 9
1154 12
1155 9
1156 13
1157 10
1158 8
1159 11
1160 10
1161 8
1162 6
1163 9
1164 13
1165 17
1166 15
1167 9
1168 8
1169 6
1170 14
1171 12
1172 13
1173 8
1174 12
1175 13
1176 10
1177 11
1178 10
1179 8
1180 8
1181 15
1182 8
1183 8
1184 4
1185 8
1186 10
1187 8
1188 13
1189 12
1190 8
1191 10
1192 7
1193 5
1194 11
1195 8
1196 5
1197 4
1198 3
1199 8
1200 6
1201 16
1202 11
1203 6
1204 2
1205 5
1206 8
1207 5
1208 10
1209 9
1210 4
1211 10
1212 6
1213 5
1214 4
1215 4
1216 10
1217 7
1218 8
1219 5
1220 5
1221 11
1222 8
1223 1
1224 1
1225 12
1227 6
1228 9
1229 6
1230 4
1231 4
1232 6
1233 6
1234 10
1235 6
1236 6
1237 2
1238 6
1239 5
1240 7
1241 5
1242 9
1243 6
1244 10
1245 8
1246 4
1247 3
1248 4
1249 7
1250 4
1251 5
1252 5
1253 3
1254 5
1255 4
1256 5
1257 3
1258 2
1259 2
1260 6
1261 1
1262 4
1263 4
1264 2
1265 3
1266 5
1267 1
1268 8
1269 4
1270 3
1271 2
1272 5
1273 3
1274 2
1275 5
1276 4
1277 2
1278 3
1279 5
1280 2
1281 4
1282 5
1283 3
1284 4
1285 1
1286 8
1287 7
1288 2
1289 2
1290 5
1291 5
1292 4
1293 2
1294 4
1295 5
1296 2
1297 6
1298 4
1299 1
1300 5
1301 2
1302 4
1304 1
1305 4
1306 2
1307 3
1308 3
1309 1
1310 4
1311 1
1312 2
1313 1
1314 2
1315 3
1316 3
1317 1
1318 1
1320 1
1321 5
1322 2
1323 4
1324 3
1325 1
1326 1
1327 1
1328 2
1329 1
1330 4
1331 1
1332 1
1333 3
1334 5
1336 4
1337 5
1338 4
1341 1
1343 2
1344 2
1345 2
1346 5
1347 1
1348 1
1349 1
1350 6
1352 1
1353 1
1354 2
1355 1
1356 3
1357 1
1358 1
1359 1
1360 1
1361 1
1362 2
1365 3
1366 1
1367 1
1368 2
1369 1
1370 2
1371 3
1374 1
1375 1
1376 2
1378 2
1383 2
1385 1
1386 4
1387 3
1389 1
1390 2
1392 3
1393 2
1394 1
1399 1
1403 1
1404 2
1405 2
1407 1
1408 2
1409 3
1411 1
1415 2
1416 3
1417 1
1418 1
1419 2
1422 2
1423 2
1424 5
1425 1
1426 2
1428 2
1433 1
1437 1
1442 2
1443 1
1444 2
1447 2
1448 1
1449 1
1455 2
1460 1
1463 1
1465 1
1466 1
1469 1
1474 1
1475 1
1476 1
1477 1
1484 1
1486 1
1492 1
1502 1
1513 1
1521 1
1524 1
1530 1
1532 1
1536 1
1540 1
1607 1
