72 34
73 201
74 522
75 876
76 847
77 772
78 812
79 845
80 889
81 859
82 920
83 1135
84 1437
85 1525
86 1702
87 1887
88 1722
89 1692
90 1651
91 1911
92 2101
93 2109
94 2338
95 2533
96 2846
97 2978
98 3111
99 3085
100 3249
101 3338
102 3297
103 3177
104 3351
105 3157
106 2952
107 3020
108 3147
109 3300
110 3176
111 3349
112 3523
113 3647
114 3558
115 3715
116 3651
117 3632
118 3533
119 3483
120 3645
121 3718
122 3685
123 3981
124 3932
125 3701
126 3811
127 3885
128 3921
129 4053
130 4329
131 4368
132 4623
133 4851
134 5143
135 5127
136 5398
137 5823
138 5889
139 6226
140 6337
141 6612
142 6810
143 6661
144 6534
145 6609
146 6455
147 6236
148 6235
149 6263
150 6724
151 7139
152 7691
153 7940
154 8112
155 8369
156 8899
157 9278
158 9445
159 9674
160 9604
161 9474
162 9549
163 9655
164 9463
165 9298
166 9213
167 9257
168 9124
169 9161
170 8809
171 9032
172 9099
173 9347
174 9486
175 9360
176 9643
177 9855
178 9892
179 10386
180 10862
181 11105
182 11532
183 11694
184 11849
185 12312
186 12666
187 13140
188 13444
189 13683
190 13864
191 14212
192 14368
193 14046
194 13784
195 13439
196 13594
197 13564
198 13426
199 13672
200 13771
201 13611
202 13830
203 14198
204 13716
205 13638
206 14009
207 13815
208 13940
209 13837
210 13785
211 13851
212 13858
213 13888
214 13621
215 13568
216 13510
217 13727
218 13497
219 13326
220 13347
221 13346
222 13029
223 13096
224 13065
225 13325
226 13522
227 13706
228 13548
229 13607
230 13708
231 13756
232 14027
233 13828
234 13992
235 14377
236 14452
237 14478
238 14588
239 14480
240 14215
241 14237
242 14171
243 14184
244 14198
245 14102
246 14110
247 13928
248 13892
249 13774
250 13759
251 13793
252 13441
253 13311
254 13370
255 13393
256 13462
257 13166
258 13267
259 13313
260 13254
261 13478
262 13177
263 13079
264 13087
265 12829
266 13290
267 13134
268 12997
269 13046
270 12908
271 12628
272 12640
273 12349
274 12514
275 12391
276 12262
277 12338
278 12152
279 11736
280 11721
281 11642
282 11530
283 11542
284 11173
285 11198
286 10978
287 10983
288 11107
289 10700
290 10829
291 10944
292 10927
293 10897
294 10929
295 10679
296 10844
297 10695
298 10655
299 10620
300 10623
301 10420
302 10505
303 10368
304 10427
305 10143
306 9801
307 9865
308 9900
309 9814
310 9722
311 9656
312 9428
313 9547
314 9622
315 9422
316 9258
317 9207
318 9328
319 9171
320 9097
321 8836
322 8857
323 8879
324 8788
325 8619
326 8692
327 8492
328 8256
329 8219
330 8248
331 8007
332 7898
333 7955
334 7975
335 7940
336 7953
337 7962
338 8037
339 7977
340 7992
341 7972
342 7726
343 7866
344 7643
345 7580
346 7541
347 7547
348 7406
349 7298
350 7263
351 7284
352 7371
353 7090
354 7338
355 7028
356 7070
357 6883
358 7023
359 6813
360 6806
361 6880
362 6918
363 6721
364 6787
365 6706
366 6702
367 6504
368 6537
369 6517
370 6413
371 6247
372 6373
373 6151
374 6091
375 6097
376 6095
377 6054
378 6029
379 5908
380 5826
381 5904
382 5825
383 5737
384 5769
385 5609
386 5597
387 5643
388 5500
389 5647
390 5717
391 5576
392 5492
393 5462
394 5440
395 5334
396 5498
397 5376
398 5314
399 5349
400 5478
401 5343
402 5314
403 5141
404 5206
405 5141
406 5050
407 4993
408 4918
409 5053
410 4996
411 4954
412 4987
413 5027
414 5192
415 4914
416 4991
417 5017
418 5073
419 4965
420 5067
421 4981
422 4923
423 5044
424 5005
425 4941
426 4904
427 4799
428 4903
429 4727
430 4775
431 4703
432 4609
433 4451
434 4563
435 4612
436 4431
437 4522
438 4480
439 4508
440 4331
441 4237
442 4355
443 4287
444 4299
445 4154
446 4212
447 4150
448 4124
449 4055
450 4085
451 4017
452 4124
453 4075
454 4050
455 3969
456 3969
457 3963
458 3827
459 3866
460 3896
461 3823
462 3907
463 3753
464 3761
465 3675
466 3647
467 3715
468 3617
469 3588
470 3540
471 3592
472 3375
473 3498
474 3308
475 3515
476 3412
477 3397
478 3354
479 3256
480 3238
481 3238
482 3291
483 3292
484 3199
485 3226
486 3207
487 3167
488 3155
489 3166
490 3207
491 3104
492 3090
493 3168
494 3046
495 3028
496 2937
497 3012
498 3067
499 2998
500 3065
501 2977
502 2989
503 2920
504 2981
505 2963
506 2958
507 2937
508 2992
509 2959
510 3001
511 2852
512 2891
513 2859
514 2920
515 2855
516 2871
517 2829
518 2877
519 2852
520 2796
521 2854
522 2785
523 2773
524 2679
525 2706
526 2692
527 2670
528 2752
529 2631
530 2766
531 2626
532 2657
533 2634
534 2598
535 2556
536 2532
537 2571
538 2638
539 2617
540 2649
541 2580
542 2546
543 2579
544 2561
545 2514
546 2629
547 2663
548 2525
549 2420
550 2404
551 2453
552 2488
553 2479
554 2397
555 2462
556 2508
557 2338
558 2452
559 2349
560 2382
561 2274
562 2322
563 2336
564 2356
565 2349
566 2275
567 2328
568 2202
569 2208
570 2196
571 2263
572 2307
573 2231
574 2197
575 2151
576 2177
577 2077
578 2159
579 2149
580 2114
581 2224
582 2148
583 2111
584 2155
585 2169
586 1977
587 2126
588 2126
589 2062
590 2122
591 2102
592 2071
593 1989
594 2000
595 1982
596 1958
597 1979
598 1879
599 1926
600 1921
601 1881
602 1973
603 1905
604 1908
605 1779
606 1880
607 1860
608 1824
609 1829
610 1933
611 1887
612 1818
613 1856
614 1748
615 1751
616 1758
617 1748
618 1762
619 1760
620 1676
621 1713
622 1663
623 1698
624 1645
625 1654
626 1659
627 1595
628 1652
629 1623
630 1594
631 1626
632 1565
633 1638
634 1566
635 1645
636 1519
637 1493
638 1524
639 1522
640 1497
641 1522
642 1532
643 1532
644 1541
645 1455
646 1526
647 1451
648 1432
649 1435
650 1448
651 1469
652 1457
653 1402
654 1382
655 1381
656 1357
657 1372
658 1395
659 1381
660 1405
661 1344
662 1337
663 1312
664 1296
665 1267
666 1365
667 1338
668 1289
669 1303
670 1328
671 1357
672 1290
673 1302
674 1182
675 1213
676 1223
677 1271
678 1222
679 1253
680 1158
681 1203
682 1198
683 1237
684 1222
685 1208
686 1196
687 1198
688 1122
689 1123
690 1151
691 1135
692 1185
693 1184
694 1121
695 1069
696 1178
697 1082
698 1117
699 1158
700 1080
701 1115
702 1077
703 997
704 1075
705 1092
706 1087
707 1069
708 1099
709 1082
710 1000
711 1059
712 1068
713 1091
714 1052
715 1061
716 1023
717 1012
718 1062
719 1079
720 1041
721 999
722 1001
723 995
724 1013
725 967
726 980
727 973
728 932
729 918
730 951
731 969
732 923
733 913
734 923
735 922
736 948
737 953
738 876
739 973
740 901
741 891
742 914
743 874
744 899
745 914
746 916
747 908
748 906
749 888
750 859
751 930
752 848
753 860
754 885
755 883
756 851
757 864
758 831
759 855
760 894
761 891
762 846
763 848
764 825
765 808
766 876
767 812
768 808
769 830
770 805
771 781
772 808
773 801
774 843
775 795
776 764
777 801
778 794
779 763
780 737
781 849
782 743
783 799
784 809
785 754
786 733
787 810
788 711
789 785
790 729
791 741
792 733
793 740
794 730
795 749
796 727
797 701
798 758
799 728
800 725
801 702
802 708
803 698
804 697
805 695
806 690
807 673
808 703
809 673
810 677
811 670
812 677
813 708
814 667
815 713
816 699
817 681
818 666
819 723
820 648
821 656
822 724
823 633
824 613
825 626
826 650
827 586
828 643
829 621
830 623
831 612
832 619
833 638
834 650
835 634
836 586
837 564
838 628
839 595
840 594
841 639
842 630
843 587
844 654
845 582
846 589
847 558
848 586
849 586
850 608
851 601
852 554
853 608
854 607
855 567
856 560
857 588
858 600
859 584
860 559
861 598
862 572
863 573
864 586
865 514
866 520
867 584
868 525
869 563
870 493
871 492
872 577
873 527
874 487
875 544
876 504
877 537
878 519
879 535
880 526
881 504
882 491
883 479
884 509
885 506
886 484
887 504
888 491
889 497
890 507
891 499
892 457
893 487
894 477
895 450
896 492
897 465
898 471
899 514
900 466
901 480
902 474
903 475
904 545
905 484
906 456
907 472
908 472
909 442
910 448
911 474
912 478
913 437
914 446
915 464
916 440
917 456
918 404
919 439
920 468
921 461
922 449
923 473
924 406
925 468
926 454
927 441
928 417
929 406
930 446
931 438
932 460
933 420
934 401
935 405
936 397
937 415
938 416
939 432
940 452
941 434
942 433
943 400
944 421
945 439
946 403
947 407
948 447
949 382
950 392
951 453
952 428
953 401
954 425
955 412
956 407
957 390
958 371
959 412
960 429
961 390
962 422
963 372
964 384
965 366
966 359
967 394
968 391
969 368
970 369
971 368
972 421
973 365
974 388
975 379
976 399
977 374
978 384
979 365
980 373
981 342
982 394
983 353
984 374
985 365
986 371
987 336
988 379
989 357
990 312
991 371
992 329
993 355
994 352
995 326
996 329
997 348
998 337
999 344
1000 330
1001 348
1002 356
1003 332
1004 339
1005 365
1006 349
1007 321
1008 378
1009 333
1010 326
1011 313
1012 309
1013 338
1014 313
1015 346
1016 305
1017 322
1018 344
1019 327
1020 346
1021 293
1022 346
1023 298
1024 341
1025 312
1026 322
1027 297
1028 314
1029 328
1030 293
1031 329
1032 327
1033 290
1034 322
1035 290
1036 302
1037 335
1038 299
1039 294
1040 316
1041 295
1042 300
1043 301
1044 276
1045 315
1046 302
1047 301
1048 278
1049 278
1050 284
1051 275
1052 263
1053 273
1054 311
1055 293
1056 285
1057 261
1058 302
1059 270
1060 286
1061 297
1062 281
1063 287
1064 282
1065 277
1066 299
1067 294
1068 292
1069 259
1070 265
1071 310
1072 268
1073 270
1074 266
1075 269
1076 314
1077 255
1078 294
1079 293
1080 267
1081 285
1082 246
1083 260
1084 263
1085 281
1086 257
1087 253
1088 281
1089 241
1090 275
1091 267
1092 269
1093 257
1094 259
1095 263
1096 290
1097 257
1098 252
1099 264
1100 289
1101 232
1102 267
1103 258
1104 257
1105 216
1106 285
1107 220
1108 237
1109 262
1110 269
1111 228
1112 232
1113 238
1114 227
1115 224
1116 255
1117 243
1118 247
1119 253
1120 243
1121 254
1122 257
1123 237
1124 234
1125 254
1126 210
1127 234
1128 223
1129 236
1130 232
1131 225
1132 214
1133 229
1134 227
1135 234
1136 215
1137 214
1138 239
1139 227
1140 222
1141 249
1142 226
1143 262
1144 219
1145 204
1146 227
1147 219
1148 220
1149 212
1150 200
1151 247
1152 213
1153 224
1154 198
1155 192
1156 200
1157 219
1158 211
1159 207
1160 216
1161 214
1162 199
1163 216
1164 230
1165 189
1166 193
1167 217
1168 185
1169 186
1170 205
1171 220
1172 208
1173 207
1174 191
1175 191
1176 239
1177 205
1178 190
1179 205
1180 187
1181 202
1182 196
1183 177
1184 197
1185 200
1186 166
1187 187
1188 205
1189 185
1190 208
1191 178
1192 189
1193 204
1194 179
1195 203
1196 181
1197 201
1198 189
1199 211
1200 172
1201 189
1202 190
1203 191
1204 190
1205 191
1206 195
1207 173
1208 197
1209 170
1210 161
1211 175
1212 159
1213 162
1214 187
1215 198
1216 170
1217 186
1218 186
1219 171
1220 180
1221 196
1222 150
1223 184
1224 174
1225 175
1226 153
1227 172
1228 186
1229 182
1230 168
1231 177
1232 146
1233 167
1234 186
1235 172
1236 181
1237 193
1238 180
1239 181
1240 164
1241 171
1242 188
1243 171
1244 158
1245 158
1246 173
1247 154
1248 166
1249 171
1250 165
1251 179
1252 167
1253 166
1254 162
1255 156
1256 160
1257 168
1258 150
1259 195
1260 151
1261 165
1262 165
1263 152
1264 158
1265 149
1266 146
1267 161
1268 169
1269 169
1270 152
1271 163
1272 151
1273 164
1274 140
1275 147
1276 133
1277 163
1278 162
1279 144
1280 151
1281 167
1282 156
1283 145
1284 151
1285 169
1286 141
1287 154
1288 159
1289 128
1290 124
1291 126
1292 153
1293 134
1294 135
1295 141
1296 142
1297 151
1298 154
1299 140
1300 169
1301 139
1302 138
1303 140
1304 137
1305 130
1306 130
1307 158
1308 137
1309 126
1310 138
1311 150
1312 129
1313 169
1314 144
1315 147
1316 140
1317 147
1318 154
1319 127
1320 163
1321 145
1322 115
1323 154
1324 142
1325 132
1326 127
1327 128
1328 126
1329 125
1330 142
1331 132
1332 115
1333 130
1334 103
1335 121
1336 136
1337 120
1338 128
1339 136
1340 158
1341 129
1342 145
1343 128
1344 125
1345 118
1346 135
1347 123
1348 120
1349 144
1350 147
1351 117
1352 121
1353 135
1354 130
1355 102
1356 113
1357 131
1358 121
1359 139
1360 115
1361 125
1362 145
1363 123
1364 131
1365 130
1366 132
1367 104
1368 127
1369 117
1370 120
1371 116
1372 112
1373 103
1374 118
1375 127
1376 130
1377 118
1378 124
1379 122
1380 136
1381 103
1382 104
1383 118
1384 101
1385 103
1386 112
1387 107
1388 119
1389 115
1390 101
1391 118
1392 103
1393 114
1394 98
1395 124
1396 125
1397 98
1398 122
1399 95
1400 92
1401 102
1402 106
1403 118
1404 119
1405 112
1406 109
1407 89
1408 106
1409 94
1410 117
1411 117
1412 94
1413 94
1414 101
1415 94
1416 94
1417 101
1418 118
1419 103
1420 126
1421 102
1422 113
1423 95
1424 89
1425 92
1426 109
1427 108
1428 110
1429 130
1430 112
1431 100
1432 114
1433 97
1434 102
1435 106
1436 100
1437 91
1438 96
1439 101
1440 114
1441 92
1442 97
1443 89
1444 91
1445 108
1446 93
1447 104
1448 112
1449 114
1450 110
1451 98
1452 98
1453 109
1454 94
1455 123
1456 115
1457 106
1458 106
1459 103
1460 96
1461 93
1462 111
1463 94
1464 123
1465 109
1466 118
1467 97
1468 83
1469 99
1470 107
1471 94
1472 98
1473 105
1474 92
1475 96
1476 104
1477 91
1478 96
1479 82
1480 88
1481 89
1482 76
1483 107
1484 93
1485 115
1486 83
1487 70
1488 120
1489 88
1490 99
1491 103
1492 87
1493 101
1494 80
1495 90
1496 107
1497 85
1498 87
1499 84
1500 81
1501 101
1502 86
1503 80
1504 105
1505 68
1506 69
1507 83
1508 82
1509 98
1510 91
1511 85
1512 80
1513 90
1514 80
1515 81
1516 84
1517 71
1518 87
1519 101
1520 83
1521 84
1522 85
1523 72
1524 109
1525 88
1526 81
1527 95
1528 78
1529 77
1530 92
1531 78
1532 76
1533 83
1534 87
1535 82
1536 90
1537 88
1538 75
1539 65
1540 80
1541 65
1542 97
1543 73
1544 96
1545 85
1546 84
1547 77
1548 91
1549 88
1550 92
1551 84
1552 75
1553 94
1554 82
1555 81
1556 92
1557 76
1558 75
1559 86
1560 76
1561 89
1562 72
1563 67
1564 83
1565 75
1566 74
1567 68
1568 92
1569 79
1570 98
1571 68
1572 61
1573 81
1574 76
1575 81
1576 84
1577 80
1578 70
1579 59
1580 69
1581 79
1582 66
1583 83
1584 74
1585 80
1586 67
1587 79
1588 75
1589 71
1590 82
1591 71
1592 94
1593 71
1594 90
1595 81
1596 60
1597 74
1598 77
1599 84
1600 78
1601 70
1602 64
1603 80
1604 74
1605 70
1606 91
1607 78
1608 55
1609 70
1610 81
1611 76
1612 83
1613 81
1614 71
1615 78
1616 67
1617 63
1618 78
1619 63
1620 82
1621 87
1622 77
1623 82
1624 79
1625 62
1626 70
1627 69
1628 55
1629 64
1630 72
1631 65
1632 72
1633 68
1634 76
1635 79
1636 62
1637 63
1638 71
1639 70
1640 77
1641 81
1642 70
1643 62
1644 59
1645 57
1646 69
1647 76
1648 79
1649 57
1650 65
1651 88
1652 57
1653 69
1654 63
1655 79
1656 75
1657 65
1658 62
1659 57
1660 71
1661 49
1662 76
1663 58
1664 86
1665 69
1666 65
1667 59
1668 78
1669 60
1670 55
1671 73
1672 70
1673 68
1674 61
1675 65
1676 55
1677 65
1678 73
1679 64
1680 56
1681 61
1682 51
1683 65
1684 59
1685 70
1686 63
1687 61
1688 51
1689 57
1690 56
1691 49
1692 54
1693 70
1694 68
1695 80
1696 62
1697 71
1698 55
1699 59
1700 70
1701 61
1702 54
1703 69
1704 68
1705 62
1706 60
1707 54
1708 53
1709 67
1710 60
1711 57
1712 57
1713 67
1714 61
1715 58
1716 60
1717 73
1718 62
1719 53
1720 61
1721 53
1722 55
1723 67
1724 65
1725 58
1726 64
1727 61
1728 54
1729 57
1730 62
1731 61
1732 63
1733 46
1734 56
1735 61
1736 53
1737 60
1738 74
1739 59
1740 62
1741 64
1742 47
1743 63
1744 43
1745 67
1746 52
1747 60
1748 46
1749 50
1750 47
1751 45
1752 54
1753 49
1754 39
1755 64
1756 53
1757 63
1758 53
1759 50
1760 56
1761 65
1762 59
1763 60
1764 70
1765 55
1766 51
1767 49
1768 51
1769 53
1770 40
1771 52
1772 50
1773 52
1774 57
1775 53
1776 57
1777 63
1778 67
1779 62
1780 64
1781 59
1782 55
1783 60
1784 56
1785 59
1786 51
1787 56
1788 51
1789 50
1790 53
1791 58
1792 54
1793 56
1794 53
1795 64
1796 46
1797 47
1798 54
1799 42
1800 56
1801 49
1802 53
1803 59
1804 57
1805 42
1806 43
1807 55
1808 44
1809 39
1810 45
1811 42
1812 46
1813 46
1814 42
1815 41
1816 59
1817 54
1818 44
1819 59
1820 54
1821 55
1822 46
1823 54
1824 58
1825 61
1826 57
1827 46
1828 63
1829 61
1830 55
1831 43
1832 46
1833 44
1834 41
1835 44
1836 48
1837 52
1838 61
1839 50
1840 48
1841 56
1842 44
1843 48
1844 51
1845 44
1846 51
1847 44
1848 61
1849 40
1850 59
1851 43
1852 54
1853 47
1854 46
1855 59
1856 52
1857 54
1858 50
1859 49
1860 35
1861 52
1862 56
1863 48
1864 44
1865 44
1866 43
1867 55
1868 44
1869 47
1870 50
1871 55
1872 46
1873 44
1874 50
1875 49
1876 52
1877 36
1878 41
1879 49
1880 54
1881 44
1882 55
1883 46
1884 45
1885 51
1886 60
1887 48
1888 53
1889 36
1890 33
1891 33
1892 39
1893 49
1894 49
1895 39
1896 49
1897 59
1898 36
1899 47
1900 39
1901 34
1902 55
1903 40
1904 45
1905 33
1906 50
1907 38
1908 48
1909 43
1910 48
1911 48
1912 44
1913 46
1914 44
1915 32
1916 45
1917 39
1918 40
1919 43
1920 48
1921 52
1922 47
1923 47
1924 47
1925 48
1926 43
1927 40
1928 39
1929 33
1930 44
1931 37
1932 50
1933 37
1934 45
1935 32
1936 40
1937 34
1938 44
1939 35
1940 42
1941 54
1942 43
1943 42
1944 35
1945 46
1946 50
1947 43
1948 44
1949 50
1950 35
1951 38
1952 50
1953 35
1954 46
1955 38
1956 54
1957 38
1958 44
1959 38
1960 38
1961 27
1962 41
1963 38
1964 28
1965 48
1966 48
1967 33
1968 42
1969 35
1970 36
1971 38
1972 29
1973 37
1974 34
1975 41
1976 46
1977 21
1978 41
1979 41
1980 30
1981 44
1982 33
1983 38
1984 36
1985 41
1986 45
1987 36
1988 27
1989 29
1990 40
1991 34
1992 46
1993 37
1994 40
1995 33
1996 38
1997 34
1998 47
1999 41
2000 39
2001 48
2002 41
2003 36
2004 31
2005 41
2006 32
2007 42
2008 39
2009 36
2010 31
2011 38
2012 38
2013 44
2014 43
2015 33
2016 33
2017 38
2018 37
2019 31
2020 30
2021 28
2022 40
2023 31
2024 29
2025 33
2026 41
2027 41
2028 40
2029 28
2030 35
2031 34
2032 31
2033 35
2034 40
2035 22
2036 30
2037 32
2038 34
2039 35
2040 33
2041 29
2042 30
2043 40
2044 41
2045 30
2046 33
2047 31
2048 39
2049 30
2050 36
2051 27
2052 33
2053 38
2054 36
2055 38
2056 30
2057 34
2058 29
2059 29
2060 36
2061 39
2062 28
2063 36
2064 37
2065 30
2066 42
2067 32
2068 34
2069 29
2070 35
2071 33
2072 30
2073 28
2074 30
2075 32
2076 40
2077 43
2078 28
2079 40
2080 29
2081 32
2082 36
2083 20
2084 32
2085 35
2086 31
2087 32
2088 36
2089 31
2090 24
2091 32
2092 32
2093 25
2094 40
2095 30
2096 36
2097 34
2098 45
2099 36
2100 26
2101 35
2102 38
2103 28
2104 21
2105 26
2106 25
2107 38
2108 32
2109 31
2110 29
2111 29
2112 43
2113 35
2114 20
2115 29
2116 42
2117 40
2118 17
2119 34
2120 31
2121 44
2122 30
2123 31
2124 38
2125 30
2126 39
2127 24
2128 26
2129 33
2130 20
2131 27
2132 30
2133 15
2134 35
2135 29
2136 24
2137 25
2138 29
2139 23
2140 29
2141 25
2142 27
2143 28
2144 32
2145 24
2146 34
2147 32
2148 36
2149 27
2150 32
2151 20
2152 34
2153 28
2154 26
2155 27
2156 26
2157 24
2158 30
2159 28
2160 32
2161 37
2162 31
2163 32
2164 32
2165 30
2166 40
2167 21
2168 29
2169 28
2170 33
2171 19
2172 26
2173 23
2174 28
2175 26
2176 33
2177 37
2178 26
2179 24
2180 25
2181 30
2182 19
2183 31
2184 25
2185 25
2186 33
2187 27
2188 39
2189 25
2190 16
2191 31
2192 24
2193 23
2194 36
2195 28
2196 29
2197 13
2198 32
2199 20
2200 30
2201 24
2202 25
2203 27
2204 26
2205 25
2206 36
2207 26
2208 26
2209 26
2210 23
2211 27
2212 26
2213 22
2214 23
2215 27
2216 21
2217 24
2218 29
2219 26
2220 25
2221 25
2222 18
2223 24
2224 21
2225 24
2226 21
2227 23
2228 24
2229 23
2230 22
2231 30
2232 15
2233 21
2234 30
2235 21
2236 16
2237 24
2238 21
2239 18
2240 21
2241 29
2242 17
2243 21
2244 28
2245 15
2246 30
2247 20
2248 23
2249 27
2250 22
2251 31
2252 35
2253 21
2254 25
2255 28
2256 34
2257 31
2258 22
2259 30
2260 30
2261 23
2262 16
2263 18
2264 24
2265 27
2266 26
2267 27
2268 24
2269 26
2270 24
2271 30
2272 25
2273 28
2274 17
2275 33
2276 27
2277 26
2278 17
2279 26
2280 26
2281 30
2282 18
2283 25
2284 23
2285 19
2286 41
2287 26
2288 28
2289 21
2290 26
2291 23
2292 26
2293 43
2294 25
2295 23
2296 21
2297 28
2298 16
2299 21
2300 22
2301 25
2302 18
2303 20
2304 21
2305 21
2306 23
2307 24
2308 27
2309 21
2310 21
2311 37
2312 24
2313 24
2314 27
2315 22
2316 18
2317 36
2318 22
2319 18
2320 27
2321 20
2322 26
2323 28
2324 17
2325 19
2326 22
2327 26
2328 25
2329 33
2330 21
2331 26
2332 19
2333 18
2334 17
2335 21
2336 18
2337 22
2338 19
2339 23
2340 19
2341 27
2342 21
2343 17
2344 23
2345 31
2346 17
2347 20
2348 27
2349 17
2350 25
2351 25
2352 27
2353 22
2354 27
2355 22
2356 21
2357 14
2358 17
2359 19
2360 20
2361 25
2362 29
2363 20
2364 16
2365 24
2366 26
2367 26
2368 19
2369 19
2370 14
2371 21
2372 23
2373 19
2374 27
2375 19
2376 17
2377 15
2378 22
2379 16
2380 15
2381 22
2382 25
2383 26
2384 16
2385 18
2386 26
2387 23
2388 10
2389 28
2390 15
2391 15
2392 14
2393 29
2394 22
2395 26
2396 14
2397 23
2398 19
2399 27
2400 22
2401 16
2402 18
2403 13
2404 20
2405 18
2406 18
2407 17
2408 24
2409 25
2410 14
2411 11
2412 24
2413 20
2414 20
2415 17
2416 13
2417 20
2418 13
2419 15
2420 22
2421 24
2422 13
2423 16
2424 21
2425 16
2426 17
2427 13
2428 19
2429 8
2430 20
2431 22
2432 15
2433 27
2434 15
2435 19
2436 17
2437 17
2438 22
2439 20
2440 22
2441 17
2442 14
2443 18
2444 17
2445 18
2446 13
2447 20
2448 10
2449 13
2450 15
2451 21
2452 16
2453 21
2454 17
2455 20
2456 18
2457 16
2458 14
2459 13
2460 23
2461 22
2462 15
2463 18
2464 20
2465 27
2466 11
2467 23
2468 17
2469 12
2470 17
2471 22
2472 21
2473 20
2474 19
2475 19
2476 16
2477 16
2478 16
2479 13
2480 12
2481 16
2482 18
2483 22
2484 21
2485 20
2486 10
2487 16
2488 15
2489 22
2490 22
2491 12
2492 14
2493 7
2494 26
2495 21
2496 13
2497 19
2498 19
2499 24
2500 27
2501 22
2502 19
2503 18
2504 16
2505 14
2506 19
2507 25
2508 15
2509 11
2510 13
2511 16
2512 20
2513 12
2514 25
2515 22
2516 20
2517 20
2518 11
2519 16
2520 25
2521 20
2522 16
2523 15
2524 18
2525 22
2526 14
2527 21
2528 20
2529 19
2530 8
2531 26
2532 18
2533 14
2534 20
2535 9
2536 18
2537 13
2538 14
2539 21
2540 9
2541 17
2542 26
2543 25
2544 16
2545 17
2546 10
2547 13
2548 24
2549 14
2550 17
2551 15
2552 18
2553 14
2554 21
2555 17
2556 16
2557 15
2558 15
2559 11
2560 24
2561 11
2562 10
2563 17
2564 10
2565 11
2566 12
2567 16
2568 7
2569 19
2570 10
2571 14
2572 22
2573 20
2574 12
2575 13
2576 22
2577 22
2578 13
2579 14
2580 13
2581 17
2582 17
2583 11
2584 12
2585 18
2586 14
2587 13
2588 12
2589 15
2590 25
2591 18
2592 19
2593 10
2594 14
2595 19
2596 13
2597 17
2598 12
2599 18
2600 20
2601 9
2602 24
2603 15
2604 18
2605 18
2606 6
2607 23
2608 22
2609 14
2610 12
2611 7
2612 12
2613 20
2614 18
2615 13
2616 13
2617 12
2618 7
2619 15
2620 14
2621 10
2622 15
2623 14
2624 22
2625 13
2626 21
2627 10
2628 16
2629 14
2630 13
2631 17
2632 13
2633 13
2634 16
2635 12
2636 21
2637 19
2638 14
2639 19
2640 22
2641 18
2642 13
2643 12
2644 17
2645 20
2646 13
2647 15
2648 10
2649 17
2650 16
2651 11
2652 15
2653 11
2654 9
2655 13
2656 13
2657 11
2658 16
2659 16
2660 10
2661 21
2662 15
2663 13
2664 8
2665 19
2666 11
2667 7
2668 14
2669 14
2670 16
2671 16
2672 16
2673 13
2674 11
2675 8
2676 15
2677 8
2678 12
2679 17
2680 16
2681 14
2682 18
2683 15
2684 17
2685 18
2686 22
2687 15
2688 10
2689 24
2690 18
2691 14
2692 11
2693 10
2694 15
2695 13
2696 15
2697 12
2698 15
2699 8
2700 13
2701 17
2702 16
2703 16
2704 22
2705 12
2706 12
2707 11
2708 11
2709 17
2710 11
2711 15
2712 11
2713 13
2714 11
2715 12
2716 19
2717 19
2718 12
2719 14
2720 9
2721 7
2722 15
2723 10
2724 9
2725 10
2726 17
2727 11
2728 17
2729 13
2730 20
2731 11
2732 7
2733 14
2734 14
2735 17
2736 10
2737 12
2738 11
2739 8
2740 15
2741 10
2742 10
2743 10
2744 9
2745 11
2746 11
2747 8
2748 8
2749 7
2750 12
2751 10
2752 16
2753 10
2754 10
2755 11
2756 8
2757 13
2758 10
2759 11
2760 11
2761 13
2762 16
2763 10
2764 13
2765 9
2766 9
2767 12
2768 11
2769 13
2770 15
2771 23
2772 9
2773 12
2774 11
2775 8
2776 12
2777 5
2778 15
2779 7
2780 10
2781 10
2782 14
2783 13
2784 16
2785 9
2786 7
2787 10
2788 20
2789 8
2790 14
2791 19
2792 14
2793 14
2794 14
2795 8
2796 8
2797 10
2798 10
2799 7
2800 11
2801 8
2802 11
2803 11
2804 9
2805 4
2806 13
2807 10
2808 10
2809 11
2810 12
2811 12
2812 14
2813 9
2814 13
2815 7
2816 14
2817 8
2818 15
2819 12
2820 21
2821 12
2822 18
2823 7
2824 16
2825 9
2826 12
2827 7
2828 12
2829 8
2830 14
2831 15
2832 12
2833 14
2834 11
2835 15
2836 10
2837 11
2838 10
2839 8
2840 10
2841 17
2842 9
2843 11
2844 9
2845 14
2846 6
2847 10
2848 13
2849 17
2850 10
2851 4
2852 12
2853 9
2854 9
2855 13
2856 5
2857 8
2858 3
2859 17
2860 11
2861 4
2862 16
2863 12
2864 12
2865 10
2866 9
2867 6
2868 13
2869 17
2870 9
2871 7
2872 13
2873 13
2874 11
2875 9
2876 5
2877 5
2878 11
2879 7
2880 6
2881 10
2882 13
2883 8
2884 12
2885 5
2886 7
2887 3
2888 8
2889 8
2890 15
2891 8
2892 11
2893 12
2894 7
2895 7
2896 18
2897 12
2898 6
2899 6
2900 8
2901 12
2902 14
2903 7
2904 11
2905 7
2906 9
2907 4
2908 11
2909 2
2910 12
2911 10
2912 9
2913 5
2914 13
2915 4
2916 4
2917 5
2918 12
2919 11
2920 9
2921 10
2922 7
2923 14
2924 9
2925 10
2926 11
2927 9
2928 11
2929 16
2930 11
2931 7
2932 9
2933 9
2934 13
2935 9
2936 8
2937 9
2938 8
2939 9
2940 14
2941 14
2942 4
2943 8
2944 6
2945 4
2946 9
2947 15
2948 9
2949 10
2950 15
2951 12
2952 10
2953 10
2954 7
2955 14
2956 12
2957 7
2958 5
2959 10
2960 6
2961 13
2962 6
2963 7
2964 7
2965 10
2966 15
2967 14
2968 9
2969 9
2970 9
2971 5
2972 9
2973 12
2974 12
2975 7
2976 8
2977 7
2978 6
2979 10
2980 11
2981 14
2982 7
2983 8
2984 11
2985 15
2986 9
2987 11
2988 8
2989 4
2990 3
2991 13
2992 7
2993 8
2994 8
2995 5
2996 9
2997 8
2998 6
2999 10
3000 6
3001 11
3002 10
3003 7
3004 7
3005 7
3006 10
3007 11
3008 15
3009 9
3010 7
3011 7
3012 7
3013 13
3014 6
3015 6
3016 9
3017 12
3018 16
3019 1
3020 9
3021 9
3022 5
3023 8
3024 8
3025 10
3026 7
3027 12
3028 6
3029 13
3030 4
3031 12
3032 10
3033 5
3034 12
3035 10
3036 10
3037 10
3038 6
3039 8
3040 5
3041 5
3042 14
3043 8
3044 6
3045 5
3046 7
3047 6
3048 16
3049 6
3050 6
3051 11
3052 8
3053 9
3054 12
3055 8
3056 9
3057 7
3058 5
3059 11
3060 11
3061 5
3062 10
3063 9
3064 7
3065 9
3066 5
3067 3
3068 9
3069 12
3070 12
3071 18
3072 10
3073 6
3074 8
3075 8
3076 11
3077 3
3078 13
3079 8
3080 10
3081 10
3082 4
3083 5
3084 9
3085 3
3086 12
3087 9
3088 6
3089 10
3090 11
3091 12
3092 3
3093 5
3094 13
3095 10
3096 6
3097 4
3098 11
3099 4
3100 11
3101 6
3102 10
3103 6
3104 12
3105 4
3106 10
3107 9
3108 9
3109 3
3110 11
3111 7
3112 7
3113 6
3114 8
3115 8
3116 6
3117 7
3118 11
3119 7
3120 9
3121 1
3122 7
3123 4
3124 6
3125 6
3126 2
3127 10
3128 6
3129 7
3130 2
3131 7
3132 5
3133 13
3134 8
3135 11
3136 8
3137 10
3138 5
3139 5
3140 5
3141 11
3142 8
3143 13
3144 6
3145 8
3146 3
3147 10
3148 8
3149 2
3150 7
3151 9
3152 3
3153 6
3154 7
3155 12
3156 9
3157 7
3158 6
3159 7
3160 10
3161 5
3162 8
3163 9
3164 5
3165 10
3166 10
3167 3
3168 6
3169 6
3170 8
3171 6
3172 9
3173 7
3174 5
3175 5
3176 9
3177 7
3178 10
3179 3
3180 10
3181 9
3182 5
3183 6
3184 5
3185 7
3186 11
3187 11
3188 6
3189 7
3190 2
3191 7
3192 11
3193 9
3194 11
3195 7
3196 5
3197 6
3198 4
3199 5
3200 6
3201 7
3202 12
3203 9
3204 6
3205 6
3206 3
3207 7
3208 3
3209 13
3210 2
3211 6
3212 3
3213 3
3214 11
3215 9
3216 8
3217 7
3218 9
3219 6
3220 3
3221 11
3222 4
3223 4
3224 4
3225 8
3226 4
3227 5
3228 6
3229 2
3230 4
3231 4
3232 2
3233 5
3234 8
3235 11
3236 7
3237 11
3238 5
3239 6
3240 5
3241 5
3242 2
3243 3
3244 9
3245 4
3246 8
3247 5
3248 6
3249 5
3250 8
3251 6
3252 5
3253 8
3254 5
3255 4
3256 9
3257 5
3258 8
3259 9
3260 4
3261 4
3262 7
3263 2
3264 9
3265 3
3266 11
3267 8
3268 3
3269 6
3270 2
3271 4
3272 9
3273 9
3274 3
3275 2
3276 8
3277 5
3278 8
3279 4
3280 1
3281 8
3282 4
3283 7
3284 5
3285 14
3286 8
3287 16
3288 6
3289 5
3290 8
3291 5
3292 4
3293 4
3294 9
3295 7
3296 9
3297 7
3298 5
3299 9
3300 5
3301 7
3302 8
3303 7
3304 5
3305 5
3306 3
3307 4
3308 4
3309 8
3310 10
3311 5
3312 7
3313 5
3314 8
3315 6
3316 4
3317 7
3318 5
3319 6
3320 7
3321 5
3322 2
3323 1
3324 13
3325 6
3326 4
3327 4
3328 8
3329 6
3330 11
3331 2
3332 6
3333 7
3334 2
3335 8
3336 5
3337 7
3338 4
3339 5
3340 5
3341 8
3342 2
3343 7
3344 4
3345 3
3346 6
3347 6
3348 4
3349 6
3350 9
3351 10
3352 7
3353 6
3354 4
3355 10
3356 4
3357 5
3358 5
3359 4
3360 4
3361 5
3362 4
3363 5
3364 4
3365 4
3366 6
3367 6
3368 7
3369 7
3370 5
3371 6
3372 6
3373 5
3374 8
3375 6
3376 10
3377 11
3378 6
3379 5
3380 3
3381 5
3382 4
3383 3
3384 8
3385 8
3386 7
3387 6
3388 6
3389 4
3390 4
3391 4
3392 5
3393 4
3394 3
3395 5
3396 10
3397 5
3398 6
3399 7
3400 9
3401 3
3402 7
3403 2
3404 4
3405 8
3406 4
3407 4
3408 2
3409 9
3410 4
3411 12
3412 1
3413 5
3414 3
3415 4
3416 3
3417 4
3418 2
3419 4
3420 7
3421 4
3422 3
3423 3
3424 8
3425 9
3426 5
3427 6
3428 7
3429 5
3430 7
3431 3
3432 4
3433 7
3434 5
3435 3
3436 4
3437 3
3438 5
3439 3
3440 6
3441 6
3442 9
3443 2
3444 7
3445 4
3446 5
3447 3
3449 2
3450 7
3451 4
3452 6
3453 4
3454 1
3455 3
3456 8
3457 3
3458 5
3459 3
3460 5
3461 4
3462 7
3463 4
3464 9
3465 8
3466 4
3467 6
3468 7
3469 6
3470 8
3471 9
3472 7
3473 5
3474 3
3475 3
3476 2
3477 2
3478 6
3479 7
3480 5
3481 5
3482 4
3483 2
3484 3
3485 2
3486 5
3487 2
3488 5
3489 4
3490 7
3491 5
3492 5
3493 3
3494 2
3495 2
3496 5
3497 4
3498 2
3499 2
3500 1
3501 2
3502 6
3503 5
3504 5
3505 6
3507 3
3508 3
3509 7
3510 2
3511 3
3512 3
3513 4
3514 5
3515 7
3516 5
3517 4
3518 4
3519 3
3520 4
3521 3
3522 4
3523 7
3524 2
3525 4
3526 3
3527 3
3528 7
3529 5
3530 3
3531 3
3533 9
3534 5
3536 3
3537 5
3538 3
3539 4
3540 8
3541 2
3542 4
3543 3
3544 5
3545 5
3546 5
3547 4
3548 6
3549 4
3550 9
3552 5
3553 5
3554 6
3555 3
3556 7
3557 3
3558 4
3559 5
3561 4
3562 3
3563 7
3564 4
3565 3
3566 8
3567 3
3568 5
3569 2
3570 2
3571 3
3572 7
3573 2
3574 6
3575 9
3576 2
3577 6
3578 4
3579 3
3580 4
3581 2
3582 13
3583 3
3584 2
3585 2
3586 5
3587 5
3588 3
3589 6
3590 6
3591 7
3592 5
3593 5
3594 2
3595 5
3596 3
3597 5
3598 8
3599 1
3600 7
3601 4
3602 5
3603 4
3604 2
3605 3
3606 4
3607 3
3608 2
3609 6
3610 7
3611 5
3612 3
3613 8
3614 4
3615 5
3616 6
3617 2
3618 3
3619 4
3620 1
3621 2
3622 4
3623 5
3624 8
3625 4
3626 8
3627 2
3628 2
3629 3
3630 4
3631 4
3632 2
3633 3
3634 1
3635 6
3636 5
3637 2
3638 2
3639 6
3640 1
3641 1
3642 3
3643 7
3644 2
3645 7
3646 6
3647 1
3648 2
3649 3
3650 4
3651 4
3652 7
3653 6
3654 6
3655 4
3656 2
3657 2
3658 3
3659 2
3660 5
3661 4
3662 3
3663 1
3664 5
3665 1
3666 2
3667 3
3668 1
3669 8
3670 2
3671 4
3672 2
3673 5
3674 10
3675 5
3676 1
3677 6
3678 6
3679 5
3680 7
3681 3
3682 3
3683 8
3684 4
3685 1
3686 3
3687 2
3688 1
3689 5
3690 5
3691 2
3692 3
3693 2
3694 5
3695 3
3696 4
3697 5
3698 2
3700 3
3701 3
3702 3
3703 4
3704 2
3705 6
3706 1
3707 6
3708 4
3709 2
3710 6
3711 3
3712 4
3713 5
3714 6
3715 4
3716 4
3717 2
3718 3
3719 6
3720 3
3721 7
3722 6
3723 6
3724 4
3725 7
3726 2
3727 4
3728 4
3729 2
3730 1
3731 4
3732 3
3733 1
3734 3
3735 2
3736 3
3738 5
3739 6
3740 5
3741 2
3742 2
3743 5
3744 1
3745 1
3746 5
3747 2
3748 1
3749 4
3750 1
3751 3
3752 2
3753 4
3754 5
3755 2
3756 6
3757 7
3758 2
3759 5
3760 6
3761 5
3762 4
3763 1
3764 4
3765 3
3766 3
3767 4
3768 3
3769 1
3770 2
3771 2
3772 4
3773 3
3774 4
3775 6
3776 1
3777 3
3778 1
3779 2
3780 5
3781 3
3782 7
3783 9
3784 2
3785 4
3786 4
3787 2
3788 6
3789 1
3790 3
3791 3
3792 8
3793 4
3794 3
3795 5
3796 6
3797 3
3798 5
3799 4
3800 4
3801 3
3802 5
3803 6
3804 5
3805 2
3806 2
3807 5
3808 2
3809 5
3810 4
3811 4
3812 3
3813 2
3814 4
3815 4
3816 7
3818 2
3819 7
3821 2
3822 2
3823 4
3824 3
3825 1
3827 3
3828 3
3829 2
3830 5
3831 3
3832 3
3833 5
3834 7
3835 3
3836 1
3837 6
3838 3
3839 5
3840 4
3841 4
3842 4
3843 1
3844 4
3845 1
3846 2
3847 2
3848 2
3849 1
3850 4
3851 5
3852 2
3853 8
3854 4
3855 2
3856 4
3857 9
3858 2
3859 3
3860 5
3861 4
3862 2
3863 3
3864 3
3865 6
3866 5
3867 1
3868 1
3869 3
3870 3
3871 3
3872 3
3873 3
3874 1
3875 1
3876 4
3877 2
3878 3
3879 4
3880 6
3881 3
3882 9
3883 2
3884 4
3885 4
3886 7
3887 1
3888 1
3889 3
3891 4
3892 4
3893 4
3894 2
3896 5
3897 6
3898 3
3899 4
3900 5
3901 3
3902 4
3903 3
3904 4
3905 3
3906 5
3907 1
3908 6
3909 3
3910 2
3911 3
3912 3
3913 9
3914 1
3915 4
3916 5
3917 6
3918 1
3919 2
3920 3
3921 3
3922 3
3923 6
3924 5
3925 1
3926 2
3927 4
3928 2
3929 2
3931 7
3932 5
3933 5
3934 2
3936 6
3937 2
3938 2
3939 3
3940 3
3941 6
3942 4
3944 4
3945 2
3946 1
3947 4
3948 1
3950 4
3951 3
3952 3
3953 3
3954 5
3955 1
3956 2
3958 4
3959 3
3960 5
3961 1
3962 3
3963 2
3964 4
3965 6
3966 2
3967 3
3968 2
3969 1
3970 2
3971 2
3972 2
3973 5
3974 1
3975 5
3976 4
3977 1
3978 2
3979 2
3980 1
3981 4
3982 3
3983 1
3984 2
3985 3
3986 5
3987 1
3988 5
3990 3
3991 2
3992 4
3993 5
3994 4
3995 1
3996 5
3997 5
3998 2
3999 2
4000 2
4001 3
4003 1
4004 3
4005 2
4006 4
4007 4
4008 3
4009 3
4010 4
4011 2
4012 5
4013 2
4016 1
4017 1
4018 3
4019 4
4020 3
4021 5
4022 3
4023 1
4024 1
4025 4
4026 5
4028 3
4029 2
4030 2
4031 3
4032 3
4033 5
4034 3
4035 1
4036 3
4037 4
4038 3
4039 3
4040 4
4041 4
4042 3
4043 2
4044 5
4045 1
4046 2
4047 3
4048 2
4049 1
4050 4
4051 5
4052 2
4053 1
4054 2
4055 6
4056 1
4057 4
4058 4
4059 4
4060 2
4061 4
4062 6
4063 3
4064 3
4065 5
4066 5
4067 3
4068 2
4069 2
4070 4
4071 5
4072 2
4073 3
4074 5
4075 1
4076 1
4077 4
4078 1
4079 2
4080 2
4082 4
4083 1
4084 2
4085 3
4086 1
4087 3
4088 1
4089 2
4090 4
4091 1
4092 2
4094 5
4095 3
4096 6
4097 1
4098 1
4099 1
4100 6
4101 1
4102 3
4103 4
4104 2
4105 2
4106 3
4107 3
4108 1
4109 2
4110 5
4111 1
4113 5
4114 1
4115 3
4116 7
4117 1
4118 2
4120 4
4122 4
4123 4
4124 1
4126 2
4127 2
4128 5
4129 4
4130 1
4131 5
4132 2
4133 3
4135 2
4136 4
4137 2
4138 2
4139 1
4140 3
4141 1
4142 7
4143 3
4144 4
4145 4
4146 1
4147 3
4148 3
4149 7
4150 1
4151 5
4152 4
4154 4
4155 2
4157 2
4158 6
4159 1
4160 2
4161 2
4162 5
4163 2
4164 3
4165 2
4166 3
4167 2
4168 2
4169 4
4170 3
4171 3
4172 2
4173 3
4174 3
4175 3
4176 1
4177 3
4178 7
4179 3
4180 2
4182 3
4183 2
4184 3
4187 3
4188 4
4189 5
4190 3
4191 4
4192 3
4193 5
4194 3
4195 2
4196 4
4197 1
4198 2
4199 2
4200 2
4202 2
4204 2
4205 5
4206 4
4207 3
4208 1
4209 2
4210 5
4211 4
4212 3
4213 1
4214 1
4215 6
4216 3
4217 2
4218 2
4219 1
4220 1
4221 3
4222 3
4223 4
4224 3
4225 3
4226 1
4227 1
4228 2
4229 2
4230 4
4231 2
4232 3
4233 1
4234 2
4235 1
4236 2
4239 1
4240 1
4241 2
4242 2
4243 1
4244 4
4245 1
4246 3
4247 4
4249 2
4250 2
4251 3
4252 2
4253 1
4254 4
4255 1
4256 1
4257 2
4259 3
4260 2
4261 5
4262 4
4264 3
4265 1
4266 3
4267 3
4268 2
4269 3
4270 2
4271 5
4272 3
4273 1
4274 2
4275 2
4276 1
4277 2
4278 2
4279 5
4280 1
4281 3
4283 1
4284 5
4285 1
4286 3
4287 2
4289 3
4290 2
4291 1
4292 3
4293 4
4294 3
4295 2
4296 5
4297 2
4298 1
4299 1
4301 5
4302 1
4303 2
4304 3
4306 1
4307 5
4308 1
4309 4
4310 6
4312 2
4313 2
4314 2
4315 4
4316 2
4317 2
4318 2
4319 4
4320 2
4321 4
4322 2
4324 3
4325 1
4326 3
4327 2
4328 2
4330 2
4331 1
4332 4
4333 2
4334 1
4335 2
4336 5
4337 1
4338 2
4339 1
4340 2
4341 2
4342 1
4343 1
4344 1
4345 2
4346 1
4347 3
4348 2
4349 3
4351 2
4352 4
4353 3
4355 4
4356 8
4357 3
4358 2
4359 4
4360 1
4361 1
4362 2
4363 2
4364 3
4366 5
4367 3
4368 2
4369 2
4370 3
4371 3
4372 4
4373 2
4374 3
4375 3
4376 3
4378 4
4380 1
4381 1
4382 2
4383 4
4384 1
4385 2
4387 1
4388 2
4389 1
4391 1
4392 4
4393 4
4394 3
4395 1
4396 1
4397 3
4398 3
4399 5
4400 1
4401 1
4402 3
4403 2
4404 5
4405 4
4406 3
4407 3
4408 3
4409 2
4410 2
4411 2
4412 1
4413 5
4414 3
4415 2
4416 2
4417 1
4418 5
4419 2
4420 1
4421 3
4422 3
4423 3
4424 1
4425 3
4426 2
4427 3
4428 3
4429 4
4430 3
4431 6
4432 3
4434 1
4436 1
4437 1
4438 2
4439 1
4440 3
4441 1
4443 2
4445 1
4446 6
4447 3
4448 2
4449 1
4450 1
4451 3
4452 4
4453 2
4454 1
4455 2
4456 2
4457 2
4458 1
4459 2
4460 3
4461 2
4462 3
4463 4
4464 2
4465 1
4467 1
4468 6
4469 4
4470 2
4471 3
4472 1
4473 2
4474 1
4476 4
4477 2
4478 5
4479 2
4480 3
4481 1
4485 1
4486 3
4487 2
4488 2
4489 5
4490 2
4491 3
4492 3
4494 3
4495 1
4496 2
4497 3
4498 3
4499 3
4500 1
4501 2
4502 1
4503 1
4504 2
4505 4
4506 1
4507 1
4508 2
4509 3
4510 2
4511 2
4512 3
4513 2
4514 1
4515 2
4516 3
4517 3
4518 1
4519 1
4520 3
4521 1
4522 4
4523 1
4524 1
4526 2
4527 7
4528 2
4529 3
4530 1
4531 1
4532 4
4533 1
4534 2
4536 2
4537 1
4538 1
4539 5
4540 4
4541 3
4542 2
4543 5
4544 1
4545 3
4546 3
4547 3
4549 5
4550 2
4551 1
4552 1
4555 1
4556 1
4557 5
4558 1
4560 3
4561 1
4562 3
4563 4
4564 2
4565 2
4567 1
4568 4
4569 3
4570 2
4571 1
4572 4
4573 1
4574 1
4575 5
4576 4
4577 1
4578 1
4579 6
4580 2
4581 1
4582 4
4583 1
4584 1
4586 1
4587 1
4588 1
4589 3
4590 5
4591 2
4592 2
4593 2
4594 3
4595 2
4596 1
4597 2
4598 1
4599 1
4600 2
4601 2
4602 1
4603 2
4604 4
4605 4
4606 1
4607 1
4608 1
4610 3
4611 2
4612 4
4613 1
4614 3
4615 2
4617 1
4618 2
4620 4
4621 1
4622 5
4623 2
4624 1
4625 4
4626 3
4627 5
4628 2
4629 2
4630 2
4631 1
4632 1
4633 2
4634 1
4635 2
4637 1
4638 3
4639 2
4640 3
4641 2
4644 3
4646 2
4647 2
4648 4
4649 2
4650 2
4651 2
4652 6
4653 3
4654 2
4655 3
4657 3
4658 2
4660 1
4661 3
4663 1
4664 1
4665 1
4667 2
4668 4
4669 1
4670 1
4671 3
4672 1
4673 2
4676 1
4677 3
4678 1
4679 3
4680 1
4682 2
4683 5
4685 1
4686 1
4687 1
4689 2
4690 1
4691 2
4692 5
4693 4
4694 2
4695 3
4697 2
4698 1
4699 2
4700 3
4702 1
4703 1
4704 2
4705 2
4706 2
4707 2
4708 1
4709 2
4710 3
4711 2
4712 2
4713 2
4714 1
4715 1
4716 2
4717 2
4718 2
4719 2
4720 2
4721 3
4722 2
4723 1
4724 2
4725 1
4726 4
4727 1
4728 4
4729 4
4732 4
4733 1
4734 2
4735 1
4736 2
4737 1
4738 2
4739 2
4740 2
4741 3
4742 1
4743 2
4744 2
4745 5
4746 1
4747 3
4748 1
4749 1
4750 3
4751 2
4752 4
4753 4
4754 2
4755 2
4756 4
4757 1
4759 1
4760 2
4761 4
4762 1
4763 1
4764 1
4765 1
4766 1
4767 2
4769 1
4770 2
4772 1
4773 1
4774 1
4777 2
4778 1
4779 2
4780 3
4783 5
4784 2
4786 1
4787 4
4790 1
4791 2
4792 1
4793 3
4794 2
4795 2
4796 3
4797 3
4798 4
4799 2
4800 4
4801 1
4802 2
4804 2
4806 2
4808 2
4809 1
4810 2
4811 2
4812 1
4813 2
4814 1
4815 1
4816 1
4820 4
4822 3
4823 1
4824 2
4825 2
4826 2
4827 1
4829 2
4831 2
4833 1
4834 1
4835 1
4838 1
4839 2
4840 3
4842 1
4843 1
4844 1
4845 1
4846 1
4847 4
4850 2
4852 4
4853 2
4854 2
4855 1
4856 3
4857 3
4859 2
4860 2
4861 1
4862 1
4863 1
4864 1
4865 2
4867 1
4869 3
4870 2
4871 2
4872 2
4873 3
4875 1
4876 1
4877 1
4878 1
4880 1
4882 1
4885 1
4886 4
4887 1
4890 1
4891 5
4893 3
4894 2
4896 1
4897 2
4899 3
4902 2
4903 2
4904 1
4906 1
4908 1
4909 1
4910 4
4911 1
4912 1
4913 2
4915 3
4917 1
4918 1
4919 1
4921 2
4922 1
4923 1
4924 2
4928 3
4929 4
4930 3
4931 1
4932 2
4933 2
4934 2
4935 3
4938 1
4939 2
4940 1
4941 1
4942 2
4943 2
4944 1
4945 3
4947 1
4948 2
4949 2
4950 3
4951 1
4953 3
4954 1
4955 1
4956 2
4957 1
4958 2
4961 1
4962 3
4964 1
4965 1
4966 1
4967 1
4968 1
4969 2
4971 1
4973 2
4977 1
4978 1
4979 1
4980 2
4981 3
4982 3
4983 1
4984 5
4985 2
4987 1
4989 1
4990 1
4992 2
4993 1
4994 1
4996 1
4997 1
4998 1
5000 3
5001 3
5003 2
5004 3
5005 2
5007 2
5008 2
5009 3
5010 1
5011 2
5012 1
5013 2
5014 2
5015 1
5016 1
5018 4
5019 4
5020 2
5021 2
5022 1
5023 2
5024 1
5025 3
5026 4
5027 1
5028 1
5030 1
5031 1
5033 2
5034 2
5035 1
5036 3
5037 2
5038 3
5039 1
5040 2
5041 1
5042 3
5043 2
5044 2
5045 3
5046 3
5047 1
5048 3
5049 1
5050 1
5051 2
5053 5
5054 2
5055 1
5056 1
5057 2
5058 1
5059 3
5060 3
5061 3
5062 1
5063 2
5064 1
5065 1
5066 1
5067 2
5069 1
5070 2
5071 1
5072 1
5074 1
5076 2
5077 2
5078 3
5079 2
5080 1
5083 1
5086 2
5087 2
5088 1
5089 2
5091 2
5093 4
5096 1
5097 1
5098 1
5099 1
5101 1
5103 1
5104 2
5105 1
5106 1
5107 1
5108 2
5109 1
5110 3
5111 2
5112 2
5113 3
5115 1
5116 2
5117 2
5118 3
5119 1
5121 2
5122 1
5123 1
5124 1
5127 2
5129 1
5130 1
5131 3
5132 1
5133 4
5134 2
5135 3
5136 3
5138 1
5140 1
5141 1
5145 3
5150 2
5151 1
5152 1
5155 2
5156 2
5158 1
5160 1
5161 1
5162 2
5163 4
5164 1
5165 2
5167 1
5168 2
5169 4
5175 2
5176 1
5177 2
5178 1
5179 2
5182 3
5183 1
5184 4
5185 3
5186 4
5187 1
5188 1
5189 1
5191 1
5192 1
5193 1
5194 2
5196 2
5200 1
5201 3
5202 3
5203 1
5204 1
5205 1
5206 1
5207 1
5208 2
5209 3
5210 2
5211 2
5212 1
5213 1
5214 2
5216 2
5217 1
5218 2
5219 1
5221 1
5222 3
5223 4
5224 1
5225 3
5227 1
5229 3
5230 2
5231 1
5233 2
5234 1
5236 1
5237 1
5238 1
5240 2
5241 3
5242 1
5243 2
5244 1
5245 1
5246 1
5248 2
5249 4
5254 1
5255 3
5258 2
5259 2
5261 2
5262 1
5263 1
5264 2
5266 4
5268 1
5269 3
5271 3
5272 1
5275 4
5276 1
5277 2
5278 1
5280 1
5282 3
5283 1
5284 1
5285 2
5287 1
5289 4
5290 1
5291 1
5292 3
5293 2
5295 1
5296 2
5297 1
5298 1
5299 2
5300 1
5303 6
5305 1
5306 1
5308 1
5309 1
5310 3
5312 1
5313 1
5315 2
5317 1
5318 1
5319 3
5320 1
5321 2
5322 1
5323 2
5324 3
5325 1
5326 1
5327 1
5328 2
5329 1
5331 1
5333 2
5335 3
5337 2
5339 1
5342 1
5343 1
5344 1
5345 1
5346 2
5347 1
5352 1
5354 1
5355 1
5356 1
5357 2
5359 3
5360 1
5361 2
5362 1
5363 1
5364 1
5365 1
5366 1
5367 1
5368 3
5371 1
5372 2
5375 1
5376 1
5377 1
5379 2
5382 1
5383 1
5385 1
5388 2
5390 2
5391 1
5394 2
5395 3
5397 1
5398 2
5400 1
5401 1
5403 1
5405 5
5406 3
5407 2
5408 1
5410 1
5411 1
5412 1
5413 2
5414 1
5418 1
5419 1
5420 3
5421 3
5423 1
5427 1
5428 1
5429 1
5430 3
5432 3
5435 1
5436 1
5437 3
5439 1
5442 2
5444 1
5446 2
5447 1
5448 2
5449 1
5453 1
5454 2
5456 3
5457 2
5458 1
5460 2
5461 1
5463 1
5464 2
5465 2
5467 2
5468 2
5470 1
5471 2
5472 1
5473 3
5474 2
5476 2
5479 1
5480 1
5483 2
5484 1
5485 1
5486 1
5487 2
5488 1
5489 1
5491 2
5492 2
5493 3
5494 2
5495 2
5496 1
5497 2
5498 2
5499 2
5500 2
5501 2
5503 1
5509 3
5510 1
5511 1
5512 1
5514 1
5517 1
5518 2
5519 1
5520 1
5522 3
5524 1
5526 1
5527 2
5528 1
5529 3
5530 1
5531 3
5532 1
5534 1
5535 1
5537 1
5539 1
5540 2
5541 1
5543 2
5545 1
5546 1
5547 2
5549 1
5551 1
5552 1
5554 3
5555 2
5557 2
5558 1
5559 3
5561 1
5562 1
5563 2
5565 3
5566 1
5571 2
5572 3
5573 2
5574 1
5575 1
5576 1
5578 2
5579 1
5582 1
5583 1
5584 1
5585 1
5588 1
5589 1
5590 1
5592 1
5594 1
5595 1
5596 1
5597 3
5599 2
5601 1
5602 1
5605 1
5609 1
5611 2
5612 1
5613 1
5614 2
5615 2
5616 1
5618 1
5620 2
5623 4
5625 1
5626 3
5631 1
5635 2
5636 3
5637 1
5641 2
5643 1
5644 2
5648 1
5649 1
5651 2
5653 1
5654 1
5655 3
5657 1
5658 2
5659 2
5660 1
5661 1
5662 1
5663 1
5664 1
5666 2
5669 1
5670 1
5672 3
5675 2
5676 1
5678 2
5679 1
5681 1
5682 1
5683 1
5684 1
5685 1
5686 3
5688 2
5691 1
5692 2
5696 1
5699 1
5700 1
5701 1
5703 1
5704 1
5705 2
5706 1
5707 1
5708 1
5709 3
5710 1
5712 1
5713 1
5716 1
5718 1
5719 2
5720 2
5721 1
5722 2
5723 1
5724 1
5725 1
5726 1
5728 1
5729 1
5730 2
5731 1
5736 2
5739 1
5740 1
5741 1
5742 2
5744 2
5746 2
5747 1
5748 3
5749 1
5750 2
5751 1
5752 1
5753 4
5754 4
5755 1
5756 3
5757 2
5760 1
5761 1
5763 1
5765 2
5766 1
5767 1
5773 1
5774 1
5777 1
5781 2
5782 1
5784 1
5785 1
5786 2
5787 1
5788 1
5789 1
5792 1
5793 1
5796 2
5798 1
5799 2
5802 1
5803 1
5804 1
5806 1
5810 1
5811 2
5812 1
5814 1
5815 1
5818 1
5819 1
5821 1
5822 1
5823 3
5824 1
5825 2
5827 2
5833 1
5835 1
5838 1
5839 1
5841 1
5845 3
5846 3
5848 2
5849 1
5851 2
5852 1
5853 1
5854 1
5855 3
5859 2
5860 1
5861 1
5862 3
5864 1
5866 2
5868 1
5870 1
5873 1
5874 1
5875 2
5877 1
5878 2
5880 2
5881 2
5883 1
5886 2
5893 2
5897 1
5898 1
5902 1
5903 3
5905 1
5906 1
5907 1
5908 1
5909 3
5912 1
5913 3
5914 1
5916 3
5917 3
5921 1
5922 1
5926 1
5927 1
5933 1
5935 1
5936 1
5937 1
5941 1
5943 3
5944 2
5945 2
5946 3
5948 2
5950 1
5951 2
5953 1
5957 1
5958 1
5961 1
5963 1
5964 1
5966 1
5968 1
5969 2
5972 1
5973 1
5974 2
5975 2
5977 1
5978 1
5980 1
5983 1
5984 1
5985 1
5987 1
5989 1
5990 3
5991 1
5992 1
5993 2
5994 4
5995 1
5996 1
5998 2
5999 3
6003 1
6006 1
6010 1
6011 2
6012 2
6013 1
6014 1
6015 2
6016 2
6017 1
6019 1
6020 3
6022 2
6027 1
6028 1
6029 3
6030 2
6031 1
6034 1
6036 1
6038 1
6040 2
6042 3
6043 1
6046 1
6047 1
6048 1
6050 2
6055 1
6057 1
6058 1
6060 1
6062 1
6063 2
6065 1
6067 1
6068 1
6069 1
6071 1
6073 1
6074 2
6075 1
6079 1
6080 1
6081 1
6082 4
6084 3
6085 2
6086 1
6087 1
6088 1
6089 2
6090 1
6091 2
6093 1
6094 1
6097 2
6099 1
6100 2
6101 1
6102 1
6104 2
6105 1
6107 1
6108 1
6109 1
6110 2
6114 1
6119 2
6122 2
6123 2
6126 1
6127 3
6128 2
6129 2
6130 2
6131 1
6132 2
6133 3
6134 1
6138 1
6139 1
6141 2
6144 1
6148 2
6149 2
6152 1
6153 1
6155 2
6156 1
6157 1
6158 4
6164 1
6165 2
6166 2
6167 1
6168 1
6171 2
6172 2
6178 1
6179 1
6180 1
6181 1
6182 1
6185 1
6187 3
6191 1
6192 1
6194 3
6197 1
6198 1
6199 1
6201 1
6202 1
6203 1
6205 1
6207 1
6210 2
6212 1
6216 1
6219 2
6220 1
6227 1
6228 1
6230 2
6232 1
6235 1
6236 1
6237 1
6240 1
6243 1
6244 2
6245 1
6248 2
6249 1
6251 1
6252 1
6255 2
6256 1
6257 1
6258 1
6259 1
6263 2
6264 1
6265 2
6270 1
6272 1
6273 1
6278 1
6279 1
6280 1
6281 3
6282 1
6284 1
6287 1
6288 1
6290 1
6293 1
6298 1
6299 1
6301 1
6304 1
6308 1
6309 1
6310 1
6311 1
6312 1
6313 2
6315 1
6318 1
6321 1
6322 1
6324 1
6327 1
6330 1
6331 1
6332 1
6333 1
6335 4
6341 2
6343 1
6347 3
6351 1
6354 1
6356 2
6358 1
6359 1
6360 3
6361 1
6363 1
6364 2
6365 2
6366 1
6368 4
6371 3
6372 1
6374 1
6376 1
6377 1
6379 1
6380 1
6381 1
6384 1
6385 1
6386 2
6391 3
6394 3
6395 2
6396 2
6397 2
6398 1
6399 1
6400 1
6402 1
6404 1
6405 2
6411 1
6413 1
6416 2
6417 1
6418 1
6422 1
6424 2
6425 2
6430 3
6431 1
6434 1
6437 1
6438 3
6443 1
6445 3
6446 1
6448 1
6450 1
6451 1
6454 2
6456 1
6457 1
6459 1
6461 3
6465 1
6466 1
6470 1
6471 1
6474 3
6476 1
6477 1
6479 2
6481 1
6483 1
6486 1
6487 3
6493 1
6496 1
6497 1
6498 1
6499 1
6500 2
6501 2
6507 1
6508 1
6509 1
6512 1
6517 1
6518 1
6520 1
6522 1
6523 1
6525 1
6526 1
6534 1
6535 1
6536 1
6537 1
6538 2
6540 1
6544 2
6546 1
6548 1
6549 1
6550 1
6551 2
6552 2
6553 1
6555 2
6556 1
6559 2
6563 1
6564 1
6568 1
6569 1
6570 2
6571 1
6576 1
6577 2
6580 1
6581 3
6582 1
6583 1
6584 1
6592 2
6594 2
6598 1
6601 1
6602 1
6603 1
6604 2
6605 2
6607 1
6609 1
6613 1
6618 2
6619 1
6622 1
6623 3
6628 1
6629 2
6636 1
6638 2
6639 1
6643 1
6644 1
6646 1
6648 4
6649 2
6650 1
6652 1
6653 1
6654 2
6656 1
6657 1
6660 2
6661 2
6663 1
6664 1
6665 2
6668 1
6672 1
6678 2
6680 1
6682 3
6683 1
6684 3
6685 2
6687 1
6688 2
6689 1
6691 1
6693 3
6694 2
6695 1
6698 2
6702 1
6706 2
6709 1
6712 1
6715 1
6716 1
6719 1
6720 1
6722 1
6723 2
6725 2
6726 2
6727 1
6728 1
6732 1
6735 1
6737 2
6743 1
6744 1
6745 2
6747 1
6750 1
6753 1
6754 1
6757 1
6759 2
6760 1
6761 2
6762 1
6764 1
6767 1
6768 1
6769 2
6770 1
6773 1
6775 1
6776 1
6777 2
6779 1
6780 2
6783 3
6785 1
6786 1
6787 3
6789 1
6790 1
6791 1
6792 1
6794 1
6797 1
6798 1
6802 1
6804 2
6805 2
6806 2
6808 2
6810 1
6813 3
6815 2
6816 2
6817 2
6818 1
6819 1
6820 1
6824 3
6825 1
6828 2
6829 1
6832 1
6834 1
6835 1
6837 2
6840 1
6841 1
6846 2
6852 3
6858 1
6859 1
6861 1
6864 1
6866 2
6867 1
6868 1
6869 1
6870 1
6872 1
6873 2
6874 1
6876 3
6877 1
6881 1
6882 1
6884 2
6886 2
6887 2
6889 2
6890 2
6892 1
6893 1
6894 1
6896 2
6897 1
6901 1
6902 1
6907 1
6910 1
6912 2
6916 1
6917 1
6919 1
6925 2
6926 3
6927 1
6928 1
6929 2
6931 1
6932 1
6933 1
6934 2
6938 1
6942 2
6943 2
6946 1
6950 2
6952 1
6954 1
6955 1
6956 1
6959 1
6960 2
6963 1
6964 1
6965 2
6966 2
6967 1
6968 2
6969 1
6970 2
6972 3
6973 1
6977 1
6981 1
6985 1
6988 2
6989 2
6991 3
6996 1
6998 3
7006 1
7007 2
7017 1
7020 1
7022 2
7024 1
7025 1
7027 1
7030 1
7031 1
7032 1
7034 1
7035 3
7037 1
7038 2
7041 1
7043 1
7044 1
7047 1
7050 4
7051 1
7053 1
7054 2
7058 1
7062 1
7067 2
7070 1
7071 1
7076 2
7078 3
7080 2
7081 1
7090 1
7091 1
7092 1
7094 1
7096 1
7102 3
7103 2
7104 1
7105 1
7106 2
7108 1
7109 1
7110 2
7114 1
7117 1
7120 1
7123 1
7126 1
7127 1
7131 1
7132 1
7134 1
7136 3
7137 1
7140 1
7143 1
7144 2
7146 2
7147 1
7151 1
7152 2
7154 1
7156 2
7158 1
7161 2
7163 1
7165 1
7166 1
7172 2
7173 1
7176 1
7177 1
7178 1
7179 1
7181 1
7182 2
7185 3
7186 1
7191 1
7192 1
7193 2
7195 1
7196 2
7198 1
7200 1
7201 2
7204 1
7205 3
7207 1
7208 1
7209 1
7210 2
7211 1
7218 1
7220 1
7221 1
7224 1
7225 1
7226 1
7228 1
7233 1
7234 1
7235 1
7238 1
7245 1
7247 1
7249 1
7251 1
7252 1
7255 1
7256 1
7261 1
7264 1
7267 1
7268 1
7269 1
7271 1
7274 1
7275 1
7282 1
7283 1
7284 1
7285 1
7288 2
7289 2
7293 3
7294 1
7295 2
7296 1
7301 1
7303 2
7304 1
7305 1
7314 1
7318 1
7320 1
7321 1
7322 1
7323 1
7327 2
7331 1
7332 3
7335 1
7344 1
7345 1
7352 1
7353 1
7359 2
7361 3
7362 1
7363 1
7365 1
7367 2
7369 1
7371 1
7373 1
7383 2
7386 1
7387 1
7388 1
7389 1
7390 1
7396 2
7397 1
7400 1
7405 1
7406 2
7408 1
7412 2
7413 1
7414 1
7415 1
7419 2
7422 1
7423 1
7425 3
7428 2
7429 1
7431 1
7432 4
7436 2
7437 2
7438 2
7442 1
7443 1
7444 2
7445 3
7449 1
7451 1
7452 1
7454 1
7455 3
7457 1
7458 1
7460 2
7463 1
7464 2
7466 2
7467 2
7468 1
7471 2
7472 1
7473 1
7474 1
7475 1
7476 2
7480 2
7482 1
7483 2
7485 3
7486 2
7487 1
7493 1
7496 1
7504 2
7507 1
7511 1
7512 1
7515 1
7520 2
7529 1
7531 1
7533 1
7536 1
7539 1
7542 1
7546 2
7547 1
7549 1
7551 2
7552 1
7553 1
7555 1
7557 1
7559 1
7560 1
7562 4
7564 2
7568 1
7569 1
7571 2
7572 2
7573 1
7574 1
7576 1
7578 1
7580 1
7581 1
7583 1
7585 1
7587 1
7589 1
7590 1
7595 1
7601 1
7606 1
7609 1
7612 1
7613 2
7615 3
7616 1
7618 1
7620 1
7621 1
7623 1
7624 1
7630 1
7636 1
7638 1
7640 1
7648 1
7652 2
7653 3
7657 1
7658 1
7659 1
7661 1
7662 1
7663 2
7664 1
7668 2
7670 1
7671 1
7672 1
7674 1
7675 1
7676 1
7678 2
7680 1
7683 1
7684 1
7686 1
7700 1
7706 1
7709 1
7712 1
7713 1
7714 1
7717 1
7720 1
7721 1
7722 1
7723 1
7724 1
7725 1
7726 1
7729 1
7732 1
7733 2
7736 1
7740 1
7742 1
7749 1
7750 1
7752 1
7755 1
7759 1
7762 1
7764 1
7765 3
7766 2
7767 2
7769 4
7771 1
7773 2
7777 1
7780 2
7781 2
7786 2
7790 1
7791 1
7795 1
7797 1
7801 1
7803 1
7811 1
7819 1
7821 1
7825 3
7830 1
7831 1
7833 1
7835 1
7838 1
7840 1
7845 1
7846 1
7847 3
7848 1
7851 2
7854 2
7855 1
7858 1
7859 1
7862 1
7865 1
7867 1
7874 1
7876 1
7877 1
7878 2
7882 1
7887 2
7888 1
7892 1
7893 1
7900 1
7902 1
7907 1
7908 1
7910 1
7917 2
7920 3
7925 1
7933 1
7934 1
7938 1
7942 1
7943 1
7947 1
7948 1
7951 1
7953 1
7956 1
7958 2
7962 2
7973 1
7975 2
7977 2
7986 1
7987 1
7989 1
7990 1
7994 2
7999 1
8003 2
8004 1
8005 1
8008 1
8009 1
8010 1
8011 1
8013 2
8015 1
8016 1
8020 1
8024 1
8025 1
8026 1
8028 1
8031 1
8036 1
8042 1
8045 1
8046 1
8048 1
8051 1
8055 1
8063 1
8064 2
8065 1
8070 1
8071 1
8072 1
8076 1
8078 2
8079 1
8085 1
8086 2
8088 1
8090 1
8094 1
8096 1
8101 1
8110 1
8111 1
8113 1
8115 1
8116 1
8124 2
8125 1
8127 2
8128 2
8130 1
8132 1
8133 1
8135 1
8141 1
8144 1
8146 1
8149 1
8150 1
8152 1
8159 1
8160 1
8164 1
8166 1
8169 1
8170 1
8171 1
8174 2
8175 1
8178 1
8186 2
8187 1
8188 1
8190 1
8191 1
8192 2
8194 1
8197 2
8199 1
8200 1
8202 1
8205 1
8210 1
8217 3
8219 1
8220 2
8221 1
8222 1
8224 1
8226 2
8227 1
8228 1
8229 1
8233 1
8234 1
8237 2
8239 1
8242 1
8243 1
8249 1
8258 1
8261 1
8265 2
8276 1
8285 1
8287 1
8288 1
8290 1
8292 1
8294 1
8296 1
8297 1
8300 2
8301 1
8307 1
8311 3
8312 1
8313 2
8316 1
8317 2
8318 1
8319 1
8328 3
8332 2
8334 1
8335 2
8340 1
8346 1
8347 2
8354 1
8358 1
8359 1
8361 1
8362 1
8363 1
8364 2
8366 1
8368 1
8370 1
8371 1
8374 1
8377 1
8378 2
8383 1
8384 1
8388 2
8389 1
8391 1
8392 1
8396 1
8397 2
8399 1
8403 1
8404 1
8406 1
8407 1
8409 1
8413 2
8415 1
8416 1
8417 1
8418 1
8420 1
8421 1
8422 1
8423 1
8424 1
8425 1
8426 1
8427 1
8429 1
8432 1
8436 1
8437 1
8444 2
8447 1
8451 1
8452 2
8453 1
8454 1
8456 2
8462 1
8464 1
8465 1
8468 1
8469 1
8470 2
8474 2
8477 1
8478 1
8482 1
8484 2
8490 1
8491 1
8492 1
8495 1
8498 1
8500 1
8503 1
8509 1
8512 1
8514 3
8517 1
8518 1
8519 2
8520 1
8521 2
8527 1
8532 1
8533 1
8536 1
8537 1
8538 1
8543 2
8544 1
8545 2
8546 1
8547 2
8548 1
8550 1
8552 1
8555 1
8556 1
8558 1
8559 1
8561 1
8562 1
8564 1
8566 1
8567 2
8569 2
8573 1
8579 1
8580 2
8584 2
8587 1
8588 1
8589 1
8591 2
8593 1
8599 1
8601 2
8603 2
8604 1
8610 1
8613 1
8618 1
8623 1
8624 1
8625 2
8626 1
8637 1
8639 2
8641 1
8645 1
8649 2
8650 1
8652 1
8653 2
8655 1
8661 1
8664 1
8666 1
8667 1
8668 2
8676 1
8679 1
8680 1
8681 1
8684 1
8687 2
8690 1
8693 1
8695 1
8699 2
8702 1
8704 2
8705 1
8708 1
8711 1
8712 1
8713 2
8719 1
8720 1
8721 2
8724 1
8725 1
8728 1
8731 1
8740 1
8744 1
8746 2
8750 1
8751 3
8754 1
8756 1
8768 2
8770 1
8771 1
8774 2
8775 2
8777 1
8780 1
8783 1
8784 1
8787 1
8789 1
8791 3
8795 2
8799 1
8802 2
8811 1
8813 1
8814 1
8815 1
8817 1
8821 1
8823 2
8825 1
8826 1
8827 1
8828 1
8829 3
8832 1
8834 1
8835 1
8843 2
8845 1
8846 1
8850 1
8852 1
8854 1
8856 1
8857 2
8858 1
8861 2
8863 1
8865 2
8867 1
8868 1
8869 2
8873 1
8874 1
8875 1
8876 1
8878 2
8881 1
8886 1
8887 1
8892 2
8899 1
8903 1
8904 1
8905 1
8906 1
8913 2
8914 2
8915 1
8916 1
8918 1
8920 1
8921 1
8924 1
8925 1
8935 1
8936 1
8937 2
8939 1
8940 1
8945 1
8950 1
8953 1
8954 2
8957 1
8962 1
8963 3
8965 1
8968 2
8972 1
8976 1
8977 1
8978 1
8979 1
8981 1
8989 1
8993 1
8994 1
8995 1
8997 1
9000 1
9003 4
9006 2
9009 1
9012 1
9014 1
9015 2
9020 1
9021 1
9023 1
9024 1
9030 1
9035 1
9038 1
9039 1
9040 1
9041 1
9042 1
9044 1
9048 1
9051 2
9056 1
9064 2
9066 1
9070 1
9071 1
9080 1
9081 1
9083 1
9087 2
9090 1
9091 1
9095 1
9098 2
9101 1
9110 1
9111 1
9113 1
9115 1
9119 2
9122 1
9124 1
9125 2
9131 1
9133 1
9135 1
9144 1
9145 2
9147 2
9152 1
9154 2
9155 1
9156 2
9158 1
9159 2
9160 2
9162 2
9163 1
9165 1
9166 1
9167 1
9172 1
9177 1
9185 2
9186 1
9189 3
9191 1
9201 1
9202 3
9204 1
9206 1
9209 1
9213 2
9221 1
9228 1
9235 1
9237 1
9240 1
9246 1
9248 1
9249 2
9250 1
9251 3
9256 2
9257 1
9268 1
9269 1
9271 1
9275 1
9278 1
9280 1
9287 1
9289 1
9291 1
9293 1
9294 1
9295 1
9297 1
9301 1
9302 1
9312 1
9313 1
9314 1
9315 1
9316 1
9317 1
9318 1
9325 2
9326 1
9327 2
9328 2
9331 2
9332 1
9341 1
9344 1
9345 1
9354 1
9355 1
9363 1
9365 1
9370 1
9376 1
9381 1
9382 2
9386 2
9387 1
9388 1
9391 1
9395 1
9397 1
9400 1
9402 1
9404 1
9409 1
9410 2
9412 2
9413 1
9429 1
9431 1
9434 1
9440 2
9443 1
9446 2
9454 1
9456 1
9458 1
9459 1
9464 1
9465 1
9466 1
9467 1
9468 1
9472 1
9474 1
9477 1
9479 1
9485 1
9487 2
9493 1
9494 1
9498 1
9499 1
9502 1
9504 1
9505 1
9511 1
9519 1
9520 1
9523 1
9526 1
9529 1
9530 1
9531 1
9534 1
9536 1
9541 1
9547 1
9549 1
9553 1
9554 1
9556 1
9559 1
9566 1
9568 2
9573 1
9576 1
9577 1
9578 2
9579 1
9585 1
9587 2
9589 1
9590 1
9595 1
9597 1
9599 1
9609 1
9610 1
9611 1
9619 1
9620 1
9622 1
9630 1
9632 1
9638 1
9639 1
9646 1
9652 1
9656 1
9657 1
9658 1
9661 2
9665 1
9666 1
9667 1
9677 1
9678 1
9679 1
9681 1
9682 1
9691 1
9692 1
9693 1
9694 1
9696 1
9701 1
9702 2
9706 1
9709 1
9710 2
9711 1
9714 1
9715 1
9716 1
9717 1
9719 1
9720 1
9724 1
9726 1
9727 1
9733 1
9738 1
9742 1
9748 1
9749 1
9753 1
9758 1
9761 1
9763 1
9766 1
9767 1
9768 1
9771 1
9775 1
9776 1
9780 1
9784 1
9786 1
9789 1
9794 1
9808 1
9812 2
9814 2
9816 2
9817 1
9819 2
9820 2
9829 1
9831 2
9832 1
9835 1
9841 1
9844 3
9845 1
9846 2
9847 1
9849 2
9850 1
9853 1
9865 2
9866 3
9867 1
9868 1
9870 1
9873 1
9874 2
9875 2
9882 2
9884 2
9885 1
9892 2
9893 1
9895 3
9897 1
9902 1
9904 1
9906 1
9912 1
9916 2
9919 1
9920 1
9921 1
9923 1
9924 1
9928 1
9930 1
9937 1
9939 2
9947 1
9948 1
9953 1
9959 1
9970 1
9972 1
9977 2
9981 1
9986 1
9990 1
9999 2
10001 2
10018 1
10020 1
10023 1
10026 1
10032 1
10033 1
10035 1
10038 1
10041 1
10044 1
10045 1
10046 1
10047 1
10054 1
10056 1
10058 1
10060 1
10065 2
10070 1
10075 1
10077 1
10079 1
10084 2
10086 1
10088 1
10093 1
10094 1
10101 1
10104 1
10109 2
10113 3
10114 2
10115 1
10117 1
10130 1
10131 1
10132 1
10137 1
10138 1
10139 1
10142 1
10148 1
10150 1
10152 2
10155 1
10156 1
10158 1
10162 1
10165 1
10168 1
10169 1
10181 1
10187 1
10195 1
10203 1
10206 1
10207 1
10212 1
10215 1
10217 1
10222 3
10223 1
10235 1
10238 1
10239 1
10243 2
10247 1
10248 2
10258 1
10260 1
10263 1
10266 1
10268 1
10270 1
10274 1
10276 1
10279 1
10281 1
10283 2
10284 1
10290 2
10292 1
10295 1
10300 1
10303 1
10304 1
10305 1
10307 2
10308 3
10309 2
10314 2
10316 2
10317 1
10319 1
10322 1
10328 1
10329 1
10331 1
10332 2
10339 1
10342 1
10344 1
10348 1
10349 1
10353 2
10354 1
10360 2
10366 2
10367 1
10370 2
10378 1
10379 1
10383 1
10392 2
10393 1
10395 1
10397 1
10400 1
10402 1
10407 1
10408 1
10409 1
10414 1
10425 1
10426 1
10428 2
10437 1
10440 1
10446 1
10455 1
10456 1
10464 3
10465 1
10474 1
10475 2
10476 1
10478 1
10482 1
10486 1
10488 1
10490 1
10492 2
10494 1
10496 1
10497 2
10504 1
10507 1
10510 1
10512 1
10514 1
10516 2
10521 1
10522 1
10524 1
10537 2
10538 1
10541 1
10542 1
10546 1
10547 2
10551 1
10552 2
10553 3
10568 1
10574 1
10576 1
10579 1
10581 1
10584 1
10588 1
10590 1
10594 3
10596 1
10597 1
10599 1
10600 3
10604 1
10620 1
10621 1
10625 2
10626 1
10630 1
10632 1
10633 2
10634 1
10636 1
10637 1
10638 1
10639 1
10640 1
10641 1
10645 2
10652 1
10658 2
10662 1
10664 1
10672 1
10673 3
10675 1
10683 1
10684 1
10690 1
10696 2
10699 1
10701 1
10702 1
10709 1
10713 1
10718 1
10721 1
10728 1
10732 1
10734 1
10736 1
10741 1
10744 1
10746 1
10749 1
10753 1
10756 1
10757 1
10760 1
10763 1
10769 1
10770 1
10775 1
10776 1
10778 1
10782 2
10784 1
10788 1
10789 1
10793 1
10798 1
10801 1
10809 3
10811 1
10812 1
10815 1
10817 1
10819 1
10822 1
10823 3
10824 1
10830 1
10832 2
10843 1
10849 2
10855 1
10859 1
10863 1
10865 1
10869 1
10870 1
10871 1
10873 1
10888 1
10889 1
10892 1
10894 1
10896 1
10898 1
10902 1
10907 1
10912 1
10913 1
10915 1
10916 1
10926 1
10932 1
10934 2
10939 2
10940 2
10942 1
10945 1
10949 1
10956 2
10957 1
10960 1
10961 1
10964 2
10965 1
10969 1
10972 1
10974 1
10978 1
10981 1
10983 1
10985 1
10988 1
10993 1
10995 3
11000 1
11005 1
11009 1
11011 1
11020 1
11024 1
11031 1
11032 1
11033 1
11038 2
11047 1
11050 1
11051 1
11052 1
11056 1
11057 1
11059 1
11064 1
11072 1
11074 1
11079 1
11083 1
11086 1
11102 2
11103 1
11106 1
11107 1
11110 1
11114 1
11116 2
11118 1
11119 1
11122 1
11123 2
11125 1
11130 1
11132 1
11133 1
11139 1
11142 1
11145 1
11148 1
11149 1
11153 1
11154 2
11156 2
11158 1
11160 1
11161 1
11163 1
11164 1
11172 1
11181 1
11188 3
11189 1
11190 1
11192 1
11217 1
11220 1
11223 1
11231 1
11236 1
11237 1
11238 1
11243 3
11248 2
11250 3
11251 1
11253 1
11254 1
11256 1
11265 1
11267 2
11271 1
11272 1
11276 2
11278 3
11279 1
11282 1
11287 1
11290 1
11292 1
11297 1
11299 1
11300 2
11301 1
11302 1
11308 1
11315 1
11317 2
11318 1
11321 1
11322 1
11324 2
11326 1
11327 1
11335 1
11338 1
11340 1
11343 2
11356 1
11357 1
11361 1
11363 1
11365 1
11366 1
11367 1
11375 1
11376 1
11384 1
11391 1
11398 2
11407 2
11408 1
11409 2
11414 1
11418 1
11419 1
11420 1
11428 1
11442 1
11445 1
11451 1
11452 2
11455 1
11458 1
11464 2
11465 1
11466 2
11474 1
11480 1
11482 1
11483 1
11485 2
11497 1
11500 1
11501 1
11502 1
11504 3
11505 1
11508 1
11512 1
11525 1
11528 1
11530 1
11532 1
11536 2
11538 1
11544 1
11547 1
11549 1
11558 1
11562 1
11564 1
11566 1
11568 1
11569 1
11572 2
11574 1
11576 1
11578 1
11581 1
11583 1
11589 1
11599 1
11600 1
11604 2
11611 1
11616 1
11617 1
11618 1
11620 1
11621 1
11627 1
11635 3
11636 1
11637 1
11642 1
11645 1
11648 1
11649 1
11650 1
11655 1
11657 1
11660 1
11662 1
11664 1
11667 1
11673 1
11678 1
11682 1
11688 2
11694 1
11699 1
11700 1
11701 1
11703 1
11704 1
11715 2
11717 1
11730 1
11731 1
11734 1
11744 1
11745 1
11747 1
11750 1
11751 1
11752 1
11758 1
11763 1
11764 1
11770 1
11774 1
11775 1
11776 1
11777 1
11781 1
11783 1
11784 1
11786 1
11789 1
11790 1
11793 1
11798 1
11802 1
11805 3
11810 1
11812 1
11815 1
11816 1
11820 1
11822 1
11825 2
11827 1
11830 1
11836 1
11842 1
11847 1
11848 1
11849 1
11853 2
11855 1
11859 2
11864 1
11865 1
11867 2
11870 1
11871 1
11873 1
11875 2
11878 1
11879 1
11880 1
11884 1
11889 1
11893 1
11894 1
11896 2
11897 1
11900 1
11909 1
11919 1
11921 2
11924 2
11927 1
11938 1
11940 1
11944 1
11946 1
11948 1
11949 2
11950 1
11953 1
11956 1
11962 1
11964 1
11975 1
11982 1
11985 1
11989 2
11990 1
11992 2
11994 1
11998 1
11999 1
12001 1
12003 1
12004 1
12012 1
12014 1
12017 1
12020 2
12022 2
12023 1
12030 1
12031 1
12035 1
12040 1
12043 2
12052 1
12055 2
12058 1
12060 1
12062 1
12066 1
12071 1
12081 1
12083 1
12085 1
12096 1
12103 1
12104 1
12119 1
12122 1
12127 2
12132 2
12133 1
12142 1
12144 1
12146 1
12150 1
12155 2
12158 2
12161 1
12162 1
12163 1
12167 1
12168 1
12170 1
12171 1
12172 1
12175 1
12178 1
12179 1
12184 1
12185 1
12187 1
12189 1
12192 1
12194 1
12195 1
12197 2
12198 1
12199 1
12201 2
12205 1
12206 2
12207 3
12212 1
12213 1
12223 1
12225 2
12227 2
12229 1
12232 1
12234 1
12241 2
12245 1
12249 1
12252 1
12254 1
12255 1
12258 1
12259 1
12265 1
12270 1
12271 1
12274 1
12278 1
12285 1
12295 1
12304 2
12306 1
12307 1
12308 1
12309 1
12310 1
12318 1
12319 1
12320 1
12326 1
12330 1
12334 1
12338 1
12342 1
12344 1
12349 1
12351 1
12354 1
12356 1
12359 1
12360 1
12363 1
12365 1
12367 1
12368 2
12369 1
12370 1
12372 1
12373 1
12375 1
12376 1
12379 1
12380 1
12383 2
12387 1
12394 1
12396 1
12401 1
12402 1
12403 2
12405 2
12408 1
12409 1
12411 1
12413 1
12430 1
12443 1
12446 1
12448 1
12450 1
12460 2
12464 1
12474 1
12475 1
12476 2
12480 1
12483 1
12484 1
12486 1
12491 1
12495 1
12502 1
12503 2
12506 1
12512 1
12517 3
12518 1
12519 1
12528 1
12530 1
12533 1
12536 2
12537 1
12539 1
12541 1
12551 1
12552 2
12555 1
12560 1
12562 1
12565 1
12567 1
12570 1
12575 1
12576 1
12577 1
12582 1
12583 1
12584 2
12596 1
12613 1
12615 1
12617 1
12619 1
12620 1
12624 1
12628 2
12635 1
12636 1
12637 1
12638 1
12639 1
12650 1
12651 2
12656 1
12659 1
12660 1
12663 1
12664 1
12677 1
12681 1
12685 1
12686 1
12689 1
12690 1
12691 1
12701 1
12702 2
12707 1
12712 2
12716 2
12723 1
12725 1
12729 2
12730 2
12733 1
12737 1
12738 1
12741 1
12742 1
12743 2
12745 1
12747 1
12749 1
12764 1
12771 2
12775 1
12778 1
12780 1
12788 1
12789 2
12790 2
12793 2
12797 1
12800 1
12801 1
12805 1
12806 1
12807 1
12809 1
12821 1
12825 1
12830 1
12831 1
12839 1
12845 1
12847 1
12851 1
12854 1
12855 1
12856 1
12857 1
12860 1
12866 1
12867 2
12885 2
12887 1
12893 1
12896 1
12899 1
12901 1
12904 1
12906 2
12907 1
12908 1
12921 2
12922 1
12923 1
12926 1
12929 1
12930 1
12932 2
12938 1
12941 1
12944 1
12945 1
12952 2
12954 1
12967 1
12974 1
12981 1
12983 1
12987 1
12988 1
12992 1
12995 1
12996 1
12998 1
12999 1
13015 1
13016 1
13018 1
13019 1
13021 1
13022 1
13024 1
13026 2
13027 2
13030 1
13031 1
13032 2
13034 1
13035 1
13040 1
13045 1
13050 2
13059 1
13060 2
13063 1
13064 1
13069 1
13074 1
13075 1
13076 1
13079 1
13082 1
13088 1
13091 1
13102 1
13103 1
13109 1
13114 1
13117 1
13118 2
13123 1
13125 1
13126 1
13130 2
13135 1
13136 1
13137 1
13138 3
13144 1
13147 1
13148 1
13160 2
13162 1
13163 1
13167 1
13173 2
13178 1
13179 1
13182 1
13188 1
13189 1
13190 1
13191 1
13205 1
13209 2
13212 1
13218 1
13222 1
13225 1
13227 1
13230 1
13231 2
13233 1
13236 1
13252 1
13254 1
13255 1
13256 2
13261 1
13273 1
13274 2
13275 1
13277 1
13279 1
13284 1
13285 1
13288 1
13289 1
13292 1
13293 1
13296 1
13300 2
13302 1
13303 2
13307 1
13309 1
13312 1
13320 1
13324 1
13326 1
13330 1
13332 1
13340 1
13346 1
13349 1
13351 1
13352 1
13368 2
13376 1
13377 2
13383 1
13384 1
13387 1
13390 1
13392 1
13393 2
13397 1
13398 1
13400 1
13404 1
13406 1
13407 1
13412 1
13417 1
13419 1
13423 1
13428 1
13430 1
13431 1
13434 1
13435 2
13442 1
13445 1
13446 2
13449 1
13453 1
13454 1
13456 1
13457 1
13461 1
13463 1
13464 2
13470 1
13471 3
13480 1
13487 1
13495 1
13497 1
13501 3
13507 1
13509 1
13510 1
13511 2
13516 1
13518 1
13521 1
13523 1
13524 1
13525 1
13528 1
13533 1
13536 1
13544 1
13548 1
13559 2
13563 1
13565 1
13567 1
13568 1
13569 1
13570 1
13573 1
13577 1
13591 1
13596 2
13600 1
13606 1
13612 1
13614 1
13615 1
13617 1
13618 2
13632 1
13633 1
13634 1
13635 1
13637 1
13639 1
13647 1
13648 1
13657 1
13658 1
13659 1
13660 1
13663 1
13669 1
13670 1
13672 1
13676 1
13677 2
13679 2
13681 1
13684 1
13689 1
13694 2
13695 1
13701 1
13702 1
13707 1
13708 1
13710 1
13711 1
13712 1
13714 1
13717 2
13718 1
13719 1
13721 1
13722 1
13724 1
13726 1
13727 2
13730 1
13732 2
13736 1
13738 1
13745 1
13748 2
13752 1
13755 1
13756 1
13759 1
13762 1
13763 1
13768 1
13773 1
13775 1
13776 1
13780 2
13782 1
13783 1
13786 2
13788 1
13794 1
13796 1
13798 1
13803 1
13805 1
13810 1
13816 1
13818 1
13830 1
13833 1
13848 2
13851 1
13852 1
13856 1
13858 1
13859 1
13861 1
13864 2
13865 1
13866 1
13867 1
13869 1
13870 1
13872 1
13873 1
13876 1
13881 1
13890 1
13891 1
13902 1
13903 1
13906 1
13907 1
13911 2
13912 1
13916 1
13922 1
13923 1
13928 1
13933 2
13935 1
13939 1
13952 1
13956 1
13957 2
13963 1
13964 1
13965 1
13967 1
13970 1
13972 1
13978 1
13983 1
13989 1
13993 1
14006 1
14007 2
14014 1
14016 1
14017 1
14021 1
14022 1
14032 1
14037 1
14042 1
14045 1
14048 1
14049 1
14050 1
14053 1
14055 1
14056 1
14062 1
14064 2
14065 1
14067 1
14070 1
14072 1
14073 1
14078 1
14079 1
14080 1
14083 1
14085 1
14092 1
14098 1
14102 1
14112 2
14113 1
14119 1
14125 1
14130 1
14132 1
14135 1
14138 1
14141 1
14153 1
14154 1
14156 1
14159 1
14161 1
14164 1
14167 1
14170 2
14174 1
14178 1
14181 1
14186 1
14187 1
14191 1
14194 2
14204 1
14214 1
14224 1
14232 1
14233 2
14234 1
14241 1
14242 1
14249 1
14254 1
14257 2
14259 1
14261 1
14266 1
14279 1
14285 1
14295 1
14299 1
14300 2
14301 1
14303 1
14305 1
14309 1
14315 2
14318 1
14323 1
14329 1
14331 2
14335 1
14338 1
14340 1
14345 1
14346 2
14349 1
14353 1
14356 1
14357 1
14362 1
14364 1
14367 1
14368 1
14380 2
14383 1
14385 2
14386 1
14391 1
14395 1
14398 1
14402 1
14406 1
14411 1
14421 1
14427 1
14430 1
14438 1
14439 1
14444 1
14447 2
14448 1
14453 1
14458 1
14459 1
14461 1
14467 2
14469 1
14470 1
14477 1
14479 1
14481 1
14483 2
14485 1
14491 1
14492 1
14502 1
14503 2
14504 1
14505 1
14506 1
14508 1
14510 3
14512 1
14516 1
14522 1
14529 1
14533 1
14535 1
14537 1
14540 1
14541 1
14543 1
14547 1
14558 1
14566 1
14569 1
14573 1
14575 1
14576 1
14578 1
14579 1
14581 1
14587 1
14592 1
14594 3
14601 1
14606 1
14616 1
14621 1
14629 1
14632 2
14637 1
14638 1
14641 1
14642 1
14645 1
14647 2
14653 1
14657 1
14669 1
14675 2
14677 1
14678 2
14679 1
14680 2
14687 2
14690 1
14691 1
14693 1
14701 1
14721 1
14726 1
14729 1
14733 2
14739 1
14745 1
14748 1
14751 1
14758 1
14760 2
14767 1
14768 1
14770 1
14777 1
14780 1
14786 1
14787 1
14788 1
14791 1
14794 1
14795 1
14798 2
14801 1
14809 1
14812 1
14829 1
14830 1
14833 1
14834 1
14835 1
14839 1
14840 1
14841 1
14844 1
14849 1
14851 1
14856 1
14858 1
14860 1
14867 1
14871 2
14873 1
14876 1
14894 1
14896 1
14897 1
14904 1
14905 1
14909 1
14915 1
14922 1
14924 1
14934 1
14936 1
14940 1
14944 1
14947 1
14950 1
14951 1
14957 1
14962 1
14964 1
14970 1
14974 1
14982 1
14986 1
14994 1
14997 1
14998 1
15000 1
15009 1
15011 1
15019 1
15035 1
15036 1
15037 1
15038 1
15039 1
15041 1
15046 1
15048 1
15050 1
15058 1
15059 1
15068 1
15082 1
15090 1
15091 1
15096 1
15098 1
15099 1
15105 1
15107 1
15118 1
15121 1
15125 1
15129 2
15135 1
15136 1
15141 1
15142 1
15151 1
15164 1
15166 2
15171 1
15174 3
15185 1
15186 1
15189 1
15195 1
15207 1
15209 1
15210 1
15214 2
15215 1
15225 1
15235 2
15239 2
15244 1
15245 1
15252 2
15261 1
15264 1
15272 1
15287 1
15288 1
15293 1
15295 1
15300 2
15304 1
15330 1
15331 1
15333 1
15353 2
15354 1
15363 1
15366 1
15369 1
15386 1
15390 1
15396 1
15402 1
15413 1
15417 1
15421 1
15435 1
15436 1
15441 1
15442 1
15449 1
15457 1
15463 1
15465 1
15471 1
15472 1
15480 1
15483 1
15485 1
15493 1
15504 2
15511 1
15514 1
15517 1
15521 1
15525 1
15526 1
15528 1
15555 1
15559 1
15564 1
15569 1
15576 1
15578 1
15581 1
15593 1
15600 1
15613 1
15617 1
15624 1
15626 2
15628 1
15631 1
15633 1
15640 2
15646 1
15657 1
15661 1
15663 1
15664 1
15668 1
15672 1
15679 2
15695 1
15705 1
15710 1
15714 1
15716 1
15722 1
15735 1
15740 1
15755 2
15758 1
15761 1
15763 1
15772 1
15792 1
15793 1
15795 1
15796 1
15798 1
15803 1
15809 1
15815 1
15816 1
15819 1
15820 1
15826 1
15846 1
15854 2
15860 1
15865 1
15872 1
15875 1
15880 1
15890 1
15895 2
15898 1
15902 1
15903 1
15913 1
15914 1
15915 1
15931 1
15933 1
15936 1
15946 1
15955 1
15957 1
15958 1
15964 1
15968 1
15971 2
15973 1
15984 2
15996 1
15999 1
16026 1
16031 1
16054 2
16063 1
16064 1
16070 1
16092 1
16100 1
16102 1
16103 1
16110 1
16112 1
16123 1
16127 1
16128 1
16129 1
16135 1
16142 2
16151 1
16157 1
16158 1
16164 1
16175 1
16191 1
16229 1
16250 1
16258 1
16260 1
16262 1
16263 1
16280 2
16286 2
16289 1
16290 1
16296 1
16298 1
16299 1
16303 1
16304 1
16307 1
16330 1
16337 1
16345 1
16347 1
16359 1
16360 1
16363 1
16365 1
16368 1
16369 1
16373 1
16376 1
16380 1
16381 1
16383 1
16386 1
16389 1
16391 1
16392 1
16395 1
16400 1
16401 1
16402 1
16411 1
16412 1
16431 1
16438 1
16442 1
16476 1
16477 1
16478 1
16484 1
16491 1
16500 1
16503 1
16505 1
16507 1
16510 1
16517 1
16518 1
16521 1
16525 2
16530 1
16539 1
16546 1
16548 1
16557 1
16569 1
16570 1
16571 2
16572 1
16577 2
16580 1
16582 1
16604 1
16614 1
16617 1
16620 1
16623 1
16638 1
16646 1
16649 1
16652 1
16668 1
16671 1
16676 1
16677 1
16696 1
16707 1
16713 1
16724 1
16730 1
16737 1
16752 1
16756 1
16767 1
16776 1
16782 1
16794 1
16808 2
16812 1
16813 1
16825 1
16857 1
16859 1
16862 1
16864 1
16879 1
16900 1
16905 1
16909 2
16914 1
16915 1
16917 1
16927 1
16934 1
16953 2
16959 1
16962 1
16963 1
16966 1
16973 1
16976 1
16988 1
16994 1
17003 1
17024 1
17044 1
17046 1
17051 1
17060 1
17071 1
17084 1
17085 1
17101 1
17108 1
17114 1
17123 2
17127 1
17141 1
17142 2
17151 1
17152 1
17188 2
17190 1
17193 1
17205 1
17206 1
17225 1
17226 1
17234 1
17236 1
17239 1
17254 1
17255 1
17258 1
17263 1
17271 1
17274 1
17279 1
17290 1
17304 1
17305 1
17315 1
17321 1
17325 1
17326 1
17341 1
17358 1
17365 1
17387 1
17393 1
17399 1
17420 1
17421 1
17426 1
17428 1
17432 1
17461 1
17473 1
17486 1
17495 1
17501 1
17504 1
17511 1
17525 1
17560 1
17561 1
17566 1
17569 1
17571 1
17577 1
17579 1
17603 1
17636 1
17648 1
17655 1
17659 1
17661 1
17681 1
17697 1
17698 1
17707 1
17712 1
17722 1
17731 1
17732 1
17733 2
17735 1
17750 1
17767 1
17769 1
17772 1
17782 1
17783 1
17800 1
17810 2
17811 1
17831 1
17843 1
17844 1
17845 1
17866 1
17905 1
17913 1
17955 1
17959 1
17989 1
18006 1
18020 2
18031 2
18041 1
18063 1
18071 1
18077 1
18082 2
18087 1
18102 1
18118 1
18131 1
18134 1
18142 1
18160 1
18165 1
18173 1
18179 1
18181 1
18216 1
18220 1
18222 1
18223 1
18267 1
18270 1
18289 1
18302 1
18308 1
18326 1
18330 1
18333 1
18350 1
18352 1
18377 1
18390 1
18406 1
18407 1
18409 1
18418 1
18437 1
18444 1
18446 1
18452 1
18453 1
18463 1
18502 1
18503 1
18506 1
18518 1
18524 1
18527 1
18529 1
18549 1
18554 1
18564 1
18576 1
18577 1
18598 1
18624 1
18626 1
18640 1
18645 1
18664 1
18666 1
18685 1
18691 1
18693 1
18695 1
18759 1
18798 1
18836 2
18844 1
18860 1
18908 1
18915 1
18941 2
18952 1
18962 1
18984 1
19009 1
19044 1
19053 1
19064 2
19096 2
19101 1
19104 2
19110 1
19126 1
19140 1
19146 1
19156 1
19175 1
19178 1
19214 1
19259 1
19265 1
19286 1
19304 1
19330 1
19332 1
19336 1
19341 1
19368 1
19386 1
19405 1
19448 1
19469 1
19481 1
19500 1
19516 1
19526 1
19540 1
19544 1
19545 1
19553 1
19583 1
19592 1
19593 2
19598 1
19614 1
19620 1
19633 1
19637 1
19649 1
19657 1
19661 1
19662 1
19665 1
19710 1
19777 1
19789 1
19794 1
19798 1
19801 1
19822 1
19824 1
19842 1
19884 1
19895 1
19907 1
19915 2
19929 1
19942 1
19945 1
19948 1
19949 1
19961 1
19969 1
19993 1
20001 1
20014 1
20024 1
20041 1
20060 1
20069 1
20086 1
20091 1
20111 1
20127 1
20132 1
20148 1
20149 1
20177 1
20195 1
20219 1
20267 1
20312 1
20328 1
20331 1
20334 1
20351 1
20352 1
20407 1
20413 1
20415 1
20433 1
20443 1
20463 1
20466 1
20484 1
20574 1
20576 1
20608 1
20634 1
20641 1
20674 1
20694 1
20704 1
20711 1
20740 1
20753 1
20754 1
20770 1
20848 1
20880 1
20939 1
20944 1
21012 1
21025 1
21029 1
21073 1
21077 1
21141 1
21220 1
21251 1
21283 1
21284 1
21313 1
21319 1
21321 1
21340 1
21358 1
21365 1
21389 1
21425 1
21464 1
21514 1
21543 1
21545 1
21548 1
21631 1
21653 1
21700 2
21701 1
21703 1
21708 1
21713 2
21735 1
21736 1
21747 1
21767 1
21852 1
21969 1
21983 1
22018 1
22045 1
22067 1
22084 1
22159 1
22166 1
22203 1
22213 1
22339 1
22431 1
22475 1
22486 1
22520 1
22528 1
22561 1
22796 1
22888 1
22889 1
22928 1
23108 1
23168 1
23197 1
23237 1
23267 1
23324 1
23375 1
23399 1
23424 1
23645 1
23650 1
23670 1
23736 1
23828 1
23846 1
23875 1
23876 1
23897 1
23907 1
23941 1
23956 1
24139 1
24172 1
24189 1
24252 1
24281 1
24299 1
24381 1
24418 1
24435 1
24469 1
24483 1
24551 1
24688 1
24906 1
24909 1
24914 1
24965 1
24969 1
24991 1
24996 1
25011 1
25029 1
25049 1
25103 1
25104 1
25117 1
25246 1
25273 1
25362 1
25556 1
25656 1
25677 1
25710 2
25754 1
25821 1
25964 1
25977 1
26143 1
26170 1
26296 1
26397 1
26408 1
26857 1
26941 1
26970 1
27012 1
27091 1
27231 1
27422 1
27483 1
27569 1
27604 1
27760 1
27927 1
28366 1
28612 1
28668 1
28836 1
29975 1
30199 1
30576 1
30676 1
30813 1
32525 1
32535 1
32582 1
34317 1
39077 1
40540 1
41297 1
43338 1
43461 1
