-1043 1
-1041 1
-1040 3
-1039 3
-1038 6
-1037 4
-1036 12
-1035 11
-1034 23
-1033 37
-1032 43
-1031 44
-1030 61
-1029 83
-1028 100
-1027 123
-1026 135
-1025 142
-1024 186
-1023 169
-1022 193
-1021 214
-1020 266
-1019 248
-1018 231
-1017 255
-1016 248
-1015 254
-1014 310
-1013 278
-1012 283
-1011 277
-1010 330
-1009 302
-1008 270
-1007 306
-1006 371
-1005 327
-1004 332
-1003 358
-1002 334
-1001 376
-1000 356
-999 353
-998 365
-997 361
-996 375
-995 343
-994 335
-993 356
-992 349
-991 346
-990 347
-989 360
-988 359
-987 353
-986 350
-985 366
-984 413
-983 442
-982 438
-981 498
-980 506
-979 523
-978 531
-977 586
-976 581
-975 613
-974 545
-973 586
-972 584
-971 578
-970 601
-969 570
-968 582
-967 581
-966 613
-965 602
-964 601
-963 648
-962 613
-961 642
-960 591
-959 608
-958 661
-957 582
-956 553
-955 585
-954 634
-953 609
-952 626
-951 685
-950 613
-949 665
-948 710
-947 654
-946 617
-945 649
-944 618
-943 664
-942 705
-941 669
-940 739
-939 700
-938 754
-937 744
-936 786
-935 714
-934 737
-933 764
-932 788
-931 717
-930 704
-929 693
-928 714
-927 708
-926 709
-925 626
-924 704
-923 722
-922 719
-921 747
-920 742
-919 730
-918 721
-917 802
-916 764
-915 789
-914 770
-913 778
-912 796
-911 766
-910 772
-909 787
-908 830
-907 769
-906 864
-905 914
-904 954
-903 957
-902 942
-901 958
-900 950
-899 927
-898 879
-897 959
-896 942
-895 972
-894 1029
-893 1035
-892 1045
-891 1001
-890 1044
-889 1046
-888 1034
-887 1082
-886 1052
-885 1163
-884 1169
-883 1113
-882 1149
-881 1141
-880 1184
-879 1203
-878 1182
-877 1121
-876 1190
-875 1197
-874 1166
-873 1239
-872 1206
-871 1154
-870 1139
-869 1119
-868 1201
-867 1185
-866 1208
-865 1192
-864 1198
-863 1210
-862 1237
-861 1269
-860 1229
-859 1231
-858 1232
-857 1270
-856 1186
-855 1237
-854 1190
-853 1202
-852 1195
-851 1154
-850 1223
-849 1225
-848 1214
-847 1171
-846 1164
-845 1208
-844 1220
-843 1284
-842 1248
-841 1243
-840 1212
-839 1281
-838 1225
-837 1339
-836 1265
-835 1197
-834 1201
-833 1249
-832 1291
-831 1311
-830 1353
-829 1341
-828 1345
-827 1407
-826 1383
-825 1359
-824 1384
-823 1338
-822 1366
-821 1376
-820 1443
-819 1513
-818 1455
-817 1568
-816 1572
-815 1553
-814 1524
-813 1624
-812 1667
-811 1735
-810 1565
-809 1741
-808 1749
-807 1671
-806 1670
-805 1700
-804 1749
-803 1715
-802 1659
-801 1682
-800 1801
-799 1815
-798 1748
-797 1841
-796 1817
-795 1822
-794 1971
-793 1945
-792 1905
-791 1922
-790 1901
-789 1999
-788 1987
-787 1956
-786 1994
-785 1973
-784 1984
-783 2039
-782 2080
-781 2057
-780 2127
-779 2141
-778 2082
-777 2259
-776 2230
-775 2253
-774 2266
-773 2427
-772 2414
-771 2538
-770 2534
-769 2481
-768 2478
-767 2447
-766 2488
-765 2598
-764 2626
-763 2627
-762 2634
-761 2622
-760 2621
-759 2707
-758 2723
-757 2705
-756 2785
-755 2855
-754 2960
-753 3010
-752 3044
-751 2953
-750 2973
-749 2960
-748 3079
-747 3048
-746 3183
-745 3024
-744 3163
-743 3193
-742 3212
-741 3241
-740 3291
-739 3138
-738 3300
-737 3492
-736 3301
-735 3333
-734 3336
-733 3287
-732 3411
-731 3521
-730 3441
-729 3642
-728 3641
-727 3709
-726 3584
-725 3806
-724 3707
-723 3717
-722 3809
-721 3781
-720 3912
-719 3900
-718 3984
-717 4043
-716 4006
-715 3944
-714 3972
-713 3920
-712 3986
-711 3945
-710 4123
-709 4202
-708 3999
-707 4090
-706 4121
-705 4015
-704 3968
-703 4205
-702 3903
-701 4063
-700 4095
-699 4113
-698 4057
-697 4023
-696 4063
-695 4258
-694 4172
-693 4101
-692 4202
-691 4149
-690 4173
-689 4149
-688 4316
-687 4489
-686 4602
-685 4597
-684 4797
-683 4748
-682 4999
-681 4950
-680 5272
-679 5323
-678 5295
-677 5305
-676 5468
-675 5450
-674 5585
-673 5603
-672 5497
-671 5606
-670 5634
-669 5572
-668 5560
-667 5626
-666 5587
-665 5651
-664 5683
-663 5661
-662 5786
-661 5698
-660 5892
-659 5814
-658 5904
-657 5954
-656 6081
-655 6037
-654 6083
-653 5920
-652 6052
-651 6089
-650 6151
-649 6189
-648 6036
-647 5981
-646 6156
-645 6204
-644 6077
-643 5908
-642 5988
-641 5852
-640 5865
-639 5996
-638 5865
-637 5971
-636 5861
-635 5896
-634 5934
-633 5885
-632 5925
-631 6043
-630 5963
-629 6037
-628 6045
-627 6055
-626 6182
-625 6229
-624 6157
-623 6260
-622 6308
-621 6376
-620 6298
-619 6385
-618 6454
-617 6386
-616 6254
-615 6261
-614 6439
-613 6307
-612 6352
-611 6341
-610 6367
-609 6371
-608 6380
-607 6371
-606 6567
-605 6544
-604 6519
-603 6599
-602 6574
-601 6596
-600 6633
-599 6717
-598 6680
-597 6830
-596 6742
-595 6852
-594 7115
-593 6983
-592 6924
-591 7060
-590 6967
-589 6894
-588 6926
-587 6919
-586 6800
-585 6951
-584 7112
-583 6894
-582 7052
-581 6985
-580 7062
-579 7095
-578 7045
-577 7078
-576 7121
-575 7179
-574 7243
-573 7374
-572 7474
-571 7546
-570 7688
-569 7685
-568 7756
-567 7902
-566 7971
-565 7936
-564 7849
-563 7734
-562 7546
-561 7504
-560 7586
-559 7630
-558 7550
-557 7457
-556 7494
-555 7513
-554 7475
-553 7416
-552 7442
-551 7511
-550 7447
-549 7238
-548 7365
-547 7551
-546 7438
-545 7304
-544 7393
-543 7389
-542 7422
-541 7424
-540 7586
-539 7555
-538 7474
-537 7576
-536 7597
-535 7703
-534 7489
-533 7728
-532 7732
-531 7763
-530 7571
-529 7530
-528 7493
-527 7535
-526 7714
-525 7725
-524 7602
-523 7574
-522 7652
-521 7674
-520 7701
-519 7786
-518 7676
-517 7747
-516 7707
-515 7942
-514 7829
-513 7920
-512 7814
-511 7888
-510 7675
-509 7933
-508 7737
-507 8001
-506 7662
-505 7697
-504 7698
-503 7635
-502 7627
-501 7758
-500 7811
-499 7776
-498 7695
-497 7632
-496 7784
-495 7561
-494 7736
-493 7586
-492 7542
-491 7593
-490 7700
-489 7668
-488 7421
-487 7256
-486 7329
-485 7307
-484 7342
-483 7435
-482 7326
-481 7313
-480 7327
-479 7330
-478 7200
-477 7260
-476 7193
-475 7275
-474 7184
-473 7218
-472 7292
-471 7156
-470 7157
-469 7072
-468 7229
-467 7109
-466 7279
-465 7135
-464 7174
-463 7010
-462 7062
-461 7132
-460 6917
-459 7077
-458 6700
-457 7102
-456 6763
-455 6740
-454 6791
-453 6793
-452 6917
-451 6880
-450 6751
-449 6794
-448 6817
-447 6783
-446 7001
-445 6943
-444 6737
-443 6939
-442 6877
-441 6941
-440 6958
-439 6790
-438 6869
-437 6966
-436 6776
-435 7043
-434 7005
-433 6813
-432 6782
-431 6743
-430 6960
-429 6779
-428 6878
-427 6962
-426 6802
-425 6990
-424 6889
-423 6749
-422 6770
-421 6755
-420 6541
-419 6681
-418 6647
-417 6647
-416 6663
-415 6417
-414 6510
-413 6422
-412 6476
-411 6416
-410 6367
-409 6442
-408 6270
-407 6419
-406 6100
-405 6149
-404 6272
-403 6098
-402 6199
-401 6163
-400 6120
-399 6129
-398 6198
-397 6203
-396 6082
-395 6075
-394 6159
-393 6115
-392 6105
-391 6045
-390 6070
-389 6049
-388 6036
-387 6130
-386 5997
-385 6031
-384 5971
-383 5887
-382 5965
-381 5892
-380 5837
-379 5719
-378 5839
-377 5918
-376 5883
-375 5775
-374 5631
-373 5627
-372 5764
-371 5745
-370 5614
-369 5538
-368 5674
-367 5744
-366 5656
-365 5670
-364 5423
-363 5557
-362 5598
-361 5541
-360 5418
-359 5412
-358 5463
-357 5507
-356 5463
-355 5518
-354 5480
-353 5496
-352 5362
-351 5355
-350 5373
-349 5252
-348 5379
-347 5345
-346 5423
-345 5366
-344 5317
-343 5417
-342 5220
-341 5216
-340 5156
-339 5212
-338 5156
-337 5065
-336 5121
-335 5166
-334 5092
-333 5148
-332 5042
-331 5030
-330 5000
-329 4999
-328 4955
-327 4927
-326 4789
-325 4892
-324 4785
-323 4785
-322 4854
-321 4615
-320 4780
-319 4651
-318 4755
-317 4718
-316 4706
-315 4772
-314 4690
-313 4732
-312 4694
-311 4637
-310 4598
-309 4532
-308 4631
-307 4501
-306 4509
-305 4466
-304 4467
-303 4532
-302 4475
-301 4384
-300 4380
-299 4427
-298 4340
-297 4404
-296 4321
-295 4210
-294 4291
-293 4271
-292 4342
-291 4113
-290 4226
-289 4208
-288 4074
-287 4161
-286 4079
-285 4039
-284 4110
-283 4056
-282 4005
-281 4080
-280 4011
-279 3883
-278 3948
-277 4009
-276 3885
-275 3978
-274 3905
-273 3853
-272 3745
-271 3858
-270 3829
-269 3814
-268 3729
-267 3810
-266 3740
-265 3712
-264 3774
-263 3861
-262 3726
-261 3674
-260 3808
-259 3748
-258 3788
-257 3739
-256 3753
-255 3560
-254 3680
-253 3713
-252 3635
-251 3594
-250 3756
-249 3717
-248 3725
-247 3701
-246 3654
-245 3543
-244 3532
-243 3532
-242 3615
-241 3582
-240 3545
-239 3539
-238 3564
-237 3575
-236 3536
-235 3449
-234 3556
-233 3510
-232 3642
-231 3587
-230 3467
-229 3440
-228 3471
-227 3401
-226 3439
-225 3386
-224 3396
-223 3564
-222 3368
-221 3357
-220 3375
-219 3394
-218 3407
-217 3293
-216 3239
-215 3210
-214 3225
-213 3205
-212 3197
-211 3250
-210 3198
-209 3125
-208 3089
-207 3156
-206 3106
-205 3131
-204 3087
-203 3109
-202 3069
-201 3226
-200 3054
-199 3101
-198 3032
-197 3129
-196 2994
-195 3007
-194 2988
-193 3065
-192 3003
-191 3105
-190 2948
-189 3052
-188 2998
-187 3089
-186 2920
-185 2871
-184 2907
-183 2876
-182 2839
-181 2797
-180 2861
-179 2754
-178 2777
-177 2898
-176 2845
-175 2875
-174 2847
-173 2923
-172 2789
-171 2837
-170 2659
-169 2699
-168 2804
-167 2713
-166 2751
-165 2695
-164 2776
-163 2700
-162 2641
-161 2710
-160 2517
-159 2669
-158 2558
-157 2591
-156 2674
-155 2508
-154 2494
-153 2467
-152 2530
-151 2457
-150 2388
-149 2475
-148 2409
-147 2513
-146 2395
-145 2440
-144 2425
-143 2350
-142 2373
-141 2328
-140 2432
-139 2423
-138 2317
-137 2308
-136 2353
-135 2208
-134 2221
-133 2252
-132 2262
-131 2254
-130 2203
-129 2102
-128 2225
-127 2144
-126 2102
-125 2214
-124 2144
-123 2074
-122 2086
-121 2064
-120 2015
-119 2053
-118 2072
-117 1996
-116 1936
-115 2057
-114 1966
-113 1992
-112 1893
-111 1934
-110 1913
-109 1846
-108 1820
-107 1875
-106 1879
-105 1875
-104 1801
-103 1784
-102 1855
-101 1813
-100 1749
-99 1776
-98 1755
-97 1733
-96 1715
-95 1763
-94 1733
-93 1687
-92 1697
-91 1751
-90 1717
-89 1780
-88 1710
-87 1636
-86 1605
-85 1667
-84 1619
-83 1561
-82 1609
-81 1596
-80 1563
-79 1597
-78 1594
-77 1580
-76 1529
-75 1513
-74 1578
-73 1597
-72 1526
-71 1507
-70 1498
-69 1420
-68 1512
-67 1492
-66 1464
-65 1483
-64 1444
-63 1496
-62 1396
-61 1360
-60 1393
-59 1395
-58 1465
-57 1396
-56 1398
-55 1332
-54 1370
-53 1335
-52 1422
-51 1375
-50 1394
-49 1389
-48 1355
-47 1378
-46 1302
-45 1332
-44 1313
-43 1316
-42 1349
-41 1312
-40 1301
-39 1251
-38 1287
-37 1249
-36 1257
-35 1264
-34 1215
-33 1261
-32 1253
-31 1263
-30 1194
-29 1229
-28 1284
-27 1218
-26 1228
-25 1230
-24 1209
-23 1183
-22 1177
-21 1131
-20 1151
-19 1164
-18 1132
-17 1133
-16 1168
-15 1137
-14 1099
-13 1161
-12 1100
-11 1113
-10 1076
-9 1112
-8 1083
-7 1058
-6 1092
-5 1096
-4 1125
-3 1017
-2 1018
-1 1115
0 1099
1 1043
2 1018
3 1045
4 1062
5 1047
6 1046
7 1016
8 1001
9 971
10 943
11 1005
12 969
13 993
14 1000
15 952
16 991
17 1028
18 980
19 950
20 981
21 936
22 995
23 967
24 971
25 960
26 927
27 919
28 956
29 894
30 915
31 931
32 898
33 978
34 906
35 913
36 915
37 861
38 913
39 854
40 903
41 854
42 878
43 809
44 879
45 888
46 826
47 799
48 829
49 819
50 841
51 862
52 824
53 820
54 829
55 768
56 769
57 757
58 800
59 751
60 800
61 732
62 783
63 774
64 754
65 733
66 743
67 788
68 692
69 761
70 762
71 748
72 714
73 745
74 695
75 721
76 724
77 742
78 710
79 746
80 695
81 672
82 686
83 730
84 671
85 737
86 740
87 651
88 677
89 675
90 639
91 675
92 686
93 664
94 665
95 654
96 611
97 596
98 721
99 639
100 640
101 646
102 650
103 675
104 641
105 625
106 625
107 633
108 624
109 592
110 631
111 604
112 585
113 631
114 626
115 587
116 578
117 600
118 612
119 580
120 580
121 540
122 575
123 542
124 533
125 519
126 591
127 517
128 503
129 563
130 551
131 534
132 542
133 541
134 539
135 487
136 515
137 489
138 513
139 540
140 520
141 533
142 502
143 525
144 512
145 515
146 496
147 489
148 496
149 528
150 449
151 518
152 483
153 527
154 449
155 490
156 489
157 469
158 423
159 459
160 485
161 487
162 446
163 448
164 462
165 461
166 462
167 468
168 432
169 437
170 447
171 479
172 434
173 413
174 442
175 437
176 421
177 418
178 418
179 444
180 423
181 418
182 413
183 385
184 394
185 412
186 400
187 366
188 413
189 372
190 356
191 369
192 382
193 426
194 358
195 356
196 389
197 383
198 390
199 338
200 360
201 371
202 331
203 367
204 351
205 334
206 349
207 384
208 369
209 347
210 311
211 359
212 371
213 329
214 336
215 333
216 366
217 337
218 331
219 351
220 294
221 320
222 350
223 343
224 348
225 329
226 347
227 329
228 321
229 304
230 349
231 302
232 297
233 268
234 283
235 298
236 324
237 320
238 329
239 321
240 297
241 355
242 305
243 314
244 290
245 308
246 292
247 293
248 305
249 296
250 277
251 289
252 284
253 285
254 309
255 290
256 275
257 273
258 278
259 258
260 302
261 273
262 265
263 285
264 261
265 283
266 274
267 253
268 222
269 249
270 285
271 255
272 294
273 245
274 252
275 220
276 276
277 247
278 248
279 230
280 231
281 251
282 247
283 227
284 220
285 243
286 250
287 241
288 248
289 254
290 252
291 249
292 231
293 235
294 265
295 245
296 226
297 208
298 251
299 219
300 216
301 223
302 227
303 226
304 215
305 225
306 227
307 207
308 207
309 221
310 216
311 214
312 227
313 212
314 218
315 227
316 194
317 213
318 203
319 217
320 190
321 226
322 216
323 196
324 205
325 194
326 199
327 198
328 181
329 190
330 193
331 171
332 220
333 189
334 187
335 196
336 173
337 189
338 193
339 186
340 176
341 156
342 180
343 172
344 176
345 206
346 191
347 206
348 183
349 179
350 159
351 182
352 183
353 153
354 178
355 185
356 172
357 193
358 163
359 164
360 182
361 176
362 160
363 171
364 186
365 182
366 159
367 162
368 155
369 166
370 158
371 166
372 147
373 148
374 153
375 160
376 144
377 142
378 159
379 182
380 164
381 166
382 167
383 170
384 154
385 141
386 144
387 133
388 155
389 155
390 139
391 154
392 167
393 152
394 133
395 147
396 136
397 120
398 137
399 146
400 122
401 139
402 121
403 131
404 144
405 140
406 134
407 137
408 144
409 125
410 126
411 135
412 114
413 138
414 155
415 117
416 124
417 120
418 127
419 138
420 117
421 148
422 113
423 124
424 129
425 130
426 114
427 123
428 100
429 110
430 126
431 130
432 122
433 128
434 146
435 106
436 111
437 116
438 131
439 102
440 115
441 122
442 115
443 130
444 109
445 111
446 105
447 111
448 107
449 86
450 100
451 108
452 117
453 102
454 121
455 90
456 112
457 118
458 105
459 99
460 96
461 98
462 109
463 110
464 105
465 104
466 98
467 106
468 107
469 108
470 108
471 96
472 108
473 90
474 98
475 116
476 92
477 80
478 97
479 94
480 104
481 107
482 86
483 95
484 89
485 84
486 80
487 105
488 92
489 98
490 85
491 100
492 94
493 114
494 96
495 83
496 102
497 93
498 94
499 84
500 77
501 71
502 75
503 91
504 83
505 81
506 85
507 65
508 84
509 91
510 76
511 71
512 75
513 68
514 78
515 82
516 81
517 79
518 63
519 91
520 80
521 83
522 85
523 79
524 77
525 78
526 65
527 76
528 69
529 61
530 62
531 67
532 73
533 60
534 53
535 79
536 63
537 62
538 81
539 73
540 78
541 38
542 48
543 63
544 61
545 54
546 69
547 61
548 70
549 49
550 59
551 51
552 61
553 60
554 57
555 64
556 55
557 56
558 57
559 78
560 54
561 49
562 50
563 56
564 63
565 59
566 63
567 56
568 56
569 48
570 52
571 48
572 56
573 41
574 47
575 48
576 59
577 50
578 50
579 56
580 53
581 38
582 47
583 55
584 49
585 40
586 55
587 54
588 60
589 35
590 47
591 43
592 50
593 53
594 61
595 34
596 42
597 52
598 42
599 51
600 37
601 39
602 37
603 55
604 44
605 53
606 35
607 48
608 42
609 43
610 44
611 35
612 48
613 42
614 35
615 42
616 36
617 50
618 40
619 33
620 44
621 38
622 43
623 41
624 36
625 28
626 36
627 25
628 34
629 40
630 47
631 38
632 37
633 34
634 34
635 36
636 37
637 33
638 40
639 37
640 22
641 40
642 37
643 28
644 36
645 32
646 27
647 33
648 33
649 34
650 29
651 37
652 28
653 33
654 30
655 31
656 37
657 36
658 29
659 30
660 31
661 45
662 30
663 35
664 38
665 38
666 29
667 30
668 28
669 39
670 31
671 19
672 26
673 26
674 25
675 26
676 42
677 27
678 34
679 26
680 23
681 23
682 32
683 34
684 28
685 29
686 26
687 24
688 25
689 34
690 16
691 25
692 30
693 21
694 28
695 36
696 24
697 20
698 19
699 22
700 24
701 21
702 22
703 19
704 25
705 15
706 25
707 24
708 26
709 27
710 27
711 31
712 21
713 29
714 21
715 35
716 24
717 20
718 21
719 20
720 18
721 23
722 19
723 20
724 20
725 15
726 22
727 21
728 20
729 13
730 13
731 14
732 11
733 20
734 17
735 26
736 24
737 23
738 17
739 14
740 18
741 21
742 16
743 25
744 13
745 15
746 13
747 13
748 13
749 24
750 16
751 24
752 16
753 13
754 16
755 24
756 17
757 28
758 16
759 11
760 12
761 15
762 19
763 16
764 19
765 20
766 14
767 19
768 10
769 11
770 14
771 12
772 13
773 14
774 15
775 14
776 11
777 29
778 11
779 11
780 19
781 18
782 9
783 15
784 11
785 17
786 14
787 12
788 16
789 13
790 15
791 9
792 13
793 9
794 15
795 20
796 8
797 15
798 19
799 12
800 14
801 9
802 10
803 11
804 13
805 25
806 16
807 15
808 10
809 12
810 19
811 13
812 15
813 12
814 15
815 4
816 10
817 14
818 9
819 11
820 15
821 11
822 14
823 5
824 9
825 13
826 12
827 14
828 8
829 15
830 11
831 14
832 8
833 11
834 15
835 14
836 12
837 7
838 8
839 9
840 11
841 14
842 15
843 11
844 8
845 7
846 13
847 9
848 14
849 15
850 14
851 15
852 11
853 10
854 10
855 13
856 12
857 17
858 9
859 11
860 11
861 9
862 6
863 8
864 11
865 8
866 13
867 14
868 5
869 10
870 10
871 16
872 8
873 13
874 7
875 13
876 13
877 10
878 15
879 7
880 4
881 9
882 14
883 14
884 11
885 8
886 13
887 11
888 12
889 6
890 9
891 8
892 13
893 10
894 13
895 11
896 16
897 10
898 9
899 9
900 9
901 14
902 6
903 3
904 2
905 9
906 12
907 10
908 6
909 9
910 6
911 6
912 9
913 6
914 7
915 4
916 6
917 8
918 12
919 3
920 4
921 5
922 12
923 11
924 8
925 3
926 9
927 6
928 6
929 9
930 4
931 3
932 11
933 6
934 5
935 13
936 8
937 10
938 8
939 12
940 2
941 11
942 10
943 10
944 12
945 5
946 6
947 7
948 8
949 12
950 9
951 8
952 5
953 8
954 5
955 9
956 2
957 7
958 2
959 10
960 5
961 10
962 11
963 6
964 10
965 6
966 12
967 5
968 5
969 6
970 8
971 10
972 8
973 4
974 7
975 8
976 6
977 4
978 6
979 6
980 12
981 4
982 6
983 7
984 7
985 7
986 9
987 14
988 9
989 8
990 4
991 8
992 6
993 9
994 4
995 8
996 3
997 6
998 7
999 8
1000 3
1001 8
1002 4
1003 7
1004 7
1005 6
1006 4
1007 7
1008 6
1009 10
1010 8
1011 4
1012 7
1013 12
1014 5
1015 9
1016 5
1017 8
1018 7
1019 11
1020 3
1021 13
1022 9
1023 3
1024 5
1025 9
1026 5
1027 10
1028 8
1029 7
1030 9
1031 6
1032 9
1033 2
1034 4
1035 3
1036 7
1037 9
1038 4
1039 4
1040 7
1041 8
1042 10
1043 8
1044 9
1045 4
1046 3
1047 6
1048 6
1049 7
1050 3
1051 4
1052 11
1053 4
1054 5
1055 5
1056 7
1057 7
1058 9
1059 2
1060 10
1061 1
1062 7
1063 2
1064 6
1065 7
1066 10
1067 7
1068 8
1069 7
1070 7
1071 5
1072 5
1073 8
1074 6
1075 6
1076 5
1077 4
1078 8
1079 8
1080 3
1081 5
1082 5
1083 10
1084 7
1085 7
1086 7
1087 4
1088 4
1089 11
1090 5
1091 9
1092 7
1093 5
1094 8
1095 2
1096 7
1097 8
1098 6
1099 7
1100 2
1101 3
1102 6
1103 10
1104 2
1105 6
1106 7
1107 8
1108 11
1109 11
1110 7
1111 9
1112 7
1113 10
1114 9
1115 4
1116 9
1117 6
1118 8
1119 7
1120 9
1121 6
1122 6
1123 7
1124 3
1125 7
1126 5
1127 11
1128 6
1129 6
1130 5
1131 6
1132 6
1133 8
1134 10
1135 8
1136 8
1137 10
1138 11
1139 7
1140 7
1141 10
1142 2
1143 8
1144 8
1145 8
1146 7
1147 6
1148 2
1149 7
1150 6
1151 8
1152 9
1153 7
1154 9
1155 5
1156 4
1157 2
1158 7
1159 5
1160 8
1161 3
1162 4
1163 5
1164 6
1165 6
1166 4
1167 2
1168 8
1169 5
1170 1
1171 9
1172 5
1173 8
1174 3
1175 2
1176 4
1177 4
1178 7
1179 4
1180 6
1181 10
1182 5
1183 9
1184 8
1185 11
1186 6
1187 5
1188 7
1189 4
1190 3
1191 8
1192 5
1193 9
1194 1
1195 5
1196 5
1197 5
1198 9
1199 10
1200 7
1201 6
1202 4
1203 1
1204 6
1205 9
1206 5
1207 6
1208 8
1209 9
1210 7
1211 7
1212 6
1213 7
1214 5
1215 3
1216 8
1217 6
1218 11
1219 6
1220 8
1221 6
1222 8
1223 3
1224 10
1225 11
1226 4
1227 6
1228 4
1229 7
1230 4
1231 5
1232 3
1233 4
1234 6
1235 8
1236 2
1237 7
1238 10
1239 6
1240 4
1241 7
1242 3
1243 8
1244 6
1245 5
1246 8
1247 10
1248 6
1249 2
1250 1
1251 2
1252 8
1253 9
1254 5
1255 2
1256 8
1257 6
1258 6
1259 7
1260 8
1261 7
1262 5
1263 10
1264 8
1265 7
1266 7
1267 13
1268 2
1269 1
1270 6
1271 6
1272 5
1273 5
1274 3
1275 5
1276 6
1277 4
1278 7
1279 4
1280 8
1281 9
1282 7
1283 8
1284 7
1285 7
1286 5
1287 4
1288 5
1289 7
1290 6
1291 8
1292 5
1293 5
1294 5
1295 5
1296 9
1297 11
1298 7
1299 11
1300 3
1301 6
1302 5
1303 7
1304 3
1305 4
1306 11
1307 6
1308 6
1309 7
1310 3
1311 2
1312 2
1313 7
1314 8
1315 3
1316 6
1317 6
1318 6
1319 9
1320 4
1321 8
1322 4
1323 4
1324 5
1325 3
1326 6
1327 5
1328 1
1329 2
1330 6
1331 4
1332 4
1333 5
1334 6
1335 3
1336 1
1337 4
1338 2
1339 3
1340 3
1341 7
1342 3
1344 3
1345 4
1346 4
1347 4
1349 2
1350 1
1351 3
1353 3
1354 5
1355 4
1356 3
1357 3
1358 8
1359 7
1360 5
1361 1
1362 2
1363 2
1364 4
1365 2
1366 4
1367 2
1368 5
1369 2
1370 3
1371 3
1372 7
1373 3
1374 2
1375 2
1377 1
1378 4
1379 3
1380 2
1382 4
1383 1
1384 4
1385 4
1387 3
1388 2
1389 4
1390 2
1391 1
1392 3
1393 1
1394 4
1395 3
1396 2
1397 2
1398 2
1399 3
1400 3
1401 4
1402 3
1403 2
1404 1
1405 4
1406 1
1407 2
1408 2
1409 1
1411 4
1412 1
1413 2
1414 2
1415 2
1417 1
1418 2
1419 4
1420 4
1421 3
1422 2
1423 2
1424 3
1425 2
1426 2
1427 1
1428 2
1429 2
1433 1
1434 2
1436 2
1437 4
1438 1
1439 3
1440 2
1441 1
1442 1
1445 2
1446 1
1447 2
1448 1
1449 2
1451 1
1453 2
1454 2
1455 2
1457 1
1459 1
1460 1
1462 2
1465 1
1466 2
1467 1
1468 3
1469 3
1470 1
1472 1
1474 1
1475 1
1476 1
1478 1
1479 2
1480 3
1481 1
1482 1
1483 1
1484 1
1486 1
1487 2
1489 2
1492 1
1494 1
1496 3
1500 1
1502 1
1503 1
1504 3
1505 2
1506 1
1509 1
1511 1
1522 2
1523 1
1525 1
1526 2
1529 2
1532 2
1534 1
1536 5
1538 1
1542 3
1545 2
1547 1
1550 2
1555 1
1559 2
1560 1
1567 1
1569 1
1576 1
1581 1
1582 1
1590 1
1593 1
1602 1
1605 1
1610 1
1611 1
1615 1
1624 1
1645 1
1651 1
1653 1
1672 1
1673 1
1686 1
1690 1
1704 1
1707 1
1713 1
1731 1
