-1008 2
-1007 6
-1006 7
-1005 25
-1004 25
-1003 43
-1002 50
-1001 65
-1000 83
-999 70
-998 104
-997 135
-996 158
-995 160
-994 176
-993 215
-992 214
-991 223
-990 219
-989 239
-988 238
-987 215
-986 226
-985 205
-984 255
-983 269
-982 256
-981 262
-980 257
-979 263
-978 270
-977 244
-976 246
-975 252
-974 281
-973 260
-972 270
-971 271
-970 261
-969 253
-968 273
-967 217
-966 239
-965 228
-964 240
-963 209
-962 238
-961 243
-960 229
-959 242
-958 267
-957 271
-956 231
-955 247
-954 280
-953 247
-952 242
-951 226
-950 250
-949 267
-948 266
-947 296
-946 266
-945 290
-944 288
-943 280
-942 272
-941 288
-940 291
-939 283
-938 279
-937 301
-936 327
-935 274
-934 291
-933 306
-932 354
-931 416
-930 381
-929 418
-928 360
-927 346
-926 403
-925 359
-924 343
-923 352
-922 382
-921 425
-920 403
-919 458
-918 446
-917 422
-916 432
-915 448
-914 454
-913 447
-912 402
-911 458
-910 463
-909 457
-908 473
-907 432
-906 450
-905 455
-904 463
-903 449
-902 473
-901 450
-900 430
-899 414
-898 450
-897 417
-896 438
-895 458
-894 460
-893 481
-892 484
-891 470
-890 463
-889 547
-888 506
-887 468
-886 488
-885 523
-884 456
-883 513
-882 486
-881 500
-880 527
-879 478
-878 537
-877 496
-876 512
-875 520
-874 539
-873 543
-872 597
-871 571
-870 598
-869 647
-868 715
-867 692
-866 704
-865 678
-864 699
-863 641
-862 690
-861 737
-860 738
-859 721
-858 759
-857 781
-856 750
-855 662
-854 731
-853 712
-852 713
-851 757
-850 787
-849 717
-848 789
-847 815
-846 786
-845 776
-844 763
-843 803
-842 852
-841 854
-840 899
-839 831
-838 856
-837 856
-836 877
-835 881
-834 869
-833 878
-832 912
-831 899
-830 887
-829 870
-828 917
-827 917
-826 855
-825 908
-824 897
-823 894
-822 941
-821 906
-820 899
-819 981
-818 918
-817 974
-816 1031
-815 1026
-814 1068
-813 1008
-812 1045
-811 1103
-810 1048
-809 1060
-808 1027
-807 1014
-806 1020
-805 1050
-804 1089
-803 1055
-802 1048
-801 1048
-800 1099
-799 1080
-798 1071
-797 1115
-796 1139
-795 1171
-794 996
-793 1104
-792 1093
-791 1104
-790 1185
-789 1140
-788 1190
-787 1148
-786 1127
-785 1104
-784 1093
-783 1191
-782 1222
-781 1088
-780 1104
-779 1128
-778 1191
-777 1138
-776 1130
-775 1099
-774 1108
-773 1114
-772 1148
-771 1166
-770 1187
-769 1178
-768 1163
-767 1169
-766 1156
-765 1172
-764 1217
-763 1196
-762 1177
-761 1227
-760 1276
-759 1311
-758 1271
-757 1385
-756 1344
-755 1302
-754 1302
-753 1489
-752 1453
-751 1393
-750 1460
-749 1451
-748 1457
-747 1486
-746 1483
-745 1497
-744 1421
-743 1528
-742 1565
-741 1496
-740 1559
-739 1551
-738 1567
-737 1670
-736 1724
-735 1655
-734 1738
-733 1870
-732 1817
-731 1924
-730 1842
-729 1876
-728 1948
-727 1875
-726 1915
-725 1903
-724 1946
-723 1982
-722 2007
-721 1936
-720 1883
-719 1967
-718 1938
-717 2020
-716 1951
-715 2026
-714 2006
-713 2091
-712 2080
-711 2101
-710 2258
-709 2130
-708 2138
-707 2211
-706 2215
-705 2210
-704 2167
-703 2166
-702 2217
-701 2100
-700 2187
-699 2290
-698 2332
-697 2269
-696 2318
-695 2230
-694 2236
-693 2272
-692 2362
-691 2237
-690 2339
-689 2423
-688 2465
-687 2453
-686 2429
-685 2616
-684 2549
-683 2589
-682 2711
-681 2653
-680 2789
-679 2781
-678 2805
-677 2808
-676 2943
-675 2932
-674 2969
-673 3004
-672 3106
-671 3219
-670 3182
-669 3217
-668 3228
-667 3235
-666 3341
-665 3349
-664 3332
-663 3417
-662 3539
-661 3490
-660 3407
-659 3382
-658 3406
-657 3352
-656 3251
-655 3469
-654 3547
-653 3390
-652 3506
-651 3516
-650 3459
-649 3514
-648 3505
-647 3535
-646 3609
-645 3514
-644 3662
-643 3634
-642 3679
-641 3698
-640 3661
-639 3637
-638 3668
-637 3608
-636 3694
-635 3634
-634 3645
-633 3667
-632 3678
-631 3672
-630 3673
-629 3679
-628 3739
-627 3615
-626 3702
-625 3604
-624 3724
-623 3695
-622 3563
-621 3670
-620 3464
-619 3637
-618 3604
-617 3502
-616 3571
-615 3666
-614 3525
-613 3698
-612 3709
-611 3638
-610 3626
-609 3676
-608 3630
-607 3717
-606 3616
-605 3666
-604 3548
-603 3666
-602 3705
-601 3664
-600 3661
-599 3594
-598 3637
-597 3550
-596 3518
-595 3496
-594 3500
-593 3670
-592 3599
-591 3569
-590 3641
-589 3648
-588 3578
-587 3676
-586 3613
-585 3619
-584 3797
-583 3843
-582 3914
-581 3915
-580 3979
-579 3937
-578 4105
-577 4048
-576 4046
-575 4107
-574 4207
-573 4315
-572 4238
-571 4320
-570 4412
-569 4384
-568 4361
-567 4419
-566 4355
-565 4376
-564 4385
-563 4479
-562 4503
-561 4594
-560 4544
-559 4575
-558 4435
-557 4528
-556 4686
-555 4724
-554 4723
-553 4780
-552 4681
-551 4848
-550 4813
-549 4783
-548 4998
-547 5055
-546 5122
-545 4853
-544 5190
-543 5071
-542 5126
-541 5145
-540 5126
-539 5081
-538 5321
-537 5144
-536 5202
-535 5271
-534 5436
-533 5466
-532 5394
-531 5515
-530 5485
-529 5633
-528 5675
-527 5652
-526 5761
-525 5529
-524 5613
-523 5570
-522 5545
-521 5678
-520 5494
-519 5707
-518 5619
-517 5665
-516 5509
-515 5590
-514 5530
-513 5447
-512 5775
-511 5596
-510 5681
-509 5618
-508 5604
-507 5717
-506 5850
-505 5769
-504 5827
-503 5901
-502 5750
-501 6030
-500 6233
-499 5884
-498 5966
-497 5917
-496 6220
-495 6085
-494 5989
-493 6162
-492 6178
-491 6146
-490 6332
-489 6017
-488 6104
-487 6032
-486 6237
-485 6152
-484 6253
-483 6012
-482 6238
-481 6307
-480 6101
-479 6172
-478 6203
-477 6101
-476 6181
-475 6139
-474 6187
-473 6131
-472 6284
-471 6332
-470 6272
-469 6379
-468 6331
-467 6483
-466 6315
-465 6172
-464 6362
-463 6546
-462 6429
-461 6320
-460 6258
-459 6523
-458 6400
-457 6450
-456 6287
-455 6450
-454 6313
-453 6432
-452 6365
-451 6415
-450 6373
-449 6502
-448 6566
-447 6499
-446 6634
-445 6519
-444 6629
-443 6443
-442 6529
-441 6337
-440 6566
-439 6590
-438 6776
-437 6490
-436 6487
-435 6517
-434 6567
-433 6562
-432 6591
-431 6536
-430 6613
-429 6613
-428 6597
-427 6612
-426 6709
-425 6710
-424 6734
-423 6687
-422 6735
-421 6649
-420 6646
-419 6650
-418 6662
-417 6653
-416 6764
-415 6730
-414 6736
-413 6914
-412 6795
-411 6828
-410 6852
-409 6993
-408 6867
-407 6802
-406 6939
-405 7031
-404 7032
-403 7065
-402 7007
-401 6950
-400 6907
-399 6880
-398 6947
-397 7076
-396 6845
-395 7083
-394 7001
-393 6897
-392 7056
-391 7023
-390 6869
-389 7002
-388 6941
-387 6918
-386 6927
-385 6864
-384 6903
-383 6966
-382 6815
-381 6761
-380 6711
-379 6685
-378 6799
-377 6681
-376 6645
-375 6740
-374 6839
-373 6689
-372 6812
-371 6660
-370 6729
-369 6686
-368 6540
-367 6476
-366 6605
-365 6542
-364 6702
-363 6465
-362 6557
-361 6396
-360 6355
-359 6437
-358 6266
-357 6192
-356 6269
-355 6393
-354 6236
-353 6444
-352 6337
-351 6256
-350 6378
-349 6128
-348 6347
-347 6284
-346 6187
-345 6363
-344 6119
-343 6258
-342 6269
-341 6187
-340 6036
-339 6293
-338 6176
-337 6247
-336 6156
-335 6219
-334 6054
-333 6124
-332 6041
-331 6082
-330 5970
-329 6064
-328 6143
-327 6130
-326 6214
-325 6209
-324 6181
-323 6203
-322 6100
-321 6070
-320 6077
-319 6029
-318 6062
-317 6007
-316 5981
-315 5942
-314 6046
-313 5975
-312 5755
-311 5888
-310 5882
-309 5862
-308 5829
-307 5829
-306 5798
-305 5833
-304 5702
-303 5802
-302 5701
-301 5682
-300 5670
-299 5738
-298 5515
-297 5779
-296 5450
-295 5560
-294 5612
-293 5742
-292 5678
-291 5660
-290 5718
-289 5630
-288 5801
-287 5526
-286 5647
-285 5636
-284 5473
-283 5573
-282 5514
-281 5560
-280 5502
-279 5558
-278 5540
-277 5408
-276 5493
-275 5447
-274 5456
-273 5530
-272 5501
-271 5481
-270 5531
-269 5457
-268 5389
-267 5438
-266 5494
-265 5397
-264 5390
-263 5411
-262 5339
-261 5373
-260 5379
-259 5323
-258 5159
-257 5246
-256 5434
-255 5463
-254 5420
-253 5329
-252 5289
-251 5309
-250 5366
-249 5232
-248 5299
-247 5301
-246 5213
-245 5280
-244 5084
-243 5269
-242 5269
-241 5009
-240 5206
-239 5182
-238 5166
-237 5230
-236 5093
-235 5081
-234 5137
-233 5127
-232 5074
-231 5161
-230 5121
-229 5101
-228 5062
-227 5001
-226 5126
-225 4998
-224 4948
-223 5064
-222 5064
-221 5047
-220 4971
-219 4983
-218 5084
-217 4944
-216 4888
-215 4929
-214 4962
-213 5016
-212 4956
-211 4947
-210 4881
-209 4846
-208 5028
-207 4964
-206 4967
-205 4932
-204 4736
-203 4754
-202 4916
-201 4771
-200 4855
-199 4814
-198 4843
-197 4779
-196 4706
-195 4708
-194 4761
-193 4805
-192 4753
-191 4743
-190 4713
-189 4736
-188 4624
-187 4595
-186 4703
-185 4647
-184 4603
-183 4589
-182 4575
-181 4623
-180 4629
-179 4539
-178 4492
-177 4565
-176 4656
-175 4484
-174 4545
-173 4549
-172 4479
-171 4345
-170 4363
-169 4337
-168 4428
-167 4459
-166 4323
-165 4448
-164 4425
-163 4317
-162 4261
-161 4385
-160 4435
-159 4299
-158 4265
-157 4246
-156 4262
-155 4148
-154 4205
-153 4320
-152 4179
-151 4250
-150 4295
-149 4184
-148 4292
-147 4141
-146 4174
-145 4309
-144 4156
-143 4021
-142 4042
-141 4037
-140 4047
-139 4167
-138 4076
-137 3985
-136 4041
-135 3909
-134 4013
-133 4123
-132 4013
-131 3944
-130 4073
-129 3870
-128 3811
-127 4020
-126 3889
-125 3845
-124 3930
-123 3999
-122 3849
-121 3903
-120 3811
-119 3878
-118 3816
-117 3727
-116 3837
-115 3709
-114 3743
-113 3713
-112 3750
-111 3832
-110 3790
-109 3745
-108 3793
-107 3689
-106 3746
-105 3586
-104 3709
-103 3601
-102 3668
-101 3646
-100 3577
-99 3627
-98 3617
-97 3624
-96 3632
-95 3578
-94 3569
-93 3555
-92 3542
-91 3595
-90 3572
-89 3494
-88 3500
-87 3618
-86 3479
-85 3520
-84 3510
-83 3533
-82 3406
-81 3364
-80 3400
-79 3314
-78 3381
-77 3260
-76 3348
-75 3386
-74 3203
-73 3380
-72 3340
-71 3252
-70 3333
-69 3295
-68 3285
-67 3267
-66 3202
-65 3233
-64 3324
-63 3208
-62 3196
-61 3088
-60 3060
-59 3145
-58 3173
-57 3062
-56 2858
-55 3091
-54 3039
-53 3061
-52 3042
-51 3026
-50 3086
-49 2966
-48 2939
-47 2950
-46 2997
-45 2922
-44 2866
-43 2879
-42 2928
-41 2895
-40 2924
-39 2948
-38 2944
-37 2839
-36 2790
-35 2838
-34 2831
-33 2873
-32 2795
-31 2702
-30 2764
-29 2767
-28 2699
-27 2745
-26 2667
-25 2710
-24 2591
-23 2580
-22 2600
-21 2631
-20 2627
-19 2559
-18 2550
-17 2475
-16 2545
-15 2374
-14 2526
-13 2506
-12 2464
-11 2445
-10 2416
-9 2437
-8 2424
-7 2432
-6 2464
-5 2372
-4 2417
-3 2323
-2 2372
-1 2313
0 2229
1 2262
2 2345
3 2275
4 2224
5 2214
6 2171
7 2292
8 2224
9 2216
10 2201
11 2170
12 2145
13 2152
14 2115
15 2078
16 2058
17 2115
18 2066
19 2038
20 2087
21 2089
22 2046
23 2078
24 2091
25 2028
26 1993
27 1920
28 2003
29 1981
30 1952
31 1949
32 1923
33 1919
34 1888
35 1872
36 1833
37 1865
38 1896
39 1941
40 1907
41 1784
42 1788
43 1804
44 1773
45 1773
46 1788
47 1771
48 1766
49 1786
50 1642
51 1648
52 1702
53 1640
54 1688
55 1659
56 1608
57 1594
58 1650
59 1584
60 1530
61 1488
62 1532
63 1549
64 1544
65 1535
66 1533
67 1492
68 1528
69 1415
70 1410
71 1479
72 1407
73 1412
74 1381
75 1441
76 1425
77 1354
78 1310
79 1336
80 1379
81 1316
82 1318
83 1315
84 1287
85 1320
86 1290
87 1273
88 1268
89 1332
90 1264
91 1250
92 1238
93 1236
94 1204
95 1196
96 1196
97 1192
98 1192
99 1172
100 1181
101 1192
102 1083
103 1114
104 1146
105 1105
106 1119
107 1075
108 1097
109 1019
110 1086
111 1073
112 1040
113 1042
114 1050
115 1074
116 1032
117 978
118 1015
119 961
120 986
121 937
122 921
123 932
124 941
125 951
126 954
127 880
128 908
129 946
130 892
131 916
132 864
133 931
134 866
135 905
136 865
137 806
138 805
139 873
140 909
141 811
142 831
143 842
144 767
145 832
146 789
147 773
148 764
149 728
150 749
151 751
152 809
153 762
154 759
155 792
156 743
157 786
158 731
159 680
160 682
161 717
162 737
163 744
164 684
165 683
166 664
167 669
168 666
169 650
170 677
171 692
172 677
173 689
174 649
175 710
176 667
177 664
178 642
179 608
180 557
181 615
182 641
183 610
184 582
185 627
186 613
187 574
188 582
189 548
190 574
191 580
192 537
193 558
194 578
195 566
196 521
197 558
198 535
199 518
200 493
201 580
202 504
203 526
204 532
205 500
206 537
207 520
208 523
209 462
210 513
211 529
212 500
213 523
214 463
215 494
216 458
217 461
218 461
219 435
220 475
221 465
222 413
223 446
224 433
225 442
226 422
227 423
228 451
229 411
230 428
231 424
232 411
233 453
234 401
235 422
236 381
237 389
238 427
239 387
240 401
241 386
242 444
243 410
244 365
245 382
246 363
247 390
248 327
249 380
250 356
251 368
252 334
253 341
254 350
255 352
256 362
257 335
258 345
259 345
260 341
261 342
262 315
263 321
264 316
265 335
266 336
267 329
268 298
269 302
270 305
271 305
272 334
273 271
274 289
275 300
276 283
277 297
278 291
279 283
280 298
281 273
282 309
283 296
284 274
285 260
286 294
287 265
288 263
289 274
290 234
291 276
292 263
293 259
294 269
295 249
296 248
297 262
298 255
299 213
300 243
301 250
302 253
303 258
304 240
305 261
306 264
307 241
308 249
309 225
310 233
311 238
312 238
313 199
314 236
315 233
316 231
317 212
318 254
319 220
320 222
321 182
322 222
323 246
324 235
325 209
326 195
327 193
328 190
329 208
330 190
331 210
332 202
333 192
334 223
335 220
336 220
337 187
338 204
339 195
340 194
341 185
342 213
343 190
344 214
345 214
346 216
347 194
348 182
349 197
350 198
351 191
352 207
353 201
354 183
355 189
356 198
357 189
358 192
359 170
360 177
361 210
362 180
363 198
364 174
365 208
366 194
367 222
368 212
369 232
370 212
371 195
372 182
373 204
374 182
375 212
376 208
377 178
378 211
379 173
380 219
381 194
382 193
383 176
384 182
385 194
386 175
387 183
388 183
389 171
390 183
391 170
392 215
393 179
394 192
395 166
396 170
397 166
398 195
399 215
400 175
401 208
402 177
403 199
404 173
405 196
406 165
407 167
408 200
409 172
410 172
411 181
412 205
413 187
414 205
415 208
416 188
417 192
418 205
419 191
420 197
421 199
422 181
423 194
424 182
425 189
426 209
427 208
428 192
429 204
430 200
431 221
432 189
433 186
434 201
435 187
436 209
437 232
438 222
439 216
440 214
441 205
442 212
443 216
444 230
445 212
446 229
447 200
448 231
449 218
450 263
451 239
452 246
453 238
454 241
455 227
456 239
457 246
458 227
459 216
460 227
461 207
462 263
463 242
464 207
465 221
466 249
467 238
468 221
469 239
470 251
471 232
472 220
473 225
474 225
475 236
476 236
477 226
478 237
479 243
480 237
481 231
482 262
483 257
484 240
485 229
486 250
487 246
488 254
489 238
490 224
491 252
492 241
493 236
494 245
495 221
496 253
497 236
498 245
499 255
500 233
501 252
502 253
503 291
504 249
505 279
506 235
507 242
508 264
509 240
510 248
511 252
512 261
513 280
514 253
515 269
516 262
517 246
518 262
519 249
520 277
521 239
522 237
523 236
524 271
525 250
526 271
527 275
528 250
529 227
530 261
531 256
532 244
533 229
534 264
535 251
536 236
537 266
538 241
539 261
540 251
541 244
542 266
543 258
544 259
545 228
546 238
547 251
548 246
549 254
550 260
551 248
552 220
553 247
554 263
555 245
556 242
557 270
558 241
559 252
560 253
561 239
562 244
563 232
564 246
565 207
566 236
567 246
568 235
569 248
570 208
571 214
572 246
573 263
574 247
575 229
576 212
577 222
578 234
579 246
580 262
581 212
582 223
583 235
584 232
585 232
586 226
587 249
588 227
589 206
590 224
591 258
592 230
593 242
594 210
595 226
596 217
597 229
598 239
599 233
600 202
601 221
602 199
603 210
604 235
605 205
606 229
607 188
608 230
609 229
610 201
611 203
612 239
613 230
614 233
615 218
616 241
617 239
618 220
619 219
620 204
621 230
622 197
623 200
624 216
625 209
626 217
627 222
628 196
629 204
630 209
631 181
632 164
633 184
634 211
635 199
636 212
637 193
638 193
639 177
640 207
641 203
642 196
643 200
644 205
645 188
646 212
647 168
648 189
649 205
650 169
651 173
652 175
653 176
654 186
655 188
656 163
657 202
658 165
659 179
660 185
661 200
662 175
663 155
664 158
665 167
666 185
667 194
668 179
669 177
670 174
671 172
672 172
673 190
674 163
675 171
676 192
677 161
678 167
679 148
680 181
681 154
682 166
683 148
684 154
685 171
686 165
687 174
688 171
689 186
690 143
691 169
692 176
693 167
694 147
695 158
696 142
697 153
698 141
699 164
700 185
701 133
702 164
703 157
704 162
705 149
706 158
707 177
708 165
709 151
710 165
711 161
712 138
713 142
714 147
715 150
716 148
717 145
718 157
719 139
720 138
721 149
722 145
723 165
724 127
725 149
726 145
727 148
728 141
729 133
730 160
731 135
732 160
733 136
734 146
735 123
736 133
737 164
738 141
739 126
740 149
741 135
742 140
743 145
744 132
745 144
746 132
747 138
748 130
749 124
750 134
751 126
752 115
753 132
754 126
755 137
756 116
757 127
758 123
759 124
760 110
761 135
762 119
763 134
764 119
765 114
766 113
767 117
768 106
769 113
770 115
771 102
772 115
773 114
774 120
775 119
776 111
777 132
778 136
779 100
780 96
781 119
782 121
783 125
784 119
785 112
786 105
787 93
788 95
789 104
790 109
791 110
792 109
793 110
794 92
795 107
796 94
797 108
798 97
799 113
800 104
801 88
802 96
803 122
804 93
805 93
806 115
807 88
808 113
809 88
810 109
811 95
812 87
813 90
814 85
815 105
816 88
817 95
818 98
819 89
820 95
821 94
822 90
823 87
824 92
825 105
826 88
827 83
828 85
829 88
830 83
831 79
832 86
833 79
834 92
835 92
836 94
837 98
838 90
839 108
840 71
841 75
842 69
843 83
844 81
845 66
846 83
847 98
848 80
849 95
850 73
851 75
852 79
853 81
854 75
855 80
856 75
857 61
858 78
859 73
860 88
861 68
862 70
863 71
864 77
865 73
866 66
867 75
868 59
869 66
870 85
871 58
872 69
873 59
874 68
875 62
876 62
877 65
878 72
879 72
880 65
881 53
882 53
883 56
884 61
885 52
886 49
887 64
888 56
889 66
890 62
891 70
892 60
893 51
894 54
895 62
896 53
897 61
898 41
899 57
900 53
901 71
902 61
903 48
904 59
905 47
906 48
907 63
908 56
909 57
910 37
911 51
912 68
913 56
914 52
915 67
916 55
917 58
918 63
919 48
920 41
921 38
922 58
923 54
924 54
925 48
926 50
927 67
928 51
929 53
930 48
931 57
932 59
933 53
934 55
935 50
936 36
937 56
938 39
939 47
940 48
941 37
942 46
943 48
944 41
945 41
946 42
947 36
948 47
949 42
950 43
951 37
952 33
953 43
954 39
955 27
956 47
957 46
958 30
959 48
960 45
961 35
962 26
963 39
964 32
965 40
966 35
967 49
968 31
969 37
970 37
971 39
972 37
973 30
974 30
975 37
976 35
977 31
978 35
979 35
980 31
981 31
982 23
983 37
984 32
985 37
986 27
987 35
988 32
989 40
990 38
991 37
992 24
993 23
994 23
995 42
996 32
997 20
998 33
999 37
1000 20
1001 32
1002 24
1003 33
1004 28
1005 22
1006 31
1007 29
1008 36
1009 27
1010 30
1011 23
1012 25
1013 29
1014 30
1015 30
1016 25
1017 29
1018 27
1019 25
1020 28
1021 36
1022 27
1023 25
1024 29
1025 27
1026 30
1027 21
1028 24
1029 37
1030 27
1031 30
1032 17
1033 23
1034 23
1035 23
1036 16
1037 23
1038 14
1039 19
1040 18
1041 16
1042 30
1043 22
1044 21
1045 27
1046 20
1047 21
1048 17
1049 18
1050 22
1051 20
1052 16
1053 29
1054 18
1055 10
1056 16
1057 29
1058 19
1059 17
1060 19
1061 14
1062 18
1063 15
1064 15
1065 13
1066 13
1067 19
1068 21
1069 19
1070 20
1071 23
1072 16
1073 16
1074 20
1075 14
1076 14
1077 19
1078 24
1079 15
1080 20
1081 10
1082 22
1083 21
1084 12
1085 21
1086 21
1087 13
1088 13
1089 16
1090 10
1091 18
1092 11
1093 16
1094 18
1095 16
1096 11
1097 11
1098 24
1099 16
1100 11
1101 15
1102 12
1103 7
1104 8
1105 10
1106 5
1107 15
1108 15
1109 14
1110 11
1111 13
1112 20
1113 16
1114 9
1115 12
1116 9
1117 14
1118 13
1119 8
1120 12
1121 8
1122 12
1123 13
1124 14
1125 8
1126 16
1127 10
1128 11
1129 8
1130 9
1131 8
1132 8
1133 16
1134 16
1135 9
1136 10
1137 5
1138 10
1139 10
1140 11
1141 9
1142 9
1143 6
1144 10
1145 7
1146 14
1147 12
1148 11
1149 9
1150 15
1151 9
1152 10
1153 7
1154 6
1155 3
1156 6
1157 10
1158 8
1159 7
1160 12
1161 6
1162 10
1163 10
1164 12
1165 9
1166 4
1167 11
1168 10
1169 9
1170 4
1171 12
1172 6
1173 12
1174 7
1175 8
1176 3
1177 13
1178 6
1179 8
1180 5
1181 6
1182 12
1183 6
1184 9
1185 15
1186 3
1187 7
1188 3
1189 8
1190 3
1191 7
1192 13
1193 5
1194 5
1195 7
1196 6
1197 11
1198 2
1199 7
1200 7
1201 5
1202 3
1203 2
1204 2
1205 10
1206 5
1207 5
1208 8
1209 5
1210 7
1211 5
1212 5
1213 3
1214 5
1215 4
1216 4
1217 3
1218 5
1219 7
1220 4
1221 7
1222 6
1223 5
1224 8
1225 3
1226 6
1227 6
1228 5
1229 3
1230 3
1231 6
1232 4
1233 3
1234 5
1235 4
1236 6
1237 2
1238 7
1239 3
1240 9
1241 3
1242 4
1243 4
1244 4
1245 2
1246 1
1247 1
1248 8
1249 6
1250 6
1251 5
1252 5
1253 2
1254 2
1255 3
1257 4
1258 5
1259 3
1260 2
1261 1
1262 2
1263 3
1264 4
1265 2
1266 4
1267 1
1268 4
1269 4
1270 6
1271 1
1272 7
1273 1
1274 4
1275 2
1276 2
1277 4
1278 1
1280 2
1281 4
1282 6
1283 2
1284 4
1285 3
1286 2
1287 9
1288 2
1289 5
1290 4
1291 3
1292 7
1293 2
1294 7
1295 4
1296 2
1297 2
1298 2
1299 3
1301 3
1302 4
1303 1
1304 2
1305 1
1306 5
1307 1
1308 3
1309 1
1310 1
1311 1
1312 2
1313 2
1314 4
1315 1
1317 1
1318 3
1319 2
1322 1
1323 4
1324 2
1325 2
1326 1
1327 1
1328 5
1329 2
1330 1
1331 1
1332 1
1333 1
1335 2
1336 1
1337 2
1338 5
1340 1
1341 3
1342 1
1343 3
1344 1
1346 1
1348 3
1349 1
1350 2
1352 1
1355 1
1356 3
1357 3
1358 1
1359 1
1360 3
1362 1
1363 2
1369 2
1371 1
1372 1
1374 1
1375 3
1377 3
1378 1
1379 2
1380 2
1383 2
1384 1
1387 1
1390 1
1395 1
1396 3
1398 2
1403 1
1405 1
1408 2
1412 1
1414 2
1415 1
1416 1
1417 1
1420 1
1423 1
1424 2
1425 2
1426 1
1427 1
1433 1
1435 1
1441 1
1442 1
1444 1
1445 1
1450 1
1455 1
1456 1
1458 2
1459 4
1460 2
1463 1
1464 1
1467 1
1468 1
1478 1
1482 1
1491 3
1493 1
1494 1
1496 1
1501 1
1505 1
1514 1
1533 1
1539 1
1555 1
1581 1
