-1417 2
-1415 1
-1414 3
-1413 1
-1412 5
-1411 8
-1410 11
-1409 7
-1408 10
-1407 17
-1406 17
-1405 33
-1404 33
-1403 46
-1402 52
-1401 80
-1400 102
-1399 100
-1398 111
-1397 114
-1396 114
-1395 143
-1394 126
-1393 145
-1392 154
-1391 176
-1390 202
-1389 196
-1388 234
-1387 219
-1386 202
-1385 225
-1384 244
-1383 264
-1382 267
-1381 267
-1380 301
-1379 262
-1378 300
-1377 306
-1376 328
-1375 329
-1374 351
-1373 323
-1372 325
-1371 298
-1370 315
-1369 294
-1368 299
-1367 316
-1366 293
-1365 282
-1364 297
-1363 295
-1362 279
-1361 297
-1360 285
-1359 297
-1358 291
-1357 304
-1356 273
-1355 246
-1354 259
-1353 262
-1352 262
-1351 280
-1350 241
-1349 302
-1348 310
-1347 316
-1346 272
-1345 327
-1344 301
-1343 307
-1342 281
-1341 299
-1340 271
-1339 255
-1338 229
-1337 237
-1336 295
-1335 280
-1334 278
-1333 285
-1332 259
-1331 296
-1330 317
-1329 296
-1328 280
-1327 325
-1326 291
-1325 299
-1324 311
-1323 315
-1322 312
-1321 310
-1320 318
-1319 316
-1318 347
-1317 336
-1316 358
-1315 316
-1314 367
-1313 347
-1312 357
-1311 372
-1310 373
-1309 392
-1308 418
-1307 435
-1306 422
-1305 432
-1304 462
-1303 509
-1302 484
-1301 527
-1300 563
-1299 541
-1298 583
-1297 581
-1296 654
-1295 678
-1294 626
-1293 613
-1292 638
-1291 610
-1290 602
-1289 653
-1288 645
-1287 625
-1286 631
-1285 629
-1284 658
-1283 672
-1282 714
-1281 700
-1280 719
-1279 759
-1278 713
-1277 797
-1276 779
-1275 825
-1274 783
-1273 795
-1272 839
-1271 792
-1270 871
-1269 815
-1268 809
-1267 779
-1266 776
-1265 793
-1264 751
-1263 789
-1262 760
-1261 764
-1260 802
-1259 786
-1258 861
-1257 752
-1256 763
-1255 759
-1254 753
-1253 726
-1252 731
-1251 797
-1250 781
-1249 791
-1248 794
-1247 782
-1246 767
-1245 860
-1244 926
-1243 953
-1242 889
-1241 928
-1240 937
-1239 920
-1238 882
-1237 827
-1236 825
-1235 825
-1234 817
-1233 780
-1232 833
-1231 850
-1230 886
-1229 919
-1228 996
-1227 1019
-1226 1085
-1225 1026
-1224 1009
-1223 946
-1222 999
-1221 1050
-1220 1078
-1219 1089
-1218 1089
-1217 1095
-1216 1037
-1215 1075
-1214 1084
-1213 1041
-1212 1070
-1211 1157
-1210 1134
-1209 1075
-1208 1117
-1207 1127
-1206 1088
-1205 1025
-1204 1154
-1203 1107
-1202 1111
-1201 1078
-1200 1083
-1199 1081
-1198 1135
-1197 1099
-1196 1170
-1195 1160
-1194 1225
-1193 1304
-1192 1334
-1191 1399
-1190 1365
-1189 1412
-1188 1400
-1187 1309
-1186 1351
-1185 1436
-1184 1546
-1183 1421
-1182 1557
-1181 1459
-1180 1524
-1179 1463
-1178 1510
-1177 1425
-1176 1450
-1175 1375
-1174 1419
-1173 1452
-1172 1450
-1171 1463
-1170 1438
-1169 1382
-1168 1407
-1167 1480
-1166 1401
-1165 1472
-1164 1457
-1163 1357
-1162 1380
-1161 1368
-1160 1411
-1159 1401
-1158 1481
-1157 1471
-1156 1519
-1155 1354
-1154 1440
-1153 1473
-1152 1429
-1151 1439
-1150 1518
-1149 1477
-1148 1488
-1147 1547
-1146 1559
-1145 1564
-1144 1660
-1143 1756
-1142 1566
-1141 1612
-1140 1654
-1139 1641
-1138 1679
-1137 1716
-1136 1719
-1135 1732
-1134 1575
-1133 1690
-1132 1774
-1131 1701
-1130 1699
-1129 1782
-1128 1900
-1127 1856
-1126 1822
-1125 1903
-1124 1840
-1123 1753
-1122 1904
-1121 1869
-1120 1863
-1119 1778
-1118 1803
-1117 1756
-1116 1765
-1115 1844
-1114 1749
-1113 1809
-1112 1902
-1111 1814
-1110 1913
-1109 1934
-1108 1968
-1107 2052
-1106 1976
-1105 2011
-1104 2070
-1103 2035
-1102 1969
-1101 2106
-1100 2060
-1099 1999
-1098 2148
-1097 1990
-1096 2161
-1095 2117
-1094 2094
-1093 2058
-1092 2060
-1091 2091
-1090 2148
-1089 2197
-1088 2185
-1087 2183
-1086 2182
-1085 2287
-1084 2157
-1083 2251
-1082 2079
-1081 2240
-1080 2215
-1079 2193
-1078 2138
-1077 2194
-1076 2218
-1075 2244
-1074 2261
-1073 2312
-1072 2350
-1071 2414
-1070 2448
-1069 2542
-1068 2564
-1067 2582
-1066 2776
-1065 2707
-1064 2678
-1063 2715
-1062 2677
-1061 2809
-1060 2843
-1059 2905
-1058 2935
-1057 2909
-1056 2864
-1055 2852
-1054 3147
-1053 3029
-1052 3044
-1051 3137
-1050 3307
-1049 3166
-1048 3335
-1047 3337
-1046 3378
-1045 3367
-1044 3472
-1043 3396
-1042 3456
-1041 3483
-1040 3444
-1039 3435
-1038 3401
-1037 3407
-1036 3415
-1035 3486
-1034 3580
-1033 3489
-1032 3573
-1031 3322
-1030 3415
-1029 3424
-1028 3391
-1027 3504
-1026 3366
-1025 3487
-1024 3412
-1023 3385
-1022 3455
-1021 3387
-1020 3588
-1019 3475
-1018 3420
-1017 3523
-1016 3480
-1015 3434
-1014 3541
-1013 3548
-1012 3489
-1011 3666
-1010 3561
-1009 3515
-1008 3589
-1007 3786
-1006 3745
-1005 3757
-1004 3667
-1003 3535
-1002 3567
-1001 3623
-1000 3730
-999 3813
-998 3747
-997 3619
-996 3695
-995 3838
-994 3818
-993 3908
-992 3971
-991 4133
-990 4101
-989 4233
-988 4228
-987 4363
-986 4470
-985 4550
-984 4624
-983 4615
-982 4633
-981 4729
-980 4779
-979 4829
-978 4980
-977 4991
-976 5176
-975 5064
-974 5307
-973 5205
-972 5276
-971 5423
-970 5395
-969 5398
-968 5499
-967 5522
-966 5512
-965 5533
-964 5711
-963 5658
-962 6003
-961 5891
-960 5820
-959 5921
-958 5815
-957 5953
-956 5995
-955 6070
-954 6154
-953 6151
-952 6197
-951 6105
-950 6149
-949 5872
-948 5892
-947 6048
-946 5894
-945 6000
-944 5863
-943 6011
-942 5872
-941 5947
-940 5978
-939 5858
-938 5910
-937 6067
-936 5910
-935 5930
-934 5975
-933 5941
-932 5806
-931 6010
-930 5886
-929 5849
-928 5907
-927 5873
-926 5913
-925 6105
-924 5969
-923 5990
-922 5994
-921 5984
-920 6177
-919 6164
-918 6191
-917 6239
-916 6219
-915 6269
-914 6205
-913 6248
-912 6297
-911 6416
-910 6365
-909 6416
-908 6442
-907 6291
-906 6213
-905 6327
-904 6562
-903 6429
-902 6451
-901 6415
-900 6812
-899 6800
-898 6799
-897 6864
-896 7143
-895 7078
-894 7175
-893 7075
-892 7066
-891 7256
-890 7137
-889 7387
-888 7359
-887 7304
-886 7560
-885 7519
-884 7415
-883 7306
-882 7477
-881 7582
-880 7756
-879 7694
-878 7741
-877 7988
-876 7757
-875 7520
-874 7693
-873 7412
-872 7510
-871 7398
-870 7465
-869 7150
-868 7266
-867 7154
-866 7265
-865 7302
-864 7222
-863 7226
-862 7203
-861 7193
-860 7055
-859 7155
-858 7305
-857 7370
-856 7144
-855 7182
-854 7189
-853 7159
-852 6981
-851 7156
-850 7304
-849 7409
-848 7340
-847 7388
-846 7508
-845 7383
-844 7524
-843 7575
-842 7520
-841 7635
-840 7644
-839 7681
-838 8030
-837 8098
-836 8023
-835 8021
-834 8135
-833 8021
-832 8052
-831 8153
-830 8113
-829 8053
-828 8054
-827 8141
-826 8030
-825 8197
-824 8352
-823 8300
-822 8194
-821 8315
-820 8210
-819 8291
-818 8293
-817 8381
-816 8257
-815 8212
-814 8062
-813 8200
-812 8041
-811 8069
-810 7988
-809 8098
-808 8039
-807 8058
-806 8167
-805 7909
-804 7946
-803 7808
-802 7753
-801 7855
-800 7590
-799 7570
-798 7672
-797 7706
-796 7569
-795 7534
-794 7406
-793 7529
-792 7297
-791 7419
-790 7568
-789 7399
-788 7447
-787 7336
-786 7428
-785 7223
-784 7115
-783 7115
-782 7057
-781 7049
-780 6960
-779 6947
-778 6898
-777 6827
-776 6763
-775 6682
-774 6704
-773 6716
-772 6615
-771 6592
-770 6719
-769 6558
-768 6704
-767 6604
-766 6553
-765 6486
-764 6561
-763 6540
-762 6305
-761 6433
-760 6478
-759 6487
-758 6442
-757 6483
-756 6510
-755 6317
-754 6255
-753 6370
-752 6284
-751 6351
-750 6461
-749 6273
-748 6202
-747 6218
-746 6220
-745 6181
-744 6230
-743 6246
-742 6322
-741 6223
-740 6194
-739 6200
-738 6281
-737 6255
-736 6365
-735 6384
-734 6167
-733 6242
-732 6263
-731 6216
-730 6313
-729 6130
-728 6227
-727 6286
-726 6203
-725 6018
-724 6234
-723 6080
-722 6189
-721 6147
-720 6070
-719 6226
-718 6241
-717 6092
-716 6051
-715 6219
-714 6015
-713 6153
-712 6091
-711 6004
-710 6118
-709 6115
-708 5966
-707 6016
-706 6108
-705 6063
-704 5941
-703 5814
-702 5755
-701 5806
-700 5923
-699 5720
-698 5778
-697 6026
-696 5661
-695 5880
-694 5864
-693 5819
-692 5943
-691 5843
-690 6008
-689 5817
-688 6068
-687 5868
-686 5915
-685 5818
-684 5782
-683 5627
-682 5741
-681 5643
-680 5565
-679 5607
-678 5651
-677 5448
-676 5536
-675 5465
-674 5474
-673 5295
-672 5448
-671 5456
-670 5391
-669 5375
-668 5431
-667 5372
-666 5286
-665 5287
-664 5242
-663 5323
-662 5172
-661 5233
-660 5152
-659 5198
-658 5038
-657 5173
-656 5056
-655 5064
-654 5130
-653 4954
-652 5047
-651 4951
-650 4942
-649 5042
-648 4993
-647 4963
-646 5018
-645 5013
-644 4788
-643 4830
-642 4886
-641 4830
-640 4828
-639 4795
-638 4775
-637 4767
-636 4777
-635 4703
-634 4830
-633 4641
-632 4757
-631 4763
-630 4758
-629 4615
-628 4900
-627 4728
-626 4634
-625 4577
-624 4646
-623 4798
-622 4636
-621 4725
-620 4702
-619 4608
-618 4791
-617 4778
-616 4665
-615 4783
-614 4651
-613 4676
-612 4752
-611 4592
-610 4601
-609 4486
-608 4474
-607 4589
-606 4580
-605 4500
-604 4532
-603 4491
-602 4393
-601 4424
-600 4314
-599 4235
-598 4319
-597 4261
-596 4219
-595 4242
-594 4145
-593 4219
-592 4361
-591 4216
-590 4275
-589 4162
-588 4207
-587 4281
-586 4260
-585 4253
-584 4265
-583 4269
-582 4395
-581 4208
-580 4149
-579 4211
-578 4163
-577 4060
-576 4020
-575 4114
-574 3976
-573 4020
-572 4013
-571 4022
-570 3935
-569 3927
-568 3985
-567 3986
-566 3920
-565 3811
-564 3787
-563 3763
-562 3631
-561 3783
-560 3739
-559 3636
-558 3558
-557 3675
-556 3559
-555 3566
-554 3563
-553 3420
-552 3448
-551 3452
-550 3513
-549 3486
-548 3519
-547 3449
-546 3435
-545 3369
-544 3482
-543 3459
-542 3338
-541 3309
-540 3381
-539 3382
-538 3432
-537 3353
-536 3300
-535 3268
-534 3331
-533 3335
-532 3345
-531 3146
-530 3146
-529 3217
-528 3073
-527 3242
-526 3162
-525 3179
-524 3192
-523 3219
-522 3120
-521 3121
-520 3148
-519 3112
-518 3066
-517 3176
-516 3043
-515 3050
-514 3020
-513 3030
-512 2965
-511 3076
-510 2991
-509 3069
-508 2965
-507 2879
-506 2927
-505 3018
-504 2898
-503 2873
-502 2942
-501 2800
-500 2857
-499 2925
-498 2853
-497 2904
-496 2872
-495 2853
-494 2862
-493 2879
-492 2772
-491 2814
-490 2861
-489 2767
-488 2825
-487 2776
-486 2702
-485 2755
-484 2771
-483 2782
-482 2750
-481 2719
-480 2773
-479 2646
-478 2681
-477 2689
-476 2636
-475 2583
-474 2712
-473 2666
-472 2668
-471 2628
-470 2640
-469 2616
-468 2692
-467 2600
-466 2578
-465 2566
-464 2602
-463 2574
-462 2561
-461 2372
-460 2408
-459 2471
-458 2514
-457 2495
-456 2460
-455 2477
-454 2445
-453 2384
-452 2429
-451 2403
-450 2312
-449 2448
-448 2376
-447 2451
-446 2422
-445 2395
-444 2325
-443 2422
-442 2313
-441 2355
-440 2282
-439 2325
-438 2311
-437 2293
-436 2294
-435 2237
-434 2261
-433 2207
-432 2260
-431 2201
-430 2131
-429 2180
-428 2265
-427 2155
-426 2229
-425 2174
-424 2074
-423 2163
-422 2190
-421 2067
-420 2057
-419 2052
-418 1950
-417 2033
-416 2035
-415 2088
-414 2113
-413 2029
-412 1996
-411 2038
-410 2006
-409 2027
-408 1935
-407 2000
-406 1874
-405 1964
-404 1938
-403 1904
-402 1839
-401 1872
-400 1860
-399 1861
-398 1720
-397 1917
-396 1792
-395 1763
-394 1797
-393 1768
-392 1763
-391 1727
-390 1780
-389 1719
-388 1742
-387 1737
-386 1663
-385 1731
-384 1696
-383 1752
-382 1770
-381 1747
-380 1756
-379 1616
-378 1633
-377 1626
-376 1632
-375 1693
-374 1613
-373 1643
-372 1628
-371 1636
-370 1624
-369 1572
-368 1546
-367 1609
-366 1549
-365 1556
-364 1555
-363 1550
-362 1503
-361 1515
-360 1494
-359 1492
-358 1502
-357 1489
-356 1517
-355 1453
-354 1488
-353 1502
-352 1432
-351 1440
-350 1464
-349 1448
-348 1408
-347 1431
-346 1363
-345 1410
-344 1421
-343 1306
-342 1441
-341 1315
-340 1317
-339 1245
-338 1286
-337 1274
-336 1316
-335 1333
-334 1271
-333 1237
-332 1272
-331 1275
-330 1175
-329 1261
-328 1276
-327 1230
-326 1185
-325 1179
-324 1216
-323 1216
-322 1195
-321 1201
-320 1127
-319 1228
-318 1123
-317 1156
-316 1108
-315 1205
-314 1165
-313 1105
-312 1138
-311 1121
-310 1162
-309 1128
-308 1125
-307 1110
-306 1079
-305 1093
-304 1107
-303 1033
-302 1052
-301 1088
-300 1102
-299 1054
-298 1063
-297 1001
-296 1027
-295 1009
-294 1097
-293 1097
-292 1021
-291 1046
-290 1025
-289 1037
-288 1066
-287 1061
-286 1011
-285 991
-284 1048
-283 1027
-282 959
-281 966
-280 1028
-279 969
-278 993
-277 931
-276 1032
-275 938
-274 982
-273 990
-272 981
-271 958
-270 997
-269 905
-268 917
-267 910
-266 916
-265 897
-264 931
-263 907
-262 887
-261 915
-260 887
-259 869
-258 879
-257 836
-256 897
-255 877
-254 899
-253 891
-252 890
-251 893
-250 887
-249 867
-248 888
-247 859
-246 859
-245 865
-244 840
-243 787
-242 814
-241 818
-240 846
-239 827
-238 824
-237 827
-236 850
-235 751
-234 836
-233 792
-232 783
-231 779
-230 761
-229 805
-228 798
-227 784
-226 802
-225 839
-224 832
-223 769
-222 774
-221 733
-220 711
-219 762
-218 725
-217 739
-216 757
-215 745
-214 723
-213 697
-212 694
-211 720
-210 695
-209 690
-208 728
-207 720
-206 694
-205 721
-204 674
-203 678
-202 673
-201 725
-200 665
-199 632
-198 687
-197 697
-196 676
-195 667
-194 677
-193 617
-192 652
-191 652
-190 633
-189 601
-188 639
-187 629
-186 597
-185 648
-184 625
-183 605
-182 602
-181 544
-180 629
-179 611
-178 583
-177 580
-176 594
-175 598
-174 632
-173 547
-172 570
-171 542
-170 552
-169 586
-168 596
-167 550
-166 541
-165 538
-164 579
-163 543
-162 571
-161 537
-160 561
-159 566
-158 534
-157 501
-156 530
-155 488
-154 531
-153 479
-152 523
-151 533
-150 524
-149 520
-148 562
-147 523
-146 510
-145 453
-144 492
-143 503
-142 507
-141 484
-140 496
-139 465
-138 478
-137 495
-136 474
-135 487
-134 470
-133 493
-132 492
-131 479
-130 449
-129 477
-128 454
-127 466
-126 434
-125 438
-124 456
-123 426
-122 400
-121 433
-120 465
-119 410
-118 418
-117 445
-116 387
-115 411
-114 438
-113 349
-112 437
-111 425
-110 383
-109 426
-108 419
-107 393
-106 399
-105 376
-104 386
-103 382
-102 405
-101 375
-100 375
-99 399
-98 367
-97 417
-96 404
-95 390
-94 362
-93 362
-92 348
-91 353
-90 361
-89 325
-88 335
-87 371
-86 333
-85 341
-84 324
-83 325
-82 324
-81 310
-80 328
-79 332
-78 330
-77 357
-76 319
-75 326
-74 342
-73 332
-72 331
-71 299
-70 361
-69 306
-68 308
-67 312
-66 395
-65 296
-64 372
-63 309
-62 307
-61 303
-60 325
-59 330
-58 330
-57 310
-56 344
-55 292
-54 287
-53 283
-52 286
-51 297
-50 283
-49 275
-48 285
-47 276
-46 288
-45 293
-44 309
-43 273
-42 248
-41 269
-40 278
-39 241
-38 292
-37 277
-36 289
-35 254
-34 242
-33 276
-32 246
-31 236
-30 256
-29 263
-28 257
-27 255
-26 230
-25 219
-24 253
-23 244
-22 241
-21 259
-20 249
-19 192
-18 244
-17 223
-16 236
-15 244
-14 247
-13 246
-12 218
-11 222
-10 225
-9 220
-8 215
-7 194
-6 230
-5 245
-4 223
-3 202
-2 221
-1 229
0 219
1 219
2 203
3 217
4 207
5 217
6 224
7 211
8 178
9 200
10 206
11 225
12 173
13 177
14 213
15 184
16 193
17 192
18 189
19 155
20 184
21 169
22 187
23 182
24 199
25 174
26 164
27 144
28 174
29 162
30 161
31 152
32 168
33 162
34 161
35 168
36 173
37 175
38 162
39 155
40 163
41 161
42 157
43 154
44 164
45 169
46 151
47 139
48 135
49 134
50 148
51 146
52 154
53 136
54 134
55 147
56 136
57 118
58 127
59 143
60 131
61 153
62 133
63 128
64 129
65 138
66 115
67 134
68 125
69 107
70 137
71 123
72 136
73 148
74 142
75 139
76 117
77 147
78 116
79 133
80 124
81 137
82 97
83 119
84 100
85 114
86 97
87 123
88 120
89 127
90 134
91 111
92 111
93 102
94 99
95 120
96 122
97 100
98 106
99 94
100 109
101 76
102 82
103 97
104 103
105 95
106 97
107 104
108 117
109 97
110 94
111 101
112 96
113 111
114 100
115 92
116 86
117 74
118 92
119 93
120 82
121 83
122 87
123 86
124 107
125 75
126 91
127 81
128 80
129 62
130 85
131 64
132 89
133 83
134 81
135 69
136 64
137 96
138 76
139 78
140 81
141 77
142 71
143 71
144 84
145 72
146 65
147 69
148 82
149 63
150 74
151 70
152 72
153 76
154 73
155 86
156 71
157 74
158 84
159 67
160 69
161 66
162 70
163 79
164 67
165 62
166 74
167 60
168 64
169 66
170 66
171 65
172 57
173 57
174 75
175 55
176 64
177 66
178 50
179 53
180 51
181 65
182 56
183 71
184 67
185 70
186 56
187 56
188 75
189 61
190 53
191 56
192 44
193 58
194 75
195 53
196 52
197 47
198 47
199 48
200 46
201 51
202 49
203 63
204 46
205 32
206 47
207 50
208 44
209 50
210 47
211 38
212 50
213 52
214 48
215 34
216 57
217 49
218 46
219 43
220 36
221 50
222 38
223 51
224 48
225 45
226 42
227 43
228 51
229 43
230 46
231 47
232 44
233 45
234 33
235 41
236 47
237 37
238 41
239 48
240 35
241 30
242 30
243 47
244 53
245 50
246 32
247 37
248 31
249 39
250 55
251 42
252 36
253 40
254 40
255 37
256 32
257 46
258 31
259 44
260 30
261 29
262 36
263 39
264 31
265 44
266 33
267 24
268 37
269 29
270 34
271 34
272 46
273 37
274 25
275 28
276 29
277 28
278 47
279 35
280 31
281 41
282 28
283 26
284 28
285 22
286 33
287 32
288 26
289 20
290 24
291 33
292 32
293 24
294 35
295 41
296 38
297 33
298 27
299 27
300 32
301 29
302 25
303 24
304 23
305 30
306 29
307 38
308 31
309 29
310 20
311 26
312 28
313 27
314 28
315 29
316 19
317 25
318 20
319 30
320 34
321 25
322 27
323 30
324 28
325 29
326 29
327 25
328 25
329 20
330 24
331 29
332 25
333 18
334 31
335 23
336 31
337 27
338 30
339 28
340 29
341 28
342 18
343 22
344 17
345 18
346 28
347 14
348 21
349 29
350 20
351 21
352 21
353 23
354 16
355 24
356 25
357 25
358 23
359 17
360 17
361 23
362 19
363 30
364 20
365 22
366 31
367 18
368 16
369 19
370 20
371 17
372 32
373 24
374 17
375 15
376 16
377 18
378 17
379 23
380 20
381 18
382 19
383 19
384 17
385 21
386 20
387 12
388 21
389 20
390 19
391 18
392 20
393 11
394 22
395 19
396 18
397 14
398 24
399 25
400 20
401 15
402 24
403 16
404 16
405 17
406 20
407 14
408 18
409 14
410 19
411 19
412 20
413 16
414 16
415 10
416 10
417 13
418 14
419 16
420 26
421 17
422 16
423 14
424 12
425 22
426 11
427 19
428 22
429 18
430 15
431 16
432 19
433 14
434 12
435 11
436 14
437 11
438 19
439 13
440 14
441 12
442 13
443 12
444 13
445 10
446 13
447 16
448 14
449 9
450 15
451 15
452 14
453 15
454 17
455 12
456 16
457 17
458 15
459 18
460 12
461 16
462 19
463 19
464 14
465 20
466 15
467 13
468 17
469 15
470 8
471 12
472 10
473 17
474 21
475 12
476 22
477 22
478 10
479 9
480 14
481 10
482 18
483 17
484 9
485 11
486 9
487 18
488 9
489 14
490 14
491 12
492 13
493 11
494 5
495 17
496 11
497 13
498 6
499 11
500 18
501 13
502 9
503 8
504 11
505 18
506 15
507 23
508 14
509 9
510 17
511 14
512 17
513 14
514 11
515 25
516 20
517 15
518 23
519 17
520 19
521 10
522 16
523 19
524 22
525 18
526 17
527 17
528 17
529 21
530 18
531 17
532 22
533 22
534 20
535 19
536 23
537 20
538 22
539 13
540 21
541 18
542 19
543 13
544 25
545 16
546 10
547 17
548 23
549 22
550 16
551 12
552 19
553 18
554 22
555 11
556 14
557 12
558 16
559 9
560 14
561 17
562 13
563 17
564 14
565 18
566 21
567 29
568 21
569 15
570 14
571 14
572 20
573 23
574 14
575 15
576 11
577 13
578 10
579 11
580 18
581 12
582 18
583 12
584 24
585 12
586 24
587 17
588 28
589 16
590 20
591 14
592 17
593 25
594 12
595 17
596 18
597 19
598 17
599 15
600 16
601 18
602 11
603 19
604 19
605 10
606 15
607 22
608 14
609 18
610 17
611 16
612 15
613 20
614 21
615 33
616 24
617 17
618 12
619 18
620 20
621 17
622 10
623 24
624 23
625 19
626 11
627 20
628 22
629 14
630 17
631 26
632 17
633 17
634 24
635 19
636 11
637 13
638 15
639 24
640 18
641 18
642 26
643 17
644 17
645 20
646 18
647 18
648 18
649 22
650 23
651 27
652 28
653 23
654 20
655 24
656 22
657 13
658 14
659 29
660 25
661 17
662 22
663 20
664 25
665 17
666 15
667 29
668 21
669 21
670 22
671 25
672 20
673 26
674 20
675 16
676 20
677 19
678 19
679 22
680 31
681 16
682 21
683 18
684 33
685 24
686 22
687 23
688 37
689 28
690 34
691 19
692 29
693 30
694 31
695 23
696 19
697 18
698 18
699 23
700 22
701 23
702 22
703 22
704 20
705 17
706 22
707 18
708 26
709 18
710 15
711 19
712 20
713 17
714 24
715 18
716 15
717 12
718 25
719 26
720 23
721 15
722 24
723 19
724 19
725 24
726 19
727 8
728 17
729 21
730 18
731 23
732 16
733 18
734 29
735 24
736 22
737 22
738 17
739 26
740 23
741 17
742 19
743 17
744 16
745 19
746 18
747 19
748 17
749 10
750 13
751 15
752 20
753 9
754 17
755 19
756 14
757 15
758 13
759 23
760 17
761 12
762 16
763 19
764 14
765 22
766 18
767 19
768 23
769 11
770 14
771 18
772 23
773 20
774 17
775 13
776 18
777 19
778 16
779 11
780 15
781 17
782 18
783 9
784 18
785 18
786 14
787 17
788 5
789 18
790 18
791 15
792 7
793 10
794 15
795 14
796 17
797 16
798 20
799 15
800 17
801 18
802 20
803 12
804 18
805 11
806 16
807 18
808 11
809 5
810 16
811 18
812 12
813 7
814 13
815 18
816 15
817 11
818 11
819 15
820 14
821 6
822 16
823 12
824 11
825 10
826 14
827 15
828 4
829 11
830 14
831 11
832 16
833 9
834 11
835 11
836 12
837 8
838 14
839 13
840 17
841 8
842 10
843 11
844 15
845 8
846 7
847 9
848 5
849 9
850 9
851 6
852 9
853 5
854 14
855 9
856 11
857 9
858 11
859 11
860 7
861 3
862 6
863 10
864 8
865 7
866 5
867 7
868 10
869 8
870 13
871 9
872 6
873 10
874 4
875 12
876 7
877 9
878 3
879 4
880 8
881 10
882 10
883 9
884 14
885 10
886 4
887 8
888 9
889 11
890 14
891 10
892 7
893 5
894 5
895 2
896 4
897 5
898 3
899 9
900 3
901 5
902 10
903 5
904 10
905 5
906 10
907 7
908 8
909 10
910 7
911 4
912 5
913 5
914 9
915 7
916 5
917 7
918 7
919 7
920 6
921 7
922 2
923 6
925 2
926 3
927 6
928 6
929 7
930 2
931 2
932 4
933 6
934 3
935 5
936 8
937 4
938 6
939 7
940 5
941 3
942 3
943 6
944 6
945 5
946 5
947 6
948 4
949 5
950 5
951 3
952 4
953 9
954 5
955 6
956 5
957 2
958 6
959 3
960 7
961 2
962 2
963 1
964 5
965 5
966 7
967 6
968 5
969 5
970 2
971 6
972 2
973 3
974 4
975 4
976 8
977 3
978 7
979 3
980 1
981 4
982 6
983 1
984 1
985 3
986 3
987 1
988 3
989 2
990 3
991 1
992 3
993 2
994 3
995 1
996 4
997 2
998 2
999 3
1000 5
1001 1
1002 1
1003 2
1004 1
1006 4
1007 4
1008 3
1009 2
1010 3
1011 3
1013 4
1015 2
1016 2
1017 1
1018 1
1019 1
1020 2
1021 4
1023 2
1024 2
1026 3
1027 2
1028 3
1029 1
1030 1
1031 1
1032 1
1033 1
1034 2
1035 4
1036 2
1037 2
1040 1
1041 2
1042 2
1043 1
1044 2
1045 2
1046 3
1047 1
1048 3
1049 2
1050 2
1052 1
1053 1
1054 1
1055 1
1056 2
1057 1
1059 1
1060 2
1061 2
1065 1
1066 4
1067 2
1068 1
1069 1
1071 2
1072 1
1073 1
1074 1
1075 1
1076 1
1077 2
1078 1
1079 1
1080 3
1081 2
1083 1
1084 2
1085 1
1086 2
1087 2
1089 2
1091 1
1092 1
1093 1
1094 1
1095 2
1097 1
1100 2
1101 2
1104 1
1106 4
1107 1
1108 1
1109 1
1111 2
1114 1
1116 1
1118 1
1121 2
1124 1
1125 1
1129 2
1130 1
1133 2
1134 1
1136 1
1137 2
1139 1
1145 2
1146 2
1148 1
1152 1
1153 1
1158 1
1164 1
1171 1
1173 1
1177 1
1181 1
1182 2
1184 1
1186 1
1187 1
1189 1
1190 1
1200 1
1203 1
1211 1
1213 1
1217 1
1220 1
1221 1
1225 1
1227 1
1228 2
1229 1
1236 1
1244 1
1249 1
1259 1
1276 1
1294 1
1301 1
1306 1
1307 1
1315 1
1323 1
1348 1
1389 1
1394 1
