-1183 2
-1182 5
-1181 5
-1180 9
-1179 20
-1178 37
-1177 41
-1176 48
-1175 87
-1174 107
-1173 122
-1172 168
-1171 188
-1170 190
-1169 245
-1168 204
-1167 216
-1166 285
-1165 266
-1164 291
-1163 340
-1162 336
-1161 335
-1160 349
-1159 329
-1158 320
-1157 321
-1156 388
-1155 332
-1154 349
-1153 379
-1152 374
-1151 413
-1150 442
-1149 441
-1148 434
-1147 466
-1146 483
-1145 470
-1144 462
-1143 487
-1142 469
-1141 435
-1140 448
-1139 449
-1138 456
-1137 446
-1136 440
-1135 449
-1134 468
-1133 455
-1132 496
-1131 490
-1130 476
-1129 516
-1128 535
-1127 554
-1126 501
-1125 552
-1124 534
-1123 507
-1122 558
-1121 585
-1120 553
-1119 567
-1118 574
-1117 583
-1116 594
-1115 592
-1114 568
-1113 529
-1112 592
-1111 539
-1110 593
-1109 583
-1108 529
-1107 527
-1106 524
-1105 491
-1104 515
-1103 523
-1102 520
-1101 542
-1100 548
-1099 515
-1098 533
-1097 516
-1096 509
-1095 499
-1094 530
-1093 542
-1092 500
-1091 518
-1090 474
-1089 528
-1088 567
-1087 516
-1086 529
-1085 512
-1084 551
-1083 538
-1082 559
-1081 463
-1080 505
-1079 507
-1078 492
-1077 482
-1076 531
-1075 525
-1074 524
-1073 501
-1072 504
-1071 491
-1070 493
-1069 463
-1068 468
-1067 509
-1066 534
-1065 574
-1064 611
-1063 640
-1062 684
-1061 715
-1060 649
-1059 741
-1058 666
-1057 735
-1056 687
-1055 802
-1054 812
-1053 862
-1052 871
-1051 907
-1050 940
-1049 921
-1048 996
-1047 1085
-1046 1064
-1045 1036
-1044 1103
-1043 1115
-1042 1102
-1041 1061
-1040 1134
-1039 1220
-1038 1221
-1037 1286
-1036 1334
-1035 1272
-1034 1303
-1033 1289
-1032 1287
-1031 1297
-1030 1373
-1029 1388
-1028 1429
-1027 1344
-1026 1429
-1025 1352
-1024 1379
-1023 1344
-1022 1346
-1021 1302
-1020 1361
-1019 1335
-1018 1395
-1017 1416
-1016 1366
-1015 1422
-1014 1357
-1013 1341
-1012 1344
-1011 1373
-1010 1342
-1009 1317
-1008 1358
-1007 1488
-1006 1324
-1005 1349
-1004 1412
-1003 1359
-1002 1452
-1001 1460
-1000 1519
-999 1438
-998 1427
-997 1513
-996 1462
-995 1484
-994 1466
-993 1516
-992 1426
-991 1444
-990 1417
-989 1449
-988 1418
-987 1418
-986 1547
-985 1562
-984 1516
-983 1523
-982 1529
-981 1549
-980 1640
-979 1598
-978 1687
-977 1662
-976 1684
-975 1771
-974 1667
-973 1728
-972 1787
-971 1751
-970 1938
-969 1942
-968 1878
-967 1947
-966 1859
-965 1985
-964 1956
-963 1999
-962 2002
-961 2076
-960 2072
-959 2115
-958 2138
-957 2078
-956 2169
-955 2286
-954 2128
-953 2078
-952 2208
-951 2184
-950 2299
-949 2198
-948 2296
-947 2215
-946 2297
-945 2196
-944 2243
-943 2281
-942 2294
-941 2246
-940 2361
-939 2303
-938 2280
-937 2350
-936 2338
-935 2312
-934 2333
-933 2371
-932 2458
-931 2433
-930 2445
-929 2287
-928 2428
-927 2311
-926 2336
-925 2317
-924 2420
-923 2397
-922 2405
-921 2390
-920 2446
-919 2438
-918 2526
-917 2449
-916 2376
-915 2387
-914 2429
-913 2545
-912 2546
-911 2622
-910 2538
-909 2517
-908 2519
-907 2567
-906 2594
-905 2493
-904 2554
-903 2685
-902 2713
-901 2693
-900 2723
-899 2768
-898 2717
-897 2703
-896 2681
-895 2733
-894 2678
-893 2739
-892 2725
-891 2675
-890 2633
-889 2702
-888 2790
-887 2830
-886 2853
-885 2842
-884 2946
-883 2876
-882 2907
-881 3006
-880 3115
-879 3049
-878 3066
-877 3097
-876 3090
-875 3074
-874 3114
-873 3088
-872 3196
-871 3250
-870 3197
-869 3322
-868 3405
-867 3491
-866 3441
-865 3476
-864 3609
-863 3520
-862 3579
-861 3646
-860 3596
-859 3677
-858 3776
-857 3766
-856 3771
-855 3871
-854 3936
-853 3879
-852 4048
-851 3947
-850 4012
-849 3961
-848 3980
-847 3953
-846 3924
-845 4014
-844 3901
-843 3978
-842 3944
-841 3836
-840 3929
-839 3958
-838 3946
-837 4030
-836 4013
-835 3751
-834 4020
-833 3891
-832 4099
-831 4025
-830 4023
-829 4002
-828 4060
-827 4039
-826 4003
-825 4016
-824 3929
-823 4078
-822 4015
-821 4072
-820 3919
-819 4055
-818 4134
-817 4030
-816 4169
-815 4172
-814 4160
-813 4228
-812 4113
-811 4318
-810 4249
-809 4092
-808 4092
-807 4181
-806 4175
-805 4239
-804 4190
-803 4275
-802 4301
-801 4207
-800 4310
-799 4359
-798 4375
-797 4361
-796 4372
-795 4334
-794 4407
-793 4495
-792 4555
-791 4461
-790 4519
-789 4598
-788 4498
-787 4642
-786 4516
-785 4573
-784 4592
-783 4586
-782 4541
-781 4488
-780 4506
-779 4677
-778 4551
-777 4599
-776 4626
-775 4620
-774 4615
-773 4657
-772 4620
-771 4683
-770 4860
-769 4903
-768 4793
-767 4735
-766 4796
-765 4843
-764 4906
-763 4847
-762 4796
-761 4788
-760 4841
-759 4871
-758 5041
-757 4830
-756 4989
-755 4962
-754 5261
-753 5270
-752 5305
-751 5383
-750 5355
-749 5439
-748 5482
-747 5431
-746 5503
-745 5627
-744 5644
-743 5640
-742 5697
-741 5597
-740 5542
-739 5484
-738 5486
-737 5575
-736 5540
-735 5713
-734 5478
-733 5341
-732 5574
-731 5518
-730 5674
-729 5729
-728 5597
-727 5641
-726 5542
-725 5521
-724 5634
-723 5657
-722 5897
-721 5921
-720 6022
-719 6184
-718 6207
-717 6485
-716 6519
-715 6314
-714 6353
-713 6239
-712 5987
-711 5985
-710 6055
-709 6279
-708 6274
-707 6048
-706 6090
-705 6168
-704 6056
-703 6064
-702 6108
-701 6183
-700 6252
-699 6018
-698 6267
-697 6151
-696 6331
-695 6340
-694 6291
-693 6515
-692 6712
-691 6731
-690 6742
-689 6610
-688 6670
-687 6705
-686 6721
-685 6702
-684 6568
-683 6921
-682 6800
-681 6786
-680 6887
-679 6865
-678 7015
-677 6860
-676 6881
-675 6892
-674 6893
-673 6784
-672 6997
-671 7045
-670 7194
-669 7103
-668 7171
-667 7327
-666 7123
-665 7031
-664 7135
-663 7073
-662 7193
-661 7250
-660 7268
-659 7392
-658 7226
-657 7393
-656 7271
-655 7322
-654 7260
-653 7222
-652 7067
-651 7172
-650 7139
-649 7108
-648 7061
-647 7065
-646 6902
-645 6955
-644 6972
-643 7048
-642 6941
-641 6796
-640 7001
-639 6904
-638 6806
-637 6820
-636 6777
-635 7023
-634 7019
-633 6910
-632 6849
-631 6921
-630 6848
-629 6968
-628 7109
-627 7047
-626 7124
-625 7023
-624 7090
-623 7256
-622 7173
-621 7316
-620 7181
-619 7198
-618 7305
-617 7596
-616 7306
-615 7351
-614 7484
-613 7371
-612 7407
-611 7347
-610 7174
-609 7280
-608 7148
-607 7265
-606 7123
-605 7083
-604 7254
-603 6973
-602 6931
-601 6962
-600 7090
-599 7075
-598 7015
-597 6892
-596 6929
-595 7000
-594 6903
-593 7060
-592 6890
-591 6908
-590 6977
-589 6846
-588 6926
-587 6779
-586 6801
-585 6710
-584 6918
-583 6576
-582 6525
-581 6676
-580 6640
-579 6699
-578 6876
-577 6887
-576 6840
-575 6940
-574 7010
-573 6849
-572 6766
-571 6658
-570 6597
-569 6745
-568 6574
-567 6808
-566 6734
-565 6417
-564 6578
-563 6442
-562 6420
-561 6429
-560 6463
-559 6474
-558 6476
-557 6459
-556 6395
-555 6390
-554 6290
-553 6181
-552 6152
-551 6252
-550 6354
-549 6168
-548 6196
-547 6245
-546 6251
-545 6308
-544 6187
-543 6150
-542 6137
-541 6066
-540 6084
-539 6269
-538 6274
-537 6249
-536 6289
-535 6209
-534 6230
-533 6300
-532 6329
-531 6213
-530 6205
-529 6209
-528 6168
-527 6024
-526 6035
-525 5994
-524 5944
-523 5913
-522 5766
-521 5799
-520 5741
-519 5817
-518 5853
-517 5770
-516 5742
-515 5661
-514 5614
-513 5681
-512 5670
-511 5554
-510 5728
-509 5498
-508 5529
-507 5632
-506 5465
-505 5562
-504 5529
-503 5596
-502 5580
-501 5448
-500 5541
-499 5436
-498 5352
-497 5499
-496 5450
-495 5316
-494 5497
-493 5399
-492 5335
-491 5434
-490 5428
-489 5448
-488 5367
-487 5348
-486 5407
-485 5293
-484 5489
-483 5369
-482 5254
-481 5410
-480 5354
-479 5340
-478 5392
-477 5445
-476 5468
-475 5323
-474 5409
-473 5373
-472 5404
-471 5343
-470 5336
-469 5421
-468 5210
-467 5177
-466 5204
-465 5126
-464 5122
-463 5091
-462 5079
-461 5083
-460 4932
-459 5058
-458 5022
-457 4925
-456 4880
-455 4798
-454 4881
-453 5035
-452 4936
-451 4977
-450 4903
-449 4850
-448 4739
-447 4732
-446 4708
-445 4841
-444 4616
-443 4813
-442 4632
-441 4760
-440 4701
-439 4637
-438 4654
-437 4565
-436 4628
-435 4480
-434 4594
-433 4557
-432 4545
-431 4611
-430 4421
-429 4402
-428 4311
-427 4321
-426 4324
-425 4453
-424 4404
-423 4317
-422 4254
-421 4270
-420 4311
-419 4146
-418 4250
-417 4234
-416 4200
-415 4152
-414 4227
-413 4165
-412 4199
-411 4231
-410 4035
-409 4037
-408 4103
-407 4068
-406 4089
-405 4059
-404 4060
-403 4022
-402 3942
-401 4065
-400 3958
-399 3929
-398 3887
-397 3942
-396 3982
-395 3909
-394 3851
-393 3793
-392 3885
-391 3821
-390 3937
-389 3825
-388 3796
-387 3829
-386 3744
-385 3809
-384 3766
-383 3658
-382 3784
-381 3709
-380 3687
-379 3670
-378 3678
-377 3594
-376 3671
-375 3620
-374 3450
-373 3595
-372 3443
-371 3526
-370 3485
-369 3500
-368 3581
-367 3383
-366 3519
-365 3472
-364 3568
-363 3371
-362 3408
-361 3483
-360 3350
-359 3293
-358 3353
-357 3311
-356 3298
-355 3278
-354 3312
-353 3313
-352 3350
-351 3256
-350 3283
-349 3299
-348 3207
-347 3210
-346 3201
-345 3215
-344 3274
-343 3178
-342 3186
-341 3185
-340 3213
-339 3139
-338 3154
-337 3228
-336 3168
-335 3147
-334 3204
-333 3150
-332 3055
-331 3169
-330 3113
-329 3224
-328 3159
-327 3113
-326 3167
-325 3081
-324 3102
-323 3160
-322 3128
-321 3083
-320 3129
-319 3091
-318 3026
-317 3058
-316 2996
-315 2927
-314 2928
-313 2984
-312 2857
-311 3026
-310 2894
-309 2904
-308 2885
-307 2873
-306 2847
-305 2785
-304 2869
-303 2841
-302 2968
-301 2942
-300 2851
-299 2935
-298 2853
-297 2915
-296 2856
-295 2792
-294 2885
-293 2804
-292 2805
-291 2789
-290 2736
-289 2800
-288 2710
-287 2694
-286 2736
-285 2809
-284 2646
-283 2638
-282 2613
-281 2622
-280 2624
-279 2614
-278 2576
-277 2600
-276 2530
-275 2543
-274 2594
-273 2529
-272 2535
-271 2582
-270 2540
-269 2465
-268 2395
-267 2449
-266 2449
-265 2475
-264 2382
-263 2418
-262 2395
-261 2320
-260 2373
-259 2352
-258 2390
-257 2412
-256 2365
-255 2321
-254 2379
-253 2308
-252 2316
-251 2279
-250 2322
-249 2373
-248 2366
-247 2238
-246 2362
-245 2305
-244 2254
-243 2159
-242 2273
-241 2240
-240 2252
-239 2255
-238 2199
-237 2146
-236 2218
-235 2247
-234 2269
-233 2177
-232 2194
-231 2133
-230 2247
-229 2156
-228 2158
-227 2103
-226 2107
-225 2124
-224 2096
-223 2148
-222 2114
-221 2080
-220 2080
-219 2129
-218 1974
-217 2099
-216 2042
-215 2023
-214 2109
-213 2074
-212 2077
-211 1994
-210 2058
-209 2071
-208 1950
-207 1917
-206 1981
-205 1933
-204 1931
-203 1926
-202 1998
-201 1881
-200 1925
-199 1885
-198 1878
-197 1893
-196 1895
-195 1887
-194 1790
-193 1807
-192 1804
-191 1814
-190 1811
-189 1739
-188 1734
-187 1803
-186 1730
-185 1782
-184 1718
-183 1789
-182 1809
-181 1759
-180 1738
-179 1731
-178 1677
-177 1751
-176 1648
-175 1697
-174 1722
-173 1636
-172 1693
-171 1627
-170 1633
-169 1618
-168 1585
-167 1649
-166 1668
-165 1647
-164 1628
-163 1638
-162 1589
-161 1546
-160 1522
-159 1592
-158 1551
-157 1608
-156 1559
-155 1495
-154 1569
-153 1515
-152 1575
-151 1522
-150 1491
-149 1501
-148 1525
-147 1530
-146 1519
-145 1578
-144 1502
-143 1559
-142 1506
-141 1388
-140 1493
-139 1490
-138 1428
-137 1408
-136 1526
-135 1471
-134 1456
-133 1510
-132 1464
-131 1454
-130 1431
-129 1451
-128 1351
-127 1424
-126 1450
-125 1479
-124 1425
-123 1432
-122 1334
-121 1386
-120 1360
-119 1431
-118 1338
-117 1328
-116 1432
-115 1363
-114 1353
-113 1276
-112 1413
-111 1342
-110 1315
-109 1291
-108 1273
-107 1338
-106 1347
-105 1333
-104 1273
-103 1298
-102 1242
-101 1341
-100 1289
-99 1278
-98 1310
-97 1219
-96 1308
-95 1291
-94 1257
-93 1249
-92 1298
-91 1314
-90 1178
-89 1165
-88 1220
-87 1260
-86 1243
-85 1237
-84 1158
-83 1220
-82 1249
-81 1195
-80 1224
-79 1246
-78 1176
-77 1177
-76 1137
-75 1177
-74 1154
-73 1142
-72 1091
-71 1158
-70 1119
-69 1128
-68 1074
-67 1053
-66 1113
-65 1097
-64 1054
-63 1055
-62 1068
-61 1009
-60 1037
-59 1028
-58 1029
-57 1033
-56 1013
-55 990
-54 962
-53 1007
-52 995
-51 1035
-50 957
-49 949
-48 906
-47 989
-46 909
-45 929
-44 946
-43 886
-42 924
-41 917
-40 963
-39 907
-38 915
-37 942
-36 914
-35 875
-34 910
-33 897
-32 924
-31 868
-30 824
-29 867
-28 862
-27 878
-26 857
-25 853
-24 801
-23 816
-22 806
-21 836
-20 801
-19 761
-18 884
-17 835
-16 787
-15 791
-14 798
-13 765
-12 831
-11 872
-10 817
-9 793
-8 800
-7 784
-6 841
-5 743
-4 855
-3 774
-2 783
-1 812
0 796
1 763
2 712
3 757
4 761
5 712
6 711
7 741
8 730
9 748
10 720
11 698
12 688
13 705
14 706
15 701
16 706
17 670
18 712
19 651
20 745
21 697
22 658
23 659
24 688
25 623
26 635
27 663
28 694
29 610
30 653
31 645
32 580
33 619
34 652
35 611
36 634
37 607
38 623
39 655
40 614
41 591
42 597
43 596
44 637
45 574
46 570
47 573
48 633
49 576
50 575
51 581
52 606
53 598
54 576
55 566
56 555
57 553
58 573
59 553
60 520
61 533
62 556
63 527
64 532
65 518
66 554
67 560
68 528
69 527
70 509
71 494
72 533
73 471
74 499
75 451
76 492
77 476
78 502
79 478
80 470
81 480
82 456
83 443
84 455
85 435
86 442
87 459
88 471
89 442
90 466
91 411
92 406
93 420
94 415
95 457
96 409
97 421
98 437
99 390
100 399
101 401
102 398
103 434
104 352
105 422
106 446
107 357
108 370
109 386
110 352
111 421
112 402
113 394
114 365
115 399
116 390
117 372
118 358
119 351
120 372
121 375
122 403
123 340
124 377
125 331
126 371
127 347
128 322
129 342
130 374
131 310
132 328
133 311
134 335
135 350
136 357
137 325
138 288
139 296
140 320
141 317
142 320
143 314
144 339
145 285
146 276
147 300
148 303
149 249
150 320
151 312
152 283
153 323
154 311
155 299
156 314
157 291
158 263
159 281
160 273
161 276
162 277
163 250
164 285
165 315
166 264
167 283
168 298
169 301
170 265
171 258
172 248
173 241
174 266
175 240
176 265
177 244
178 241
179 252
180 259
181 216
182 254
183 234
184 268
185 251
186 238
187 225
188 226
189 187
190 238
191 238
192 247
193 223
194 220
195 258
196 225
197 239
198 231
199 204
200 208
201 211
202 227
203 215
204 207
205 202
206 237
207 192
208 246
209 192
210 224
211 220
212 205
213 205
214 184
215 196
216 185
217 178
218 175
219 201
220 156
221 194
222 194
223 194
224 171
225 175
226 194
227 178
228 172
229 177
230 183
231 168
232 164
233 164
234 166
235 164
236 154
237 160
238 169
239 147
240 171
241 162
242 152
243 153
244 160
245 147
246 130
247 159
248 125
249 151
250 160
251 162
252 157
253 153
254 163
255 154
256 142
257 131
258 132
259 173
260 128
261 125
262 125
263 134
264 143
265 146
266 130
267 139
268 120
269 144
270 131
271 134
272 129
273 118
274 126
275 147
276 143
277 116
278 119
279 123
280 109
281 123
282 111
283 93
284 111
285 112
286 138
287 122
288 101
289 131
290 127
291 108
292 123
293 110
294 103
295 97
296 97
297 95
298 99
299 114
300 100
301 90
302 112
303 103
304 97
305 94
306 110
307 117
308 114
309 117
310 79
311 82
312 113
313 96
314 95
315 107
316 104
317 85
318 87
319 91
320 100
321 104
322 88
323 77
324 90
325 74
326 83
327 94
328 83
329 85
330 92
331 70
332 85
333 84
334 87
335 76
336 88
337 95
338 73
339 90
340 85
341 90
342 88
343 84
344 67
345 72
346 84
347 85
348 79
349 69
350 79
351 71
352 74
353 69
354 72
355 67
356 84
357 80
358 52
359 76
360 71
361 72
362 89
363 75
364 67
365 74
366 71
367 69
368 74
369 51
370 58
371 72
372 71
373 71
374 63
375 81
376 63
377 70
378 66
379 54
380 73
381 62
382 63
383 66
384 61
385 55
386 66
387 60
388 57
389 85
390 53
391 53
392 58
393 59
394 57
395 66
396 67
397 62
398 64
399 58
400 51
401 55
402 58
403 51
404 66
405 59
406 67
407 58
408 51
409 39
410 58
411 68
412 52
413 60
414 46
415 47
416 51
417 48
418 53
419 57
420 46
421 67
422 45
423 38
424 49
425 59
426 53
427 53
428 61
429 50
430 57
431 46
432 64
433 39
434 38
435 45
436 44
437 43
438 42
439 50
440 45
441 43
442 48
443 36
444 38
445 44
446 47
447 52
448 45
449 36
450 47
451 37
452 48
453 39
454 40
455 36
456 41
457 45
458 38
459 29
460 33
461 45
462 42
463 46
464 34
465 46
466 39
467 48
468 43
469 35
470 35
471 38
472 38
473 41
474 47
475 47
476 34
477 32
478 28
479 40
480 36
481 35
482 36
483 37
484 48
485 44
486 34
487 33
488 29
489 42
490 40
491 33
492 38
493 43
494 44
495 25
496 44
497 26
498 31
499 33
500 36
501 39
502 31
503 28
504 35
505 33
506 37
507 34
508 36
509 34
510 31
511 36
512 32
513 31
514 29
515 39
516 49
517 30
518 29
519 39
520 41
521 46
522 35
523 29
524 41
525 31
526 32
527 39
528 33
529 24
530 26
531 44
532 34
533 48
534 46
535 39
536 50
537 46
538 44
539 42
540 47
541 34
542 40
543 34
544 42
545 40
546 40
547 32
548 41
549 49
550 41
551 38
552 48
553 35
554 42
555 43
556 38
557 35
558 33
559 31
560 35
561 36
562 46
563 43
564 29
565 26
566 47
567 39
568 39
569 33
570 26
571 37
572 51
573 35
574 51
575 36
576 37
577 40
578 33
579 30
580 29
581 45
582 40
583 39
584 40
585 35
586 45
587 49
588 42
589 35
590 35
591 38
592 37
593 42
594 43
595 39
596 38
597 38
598 43
599 37
600 36
601 47
602 45
603 36
604 38
605 35
606 46
607 40
608 40
609 52
610 42
611 42
612 28
613 44
614 32
615 44
616 45
617 27
618 38
619 31
620 35
621 39
622 48
623 38
624 35
625 39
626 51
627 32
628 34
629 47
630 44
631 41
632 42
633 45
634 42
635 44
636 49
637 36
638 45
639 57
640 43
641 58
642 48
643 63
644 41
645 47
646 51
647 37
648 53
649 64
650 57
651 44
652 41
653 34
654 71
655 50
656 62
657 52
658 58
659 49
660 54
661 71
662 62
663 56
664 61
665 46
666 54
667 57
668 58
669 54
670 68
671 52
672 49
673 58
674 63
675 50
676 57
677 45
678 60
679 55
680 65
681 51
682 42
683 41
684 54
685 52
686 68
687 64
688 49
689 57
690 54
691 53
692 66
693 60
694 58
695 69
696 66
697 48
698 56
699 50
700 55
701 64
702 44
703 55
704 66
705 53
706 56
707 55
708 60
709 53
710 52
711 45
712 54
713 57
714 49
715 54
716 60
717 57
718 55
719 53
720 58
721 48
722 49
723 39
724 61
725 57
726 57
727 67
728 45
729 44
730 54
731 56
732 38
733 58
734 41
735 59
736 61
737 49
738 45
739 50
740 52
741 46
742 44
743 47
744 55
745 65
746 57
747 46
748 46
749 51
750 61
751 53
752 43
753 56
754 59
755 50
756 47
757 42
758 41
759 61
760 44
761 55
762 46
763 40
764 39
765 48
766 44
767 68
768 45
769 38
770 55
771 40
772 46
773 47
774 46
775 48
776 49
777 44
778 39
779 47
780 41
781 40
782 44
783 38
784 45
785 47
786 43
787 46
788 34
789 48
790 43
791 47
792 35
793 45
794 56
795 47
796 35
797 51
798 48
799 45
800 60
801 44
802 40
803 37
804 50
805 52
806 43
807 32
808 40
809 57
810 53
811 38
812 38
813 41
814 53
815 45
816 47
817 38
818 32
819 39
820 37
821 40
822 40
823 33
824 42
825 34
826 40
827 48
828 38
829 41
830 34
831 42
832 35
833 40
834 32
835 46
836 36
837 20
838 33
839 39
840 34
841 42
842 32
843 48
844 45
845 42
846 30
847 28
848 42
849 24
850 34
851 28
852 29
853 31
854 36
855 23
856 38
857 37
858 30
859 36
860 34
861 32
862 34
863 31
864 39
865 39
866 32
867 32
868 43
869 38
870 30
871 37
872 42
873 31
874 50
875 36
876 30
877 30
878 34
879 29
880 34
881 40
882 29
883 26
884 34
885 32
886 26
887 32
888 30
889 22
890 29
891 24
892 39
893 28
894 18
895 29
896 32
897 35
898 35
899 31
900 21
901 31
902 23
903 29
904 31
905 35
906 33
907 26
908 18
909 28
910 26
911 28
912 31
913 30
914 20
915 29
916 29
917 30
918 24
919 27
920 30
921 30
922 20
923 26
924 21
925 35
926 24
927 23
928 19
929 22
930 22
931 33
932 11
933 25
934 26
935 29
936 22
937 32
938 29
939 26
940 25
941 22
942 30
943 24
944 21
945 27
946 19
947 18
948 17
949 26
950 28
951 21
952 17
953 16
954 22
955 18
956 24
957 22
958 20
959 23
960 14
961 20
962 20
963 23
964 27
965 23
966 17
967 16
968 20
969 10
970 19
971 22
972 15
973 16
974 17
975 14
976 19
977 22
978 18
979 18
980 23
981 16
982 17
983 21
984 24
985 14
986 19
987 15
988 17
989 16
990 17
991 18
992 15
993 25
994 13
995 12
996 10
997 17
998 13
999 13
1000 20
1001 12
1002 19
1003 19
1004 12
1005 19
1006 15
1007 26
1008 13
1009 13
1010 22
1011 8
1012 10
1013 10
1014 13
1015 13
1016 15
1017 11
1018 19
1019 13
1020 17
1021 12
1022 17
1023 11
1024 16
1025 10
1026 10
1027 9
1028 17
1029 14
1030 11
1031 12
1032 17
1033 10
1034 15
1035 21
1036 8
1037 16
1038 12
1039 6
1040 15
1041 14
1042 9
1043 14
1044 9
1045 11
1046 11
1047 9
1048 6
1049 6
1050 9
1051 8
1052 6
1053 12
1054 12
1055 13
1056 6
1057 11
1058 6
1059 7
1060 12
1061 8
1062 10
1063 9
1064 9
1065 14
1066 8
1067 8
1068 13
1069 12
1070 4
1071 8
1072 5
1073 9
1074 11
1075 8
1076 7
1077 5
1078 11
1079 12
1080 7
1081 9
1082 5
1083 4
1084 9
1085 4
1086 6
1087 7
1088 10
1089 5
1090 8
1091 8
1092 9
1093 7
1094 4
1095 10
1096 5
1097 4
1098 8
1099 10
1100 8
1101 3
1102 6
1103 5
1104 8
1105 4
1106 8
1107 4
1108 14
1109 5
1110 6
1111 4
1112 6
1113 2
1114 11
1115 9
1116 8
1117 3
1118 5
1119 9
1120 7
1121 4
1122 5
1123 8
1124 1
1125 10
1126 7
1127 4
1128 7
1129 14
1130 5
1131 3
1132 4
1133 4
1134 6
1135 6
1136 6
1137 8
1138 4
1139 5
1140 2
1141 2
1142 3
1143 2
1144 5
1145 7
1146 4
1147 6
1148 6
1150 1
1151 2
1152 5
1153 3
1154 2
1155 3
1156 6
1157 3
1158 2
1159 7
1160 7
1161 4
1162 2
1163 5
1164 2
1165 7
1166 1
1167 6
1168 1
1169 7
1170 2
1171 5
1173 5
1174 1
1175 1
1176 3
1177 6
1178 3
1179 3
1180 3
1181 2
1183 1
1184 3
1185 6
1186 5
1187 1
1190 3
1191 2
1192 1
1193 1
1194 4
1195 2
1196 3
1197 2
1198 3
1199 1
1200 5
1201 6
1202 5
1203 5
1204 2
1205 5
1206 3
1207 4
1208 5
1209 3
1210 2
1211 2
1212 3
1213 2
1214 2
1215 3
1216 1
1217 2
1218 4
1219 1
1220 2
1222 1
1223 2
1224 4
1225 4
1226 5
1227 4
1228 1
1229 1
1230 1
1231 2
1232 3
1234 2
1235 1
1236 1
1237 2
1238 3
1239 2
1240 2
1241 3
1243 3
1244 3
1245 2
1246 1
1247 3
1248 1
1249 2
1251 2
1252 1
1254 2
1258 2
1259 2
1260 1
1262 2
1264 2
1265 1
1266 2
1267 4
1269 1
1270 1
1271 2
1272 1
1274 1
1275 2
1277 6
1278 2
1279 1
1280 1
1281 1
1283 1
1284 2
1286 1
1287 3
1288 3
1289 1
1293 1
1295 1
1297 1
1299 1
1302 1
1303 1
1304 1
1308 3
1311 1
1314 2
1316 2
1317 1
1318 3
1319 1
1321 2
1323 1
1326 2
1327 1
1335 3
1337 2
1338 1
1339 1
1340 3
1341 2
1344 1
1348 1
1352 1
1353 1
1354 2
1355 1
1356 1
1357 1
1358 2
1360 1
1362 1
1366 1
1369 1
1377 1
1380 1
1384 1
1385 1
1391 1
1400 1
1411 1
1412 1
1417 1
1418 1
1425 1
1434 1
1450 1
